{
"lowlevel": {
    "average_loudness": 0.927129924297,
    "barkbands_crest": {
        "dmean": 2.73069596291,
        "dmean2": 4.18543243408,
        "dvar": 9.88294792175,
        "dvar2": 22.0053310394,
        "max": 26.5734539032,
        "mean": 15.3511590958,
        "median": 15.0811882019,
        "min": 2.51180529594,
        "stdev": 5.71068286896,
        "var": 32.6119003296
    },
    "barkbands_flatness_db": {
        "dmean": 0.0440149381757,
        "dmean2": 0.060209132731,
        "dvar": 0.00270239287056,
        "dvar2": 0.00459240749478,
        "max": 0.867866754532,
        "mean": 0.284056454897,
        "median": 0.245712429285,
        "min": 0.0384040437639,
        "stdev": 0.149921864271,
        "var": 0.0224765632302
    },
    "barkbands_kurtosis": {
        "dmean": 32.9606895447,
        "dmean2": 49.6541442871,
        "dvar": 6248.59130859,
        "dvar2": 11831.0126953,
        "max": 1178.77392578,
        "mean": 50.6872749329,
        "median": 13.571346283,
        "min": -1.81243562698,
        "stdev": 114.384780884,
        "var": 13083.8779297
    },
    "barkbands_skewness": {
        "dmean": 1.66043233871,
        "dmean2": 2.43408989906,
        "dvar": 5.40799617767,
        "dvar2": 10.9316997528,
        "max": 27.5069503784,
        "mean": 3.88737726212,
        "median": 3.02555131912,
        "min": -5.09642839432,
        "stdev": 3.90021681786,
        "var": 15.2116909027
    },
    "barkbands_spread": {
        "dmean": 6.28748989105,
        "dmean2": 10.4195756912,
        "dvar": 152.651672363,
        "dvar2": 350.951263428,
        "max": 105.665138245,
        "mean": 11.781876564,
        "median": 6.9233045578,
        "min": 0.0821223556995,
        "stdev": 14.884106636,
        "var": 221.536636353
    },
    "dissonance": {
        "dmean": 0.0400297604501,
        "dmean2": 0.0628384277225,
        "dvar": 0.00151969364379,
        "dvar2": 0.00316238077357,
        "max": 0.499625474215,
        "mean": 0.401962161064,
        "median": 0.41173017025,
        "min": 0.0659930408001,
        "stdev": 0.0698610618711,
        "var": 0.00488056754693
    },
    "dynamic_complexity": 4.42429733276,
    "erbbands_crest": {
        "dmean": 3.38742089272,
        "dmean2": 5.36827850342,
        "dvar": 12.1035556793,
        "dvar2": 27.3438072205,
        "max": 33.4458198547,
        "mean": 13.3668355942,
        "median": 12.3665828705,
        "min": 2.18637752533,
        "stdev": 5.84968614578,
        "var": 34.2188301086
    },
    "erbbands_flatness_db": {
        "dmean": 0.029277978465,
        "dmean2": 0.041571278125,
        "dvar": 0.00126482953783,
        "dvar2": 0.00216830498539,
        "max": 0.565132498741,
        "mean": 0.213093772531,
        "median": 0.191760361195,
        "min": 0.0584045276046,
        "stdev": 0.0909011885524,
        "var": 0.00826302636415
    },
    "erbbands_kurtosis": {
        "dmean": 6.66847229004,
        "dmean2": 10.0786895752,
        "dvar": 192.10295105,
        "dvar2": 402.813446045,
        "max": 275.384216309,
        "mean": 10.2913722992,
        "median": 3.60100221634,
        "min": -1.88849234581,
        "stdev": 21.6947460175,
        "var": 470.661987305
    },
    "erbbands_skewness": {
        "dmean": 0.883230686188,
        "dmean2": 1.3295828104,
        "dvar": 1.3705098629,
        "dvar2": 2.86819887161,
        "max": 14.3278894424,
        "mean": 1.83495795727,
        "median": 1.56760573387,
        "min": -4.71262741089,
        "stdev": 1.93761992455,
        "var": 3.75437116623
    },
    "erbbands_spread": {
        "dmean": 14.2183332443,
        "dmean2": 22.7020988464,
        "dvar": 452.091369629,
        "dvar2": 1048.84387207,
        "max": 188.551849365,
        "mean": 35.0993385315,
        "median": 26.9942531586,
        "min": 0.315941751003,
        "stdev": 29.9744873047,
        "var": 898.469909668
    },
    "hfc": {
        "dmean": 9.77363872528,
        "dmean2": 15.2390480042,
        "dvar": 941.143798828,
        "dvar2": 2379.68408203,
        "max": 341.229675293,
        "mean": 17.8705635071,
        "median": 10.2287864685,
        "min": 1.15569320907e-16,
        "stdev": 30.8004760742,
        "var": 948.669372559
    },
    "loudness_ebu128": {
        "integrated": -9.96845722198,
        "loudness_range": 2.22873878479,
        "momentary": {
            "dmean": 1.22292566299,
            "dmean2": 1.40844762325,
            "dvar": 3.57027339935,
            "dvar2": 4.26478624344,
            "max": -6.44920825958,
            "mean": -11.6160497665,
            "median": -10.7575511932,
            "min": -29.7892513275,
            "stdev": 4.36237335205,
            "var": 19.0303020477
        },
        "short_term": {
            "dmean": 0.145078033209,
            "dmean2": 0.128355666995,
            "dvar": 0.013609754853,
            "dvar2": 0.0125749204308,
            "max": -8.49705696106,
            "mean": -10.340918541,
            "median": -10.4628143311,
            "min": -11.8564662933,
            "stdev": 0.753112971783,
            "var": 0.567179143429
        }
    },
    "melbands_crest": {
        "dmean": 3.19443225861,
        "dmean2": 4.82248592377,
        "dvar": 14.0719938278,
        "dvar2": 31.3824863434,
        "max": 38.4260063171,
        "mean": 19.1081771851,
        "median": 18.9625396729,
        "min": 1.93671643734,
        "stdev": 6.9835896492,
        "var": 48.770526886
    },
    "melbands_flatness_db": {
        "dmean": 0.0504861883819,
        "dmean2": 0.0686363875866,
        "dvar": 0.00431996257976,
        "dvar2": 0.00723600992933,
        "max": 1,
        "mean": 0.35293290019,
        "median": 0.315351873636,
        "min": 0.00443604309112,
        "stdev": 0.190281793475,
        "var": 0.0362071618438
    },
    "melbands_kurtosis": {
        "dmean": 55.7066307068,
        "dmean2": 83.8832473755,
        "dvar": 29020.4335938,
        "dvar2": 70626.3515625,
        "max": 3424.16967773,
        "mean": 78.9370269775,
        "median": 22.3353805542,
        "min": -1.81902170181,
        "stdev": 198.57258606,
        "var": 39431.0703125
    },
    "melbands_skewness": {
        "dmean": 1.82380628586,
        "dmean2": 2.75769042969,
        "dvar": 8.38727855682,
        "dvar2": 19.0782222748,
        "max": 43.6512565613,
        "mean": 4.30626773834,
        "median": 3.23032617569,
        "min": -4.05717611313,
        "stdev": 4.26664543152,
        "var": 18.2042617798
    },
    "melbands_spread": {
        "dmean": 9.33504104614,
        "dmean2": 15.0319004059,
        "dvar": 698.370117188,
        "dvar2": 1472.27502441,
        "max": 242.611297607,
        "mean": 15.236328125,
        "median": 6.11908483505,
        "min": 0.0604912675917,
        "stdev": 31.407207489,
        "var": 986.412719727
    },
    "pitch_salience": {
        "dmean": 0.0836259797215,
        "dmean2": 0.126433223486,
        "dvar": 0.0098225902766,
        "dvar2": 0.0215319059789,
        "max": 0.930661380291,
        "mean": 0.459320664406,
        "median": 0.454695999622,
        "min": 0.0138101289049,
        "stdev": 0.193509086967,
        "var": 0.037445768714
    },
    "silence_rate_20dB": {
        "dmean": 0.0216718260199,
        "dmean2": 0.0433772280812,
        "dvar": 0.0212018676102,
        "dvar2": 0.0507905632257,
        "max": 1,
        "mean": 0.978344917297,
        "median": 1,
        "min": 0,
        "stdev": 0.145555242896,
        "var": 0.0211863294244
    },
    "silence_rate_30dB": {
        "dmean": 0.0650154799223,
        "dmean2": 0.130131676793,
        "dvar": 0.0607881695032,
        "dvar2": 0.137986436486,
        "max": 1,
        "mean": 0.857695281506,
        "median": 1,
        "min": 0,
        "stdev": 0.349360615015,
        "var": 0.122052848339
    },
    "silence_rate_60dB": {
        "dmean": 0.0410216711462,
        "dmean2": 0.0813323035836,
        "dvar": 0.039338644594,
        "dvar2": 0.0809138044715,
        "max": 1,
        "mean": 0.144624903798,
        "median": 0,
        "min": 0,
        "stdev": 0.35172393918,
        "var": 0.123709738255
    },
    "spectral_centroid": {
        "dmean": 309.311981201,
        "dmean2": 473.047332764,
        "dvar": 468657,
        "dvar2": 767453.625,
        "max": 10628.7773438,
        "mean": 870.768737793,
        "median": 534.546691895,
        "min": 52.9385108948,
        "stdev": 1000.80926514,
        "var": 1001619.1875
    },
    "spectral_complexity": {
        "dmean": 2.6431889534,
        "dmean2": 3.95120072365,
        "dvar": 25.4739646912,
        "dvar2": 47.3543815613,
        "max": 55,
        "mean": 7.84300088882,
        "median": 6,
        "min": 0,
        "stdev": 7.51420783997,
        "var": 56.4633178711
    },
    "spectral_decrease": {
        "dmean": 3.94328747433e-09,
        "dmean2": 5.92502047425e-09,
        "dvar": 8.65459024056e-17,
        "dvar2": 1.56690269102e-16,
        "max": -5.72247411589e-29,
        "mean": -1.4362195877e-08,
        "median": -6.7501320089e-09,
        "min": -1.14455168898e-07,
        "stdev": 1.93593976405e-08,
        "var": 3.74786271125e-16
    },
    "spectral_energy": {
        "dmean": 0.0155053725466,
        "dmean2": 0.0234266016632,
        "dvar": 0.00132062472403,
        "dvar2": 0.00246429303661,
        "max": 0.434015512466,
        "mean": 0.0558272525668,
        "median": 0.0275485999882,
        "min": 1.0698451928e-20,
        "stdev": 0.0737248286605,
        "var": 0.00543535035104
    },
    "spectral_energyband_high": {
        "dmean": 0.000741398194805,
        "dmean2": 0.00116617430467,
        "dvar": 7.12220207788e-06,
        "dvar2": 1.79555263458e-05,
        "max": 0.031004557386,
        "mean": 0.000903294712771,
        "median": 0.000190196980839,
        "min": 7.52660040415e-21,
        "stdev": 0.00279355747625,
        "var": 7.80396294431e-06
    },
    "spectral_energyband_low": {
        "dmean": 0.0111905140802,
        "dmean2": 0.0155991464853,
        "dvar": 0.000999220763333,
        "dvar2": 0.00151922390796,
        "max": 0.43144351244,
        "mean": 0.040467582643,
        "median": 0.000492404855322,
        "min": 5.01579662318e-23,
        "stdev": 0.0724376216531,
        "var": 0.00524720922112
    },
    "spectral_energyband_middle_high": {
        "dmean": 0.00227790512145,
        "dmean2": 0.00376819353551,
        "dvar": 0.000104291772004,
        "dvar2": 0.000275351951132,
        "max": 0.107201159,
        "mean": 0.00280563835986,
        "median": 0.000420563330408,
        "min": 1.78162405287e-21,
        "stdev": 0.00904356501997,
        "var": 8.17860709503e-05
    },
    "spectral_energyband_middle_low": {
        "dmean": 0.00662176730111,
        "dmean2": 0.0107802757993,
        "dvar": 0.000347682886058,
        "dvar2": 0.000977036077529,
        "max": 0.19901829958,
        "mean": 0.0130412699655,
        "median": 0.00983784161508,
        "min": 5.04792623365e-22,
        "stdev": 0.0170932579786,
        "var": 0.00029217946576
    },
    "spectral_entropy": {
        "dmean": 0.370533823967,
        "dmean2": 0.514576911926,
        "dvar": 0.233061343431,
        "dvar2": 0.411244779825,
        "max": 9.80534172058,
        "mean": 6.76097774506,
        "median": 6.93332195282,
        "min": 3.16579198837,
        "stdev": 1.14290332794,
        "var": 1.30622792244
    },
    "spectral_flux": {
        "dmean": 0.0380238071084,
        "dmean2": 0.0575832352042,
        "dvar": 0.00346063799225,
        "dvar2": 0.00601578364149,
        "max": 0.611054718494,
        "mean": 0.0809548944235,
        "median": 0.055962394923,
        "min": 1.03433324405e-10,
        "stdev": 0.0891078710556,
        "var": 0.00794021226466
    },
    "spectral_kurtosis": {
        "dmean": 12.7203855515,
        "dmean2": 20.2886257172,
        "dvar": 3630.22998047,
        "dvar2": 11048.3652344,
        "max": 1133.3885498,
        "mean": 22.2584056854,
        "median": 3.60354566574,
        "min": -1.23438537121,
        "stdev": 75.7741165161,
        "var": 5741.71630859
    },
    "spectral_rms": {
        "dmean": 0.000980031210929,
        "dmean2": 0.00140880001709,
        "dvar": 2.91192304758e-06,
        "dvar2": 5.40063047083e-06,
        "max": 0.0205774083734,
        "mean": 0.00606514839455,
        "median": 0.00518427276984,
        "min": 3.23071409035e-12,
        "stdev": 0.00420470070094,
        "var": 1.76795074367e-05
    },
    "spectral_rolloff": {
        "dmean": 673.547607422,
        "dmean2": 1160.0760498,
        "dvar": 3603154.5,
        "dvar2": 7440195,
        "max": 19099.9511719,
        "mean": 1182.66296387,
        "median": 452.197265625,
        "min": 21.533203125,
        "stdev": 2342.38061523,
        "var": 5486747
    },
    "spectral_skewness": {
        "dmean": 0.650968551636,
        "dmean2": 0.94512784481,
        "dvar": 2.22375893593,
        "dvar2": 5.57728528976,
        "max": 27.6947498322,
        "mean": 2.63579511642,
        "median": 1.74039101601,
        "min": 0.0123754283413,
        "stdev": 3.12724685669,
        "var": 9.77967262268
    },
    "spectral_spread": {
        "dmean": 999516.75,
        "dmean2": 1461703.5,
        "dvar": 2.31351150182e+12,
        "dvar2": 3.90279279411e+12,
        "max": 40727204,
        "mean": 5985690.5,
        "median": 6039539.5,
        "min": 101934.914062,
        "stdev": 2656569.25,
        "var": 7.05736055194e+12
    },
    "spectral_strongpeak": {
        "dmean": 0.38607275486,
        "dmean2": 0.626934766769,
        "dvar": 0.461599349976,
        "dvar2": 1.13598287106,
        "max": 6.39575958252,
        "mean": 0.950068593025,
        "median": 0.699712812901,
        "min": 0,
        "stdev": 0.93119597435,
        "var": 0.867125928402
    },
    "zerocrossingrate": {
        "dmean": 0.0162334628403,
        "dmean2": 0.0183035489172,
        "dvar": 0.000949774112087,
        "dvar2": 0.00102392712142,
        "max": 0.48828125,
        "mean": 0.0493549257517,
        "median": 0.02978515625,
        "min": 0.001953125,
        "stdev": 0.0612797103822,
        "var": 0.00375520298257
    },
    "barkbands": {
        "dmean": [0.00102787592914, 0.00992725882679, 0.00320476759225, 0.00214007287286, 0.0018884211313, 0.000782138027716, 0.00175805506296, 0.000917808210943, 0.000477023044368, 0.000928476802073, 0.000361236336175, 0.000454114488093, 0.000263631896814, 0.00028309065965, 0.000145184312714, 8.62337765284e-05, 7.26055513951e-05, 4.26754595537e-05, 8.29069904285e-05, 7.84748845035e-05, 0.000191712199012, 0.000172107684193, 0.000106623461761, 0.000141175070894, 0.000136177142849, 3.86602623621e-05, 6.92165372129e-07],
        "dmean2": [0.00113582855556, 0.01448679436, 0.00548070808873, 0.00389601406641, 0.0030048857443, 0.00120693608187, 0.00260270130821, 0.00134636554867, 0.000721373478882, 0.00153758353554, 0.000629342801403, 0.000818070548121, 0.000414559268393, 0.000480701593915, 0.000234114122577, 0.000140557516715, 0.000119705589896, 6.83057151036e-05, 0.000133232460939, 0.000120878969028, 0.000331663177349, 0.000306146917865, 0.000163553049788, 0.000222955233767, 0.000218877117732, 6.37945486233e-05, 1.16588842047e-06],
        "dvar": [1.49421694005e-05, 0.000933125556912, 0.000215223175474, 0.000137059672852, 2.67964205705e-05, 2.46780336965e-06, 1.40494030347e-05, 5.45967441212e-06, 2.43592648985e-06, 1.87358236872e-05, 3.30660714098e-06, 6.80418497723e-06, 6.90056197072e-07, 1.34004915253e-06, 2.57310034613e-07, 1.08275216348e-07, 7.06007270423e-08, 1.48436676284e-08, 7.24915452111e-08, 2.70192881402e-08, 8.35945172639e-07, 1.03845104604e-06, 1.25226662817e-07, 1.97900746457e-07, 1.45128382201e-07, 1.66867106799e-08, 9.67280769371e-12],
        "dvar2": [1.73195330717e-05, 0.00162305415142, 0.000591786752921, 0.000401655765017, 6.8407098297e-05, 5.89498858972e-06, 2.89878062176e-05, 1.24529315144e-05, 5.93129971094e-06, 4.97862783959e-05, 9.171460988e-06, 1.96212022274e-05, 1.5917444216e-06, 3.69504823539e-06, 6.54389964438e-07, 2.79773701095e-07, 1.76813742314e-07, 3.4859901632e-08, 1.90950459e-07, 6.50900702226e-08, 2.38204393099e-06, 2.9834243378e-06, 2.74751471352e-07, 4.3735551003e-07, 3.09644349272e-07, 4.16220800048e-08, 2.572879583e-11],
        "max": [0.0550606735051, 0.371659755707, 0.15652269125, 0.133319184184, 0.0774163976312, 0.0213049575686, 0.0494766570628, 0.0267213843763, 0.019231474027, 0.0483504422009, 0.0225038938224, 0.0313376560807, 0.0135667286813, 0.0123028932139, 0.00539246061817, 0.00364127312787, 0.00341537152417, 0.00132593174931, 0.00299568776973, 0.00197993475012, 0.0102820182219, 0.0123642412946, 0.00515503808856, 0.00582783436403, 0.00460563134402, 0.00147129117977, 4.53640204796e-05],
        "mean": [0.00212396192364, 0.0322684161365, 0.0048633441329, 0.00224184244871, 0.00350211141631, 0.00135929335374, 0.00363437575288, 0.00141320901457, 0.000650610018056, 0.000944625004195, 0.00031801519799, 0.000399368494982, 0.000380587152904, 0.000270738382824, 0.000160833238624, 9.01833118405e-05, 7.70940823713e-05, 5.12010337843e-05, 0.000102335230622, 0.00011542988068, 0.000194487874978, 0.000141958749737, 0.000128489133203, 0.000176290341187, 0.000174655258888, 4.31042499258e-05, 6.02289901508e-07],
        "median": [7.00420241628e-06, 0.000148627703311, 2.38513348449e-05, 0.000460723997094, 0.00159404671285, 0.000304162997054, 0.000222912334721, 7.70663900767e-05, 3.89749911847e-05, 3.75215022359e-05, 2.30295354413e-05, 2.93264838547e-05, 1.68557908182e-05, 9.13462645258e-06, 5.37496271136e-06, 5.19727836945e-06, 6.20196942691e-06, 6.94440132065e-06, 8.74678153195e-06, 3.1234430935e-05, 3.9183334593e-05, 1.69111463038e-05, 1.65906640177e-05, 2.44764396484e-05, 3.63602957805e-05, 9.96962080535e-06, 2.07454906587e-08],
        "min": [5.69635276369e-24, 2.8584747243e-23, 8.7930672679e-24, 1.49979970795e-23, 1.15380777616e-22, 2.97024684824e-23, 7.62660625748e-23, 1.09792953969e-22, 7.32878223568e-23, 1.23852462162e-22, 8.42766926318e-23, 9.54261749872e-23, 1.44629505928e-22, 2.56520703687e-22, 1.48484549265e-22, 1.84540452991e-22, 1.16303416709e-22, 1.88482056457e-22, 2.95066971871e-22, 2.9955757204e-22, 3.3870933199e-22, 5.68539652701e-22, 6.52822359608e-22, 8.12982883307e-22, 1.12069624212e-21, 1.61845914295e-21, 2.50466977527e-21],
        "stdev": [0.00716384965926, 0.0619347468019, 0.0130381472409, 0.00878906995058, 0.00569681404158, 0.00228818948381, 0.00710297795013, 0.00325500988401, 0.00189264200162, 0.00381638482213, 0.00145180139225, 0.00200425763614, 0.00132297934033, 0.000973401241936, 0.000503827468492, 0.000310595525661, 0.000249022385105, 0.000135458787554, 0.000297552469419, 0.000225109019084, 0.000747593701817, 0.000810839701444, 0.00044113540207, 0.000564417045098, 0.000475421256851, 0.000134623405756, 2.98050872516e-06],
        "var": [5.1320741477e-05, 0.00383591302671, 0.000169993276359, 7.72477578721e-05, 3.24536922562e-05, 5.23581138623e-06, 5.04522940901e-05, 1.05950894067e-05, 3.58209376827e-06, 1.45647927638e-05, 2.10772714127e-06, 4.01704892283e-06, 1.75027423666e-06, 9.47509988691e-07, 2.53842102893e-07, 9.64695772154e-08, 6.20121554107e-08, 1.83490822536e-08, 8.85374689119e-08, 5.06740676087e-08, 5.58896374514e-07, 6.57461043829e-07, 1.94600431769e-07, 3.18566605984e-07, 2.26025363759e-07, 1.8123460066e-08, 8.8834321843e-12]
    },
    "erbbands": {
        "dmean": [0.456926435232, 2.15712928772, 3.72307038307, 5.6969203949, 7.05566263199, 6.37231349945, 4.64747095108, 7.16249418259, 22.1459007263, 25.4455928802, 17.7116794586, 11.2091321945, 26.9326648712, 18.2655925751, 14.4823703766, 17.0286464691, 13.7949857712, 12.5728254318, 10.8952083588, 6.8456735611, 4.0170507431, 3.7643430233, 2.51663255692, 3.17280960083, 4.32856321335, 3.54403042793, 4.20268058777, 10.4241905212, 6.76536655426, 2.91221308708, 3.33229994774, 3.02675652504, 2.37082099915, 1.71311223507, 0.889539241791, 0.287235528231, 0.0438793897629, 0.00392846670002, 0.000115988885227, 2.22159815166e-05],
        "dmean2": [0.520142376423, 3.43226504326, 5.93402910233, 10.257973671, 11.9998903275, 9.84185695648, 7.22272443771, 10.8058748245, 32.9157066345, 37.5199165344, 26.2451534271, 17.2592067719, 44.871837616, 30.1647396088, 25.255437851, 30.6050033569, 22.2862491608, 21.0179920197, 18.1996116638, 10.8455171585, 6.52484989166, 5.99019956589, 3.97140812874, 5.2950925827, 6.58351516724, 5.48654842377, 6.86539936066, 18.2728042603, 12.0603218079, 4.78879308701, 4.98883056641, 4.68098974228, 3.72885894775, 2.81905388832, 1.37760007381, 0.467764109373, 0.0690064653754, 0.00622327020392, 0.000187038080185, 3.38226418535e-05],
        "dvar": [2.32131886482, 48.6047058105, 221.840118408, 974.609741211, 850.138366699, 263.708129883, 125.27217865, 200.967559814, 2119.35400391, 4305.49755859, 2128.89453125, 1631.78930664, 16150.2861328, 6209.59423828, 5745.26855469, 10477.2050781, 2174.34912109, 2276.85229492, 2015.59960938, 507.200042725, 217.496002197, 154.779998779, 54.317855835, 170.432281494, 109.555328369, 57.5161743164, 223.932800293, 3041.93041992, 1626.44946289, 141.686340332, 132.945526123, 107.998985291, 49.4935646057, 24.2022361755, 6.05982875824, 0.917198896408, 0.0165238101035, 0.000162430980708, 1.57875476248e-07, 2.54185006376e-09],
        "dvar2": [2.2965323925, 121.30280304, 553.046875, 2833.91796875, 2389.84741211, 634.890563965, 296.269195557, 495.191467285, 4394.00683594, 9030.51171875, 4940.68066406, 4005.95166016, 43176.7265625, 16655.625, 16259.7832031, 30145.4199219, 5211.27441406, 6222.41455078, 5434.63574219, 1250.60510254, 549.682678223, 376.978057861, 124.282775879, 462.612884521, 252.007629395, 136.344360352, 607.12890625, 8785.99804688, 4666.44726562, 376.031433105, 275.797027588, 229.338272095, 112.610298157, 55.7438621521, 12.3658285141, 2.31385731697, 0.0367255844176, 0.000358695891919, 3.89561819247e-07, 5.34695665522e-09],
        "max": [21.304599762, 77.9091491699, 163.308517456, 340.86907959, 366.586425781, 218.183685303, 118.490249634, 205.285858154, 785.851501465, 1096.59838867, 672.883728027, 570.742736816, 1435.93469238, 800.426452637, 862.683044434, 1309.34118652, 705.92767334, 521.197631836, 512.633911133, 239.361373901, 163.092819214, 155.197723389, 88.5563354492, 156.244247437, 142.898605347, 75.5455780029, 194.971298218, 590.409790039, 502.203094482, 138.794403076, 205.955856323, 191.898330688, 83.6545944214, 54.4051551819, 36.3831253052, 11.555768013, 1.76992249489, 0.272052556276, 0.00588943855837, 0.00046802291763],
        "mean": [1.15487837791, 6.19161987305, 6.88551092148, 7.25184297562, 10.5148611069, 10.8321819305, 7.92658948898, 14.5876083374, 43.3000259399, 46.8150634766, 27.9513454437, 15.3971805573, 28.065279007, 18.7448768616, 13.5712795258, 14.6853160858, 18.7048664093, 13.3080511093, 10.8599634171, 8.12714004517, 4.73828935623, 4.41398763657, 3.10311675072, 3.3811917305, 6.46943044662, 5.31326150894, 4.92772388458, 9.66876220703, 5.64723205566, 2.77601003647, 4.09293031693, 3.93085598946, 2.71812701225, 1.98483383656, 1.21807956696, 0.326964944601, 0.052297309041, 0.0045272577554, 0.000152913155034, 7.02680044924e-05],
        "median": [0.00476290332153, 0.0262522604316, 0.079614572227, 1.25970089436, 3.98822116852, 3.59911775589, 1.54341602325, 3.98516368866, 8.75067520142, 6.02485513687, 4.14083337784, 1.78305590153, 1.68644595146, 2.04211068153, 1.52853882313, 1.18484294415, 0.93949919939, 0.625037193298, 0.386002480984, 0.336440205574, 0.29764431715, 0.389149546623, 0.4751124084, 0.281487584114, 0.962258160114, 1.42160880566, 1.20613873005, 1.45866191387, 0.742353916168, 0.402027994394, 0.499134927988, 0.555804610252, 0.358577430248, 0.367869973183, 0.256515413523, 0.0735354274511, 0.012027643621, 0.000784375180956, 5.17329754075e-05, 4.30562940892e-05],
        "min": [8.61620285435e-22, 5.50764761106e-21, 1.37255969278e-20, 3.46604703284e-20, 1.61596156237e-19, 4.61560784745e-19, 3.69110840186e-19, 3.11354298083e-19, 8.60435341129e-19, 1.27573853166e-18, 2.83831455523e-18, 1.73801503443e-18, 4.59439935014e-18, 2.46263124809e-18, 4.35928442796e-18, 4.13716575397e-18, 6.51434676324e-18, 9.92976393194e-18, 8.40441393107e-18, 1.15561490815e-17, 8.89008392874e-18, 7.65823249846e-18, 9.62126774967e-18, 1.02989354665e-17, 1.91033590526e-17, 1.5514773277e-17, 1.59593778931e-17, 9.9443959298e-18, 1.7597630603e-17, 2.10278658852e-17, 1.87910338512e-17, 1.68925947884e-17, 1.54940507483e-17, 1.26047154861e-17, 7.51631394794e-18, 6.26727329094e-18, 2.89359420838e-18, 1.14989210045e-18, 2.97526500728e-19, 4.26836860616e-20],
        "stdev": [3.06890130043, 10.6596641541, 15.8175926208, 23.9608840942, 25.115026474, 19.9000453949, 15.9716262817, 23.3253002167, 80.3652954102, 104.127685547, 60.1267242432, 48.7180213928, 109.975349426, 67.2561264038, 59.3820610046, 78.5177078247, 66.5552139282, 41.964931488, 38.7647132874, 23.9274406433, 14.6628360748, 12.3117389679, 8.21980571747, 11.9118080139, 15.4365844727, 10.4753303528, 13.7277593613, 43.8259887695, 31.8928985596, 11.1185598373, 14.6453504562, 13.5421295166, 8.52589130402, 5.62342071533, 3.28683114052, 1.00741827488, 0.152188152075, 0.0159106403589, 0.000434678804595, 8.63153109094e-05],
        "var": [9.41815567017, 113.628433228, 250.196228027, 574.123962402, 630.764526367, 396.01184082, 255.092834473, 544.069641113, 6458.58105469, 10842.5742188, 3615.22314453, 2373.44555664, 12094.5771484, 4523.38671875, 3526.22900391, 6165.03027344, 4429.59619141, 1761.05554199, 1502.703125, 572.522399902, 214.998764038, 151.578918457, 67.5652008057, 141.891174316, 238.288131714, 109.732551575, 188.451370239, 1920.71728516, 1017.15698242, 123.622367859, 214.486297607, 183.389282227, 72.690826416, 31.6228618622, 10.8032588959, 1.01489150524, 0.0231612343341, 0.000253148464253, 1.88945662671e-07, 7.45033235106e-09]
    },
    "gfcc": {
        "mean": [-102.349853516, 85.9817657471, -69.2014541626, 23.8428611755, -77.9776535034, 9.71788692474, -41.0435028076, 4.97529029846, -29.0230846405, 10.0715713501, -13.2560997009, -5.3882188797, -5.94060468674],
        "cov": [[26314.09375, -4002.24536133, -3358.96289062, -53.0026359558, -1487.68774414, 634.419311523, -1066.97033691, 756.5703125, -1250.56994629, 434.638122559, -957.188964844, 62.8478927612, -593.389099121], [-4002.24536133, 3885.94384766, 1932.95043945, 94.8464660645, 1379.93261719, 146.178146362, 1067.77062988, 0.334726542234, 726.149719238, -131.864883423, 514.052734375, -169.735855103, 158.25352478], [-3358.96289062, 1932.95043945, 3506.91796875, 1360.59765625, 1536.41040039, 698.329284668, 1044.55700684, 237.022705078, 528.859008789, -97.6843719482, 408.225189209, -49.0274009705, 108.284248352], [-53.0026359558, 94.8464660645, 1360.59765625, 1284.3692627, 752.037902832, 504.125976562, 419.908172607, 232.817382812, 226.229675293, 38.0707473755, 127.027854919, 1.43007397652, 20.1675415039], [-1487.68774414, 1379.93261719, 1536.41040039, 752.037902832, 1468.09020996, 534.78137207, 738.684631348, 151.327575684, 459.325134277, -86.075958252, 202.469680786, -80.9814987183, 98.4401626587], [634.419311523, 146.178146362, 698.329284668, 504.125976562, 534.78137207, 611.277404785, 409.102172852, 225.424728394, 124.754570007, 62.1168022156, 103.455688477, 29.5784549713, 8.79722309113], [-1066.97033691, 1067.77062988, 1044.55700684, 419.908172607, 738.684631348, 409.102172852, 849.516235352, 230.708862305, 354.983612061, 86.489730835, 268.089080811, 68.7954788208, 64.7789916992], [756.5703125, 0.334726542234, 237.022705078, 232.817382812, 151.327575684, 225.424728394, 230.708862305, 303.775726318, 111.27571106, 134.514205933, 79.0359344482, 63.8382759094, 4.82092380524], [-1250.56994629, 726.149719238, 528.859008789, 226.229675293, 459.325134277, 124.754570007, 354.983612061, 111.27571106, 460.998931885, 86.5426559448, 155.021209717, -5.98889017105, 97.8423995972], [434.638122559, -131.864883423, -97.6843719482, 38.0707473755, -86.075958252, 62.1168022156, 86.489730835, 134.514205933, 86.5426559448, 239.235275269, 88.3307418823, 87.872718811, 9.57658290863], [-957.188964844, 514.052734375, 408.225189209, 127.027854919, 202.469680786, 103.455688477, 268.089080811, 79.0359344482, 155.021209717, 88.3307418823, 247.332962036, 72.8577270508, 53.811706543], [62.8478927612, -169.735855103, -49.0274009705, 1.43007397652, -80.9814987183, 29.5784549713, 68.7954788208, 63.8382759094, -5.98889017105, 87.872718811, 72.8577270508, 155.736923218, 13.3953752518], [-593.389099121, 158.25352478, 108.284248352, 20.1675415039, 98.4401626587, 8.79722309113, 64.7789916992, 4.82092380524, 97.8423995972, 9.57658290863, 53.811706543, 13.3953752518, 139.006149292]],
        "icov": [[7.71571867517e-05, -6.52241214993e-05, 8.53548044688e-05, -7.29694656911e-05, 1.35075388243e-05, -0.000151487547555, 6.81695892126e-05, -0.000221514943405, 0.000183939540875, -0.000157860180479, 0.000312558986479, -3.58065408363e-05, 8.75150799402e-05], [-6.52241214993e-05, 0.00122420117259, -0.000383444363251, 0.000834472826682, -0.000552030687686, 0.000802336202469, -0.000877970014699, 0.000302215863485, -0.000621494080406, 0.000601282576099, -0.00197004480287, 0.00159372913186, 0.000249399803579], [8.53548044688e-05, -0.000383444363251, 0.001018099254, -0.000874058110639, -5.30073884875e-05, -0.000319024344208, -0.000126497776364, -0.000221991795115, 0.0003154091537, 0.000360741600161, -1.3636093172e-05, -0.000131544045871, 3.00958909065e-05], [-7.29694656911e-05, 0.000834472826682, -0.000874058110639, 0.0023421801161, -0.000760709168389, -6.70267691021e-05, -2.39630899159e-05, -0.000190146325622, -0.000543131493032, -9.97788720269e-06, -0.00099492026493, 0.000769400328863, 0.000334265263518], [1.35075388243e-05, -0.000552030687686, -5.30073884875e-05, -0.000760709168389, 0.0027306356933, -0.00135710719042, -0.000564558489714, 0.000291203119559, -0.00105647440068, 0.00119517464191, 0.000818714150228, 0.000129436128191, -0.000425220147008], [-0.000151487547555, 0.000802336202469, -0.000319024344208, -6.70267691021e-05, -0.00135710719042, 0.00462880218402, -0.0015119590098, -0.0010150448652, 0.000685726350639, -0.000140738775372, -0.00123743433505, 0.00101841730066, 1.39880339702e-05], [6.81695892126e-05, -0.000877970014699, -0.000126497776364, -2.39630899159e-05, -0.000564558489714, -0.0015119590098, 0.00451297918335, -0.00122460687999, -0.000534060120117, -0.00035039652721, -4.19889329351e-05, -0.0023657544516, 0.000471681880299], [-0.000221514943405, 0.000302215863485, -0.000221991795115, -0.000190146325622, 0.000291203119559, -0.0010150448652, -0.00122460687999, 0.00717905489728, -0.00109592231456, -0.00204941048287, -0.000276568549452, -0.000476807472296, 0.000156165799126], [0.000183939540875, -0.000621494080406, 0.0003154091537, -0.000543131493032, -0.00105647440068, 0.000685726350639, -0.000534060120117, -0.00109592231456, 0.00580205954611, -0.00289676478133, 0.000798160850536, 0.00101216544863, -0.00197334913537], [-0.000157860180479, 0.000601282576099, 0.000360741600161, -9.97788720269e-06, 0.00119517464191, -0.000140738775372, -0.00035039652721, -0.00204941048287, -0.00289676478133, 0.0095794973895, -0.00368797918782, -0.00137546961196, 0.000698122079484], [0.000312558986479, -0.00197004480287, -1.3636093172e-05, -0.00099492026493, 0.000818714150228, -0.00123743433505, -4.19889329351e-05, -0.000276568549452, 0.000798160850536, -0.00368797918782, 0.0124781178311, -0.00508230179548, -0.00138873700052], [-3.58065408363e-05, 0.00159372913186, -0.000131544045871, 0.000769400328863, 0.000129436128191, 0.00101841730066, -0.0023657544516, -0.000476807472296, 0.00101216544863, -0.00137546961196, -0.00508230179548, 0.0125058079138, -0.00086886365898], [8.75150799402e-05, 0.000249399803579, 3.00958909065e-05, 0.000334265263518, -0.000425220147008, 1.39880339702e-05, 0.000471681880299, 0.000156165799126, -0.00197334913537, 0.000698122079484, -0.00138873700052, -0.00086886365898, 0.00924887321889]]
    },
    "melbands": {
        "dmean": [0.00321063143201, 0.00195081904531, 0.00100327003747, 0.000463449192466, 0.000178442322067, 0.000172234838828, 0.000339971389621, 0.000270822376478, 0.000130471671582, 6.78702417645e-05, 0.000139662079164, 8.17951367935e-05, 4.97884357173e-05, 4.91072896693e-05, 3.58554243576e-05, 2.97967453662e-05, 2.35986008192e-05, 2.03244289878e-05, 1.12503230412e-05, 7.44704266253e-06, 4.44714214609e-06, 4.15659224018e-06, 3.1839622352e-06, 1.72789691533e-06, 2.72938541457e-06, 3.16474256579e-06, 3.39432631336e-06, 2.17510114453e-06, 2.01447005566e-06, 4.42418604507e-06, 6.98240091879e-06, 5.01518525198e-06, 1.43724162172e-06, 1.64839207173e-06, 2.0371469418e-06, 1.8386327838e-06, 1.8900645955e-06, 1.78551476893e-06, 1.5006604599e-06, 1.52835548306e-06],
        "dmean2": [0.00395658845082, 0.00307889236137, 0.00178792455699, 0.000749245809857, 0.000276059901807, 0.000259216845734, 0.000505317584611, 0.000396119226934, 0.000196128254174, 0.000103493366623, 0.00023249728838, 0.00013431206753, 8.74545075931e-05, 8.82771564648e-05, 6.20264327154e-05, 4.68336256745e-05, 3.96324285248e-05, 3.42670391547e-05, 1.79403323273e-05, 1.20585173136e-05, 7.35532012186e-06, 6.85799022904e-06, 4.98260624227e-06, 2.73501245829e-06, 4.65872699351e-06, 4.85646751258e-06, 5.2606733334e-06, 3.42325256497e-06, 3.2247528452e-06, 7.5877751442e-06, 1.23523886941e-05, 9.06246350496e-06, 2.37042559093e-06, 2.69677593678e-06, 3.07210780193e-06, 2.74889521279e-06, 3.04313903143e-06, 2.8323886454e-06, 2.45519800046e-06, 2.55400277638e-06],
        "dvar": [9.55694704317e-05, 4.71127204946e-05, 2.82302898995e-05, 1.98858333533e-06, 1.72503703766e-07, 1.15277522639e-07, 4.85777661652e-07, 4.33013099155e-07, 1.28116667497e-07, 5.94687499245e-08, 4.25184481401e-07, 1.14883924596e-07, 6.92602597496e-08, 7.23388069446e-08, 3.34501351062e-08, 9.16423026354e-09, 9.05384034411e-09, 7.04711888844e-09, 1.32590127766e-09, 8.56769599711e-10, 2.79380463208e-10, 2.12372799901e-10, 9.30307567093e-11, 3.08799583126e-11, 1.38489247847e-10, 8.94510854277e-11, 5.29626412171e-11, 2.35907196555e-11, 3.30163188456e-11, 4.0536363155e-10, 1.47765366609e-09, 9.71365765601e-10, 4.19041988609e-11, 4.07477038222e-11, 5.23406526454e-11, 4.58551807636e-11, 4.1581398047e-11, 2.93580403044e-11, 2.16810683989e-11, 1.82951345046e-11],
        "dvar2": [0.00011801434448, 0.000106936327938, 8.17860054667e-05, 5.14102202942e-06, 4.14971509599e-07, 2.86901638447e-07, 1.03769025372e-06, 9.26049892769e-07, 3.0587111155e-07, 1.41640342122e-07, 1.13263320145e-06, 3.05178758708e-07, 1.94618195337e-07, 2.09312787547e-07, 9.32531420972e-08, 2.12583692871e-08, 2.49785454542e-08, 1.90524112043e-08, 3.30886895661e-09, 2.22351403956e-09, 7.13796188823e-10, 5.31997834674e-10, 2.2717025483e-10, 6.90067863962e-11, 3.82984810532e-10, 2.1654412985e-10, 1.27134566763e-10, 5.4838376895e-11, 8.52038856136e-11, 1.14753329061e-09, 4.29739888119e-09, 2.81629253251e-09, 1.11666211e-10, 1.08018059775e-10, 1.15027466718e-10, 8.80185924146e-11, 9.49693171326e-11, 6.74474157081e-11, 5.12380519957e-11, 4.3504415348e-11],
        "max": [0.137599140406, 0.0722071379423, 0.0585233047605, 0.0207970421761, 0.00415032217279, 0.00462200352922, 0.0104203624651, 0.0109532773495, 0.00530943274498, 0.00380379357375, 0.00734226079658, 0.00341685651802, 0.00294889812358, 0.00315097137354, 0.0022705940064, 0.00163370557129, 0.00107845081948, 0.000957458862104, 0.000379566889023, 0.000346202665241, 0.000212639235542, 0.000181548151886, 0.00011877209181, 6.63973405608e-05, 0.000140844174894, 0.000103107187897, 9.68050953816e-05, 5.20764078829e-05, 6.56528864056e-05, 0.000257152656559, 0.000418395211454, 0.000381671095965, 8.82810491021e-05, 7.38020680728e-05, 0.000130679574795, 0.000135111549753, 0.000109625667392, 6.61427620798e-05, 5.11491343786e-05, 4.34815119661e-05],
        "mean": [0.00962163228542, 0.00509308977053, 0.00133087206632, 0.000805561256129, 0.000305764726363, 0.000334186450345, 0.000696077710018, 0.000483993644593, 0.000194107866264, 9.19615195016e-05, 0.000145819984027, 8.51184304338e-05, 4.45120713266e-05, 4.46669400844e-05, 3.22431151289e-05, 4.36529808212e-05, 2.25016083277e-05, 1.95642442122e-05, 1.28820711325e-05, 7.80266600486e-06, 5.15547299074e-06, 4.66194296678e-06, 3.7299696487e-06, 1.97303324967e-06, 2.69004340225e-06, 4.26057476943e-06, 5.17767648489e-06, 3.05074945572e-06, 2.45235582952e-06, 4.54594555777e-06, 6.0789766394e-06, 3.93910750063e-06, 1.31314777718e-06, 1.57152305746e-06, 2.39605537899e-06, 2.39616633735e-06, 2.38032748712e-06, 2.00099816539e-06, 1.59933188115e-06, 1.71499743828e-06],
        "median": [4.4871623686e-05, 4.18326817453e-05, 0.000479655107483, 0.00029254500987, 5.40406799701e-05, 8.85485933395e-05, 0.000132055123686, 3.72697868443e-05, 2.06517179322e-05, 5.10659629072e-06, 7.09298365109e-06, 8.32369551063e-06, 4.59188322566e-06, 3.66629865312e-06, 1.7958452645e-06, 1.75283935278e-06, 8.84656856215e-07, 5.57999499051e-07, 4.77728463011e-07, 3.68028906905e-07, 3.00674713571e-07, 3.51057849457e-07, 4.68634340223e-07, 2.57542211557e-07, 1.35859508532e-07, 3.97147744025e-07, 9.25660913254e-07, 7.84888811722e-07, 5.67466258872e-07, 1.00733689123e-06, 7.39456481824e-07, 4.39219491e-07, 1.84273545756e-07, 2.0892028374e-07, 2.72113226174e-07, 2.607378633e-07, 3.28130965954e-07, 2.30705367699e-07, 2.05652781915e-07, 3.04623284819e-07],
        "min": [7.30971609869e-24, 7.92607521204e-24, 8.74366485371e-24, 2.29296732039e-23, 1.57330166502e-23, 6.99133735937e-24, 1.29949356684e-23, 1.40731838858e-23, 2.13619651938e-23, 1.15722912902e-23, 2.22164545932e-23, 8.85361470896e-24, 1.40001274774e-23, 1.31644942202e-23, 1.24255492777e-23, 1.29649739424e-23, 2.01055259197e-23, 1.47568438785e-23, 1.55478331304e-23, 1.27592263965e-23, 9.69416020297e-24, 6.53377949611e-24, 1.00339644045e-23, 7.85308270134e-24, 8.03151436063e-24, 1.22678977923e-23, 1.40615765865e-23, 9.01046313388e-24, 8.70032089127e-24, 9.95202147794e-24, 4.11378221969e-24, 8.1013395948e-24, 1.49987670077e-23, 1.01693692234e-23, 1.00916632688e-23, 1.1274669059e-23, 9.74053575786e-24, 9.41373198407e-24, 1.34020762479e-23, 9.70315479501e-24],
        "stdev": [0.0208107735962, 0.00920427683741, 0.00406608078629, 0.00148369371891, 0.000583270913921, 0.000534149643499, 0.00126457575243, 0.00100901559927, 0.000435502384789, 0.000313676573569, 0.000569943105802, 0.000297611462884, 0.000206525204703, 0.000206708180485, 0.000158384544193, 0.000155623842147, 7.97175744083e-05, 7.25730133126e-05, 3.81425779779e-05, 2.69311040029e-05, 1.69960476342e-05, 1.3884299733e-05, 1.0208726053e-05, 5.96175550527e-06, 1.03515185401e-05, 1.18477055366e-05, 1.11518220365e-05, 6.32237561149e-06, 5.96543441134e-06, 1.65363253473e-05, 3.01937689073e-05, 2.41610869125e-05, 5.80955838814e-06, 6.06813500781e-06, 8.67160997586e-06, 9.16677618079e-06, 7.98617929831e-06, 6.53037841403e-06, 5.09427809448e-06, 4.77899311591e-06],
        "var": [0.000433088280261, 8.47187111503e-05, 1.65330111486e-05, 2.20134711526e-06, 3.40204934446e-07, 2.85315820747e-07, 1.5991518012e-06, 1.01811247077e-06, 1.89662330286e-07, 9.83929950849e-08, 3.24835127685e-07, 8.85725768285e-08, 4.26526618469e-08, 4.27282706994e-08, 2.5085661548e-08, 2.42187780941e-08, 6.35489127987e-09, 5.26684251767e-09, 1.45485612446e-09, 7.25284332592e-10, 2.88865625864e-10, 1.9277376917e-10, 1.04218092489e-10, 3.55425272547e-11, 1.07153945439e-10, 1.40368133783e-10, 1.24363144782e-10, 3.99724350841e-11, 3.55864088197e-11, 2.73450068144e-10, 9.11663633474e-10, 5.83758152928e-10, 3.37509707682e-11, 3.68222639879e-11, 7.51968140533e-11, 8.40297900706e-11, 6.37790653624e-11, 4.26458451885e-11, 2.59516696327e-11, 2.28387742746e-11]
    },
    "melbands128": {
