{
"lowlevel": {
    "average_loudness": 0.986778080463,
    "barkbands_crest": {
        "dmean": 2.03959441185,
        "dmean2": 2.92597484589,
        "dvar": 6.35387229919,
        "dvar2": 13.3546590805,
        "max": 24.3874034882,
        "mean": 17.7071075439,
        "median": 19.0694122314,
        "min": 2.73039865494,
        "stdev": 4.37166976929,
        "var": 19.111497879
    },
    "barkbands_flatness_db": {
        "dmean": 0.0349958539009,
        "dmean2": 0.0447896905243,
        "dvar": 0.00136427313555,
        "dvar2": 0.00205179885961,
        "max": 0.514908969402,
        "mean": 0.193127408624,
        "median": 0.182583615184,
        "min": 0.0336030572653,
        "stdev": 0.07945099473,
        "var": 0.00631246017292
    },
    "barkbands_kurtosis": {
        "dmean": 20.4689998627,
        "dmean2": 29.5202846527,
        "dvar": 2074.33447266,
        "dvar2": 4499.72363281,
        "max": 765.522583008,
        "mean": 32.786441803,
        "median": 10.7760829926,
        "min": -1.88844609261,
        "stdev": 61.1004066467,
        "var": 3733.25952148
    },
    "barkbands_skewness": {
        "dmean": 1.36597800255,
        "dmean2": 1.8811416626,
        "dvar": 2.7975153923,
        "dvar2": 5.28147220612,
        "max": 22.9095001221,
        "mean": 3.95643687248,
        "median": 3.24350523949,
        "min": -1.87228608131,
        "stdev": 2.86462259293,
        "var": 8.20606231689
    },
    "barkbands_spread": {
        "dmean": 7.58010149002,
        "dmean2": 10.7794942856,
        "dvar": 107.503517151,
        "dvar2": 215.453140259,
        "max": 108.757797241,
        "mean": 18.0331306458,
        "median": 14.6537971497,
        "min": 0.175283789635,
        "stdev": 16.3862133026,
        "var": 268.507995605
    },
    "dissonance": {
        "dmean": 0.0211242176592,
        "dmean2": 0.03428645432,
        "dvar": 0.000739035196602,
        "dvar2": 0.00183215702418,
        "max": 0.499105215073,
        "mean": 0.464099019766,
        "median": 0.470913261175,
        "min": 0.00919495802373,
        "stdev": 0.0294079277664,
        "var": 0.000864826259203
    },
    "dynamic_complexity": 1.96916925907,
    "erbbands_crest": {
        "dmean": 2.75761175156,
        "dmean2": 4.53160810471,
        "dvar": 7.37416553497,
        "dvar2": 17.6994171143,
        "max": 26.2364940643,
        "mean": 7.97716283798,
        "median": 7.15203237534,
        "min": 2.51500272751,
        "stdev": 3.71971559525,
        "var": 13.8362846375
    },
    "erbbands_flatness_db": {
        "dmean": 0.0226354841143,
        "dmean2": 0.0338936634362,
        "dvar": 0.00049329950707,
        "dvar2": 0.000967859581579,
        "max": 0.301696360111,
        "mean": 0.120599381626,
        "median": 0.112939961255,
        "min": 0.0369616262615,
        "stdev": 0.0382577516139,
        "var": 0.00146365549881
    },
    "erbbands_kurtosis": {
        "dmean": 1.13618719578,
        "dmean2": 1.77473855019,
        "dvar": 2.75509500504,
        "dvar2": 6.54619407654,
        "max": 21.3020973206,
        "mean": 0.482130050659,
        "median": -0.196288347244,
        "min": -1.73967790604,
        "stdev": 2.06335234642,
        "var": 4.25742292404
    },
    "erbbands_skewness": {
        "dmean": 0.471736103296,
        "dmean2": 0.690451920033,
        "dvar": 0.237487629056,
        "dvar2": 0.477754890919,
        "max": 3.58172416687,
        "mean": 0.148604184389,
        "median": 0.178135171533,
        "min": -3.11768126488,
        "stdev": 0.833377420902,
        "var": 0.69451791048
    },
    "erbbands_spread": {
        "dmean": 14.8132152557,
        "dmean2": 22.3325824738,
        "dvar": 243.749267578,
        "dvar2": 497.935089111,
        "max": 180.249771118,
        "mean": 52.5170402527,
        "median": 51.6421737671,
        "min": 5.70698928833,
        "stdev": 25.1501541138,
        "var": 632.530212402
    },
    "hfc": {
        "dmean": 14.4856586456,
        "dmean2": 20.0977592468,
        "dvar": 258.667022705,
        "dvar2": 483.652801514,
        "max": 141.51210022,
        "mean": 35.302230835,
        "median": 30.4210128784,
        "min": 1.13823003668e-16,
        "stdev": 25.8722705841,
        "var": 669.374389648
    },
    "loudness_ebu128": {
        "integrated": -9.9806060791,
        "loudness_range": 0.79141998291,
        "momentary": {
            "dmean": 0.432260721922,
            "dmean2": 0.567508757114,
            "dvar": 0.106465049088,
            "dvar2": 0.193052262068,
            "max": -8.54206180573,
            "mean": -10.0449104309,
            "median": -9.9766368866,
            "min": -13.3487129211,
            "stdev": 0.77177387476,
            "var": 0.595634937286
        },
        "short_term": {
            "dmean": 0.0665605515242,
            "dmean2": 0.0828553140163,
            "dvar": 0.00206908700056,
            "dvar2": 0.00342841842212,
            "max": -9.47476100922,
            "mean": -9.99838066101,
            "median": -9.93180751801,
            "min": -10.8921699524,
            "stdev": 0.320193260908,
            "var": 0.102523721755
        }
    },
    "melbands_crest": {
        "dmean": 2.90043759346,
        "dmean2": 3.96804261208,
        "dvar": 15.6837673187,
        "dvar2": 31.598028183,
        "max": 37.1116600037,
        "mean": 29.9406299591,
        "median": 32.5752754211,
        "min": 1.91186153889,
        "stdev": 7.21846532822,
        "var": 52.1062393188
    },
    "melbands_flatness_db": {
        "dmean": 0.0401666350663,
        "dmean2": 0.0492885708809,
        "dvar": 0.00179137464147,
        "dvar2": 0.00260624755174,
        "max": 0.636976122856,
        "mean": 0.278660297394,
        "median": 0.274565756321,
        "min": 0.00565483560786,
        "stdev": 0.0973731502891,
        "var": 0.00948153063655
    },
    "melbands_kurtosis": {
        "dmean": 59.2903022766,
        "dmean2": 87.2041168213,
        "dvar": 19022.5859375,
        "dvar2": 44819.6015625,
        "max": 2512.83081055,
        "mean": 98.7970657349,
        "median": 38.6639633179,
        "min": -1.37767100334,
        "stdev": 162.644973755,
        "var": 26453.3867188
    },
    "melbands_skewness": {
        "dmean": 2.20760846138,
        "dmean2": 3.03941607475,
        "dvar": 7.22398519516,
        "dvar2": 13.2878646851,
        "max": 33.2885704041,
        "mean": 6.81276369095,
        "median": 5.55174779892,
        "min": -0.585291922092,
        "stdev": 4.6120839119,
        "var": 21.2713184357
    },
    "melbands_spread": {
        "dmean": 6.56042957306,
        "dmean2": 9.2293510437,
        "dvar": 128.800567627,
        "dvar2": 231.66847229,
        "max": 157.120574951,
        "mean": 13.5859422684,
        "median": 8.86947250366,
        "min": 0.125185593963,
        "stdev": 17.2865486145,
        "var": 298.824768066
    },
    "pitch_salience": {
        "dmean": 0.0691505149007,
        "dmean2": 0.0968004092574,
        "dvar": 0.00602743588388,
        "dvar2": 0.0115997567773,
        "max": 0.840794563293,
        "mean": 0.306848287582,
        "median": 0.270174771547,
        "min": 0.0355318523943,
        "stdev": 0.150196582079,
        "var": 0.0225590132177
    },
    "silence_rate_20dB": {
        "dmean": 0,
        "dmean2": 0,
        "dvar": 0,
        "dvar2": 0,
        "max": 1,
        "mean": 1,
        "median": 1,
        "min": 1,
        "stdev": 0,
        "var": 0
    },
    "silence_rate_30dB": {
        "dmean": 0.100619196892,
        "dmean2": 0.201394274831,
        "dvar": 0.0904949009418,
        "dvar2": 0.162382692099,
        "max": 1,
        "mean": 0.408352673054,
        "median": 0,
        "min": 0,
        "stdev": 0.491527944803,
        "var": 0.241599708796
    },
    "silence_rate_60dB": {
        "dmean": 0.00386996893212,
        "dmean2": 0.00774593325332,
        "dvar": 0.00385497882962,
        "dvar2": 0.00768596865237,
        "max": 1,
        "mean": 0.00541376648471,
        "median": 0,
        "min": 0,
        "stdev": 0.0733787491918,
        "var": 0.00538444053382
    },
    "spectral_centroid": {
        "dmean": 386.714324951,
        "dmean2": 550.82220459,
        "dvar": 223785.5625,
        "dvar2": 388424.5,
        "max": 10588.4941406,
        "mean": 1604.09326172,
        "median": 1534.43310547,
        "min": 134.4506073,
        "stdev": 761.645690918,
        "var": 580104.1875
    },
    "spectral_complexity": {
        "dmean": 5.26702785492,
        "dmean2": 7.16111564636,
        "dvar": 25.4867992401,
        "dvar2": 42.3814735413,
        "max": 48,
        "mean": 19.2281513214,
        "median": 19,
        "min": 0,
        "stdev": 9.4198217392,
        "var": 88.733039856
    },
    "spectral_decrease": {
        "dmean": 5.16616260882e-09,
        "dmean2": 5.39975442138e-09,
        "dvar": 3.80901683568e-17,
        "dvar2": 5.69179207554e-17,
        "max": -1.71415574095e-29,
        "mean": -2.90274702053e-08,
        "median": -3.21341353526e-08,
        "min": -5.80682701923e-08,
        "stdev": 1.57798805134e-08,
        "var": 2.49004604845e-16
    },
    "spectral_energy": {
        "dmean": 0.0199863873422,
        "dmean2": 0.0212773699313,
        "dvar": 0.000557207211386,
        "dvar2": 0.00083605456166,
        "max": 0.225611895323,
        "mean": 0.112758405507,
        "median": 0.123788893223,
        "min": 1.0388788303e-20,
        "stdev": 0.060086786747,
        "var": 0.00361042213626
    },
    "spectral_energyband_high": {
        "dmean": 0.00113169196993,
        "dmean2": 0.00162996235304,
        "dvar": 3.16462660521e-06,
        "dvar2": 5.90412082602e-06,
        "max": 0.0150022786111,
        "mean": 0.00193039560691,
        "median": 0.000951796129812,
        "min": 7.7146587855e-21,
        "stdev": 0.00255770422518,
        "var": 6.54185123494e-06
    },
    "spectral_energyband_low": {
        "dmean": 0.0178546886891,
        "dmean2": 0.0162364132702,
        "dvar": 0.000537602871191,
        "dvar2": 0.000758470792789,
        "max": 0.187582865357,
        "mean": 0.0951962247491,
        "median": 0.108489602804,
        "min": 4.49933065071e-23,
        "stdev": 0.0588242821395,
        "var": 0.00346029596403
    },
    "spectral_energyband_middle_high": {
        "dmean": 0.00404816819355,
        "dmean2": 0.00547255948186,
        "dvar": 3.21755469486e-05,
        "dvar2": 5.42472807865e-05,
        "max": 0.060295175761,
        "mean": 0.00710016814992,
        "median": 0.00285264453851,
        "min": 1.22227517245e-21,
        "stdev": 0.00875327736139,
        "var": 7.66198645579e-05
    },
    "spectral_energyband_middle_low": {
        "dmean": 0.00503224832937,
        "dmean2": 0.00745893083513,
        "dvar": 4.80592134409e-05,
        "dvar2": 0.000106164588942,
        "max": 0.0598444528878,
        "mean": 0.00950026605278,
        "median": 0.00658423639834,
        "min": 5.0885612793e-22,
        "stdev": 0.00895102508366,
        "var": 8.0120844359e-05
    },
    "spectral_entropy": {
        "dmean": 0.223073959351,
        "dmean2": 0.321028381586,
        "dvar": 0.0581474602222,
        "dvar2": 0.120614819229,
        "max": 9.79397583008,
        "mean": 7.84912967682,
        "median": 7.84246253967,
        "min": 6.59801149368,
        "stdev": 0.417348891497,
        "var": 0.174180105329
    },
    "spectral_flux": {
        "dmean": 0.0428222157061,
        "dmean2": 0.0633626207709,
        "dvar": 0.00225306698121,
        "dvar2": 0.00498836394399,
        "max": 0.371251732111,
        "mean": 0.112271800637,
        "median": 0.0981386080384,
        "min": 1.01925405616e-10,
        "stdev": 0.0667939782143,
        "var": 0.00446143513545
    },
    "spectral_kurtosis": {
        "dmean": 1.20249152184,
        "dmean2": 1.83616256714,
        "dvar": 1.53893089294,
        "dvar2": 3.29281139374,
        "max": 13.3971862793,
        "mean": 2.76870012283,
        "median": 2.38087272644,
        "min": -1.33130252361,
        "stdev": 2.06058478355,
        "var": 4.24600934982
    },
    "spectral_rms": {
        "dmean": 0.00106726156082,
        "dmean2": 0.00113067042548,
        "dvar": 1.61420985023e-06,
        "dvar2": 2.54353994933e-06,
        "max": 0.014836076647,
        "mean": 0.00996727775782,
        "median": 0.0109895244241,
        "min": 3.18361483009e-12,
        "stdev": 0.00326520833187,
        "var": 1.06615852928e-05
    },
    "spectral_rolloff": {
        "dmean": 466.180206299,
        "dmean2": 752.045288086,
        "dvar": 1541151.125,
        "dvar2": 3052422.25,
        "max": 18604.6875,
        "mean": 760.260070801,
        "median": 150.732421875,
        "min": 64.599609375,
        "stdev": 1623.29199219,
        "var": 2635077
    },
    "spectral_skewness": {
        "dmean": 0.247120246291,
        "dmean2": 0.355612277985,
        "dvar": 0.0603942759335,
        "dvar2": 0.115016698837,
        "max": 3.08237433434,
        "mean": 1.3504960537,
        "median": 1.34051883221,
        "min": 0.030843636021,
        "stdev": 0.449143260717,
        "var": 0.201729670167
    },
    "spectral_spread": {
        "dmean": 1073060.5,
        "dmean2": 1491323.5,
        "dvar": 1.81101933363e+12,
        "dvar2": 2.63664094413e+12,
        "max": 39710940,
        "mean": 6002458.5,
        "median": 5370227.5,
        "min": 2370608,
        "stdev": 2338081.75,
        "var": 5.46662671974e+12
    },
    "spectral_strongpeak": {
        "dmean": 0.237691134214,
        "dmean2": 0.378806501627,
        "dvar": 0.266580760479,
        "dvar2": 0.62965297699,
        "max": 5.2714548111,
        "mean": 0.625087440014,
        "median": 0.480911076069,
        "min": 0,
        "stdev": 0.568444013596,
        "var": 0.323128581047
    },
    "zerocrossingrate": {
        "dmean": 0.0124950110912,
        "dmean2": 0.0138379130512,
        "dvar": 0.000454888358945,
        "dvar2": 0.000474796572234,
        "max": 0.5048828125,
        "mean": 0.0359749607742,
        "median": 0.0244140625,
        "min": 0.001953125,
        "stdev": 0.0407315343618,
        "var": 0.00165905803442
    },
    "barkbands": {
        "dmean": [0.00253555271775, 0.0150484479964, 0.00100078003015, 0.000881609274074, 0.00102420279291, 0.000564439746086, 0.00175425200723, 0.00183480477426, 0.00153960916214, 0.00128243293148, 0.000735192734282, 0.000991475419141, 0.000716420647223, 0.000710431602784, 0.000534859951586, 0.000465763470856, 0.000306378438836, 0.000348914443748, 0.000226926786127, 0.000134901158162, 0.000130775355501, 0.000195900138351, 0.000273441139143, 0.000322779960698, 0.000246196781518, 0.000100706267403, 1.15851125884e-05],
        "dmean2": [0.00228683883324, 0.0145153691992, 0.00127160921693, 0.00137122254819, 0.00163895264268, 0.000920295715332, 0.00284402840771, 0.00311020156369, 0.0024537621066, 0.00202638702467, 0.00119540258311, 0.00163291755598, 0.00112652184907, 0.00113262643572, 0.000857179402374, 0.000699310330674, 0.000452766165836, 0.000511053018272, 0.000338978716172, 0.000209209931199, 0.000203687304747, 0.000286496244371, 0.000416839466197, 0.000479602284031, 0.000360885635018, 0.000152489359607, 1.92717598111e-05],
        "dvar": [6.7130986281e-06, 0.000435519294115, 3.44226509696e-06, 2.84636575998e-06, 2.70397731583e-06, 1.80636141067e-06, 1.49835123011e-05, 1.95900938706e-05, 9.95849131868e-06, 1.22914825624e-05, 2.92552522296e-06, 4.23791016146e-06, 2.76740956906e-06, 2.5148306122e-06, 1.26831855596e-06, 1.06131153643e-06, 3.20642953966e-07, 4.10823986385e-07, 9.00269583326e-08, 3.40162849e-08, 3.32558585114e-08, 1.13274204239e-07, 2.64423135832e-07, 2.9467221907e-07, 2.2039418468e-07, 4.83162843068e-08, 1.52501300477e-09],
        "dvar2": [8.44578244141e-06, 0.000701524666511, 8.61226908455e-06, 7.67835445004e-06, 6.43095336272e-06, 4.58983777207e-06, 3.57880926458e-05, 4.90480597364e-05, 2.37984695559e-05, 2.7552838219e-05, 6.25181974101e-06, 1.10244300231e-05, 6.49547291687e-06, 5.73478428123e-06, 3.01572322314e-06, 2.29546208175e-06, 7.01095018485e-07, 8.30189492262e-07, 1.88224277053e-07, 8.08804330177e-08, 7.5494725138e-08, 2.3082060352e-07, 5.56922202577e-07, 5.88136686019e-07, 4.64508673303e-07, 9.82820651529e-08, 3.87867027385e-09],
        "max": [0.0297233052552, 0.180743023753, 0.0200249571353, 0.0205928869545, 0.0163865555078, 0.0185114461929, 0.0385011360049, 0.0434013791382, 0.0298351682723, 0.0588919334114, 0.0248027388006, 0.0164698399603, 0.016863418743, 0.0127319740131, 0.00991912558675, 0.0134708238766, 0.0076454798691, 0.00790103897452, 0.00450991094112, 0.00208706920967, 0.0023674343247, 0.00437676114962, 0.00502701289952, 0.0056275036186, 0.00541282864287, 0.00278801680543, 0.00077873445116],
        "mean": [0.0138603886589, 0.0783990547061, 0.00214707665145, 0.00148891669232, 0.00155268469825, 0.000699227734003, 0.00191090349108, 0.00179468502756, 0.00173856527545, 0.00141180760693, 0.00085082318401, 0.000924100633711, 0.000766967772506, 0.000763007381465, 0.000592453579884, 0.000601658946835, 0.000408519554185, 0.000460211944301, 0.0003356677189, 0.00023112395138, 0.000211939084693, 0.000276594044408, 0.000395379960537, 0.000467641861178, 0.000331427581841, 0.000125657126773, 1.19275036923e-05],
        "median": [0.0152997244149, 0.0907682701945, 0.000991234090179, 0.000659522484057, 0.000847136427183, 0.000393559865188, 0.00068091461435, 0.000553516496439, 0.000333465693984, 0.000194151536562, 0.000201540271519, 0.00019575508486, 0.000151078289491, 0.000160725277965, 0.000186337594641, 0.000146939783008, 0.000156657770276, 0.00012254959438, 0.000176877190825, 0.000162015086971, 0.000111588880827, 0.000101914687548, 0.000127462451928, 0.000172782296431, 0.000103864178527, 2.34565923165e-05, 1.08678364086e-06],
        "min": [4.03890914348e-23, 1.54592266958e-23, 3.15108457274e-24, 3.18616817542e-23, 6.81567302413e-23, 1.04141869989e-22, 1.07967883244e-22, 5.02070081366e-23, 1.11081447817e-22, 5.72959015575e-23, 4.53248994555e-23, 1.3442559643e-22, 9.37695165991e-23, 6.81788751446e-23, 1.43920301041e-22, 1.05553994118e-22, 1.09563187187e-22, 1.42721118869e-22, 2.27882402255e-22, 2.4784409201e-22, 4.71989085867e-22, 5.5954371013e-22, 7.48615519e-22, 9.0543319097e-22, 1.09102416687e-21, 1.68487603099e-21, 2.17438015136e-21],
        "stdev": [0.00866266991943, 0.0485045351088, 0.00255123642273, 0.00195871875621, 0.00202723988332, 0.00131548929494, 0.00392281450331, 0.00415549753234, 0.00359549582936, 0.00396768189967, 0.0022596551571, 0.00196912907995, 0.00177642633207, 0.0016933742445, 0.00116454309318, 0.00136427627876, 0.00067919382127, 0.000848444818985, 0.000416502356529, 0.000233271508478, 0.000248165131779, 0.000451864063507, 0.000680960365571, 0.000725922116544, 0.00061015697429, 0.000275438302197, 4.19513162342e-05],
        "var": [7.50418475945e-05, 0.00235269009136, 6.50880747344e-06, 3.83657879865e-06, 4.10970142184e-06, 1.73051205365e-06, 1.5388472093e-05, 1.7268159354e-05, 1.29275904328e-05, 1.57424983627e-05, 5.1060410442e-06, 3.8774692257e-06, 3.15569036502e-06, 2.86751628664e-06, 1.35616051011e-06, 1.86124975698e-06, 4.6130421083e-07, 7.19858576304e-07, 1.73474219878e-07, 5.44155973614e-08, 6.15859292452e-08, 2.04181134222e-07, 4.63706982146e-07, 5.26962878666e-07, 3.72291566464e-07, 7.58662537237e-08, 1.75991299312e-09]
    },
    "erbbands": {
        "dmean": [0.930142879486, 1.71344053745, 1.04948306084, 2.6714553833, 2.46345305443, 4.33743619919, 3.91226172447, 5.07323408127, 15.0195331573, 41.6737670898, 35.4383354187, 35.6336784363, 32.7573699951, 43.7947654724, 25.2968425751, 39.0906448364, 32.4774017334, 36.409450531, 29.6407814026, 25.5957126617, 22.6071910858, 16.7261371613, 20.1775131226, 11.9984092712, 10.405421257, 6.14599704742, 6.38549184799, 4.32980298996, 6.4644241333, 8.0132932663, 8.01820278168, 7.09228897095, 5.32456016541, 3.29539465904, 1.51232194901, 0.516795098782, 0.185003265738, 0.0369233004749, 0.00116557592992, 4.5255455916e-05],
        "dmean2": [0.882139384747, 1.97290074825, 1.48709857464, 3.75889825821, 3.87162971497, 7.00745773315, 6.59901857376, 8.32895469666, 24.1310863495, 68.6228179932, 59.0298156738, 56.7698860168, 51.5756759644, 68.2226257324, 37.1825790405, 63.4538497925, 50.2816619873, 55.9343757629, 45.9183692932, 40.5397148132, 33.182723999, 23.7740192413, 29.3758144379, 17.9358901978, 15.3030900955, 9.42457199097, 9.65996932983, 6.74137353897, 9.59962558746, 12.2708101273, 12.2151918411, 10.8596448898, 7.85348176956, 4.92967557907, 2.22679424286, 0.786836445332, 0.282613217831, 0.0572411678731, 0.00187954539433, 6.10812858213e-05],
        "dvar": [1.54868710041, 10.5729255676, 7.94159841537, 23.2100925446, 18.3224258423, 55.455871582, 99.2258834839, 158.936599731, 1003.6307373, 11166.0205078, 6521.96826172, 5516.09179688, 9932.25097656, 9899.71777344, 2615.30908203, 6416.01513672, 5689.9609375, 6292.63525391, 3924.64794922, 3119.65014648, 2337.20581055, 791.342224121, 1420.8848877, 332.537841797, 179.942886353, 67.5884094238, 77.1895675659, 61.4499435425, 130.355575562, 212.785949707, 230.21081543, 166.030670166, 73.2858657837, 40.4676322937, 8.29460144043, 1.22042155266, 0.165489390492, 0.0107931634411, 1.2093209989e-05, 5.08410202826e-09],
        "dvar2": [2.51978516579, 21.0651950836, 20.5535430908, 59.4165267944, 42.7429351807, 134.891921997, 273.545928955, 391.558227539, 2401.20361328, 27940.1464844, 16457.6757812, 12976.0058594, 23945.6953125, 22554.828125, 5254.91015625, 16340.1630859, 13401.4423828, 15156.5761719, 8961.54492188, 7009.51123047, 4706.6171875, 1622.32458496, 2950.10009766, 649.817504883, 405.70300293, 157.444030762, 171.461685181, 147.743667603, 268.475006104, 433.802032471, 481.996307373, 336.818664551, 147.809249878, 89.3385848999, 16.6288986206, 2.4493689537, 0.336713880301, 0.0256438702345, 3.00382416754e-05, 1.13640181709e-08],
        "max": [9.08628463745, 42.8965492249, 36.1755104065, 56.1580200195, 50.831363678, 93.9949417114, 241.525161743, 191.843170166, 332.350585938, 1170.13366699, 891.213806152, 957.85168457, 1664.35070801, 1289.04931641, 715.412475586, 742.965881348, 778.992492676, 714.362060547, 662.823608398, 756.086547852, 571.75994873, 356.830780029, 537.577941895, 289.206481934, 150.001861572, 77.1410903931, 134.697006226, 131.144302368, 126.05241394, 147.132873535, 150.046295166, 140.314941406, 78.1234741211, 85.5680084229, 30.8157730103, 14.6314592361, 5.62103796005, 2.01927375793, 0.05540529266, 0.00132372195367],
        "mean": [4.72220897675, 7.61894178391, 2.439204216, 5.2401008606, 3.72968697548, 5.9484205246, 5.59247112274, 6.04453802109, 16.6886405945, 42.8129272461, 38.604347229, 41.7126350403, 36.5446853638, 49.3987350464, 32.0731506348, 38.3052024841, 36.0866928101, 39.2480659485, 34.0997047424, 31.6818408966, 30.988822937, 23.6751556396, 27.0723342896, 18.1953525543, 15.7949943542, 10.8762311935, 10.9978933334, 6.69764757156, 8.7514667511, 11.8637151718, 11.3772926331, 9.97181892395, 7.50124835968, 4.43301725388, 1.95528125763, 0.642871320248, 0.22702114284, 0.042119640857, 0.00134040717967, 0.000161935429787],
        "median": [5.38922166824, 8.26538848877, 1.769977808, 2.24446177483, 2.34936451912, 2.61356306076, 3.23147797585, 3.18327975273, 6.41363716125, 15.3600759506, 13.4646987915, 8.97754669189, 5.96251249313, 7.80714845657, 8.39610290527, 8.70380496979, 7.57348394394, 9.3075094223, 8.53674793243, 11.0913391113, 8.9126663208, 8.72085952759, 7.854637146, 8.51026058197, 9.36352539062, 7.81137132645, 6.23819112778, 3.38811779022, 2.78269672394, 4.26641702652, 3.61560726166, 3.70505738258, 2.79742884636, 1.41683495045, 0.51073217392, 0.133198261261, 0.0369152501225, 0.0065104723908, 0.000229571101954, 0.000158690076205],
        "min": [6.96821613023e-22, 2.85664219411e-21, 5.35192278281e-21, 5.42626669049e-20, 2.21172896353e-19, 2.24902214295e-19, 4.51988237106e-19, 9.18329402009e-19, 1.13663156805e-18, 1.54628284025e-18, 1.71895948145e-18, 2.01517037727e-18, 2.65110310988e-18, 9.60490694433e-19, 3.72277763199e-18, 4.51255437802e-18, 4.69205174376e-18, 3.54880914146e-18, 5.80691419283e-18, 7.35512539788e-18, 6.12280040669e-18, 5.48481213025e-18, 7.53364007306e-18, 8.61915580835e-18, 1.3572573051e-17, 1.03857149846e-17, 1.78718906069e-17, 1.93904883324e-17, 1.88526902397e-17, 2.38220588333e-17, 1.94661356538e-17, 1.74348497302e-17, 1.64574200312e-17, 1.1750772272e-17, 8.08927962438e-18, 5.71313838115e-18, 3.23587017212e-18, 1.50426806219e-18, 2.99630227821e-19, 3.05587660141e-20],
        "stdev": [2.96394658089, 5.39268779755, 2.94755244255, 6.33363771439, 4.9250202179, 9.02926635742, 9.54151725769, 12.4579439163, 31.6041297913, 99.3790435791, 78.6866989136, 86.4583587646, 107.904312134, 113.659835815, 72.0287475586, 78.9070587158, 81.2310409546, 83.1368026733, 69.7471847534, 61.9440727234, 65.5553436279, 38.2514228821, 49.0602149963, 25.691493988, 18.0525188446, 10.7089710236, 11.9064645767, 9.96751594543, 15.320473671, 19.575630188, 19.7603263855, 16.6391296387, 11.495174408, 7.88919305801, 3.84681677818, 1.37186408043, 0.514541983604, 0.117982782423, 0.00389058492146, 0.000108397456643],
        "var": [8.78497886658, 29.081079483, 8.68806552887, 40.1149673462, 24.2558250427, 81.5276565552, 91.0405426025, 155.200363159, 998.821044922, 9876.19433594, 6191.59716797, 7475.04736328, 11643.3408203, 12918.5576172, 5188.14013672, 6226.32373047, 6598.48242188, 6911.72753906, 4864.66992188, 3837.06835938, 4297.50292969, 1463.17126465, 2406.90478516, 660.052856445, 325.893432617, 114.682052612, 141.763900757, 99.3513717651, 234.716918945, 383.205322266, 390.47052002, 276.860626221, 132.139038086, 62.239364624, 14.7979984283, 1.88201117516, 0.264753431082, 0.013919936493, 1.51366512e-05, 1.17500080776e-08]
    },
    "gfcc": {
        "mean": [35.2433319092, 73.2564315796, -92.166343689, 43.2800216675, -48.7562522888, 33.6334381104, -26.2548675537, 26.4957008362, -8.81879138947, 12.1857242584, -3.81667208672, 3.69790077209, -6.18650436401],
        "cov": [[4803.8984375, -795.325134277, -430.66494751, -294.710449219, -235.196060181, 220.758605957, -279.857727051, 388.354278564, -119.332489014, 142.943847656, -126.852157593, 117.842216492, -194.681610107], [-795.325134277, 1288.00976562, -148.253570557, 82.7968292236, 285.417266846, -33.715637207, 287.046264648, -69.9945373535, 110.098190308, -114.265151978, 155.764038086, -176.64680481, 110.358177185], [-430.66494751, -148.253570557, 1041.44335938, 406.575256348, 179.75390625, 136.711914062, 69.3033676147, -11.3967933655, 71.04662323, 29.3139400482, -8.12600040436, 56.3312759399, 1.1775329113], [-294.710449219, 82.7968292236, 406.575256348, 491.128570557, 137.736999512, 58.7006950378, 54.7368583679, -50.9518928528, 104.620559692, 22.7289810181, 51.0780410767, 11.6217460632, 56.5092086792], [-235.196060181, 285.417266846, 179.75390625, 137.736999512, 363.406829834, 91.1852645874, 124.536605835, 47.8089065552, 74.1689453125, -21.405046463, 52.6681861877, -58.9751777649, 16.9619426727], [220.758605957, -33.715637207, 136.711914062, 58.7006950378, 91.1852645874, 211.235702515, 118.700172424, 53.2198791504, 15.1534929276, 28.6293392181, 7.60175275803, 3.78008413315, -1.63199234009], [-279.857727051, 287.046264648, 69.3033676147, 54.7368583679, 124.536605835, 118.700172424, 293.749694824, -10.127705574, 4.73744487762, -5.48980760574, 38.1194992065, -30.6607437134, 30.8777599335], [388.354278564, -69.9945373535, -11.3967933655, -50.9518928528, 47.8089065552, 53.2198791504, -10.127705574, 188.232025146, 39.843624115, -6.70617485046, 2.51269698143, 25.8068828583, -6.91385936737], [-119.332489014, 110.098190308, 71.04662323, 104.620559692, 74.1689453125, 15.1534929276, 4.73744487762, 39.843624115, 158.683914185, 25.1866950989, 25.3959102631, -19.0217952728, 19.5488834381], [142.943847656, -114.265151978, 29.3139400482, 22.7289810181, -21.405046463, 28.6293392181, -5.48980760574, -6.70617485046, 25.1866950989, 116.933059692, -3.57892012596, 9.82278823853, -8.18304824829], [-126.852157593, 155.764038086, -8.12600040436, 51.0780410767, 52.6681861877, 7.60175275803, 38.1194992065, 2.51269698143, 25.3959102631, -3.57892012596, 100.510681152, 16.6277256012, 27.8748512268], [117.842216492, -176.64680481, 56.3312759399, 11.6217460632, -58.9751777649, 3.78008413315, -30.6607437134, 25.8068828583, -19.0217952728, 9.82278823853, 16.6277256012, 134.723846436, 12.5387039185], [-194.681610107, 110.358177185, 1.1775329113, 56.5092086792, 16.9619426727, -1.63199234009, 30.8777599335, -6.91385936737, 19.5488834381, -8.18304824829, 27.8748512268, 12.5387039185, 75.4604263306]],
        "icov": [[0.00040980646736, -0.000188015736057, 0.000262750923866, -0.000300298968796, 0.000207776960451, -0.000678955053445, 0.000529276323505, -0.000883984263055, 0.000570182339288, -0.000536887091585, 0.000384255923564, -0.000300320418319, 0.00089608435519], [-0.000188015736057, 0.00257900450379, 7.9436278611e-05, 0.000527325901203, -0.000858666026033, 0.00157292105723, -0.00213652011007, 0.00116805906873, -0.00159043062013, 0.00194382888731, -0.00270721735433, 0.00251355976798, -0.00223941565491], [0.000262750923866, 7.9436278611e-05, 0.00193904957268, -0.00154604110867, -0.000539096014109, -0.000876038160641, 0.000147289887536, -0.000276579870842, 0.000213525476283, -0.000136713540996, 0.00120030646212, -0.00116498651914, 0.00138587795664], [-0.000300298968796, 0.000527325901203, -0.00154604110867, 0.0046236878261, -0.00086364580784, 0.000115144794108, -0.000245260511292, 0.00256914761849, -0.00257656280883, 0.000571539800148, -0.00171455577947, 0.000371837930288, -0.003150903387], [0.000207776960451, -0.000858666026033, -0.000539096014109, -0.00086364580784, 0.00526678934693, -0.00139768247027, -0.000224187155254, -0.00211191922426, -5.66213893762e-05, 0.000313434080454, -0.00114763458259, 0.00167806597892, 0.00132487865631], [-0.000678955053445, 0.00157292105723, -0.000876038160641, 0.000115144794108, -0.00139768247027, 0.0100236581638, -0.00504812318832, -0.000896344252396, -0.000605016481131, -0.000546677096281, -0.00125142629258, 0.00137020647526, -0.00127801881172], [0.000529276323505, -0.00213652011007, 0.000147289887536, -0.000245260511292, -0.000224187155254, -0.00504812318832, 0.00775182573125, -0.000428056868259, 0.00231241597794, -0.00152751803398, 0.0011231561657, -0.00115431984887, 0.000413666508393], [-0.000883984263055, 0.00116805906873, -0.000276579870842, 0.00256914761849, -0.00211191922426, -0.000896344252396, -0.000428056868259, 0.010253992863, -0.00476194685325, 0.00314785330556, -0.00103873596527, -0.00133499549702, -0.00215795403346], [0.000570182339288, -0.00159043062013, 0.000213525476283, -0.00257656280883, -5.66213893762e-05, -0.000605016481131, 0.00231241597794, -0.00476194685325, 0.0112494938076, -0.00425567151979, 0.000531687226612, 0.000752684078179, 0.000642969098408], [-0.000536887091585, 0.00194382888731, -0.000136713540996, 0.000571539800148, 0.000313434080454, -0.000546677096281, -0.00152751803398, 0.00314785330556, -0.00425567151979, 0.0120353419334, -0.00205734488554, 0.00108133733738, -0.000834678474348], [0.000384255923564, -0.00270721735433, 0.00120030646212, -0.00171455577947, -0.00114763458259, -0.00125142629258, 0.0011231561657, -0.00103873596527, 0.000531687226612, -0.00205734488554, 0.0165806207806, -0.00611299788579, 0.000422009179601], [-0.000300320418319, 0.00251355976798, -0.00116498651914, 0.000371837930288, 0.00167806597892, 0.00137020647526, -0.00115431984887, -0.00133499549702, 0.000752684078179, 0.00108133733738, -0.00611299788579, 0.0133488187566, -0.00474628806114], [0.00089608435519, -0.00223941565491, 0.00138587795664, -0.003150903387, 0.00132487865631, -0.00127801881172, 0.000413666508393, -0.00215795403346, 0.000642969098408, -0.000834678474348, 0.000422009179601, -0.00474628806114, 0.0208600778133]]
    },
    "melbands": {
        "dmean": [0.0056751226075, 0.000952016853262, 0.000395971612306, 0.000230907171499, 0.000148153543705, 0.000113477799459, 0.000267035880825, 0.000458452064777, 0.000283908651909, 0.000218010332901, 0.000168331083842, 0.00018634882872, 8.81448286236e-05, 0.00013167753059, 6.36820477666e-05, 7.56830122555e-05, 6.96027927916e-05, 5.25551149622e-05, 3.95341885451e-05, 3.43104584317e-05, 2.65361704805e-05, 1.65976434801e-05, 2.15107211261e-05, 1.62113847182e-05, 9.74310387392e-06, 8.97102927411e-06, 6.14860618953e-06, 3.92274068872e-06, 4.26197220804e-06, 3.5689570268e-06, 2.47106322604e-06, 3.59474938705e-06, 4.31423950431e-06, 4.83527992401e-06, 4.89308331453e-06, 4.62815160063e-06, 4.47471256848e-06, 3.8367770685e-06, 3.65696132576e-06, 2.67850759883e-06],
        "dmean2": [0.00531101692468, 0.00113655044697, 0.00055396388052, 0.000362826918717, 0.000246917217737, 0.000185631826753, 0.000426377431722, 0.000761989620514, 0.000473684020108, 0.000347684079316, 0.000267389317742, 0.000290802185191, 0.000136343660415, 0.000217524226173, 0.000100754776213, 0.000118783747894, 0.00011004969565, 8.26672985568e-05, 6.45274849376e-05, 5.35665749339e-05, 3.93365189666e-05, 2.42505411734e-05, 3.21971601807e-05, 2.43823360506e-05, 1.48650751726e-05, 1.36404923978e-05, 9.29416091822e-06, 6.18447666056e-06, 6.3731768023e-06, 5.7911111071e-06, 3.88267471862e-06, 5.54539064979e-06, 6.46537773719e-06, 7.53542326493e-06, 7.49105038267e-06, 7.05516004018e-06, 6.93164338372e-06, 5.73244233237e-06, 5.51863240617e-06, 4.09367112297e-06],
        "dvar": [5.70111624256e-05, 5.14349540026e-06, 4.94592256928e-07, 1.35389356615e-07, 1.0233129899e-07, 7.68007524243e-08, 2.93031916954e-07, 1.23430174881e-06, 3.91864574567e-07, 2.07656071893e-07, 2.74342710327e-07, 1.84754512134e-07, 3.8277761405e-08, 7.88748479863e-08, 2.23876188699e-08, 2.74629865515e-08, 2.46591209674e-08, 1.43244118789e-08, 6.72710509519e-09, 6.45629327778e-09, 3.61111518465e-09, 9.86114412349e-10, 1.41660827513e-09, 9.77859349049e-10, 2.45702069801e-10, 1.40634295875e-10, 6.61489543696e-11, 3.26723405275e-11, 3.9764695009e-11, 2.34371029528e-11, 2.500397632e-11, 4.01875199785e-11, 6.95138460682e-11, 7.91276627554e-11, 8.75339176143e-11, 7.81937084526e-11, 6.4298379121e-11, 3.86658795259e-11, 3.94193150344e-11, 3.12275760805e-11],
        "dvar2": [8.8088636403e-05, 1.17953968584e-05, 1.2545157233e-06, 3.11876590331e-07, 2.7818046533e-07, 1.89292649111e-07, 6.83318830852e-07, 3.05384173771e-06, 9.96713424684e-07, 4.70014555276e-07, 6.60373416395e-07, 4.20520876787e-07, 7.50372137759e-08, 2.05922745522e-07, 5.52243939467e-08, 6.53416662999e-08, 6.01390297561e-08, 3.40029906454e-08, 1.62126312375e-08, 1.48853711579e-08, 7.05805280887e-09, 2.11755613044e-09, 2.89326251846e-09, 2.10214579077e-09, 4.95130103584e-10, 3.12706138761e-10, 1.50830736789e-10, 7.8667322656e-11, 9.62302598717e-11, 5.40391134618e-11, 6.23264495569e-11, 8.45969891361e-11, 1.51903753465e-10, 1.71532177351e-10, 1.90288493296e-10, 1.59414148548e-10, 1.39732850291e-10, 8.05755184796e-11, 8.58443455209e-11, 7.30425650519e-11],
        "max": [0.0590381845832, 0.0312346406281, 0.00905584543943, 0.00421929266304, 0.00699589354917, 0.0039350297302, 0.00492302002385, 0.0112494956702, 0.00652769953012, 0.00588935473934, 0.00893165357411, 0.00516680954024, 0.00332434196025, 0.00237517780624, 0.00142577243969, 0.00156902347226, 0.0013372481335, 0.00130246544722, 0.000838704814669, 0.00113518140279, 0.000773097854108, 0.000480482471175, 0.000490414153319, 0.000356917269528, 0.000281546032056, 0.000111820365419, 7.76724045863e-05, 5.99652303208e-05, 0.000110498513095, 4.23605633841e-05, 8.60464206198e-05, 7.23841003492e-05, 0.000112293557322, 8.75762634678e-05, 9.29125526454e-05, 8.41778964968e-05, 8.91667295946e-05, 5.65550690226e-05, 7.60011098464e-05, 7.30519532226e-05],
        "mean": [0.0298685859889, 0.00349348573945, 0.000802192196716, 0.000337591103744, 0.000216969347093, 0.00013535853941, 0.000298441183986, 0.000464922370156, 0.000306512869429, 0.000252408994129, 0.000179637791007, 0.000204384487006, 0.000108420004835, 0.00012008070189, 7.04572084942e-05, 8.00414636615e-05, 7.16652939445e-05, 5.63200919714e-05, 4.29817227996e-05, 4.15404501837e-05, 3.51195994881e-05, 2.23204806389e-05, 2.73872647085e-05, 2.11303304241e-05, 1.3899320038e-05, 1.26633995023e-05, 9.25232779991e-06, 6.58801445752e-06, 6.97064115229e-06, 5.47900845049e-06, 3.41083864441e-06, 4.64375216325e-06, 5.84086137678e-06, 6.85935128786e-06, 6.70116833135e-06, 6.14149848843e-06, 5.98911174166e-06, 5.21989886693e-06, 4.82397126689e-06, 3.37333676725e-06],
        "median": [0.0345411077142, 0.00337702059187, 0.000411908375099, 0.000181764000445, 0.000125318008941, 7.20128591638e-05, 0.000110134023998, 0.000161616189871, 9.80177574093e-05, 4.72995161545e-05, 2.75545116892e-05, 3.10952164e-05, 2.91335527436e-05, 2.46000981861e-05, 1.81967625394e-05, 1.44983923747e-05, 1.59584469657e-05, 1.26360055219e-05, 1.32035374918e-05, 1.13356891234e-05, 9.77996569418e-06, 8.28956763144e-06, 8.41164273879e-06, 6.04731258136e-06, 6.34162825008e-06, 6.54593395666e-06, 5.45679267816e-06, 4.4908288146e-06, 3.87983664041e-06, 2.89366334982e-06, 1.31526780933e-06, 1.39762005347e-06, 2.12566556002e-06, 2.37321160057e-06, 2.05583978641e-06, 1.83199040293e-06, 2.0437942112e-06, 2.03624813366e-06, 1.5321037381e-06, 9.95193431663e-07],
        "min": [7.21544722051e-24, 3.39556420296e-24, 1.46911159878e-23, 1.64867416907e-23, 1.4158276734e-23, 2.03486938714e-23, 1.94854512715e-23, 1.57060123637e-23, 1.64018981226e-23, 1.26163147772e-23, 1.30658100876e-23, 3.26263581562e-24, 1.01193617529e-23, 1.56475372602e-23, 1.1565129222e-23, 7.97972327562e-24, 6.11138155782e-24, 8.06928028761e-24, 1.0942422145e-23, 8.55068581047e-24, 6.92364599395e-24, 5.84555042112e-24, 5.45507965583e-24, 7.61967926987e-24, 6.36762290693e-24, 1.03270782956e-23, 8.03666720007e-24, 6.47032786363e-24, 1.1363641525e-23, 1.02203525149e-23, 1.25213887779e-23, 1.07595641871e-23, 9.67544132255e-24, 1.43698003194e-23, 9.41426604291e-24, 1.38415443473e-23, 8.95657762317e-24, 1.16991219799e-23, 9.39033910279e-24, 1.06585095274e-23],
        "stdev": [0.0184286963195, 0.00299804168753, 0.000927332555875, 0.00045388576109, 0.000329299859004, 0.000275463971775, 0.000559770909604, 0.00104892090894, 0.000622788327746, 0.000540529610589, 0.000563995388802, 0.000486143137095, 0.000285208079731, 0.000263559282757, 0.000157720583957, 0.000176521003596, 0.000159904899192, 0.000127486986457, 8.36380349938e-05, 9.26345237531e-05, 8.01256319392e-05, 3.96489267587e-05, 4.83404655824e-05, 3.91315443267e-05, 2.10540310945e-05, 1.54263743752e-05, 1.04549835669e-05, 7.00103146301e-06, 7.94791958469e-06, 6.33397030469e-06, 6.0570050664e-06, 8.31293345982e-06, 1.04837690742e-05, 1.15404836833e-05, 1.19394335343e-05, 1.13628630061e-05, 9.91333763523e-06, 8.06472507975e-06, 8.03735747468e-06, 6.53535107631e-06],
        "var": [0.000339616846759, 8.98825419426e-06, 8.59945657794e-07, 2.06012288118e-07, 1.08438406698e-07, 7.5880407735e-08, 3.13343491598e-07, 1.10023495381e-06, 3.87865327411e-07, 2.92172245508e-07, 3.18090798146e-07, 2.36335139903e-07, 8.1343650038e-08, 6.94634891829e-08, 2.48757814347e-08, 3.11596650704e-08, 2.55695749019e-08, 1.62529332215e-08, 6.995320323e-09, 8.58115534186e-09, 6.42011688257e-09, 1.57203727813e-09, 2.3368007529e-09, 1.53127777125e-09, 4.43272196726e-10, 2.37973002415e-10, 1.09306681761e-10, 4.90144418108e-11, 6.31694280218e-11, 4.01191788124e-11, 3.66873129098e-11, 6.91048676615e-11, 1.09909421842e-10, 1.3318275649e-10, 1.42550068971e-10, 1.29114663405e-10, 9.82742567879e-11, 6.50397860569e-11, 6.45991177217e-11, 4.27108140522e-11]
    },
    "melbands128": {
