{
"lowlevel": {
    "average_loudness": 0.957494437695,
    "barkbands_crest": {
        "dmean": 3.18797039986,
        "dmean2": 5.2740855217,
        "dvar": 7.74019575119,
        "dvar2": 20.1064167023,
        "max": 24.9619426727,
        "mean": 10.2011699677,
        "median": 9.33085346222,
        "min": 2.92026519775,
        "stdev": 4.1073307991,
        "var": 16.8701648712
    },
    "barkbands_flatness_db": {
        "dmean": 0.0239090044051,
        "dmean2": 0.0354814231396,
        "dvar": 0.000419023097493,
        "dvar2": 0.00098150188569,
        "max": 0.301885426044,
        "mean": 0.111014358699,
        "median": 0.108018986881,
        "min": 0.0277040377259,
        "stdev": 0.0376664325595,
        "var": 0.00141876004636
    },
    "barkbands_kurtosis": {
        "dmean": 2.53046512604,
        "dmean2": 3.98658084869,
        "dvar": 20.7895298004,
        "dvar2": 50.4674491882,
        "max": 107.694786072,
        "mean": 2.98792052269,
        "median": 1.74354457855,
        "min": -1.84588086605,
        "stdev": 5.18913936615,
        "var": 26.9271678925
    },
    "barkbands_skewness": {
        "dmean": 0.512798845768,
        "dmean2": 0.779332578182,
        "dvar": 0.24198679626,
        "dvar2": 0.547972977161,
        "max": 7.82708311081,
        "mean": 1.33534026146,
        "median": 1.28853189945,
        "min": -2.06912970543,
        "stdev": 0.893974244595,
        "var": 0.799189984798
    },
    "barkbands_spread": {
        "dmean": 8.1219959259,
        "dmean2": 12.0792226791,
        "dvar": 59.3080177307,
        "dvar2": 129.601516724,
        "max": 89.680519104,
        "mean": 26.2745952606,
        "median": 23.3765029907,
        "min": 1.28382349014,
        "stdev": 14.4658327103,
        "var": 209.260314941
    },
    "dissonance": {
        "dmean": 0.0266111716628,
        "dmean2": 0.045220375061,
        "dvar": 0.000782085116953,
        "dvar2": 0.0021574893035,
        "max": 0.499192684889,
        "mean": 0.451192229986,
        "median": 0.456988602877,
        "min": 0.0842607542872,
        "stdev": 0.0324947424233,
        "var": 0.00105590827297
    },
    "dynamic_complexity": 2.86563324928,
    "erbbands_crest": {
        "dmean": 3.94890117645,
        "dmean2": 6.49031543732,
        "dvar": 12.8187208176,
        "dvar2": 33.3255500793,
        "max": 32.3964881897,
        "mean": 11.825961113,
        "median": 10.6232442856,
        "min": 2.79514169693,
        "stdev": 5.89062213898,
        "var": 34.6994285583
    },
    "erbbands_flatness_db": {
        "dmean": 0.0239477790892,
        "dmean2": 0.0349220111966,
        "dvar": 0.000452974956715,
        "dvar2": 0.000972140755039,
        "max": 0.321513801813,
        "mean": 0.142674297094,
        "median": 0.137932449579,
        "min": 0.0498984716833,
        "stdev": 0.0453671589494,
        "var": 0.00205817911774
    },
    "erbbands_kurtosis": {
        "dmean": 1.62556767464,
        "dmean2": 2.62186479568,
        "dvar": 11.1788139343,
        "dvar2": 27.001789093,
        "max": 66.6524429321,
        "mean": 1.08790540695,
        "median": 0.0317993164062,
        "min": -1.82684326172,
        "stdev": 3.79553294182,
        "var": 14.4060707092
    },
    "erbbands_skewness": {
        "dmean": 0.498271226883,
        "dmean2": 0.779414057732,
        "dvar": 0.224266141653,
        "dvar2": 0.527864634991,
        "max": 7.34763526917,
        "mean": 0.734106004238,
        "median": 0.668747186661,
        "min": -2.62088537216,
        "stdev": 0.807571291924,
        "var": 0.652171432972
    },
    "erbbands_spread": {
        "dmean": 10.0161190033,
        "dmean2": 15.1748723984,
        "dvar": 94.1708374023,
        "dvar2": 199.426605225,
        "max": 129.736587524,
        "mean": 41.4434928894,
        "median": 38.1312255859,
        "min": 3.32018303871,
        "stdev": 21.9756755829,
        "var": 482.930358887
    },
    "hfc": {
        "dmean": 10.0796031952,
        "dmean2": 13.4778594971,
        "dvar": 159.239425659,
        "dvar2": 312.906341553,
        "max": 152.716339111,
        "mean": 23.2548694611,
        "median": 15.9264345169,
        "min": 1.15022547905e-16,
        "stdev": 21.9286651611,
        "var": 480.866394043
    },
    "loudness_ebu128": {
        "integrated": -15.7475767136,
        "loudness_range": 3.19320106506,
        "momentary": {
            "dmean": 0.794065654278,
            "dmean2": 1.03113985062,
            "dvar": 0.368353545666,
            "dvar2": 0.565500319004,
            "max": -11.6135444641,
            "mean": -16.1767406464,
            "median": -16.0530509949,
            "min": -21.5186634064,
            "stdev": 1.98063158989,
            "var": 3.9229016304
        },
        "short_term": {
            "dmean": 0.109671883285,
            "dmean2": 0.157443955541,
            "dvar": 0.00977504812181,
            "dvar2": 0.0134251778945,
            "max": -14.2020587921,
            "mean": -15.9692440033,
            "median": -15.720041275,
            "min": -18.0667076111,
            "stdev": 1.07418870926,
            "var": 1.15388143063
        }
    },
    "melbands_crest": {
        "dmean": 3.99403977394,
        "dmean2": 6.59899044037,
        "dvar": 11.5062303543,
        "dvar2": 31.3294448853,
        "max": 32.254699707,
        "mean": 13.2164859772,
        "median": 12.0518569946,
        "min": 1.76427650452,
        "stdev": 5.06639146805,
        "var": 25.6683216095
    },
    "melbands_flatness_db": {
        "dmean": 0.026226259768,
        "dmean2": 0.0390125028789,
        "dvar": 0.000538805499673,
        "dvar2": 0.0011717065936,
        "max": 0.373361736536,
        "mean": 0.171736598015,
        "median": 0.170964106917,
        "min": 0.00527732633054,
        "stdev": 0.043835490942,
        "var": 0.00192155013792
    },
    "melbands_kurtosis": {
        "dmean": 5.3029384613,
        "dmean2": 8.34875297546,
        "dvar": 61.6509170532,
        "dvar2": 149.576980591,
        "max": 145.796707153,
        "mean": 9.72147655487,
        "median": 7.1404132843,
        "min": -1.22690224648,
        "stdev": 10.3785219193,
        "var": 107.713722229
    },
    "melbands_skewness": {
        "dmean": 0.692121565342,
        "dmean2": 1.07148969173,
        "dvar": 0.424299031496,
        "dvar2": 0.99251294136,
        "max": 7.33940601349,
        "mean": 2.15479230881,
        "median": 2.12755441666,
        "min": -1.09340333939,
        "stdev": 1.32542276382,
        "var": 1.75674545765
    },
    "melbands_spread": {
        "dmean": 8.09201812744,
        "dmean2": 12.4904108047,
        "dvar": 85.9834365845,
        "dvar2": 177.683731079,
        "max": 169.490020752,
        "mean": 25.2788715363,
        "median": 22.5367870331,
        "min": 1.19245004654,
        "stdev": 16.0238037109,
        "var": 256.762268066
    },
    "pitch_salience": {
        "dmean": 0.0743726491928,
        "dmean2": 0.12145780772,
        "dvar": 0.00403564795852,
        "dvar2": 0.0104581862688,
        "max": 0.951721608639,
        "mean": 0.535699129105,
        "median": 0.53909778595,
        "min": 0.139481052756,
        "stdev": 0.103342175484,
        "var": 0.010679605417
    },
    "silence_rate_20dB": {
        "dmean": 0,
        "dmean2": 0,
        "dvar": 0,
        "dvar2": 0,
        "max": 1,
        "mean": 1,
        "median": 1,
        "min": 1,
        "stdev": 0,
        "var": 0
    },
    "silence_rate_30dB": {
        "dmean": 0.0030959751457,
        "dmean2": 0.00619674660265,
        "dvar": 0.00308634969406,
        "dvar2": 0.00770768010989,
        "max": 1,
        "mean": 0.997679829597,
        "median": 1,
        "min": 0,
        "stdev": 0.0481123402715,
        "var": 0.00231479713693
    },
    "silence_rate_60dB": {
        "dmean": 0.0417956672609,
        "dmean2": 0.082881487906,
        "dvar": 0.0400489866734,
        "dvar2": 0.0837577283382,
        "max": 1,
        "mean": 0.0564578510821,
        "median": 0,
        "min": 0,
        "stdev": 0.230804458261,
        "var": 0.0532706975937
    },
    "spectral_centroid": {
        "dmean": 285.773925781,
        "dmean2": 432.017852783,
        "dvar": 120255.898438,
        "dvar2": 189453.359375,
        "max": 10871.4658203,
        "mean": 1411.39245605,
        "median": 1358.63232422,
        "min": 468.706085205,
        "stdev": 576.735656738,
        "var": 332624.03125
    },
    "spectral_complexity": {
        "dmean": 3.27708983421,
        "dmean2": 4.2099146843,
        "dvar": 10.6058959961,
        "dvar2": 16.1968479156,
        "max": 41,
        "mean": 15.4462490082,
        "median": 15,
        "min": 0,
        "stdev": 7.2268204689,
        "var": 52.2269363403
    },
    "spectral_decrease": {
        "dmean": 2.22067564337e-09,
        "dmean2": 3.31981286905e-09,
        "dvar": 7.22310737212e-18,
        "dvar2": 1.64375164113e-17,
        "max": 1.47897215996e-29,
        "mean": -5.1390820488e-09,
        "median": -3.96951183035e-09,
        "min": -3.21589155305e-08,
        "stdev": 4.33358549046e-09,
        "var": 1.87799628659e-17
    },
    "spectral_energy": {
        "dmean": 0.00918391626328,
        "dmean2": 0.0134945418686,
        "dvar": 0.000120777593111,
        "dvar2": 0.000272817647783,
        "max": 0.134886100888,
        "mean": 0.0215053837746,
        "median": 0.0165132433176,
        "min": 1.03770680262e-20,
        "stdev": 0.0180852953345,
        "var": 0.000327077897964
    },
    "spectral_energyband_high": {
        "dmean": 0.000537676562089,
        "dmean2": 0.000681592384353,
        "dvar": 6.86271505401e-07,
        "dvar2": 1.26737279516e-06,
        "max": 0.00902420096099,
        "mean": 0.000988981453702,
        "median": 0.00054665049538,
        "min": 7.96251408565e-21,
        "stdev": 0.00125093490351,
        "var": 1.56483804403e-06
    },
    "spectral_energyband_low": {
        "dmean": 0.00242332369089,
        "dmean2": 0.00396996643394,
        "dvar": 2.59149765043e-05,
        "dvar2": 6.30702488706e-05,
        "max": 0.0464765653014,
        "mean": 0.00339897722006,
        "median": 0.00197085924447,
        "min": 1.01594436177e-22,
        "stdev": 0.0049962871708,
        "var": 2.49628847087e-05
    },
    "spectral_energyband_middle_high": {
        "dmean": 0.00464968336746,
        "dmean2": 0.00670911418274,
        "dvar": 7.92845021351e-05,
        "dvar2": 0.000183612719411,
        "max": 0.122248098254,
        "mean": 0.00858076568693,
        "median": 0.00314194173552,
        "min": 1.32969091617e-21,
        "stdev": 0.0137100964785,
        "var": 0.000187966754311
    },
    "spectral_energyband_middle_low": {
        "dmean": 0.00439178710803,
        "dmean2": 0.00700325518847,
        "dvar": 3.19874052366e-05,
        "dvar2": 7.8411459981e-05,
        "max": 0.0747349709272,
        "mean": 0.00903435703367,
        "median": 0.00663095340133,
        "min": 2.48524733821e-22,
        "stdev": 0.0077914763242,
        "var": 6.0707105149e-05
    },
    "spectral_entropy": {
        "dmean": 0.191572442651,
        "dmean2": 0.276713162661,
        "dvar": 0.0338981300592,
        "dvar2": 0.0677862092853,
        "max": 9.79017543793,
        "mean": 7.59888267517,
        "median": 7.61140823364,
        "min": 5.83770275116,
        "stdev": 0.394593596458,
        "var": 0.15570409596
    },
    "spectral_flux": {
        "dmean": 0.0241264216602,
        "dmean2": 0.0371813513339,
        "dvar": 0.000625478860456,
        "dvar2": 0.00129856483545,
        "max": 0.272864639759,
        "mean": 0.078402556479,
        "median": 0.0721009075642,
        "min": 1.01867896063e-10,
        "stdev": 0.0421766936779,
        "var": 0.00177887361497
    },
    "spectral_kurtosis": {
        "dmean": 0.853894412518,
        "dmean2": 1.32567453384,
        "dvar": 0.758058845997,
        "dvar2": 1.72506380081,
        "max": 13.6804828644,
        "mean": 3.68757295609,
        "median": 3.51218032837,
        "min": -1.19807851315,
        "stdev": 1.77444064617,
        "var": 3.14863967896
    },
    "spectral_rms": {
        "dmean": 0.000934397918172,
        "dmean2": 0.00131859630346,
        "dvar": 8.19853710254e-07,
        "dvar2": 1.64624498211e-06,
        "max": 0.0114715388045,
        "mean": 0.00420310581103,
        "median": 0.00401378655806,
        "min": 3.18181852393e-12,
        "stdev": 0.00182065495756,
        "var": 3.31478440785e-06
    },
    "spectral_rolloff": {
        "dmean": 770.46307373,
        "dmean2": 1242.3059082,
        "dvar": 1458911.25,
        "dvar2": 2775909.25,
        "max": 18475.4882812,
        "mean": 1856.38500977,
        "median": 1335.05859375,
        "min": 215.33203125,
        "stdev": 1695.9005127,
        "var": 2876078.5
    },
    "spectral_skewness": {
        "dmean": 0.170198827982,
        "dmean2": 0.247864812613,
        "dvar": 0.0268317777663,
        "dvar2": 0.0573205091059,
        "max": 2.88631224632,
        "mean": 1.54493916035,
        "median": 1.53115975857,
        "min": -0.00422838097438,
        "stdev": 0.364400357008,
        "var": 0.132787615061
    },
    "spectral_spread": {
        "dmean": 771407.75,
        "dmean2": 983034.75,
        "dvar": 1.05302150349e+12,
        "dvar2": 1.15002821837e+12,
        "max": 41615644,
        "mean": 5993864,
        "median": 5643227.5,
        "min": 3212284.25,
        "stdev": 1973900.75,
        "var": 3.89628428288e+12
    },
    "spectral_strongpeak": {
        "dmean": 0.83842253685,
        "dmean2": 1.34317946434,
        "dvar": 1.27284359932,
        "dvar2": 3.11736989021,
        "max": 9.66585922241,
        "mean": 1.48626625538,
        "median": 0.870117068291,
        "min": 5.10346565008e-09,
        "stdev": 1.66252744198,
        "var": 2.76399755478
    },
    "zerocrossingrate": {
        "dmean": 0.0171355735511,
        "dmean2": 0.0191674027592,
        "dvar": 0.000415630667703,
        "dvar2": 0.000515818828717,
        "max": 0.498046875,
        "mean": 0.0852985456586,
        "median": 0.076171875,
        "min": 0.009765625,
        "stdev": 0.0408148020506,
        "var": 0.00166584795807
    },
    "barkbands": {
        "dmean": [7.8834425949e-05, 0.00176978670061, 0.000822138565127, 0.000281092856312, 0.000622436578851, 0.00103535212111, 0.00257179699838, 0.000540695851669, 0.000431464373833, 0.00266280933283, 0.00136460456997, 0.000244922586717, 0.000564811343793, 0.000159775838256, 0.000484554446302, 0.000326167355524, 0.000171143517946, 8.56991609908e-05, 0.000168055397808, 0.000146529710037, 0.000104643440864, 8.0938632891e-05, 6.35182441329e-05, 5.38129716006e-05, 6.86616622261e-05, 0.000184187752893, 1.40295078381e-05],
        "dmean2": [0.000128668005345, 0.00299492431805, 0.00144244055264, 0.000440091331257, 0.000878116756212, 0.00164376350585, 0.00420940155163, 0.000875241181348, 0.000705843209289, 0.00417897757143, 0.00210210843943, 0.000366576336091, 0.000884084263816, 0.000239639950451, 0.000736971851438, 0.000509389094077, 0.000248220807407, 0.000132344270241, 0.000260308443103, 0.00021861262212, 0.000144037330756, 0.000116213646834, 8.63702371134e-05, 7.91637576185e-05, 9.37880759011e-05, 0.000281844375422, 2.15973650484e-05],
        "dvar": [3.10684917793e-08, 1.68229398696e-05, 3.28117744175e-06, 2.23048630232e-07, 6.7692610628e-07, 4.41954398411e-06, 1.8376404114e-05, 5.84805638937e-06, 1.90741684492e-06, 3.62421887985e-05, 2.84084271698e-05, 9.00617465049e-07, 1.87311457012e-06, 5.91576508668e-07, 2.17421211346e-06, 9.36467756674e-07, 1.24604625285e-07, 5.73319844932e-08, 9.07568775688e-08, 5.54035963773e-08, 2.57482177801e-08, 2.58665391328e-08, 1.14631850678e-08, 1.00437000938e-08, 1.02113864031e-08, 1.52036619738e-07, 7.77749975533e-10],
        "dvar2": [7.90490446434e-08, 4.38943206973e-05, 9.03092495719e-06, 5.18190972798e-07, 1.52545874244e-06, 1.1165216165e-05, 4.71573112009e-05, 1.50422501974e-05, 5.20267758475e-06, 9.00545419427e-05, 6.70207882649e-05, 1.99334817808e-06, 4.58539989268e-06, 1.2932791833e-06, 4.52336735179e-06, 2.29917986871e-06, 2.49327769097e-07, 1.10548825205e-07, 2.12098001384e-07, 1.20946396009e-07, 4.69934384739e-08, 4.73919818944e-08, 2.15069100307e-08, 2.3077888045e-08, 1.93418561167e-08, 3.66605405588e-07, 1.68787250843e-09],
        "max": [0.00120234349743, 0.0384109653533, 0.0155457397923, 0.00640178192407, 0.00900788605213, 0.0312180072069, 0.0409218557179, 0.0596682168543, 0.0182793140411, 0.0684351176023, 0.106222786009, 0.0248170364648, 0.022124607116, 0.0211221091449, 0.0329723767936, 0.0221585184336, 0.00631450908259, 0.00418784888461, 0.00433775177225, 0.00437203422189, 0.00247150612995, 0.00238845893182, 0.00204537622631, 0.00162447243929, 0.00104254775215, 0.00308544631116, 0.000221147594857],
        "mean": [7.88295801613e-05, 0.00196963362396, 0.00106148410123, 0.000609823851846, 0.00152161088772, 0.0016926843673, 0.00349333253689, 0.000675727787893, 0.000610334158409, 0.00358515209518, 0.00179535918869, 0.000327062502038, 0.000832918449305, 0.000227532436838, 0.000680365366861, 0.00046768473112, 0.00028811651282, 0.000148893435835, 0.000288344774162, 0.000267636409262, 0.00022642328986, 0.000140440912219, 0.000103545105958, 9.64405699051e-05, 0.000125182166812, 0.000177346781129, 1.34778338179e-05],
        "median": [8.97056452231e-06, 0.000995979877189, 0.000459212606074, 0.000317733094562, 0.00103512359783, 0.000769281643443, 0.00136349431705, 0.000122929763165, 0.000121722689073, 0.000523884140421, 0.000143041834235, 5.52010023966e-05, 0.000132678280352, 4.33370551036e-05, 0.000137392227771, 0.00010659716645, 9.17274737731e-05, 6.62636084598e-05, 0.000149091516505, 0.000133663284942, 0.000126587794512, 4.9258578656e-05, 4.20332980866e-05, 5.12221740792e-05, 7.63082425692e-05, 4.44232100563e-05, 2.88256251224e-06],
        "min": [2.49497187903e-23, 4.00563435941e-23, 3.13994723726e-23, 9.87601472973e-24, 3.92480861769e-23, 4.53154899226e-23, 1.8793680211e-23, 3.68658019738e-23, 8.69202538777e-23, 3.73721907215e-23, 2.78344206153e-23, 5.59730386174e-23, 1.41499318478e-22, 1.12580775787e-22, 1.20131449449e-22, 1.49518045403e-22, 1.21881155558e-22, 1.91677511103e-22, 3.17758574743e-22, 1.56037456981e-22, 5.01182341479e-22, 4.53678172752e-22, 5.88175751162e-22, 1.2906259183e-21, 1.18087282389e-21, 1.51398548437e-21, 2.49984401651e-21],
        "stdev": [0.000173605512828, 0.00364724383689, 0.00172087457031, 0.000818895641714, 0.00148008065298, 0.00272174947895, 0.00530797289684, 0.0025571086444, 0.00168421887793, 0.00787248648703, 0.00655728718266, 0.00133376510348, 0.00199303170666, 0.000931344402488, 0.00207780906931, 0.00123172532767, 0.000586474838201, 0.000337218894856, 0.000419331539888, 0.000367147207726, 0.000283898232738, 0.000246010371484, 0.000168854981894, 0.000139028517879, 0.000144289704622, 0.000381351826945, 2.90306852548e-05],
        "var": [3.01388745072e-08, 1.33023868329e-05, 2.96140933642e-06, 6.70590054597e-07, 2.19063872464e-06, 7.40792074794e-06, 2.81745742541e-05, 6.53880442769e-06, 2.83659323941e-06, 6.19760467089e-05, 4.29980136687e-05, 1.77892945885e-06, 3.97217536374e-06, 8.67402434324e-07, 4.31729040429e-06, 1.51714721142e-06, 3.4395276316e-07, 1.13716573935e-07, 1.75838934524e-07, 1.34797062401e-07, 8.0598205443e-08, 6.05211099014e-08, 2.85120052013e-08, 1.93289277917e-08, 2.08195185536e-08, 1.45429211784e-07, 8.42780678578e-10]
    },
    "erbbands": {
        "dmean": [0.0486289560795, 0.418695598841, 0.906202375889, 0.968636512756, 1.22675848007, 2.24486541748, 3.89477586746, 11.1930141449, 36.7713050842, 23.9626102448, 7.57251262665, 10.6161146164, 29.678768158, 116.293029785, 35.9645576477, 9.72611236572, 25.515171051, 10.5747489929, 18.686170578, 17.5379104614, 18.4992198944, 8.43463420868, 5.19307565689, 4.86140537262, 10.257604599, 7.23020887375, 4.20713424683, 4.24907064438, 2.72217655182, 2.32308197021, 2.0057284832, 1.21167802811, 0.857819259167, 0.641510009766, 0.717439651489, 0.992357671261, 0.220807686448, 0.0520066581666, 0.00160353339743, 4.43600547442e-05],
        "dmean2": [0.0843391045928, 0.724930226803, 1.60746002197, 1.53720164299, 1.85126447678, 3.14274311066, 5.63407850266, 17.9222621918, 59.7013320923, 39.0961456299, 12.4140071869, 17.3539390564, 46.950668335, 181.176895142, 54.2756271362, 14.4612464905, 40.4353370667, 15.3138875961, 28.7242107391, 26.3864803314, 28.6533908844, 11.95129776, 7.59181785583, 7.24402284622, 15.9892377853, 10.8091487885, 5.96355009079, 5.84552907944, 3.90023899078, 3.21306037903, 2.7785859108, 1.73016488552, 1.26002669334, 0.903420090675, 1.04007863998, 1.57190096378, 0.319724947214, 0.0745645016432, 0.00240259990096, 6.32041264907e-05],
        "dvar": [0.0141800390556, 0.935869693756, 4.09844255447, 3.37853097916, 3.40932750702, 9.71601200104, 44.0219154358, 531.182861328, 4189.49951172, 3544.68383789, 633.706176758, 1237.60852051, 5791.06689453, 79874.0859375, 33954.5039062, 554.172363281, 3819.2512207, 1457.01831055, 2066.40429688, 3675.52124023, 3268.43725586, 304.755310059, 196.365020752, 71.1259689331, 373.028411865, 158.444168091, 39.6254577637, 48.4801216125, 28.9278907776, 20.5446434021, 10.9372339249, 5.42231225967, 2.35226607323, 0.890676796436, 1.73478603363, 6.48590278625, 0.126346156001, 0.00906866509467, 9.66229526966e-06, 4.83060347278e-09],
        "dvar2": [0.0384087525308, 2.45042800903, 11.3086261749, 8.24145030975, 8.64530563354, 21.0675296783, 105.460777283, 1321.55541992, 11052.8652344, 8653.875, 1701.27075195, 3329.27856445, 14868.2089844, 198455.015625, 80840.8671875, 1234.21228027, 9616.26660156, 2914.90551758, 4784.73730469, 7730.51806641, 8185.80078125, 566.694824219, 383.146728516, 148.499908447, 919.188293457, 347.904785156, 81.4219894409, 90.6529846191, 55.6249465942, 34.7463111877, 21.3400821686, 12.6334075928, 5.27210235596, 1.72915506363, 4.01524591446, 16.4771194458, 0.247846513987, 0.0193351637572, 2.13087550947e-05, 1.00962882499e-08],
        "max": [1.1478767395, 8.30162239075, 15.6213026047, 19.3556137085, 25.3341884613, 39.5232276917, 113.384567261, 378.105682373, 637.502441406, 1167.01879883, 493.437530518, 481.650115967, 1357.71484375, 4308.78222656, 5029.25097656, 452.538024902, 893.04296875, 891.340576172, 762.35949707, 1196.14343262, 1285.83569336, 365.171844482, 273.068695068, 153.928359985, 296.676269531, 253.166717529, 109.111862183, 104.524780273, 92.0850296021, 56.6884727478, 49.9986038208, 41.675617218, 24.0391902924, 9.5076713562, 13.9768714905, 20.8551502228, 2.62810468674, 0.772255897522, 0.0234979670495, 0.00059743487509],
        "mean": [0.0453657954931, 0.478765755892, 1.13381016254, 1.84478378296, 2.88339090347, 5.27911615372, 7.95371866226, 18.494020462, 50.4028015137, 32.3660850525, 10.2267427444, 15.9332027435, 43.7136459351, 153.936660767, 51.7027206421, 15.2837896347, 37.7836380005, 16.4477577209, 27.5831241608, 26.3055839539, 27.3862876892, 15.4137334824, 9.7913351059, 9.20247840881, 18.1332759857, 13.369184494, 8.67941761017, 8.61681175232, 4.93434619904, 3.99774622917, 3.14736652374, 2.08159303665, 1.6302075386, 1.35091805458, 0.968492388725, 0.911946058273, 0.243426471949, 0.053233884275, 0.00160409195814, 6.48090353934e-05],
        "median": [0.0154705327004, 0.250873029232, 0.652200639248, 0.926643073559, 1.77422738075, 3.16732525826, 5.09060621262, 8.69723320007, 20.0101222992, 11.2891921997, 2.91787648201, 4.16238737106, 10.5356845856, 19.1315174103, 8.03339481354, 4.82347011566, 7.16476964951, 4.4206237793, 7.15364933014, 6.2260260582, 6.84122896194, 5.9732208252, 3.9781639576, 5.09242486954, 9.27058029175, 6.26886558533, 4.93948030472, 4.5373916626, 1.95177543163, 1.28102600574, 1.26611757278, 1.01068973541, 0.921333014965, 0.812561571598, 0.47613722086, 0.215530440211, 0.0778974294662, 0.013542464003, 0.000392363988794, 3.86506762879e-05],
        "min": [1.68413599111e-21, 7.69834377883e-21, 3.50798185872e-20, 3.30776376081e-20, 5.27817745015e-20, 1.45300323353e-19, 2.03183501638e-19, 5.07414611424e-19, 3.30509707268e-19, 4.57264356945e-19, 7.6940871591e-19, 2.64665928884e-18, 1.39727731643e-18, 8.26600448751e-19, 1.94876287012e-18, 2.51216799304e-18, 5.90081904469e-18, 4.16076025376e-18, 6.86670461108e-18, 8.38791994966e-18, 8.68359235089e-18, 6.45833216011e-18, 8.5578087854e-18, 1.34195719347e-17, 1.48231692212e-17, 7.812045079e-18, 1.76198801071e-17, 1.84784092105e-17, 1.52262642598e-17, 1.5272224069e-17, 2.21486244777e-17, 2.31991901777e-17, 2.0945450572e-17, 1.29017361917e-17, 9.24397991894e-18, 4.39790714512e-18, 3.28647914995e-18, 1.45960103289e-18, 3.62138586501e-19, 3.51923442311e-20],
        "stdev": [0.101739943027, 0.852098286152, 1.76506710052, 2.44120669365, 3.25235152245, 5.67972993851, 9.12623405457, 29.7342720032, 78.2150726318, 68.954284668, 27.8502388, 43.5073013306, 101.16986084, 359.10925293, 206.548797607, 34.0476837158, 85.7521209717, 50.6381797791, 61.9185791016, 81.2769241333, 71.1718673706, 30.0272426605, 21.1299705505, 13.3657541275, 26.3549633026, 19.2087879181, 10.7213954926, 11.5646352768, 8.24759483337, 7.21360015869, 4.96524810791, 3.20846366882, 2.18827581406, 1.46098482609, 1.46212148666, 2.33579301834, 0.411002933979, 0.104372479022, 0.00327931763604, 8.18606931716e-05],
        "var": [0.0103510161862, 0.726071536541, 3.11546182632, 5.95948982239, 10.5777902603, 32.2593307495, 83.2881546021, 884.126953125, 6117.59765625, 4754.69384766, 775.635803223, 1892.88513184, 10235.3408203, 128959.453125, 42662.40625, 1159.24487305, 7353.42626953, 2564.2253418, 3833.91064453, 6605.93896484, 5065.43505859, 901.635314941, 446.47567749, 178.643371582, 694.58404541, 368.977508545, 114.948326111, 133.74079895, 68.0228271484, 52.0360298157, 24.6536884308, 10.2942390442, 4.78855133057, 2.13447666168, 2.137799263, 5.45592880249, 0.168923407793, 0.0108936140314, 1.07539244709e-05, 6.70117250579e-09]
    },
    "gfcc": {
        "mean": [12.6422433853, 58.3161735535, -102.085723877, 18.286195755, -64.4731216431, 8.40503883362, -40.3470916748, 12.6710271835, -33.67029953, 12.342004776, -18.8175354004, 8.95445823669, -6.76888465881],
        "cov": [[4311.80371094, -100.373603821, -248.421203613, 10.2880306244, 250.239425659, 160.422851562, 147.609680176, 6.83141994476, -85.4361877441, 82.9759521484, -72.363243103, 108.450683594, -28.4576454163], [-100.373603821, 654.27947998, -116.378364563, 7.07991409302, 130.206771851, 83.8363494873, 69.3924026489, 25.0437202454, 4.30713748932, 2.15889549255, 46.657043457, -76.382019043, 83.0700683594], [-248.421203613, -116.378364563, 575.020385742, 116.088500977, -11.9912633896, 26.4875221252, -22.7497444153, 22.0909843445, 61.4532775879, 16.4312210083, -19.7437229156, 46.3610610962, -102.154968262], [10.2880306244, 7.07991409302, 116.088500977, 327.309234619, 32.0451469421, 7.88583374023, -12.8025178909, 58.924156189, 21.5272750854, -55.726688385, -8.57233715057, 8.39237308502, -3.37747621536], [250.239425659, 130.206771851, -11.9912633896, 32.0451469421, 282.362915039, 99.8701400757, 85.1977996826, 31.0197677612, -23.6079921722, 0.00905920565128, -26.1809673309, -11.6647167206, 17.2121105194], [160.422851562, 83.8363494873, 26.4875221252, 7.88583374023, 99.8701400757, 233.297454834, 85.1035919189, -18.1011657715, -7.87166595459, 10.1319561005, -5.20011043549, -16.5693893433, 21.9038200378], [147.609680176, 69.3924026489, -22.7497444153, -12.8025178909, 85.1977996826, 85.1035919189, 138.635162354, 45.4058189392, -4.60977649689, 9.16429901123, 18.4150867462, 13.9990882874, 14.0624437332], [6.83141994476, 25.0437202454, 22.0909843445, 58.924156189, 31.0197677612, -18.1011657715, 45.4058189392, 135.294876099, 48.4468765259, -16.6804790497, 9.21234703064, 17.3156242371, 6.76635074615], [-85.4361877441, 4.30713748932, 61.4532775879, 21.5272750854, -23.6079921722, -7.87166595459, -4.60977649689, 48.4468765259, 96.4888534546, 38.1177711487, 12.1796016693, 5.46912145615, -8.16662406921], [82.9759521484, 2.15889549255, 16.4312210083, -55.726688385, 0.00905920565128, 10.1319561005, 9.16429901123, -16.6804790497, 38.1177711487, 108.400543213, 47.0277023315, 1.87893652916, -14.9039230347], [-72.363243103, 46.657043457, -19.7437229156, -8.57233715057, -26.1809673309, -5.20011043549, 18.4150867462, 9.21234703064, 12.1796016693, 47.0277023315, 95.8295593262, 23.8593273163, -1.37152302265], [108.450683594, -76.382019043, 46.3610610962, 8.39237308502, -11.6647167206, -16.5693893433, 13.9990882874, 17.3156242371, 5.46912145615, 1.87893652916, 23.8593273163, 83.8717422485, 5.55458641052], [-28.4576454163, 83.0700683594, -102.154968262, -3.37747621536, 17.2121105194, 21.9038200378, 14.0624437332, 6.76635074615, -8.16662406921, -14.9039230347, -1.37152302265, 5.55458641052, 93.7965240479]],
        "icov": [[0.000358412740752, -0.000142140153912, 0.000450168823591, -0.000261298147961, 2.06127970159e-05, -0.000354413379682, 4.98639856232e-05, -0.000375958363293, 0.00069812615402, -0.0011458452791, 0.00121330702677, -0.00123033195268, 0.000783443858381], [-0.000142140153912, 0.00283094542101, -0.000577344966587, 0.000327986810589, -0.00134813552722, 0.000431766093243, -0.000827036041301, 0.000764819269534, -0.00154750002548, 0.00215541105717, -0.0038006734103, 0.00426214747131, -0.00305215572007], [0.000450168823591, -0.000577344966587, 0.00360957463272, -0.00124204345047, 0.00036932452349, -0.00162118452135, 0.000961615762208, -0.000736724992748, -9.53430644586e-05, -0.0023193124216, 0.00349095719866, -0.00450199656188, 0.00469502015039], [-0.000261298147961, 0.000327986810589, -0.00124204345047, 0.00449310010299, -0.00100333278533, -0.000164377168403, 0.001349316095, -0.000905684079044, -0.00163492863066, 0.00409739697352, -0.00287563959137, 0.0015690929722, -0.00110140710603], [2.06127970159e-05, -0.00134813552722, 0.00036932452349, -0.00100333278533, 0.00619384367019, -0.00162747921422, -0.00158274930436, -0.00242576026358, 0.00367897888646, -0.00375095498748, 0.00458346912637, -0.00158634223044, 0.00110733695328], [-0.000354413379682, 0.000431766093243, -0.00162118452135, -0.000164377168403, -0.00162747921422, 0.00805059075356, -0.00559615762904, 0.00462037837133, -0.00269992114045, 0.00209467229433, -0.00193930428941, 0.00402132188901, -0.00350589351729], [4.98639856232e-05, -0.000827036041301, 0.000961615762208, 0.001349316095, -0.00158274930436, -0.00559615762904, 0.0152580188587, -0.00738839665428, 0.00410770531744, -0.00222691497765, -0.000603456574026, -0.00400460930541, 0.00191832077689], [-0.000375958363293, 0.000764819269534, -0.000736724992748, -0.000905684079044, -0.00242576026358, 0.00462037837133, -0.00738839665428, 0.0169210843742, -0.0118704112247, 0.00862072594464, -0.00478069484234, 0.00208432017826, -0.00223026401363], [0.00069812615402, -0.00154750002548, -9.53430644586e-05, -0.00163492863066, 0.00367897888646, -0.00269992114045, 0.00410770531744, -0.0118704112247, 0.0234231967479, -0.0143863745034, 0.00737024797127, -0.00376668642275, 0.00169977219775], [-0.0011458452791, 0.00215541105717, -0.0023193124216, 0.00409739697352, -0.00375095498748, 0.00209467229433, -0.00222691497765, 0.00862072594464, -0.0143863745034, 0.0253029894084, -0.0159262437373, 0.00787837803364, -0.00265534082428], [0.00121330702677, -0.0038006734103, 0.00349095719866, -0.00287563959137, 0.00458346912637, -0.00193930428941, -0.000603456574026, -0.00478069484234, 0.00737024797127, -0.0159262437373, 0.0256475955248, -0.0131967635825, 0.00674739899114], [-0.00123033195268, 0.00426214747131, -0.00450199656188, 0.0015690929722, -0.00158634223044, 0.00402132188901, -0.00400460930541, 0.00208432017826, -0.00376668642275, 0.00787837803364, -0.0131967635825, 0.0250206068158, -0.00994342565536], [0.000783443858381, -0.00305215572007, 0.00469502015039, -0.00110140710603, 0.00110733695328, -0.00350589351729, 0.00191832077689, -0.00223026401363, 0.00169977219775, -0.00265534082428, 0.00674739899114, -0.00994342565536, 0.0195783060044]]
    },
    "melbands": {
        "dmean": [0.000468110025395, 0.000472898536827, 0.000165483987075, 0.00011096464732, 0.00013938183838, 0.000251452380326, 0.000557428633329, 0.000229823242989, 5.47883391846e-05, 7.00645541656e-05, 0.000152804132085, 0.000483601441374, 0.000143919445691, 3.78398253815e-05, 4.29817810073e-05, 4.74429398309e-05, 1.81078485184e-05, 2.61388504441e-05, 3.74283845304e-05, 1.9498886104e-05, 2.1930110961e-05, 8.70586518431e-06, 8.56648603076e-06, 3.25937594425e-06, 4.01183388021e-06, 7.83777977631e-06, 6.40868847768e-06, 4.8484821491e-06, 2.91335254587e-06, 2.89450372293e-06, 2.38658094531e-06, 1.57118302013e-06, 1.7281009832e-06, 1.10722487534e-06, 1.24104747101e-06, 1.02766819055e-06, 7.44283454424e-07, 6.86901842073e-07, 5.57293219572e-07, 5.90331524108e-07],
        "dmean2": [0.0007946487749, 0.000807069067378, 0.000261855195276, 0.000160010284162, 0.000197257322725, 0.000403966987506, 0.000905657187104, 0.000375295232516, 8.99847145774e-05, 0.000115430142614, 0.000240399458562, 0.000752041349187, 0.000221273337957, 5.56676604901e-05, 6.76239505992e-05, 7.41549592931e-05, 2.62469820882e-05, 4.15907525166e-05, 5.66877570236e-05, 3.0331155358e-05, 3.41663617291e-05, 1.2377555322e-05, 1.27957646328e-05, 4.973983323e-06, 6.12918165643e-06, 1.24230828078e-05, 9.55917585088e-06, 7.48879938328e-06, 4.37099743067e-06, 4.1285907173e-06, 3.50016603079e-06, 2.33795094573e-06, 2.5249457849e-06, 1.56126918682e-06, 1.78259347194e-06, 1.50395749188e-06, 1.12020688903e-06, 1.05181834442e-06, 8.29791645174e-07, 8.5077311951e-07],
        "dvar": [1.24424468595e-06, 1.03846900856e-06, 8.19541412511e-08, 2.00176764054e-08, 4.82328346152e-08, 2.59588631479e-07, 8.95930497791e-07, 4.26419603627e-07, 3.09534264886e-08, 5.49480994039e-08, 1.54599959501e-07, 1.36915855364e-06, 3.97421274556e-07, 3.49227420315e-08, 1.11311955209e-08, 1.806015959e-08, 6.47150022459e-09, 4.05152400518e-09, 2.02505159308e-08, 3.02855118761e-09, 3.8442773409e-09, 3.73795050468e-10, 5.77024816817e-10, 5.06164693492e-11, 5.39746580763e-11, 2.03728686698e-10, 1.202373201e-10, 7.00829949629e-11, 2.0268347764e-11, 2.08704529353e-11, 1.58483330626e-11, 1.02572074098e-11, 1.31713901938e-11, 4.69353852658e-12, 4.59205893796e-12, 3.50868552962e-12, 2.29560836486e-12, 1.72366081911e-12, 7.79126166795e-13, 7.89127443945e-13],
        "dvar2": [3.27563247993e-06, 2.7441938073e-06, 1.99793788624e-07, 4.32032614128e-08, 1.15313454785e-07, 6.61487035813e-07, 2.34499566432e-06, 1.05422213892e-06, 8.52682546792e-08, 1.47022745978e-07, 3.92731465126e-07, 3.39168605024e-06, 9.70431187852e-07, 7.33015284027e-08, 2.63008654855e-08, 4.45886421119e-08, 1.30374351315e-08, 9.82640369074e-09, 4.1187742994e-08, 7.20228765516e-09, 9.60408197415e-09, 6.95046742383e-10, 1.06189856908e-09, 9.89562806697e-11, 1.15751123964e-10, 5.2280230145e-10, 2.7716440254e-10, 1.62633809198e-10, 4.33951069523e-11, 4.14079256994e-11, 3.25744327345e-11, 2.22272703715e-11, 2.42786433319e-11, 8.15673743826e-12, 9.00618555427e-12, 7.28337789385e-12, 5.542388163e-12, 3.98997024656e-12, 1.79753586148e-12, 1.60290574217e-12],
        "max": [0.0109346173704, 0.00702305464074, 0.00278314272873, 0.00243094447069, 0.0031722006388, 0.0073556015268, 0.00953276176006, 0.014434334822, 0.00278970040381, 0.00337954144925, 0.00674391025677, 0.017098294571, 0.0154347121716, 0.00403094897047, 0.00233522593044, 0.00298939784989, 0.00208826013841, 0.000796586100478, 0.0034262330737, 0.00115496071521, 0.00126627041027, 0.000407441373682, 0.000472148734843, 0.000205394884688, 0.000138087954838, 0.000224437811994, 0.000153866800247, 0.000151232001372, 7.64759024605e-05, 6.2464743678e-05, 6.15038079559e-05, 6.41010628897e-05, 4.22327575507e-05, 3.86457359127e-05, 3.48495523212e-05, 2.6890062145e-05, 2.75709626294e-05, 2.01758648473e-05, 1.01793912108e-05, 8.87267015059e-06],
        "mean": [0.00049399578711, 0.000621963117737, 0.000352191447746, 0.000276382255834, 0.000299601902952, 0.000401551049436, 0.000767872319557, 0.000304942135699, 6.96153874742e-05, 0.000102398742456, 0.000222190123168, 0.000643016945105, 0.000196754539502, 5.5209522543e-05, 6.11963987467e-05, 7.29205494281e-05, 2.51992114499e-05, 3.74369446945e-05, 5.17417392984e-05, 2.83712670353e-05, 3.08660019073e-05, 1.4454731172e-05, 1.49067245729e-05, 5.86093847232e-06, 6.870699508e-06, 1.27610037453e-05, 1.18162752187e-05, 7.9720884969e-06, 5.2706632232e-06, 5.62828790862e-06, 4.52689573649e-06, 2.6221312055e-06, 2.82941391561e-06, 1.81949008038e-06, 1.86906595445e-06, 1.53781866175e-06, 1.2346421272e-06, 1.27171301756e-06, 1.02502735899e-06, 1.16657986382e-06],
        "median": [0.000231919257203, 0.000377566058887, 0.000211931052036, 0.000195482251002, 0.000193767569726, 0.000186527438927, 0.000310522009386, 9.52009213506e-05, 1.5148244529e-05, 2.07147295441e-05, 4.55493791378e-05, 6.84145270498e-05, 2.11737260543e-05, 6.71260158924e-06, 1.42164699355e-05, 1.14987333291e-05, 4.72514011562e-06, 1.00681891126e-05, 8.83102165972e-06, 7.19708941688e-06, 6.54307950754e-06, 5.18887190992e-06, 4.38865981778e-06, 2.83192275674e-06, 3.54484473064e-06, 6.10229926679e-06, 5.49638571101e-06, 3.49560264112e-06, 2.85827263724e-06, 2.86997192234e-06, 2.3854720439e-06, 1.03242928162e-06, 8.03589273346e-07, 5.75885906073e-07, 7.39379004244e-07, 5.09007122673e-07, 6.18221292825e-07, 7.29116720777e-07, 5.96733627845e-07, 6.75017190588e-07],
        "min": [1.55121750398e-23, 1.48739092591e-23, 6.01599052501e-24, 8.27352110914e-24, 7.22868588423e-24, 1.0847244499e-23, 4.204965074e-24, 5.57707620596e-24, 5.87694195755e-24, 1.68674080982e-23, 6.39012950299e-24, 3.42990450146e-24, 5.14551722598e-24, 5.91288522141e-24, 1.21473630015e-23, 1.15399061834e-23, 7.12374450687e-24, 1.18736503555e-23, 9.89406544496e-24, 1.24296694982e-23, 9.85445042802e-24, 6.29591663394e-24, 8.21574809188e-24, 8.10393968034e-24, 1.08278424651e-23, 1.23864730527e-23, 6.30867369807e-24, 4.90008287684e-24, 8.90458853407e-24, 1.58073873009e-23, 7.95598645099e-24, 8.58852036834e-24, 8.7614702332e-24, 7.58748427861e-24, 1.38096033693e-23, 9.72930001199e-24, 1.60623660781e-23, 1.40489926773e-23, 1.23962154849e-23, 1.07111573154e-23],
        "stdev": [0.000983046833426, 0.000923040439375, 0.000411681074183, 0.000282168621197, 0.0003194315359, 0.000646320404485, 0.00116106052883, 0.000737247755751, 0.000193994070287, 0.000290199619485, 0.000529343844391, 0.00150184566155, 0.000726801343262, 0.000248915865086, 0.000157035101438, 0.000196916036657, 0.00010076459148, 8.0967831309e-05, 0.00019823218463, 7.10619715392e-05, 7.70604310674e-05, 3.02929693135e-05, 3.75392664864e-05, 1.15501907203e-05, 1.07838977783e-05, 1.85551052709e-05, 1.71431292983e-05, 1.17261361083e-05, 6.87503279551e-06, 7.41771418689e-06, 6.2686099227e-06, 4.59322382085e-06, 5.37457981409e-06, 3.46368733517e-06, 3.14329531648e-06, 2.59176090367e-06, 1.97717577066e-06, 1.77186564088e-06, 1.25663382278e-06, 1.30045327751e-06],
        "var": [9.66381094258e-07, 8.52003665841e-07, 1.69481310763e-07, 7.96191343966e-08, 1.02036501914e-07, 4.17730035451e-07, 1.34806145979e-06, 5.43534270037e-07, 3.76337006003e-08, 8.42158200953e-08, 2.80204886849e-07, 2.25554049393e-06, 5.28240207132e-07, 6.19591133955e-08, 2.46600215803e-08, 3.8775922917e-08, 1.01535029273e-08, 6.5557892448e-09, 3.9295997567e-08, 5.04980368632e-09, 5.93830984386e-09, 9.17664000344e-10, 1.40919664826e-09, 1.33406910519e-10, 1.16292454833e-10, 3.44291900545e-10, 2.93886859293e-10, 1.37502259578e-10, 4.72660764694e-11, 5.50224830975e-11, 3.9295469656e-11, 2.10977069148e-11, 2.8886107048e-11, 1.19971307194e-11, 9.88030490756e-12, 6.71722486661e-12, 3.90922407292e-12, 3.13950775099e-12, 1.57912864642e-12, 1.69117877254e-12]
    },
    "melbands128": {
