{
"lowlevel": {
    "average_loudness": 0.908475935459,
    "barkbands_crest": {
        "dmean": 3.07012701035,
        "dmean2": 4.88193798065,
        "dvar": 7.87117671967,
        "dvar2": 18.6184997559,
        "max": 25.0501422882,
        "mean": 11.124917984,
        "median": 10.2668962479,
        "min": 3.06239914894,
        "stdev": 4.3389172554,
        "var": 18.8262042999
    },
    "barkbands_flatness_db": {
        "dmean": 0.0328816436231,
        "dmean2": 0.0472909882665,
        "dvar": 0.000986049883068,
        "dvar2": 0.00184104964137,
        "max": 0.437420785427,
        "mean": 0.175183877349,
        "median": 0.167342171073,
        "min": 0.04479624331,
        "stdev": 0.0606920495629,
        "var": 0.00368352490477
    },
    "barkbands_kurtosis": {
        "dmean": 6.29000282288,
        "dmean2": 9.86395931244,
        "dvar": 128.080200195,
        "dvar2": 293.480407715,
        "max": 174.995880127,
        "mean": 8.62879371643,
        "median": 4.16726016998,
        "min": -1.93696832657,
        "stdev": 14.7824134827,
        "var": 218.519744873
    },
    "barkbands_skewness": {
        "dmean": 0.869287073612,
        "dmean2": 1.30593168736,
        "dvar": 0.86706829071,
        "dvar2": 1.71645724773,
        "max": 10.0601243973,
        "mean": 1.8282173872,
        "median": 1.61060774326,
        "min": -2.5709695816,
        "stdev": 1.60014855862,
        "var": 2.56047558784
    },
    "barkbands_spread": {
        "dmean": 7.97534704208,
        "dmean2": 12.1113405228,
        "dvar": 151.95526123,
        "dvar2": 271.110046387,
        "max": 103.149612427,
        "mean": 18.3274517059,
        "median": 10.9635152817,
        "min": 0.518992841244,
        "stdev": 20.0371170044,
        "var": 401.486053467
    },
    "dissonance": {
        "dmean": 0.0430840961635,
        "dmean2": 0.0713537707925,
        "dvar": 0.00159239163622,
        "dvar2": 0.00389701756649,
        "max": 0.499313563108,
        "mean": 0.41670140624,
        "median": 0.425292164087,
        "min": 0.132568702102,
        "stdev": 0.0548842772841,
        "var": 0.00301228370517
    },
    "dynamic_complexity": 2.50108098984,
    "erbbands_crest": {
        "dmean": 3.4875254631,
        "dmean2": 5.53891515732,
        "dvar": 9.2397813797,
        "dvar2": 21.776550293,
        "max": 30.728143692,
        "mean": 10.9214191437,
        "median": 10.0697860718,
        "min": 2.82930278778,
        "stdev": 4.70581436157,
        "var": 22.1446876526
    },
    "erbbands_flatness_db": {
        "dmean": 0.0287492088974,
        "dmean2": 0.0422291643918,
        "dvar": 0.000760471215472,
        "dvar2": 0.00151010195259,
        "max": 0.351053416729,
        "mean": 0.179632127285,
        "median": 0.180195719004,
        "min": 0.0538695268333,
        "stdev": 0.0530616343021,
        "var": 0.00281553692184
    },
    "erbbands_kurtosis": {
        "dmean": 2.47915267944,
        "dmean2": 3.83641076088,
        "dvar": 8.88411712646,
        "dvar2": 18.8889026642,
        "max": 34.4785995483,
        "mean": 3.0002810955,
        "median": 1.75812005997,
        "min": -1.8876042366,
        "stdev": 4.51301336288,
        "var": 20.3672885895
    },
    "erbbands_skewness": {
        "dmean": 0.623060822487,
        "dmean2": 0.955359697342,
        "dvar": 0.330476373434,
        "dvar2": 0.698449313641,
        "max": 4.71417474747,
        "mean": 0.868062019348,
        "median": 0.845718801022,
        "min": -1.92707073689,
        "stdev": 0.955036878586,
        "var": 0.912095487118
    },
    "erbbands_spread": {
        "dmean": 13.4220142365,
        "dmean2": 20.3184547424,
        "dvar": 327.593811035,
        "dvar2": 617.553100586,
        "max": 168.471343994,
        "mean": 34.1801452637,
        "median": 22.2848720551,
        "min": 2.32030320168,
        "stdev": 30.9885234833,
        "var": 960.288574219
    },
    "hfc": {
        "dmean": 10.9268093109,
        "dmean2": 15.5672264099,
        "dvar": 358.728668213,
        "dvar2": 729.944213867,
        "max": 169.9506073,
        "mean": 20.4095973969,
        "median": 15.3936500549,
        "min": 9.46489089984e-05,
        "stdev": 23.7913093567,
        "var": 566.026367188
    },
    "loudness_ebu128": {
        "integrated": -9.01607704163,
        "loudness_range": 1.51474952698,
        "momentary": {
            "dmean": 0.70245218277,
            "dmean2": 0.975295364857,
            "dvar": 0.362785041332,
            "dvar2": 0.701314389706,
            "max": -6.48501873016,
            "mean": -9.18190956116,
            "median": -8.96483516693,
            "min": -14.2743301392,
            "stdev": 1.25542104244,
            "var": 1.5760821104
        },
        "short_term": {
            "dmean": 0.0895273387432,
            "dmean2": 0.124704286456,
            "dvar": 0.00505747552961,
            "dvar2": 0.0118412319571,
            "max": -7.91914176941,
            "mean": -9.05763435364,
            "median": -9.12166118622,
            "min": -10.2115392685,
            "stdev": 0.489128679037,
            "var": 0.239246860147
        }
    },
    "melbands_crest": {
        "dmean": 3.48905110359,
        "dmean2": 5.49065160751,
        "dvar": 9.54678821564,
        "dvar2": 22.0038566589,
        "max": 36.4186439514,
        "mean": 14.3400735855,
        "median": 13.232878685,
        "min": 2.97765898705,
        "stdev": 5.40192079544,
        "var": 29.1807479858
    },
    "melbands_flatness_db": {
        "dmean": 0.0412581302226,
        "dmean2": 0.0571709908545,
        "dvar": 0.00164383614901,
        "dvar2": 0.00280305347405,
        "max": 0.572346508503,
        "mean": 0.252724409103,
        "median": 0.245989248157,
        "min": 0.0289154145867,
        "stdev": 0.0838200598955,
        "var": 0.00702580297366
    },
    "melbands_kurtosis": {
        "dmean": 10.562994957,
        "dmean2": 16.25756073,
        "dvar": 433.992218018,
        "dvar2": 1005.93225098,
        "max": 412.41519165,
        "mean": 15.2850818634,
        "median": 7.97763347626,
        "min": -1.56901335716,
        "stdev": 25.2078266144,
        "var": 635.434570312
    },
    "melbands_skewness": {
        "dmean": 0.997673213482,
        "dmean2": 1.46042704582,
        "dvar": 1.12151622772,
        "dvar2": 2.26630210876,
        "max": 15.1852588654,
        "mean": 2.42451119423,
        "median": 2.12288737297,
        "min": -1.40261054039,
        "stdev": 1.84413421154,
        "var": 3.40083098412
    },
    "melbands_spread": {
        "dmean": 7.93803501129,
        "dmean2": 11.8782501221,
        "dvar": 199.204147339,
        "dvar2": 397.852722168,
        "max": 164.909011841,
        "mean": 17.3318977356,
        "median": 12.1404209137,
        "min": 0.398622512817,
        "stdev": 19.1651935577,
        "var": 367.304656982
    },
    "pitch_salience": {
        "dmean": 0.0813741981983,
        "dmean2": 0.12763659656,
        "dvar": 0.0057959491387,
        "dvar2": 0.0134071661159,
        "max": 0.895546019077,
        "mean": 0.575263500214,
        "median": 0.596230506897,
        "min": 0.108668148518,
        "stdev": 0.130725711584,
        "var": 0.0170892104506
    },
    "silence_rate_20dB": {
        "dmean": 0,
        "dmean2": 0,
        "dvar": 0,
        "dvar2": 0,
        "max": 1,
        "mean": 1,
        "median": 1,
        "min": 1,
        "stdev": 0,
        "var": 0
    },
    "silence_rate_30dB": {
        "dmean": 0.0247678011656,
        "dmean2": 0.0495739728212,
        "dvar": 0.0241549741477,
        "dvar2": 0.0626074299216,
        "max": 1,
        "mean": 0.972931146622,
        "median": 1,
        "min": 0,
        "stdev": 0.162283182144,
        "var": 0.0263358298689
    },
    "silence_rate_60dB": {
        "dmean": 0.0518575869501,
        "dmean2": 0.103020913899,
        "dvar": 0.0491684675217,
        "dvar2": 0.0939565449953,
        "max": 1,
        "mean": 0.0928074270487,
        "median": 0,
        "min": 0,
        "stdev": 0.290162622929,
        "var": 0.084194354713
    },
    "spectral_centroid": {
        "dmean": 270.112213135,
        "dmean2": 400.077545166,
        "dvar": 170180.515625,
        "dvar2": 301622.65625,
        "max": 3964.90771484,
        "mean": 871.048706055,
        "median": 720.78503418,
        "min": 147.629867554,
        "stdev": 622.542541504,
        "var": 387559.1875
    },
    "spectral_complexity": {
        "dmean": 3.90479874611,
        "dmean2": 5.66769933701,
        "dvar": 43.8631896973,
        "dvar2": 67.9865875244,
        "max": 62,
        "mean": 12.5955142975,
        "median": 11,
        "min": 0,
        "stdev": 9.19141674042,
        "var": 84.4821395874
    },
    "spectral_decrease": {
        "dmean": 3.00095170935e-09,
        "dmean2": 4.44843717418e-09,
        "dvar": 1.81534546156e-17,
        "dvar2": 3.87016202656e-17,
        "max": 2.14070830507e-10,
        "mean": -7.11835390632e-09,
        "median": -5.67588864797e-09,
        "min": -4.35877716143e-08,
        "stdev": 6.8409242715e-09,
        "var": 4.67982427723e-17
    },
    "spectral_energy": {
        "dmean": 0.0120362052694,
        "dmean2": 0.0178516935557,
        "dvar": 0.000279607338598,
        "dvar2": 0.00059578451328,
        "max": 0.166324704885,
        "mean": 0.0287175197154,
        "median": 0.0228311903775,
        "min": 7.27617432972e-08,
        "stdev": 0.0264140255749,
        "var": 0.000697700772434
    },
    "spectral_energyband_high": {
        "dmean": 0.000631717441138,
        "dmean2": 0.00092954171123,
        "dvar": 1.91511935554e-06,
        "dvar2": 3.6908270431e-06,
        "max": 0.0115340091288,
        "mean": 0.000833371421322,
        "median": 0.000182445975952,
        "min": 2.54784349174e-09,
        "stdev": 0.00174276833422,
        "var": 3.03724141304e-06
    },
    "spectral_energyband_low": {
        "dmean": 0.00454399827868,
        "dmean2": 0.00664338236675,
        "dvar": 0.000138561837957,
        "dvar2": 0.000266082992312,
        "max": 0.158777788281,
        "mean": 0.0095757143572,
        "median": 0.000725624791812,
        "min": 1.43806977437e-09,
        "stdev": 0.0210331436247,
        "var": 0.000442393095
    },
    "spectral_energyband_middle_high": {
        "dmean": 0.00285226316191,
        "dmean2": 0.0041467314586,
        "dvar": 2.13369548874e-05,
        "dvar2": 4.22611519753e-05,
        "max": 0.0468856804073,
        "mean": 0.00451017310843,
        "median": 0.00162186753005,
        "min": 2.90153554516e-08,
        "stdev": 0.00619233539328,
        "var": 3.83450169466e-05
    },
    "spectral_energyband_middle_low": {
        "dmean": 0.00781181873754,
        "dmean2": 0.0124103538692,
        "dvar": 0.000134651258122,
        "dvar2": 0.000359420810128,
        "max": 0.106254711747,
        "mean": 0.0151159418747,
        "median": 0.0126851173118,
        "min": 4.13621918938e-08,
        "stdev": 0.012805454433,
        "var": 0.000163979653735
    },
    "spectral_entropy": {
        "dmean": 0.349233210087,
        "dmean2": 0.50764220953,
        "dvar": 0.117441475391,
        "dvar2": 0.214388117194,
        "max": 8.9408416748,
        "mean": 7.1166639328,
        "median": 7.01489400864,
        "min": 5.07591295242,
        "stdev": 0.657120406628,
        "var": 0.431807249784
    },
    "spectral_flux": {
        "dmean": 0.0382803492248,
        "dmean2": 0.0595878660679,
        "dvar": 0.0017122925492,
        "dvar2": 0.0037021227181,
        "max": 0.361904740334,
        "mean": 0.0918747931719,
        "median": 0.0793628618121,
        "min": 0.000269743846729,
        "stdev": 0.0592635497451,
        "var": 0.00351216830313
    },
    "spectral_kurtosis": {
        "dmean": 4.08766269684,
        "dmean2": 6.12303543091,
        "dvar": 34.2623901367,
        "dvar2": 73.3507843018,
        "max": 74.3220825195,
        "mean": 8.71650791168,
        "median": 6.94080638885,
        "min": -1.30254232883,
        "stdev": 8.88092708588,
        "var": 78.8708724976
    },
    "spectral_rms": {
        "dmean": 0.00107794150244,
        "dmean2": 0.00153286301065,
        "dvar": 1.62107312462e-06,
        "dvar2": 3.15774195769e-06,
        "max": 0.0127384457737,
        "mean": 0.00478922622278,
        "median": 0.0047195693478,
        "min": 8.42538247525e-06,
        "stdev": 0.0022539794445,
        "var": 5.08042285219e-06
    },
    "spectral_rolloff": {
        "dmean": 850.445617676,
        "dmean2": 1435.1529541,
        "dvar": 4226110,
        "dvar2": 7975012.5,
        "max": 15654.6386719,
        "mean": 1780.59362793,
        "median": 796.728515625,
        "min": 43.06640625,
        "stdev": 2945.08520508,
        "var": 8673527
    },
    "spectral_skewness": {
        "dmean": 0.526505947113,
        "dmean2": 0.759768724442,
        "dvar": 0.321308374405,
        "dvar2": 0.623700022697,
        "max": 7.3866481781,
        "mean": 2.33756375313,
        "median": 2.33075046539,
        "min": 0.108767829835,
        "stdev": 1.03401935101,
        "var": 1.06919598579
    },
    "spectral_spread": {
        "dmean": 1385750.625,
        "dmean2": 1983417.75,
        "dvar": 3.40821069005e+12,
        "dvar2": 5.41469179904e+12,
        "max": 22600632,
        "mean": 5740350.5,
        "median": 4719393,
        "min": 691847.1875,
        "stdev": 3503446.75,
        "var": 1.22741399224e+13
    },
    "spectral_strongpeak": {
        "dmean": 0.656512856483,
        "dmean2": 1.104575634,
        "dvar": 0.99014300108,
        "dvar2": 2.53846240044,
        "max": 7.74976634979,
        "mean": 1.04310822487,
        "median": 0.552855968475,
        "min": 0,
        "stdev": 1.14128851891,
        "var": 1.30253958702
    },
    "zerocrossingrate": {
        "dmean": 0.0205474942923,
        "dmean2": 0.0217271912843,
        "dvar": 0.000979115022346,
        "dvar2": 0.000852941244375,
        "max": 0.5419921875,
        "mean": 0.0645214766264,
        "median": 0.04150390625,
        "min": 0.00146484375,
        "stdev": 0.0734439268708,
        "var": 0.00539401080459
    },
    "barkbands": {
        "dmean": [0.00053479190683, 0.00361137045547, 0.00111676531378, 0.00106100353878, 0.00387840415351, 0.00115528248716, 0.00128051417414, 0.0021466971375, 0.00102504249662, 0.00132506596856, 0.000653987051919, 0.000343659747159, 0.000586615002248, 0.000471104547614, 0.000189795086044, 0.000138470641105, 0.000240784385824, 0.000194752428797, 0.000315581797622, 0.000125396516523, 8.5428757302e-05, 0.000112534609798, 0.000115716742584, 8.31822035252e-05, 0.000112754976726, 0.000131295775645, 1.66133741004e-05],
        "dmean2": [0.000614559801761, 0.00513597438112, 0.00185646384489, 0.00175861234311, 0.0064217238687, 0.00190064392518, 0.00215737964027, 0.00357941305265, 0.00155941303819, 0.00189142278396, 0.00104746292345, 0.000597226608079, 0.000894291850273, 0.000709119602107, 0.000302991160424, 0.000210840909858, 0.000369736517314, 0.000308326561935, 0.000493298342917, 0.000192817140487, 0.000126268307213, 0.000178305388545, 0.000176064131665, 0.000124181053252, 0.000167123274878, 0.000189807557035, 2.57961837633e-05],
        "dvar": [5.01466365677e-06, 9.46311993175e-05, 2.88450028165e-05, 1.90331775229e-05, 4.03429767175e-05, 5.79146399105e-06, 7.0524365583e-06, 1.56372825586e-05, 5.18702609043e-06, 7.43103601053e-06, 3.04432114717e-06, 1.33205719521e-06, 1.40551014738e-06, 9.35982257033e-07, 2.30785587974e-07, 1.37840217462e-07, 8.01203213996e-07, 5.45524983409e-07, 1.6586923266e-06, 1.59270413747e-07, 6.61883703401e-08, 9.92079094431e-08, 8.7599723031e-08, 3.02517975115e-08, 5.6386536329e-08, 1.7439386113e-07, 6.12797190769e-09],
        "dvar2": [5.50826689505e-06, 0.000176416418981, 7.80191985541e-05, 5.51930570509e-05, 0.000108274747618, 1.38242858156e-05, 1.78294249054e-05, 3.90759560105e-05, 1.09772126962e-05, 1.46895226862e-05, 7.1105432653e-06, 3.68857990907e-06, 3.01060003949e-06, 1.99532701117e-06, 5.50835238755e-07, 3.09966651457e-07, 1.90988453141e-06, 1.29095042212e-06, 4.12207054978e-06, 3.0343767321e-07, 1.31784787527e-07, 2.16910336803e-07, 1.85400807595e-07, 6.3668352368e-08, 1.05237276671e-07, 3.19432672313e-07, 1.32710873402e-08],
        "max": [0.0364116802812, 0.142001748085, 0.0586153902113, 0.0607565715909, 0.0585760548711, 0.0356756150723, 0.0281184017658, 0.046549603343, 0.0264656282961, 0.0383918620646, 0.0198256801814, 0.0165874119848, 0.0114604290575, 0.0154343629256, 0.00573841063306, 0.00431200023741, 0.00919940322638, 0.00916021317244, 0.0134116597474, 0.00430879136547, 0.00289948936552, 0.00358434487134, 0.00358685525134, 0.00175234628841, 0.00338604394346, 0.00637160008773, 0.00165517441928],
        "mean": [0.000826532486826, 0.00673965550959, 0.00137885066215, 0.00154167052824, 0.00545915076509, 0.00149203126784, 0.00144572765566, 0.00229135830887, 0.00134291895665, 0.00192016665824, 0.000763737654779, 0.00029785343213, 0.000709648302291, 0.000569551193621, 0.000194917214685, 0.000154866895173, 0.000223714989261, 0.000181075665751, 0.000276274106, 0.000129048145027, 8.81004452822e-05, 0.000122855839436, 0.000132837536512, 9.99342955765e-05, 0.000141577387694, 0.0001742735476, 1.92085626622e-05],
        "median": [7.18059982319e-06, 0.000117871240946, 7.56497029215e-05, 0.000689498556312, 0.00315773277543, 0.000706564576831, 0.000457055313746, 0.000764639000408, 0.000318202597555, 0.00033746031113, 0.000177206733497, 5.96533027419e-05, 0.000100474891951, 7.55432411097e-05, 3.71151545551e-05, 2.49717959377e-05, 2.75063885056e-05, 1.425663595e-05, 2.15121544898e-05, 1.120408524e-05, 9.81695575319e-06, 2.61417389993e-05, 1.04818482214e-05, 1.83170250239e-05, 2.56652856478e-05, 2.60039196291e-05, 4.75701511959e-07],
        "min": [5.42320521824e-10, 5.92869253691e-10, 3.48153894603e-10, 5.26963361835e-10, 2.34968045021e-09, 2.06788230983e-09, 8.78344230681e-10, 6.60775612005e-09, 2.50047857975e-08, 6.77892630918e-09, 1.02211816788e-09, 5.23374843464e-10, 1.16540965767e-09, 4.79542894283e-09, 1.21325234304e-08, 4.05776051648e-10, 1.87303106358e-09, 1.39079447958e-09, 1.08369424545e-09, 3.05820979651e-10, 2.69484046189e-10, 6.68195776488e-10, 5.42160039085e-10, 3.92147453399e-10, 1.52884260807e-10, 3.1070571116e-10, 9.72633540548e-13],
        "stdev": [0.00390166486613, 0.0167164634913, 0.00462756119668, 0.00359090487473, 0.00669242674485, 0.00265982071869, 0.00268429494463, 0.00417623529211, 0.00293599441648, 0.00379779096693, 0.00181075988803, 0.000942473183386, 0.00146111252252, 0.00120156188495, 0.00048072822392, 0.000410701090004, 0.000862213259097, 0.000708947191015, 0.00119818537496, 0.000443744764198, 0.000285301182885, 0.000329966598656, 0.000359818106517, 0.000202649811399, 0.000332433410222, 0.000600660103373, 0.000100990953797],
        "var": [1.5222989532e-05, 0.000279440166196, 2.14143219637e-05, 1.28945985125e-05, 4.47885759058e-05, 7.07464596417e-06, 7.20543948773e-06, 1.74409397005e-05, 8.62006254465e-06, 1.44232162711e-05, 3.27885140905e-06, 8.8825572675e-07, 2.13484963751e-06, 1.44375098898e-06, 2.31099633652e-07, 1.68675384771e-07, 7.43411703752e-07, 5.02606155806e-07, 1.435648187e-06, 1.96909425654e-07, 8.13967702129e-08, 1.08877948435e-07, 1.29469071908e-07, 4.10669436235e-08, 1.10511969353e-07, 3.60792569154e-07, 1.01991721735e-08]
    },
    "erbbands": {
        "dmean": [0.166744530201, 0.668182253838, 1.32476174831, 2.27367281914, 4.38410329819, 16.7965660095, 16.8441848755, 9.48361492157, 10.2134618759, 45.8962478638, 27.2963790894, 16.3110332489, 56.9491157532, 13.253156662, 29.8798370361, 14.5673666, 24.9852466583, 24.6555709839, 13.2938680649, 7.45955657959, 7.89209365845, 11.7092018127, 11.010093689, 8.78564739227, 20.0428619385, 6.74935674667, 3.76517415047, 3.46595335007, 4.02019309998, 3.80286359787, 3.13486027718, 2.05889940262, 1.31409037113, 1.08203244209, 0.93643784523, 0.613113880157, 0.23762384057, 0.0510925836861, 0.00177425215952, 4.76732275274e-05],
        "dmean2": [0.208290323615, 0.937324047089, 2.14179229736, 3.74646091461, 7.51194286346, 27.6993122101, 28.6193904877, 15.4177913666, 17.4889888763, 76.2242202759, 45.7636413574, 25.3101634979, 77.7016448975, 20.4659881592, 47.2072601318, 23.6207675934, 37.4405403137, 37.1441612244, 21.044670105, 11.6603183746, 12.1459903717, 17.5964412689, 17.0797176361, 13.7083024979, 33.2761993408, 10.127617836, 5.95062303543, 5.16335773468, 6.39982271194, 5.81945371628, 4.81641292572, 3.18642926216, 1.99331915379, 1.65012717247, 1.35033178329, 0.929614305496, 0.33908867836, 0.0758950263262, 0.0026570467744, 6.87855790602e-05],
        "dvar": [0.269275665283, 3.49818396568, 35.2358512878, 102.031707764, 208.072418213, 730.361328125, 800.883972168, 462.216522217, 635.427429199, 6215.25878906, 3283.55932617, 1270.22363281, 10440.6455078, 956.857421875, 6542.11523438, 1234.6427002, 2490.89892578, 2426.88061523, 806.861206055, 343.649688721, 512.049377441, 1811.61242676, 1480.99926758, 951.188110352, 7712.10742188, 506.756774902, 136.743728638, 109.776863098, 128.281188965, 99.3792724609, 66.7950439453, 21.5829372406, 7.799077034, 5.95842599869, 4.54780101776, 3.29548311234, 0.60021096468, 0.0481458492577, 6.60572986817e-05, 2.10703987591e-08],
        "dvar2": [0.429388552904, 6.87285089493, 90.5065231323, 289.347564697, 605.846374512, 1913.90795898, 2063.57641602, 1029.26794434, 1670.91552734, 14835.1308594, 8476.54785156, 2833.90527344, 18936.4902344, 2284.99633789, 16057.5957031, 3312.01855469, 5078.69921875, 5096.39355469, 1901.58117676, 799.905883789, 999.026611328, 4037.07666016, 3330.44970703, 2004.87524414, 20288.4042969, 1067.04101562, 256.677124023, 228.474395752, 271.734161377, 209.805145264, 144.535507202, 46.4999809265, 16.8757991791, 13.365231514, 8.1531162262, 6.52650499344, 1.06726050377, 0.103568933904, 0.000136707560159, 4.15988488101e-08],
        "max": [7.95857620239, 24.9724388123, 70.082069397, 149.499099731, 183.405426025, 230.935150146, 233.06036377, 439.57321167, 331.492340088, 700.451660156, 665.37689209, 563.213256836, 1367.06494141, 523.573974609, 938.809020996, 585.374023438, 517.093444824, 808.796020508, 304.077056885, 271.24710083, 195.473358154, 415.911224365, 408.178985596, 283.289764404, 867.959899902, 239.38659668, 105.718948364, 124.898544312, 135.448501587, 122.981918335, 96.508354187, 47.1656684875, 24.8020362854, 38.2730178833, 36.3983840942, 30.5713691711, 11.1437253952, 4.93858385086, 0.189136013389, 0.00317858625203],
        "mean": [0.290241897106, 1.12959730625, 1.78545475006, 3.30953025818, 6.13264131546, 23.5051383972, 21.4887561798, 12.9013090134, 11.7903490067, 55.8082351685, 27.9769859314, 24.5465583801, 88.4311218262, 18.8331508636, 33.8297157288, 16.6004981995, 32.2100410461, 31.434928894, 14.5400381088, 8.2596321106, 9.68081951141, 11.5707464218, 10.291513443, 8.77864170074, 16.0656509399, 6.57177400589, 4.0400762558, 3.48794126511, 4.45497512817, 4.37297725677, 3.56511855125, 2.34516429901, 1.57322955132, 1.27004384995, 1.17073071003, 0.792304754257, 0.309771955013, 0.0626701563597, 0.00219552917406, 8.1187885371e-05],
        "median": [0.0038867588155, 0.0253450982273, 0.109466612339, 1.51849925518, 3.57893490791, 12.6142730713, 11.2445230484, 6.51291418076, 5.02698135376, 19.4524288177, 10.0250902176, 9.1798248291, 15.6367940903, 6.96310710907, 7.98429679871, 4.25627851486, 5.08713579178, 4.71211910248, 2.41491746902, 1.72670173645, 1.55010604858, 1.51447725296, 0.932510674, 0.858223795891, 1.1348375082, 0.594273328781, 0.379936039448, 0.480676114559, 1.00388205051, 0.638085305691, 0.265596807003, 0.326385825872, 0.2839179039, 0.190989464521, 0.226199239492, 0.141849651933, 0.0356120727956, 0.00356521992944, 0.000117675794172, 3.8333102566e-05],
        "min": [2.46053151187e-08, 1.1049612425e-07, 3.54636569e-07, 1.18103753266e-06, 3.65123764823e-06, 8.76295598573e-06, 1.51018357428e-05, 1.66360914591e-05, 1.18684829431e-05, 4.11128858104e-05, 0.000236934938584, 0.000563867157325, 0.000397482013796, 9.40943937167e-05, 3.23575768562e-05, 2.7902504371e-05, 5.25931791344e-05, 0.000183274270967, 0.000604633125477, 0.000298757222481, 2.73544628726e-05, 0.000109875545604, 6.58614080749e-05, 8.41713990667e-05, 4.15860740759e-05, 1.73023836396e-05, 1.29423460749e-05, 7.1821423262e-06, 1.40647334774e-05, 3.54880539817e-05, 1.20702334243e-05, 1.2050629266e-05, 3.47011041413e-06, 1.74665285613e-06, 8.44999533456e-07, 1.3647495507e-06, 3.3593767057e-07, 4.2628339969e-08, 3.93125132447e-09, 4.15963291589e-10],
        "stdev": [0.87619137764, 2.70253872871, 5.49768924713, 8.25604248047, 11.7581748962, 29.7636299133, 29.4824695587, 24.3433170319, 23.0952186584, 87.4987411499, 54.5707702637, 43.1827735901, 153.171386719, 33.9170646667, 80.5757827759, 33.8179626465, 63.9618530273, 63.2425804138, 30.2083454132, 19.2880687714, 26.6791629791, 43.2318916321, 38.3628082275, 32.5800018311, 75.6189651489, 23.7076148987, 13.2284555435, 11.3184986115, 11.9747457504, 11.5900211334, 9.67992305756, 5.15549087524, 3.24913692474, 2.92194461823, 3.0203537941, 2.47264885902, 1.12619614601, 0.290346443653, 0.0109100835398, 0.000205670672585],
        "var": [0.767711341381, 7.30371570587, 30.2245864868, 68.1622314453, 138.254669189, 885.873657227, 869.216064453, 592.597045898, 533.389099121, 7656.02929688, 2977.96899414, 1864.75195312, 23461.4746094, 1150.36730957, 6492.45703125, 1143.65454102, 4091.1184082, 3999.62402344, 912.544189453, 372.029602051, 711.777770996, 1868.99633789, 1471.7052002, 1061.45654297, 5718.22802734, 562.051025391, 174.992034912, 128.108413696, 143.394546509, 134.328582764, 93.7009124756, 26.5790882111, 10.5568904877, 8.53776073456, 9.12253665924, 6.1139922142, 1.26831781864, 0.0843010544777, 0.000119029922644, 4.23004280492e-08]
    },
    "gfcc": {
        "mean": [-26.9595623016, 91.4138336182, -88.5338973999, -3.72878909111, -70.9877471924, 11.8150434494, -45.4955024719, 4.60792922974, -34.128452301, 4.83871841431, -22.3664474487, 4.11121082306, -14.1431493759],
        "cov": [[5619.82421875, -1632.27111816, -370.413574219, 588.798156738, 102.411911011, 246.601593018, 4.49731016159, 342.689788818, 154.387039185, 228.2059021, -63.0411300659, 105.82321167, -228.747192383], [-1632.27111816, 2317.87841797, 45.6498603821, -75.274848938, 475.499816895, 110.783195496, 358.691741943, 18.6199436188, 167.461257935, -70.6876831055, 158.187362671, -65.6384277344, 141.8099823], [-370.413574219, 45.6498603821, 1394.64770508, 235.472625732, 153.884262085, 222.440933228, 86.7644424438, 78.5387039185, 45.2573432922, 81.3138275146, 95.9255599976, 99.3580093384, 64.0327301025], [588.798156738, -75.274848938, 235.472625732, 838.185668945, 114.317726135, 79.8132858276, 57.6715164185, 61.3974838257, 140.624740601, 37.82081604, 138.755630493, 19.1383705139, 64.2688903809], [102.411911011, 475.499816895, 153.884262085, 114.317726135, 435.548278809, 129.53604126, 160.160430908, 130.021789551, 82.4017791748, 35.1762657166, 62.9877128601, 18.0226421356, 36.6024360657], [246.601593018, 110.783195496, 222.440933228, 79.8132858276, 129.53604126, 342.676452637, 152.882278442, 87.9039306641, 88.9930419922, 31.732301712, 71.7634506226, 38.1733818054, -11.8924036026], [4.49731016159, 358.691741943, 86.7644424438, 57.6715164185, 160.160430908, 152.882278442, 293.169494629, 95.9014282227, 53.9277992249, 11.581199646, 58.9723052979, 40.447265625, 9.64320468903], [342.689788818, 18.6199436188, 78.5387039185, 61.3974838257, 130.021789551, 87.9039306641, 95.9014282227, 214.059387207, 72.6517562866, 43.9738540649, 46.8168487549, 40.1085205078, 15.1636753082], [154.387039185, 167.461257935, 45.2573432922, 140.624740601, 82.4017791748, 88.9930419922, 53.9277992249, 72.6517562866, 183.90776062, 56.1683120728, 66.3119125366, 5.60259580612, 14.9202470779], [228.2059021, -70.6876831055, 81.3138275146, 37.82081604, 35.1762657166, 31.732301712, 11.581199646, 43.9738540649, 56.1683120728, 132.203720093, 25.6527309418, 2.9849729538, 5.69150352478], [-63.0411300659, 158.187362671, 95.9255599976, 138.755630493, 62.9877128601, 71.7634506226, 58.9723052979, 46.8168487549, 66.3119125366, 25.6527309418, 134.01600647, 17.4807872772, 25.7622566223], [105.82321167, -65.6384277344, 99.3580093384, 19.1383705139, 18.0226421356, 38.1733818054, 40.447265625, 40.1085205078, 5.60259580612, 2.9849729538, 17.4807872772, 119.228942871, 25.5710830688], [-228.747192383, 141.8099823, 64.0327301025, 64.2688903809, 36.6024360657, -11.8924036026, 9.64320468903, 15.1636753082, 14.9202470779, 5.69150352478, 25.7622566223, 25.5710830688, 107.550384521]],
        "icov": [[0.00038869085256, 0.000207367440453, 0.000220574002014, -0.00033992077806, -0.000208283992833, -0.00024301513622, 6.92577450536e-05, -0.000414130714489, -4.0491890104e-05, -0.000453706423286, 0.000488796678837, -0.000347000255715, 0.000716317037586], [0.000207367440453, 0.00123304896988, 6.2523788074e-05, 0.000435575231677, -0.00110936257988, 0.000306793808704, -0.00118330179248, 0.000776391825639, -0.00120299879927, 0.000883949396666, -0.000751947285607, 0.000941088073887, -0.0009977130685], [0.000220574002014, 6.2523788074e-05, 0.00105170160532, -0.000407137180446, -0.000234997220105, -0.000743404903915, 0.000288264505798, -0.000198518901016, 0.000479175738292, -0.000815788283944, 0.000145474725286, -0.000781499256846, 0.000131406923174], [-0.00033992077806, 0.000435575231677, -0.000407137180446, 0.00222859811038, -0.000471986801131, 0.000604606990237, -0.000659136625472, 0.00100517680403, -0.0014918721281, 0.00124000711367, -0.00213413941674, 0.00103169109207, -0.00183452398051], [-0.000208283992833, -0.00110936257988, -0.000234997220105, -0.000471986801131, 0.00441430415958, -0.000570802192669, -0.000188093283214, -0.00193537015002, 0.000721698626876, -0.000763382297009, 0.000659267068841, -2.56112871284e-05, -4.55403824162e-05], [-0.00024301513622, 0.000306793808704, -0.000743404903915, 0.000604606990237, -0.000570802192669, 0.00517902383581, -0.00218966417015, 0.000400060904212, -0.00186406052671, 0.000915825308766, -0.00164276326541, 0.000110793516797, 0.000644071551505], [6.92577450536e-05, -0.00118330179248, 0.000288264505798, -0.000659136625472, -0.000188093283214, -0.00218966417015, 0.00676639098674, -0.0020619914867, 0.001494716038, -0.000785224314313, 0.000273063196801, -0.0021797043737, 0.00172274943907], [-0.000414130714489, 0.000776391825639, -0.000198518901016, 0.00100517680403, -0.00193537015002, 0.000400060904212, -0.0020619914867, 0.00833219755441, -0.00235485844314, 0.00022886005172, -0.00179351994302, -0.000377374235541, -0.00184006150812], [-4.0491890104e-05, -0.00120299879927, 0.000479175738292, -0.0014918721281, 0.000721698626876, -0.00186406052671, 0.001494716038, -0.00235485844314, 0.010063954629, -0.00365050928667, -0.000985411461443, -0.000463997886982, 0.000995949842036], [-0.000453706423286, 0.000883949396666, -0.000815788283944, 0.00124000711367, -0.000763382297009, 0.000915825308766, -0.000785224314313, 0.00022886005172, -0.00365050928667, 0.010919990018, -0.00197239452973, 0.00201165070757, -0.00206387299113], [0.000488796678837, -0.000751947285607, 0.000145474725286, -0.00213413941674, 0.000659267068841, -0.00164276326541, 0.000273063196801, -0.00179351994302, -0.000985411461443, -0.00197239452973, 0.0127151971683, -0.0015900216531, 0.000615515862592], [-0.000347000255715, 0.000941088073887, -0.000781499256846, 0.00103169109207, -2.56112871284e-05, 0.000110793516797, -0.0021797043737, -0.000377374235541, -0.000463997886982, 0.00201165070757, -0.0015900216531, 0.0116591975093, -0.00429380591959], [0.000716317037586, -0.0009977130685, 0.000131406923174, -0.00183452398051, -4.55403824162e-05, 0.000644071551505, 0.00172274943907, -0.00184006150812, 0.000995949842036, -0.00206387299113, 0.000615515862592, -0.00429380591959, 0.014191230759]]
    },
    "melbands": {
        "dmean": [0.00117118703201, 0.000683157122694, 0.000436987669673, 0.000669884728268, 0.000712159962859, 0.000208682395169, 0.000176423694938, 0.000530830409843, 0.000182565447176, 0.000128694926389, 0.00028385114274, 5.24029965163e-05, 9.75885777734e-05, 4.62604839413e-05, 6.53482202324e-05, 4.19701282226e-05, 5.02821640112e-05, 2.35238785535e-05, 1.3744064745e-05, 9.79871583695e-06, 1.00350307548e-05, 1.37186007123e-05, 8.67506423674e-06, 1.11849903988e-05, 6.54655559629e-06, 1.06670540845e-05, 1.37339902722e-05, 3.18951560985e-06, 2.49082677328e-06, 2.16774606088e-06, 1.94713447854e-06, 2.32218053497e-06, 2.35692073147e-06, 2.18293985199e-06, 1.90006812772e-06, 1.49118579884e-06, 1.2463819985e-06, 9.53969902184e-07, 9.21333310089e-07, 9.32736838877e-07],
        "dmean2": [0.0015504952753, 0.00099840213079, 0.000714265392162, 0.00111587240826, 0.0011926550651, 0.000340974482242, 0.000299881998217, 0.000882229884155, 0.000310100382194, 0.000195207656361, 0.000388358836062, 8.48304844112e-05, 0.000156294569024, 7.91193451732e-05, 9.88284518826e-05, 6.43616149318e-05, 7.55932414904e-05, 3.75993076887e-05, 2.24521681957e-05, 1.55419529619e-05, 1.56937203428e-05, 2.11532333196e-05, 1.292626348e-05, 1.79686066986e-05, 1.01752502815e-05, 1.6411575416e-05, 2.3365875677e-05, 5.03875753566e-06, 3.95767847294e-06, 3.34744663633e-06, 2.95402469419e-06, 3.7737263483e-06, 3.69355598195e-06, 3.32974218509e-06, 2.93035304821e-06, 2.34173830904e-06, 1.93327696252e-06, 1.46082140873e-06, 1.42836847772e-06, 1.44422119774e-06],
        "dvar": [1.07705873233e-05, 5.64576703255e-06, 3.21239167533e-06, 1.58747388923e-06, 1.23128552332e-06, 2.09100463167e-07, 1.52410962073e-07, 8.19058016077e-07, 1.62295236805e-07, 7.35474756652e-08, 2.62137490381e-07, 2.15348894272e-08, 7.01315272522e-08, 2.43072175721e-08, 1.82950952166e-08, 7.21029147499e-09, 1.10367190942e-08, 2.89155588362e-09, 1.60944346739e-09, 8.76413830397e-10, 9.41823508072e-10, 2.7000948144e-09, 6.90914658819e-10, 2.4160051737e-09, 5.25805010643e-10, 1.67221991809e-09, 3.86071086211e-09, 1.04593333994e-10, 6.0420897452e-11, 4.60548300885e-11, 3.4834368029e-11, 4.52391422934e-11, 4.42494652031e-11, 3.11085324167e-11, 2.59704306671e-11, 1.41253449909e-11, 7.65558970384e-12, 3.87293495885e-12, 4.59776964765e-12, 4.46103744223e-12],
        "dvar2": [1.80604292837e-05, 1.27790726765e-05, 9.04624175746e-06, 4.37844482803e-06, 3.17893795909e-06, 4.76075001643e-07, 3.98627122422e-07, 1.97506733457e-06, 4.15527267705e-07, 1.55918229439e-07, 4.78580147956e-07, 5.33513677681e-08, 1.64262019098e-07, 6.79744189824e-08, 4.07026661264e-08, 1.62896398592e-08, 2.30545680324e-08, 7.05380642785e-09, 4.00316313431e-09, 2.19172391347e-09, 1.98161509424e-09, 6.14552186917e-09, 1.38148559259e-09, 6.2097460507e-09, 1.1040680592e-09, 4.06501232675e-09, 1.03195771928e-08, 1.93819807426e-10, 1.11657544322e-10, 9.76369263217e-11, 7.51112158581e-11, 9.76745698211e-11, 1.04505834542e-10, 6.51859677347e-11, 5.67342839375e-11, 3.10063710818e-11, 1.72268258686e-11, 8.5377729192e-12, 1.06510052514e-11, 9.97111594681e-12],
        "max": [0.0516726411879, 0.0286156367511, 0.0237115304917, 0.0141423139721, 0.00747983483598, 0.00857613049448, 0.00442970264703, 0.00790334865451, 0.00444323057309, 0.00310674961656, 0.00698506925255, 0.00272370246239, 0.00318976445124, 0.00218118471093, 0.0013597094221, 0.000988319166936, 0.00184270506725, 0.00057361763902, 0.00055084307678, 0.000423703546403, 0.000272259901976, 0.000523551891092, 0.000235691913986, 0.000676371448208, 0.000229456854868, 0.00042696451419, 0.000591329706367, 0.000136987946462, 7.79437759775e-05, 7.33293418307e-05, 7.42609627196e-05, 7.5492724136e-05, 7.94716688688e-05, 6.80601515342e-05, 6.26661785645e-05, 4.7290155635e-05, 3.1062940252e-05, 1.72033705894e-05, 2.37362601183e-05, 3.28001769958e-05],
        "mean": [0.00219392077997, 0.00107338419184, 0.000651360838674, 0.000979444128461, 0.000953344453592, 0.000276409467915, 0.000200591501198, 0.000630888273008, 0.000180822971743, 0.000187233992619, 0.000438898685388, 6.23660234851e-05, 0.000113108573714, 4.40082731075e-05, 7.80530172051e-05, 5.07540244143e-05, 6.20820283075e-05, 2.40011941059e-05, 1.38170344144e-05, 1.05122235254e-05, 1.17544104796e-05, 1.31093083837e-05, 8.67286689754e-06, 9.76021692622e-06, 6.43384510113e-06, 9.73324040388e-06, 1.04646296677e-05, 3.2665350318e-06, 2.64620075541e-06, 2.10238340514e-06, 1.95196253117e-06, 2.51127084994e-06, 2.43771773967e-06, 2.51246115113e-06, 2.18292211684e-06, 1.59133708166e-06, 1.39199244131e-06, 1.12507370886e-06, 1.01080036075e-06, 1.06830327695e-06],
        "median": [3.55505981133e-05, 6.75485571264e-05, 0.000348172179656, 0.00059706508182, 0.000517752254382, 0.000130995656946, 7.63799616834e-05, 0.000230316116358, 5.93872646277e-05, 5.71349664824e-05, 7.78353933129e-05, 2.2056625312e-05, 2.6110717954e-05, 1.11525732791e-05, 1.21241291708e-05, 8.4672074081e-06, 8.29035525385e-06, 3.57597787115e-06, 2.53468328992e-06, 1.81360030638e-06, 1.6884306433e-06, 1.54438282607e-06, 9.18561624985e-07, 5.74586067614e-07, 5.67684764974e-07, 8.10584310784e-07, 5.92191327087e-07, 2.81261122836e-07, 2.09786719552e-07, 1.89366815562e-07, 2.49931389362e-07, 5.09562823936e-07, 5.02623947796e-07, 2.60164171095e-07, 1.41737714898e-07, 1.13120094625e-07, 2.28681088288e-07, 2.09063813372e-07, 1.16671536432e-07, 1.47777868165e-07],
        "min": [2.1793153393e-10, 1.76231487736e-10, 2.68700783845e-10, 4.40673025848e-10, 5.1868198625e-10, 3.72782998914e-10, 1.75156250615e-10, 5.78247727478e-10, 2.3042106001e-09, 3.6645515511e-09, 1.90269999756e-09, 3.75610764713e-10, 1.24586924111e-10, 4.27485477572e-11, 1.2824238893e-10, 1.19124987652e-10, 3.42939371345e-10, 9.07518171722e-10, 8.3255302652e-10, 9.29800819671e-11, 1.17279814332e-11, 1.02992572804e-10, 9.41109898345e-11, 6.81971423777e-11, 6.77112116376e-11, 4.30052000955e-11, 1.11046172258e-11, 1.14041684082e-11, 7.89176189675e-12, 6.55596453861e-12, 3.6416056802e-12, 3.79254310248e-12, 2.01384065673e-11, 1.6713032e-11, 6.90893219371e-12, 4.07211981149e-12, 9.39257265714e-12, 2.61792627507e-12, 1.77707176231e-12, 1.1321876596e-12],
        "stdev": [0.0059169200249, 0.00270220008679, 0.00149381242227, 0.00123576784972, 0.00121367338579, 0.000515882973559, 0.000367630767869, 0.000998885021545, 0.000377553631552, 0.000351998751285, 0.00076308142161, 0.000145394529682, 0.00027238187613, 0.000128527666675, 0.000165260571521, 9.75201910478e-05, 0.000134311179863, 5.44242066098e-05, 3.73755938199e-05, 2.97467213386e-05, 3.49134388671e-05, 5.14698731422e-05, 2.86508948193e-05, 4.340119267e-05, 2.42948826781e-05, 3.91501089325e-05, 5.18411579833e-05, 1.1531013115e-05, 8.83392840478e-06, 7.20753587302e-06, 6.25861866865e-06, 6.98181565895e-06, 6.68584834784e-06, 6.83274083713e-06, 6.17921523371e-06, 4.10848770116e-06, 2.97399765259e-06, 2.27105215345e-06, 2.38316374634e-06, 2.53315806731e-06],
        "var": [3.50099435309e-05, 7.30188503439e-06, 2.23147571887e-06, 1.52712209456e-06, 1.47300318076e-06, 2.66135231186e-07, 1.35152376401e-07, 9.97771394395e-07, 1.42546753068e-07, 1.23903120652e-07, 5.82293296247e-07, 2.11395700944e-08, 7.41918881886e-08, 1.65193618784e-08, 2.73110547511e-08, 9.51018819251e-09, 1.80394934546e-08, 2.96199420546e-09, 1.39693501211e-09, 8.84867457085e-10, 1.21894827565e-09, 2.64914779002e-09, 8.20873757856e-10, 1.88366366949e-09, 5.90241355791e-10, 1.53273105319e-09, 2.68750577348e-09, 1.32964264599e-10, 7.80382980459e-11, 5.19485704453e-11, 3.91703093572e-11, 4.87457470222e-11, 4.47005661652e-11, 4.6686349231e-11, 3.81827000573e-11, 1.68796730066e-11, 8.84466198198e-12, 5.15767810405e-12, 5.67946904784e-12, 6.41689002281e-12]
    },
    "melbands128": {
