{
"lowlevel": {
    "average_loudness": 0.968064069748,
    "barkbands_crest": {
        "dmean": 3.81734085083,
        "dmean2": 5.83965682983,
        "dvar": 11.3833580017,
        "dvar2": 23.9006443024,
        "max": 26.3980922699,
        "mean": 12.3946895599,
        "median": 11.3776473999,
        "min": 3.06006193161,
        "stdev": 5.45846891403,
        "var": 29.7948818207
    },
    "barkbands_flatness_db": {
        "dmean": 0.0322881899774,
        "dmean2": 0.0480135902762,
        "dvar": 0.000921063474379,
        "dvar2": 0.00186935917009,
        "max": 0.530573248863,
        "mean": 0.189878240228,
        "median": 0.18189792335,
        "min": 0.0549736022949,
        "stdev": 0.0593538954854,
        "var": 0.003522885032
    },
    "barkbands_kurtosis": {
        "dmean": 6.07816791534,
        "dmean2": 8.91500663757,
        "dvar": 1209.65515137,
        "dvar2": 2396.00610352,
        "max": 1233.7298584,
        "mean": 6.41389274597,
        "median": 1.20250225067,
        "min": -1.86339080334,
        "stdev": 40.4585533142,
        "var": 1636.89465332
    },
    "barkbands_skewness": {
        "dmean": 0.824360311031,
        "dmean2": 1.16597700119,
        "dvar": 1.01924145222,
        "dvar2": 1.78388261795,
        "max": 27.7154178619,
        "mean": 1.49103415012,
        "median": 1.17220020294,
        "min": -1.8971247673,
        "stdev": 1.83564519882,
        "var": 3.36959338188
    },
    "barkbands_spread": {
        "dmean": 6.30439376831,
        "dmean2": 9.46392250061,
        "dvar": 58.3272171021,
        "dvar2": 121.458885193,
        "max": 114.360794067,
        "mean": 18.1686096191,
        "median": 16.4319839478,
        "min": 0.0901619493961,
        "stdev": 11.8869752884,
        "var": 141.300170898
    },
    "dissonance": {
        "dmean": 0.0237048901618,
        "dmean2": 0.039236754179,
        "dvar": 0.000763234740589,
        "dvar2": 0.00175537809264,
        "max": 0.499888390303,
        "mean": 0.456533908844,
        "median": 0.463312447071,
        "min": 0.0257967635989,
        "stdev": 0.033499699086,
        "var": 0.00112222984899
    },
    "dynamic_complexity": 2.54540944099,
    "erbbands_crest": {
        "dmean": 3.35197854042,
        "dmean2": 5.23950004578,
        "dvar": 9.02384757996,
        "dvar2": 20.0298690796,
        "max": 29.7056369781,
        "mean": 10.900932312,
        "median": 9.75341510773,
        "min": 2.48204493523,
        "stdev": 5.03293943405,
        "var": 25.3304805756
    },
    "erbbands_flatness_db": {
        "dmean": 0.0248806830496,
        "dmean2": 0.0341856665909,
        "dvar": 0.000624870997854,
        "dvar2": 0.00102852203418,
        "max": 0.428169637918,
        "mean": 0.214697435498,
        "median": 0.209209114313,
        "min": 0.0507656894624,
        "stdev": 0.0656844973564,
        "var": 0.00431445334107
    },
    "erbbands_kurtosis": {
        "dmean": 1.16784965992,
        "dmean2": 1.8331836462,
        "dvar": 3.93615007401,
        "dvar2": 10.3568181992,
        "max": 37.0553016663,
        "mean": 0.497286140919,
        "median": 0.00334525108337,
        "min": -1.77378487587,
        "stdev": 2.1161005497,
        "var": 4.47788190842
    },
    "erbbands_skewness": {
        "dmean": 0.488153755665,
        "dmean2": 0.746371388435,
        "dvar": 0.232155844569,
        "dvar2": 0.499301940203,
        "max": 5.32452726364,
        "mean": 0.241661980748,
        "median": 0.178074717522,
        "min": -2.34086751938,
        "stdev": 0.775032758713,
        "var": 0.6006757617
    },
    "erbbands_spread": {
        "dmean": 8.61861038208,
        "dmean2": 12.6949157715,
        "dvar": 107.372741699,
        "dvar2": 208.72807312,
        "max": 136.960342407,
        "mean": 30.8326454163,
        "median": 26.7141933441,
        "min": 4.043800354,
        "stdev": 18.8091716766,
        "var": 353.784973145
    },
    "hfc": {
        "dmean": 7.11546421051,
        "dmean2": 10.6828460693,
        "dvar": 107.06375885,
        "dvar2": 249.819351196,
        "max": 112.429603577,
        "mean": 18.4954071045,
        "median": 16.9999084473,
        "min": 1.26936092778e-16,
        "stdev": 13.5560445786,
        "var": 183.766342163
    },
    "loudness_ebu128": {
        "integrated": -9.94071674347,
        "loudness_range": 1.41460895538,
        "momentary": {
            "dmean": 0.77433848381,
            "dmean2": 1.26606440544,
            "dvar": 0.297078430653,
            "dvar2": 0.690173923969,
            "max": -6.92413234711,
            "mean": -10.0962657928,
            "median": -10.0264644623,
            "min": -13.527633667,
            "stdev": 1.17059636116,
            "var": 1.37029576302
        },
        "short_term": {
            "dmean": 0.129765838385,
            "dmean2": 0.20537532866,
            "dvar": 0.0058145490475,
            "dvar2": 0.0140994861722,
            "max": -8.52194404602,
            "mean": -9.99377250671,
            "median": -10.0175590515,
            "min": -11.2279901505,
            "stdev": 0.485564559698,
            "var": 0.235772952437
        }
    },
    "melbands_crest": {
        "dmean": 4.72041988373,
        "dmean2": 7.26564836502,
        "dvar": 16.2594642639,
        "dvar2": 35.5137748718,
        "max": 35.8656349182,
        "mean": 17.0144233704,
        "median": 16.3678817749,
        "min": 2.13304805756,
        "stdev": 6.94899988174,
        "var": 48.2886009216
    },
    "melbands_flatness_db": {
        "dmean": 0.0390980355442,
        "dmean2": 0.0560104995966,
        "dvar": 0.00145828560926,
        "dvar2": 0.00276883225888,
        "max": 0.662755012512,
        "mean": 0.242274433374,
        "median": 0.234521716833,
        "min": 0.00573799293488,
        "stdev": 0.0766699686646,
        "var": 0.00587828457355
    },
    "melbands_kurtosis": {
        "dmean": 10.6809091568,
        "dmean2": 16.0162258148,
        "dvar": 488.303405762,
        "dvar2": 969.714355469,
        "max": 432.777252197,
        "mean": 14.1299276352,
        "median": 4.56509256363,
        "min": -1.58254933357,
        "stdev": 29.6032962799,
        "var": 876.355163574
    },
    "melbands_skewness": {
        "dmean": 1.08736634254,
        "dmean2": 1.52169084549,
        "dvar": 1.46502685547,
        "dvar2": 2.74609971046,
        "max": 15.2706747055,
        "mean": 2.41406559944,
        "median": 1.85406470299,
        "min": -1.06375861168,
        "stdev": 2.21062755585,
        "var": 4.88687372208
    },
    "melbands_spread": {
        "dmean": 8.75251293182,
        "dmean2": 13.0659704208,
        "dvar": 166.566955566,
        "dvar2": 359.131286621,
        "max": 182.369888306,
        "mean": 21.672334671,
        "median": 18.5595531464,
        "min": 0.218834936619,
        "stdev": 16.9477748871,
        "var": 287.227050781
    },
    "pitch_salience": {
        "dmean": 0.105863176286,
        "dmean2": 0.156482994556,
        "dvar": 0.00944641325623,
        "dvar2": 0.0197191163898,
        "max": 0.961779892445,
        "mean": 0.500181376934,
        "median": 0.50839561224,
        "min": 0.025389123708,
        "stdev": 0.166991323233,
        "var": 0.0278861001134
    },
    "silence_rate_20dB": {
        "dmean": 0,
        "dmean2": 0,
        "dvar": 0,
        "dvar2": 0,
        "max": 1,
        "mean": 1,
        "median": 1,
        "min": 1,
        "stdev": 0,
        "var": 0
    },
    "silence_rate_30dB": {
        "dmean": 0.0650154799223,
        "dmean2": 0.130131676793,
        "dvar": 0.0607882030308,
        "dvar2": 0.144182682037,
        "max": 1,
        "mean": 0.947409152985,
        "median": 1,
        "min": 0,
        "stdev": 0.223215997219,
        "var": 0.0498253814876
    },
    "silence_rate_60dB": {
        "dmean": 0.0487616099417,
        "dmean2": 0.0975987613201,
        "dvar": 0.0463836528361,
        "dvar2": 0.103566072881,
        "max": 1,
        "mean": 0.0641918033361,
        "median": 0,
        "min": 0,
        "stdev": 0.245093271136,
        "var": 0.0600707121193
    },
    "spectral_centroid": {
        "dmean": 309.489105225,
        "dmean2": 467.15512085,
        "dvar": 208023.5,
        "dvar2": 352223.21875,
        "max": 11235.3125,
        "mean": 1417.68566895,
        "median": 1356.23278809,
        "min": 111.686073303,
        "stdev": 625.103759766,
        "var": 390754.6875
    },
    "spectral_complexity": {
        "dmean": 4.5642414093,
        "dmean2": 6.61115407944,
        "dvar": 28.4316043854,
        "dvar2": 55.0865592957,
        "max": 52,
        "mean": 15.4168596268,
        "median": 14,
        "min": 0,
        "stdev": 8.62676715851,
        "var": 74.4211120605
    },
    "spectral_decrease": {
        "dmean": 4.85419571206e-09,
        "dmean2": 7.1248122957e-09,
        "dvar": 4.81899708442e-17,
        "dvar2": 1.10419241474e-16,
        "max": 1.41829609817e-28,
        "mean": -8.72406946684e-09,
        "median": -5.11836839578e-09,
        "min": -4.85955276019e-08,
        "stdev": 9.38439193021e-09,
        "var": 8.80668162369e-17
    },
    "spectral_energy": {
        "dmean": 0.0187851320952,
        "dmean2": 0.0275407936424,
        "dvar": 0.000709589396138,
        "dvar2": 0.00162100594025,
        "max": 0.186092749238,
        "mean": 0.0346042737365,
        "median": 0.0209457520396,
        "min": 1.09781811467e-20,
        "stdev": 0.0361703634262,
        "var": 0.0013082951773
    },
    "spectral_energyband_high": {
        "dmean": 0.000267436931608,
        "dmean2": 0.000410325068515,
        "dvar": 4.12747539258e-07,
        "dvar2": 1.01375837858e-06,
        "max": 0.00823930185288,
        "mean": 0.000435411435319,
        "median": 0.000154218680109,
        "min": 7.87153633517e-21,
        "stdev": 0.000733371416572,
        "var": 5.37833614089e-07
    },
    "spectral_energyband_low": {
        "dmean": 0.0142758535221,
        "dmean2": 0.0212090611458,
        "dvar": 0.000612146279309,
        "dvar2": 0.00140772259329,
        "max": 0.178401708603,
        "mean": 0.0180970970541,
        "median": 0.0020465911366,
        "min": 5.8265133931e-23,
        "stdev": 0.030442032963,
        "var": 0.000926717417315
    },
    "spectral_energyband_middle_high": {
        "dmean": 0.00244587752968,
        "dmean2": 0.00364180118777,
        "dvar": 1.08255981104e-05,
        "dvar2": 2.34631588683e-05,
        "max": 0.0333427973092,
        "mean": 0.00629441114143,
        "median": 0.00453356700018,
        "min": 1.64742732708e-21,
        "stdev": 0.00574599672109,
        "var": 3.30164803017e-05
    },
    "spectral_energyband_middle_low": {
        "dmean": 0.00914509966969,
        "dmean2": 0.0156283322722,
        "dvar": 0.000318260979839,
        "dvar2": 0.000867216440383,
        "max": 0.119799278677,
        "mean": 0.0113488482311,
        "median": 0.00628260150552,
        "min": 2.89247298849e-22,
        "stdev": 0.015788719058,
        "var": 0.000249283621088
    },
    "spectral_entropy": {
        "dmean": 0.214308291674,
        "dmean2": 0.318205475807,
        "dvar": 0.0563701353967,
        "dvar2": 0.113745428622,
        "max": 9.80497264862,
        "mean": 7.27876663208,
        "median": 7.27597475052,
        "min": 5.89511108398,
        "stdev": 0.442324131727,
        "var": 0.19565063715
    },
    "spectral_flux": {
        "dmean": 0.0485717393458,
        "dmean2": 0.0729658305645,
        "dvar": 0.00322235026397,
        "dvar2": 0.00548916542903,
        "max": 0.468412727118,
        "mean": 0.112537272274,
        "median": 0.0868721827865,
        "min": 1.04776819165e-10,
        "stdev": 0.0849395543337,
        "var": 0.00721472781152
    },
    "spectral_kurtosis": {
        "dmean": 3.48743081093,
        "dmean2": 5.82102441788,
        "dvar": 18.8135433197,
        "dvar2": 56.0665245056,
        "max": 38.4581108093,
        "mean": 7.13524007797,
        "median": 5.79074478149,
        "min": -1.17953968048,
        "stdev": 5.52057695389,
        "var": 30.4767684937
    },
    "spectral_rms": {
        "dmean": 0.00142159231473,
        "dmean2": 0.00193563045468,
        "dvar": 2.74095782515e-06,
        "dvar2": 5.30092029294e-06,
        "max": 0.0134741934016,
        "mean": 0.00509542785585,
        "median": 0.00452049542218,
        "min": 3.27267791859e-12,
        "stdev": 0.00279227946885,
        "var": 7.79682522989e-06
    },
    "spectral_rolloff": {
        "dmean": 612.947753906,
        "dmean2": 997.899780273,
        "dvar": 1654592,
        "dvar2": 3227126,
        "max": 19466.015625,
        "mean": 1442.94177246,
        "median": 1184.32617188,
        "min": 64.599609375,
        "stdev": 1547.92346191,
        "var": 2396067
    },
    "spectral_skewness": {
        "dmean": 0.366623222828,
        "dmean2": 0.601166605949,
        "dvar": 0.141652092338,
        "dvar2": 0.385854065418,
        "max": 4.38913393021,
        "mean": 1.65539765358,
        "median": 1.57861185074,
        "min": -0.0435108952224,
        "stdev": 0.580838441849,
        "var": 0.337373316288
    },
    "spectral_spread": {
        "dmean": 614650.375,
        "dmean2": 859800.1875,
        "dvar": 1.36552513536e+12,
        "dvar2": 1.76215883776e+12,
        "max": 39746328,
        "mean": 3639191.75,
        "median": 3098518.75,
        "min": 1278160.125,
        "stdev": 2265744,
        "var": 5.13359583642e+12
    },
    "spectral_strongpeak": {
        "dmean": 0.556525111198,
        "dmean2": 0.918372571468,
        "dvar": 0.492389887571,
        "dvar2": 1.12194430828,
        "max": 5.91239595413,
        "mean": 1.07658529282,
        "median": 0.596150994301,
        "min": 0,
        "stdev": 1.09856688976,
        "var": 1.20684933662
    },
    "zerocrossingrate": {
        "dmean": 0.0127671184018,
        "dmean2": 0.0138689270243,
        "dvar": 0.000507487624418,
        "dvar2": 0.000576227204874,
        "max": 0.51123046875,
        "mean": 0.0532558895648,
        "median": 0.0478515625,
        "min": 0.001953125,
        "stdev": 0.0377041883767,
        "var": 0.00142160570249
    },
    "barkbands": {
        "dmean": [0.000255896913586, 0.0114427730441, 0.00466558011249, 0.00357001228258, 0.00247451243922, 0.0018593063578, 0.00105123105459, 0.000960783858318, 0.000932005641516, 0.00107813277282, 0.000549936376046, 0.000518547487445, 0.000527400639839, 0.000300013372907, 0.000352311442839, 0.000308873713948, 0.000312411342748, 0.000246748153586, 0.000181517956662, 0.000131513763336, 7.27933365852e-05, 5.20387693541e-05, 4.38287024735e-05, 3.34788492182e-05, 3.15007564495e-05, 2.08481869777e-05, 1.67274458818e-06],
        "dmean2": [0.000357265380444, 0.017492365092, 0.00828844867647, 0.00674478942528, 0.00450858380646, 0.00309274927713, 0.00170070072636, 0.00142283493187, 0.00148198299576, 0.00163776183035, 0.000810140161775, 0.0007722848095, 0.000777744571678, 0.00046010085498, 0.000567113049328, 0.000500111666042, 0.000517977634445, 0.000396362767788, 0.000289684190648, 0.000206184267881, 0.000111826499051, 8.0123762018e-05, 7.10891399649e-05, 5.07833246957e-05, 4.62643729406e-05, 3.15114812111e-05, 2.72735837825e-06],
        "dvar": [2.06917775358e-07, 0.000529009092133, 0.000126388957142, 0.000101420060673, 3.60774974979e-05, 1.44172408909e-05, 5.19809918842e-06, 4.45971636509e-06, 6.5146250563e-06, 5.25942277818e-06, 1.93420873984e-06, 1.29859711251e-06, 1.72825320988e-06, 4.58975591755e-07, 3.18400964261e-07, 3.32699016781e-07, 4.72038664157e-07, 2.94391441003e-07, 7.5698615376e-08, 5.61582496061e-08, 2.34375061581e-08, 2.05878194492e-08, 6.33260057725e-08, 1.09834807915e-08, 8.45004954897e-09, 4.99807484289e-09, 8.38217620314e-11],
        "dvar2": [4.20586275141e-07, 0.00126060622279, 0.000338010198902, 0.000286496040644, 0.000101659956272, 3.83875594707e-05, 1.20796539704e-05, 9.48791148403e-06, 1.60943109222e-05, 1.26525419546e-05, 4.26231827078e-06, 3.08938592752e-06, 3.49585820913e-06, 9.35414220748e-07, 7.77658328843e-07, 8.08223489912e-07, 1.26581255699e-06, 7.4444500342e-07, 1.74055315938e-07, 1.40083059819e-07, 5.58907125026e-08, 4.8930360208e-08, 1.73645716472e-07, 2.39361188648e-08, 1.81196160298e-08, 1.12020872578e-08, 2.08239675503e-10],
        "max": [0.0051398165524, 0.168270796537, 0.0662816017866, 0.0765646845102, 0.0367366969585, 0.0291917454451, 0.0356392376125, 0.0248038396239, 0.0433088429272, 0.0271522793919, 0.0186672341079, 0.0189783740789, 0.0204048343003, 0.00969911087304, 0.00605804845691, 0.00924191344529, 0.00992798060179, 0.0071983365342, 0.00303004798479, 0.00240275799297, 0.00215266202576, 0.00152972433716, 0.00386089505628, 0.00130396476015, 0.00177226192318, 0.00124643195886, 0.000178771646461],
        "mean": [0.000331122049829, 0.0131676420569, 0.00336987827905, 0.00219146162271, 0.00190289667808, 0.00214448268525, 0.00131837616209, 0.00164886342827, 0.00142059964128, 0.00175861595199, 0.000736310263164, 0.000786411517765, 0.000802476366516, 0.000419416872319, 0.000529891112819, 0.000447429163614, 0.000444694363978, 0.000355818541721, 0.000278850842733, 0.000194362408365, 0.000119913151138, 7.43319396861e-05, 4.35470719822e-05, 4.11042346968e-05, 4.51580453955e-05, 2.90103544103e-05, 1.57661690992e-06],
        "median": [3.33852512995e-05, 0.00109558540862, 6.55766561977e-05, 2.26151023526e-05, 0.000316196412314, 0.00070414331276, 0.000204363794182, 0.000242449284997, 0.000277150771581, 0.000552047626115, 0.000135391499498, 0.000198176378035, 0.00027894671075, 0.000118905234558, 0.00024040977587, 0.000203643692657, 0.000193940999452, 0.000131374428747, 0.00014261942124, 8.05046220194e-05, 4.53064130852e-05, 1.6940457499e-05, 4.24220206696e-06, 2.29080478675e-06, 4.26806354881e-06, 1.83840245427e-06, 2.49377052342e-08],
        "min": [2.62337587297e-23, 2.79201981947e-23, 4.82887792496e-24, 4.90121883655e-24, 4.24920336805e-23, 8.36854129844e-23, 2.46442860473e-23, 4.70381538803e-23, 4.94005587886e-23, 1.12004604403e-22, 6.42019054662e-23, 1.17959279925e-22, 1.27566898932e-22, 4.33686096075e-23, 1.75419188821e-22, 1.73502408282e-22, 1.24436963917e-22, 1.65033412174e-22, 2.52560571456e-22, 4.00250049902e-22, 3.73677781492e-22, 4.23041642471e-22, 6.23275441875e-22, 8.6045686075e-22, 1.16392753629e-21, 1.87465521459e-21, 2.62222110683e-21],
        "stdev": [0.000653492228594, 0.0254223942757, 0.00941149424762, 0.00769180944189, 0.00477141095325, 0.00383725319989, 0.00287457997911, 0.00360162858851, 0.00347099592909, 0.0034653278999, 0.00173766526859, 0.00153540226165, 0.00169248541351, 0.000969436601736, 0.000765283941291, 0.000692833214998, 0.000715984322596, 0.000610180199146, 0.000354248302756, 0.000277340121102, 0.000189899365068, 0.000169487917447, 0.000214424406295, 0.000133161025587, 0.000115332404675, 8.05340096122e-05, 8.58260773384e-06],
        "var": [4.27052128771e-07, 0.000646298169158, 8.85762201506e-05, 5.91639327467e-05, 2.27663604164e-05, 1.47245127664e-05, 8.26321047498e-06, 1.29717291202e-05, 1.20478125609e-05, 1.20084978334e-05, 3.01948057313e-06, 2.35746006183e-06, 2.86450676867e-06, 9.39807364375e-07, 5.85659506669e-07, 4.80017888549e-07, 5.12633562266e-07, 3.72319846065e-07, 1.25491865788e-07, 7.69175443338e-08, 3.60617704587e-08, 2.87261556764e-08, 4.59778277673e-08, 1.77318604244e-08, 1.33015634063e-08, 6.48572617834e-09, 7.36611535657e-11]
    },
    "erbbands": {
        "dmean": [0.318041741848, 2.6865940094, 4.97615718842, 9.46329784393, 9.99245166779, 7.38099622726, 10.526102066, 16.5667457581, 16.0721378326, 13.3157110214, 23.5069408417, 23.486240387, 27.5223617554, 29.7581996918, 20.9049568176, 23.8586406708, 23.090057373, 17.8978881836, 17.9383659363, 15.2072124481, 15.8791513443, 15.2596960068, 14.9922933578, 9.06799411774, 8.86371707916, 5.90373277664, 3.64520359039, 2.39552736282, 1.89914989471, 1.70244777203, 1.20387291908, 0.700803101063, 0.580352365971, 0.353088319302, 0.23633030057, 0.10611616075, 0.0363348647952, 0.00627307640389, 0.000187723853742, 2.36722353293e-05],
        "dmean2": [0.479055017233, 4.16604375839, 8.34191036224, 17.6048908234, 18.5179767609, 13.3229179382, 17.9635162354, 27.6045608521, 25.2843112946, 21.5692691803, 34.0310592651, 36.0959663391, 41.549697876, 45.7122612, 30.4560966492, 35.0688514709, 34.0187492371, 27.0824241638, 28.1511478424, 24.2215328217, 26.3442344666, 25.3587493896, 24.3274326324, 14.3999519348, 13.7747945786, 9.27076625824, 5.64414644241, 3.67286705971, 2.96192908287, 2.75125622749, 1.92423355579, 1.09884226322, 0.868284881115, 0.532268047333, 0.356242626905, 0.15689958632, 0.0567483305931, 0.00970823504031, 0.000294764351565, 3.50079935743e-05],
        "dvar": [0.322531968355, 31.6940479279, 127.361503601, 618.532714844, 746.613769531, 311.39932251, 514.60345459, 1205.35241699, 1106.23376465, 902.188110352, 2901.98974609, 3531.99584961, 5448.68603516, 4039.01904297, 2227.48999023, 2505.47387695, 3817.89013672, 1389.82421875, 870.487976074, 639.860595703, 930.163146973, 1234.61193848, 1163.16760254, 205.08656311, 185.075881958, 110.541435242, 66.7551498413, 24.4274864197, 24.9254131317, 69.8329391479, 46.3963127136, 6.28013944626, 3.35831570625, 1.00420796871, 0.536431729794, 0.0909855514765, 0.0198529474437, 0.00122172455303, 8.91446461537e-07, 1.20417587013e-09],
        "dvar2": [0.740258038044, 75.532333374, 329.589416504, 1715.36022949, 2092.29541016, 872.162597656, 1339.54138184, 3161.30810547, 2528.93554688, 2194.0715332, 6053.9765625, 8324.2890625, 12737.9912109, 9930.16210938, 4264.21923828, 6036.82763672, 8180.90087891, 2816.53149414, 2111.96411133, 1556.69128418, 2448.98852539, 3359.29003906, 3015.90600586, 482.117980957, 408.214569092, 268.118713379, 167.107589722, 54.8656616211, 56.1177253723, 190.468841553, 129.085525513, 15.0222997665, 7.14428472519, 2.13075470924, 1.19774198532, 0.179227441549, 0.047217451036, 0.00307521759532, 2.17092042476e-06, 2.84434298337e-09],
        "max": [3.89230465889, 41.8328857422, 80.9993896484, 180.51335144, 183.388519287, 102.052505493, 179.536697388, 347.988769531, 564.70880127, 394.660736084, 639.244812012, 890.489440918, 1176.22583008, 778.636108398, 683.008911133, 851.128967285, 999.33215332, 507.595397949, 308.064727783, 319.437683105, 314.321014404, 510.368469238, 399.958862305, 119.283508301, 203.838973999, 109.336502075, 136.892883301, 70.7739486694, 51.7420310974, 125.324645996, 109.210594177, 32.2516708374, 28.8117408752, 14.4199008942, 15.6963357925, 3.96364927292, 2.6678249836, 0.810585379601, 0.0186855606735, 0.000453542277683],
        "mean": [0.384400457144, 2.89774084091, 4.18857717514, 6.26975011826, 6.44812059402, 5.93235254288, 11.3054428101, 19.3862609863, 20.2840137482, 17.1025924683, 43.7372436523, 40.022026062, 45.7978935242, 46.2341537476, 31.6292381287, 39.1480865479, 36.407245636, 28.1602840424, 28.4511165619, 23.6759719849, 24.0314502716, 22.0103664398, 21.7549591064, 14.230887413, 14.1978244781, 9.13157939911, 5.85440349579, 3.89620614052, 2.84134888649, 1.8913744688, 1.16672468185, 0.800520956516, 0.725210428238, 0.471762895584, 0.340971440077, 0.159718707204, 0.0461121015251, 0.00706544239074, 0.000213444553083, 4.56375055364e-05],
        "median": [0.0323350913823, 0.170301616192, 0.166818618774, 0.106762096286, 0.226660594344, 0.782076776028, 3.84396672249, 6.15422534943, 4.78716802597, 5.24011421204, 6.71617174149, 9.99478912354, 11.7212715149, 18.7194843292, 10.6950950623, 13.1171140671, 13.3374156952, 12.0965442657, 13.0977058411, 13.1597328186, 11.5840768814, 9.4248342514, 8.51605224609, 7.20058012009, 6.91819000244, 4.11730527878, 2.42401313782, 1.20313465595, 0.672741234303, 0.314675986767, 0.0966377556324, 0.0453003384173, 0.0399072617292, 0.0432506911457, 0.0277747046202, 0.00975663214922, 0.00339837488718, 0.000514913233928, 3.81682148145e-05, 2.97384867736e-05],
        "min": [1.84469071807e-21, 2.32107667481e-21, 6.66068689786e-21, 1.17132329029e-20, 8.5508225472e-20, 1.58800078971e-19, 4.29176120926e-19, 6.85545371398e-19, 2.04447291442e-19, 4.92966506158e-19, 1.25350474397e-18, 1.04007446495e-18, 3.18782917651e-18, 3.50928314307e-18, 3.06252289423e-18, 4.10512201781e-18, 5.54318916121e-18, 3.72962213797e-18, 6.58369593143e-18, 7.79760746859e-18, 1.04109787348e-17, 6.96282175749e-18, 6.92188003948e-18, 1.1792027905e-17, 1.89490435462e-17, 1.69724822376e-17, 1.49048433805e-17, 1.53395880038e-17, 1.41858629552e-17, 1.06622679331e-17, 2.02166233887e-17, 1.9020447431e-17, 1.39961639709e-17, 1.42448872549e-17, 7.74000426509e-18, 7.14725408276e-18, 3.1153956586e-18, 1.27432394941e-18, 3.21815806386e-19, 4.55887217547e-20],
        "stdev": [0.677795350552, 6.04828119278, 10.2384557724, 19.5529766083, 21.2653503418, 14.3232698441, 22.3469238281, 36.1634559631, 41.7956466675, 34.8387374878, 95.6295471191, 90.7784881592, 110.047676086, 79.2527999878, 69.6607894897, 70.4913711548, 78.5138549805, 52.8250007629, 41.3843383789, 31.5733642578, 34.7548065186, 35.4200553894, 36.4487304688, 17.9860343933, 18.8338851929, 12.5356445312, 9.05469322205, 6.6415772438, 6.28353023529, 7.29220676422, 5.72789621353, 2.81815505028, 2.3451769352, 1.26494455338, 0.886983454227, 0.408951282501, 0.145801573992, 0.0324724726379, 0.00091516575776, 4.55317094747e-05],
        "var": [0.459406524897, 36.581703186, 104.825973511, 382.318878174, 452.215087891, 205.156051636, 499.385009766, 1307.79541016, 1746.87609863, 1213.7376709, 9145.00976562, 8240.73339844, 12110.4902344, 6281.00634766, 4852.62548828, 4969.03369141, 6164.42578125, 2790.48071289, 1712.66357422, 996.877319336, 1207.89660645, 1254.58044434, 1328.51000977, 323.497406006, 354.715209961, 157.14239502, 81.9874649048, 44.1105499268, 39.4827537537, 53.1762809753, 32.808795929, 7.94199752808, 5.49985456467, 1.60008478165, 0.786739647388, 0.1672411412, 0.0212580990046, 0.00105446157977, 8.37528375541e-07, 2.07313655132e-09]
    },
    "gfcc": {
        "mean": [-40.8767662048, 102.166717529, -152.052947998, 15.2030754089, -48.1770095825, -1.76445925236, -24.4030628204, 11.5921831131, -19.6469192505, 9.13116931915, -10.4092969894, 5.66032791138, -2.11123609543],
        "cov": [[7125.09033203, -1037.18310547, 1423.16186523, 743.333374023, -143.823684692, 328.726135254, -369.109405518, 485.546478271, -386.730712891, 313.128326416, -344.0831604, 204.834869385, -202.074691772], [-1037.18310547, 2548.72631836, -436.859954834, 325.412200928, 860.277954102, 97.0053710938, 689.630004883, -374.323486328, 352.057098389, -364.030334473, 231.27305603, -312.665344238, 100.335411072], [1423.16186523, -436.859954834, 2109.61791992, 832.004272461, 211.908325195, 461.941162109, -48.4141120911, 605.577758789, 0.742127656937, 238.389297485, -106.473564148, 132.031204224, -87.3155670166], [743.333374023, 325.412200928, 832.004272461, 983.679443359, 323.552032471, 240.277816772, 178.323318481, 229.655700684, 182.341003418, 29.2905673981, 48.0031661987, 57.0765724182, 36.7176513672], [-143.823684692, 860.277954102, 211.908325195, 323.552032471, 698.671081543, 288.316101074, 430.014709473, 42.6719436646, 162.503341675, -7.87401819229, 114.999458313, -37.9749565125, 73.0205688477], [328.726135254, 97.0053710938, 461.941162109, 240.277816772, 288.316101074, 444.896759033, 229.537612915, 156.465835571, 128.714813232, 88.7200469971, 49.7258911133, 15.3263063431, -7.4943652153], [-369.109405518, 689.630004883, -48.4141120911, 178.323318481, 430.014709473, 229.537612915, 543.682983398, 73.6547927856, 200.65977478, 41.4446029663, 120.261779785, -49.366519928, 61.3835487366], [485.546478271, -374.323486328, 605.577758789, 229.655700684, 42.6719436646, 156.465835571, 73.6547927856, 472.506195068, 65.5137023926, 241.314147949, 6.57176589966, 122.168655396, 48.9133720398], [-386.730712891, 352.057098389, 0.742127656937, 182.341003418, 162.503341675, 128.714813232, 200.65977478, 65.5137023926, 297.261016846, 27.8074893951, 129.716674805, 10.0532140732, 44.0556373596], [313.128326416, -364.030334473, 238.389297485, 29.2905673981, -7.87401819229, 88.7200469971, 41.4446029663, 241.314147949, 27.8074893951, 325.017944336, 50.1709899902, 128.280914307, 39.0269966125], [-344.0831604, 231.27305603, -106.473564148, 48.0031661987, 114.999458313, 49.7258911133, 120.261779785, 6.57176589966, 129.716674805, 50.1709899902, 196.482406616, 49.0928916931, 64.8823165894], [204.834869385, -312.665344238, 132.031204224, 57.0765724182, -37.9749565125, 15.3263063431, -49.366519928, 122.168655396, 10.0532140732, 128.280914307, 49.0928916931, 202.793731689, 66.0272369385], [-202.074691772, 100.335411072, -87.3155670166, 36.7176513672, 73.0205688477, -7.4943652153, 61.3835487366, 48.9133720398, 44.0556373596, 39.0269966125, 64.8823165894, 66.0272369385, 158.789474487]],
        "icov": [[0.000241128596826, -0.00016060222697, 0.000147091050167, -0.000281491986243, 0.000106282815977, -0.000375732051907, 0.000281168642687, -0.00026160775451, 0.000485091877636, -0.000249040749623, 0.000322603795212, -0.000301643041894, 0.000379830482416], [-0.00016060222697, 0.00200713169761, -0.000529330340214, 0.00014426666894, -0.00154415809084, 0.00159364182036, -0.0014085493749, 0.00148976792116, -0.00140996393748, 0.00102961808443, -0.00109462172259, 0.00197242037393, -0.0011609273497], [0.000147091050167, -0.000529330340214, 0.00199222145602, -0.00121573195793, -0.00016369682271, -0.00169335049577, 0.00165756244678, -0.00222632545047, 0.00124992837664, -0.000355482567102, 0.000720014853869, -0.00062443758361, 0.00164468120784], [-0.000281491986243, 0.00014426666894, -0.00121573195793, 0.00249048881233, -0.000474746571854, 0.000892183219548, -0.000673314090818, 0.000511271995492, -0.00167387234978, 0.000908921996597, -0.000268273870461, -0.000160646872246, -0.000913129711989], [0.000106282815977, -0.00154415809084, -0.00016369682271, -0.000474746571854, 0.00508559634909, -0.00215909769759, -0.00154514622409, -0.00010895516607, 0.00161653500982, -0.000297495193081, 4.25614744017e-05, -0.00115223741159, -0.000592600728851], [-0.000375732051907, 0.00159364182036, -0.00169335049577, 0.000892183219548, -0.00215909769759, 0.00631697149947, -0.00255195586942, 0.00171560328454, -0.00270644575357, 0.000488242483698, -0.00105186575092, 0.00135376781691, -0.000375752104446], [0.000281168642687, -0.0014085493749, 0.00165756244678, -0.000673314090818, -0.00154514622409, -0.00255195586942, 0.00665301457047, -0.00268049631268, 0.000193315150682, -0.00154592178296, 0.000612745992839, 0.000243404952926, 0.00113367044833], [-0.00026160775451, 0.00148976792116, -0.00222632545047, 0.000511271995492, -0.00010895516607, 0.00171560328454, -0.00268049631268, 0.00750449765474, -0.00252787070349, -0.00200690096244, 0.00047520865337, 0.000834879931062, -0.00310783903114], [0.000485091877636, -0.00140996393748, 0.00124992837664, -0.00167387234978, 0.00161653500982, -0.00270644575357, 0.000193315150682, -0.00252787070349, 0.008241253905, -0.000278905848972, -0.00232094642706, -0.00112497853115, 0.00161363743246], [-0.000249040749623, 0.00102961808443, -0.000355482567102, 0.000908921996597, -0.000297495193081, 0.000488242483698, -0.00154592178296, -0.00200690096244, -0.000278905848972, 0.00711023667827, -0.00223199254833, -0.00132176652551, -0.000206047610845], [0.000322603795212, -0.00109462172259, 0.000720014853869, -0.000268273870461, 4.25614744017e-05, -0.00105186575092, 0.000612745992839, 0.00047520865337, -0.00232094642706, -0.00223199254833, 0.010354151018, -0.00324710714631, -0.000580355175771], [-0.000301643041894, 0.00197242037393, -0.00062443758361, -0.000160646872246, -0.00115223741159, 0.00135376781691, 0.000243404952926, 0.000834879931062, -0.00112497853115, -0.00132176652551, -0.00324710714631, 0.011053385213, -0.00432633329183], [0.000379830482416, -0.0011609273497, 0.00164468120784, -0.000913129711989, -0.000592600728851, -0.000375752104446, 0.00113367044833, -0.00310783903114, 0.00161363743246, -0.000206047610845, -0.000580355175771, -0.00432633329183, 0.0110430177301]]
    },
    "melbands": {
        "dmean": [0.00308206747286, 0.00269635184668, 0.00162620574702, 0.000597458973061, 0.000353783543687, 0.000364313280443, 0.000239465371124, 0.00015041284496, 0.000190750739421, 0.000145903235534, 0.000139043026138, 0.000127581035485, 7.04253689037e-05, 6.42518280074e-05, 5.39762731933e-05, 4.79420086776e-05, 3.43931606039e-05, 2.87841794488e-05, 2.23361566896e-05, 2.30865462072e-05, 1.94536023628e-05, 1.63301683642e-05, 1.9984850951e-05, 8.93525066203e-06, 7.74542968429e-06, 7.42760403227e-06, 5.18660272064e-06, 3.9742167246e-06, 2.49345771408e-06, 1.9433387024e-06, 1.33796595492e-06, 1.17011893508e-06, 9.83885342976e-07, 9.31635952384e-07, 7.9340964021e-07, 4.6332780812e-07, 4.2058576355e-07, 4.23258683213e-07, 3.67204222584e-07, 2.86682023898e-07],
        "dmean2": [0.00462081748992, 0.00413974234834, 0.00297913933173, 0.00109917367809, 0.000607533263974, 0.000606141111348, 0.000377948541427, 0.000237882777583, 0.00028044678038, 0.000225473064347, 0.000211992810364, 0.000196472668904, 0.000104477971036, 9.4232869742e-05, 7.89799378254e-05, 7.2947863373e-05, 5.26019248355e-05, 4.57764435851e-05, 3.59969162673e-05, 3.66224667232e-05, 3.25315268128e-05, 2.73443256447e-05, 3.25645014527e-05, 1.43215047501e-05, 1.26099530462e-05, 1.18929883683e-05, 8.17712771095e-06, 6.26556538919e-06, 3.9163337533e-06, 3.05963521896e-06, 2.04910156754e-06, 1.83500344519e-06, 1.54878750891e-06, 1.53604719344e-06, 1.28750548356e-06, 7.41728626963e-07, 6.62852698952e-07, 6.40809560082e-07, 5.5658290421e-07, 4.43302155873e-07],
        "dvar": [3.46126107615e-05, 2.77792787529e-05, 1.77014444489e-05, 2.3607303774e-06, 5.56675729513e-07, 5.62294189876e-07, 2.42616636115e-07, 1.00117084401e-07, 2.05140381127e-07, 1.28502634311e-07, 1.37490573593e-07, 7.83761038292e-08, 2.97719324749e-08, 1.49929579862e-08, 1.93016767014e-08, 1.59313504611e-08, 6.30403862445e-09, 2.36109110041e-09, 1.75626158061e-09, 1.81124359955e-09, 1.49069667721e-09, 1.27457544519e-09, 2.30169661108e-09, 2.68083916177e-10, 1.59144156187e-10, 1.39108655151e-10, 8.42172304116e-11, 5.5747104849e-11, 3.09492743933e-11, 1.91223668844e-11, 7.53672211445e-12, 8.72916842976e-12, 9.3292092801e-12, 2.69054709068e-11, 2.25211238547e-11, 3.49079662745e-12, 2.13132875064e-12, 1.88294020133e-12, 1.15348214921e-12, 6.58409253767e-13],
        "dvar2": [8.15950261313e-05, 6.73162721796e-05, 4.87796278321e-05, 6.64060098643e-06, 1.47831644881e-06, 1.47993546307e-06, 5.48751472706e-07, 2.38597323232e-07, 4.45600022658e-07, 3.00945998788e-07, 3.22314122059e-07, 1.94304703882e-07, 6.39180868234e-08, 3.25783027222e-08, 4.36253380087e-08, 3.45930430967e-08, 1.26333281614e-08, 5.7481877036e-09, 4.37301839185e-09, 3.86855880663e-09, 3.95500743267e-09, 3.46765749448e-09, 6.13117867587e-09, 6.61601107232e-10, 3.81187775789e-10, 3.34076433184e-10, 1.86558338222e-10, 1.39150399536e-10, 7.96857926866e-11, 4.61099179672e-11, 1.69146849305e-11, 1.96416858472e-11, 2.35063080112e-11, 7.28548887885e-11, 6.33664648531e-11, 8.90023037908e-12, 5.00114880064e-12, 4.12231533631e-12, 2.36505823606e-12, 1.44847155104e-12],
        "max": [0.042365565896, 0.0376310162246, 0.0312083531171, 0.00939168035984, 0.00515804439783, 0.0068551292643, 0.00833142362535, 0.00352944643237, 0.00593318929896, 0.00489998050034, 0.00575644942001, 0.0036670663394, 0.00269754207693, 0.00204185163602, 0.00260780402459, 0.00232303305529, 0.00115225184709, 0.000479593203636, 0.000660463061649, 0.000816715706605, 0.000378054159228, 0.000440643023467, 0.000595426070504, 0.000167378340848, 0.00010252823995, 0.000124962316477, 0.000129951906274, 6.45218533464e-05, 9.51119145611e-05, 5.72670214751e-05, 4.52981985291e-05, 3.1097282772e-05, 3.47337445419e-05, 7.73581341491e-05, 7.82978895586e-05, 2.61542827502e-05, 2.18180211959e-05, 2.15841773752e-05, 1.37850474857e-05, 1.10429073175e-05],
        "mean": [0.00363920349628, 0.00274740764871, 0.00108824984636, 0.00041997837252, 0.000373903982108, 0.000424747180659, 0.000306074274704, 0.000198980502319, 0.000346322311088, 0.000239449029323, 0.000224842544412, 0.000190074351849, 9.50386238401e-05, 0.000103754362499, 8.3073406131e-05, 7.28244122001e-05, 4.95352505823e-05, 4.29490901297e-05, 3.32345516654e-05, 3.503859989e-05, 2.70263681159e-05, 2.2714597435e-05, 2.58567324636e-05, 1.34789142976e-05, 1.10557175503e-05, 1.10679930003e-05, 8.2387959992e-06, 5.51649509362e-06, 3.66588915313e-06, 3.02740909319e-06, 2.03195281756e-06, 1.69794566318e-06, 1.2394471014e-06, 9.54904294304e-07, 7.21012497706e-07, 4.86435681069e-07, 4.81958750242e-07, 5.08443349645e-07, 4.68150176403e-07, 3.7459608393e-07],
        "median": [0.000321316183545, 0.000176998844836, 2.13323255593e-05, 3.08199960273e-05, 0.000121957622468, 0.000138396469993, 6.24944223091e-05, 5.45492002857e-05, 4.79226218886e-05, 5.10679055878e-05, 5.4504351283e-05, 7.12059336365e-05, 2.11234491871e-05, 3.00882675219e-05, 2.58232666965e-05, 2.92919066851e-05, 1.53040909936e-05, 1.7019938241e-05, 1.45389549289e-05, 1.6979602151e-05, 1.09010616143e-05, 9.10097151063e-06, 8.42882764118e-06, 6.29700753052e-06, 5.07277582074e-06, 5.393821084e-06, 3.33302409672e-06, 2.45334763349e-06, 1.47242997173e-06, 1.01628961602e-06, 5.59346290174e-07, 3.67247736222e-07, 2.49021326226e-07, 1.2198721322e-07, 5.34361745963e-08, 2.58707206768e-08, 2.27251657492e-08, 2.49985490086e-08, 2.48723619478e-08, 3.50636604196e-08],
        "min": [1.34105123265e-23, 3.25672705023e-24, 3.91594694871e-24, 9.1776085602e-24, 1.37777239224e-23, 1.52925498529e-23, 3.3785713502e-24, 5.53611697004e-24, 9.498633139e-24, 7.0430109041e-24, 1.59007426781e-23, 1.42439186293e-23, 9.78698862113e-24, 1.06333393425e-23, 1.34129956606e-23, 1.12494980852e-23, 6.24716700215e-24, 8.16269482942e-24, 1.52358481087e-23, 8.36859225885e-24, 1.31501101305e-23, 7.1083822296e-24, 6.75460966804e-24, 6.906523768e-24, 1.01650241775e-23, 7.74738480637e-24, 2.10852674981e-23, 8.23803183473e-24, 8.50368784432e-24, 1.01873560409e-23, 9.11582024094e-24, 8.22446184944e-24, 7.54825028149e-24, 4.89717552998e-24, 1.13973235191e-23, 1.23789662524e-23, 1.14373582101e-23, 7.60910222285e-24, 1.48188388793e-23, 1.05987761908e-23],
        "stdev": [0.0067305942066, 0.00561180850491, 0.00334749673493, 0.00120286061428, 0.000708772160579, 0.000780243251938, 0.000631869363133, 0.000380792916985, 0.000757585396059, 0.000546353287064, 0.000552583544049, 0.000345451699104, 0.000222064176342, 0.000188374891877, 0.000171813269844, 0.00014942510461, 0.000112206107588, 6.66494888719e-05, 5.341137512e-05, 5.43579626537e-05, 4.33226596215e-05, 3.7068639358e-05, 4.85519885842e-05, 1.95252014237e-05, 1.51091990119e-05, 1.44913356053e-05, 1.2587839592e-05, 8.17160616862e-06, 5.83497558182e-06, 5.27901647729e-06, 3.65540358871e-06, 3.76644698008e-06, 3.30009856953e-06, 4.4806565711e-06, 3.88890612157e-06, 1.84849159268e-06, 1.72827242295e-06, 1.71521026004e-06, 1.39873031912e-06, 9.87734551927e-07],
        "var": [4.53008979093e-05, 3.14923927363e-05, 1.12057350634e-05, 1.44687362535e-06, 5.02357977439e-07, 6.08779544109e-07, 3.99258908601e-07, 1.45003255625e-07, 5.73935608372e-07, 2.98501930729e-07, 3.05348578422e-07, 1.19336874604e-07, 4.93124971968e-08, 3.54851010798e-08, 2.95197981615e-08, 2.23278622258e-08, 1.25902106518e-08, 4.44215464412e-09, 2.85277512724e-09, 2.9547881919e-09, 1.87685289532e-09, 1.37408395773e-09, 2.35729569198e-09, 3.81233461466e-10, 2.28287902471e-10, 2.0999879613e-10, 1.58453708488e-10, 6.67751479111e-11, 3.40469423488e-11, 2.78680169219e-11, 1.33619755885e-11, 1.41861227626e-11, 1.08906512281e-11, 2.00762826502e-11, 1.51235916152e-11, 3.41692104298e-12, 2.98692537717e-12, 2.94194638269e-12, 1.95644650654e-12, 9.75619433331e-13]
    },
    "melbands128": {
