{
"lowlevel": {
    "average_loudness": 0.967183172703,
    "barkbands_crest": {
        "dmean": 3.32633543015,
        "dmean2": 5.05958509445,
        "dvar": 9.96809577942,
        "dvar2": 19.9639911652,
        "max": 26.3304386139,
        "mean": 13.2056703568,
        "median": 12.1115846634,
        "min": 2.96671772003,
        "stdev": 5.59533262253,
        "var": 31.3077449799
    },
    "barkbands_flatness_db": {
        "dmean": 0.0439501255751,
        "dmean2": 0.063508361578,
        "dvar": 0.0023767054081,
        "dvar2": 0.00530030671507,
        "max": 0.521446168423,
        "mean": 0.212826475501,
        "median": 0.204585850239,
        "min": 0.0304979681969,
        "stdev": 0.075901016593,
        "var": 0.00576096447185
    },
    "barkbands_kurtosis": {
        "dmean": 10.6931533813,
        "dmean2": 16.0181121826,
        "dvar": 678.024780273,
        "dvar2": 1494.01025391,
        "max": 527.189331055,
        "mean": 13.6647357941,
        "median": 5.32587623596,
        "min": -1.8698707819,
        "stdev": 29.9311065674,
        "var": 895.871154785
    },
    "barkbands_skewness": {
        "dmean": 1.06845521927,
        "dmean2": 1.50203382969,
        "dvar": 1.56655287743,
        "dvar2": 3.12987375259,
        "max": 20.1561088562,
        "mean": 2.45623040199,
        "median": 2.03942775726,
        "min": -2.75679802895,
        "stdev": 2.0135216713,
        "var": 4.05426931381
    },
    "barkbands_spread": {
        "dmean": 8.20562171936,
        "dmean2": 12.5685005188,
        "dvar": 134.072616577,
        "dvar2": 300.826141357,
        "max": 93.7927932739,
        "mean": 16.0147266388,
        "median": 11.7753753662,
        "min": 0.195335179567,
        "stdev": 15.2549753189,
        "var": 232.714279175
    },
    "dissonance": {
        "dmean": 0.0386604033411,
        "dmean2": 0.0624276176095,
        "dvar": 0.00128658779431,
        "dvar2": 0.00313547579572,
        "max": 0.499999880791,
        "mean": 0.422523856163,
        "median": 0.43181759119,
        "min": 0.0224911011755,
        "stdev": 0.0520012490451,
        "var": 0.00270412978716
    },
    "dynamic_complexity": 2.79674315453,
    "erbbands_crest": {
        "dmean": 3.25127100945,
        "dmean2": 5.24772024155,
        "dvar": 10.4604291916,
        "dvar2": 25.8540039062,
        "max": 28.606502533,
        "mean": 10.8794851303,
        "median": 10.0577287674,
        "min": 2.64516758919,
        "stdev": 4.93668842316,
        "var": 24.3708934784
    },
    "erbbands_flatness_db": {
        "dmean": 0.0310243237764,
        "dmean2": 0.0456693172455,
        "dvar": 0.00109126523603,
        "dvar2": 0.00231664767489,
        "max": 0.386651486158,
        "mean": 0.190603241324,
        "median": 0.187170162797,
        "min": 0.0662197098136,
        "stdev": 0.0599775984883,
        "var": 0.00359731214121
    },
    "erbbands_kurtosis": {
        "dmean": 2.42421197891,
        "dmean2": 3.89396810532,
        "dvar": 10.4253387451,
        "dvar2": 26.571138382,
        "max": 32.3840827942,
        "mean": 2.2724211216,
        "median": 1.05024719238,
        "min": -1.85037755966,
        "stdev": 3.98526740074,
        "var": 15.8823566437
    },
    "erbbands_skewness": {
        "dmean": 0.641135632992,
        "dmean2": 0.98827880621,
        "dvar": 0.480027884245,
        "dvar2": 1.05366039276,
        "max": 4.62297868729,
        "mean": 0.863081276417,
        "median": 0.807056427002,
        "min": -4.69874811172,
        "stdev": 1.010201931,
        "var": 1.02050793171
    },
    "erbbands_spread": {
        "dmean": 15.9889039993,
        "dmean2": 24.3873157501,
        "dvar": 378.722686768,
        "dvar2": 839.276245117,
        "max": 158.392242432,
        "mean": 39.609336853,
        "median": 32.2739562988,
        "min": 3.39512228966,
        "stdev": 28.4557361603,
        "var": 809.728881836
    },
    "hfc": {
        "dmean": 8.70383548737,
        "dmean2": 12.9359807968,
        "dvar": 225.041793823,
        "dvar2": 509.184783936,
        "max": 122.412414551,
        "mean": 17.5411701202,
        "median": 13.9630002975,
        "min": 8.56871702126e-06,
        "stdev": 17.575838089,
        "var": 308.910064697
    },
    "loudness_ebu128": {
        "integrated": -8.4694519043,
        "loudness_range": 2.60420465469,
        "momentary": {
            "dmean": 0.675690174103,
            "dmean2": 1.05399692059,
            "dvar": 0.368168473244,
            "dvar2": 0.718442559242,
            "max": -6.3649225235,
            "mean": -8.70553874969,
            "median": -8.24625205994,
            "min": -16.5950965881,
            "stdev": 1.58491241932,
            "var": 2.51194739342
        },
        "short_term": {
            "dmean": 0.122172996402,
            "dmean2": 0.17777903378,
            "dvar": 0.0100810397416,
            "dvar2": 0.0171577055007,
            "max": -7.39590167999,
            "mean": -8.59077167511,
            "median": -8.36193561554,
            "min": -11.2423200607,
            "stdev": 0.950283527374,
            "var": 0.903038799763
        }
    },
    "melbands_crest": {
        "dmean": 4.45526695251,
        "dmean2": 7.11047887802,
        "dvar": 16.7741355896,
        "dvar2": 39.3689422607,
        "max": 35.1518783569,
        "mean": 17.6359996796,
        "median": 16.5543117523,
        "min": 5.08516788483,
        "stdev": 6.51707553864,
        "var": 42.4722709656
    },
    "melbands_flatness_db": {
        "dmean": 0.0545133985579,
        "dmean2": 0.0762617886066,
        "dvar": 0.00347820902243,
        "dvar2": 0.00771087873727,
        "max": 0.650323092937,
        "mean": 0.276855140924,
        "median": 0.261057078838,
        "min": 0.0371724851429,
        "stdev": 0.0985796451569,
        "var": 0.00971794687212
    },
    "melbands_kurtosis": {
        "dmean": 19.1893501282,
        "dmean2": 29.297208786,
        "dvar": 1236.67224121,
        "dvar2": 2906.71435547,
        "max": 460.274169922,
        "mean": 27.7084445953,
        "median": 13.795091629,
        "min": -1.61011779308,
        "stdev": 42.0363349915,
        "var": 1767.05334473
    },
    "melbands_skewness": {
        "dmean": 1.35117387772,
        "dmean2": 1.96670591831,
        "dvar": 2.27516317368,
        "dvar2": 4.86989498138,
        "max": 15.542011261,
        "mean": 3.4664914608,
        "median": 3.00125694275,
        "min": -1.18849003315,
        "stdev": 2.44242835045,
        "var": 5.96545600891
    },
    "melbands_spread": {
        "dmean": 8.92946147919,
        "dmean2": 13.7619848251,
        "dvar": 333.569122314,
        "dvar2": 661.240661621,
        "max": 255.614807129,
        "mean": 15.8826494217,
        "median": 11.0195112228,
        "min": 0.298979133368,
        "stdev": 22.0768470764,
        "var": 487.387145996
    },
    "pitch_salience": {
        "dmean": 0.1047456339,
        "dmean2": 0.159004628658,
        "dvar": 0.0108274603263,
        "dvar2": 0.026781084016,
        "max": 0.886446654797,
        "mean": 0.458681881428,
        "median": 0.472968012094,
        "min": 0.0767375826836,
        "stdev": 0.164521545172,
        "var": 0.0270673390478
    },
    "silence_rate_20dB": {
        "dmean": 0,
        "dmean2": 0,
        "dvar": 0,
        "dvar2": 0,
        "max": 1,
        "mean": 1,
        "median": 1,
        "min": 1,
        "stdev": 0,
        "var": 0
    },
    "silence_rate_30dB": {
        "dmean": 0.0835913345218,
        "dmean2": 0.167312160134,
        "dvar": 0.0766044482589,
        "dvar2": 0.145517587662,
        "max": 1,
        "mean": 0.848414540291,
        "median": 1,
        "min": 0,
        "stdev": 0.358620166779,
        "var": 0.128608420491
    },
    "silence_rate_60dB": {
        "dmean": 0.0479876175523,
        "dmean2": 0.095274977386,
        "dvar": 0.0456852167845,
        "dvar2": 0.104789018631,
        "max": 1,
        "mean": 0.048723898828,
        "median": 0,
        "min": 0,
        "stdev": 0.215289399028,
        "var": 0.0463495254517
    },
    "spectral_centroid": {
        "dmean": 331.031524658,
        "dmean2": 507.914978027,
        "dvar": 202075.796875,
        "dvar2": 418912.65625,
        "max": 5084.46630859,
        "mean": 979.563232422,
        "median": 885.412536621,
        "min": 124.141601562,
        "stdev": 611.502868652,
        "var": 373935.78125
    },
    "spectral_complexity": {
        "dmean": 4.03560352325,
        "dmean2": 6.16576290131,
        "dvar": 40.1380271912,
        "dvar2": 70.6728744507,
        "max": 54,
        "mean": 11.9992265701,
        "median": 10,
        "min": 0,
        "stdev": 8.52479362488,
        "var": 72.6721115112
    },
    "spectral_decrease": {
        "dmean": 4.09343181573e-09,
        "dmean2": 5.44281286707e-09,
        "dvar": 3.69219444864e-17,
        "dvar2": 6.44537412766e-17,
        "max": -1.80616541112e-15,
        "mean": -1.07235349489e-08,
        "median": -6.82205181235e-09,
        "min": -4.77501735929e-08,
        "stdev": 1.09879714216e-08,
        "var": 1.20735520436e-16
    },
    "spectral_energy": {
        "dmean": 0.0158795844764,
        "dmean2": 0.0211907289922,
        "dvar": 0.000545775983483,
        "dvar2": 0.000958665041253,
        "max": 0.182704940438,
        "mean": 0.0420641228557,
        "median": 0.0270552579314,
        "min": 7.59408891327e-09,
        "stdev": 0.042128611356,
        "var": 0.00177481980063
    },
    "spectral_energyband_high": {
        "dmean": 0.000720689538866,
        "dmean2": 0.00111555121839,
        "dvar": 2.05086462302e-06,
        "dvar2": 4.69099768452e-06,
        "max": 0.0112412283197,
        "mean": 0.000862383167259,
        "median": 0.000315352051985,
        "min": 4.57325427528e-10,
        "stdev": 0.00154093373567,
        "var": 2.3744767077e-06
    },
    "spectral_energyband_low": {
        "dmean": 0.0128502789885,
        "dmean2": 0.0174671597779,
        "dvar": 0.000514576386195,
        "dvar2": 0.00089430983644,
        "max": 0.159647077322,
        "mean": 0.0262643676251,
        "median": 0.0121723758057,
        "min": 2.41967579306e-09,
        "stdev": 0.038366291672,
        "var": 0.0014719722094
    },
    "spectral_energyband_middle_high": {
        "dmean": 0.00169080181513,
        "dmean2": 0.00244537182152,
        "dvar": 6.69785868013e-06,
        "dvar2": 1.27876965053e-05,
        "max": 0.0250070150942,
        "mean": 0.00337944529019,
        "median": 0.00181868544314,
        "min": 2.16197459935e-09,
        "stdev": 0.00425759982318,
        "var": 1.81271552719e-05
    },
    "spectral_energyband_middle_low": {
        "dmean": 0.0101098846644,
        "dmean2": 0.0175119210035,
        "dvar": 0.000503055984154,
        "dvar2": 0.00141090014949,
        "max": 0.155186578631,
        "mean": 0.0135824689642,
        "median": 0.00817509926856,
        "min": 2.34303332292e-09,
        "stdev": 0.0187223572284,
        "var": 0.000350526650436
    },
    "spectral_entropy": {
        "dmean": 0.428304582834,
        "dmean2": 0.645108997822,
        "dvar": 0.214294597507,
        "dvar2": 0.479177474976,
        "max": 9.20953369141,
        "mean": 7.1171836853,
        "median": 7.05665922165,
        "min": 4.96572971344,
        "stdev": 0.662437498569,
        "var": 0.43882343173
    },
    "spectral_flux": {
        "dmean": 0.0487209409475,
        "dmean2": 0.069416873157,
        "dvar": 0.00256029865704,
        "dvar2": 0.00358870672062,
        "max": 0.449245542288,
        "mean": 0.111955031753,
        "median": 0.0898935049772,
        "min": 8.71440715855e-05,
        "stdev": 0.0913744568825,
        "var": 0.00834929198027
    },
    "spectral_kurtosis": {
        "dmean": 3.75608110428,
        "dmean2": 5.79849624634,
        "dvar": 38.6835594177,
        "dvar2": 88.6778335571,
        "max": 74.7439880371,
        "mean": 5.90925645828,
        "median": 3.70487976074,
        "min": -1.45243096352,
        "stdev": 7.44813871384,
        "var": 55.474773407
    },
    "spectral_rms": {
        "dmean": 0.00121356989257,
        "dmean2": 0.00153719016816,
        "dvar": 2.23988945436e-06,
        "dvar2": 3.48620187651e-06,
        "max": 0.013350982219,
        "mean": 0.0056340219453,
        "median": 0.00513764284551,
        "min": 2.72192346529e-06,
        "stdev": 0.00304893683642,
        "var": 9.29601537791e-06
    },
    "spectral_rolloff": {
        "dmean": 735.830566406,
        "dmean2": 1249.24377441,
        "dvar": 2625957.5,
        "dvar2": 5595677.5,
        "max": 11778.6621094,
        "mean": 1195.94995117,
        "median": 602.9296875,
        "min": 64.599609375,
        "stdev": 1932.92785645,
        "var": 3736210
    },
    "spectral_skewness": {
        "dmean": 0.528139650822,
        "dmean2": 0.785277605057,
        "dvar": 0.385648965836,
        "dvar2": 0.831464648247,
        "max": 7.58071899414,
        "mean": 1.81906306744,
        "median": 1.65242552757,
        "min": -0.47257578373,
        "stdev": 0.935595333576,
        "var": 0.875338613987
    },
    "spectral_spread": {
        "dmean": 1216347.5,
        "dmean2": 1718209.375,
        "dvar": 2.64150109389e+12,
        "dvar2": 3.98297740083e+12,
        "max": 34221764,
        "mean": 5263546.5,
        "median": 4799792.5,
        "min": 1110218.5,
        "stdev": 2511363.5,
        "var": 6.30694608896e+12
    },
    "spectral_strongpeak": {
        "dmean": 0.429349303246,
        "dmean2": 0.70614361763,
        "dvar": 0.398354172707,
        "dvar2": 0.902218282223,
        "max": 5.52726793289,
        "mean": 0.905484139919,
        "median": 0.6641664505,
        "min": 0,
        "stdev": 0.889482855797,
        "var": 0.791179776192
    },
    "zerocrossingrate": {
        "dmean": 0.0165017899126,
        "dmean2": 0.0182861518115,
        "dvar": 0.000621046463493,
        "dvar2": 0.000643360777758,
        "max": 0.36376953125,
        "mean": 0.0474811047316,
        "median": 0.0361328125,
        "min": 0.00244140625,
        "stdev": 0.0473641566932,
        "var": 0.00224336329848
    },
    "barkbands": {
        "dmean": [0.000324752007145, 0.0107002928853, 0.00705312658101, 0.00468166777864, 0.00360825331882, 0.00126373430248, 0.00082612875849, 0.00125628593378, 0.000536823179573, 0.000962309597526, 0.000401882134611, 0.000247934018262, 0.000228641438298, 0.000160351846716, 0.000149269137182, 0.00010486922838, 0.000128449275508, 0.000106907282316, 0.00012896177941, 8.28911943245e-05, 0.000125577003928, 0.000166257377714, 0.000163499789778, 0.000137048788019, 0.000116414725198, 5.00338392158e-05, 2.51938627116e-06],
        "dmean2": [0.000445938232588, 0.0130101833493, 0.0119780907407, 0.00873094424605, 0.00657200440764, 0.00209152628668, 0.00127579213586, 0.00201764679514, 0.000868623319548, 0.00140101357829, 0.000625310640316, 0.000381661491701, 0.000351965805748, 0.000264062924543, 0.000244030903559, 0.000161475589266, 0.000204618452699, 0.000175475288415, 0.000199073168915, 0.000130967979203, 0.00019744905876, 0.000265799521003, 0.00025637212093, 0.000215342486626, 0.000180585484486, 8.17085237941e-05, 4.20929154643e-06],
        "dvar": [2.69696130317e-07, 0.000317566824378, 0.000401402357966, 0.00022957289184, 9.01742241695e-05, 5.67426513953e-06, 2.7287874218e-06, 1.0328701137e-05, 1.80232655111e-06, 5.22338405062e-06, 1.00190129615e-06, 3.55246783101e-07, 3.10700841055e-07, 1.55666583623e-07, 1.196924444e-07, 4.21950758778e-08, 5.60400437166e-08, 6.16941449039e-08, 6.98218300954e-08, 3.8613066522e-08, 4.7635012379e-08, 1.09601131726e-07, 1.12987443401e-07, 8.37632541106e-08, 6.85124916799e-08, 2.49662157614e-08, 1.05479257273e-10],
        "dvar2": [6.06894332122e-07, 0.00040119557525, 0.00103501987178, 0.000654403294902, 0.000261882087216, 1.30189391712e-05, 5.45182456335e-06, 2.44712246058e-05, 3.80959363611e-06, 9.50736102823e-06, 2.10556572711e-06, 8.80755919752e-07, 6.7155576744e-07, 3.68246503513e-07, 2.93668534823e-07, 9.28152630308e-08, 1.31946535475e-07, 1.2172800723e-07, 1.59605590966e-07, 8.09611719887e-08, 1.02835308269e-07, 2.70435521088e-07, 2.61309878624e-07, 1.84311645057e-07, 1.45803781493e-07, 6.45906723662e-08, 2.63554539304e-10],
        "max": [0.00743482448161, 0.141288936138, 0.12464043498, 0.0932598859072, 0.0743894055486, 0.0268017742783, 0.0256439447403, 0.0531640425324, 0.0257057007402, 0.0237528942525, 0.0201904121786, 0.00845515076071, 0.00803210493177, 0.00490658171475, 0.00414223223925, 0.002159783151, 0.00206048088148, 0.00218620430678, 0.00225666956976, 0.00191277801059, 0.0020014680922, 0.0032954539638, 0.00344659667462, 0.00297423265874, 0.00267553864978, 0.00136489153374, 0.000131977154524],
        "mean": [0.000493563362397, 0.0184130389243, 0.00576892355457, 0.00301876734011, 0.00353497243486, 0.00198695249856, 0.00131915323436, 0.00181320332922, 0.000997012481093, 0.00140224595089, 0.000741621479392, 0.000454429624369, 0.000281901651761, 0.00019102449005, 0.000152715656441, 0.000146991413203, 0.000165437872056, 0.000113295602205, 0.000156771653565, 8.76371559571e-05, 0.000159035844263, 0.00020035279158, 0.000168492551893, 0.000139285475598, 0.00011363325757, 4.17997434852e-05, 1.86043655503e-06],
        "median": [0.000116282040835, 0.00599158415571, 0.000124254875118, 0.000288019771688, 0.00156969588716, 0.000701026059687, 0.000567472423427, 0.000633654475678, 0.00024844444124, 0.000357147626346, 0.000279087253148, 7.31913096388e-05, 3.36888915626e-05, 2.01395851036e-05, 2.14351275645e-05, 2.68494441116e-05, 4.90954298584e-05, 1.99019686988e-05, 3.56503987859e-05, 1.90784339793e-05, 5.75277335884e-05, 6.16010511294e-05, 2.65289290837e-05, 2.39088985836e-05, 1.15528937386e-05, 3.69171812054e-06, 9.86941550707e-09],
        "min": [6.97229107782e-10, 1.17621778983e-09, 5.73413261318e-10, 4.06031042122e-10, 5.71432234864e-10, 3.3488031792e-10, 2.80533707375e-10, 3.02488811776e-10, 3.74101194467e-10, 2.29229024651e-10, 1.70698608026e-10, 1.55464932594e-10, 3.89026894032e-10, 4.63110716442e-10, 2.60907684346e-10, 1.78713766008e-10, 1.13412598757e-10, 1.15147114066e-10, 8.41572853072e-11, 9.35632751831e-11, 1.28936028521e-10, 7.89876913876e-11, 3.30862316711e-11, 4.89663032344e-11, 4.51011727964e-11, 2.61950044989e-11, 9.95920034809e-13],
        "stdev": [0.000718059425708, 0.0304466485977, 0.0172763001174, 0.0114631205797, 0.00733097596094, 0.00337203638628, 0.00231344951317, 0.00360567099415, 0.00253941863775, 0.00327949970961, 0.00165641692001, 0.00081695150584, 0.000690159213264, 0.000503133633174, 0.000351274356944, 0.000275596830761, 0.000280566746369, 0.000272500503343, 0.000293714547297, 0.000208074663533, 0.000256308238022, 0.000354428542778, 0.000371544476366, 0.000317229947541, 0.000295665086014, 0.000140587610076, 9.02967167349e-06],
        "var": [5.15609372087e-07, 0.000926998385694, 0.000298470549751, 0.000131403125124, 5.3743209719e-05, 1.13706300908e-05, 5.35204890184e-06, 1.30008638735e-05, 6.44864758215e-06, 1.07551186375e-05, 2.74371700471e-06, 6.67409778998e-07, 4.76319712561e-07, 2.53143440432e-07, 1.23393675722e-07, 7.59536149531e-08, 7.87177043549e-08, 7.42565191558e-08, 8.6268229893e-08, 4.3295067087e-08, 6.56939178612e-08, 1.2561959295e-07, 1.38045308518e-07, 1.00634835576e-07, 8.74178454069e-08, 1.97648741818e-08, 8.15349732175e-11]
    },
    "erbbands": {
        "dmean": [0.344233095646, 2.56610298157, 7.06241226196, 11.8471441269, 15.9864320755, 9.93532943726, 9.26992893219, 9.29165744781, 11.5679931641, 16.8694324493, 27.1664028168, 12.5565948486, 29.9811344147, 22.7271976471, 13.0471258163, 10.2513895035, 9.88831806183, 9.61508083344, 7.99566602707, 5.93240499496, 5.2045211792, 6.71406650543, 6.0745677948, 5.19536113739, 6.4308142662, 3.93440747261, 4.20814561844, 5.62993049622, 6.57299661636, 4.6661734581, 4.57517910004, 2.86585307121, 2.44549870491, 1.50731980801, 0.708079636097, 0.246505245566, 0.0992217734456, 0.0103552145883, 0.00030145823257, 2.59192202066e-05],
        "dmean2": [0.416144281626, 2.92553472519, 10.8012876511, 21.0170345306, 29.9977455139, 17.8514938354, 15.8343296051, 15.346912384, 18.2276268005, 25.8889064789, 43.8381843567, 19.5078639984, 43.639881134, 34.2613754272, 20.8628482819, 15.3038187027, 15.0460596085, 15.5050983429, 13.2650709152, 9.20351886749, 7.90298986435, 10.8537902832, 9.85670375824, 8.29312801361, 10.0502967834, 6.12598514557, 6.5766620636, 8.82302188873, 10.6332855225, 7.53411865234, 7.1162147522, 4.50040006638, 3.79741930962, 2.33185601234, 1.1274214983, 0.399464458227, 0.165307551622, 0.016346687451, 0.00049175915774, 3.7296958908e-05],
        "dvar": [0.308389306068, 18.1949615479, 311.565612793, 1318.94055176, 2514.92578125, 494.540008545, 314.998413086, 388.5831604, 568.165161133, 1646.76452637, 5516.35253906, 1013.92480469, 7059.03076172, 2917.88989258, 1329.64233398, 602.007995605, 570.664978027, 637.738952637, 346.562683105, 128.450927734, 85.6532592773, 193.817550659, 205.574768066, 107.398460388, 208.599334717, 86.1701049805, 73.9259185791, 85.5356063843, 188.936264038, 78.6723480225, 97.5468597412, 34.6427230835, 28.701166153, 11.1853351593, 2.77920103073, 0.442914426327, 0.127186611295, 0.00138679030351, 1.33669152547e-06, 2.05965045019e-09],
        "dvar2": [0.517384469509, 23.1620864868, 735.354248047, 3573.43969727, 7199.71435547, 1428.13989258, 822.258728027, 850.122802734, 1099.65344238, 3745.14086914, 13093.1962891, 1827.90063477, 13365.6484375, 5955.80957031, 3333.03979492, 1404.54638672, 1213.13244629, 1560.59606934, 873.851013184, 286.47833252, 173.948074341, 471.017730713, 402.048553467, 228.614227295, 462.882598877, 181.694534302, 169.777069092, 187.447433472, 475.283691406, 180.819030762, 223.712173462, 79.5683746338, 61.4031562805, 22.4717922211, 6.41729784012, 1.09306919575, 0.337130397558, 0.00326679996215, 3.37703340847e-06, 4.71436800709e-09],
        "max": [5.206553936, 32.2112579346, 118.977851868, 228.623443604, 364.816497803, 177.221389771, 161.002044678, 279.969299316, 293.713226318, 614.948364258, 1392.13647461, 759.216003418, 930.092895508, 774.494018555, 753.434753418, 435.47164917, 361.277679443, 395.689788818, 250.618133545, 121.956596375, 89.8224868774, 117.907966614, 126.191238403, 87.5041809082, 136.825820923, 79.2884979248, 78.0212631226, 112.07460022, 134.285934448, 68.5939025879, 112.891517639, 74.8345794678, 54.2890586853, 38.3554229736, 13.976817131, 4.76883745193, 3.35588741302, 0.33888810873, 0.0128183290362, 0.000410844571888],
        "mean": [0.515894830227, 4.13296747208, 7.22614336014, 8.83261966705, 11.6122713089, 11.0177431107, 13.7231664658, 13.8108930588, 19.9905948639, 27.2772312164, 40.2463188171, 24.1757850647, 44.8846168518, 35.6870155334, 19.6925392151, 19.1436367035, 15.1686258316, 11.5036506653, 8.79188919067, 7.8269276619, 8.00340938568, 8.13478469849, 6.74342250824, 6.13702535629, 7.98413991928, 4.22603654861, 4.61814022064, 7.69859886169, 7.83117389679, 5.11343860626, 4.6714963913, 2.94682216644, 2.42659521103, 1.48220038414, 0.676716387272, 0.22604252398, 0.0763127878308, 0.00859143864363, 0.00025456075673, 5.66335584153e-05],
        "median": [0.157973632216, 1.06380689144, 1.17515707016, 0.886773645878, 2.49295711517, 4.5403008461, 4.69894456863, 5.12037611008, 8.43362236023, 13.5354280472, 13.3973283768, 6.24637842178, 10.8432369232, 8.63865661621, 8.03261852264, 4.36510801315, 2.39724135399, 1.47997188568, 1.11708784103, 1.43308031559, 1.87492489815, 2.86514902115, 1.33916842937, 1.67919051647, 1.74867880344, 0.946889579296, 1.4016469717, 2.87118029594, 2.45333743095, 1.13011145592, 0.621080458164, 0.450596868992, 0.367443412542, 0.160960391164, 0.0703778862953, 0.0250726491213, 0.00472509255633, 0.000317607511533, 3.3278553019e-05, 3.53529940185e-05],
        "min": [4.58880862197e-08, 2.26071364295e-07, 6.21197557393e-07, 1.12211569103e-06, 1.57530791967e-06, 1.93711139218e-06, 2.32870047512e-06, 2.85540818368e-06, 3.65424466509e-06, 5.11146663484e-06, 7.31346972316e-06, 8.53422170621e-06, 7.58456599215e-06, 7.32095440981e-06, 6.68895154377e-06, 6.95584731147e-06, 1.64844641404e-05, 2.49552904279e-05, 1.71380634129e-05, 1.20433242046e-05, 8.95213815966e-06, 6.50445190331e-06, 6.22622428637e-06, 5.36695506526e-06, 3.84716213375e-06, 4.35553101852e-06, 4.85169721287e-06, 5.30105580765e-06, 3.05173944071e-06, 1.49628397139e-06, 8.58917189817e-07, 1.10027497158e-06, 6.93638526172e-07, 4.8821090104e-07, 3.20229105455e-07, 1.18205896626e-07, 3.85626464094e-08, 2.5961949035e-08, 6.1822245101e-09, 6.18937068264e-10],
        "stdev": [0.834254860878, 7.28869152069, 17.5301628113, 29.4980697632, 37.8928565979, 18.7695388794, 24.0174255371, 26.1218490601, 35.9205741882, 47.0021286011, 85.3960037231, 65.5333328247, 116.437164307, 81.2797927856, 38.9330635071, 33.2496032715, 30.2583332062, 28.6891880035, 19.7303886414, 13.9128170013, 12.7053766251, 14.8196735382, 15.8816013336, 11.6064634323, 15.838804245, 9.86760616302, 9.09177684784, 11.7119665146, 14.2511453629, 9.94476699829, 10.8788757324, 6.4018073082, 5.97469472885, 3.93566226959, 1.75458133221, 0.643754541874, 0.303800195456, 0.0348599888384, 0.0010176274227, 6.01798856223e-05],
        "var": [0.69598120451, 53.1250228882, 307.30657959, 870.136108398, 1435.86865234, 352.295562744, 576.836730957, 682.350952148, 1290.28771973, 2209.20019531, 7292.47802734, 4294.61816406, 13557.6132812, 6606.40429688, 1515.7833252, 1105.53601074, 915.566711426, 823.069519043, 389.288269043, 193.566482544, 161.426589966, 219.622711182, 252.225250244, 134.709991455, 250.867721558, 97.369644165, 82.66040802, 137.170150757, 203.095153809, 98.8983917236, 118.349937439, 40.9831352234, 35.696975708, 15.4894380569, 3.07855558395, 0.414419919252, 0.0922945514321, 0.00121521879919, 1.03556556041e-06, 3.62161878265e-09]
    },
    "gfcc": {
        "mean": [-38.9920463562, 95.0920944214, -104.114425659, 21.6715641022, -82.1837692261, 12.0738744736, -35.3181838989, 8.51380348206, -18.8709526062, 1.45451593399, -14.6248626709, 3.87693834305, -4.37927389145],
        "cov": [[6317.36816406, -1167.91662598, 411.526184082, 1242.31201172, 386.858734131, 583.555603027, 114.110473633, 362.525115967, -237.480194092, 174.642028809, -262.40512085, 73.6809387207, -270.791320801], [-1167.91662598, 2559.2253418, 568.428527832, 249.478744507, 1015.4753418, 165.353225708, 689.421630859, 54.7281150818, 469.075561523, -24.1098518372, 252.693206787, -146.092788696, 143.052246094], [411.526184082, 568.428527832, 1965.42224121, 989.946716309, 605.717529297, 581.678344727, 335.271514893, 273.979492188, 278.714385986, 151.592147827, 125.495185852, 2.78919315338, -27.6901187897], [1242.31201172, 249.478744507, 989.946716309, 1246.74853516, 547.955688477, 331.7059021, 197.941970825, 208.572143555, 245.477401733, 144.342971802, 78.1458435059, -9.38211727142, 34.8329124451], [386.858734131, 1015.4753418, 605.717529297, 547.955688477, 1082.20544434, 393.612091064, 428.522460938, 152.693328857, 256.63659668, 114.460975647, 148.813720703, -47.1393928528, -19.7372531891], [583.555603027, 165.353225708, 581.678344727, 331.7059021, 393.612091064, 548.567443848, 292.159790039, 169.244720459, 93.7932128906, 85.2099914551, 83.408493042, 21.7988262177, -34.6699638367], [114.110473633, 689.421630859, 335.271514893, 197.941970825, 428.522460938, 292.159790039, 564.1953125, 172.613296509, 169.642105103, 70.7951812744, 111.847427368, 38.1936721802, 18.3128814697], [362.525115967, 54.7281150818, 273.979492188, 208.572143555, 152.693328857, 169.244720459, 172.613296509, 251.197296143, 122.602828979, 111.156990051, 66.4713897705, 47.7556304932, 22.73878479], [-237.480194092, 469.075561523, 278.714385986, 245.477401733, 256.63659668, 93.7932128906, 169.642105103, 122.602828979, 341.917785645, 125.025588989, 114.840507507, 17.3771934509, 86.3283462524], [174.642028809, -24.1098518372, 151.592147827, 144.342971802, 114.460975647, 85.2099914551, 70.7951812744, 111.156990051, 125.025588989, 216.800598145, 88.6100234985, 58.6901855469, 39.1961364746], [-262.40512085, 252.693206787, 125.495185852, 78.1458435059, 148.813720703, 83.408493042, 111.847427368, 66.4713897705, 114.840507507, 88.6100234985, 202.825576782, 58.5881309509, 42.2959671021], [73.6809387207, -146.092788696, 2.78919315338, -9.38211727142, -47.1393928528, 21.7988262177, 38.1936721802, 47.7556304932, 17.3771934509, 58.6901855469, 58.5881309509, 167.587799072, 37.3647422791], [-270.791320801, 143.052246094, -27.6901187897, 34.8329124451, -19.7372531891, -34.6699638367, 18.3128814697, 22.73878479, 86.3283462524, 39.1961364746, 42.2959671021, 37.3647422791, 157.90763855]],
        "icov": [[0.000391222070903, -4.62615462311e-05, 0.000300860498101, -0.000580834399443, 1.05197486846e-05, -0.000363032566383, 9.01126913959e-05, -0.000465429213364, 0.000482804549392, -0.000374025228666, 0.000724492943846, -0.000393682479626, 0.000599857536145], [-4.62615462311e-05, 0.00191552354954, -0.000567722250707, 0.00069958739914, -0.00133332086261, 0.00126660161186, -0.00178040761966, 0.000979882432148, -0.0013261353597, 0.00161063938867, -0.00136452622246, 0.00173534313217, -0.00161164207384], [0.000300860498101, -0.000567722250707, 0.00146273896098, -0.00125508278143, 0.000456069072243, -0.00133568514138, 0.000595188641455, -0.000753596366849, 0.000350216054358, -0.000580161693506, 0.000811665900983, -0.000742424104828, 0.00127766095102], [-0.000580834399443, 0.00069958739914, -0.00125508278143, 0.00268125650473, -0.000992178334855, 0.000939648307394, -0.000336365686962, 0.000532948877662, -0.00133683381137, 0.000865086272825, -0.00110464729369, 0.00119809585158, -0.00186831818428], [1.05197486846e-05, -0.00133332086261, 0.000456069072243, -0.000992178334855, 0.00291377515532, -0.0014616609551, 0.00027377915103, -8.60089203343e-05, 0.000250974233495, -0.0013111110311, 0.000272685661912, -0.000307635666104, 0.00173667352647], [-0.000363032566383, 0.00126660161186, -0.00133568514138, 0.000939648307394, -0.0014616609551, 0.00494627887383, -0.00219375803135, 1.80706047104e-05, -0.000366719265003, 0.00102967442945, -0.00175642571412, 0.00128084304743, -0.000944100145716], [9.01126913959e-05, -0.00178040761966, 0.000595188641455, -0.000336365686962, 0.00027377915103, -0.00219375803135, 0.00512921623886, -0.0023006121628, 0.0006036204868, -0.000638322613668, 0.00103958521504, -0.00226861517876, 0.00132181821391], [-0.000465429213364, 0.000979882432148, -0.000753596366849, 0.000532948877662, -8.60089203343e-05, 1.80706047104e-05, -0.0023006121628, 0.00824927166104, -0.00215041730553, -0.000970169261564, -0.00118482974358, 0.000503653369378, -0.00124879996292], [0.000482804549392, -0.0013261353597, 0.000350216054358, -0.00133683381137, 0.000250974233495, -0.000366719265003, 0.0006036204868, -0.00215041730553, 0.00732479663566, -0.00310703809373, 0.000409964501159, -0.000527016585693, -0.000642205646727], [-0.000374025228666, 0.00161063938867, -0.000580161693506, 0.000865086272825, -0.0013111110311, 0.00102967442945, -0.000638322613668, -0.000970169261564, -0.00310703809373, 0.00932676624507, -0.00321791996248, 0.00015197932953, -0.00190767797176], [0.000724492943846, -0.00136452622246, 0.000811665900983, -0.00110464729369, 0.000272685661912, -0.00175642571412, 0.00103958521504, -0.00118482974358, 0.000409964501159, -0.00321791996248, 0.00981590896845, -0.00384069536813, 0.00141728727613], [-0.000393682479626, 0.00173534313217, -0.000742424104828, 0.00119809585158, -0.000307635666104, 0.00128084304743, -0.00226861517876, 0.000503653369378, -0.000527016585693, 0.00015197932953, -0.00384069536813, 0.00992771051824, -0.00327834137715], [0.000599857536145, -0.00161164207384, 0.00127766095102, -0.00186831818428, 0.00173667352647, -0.000944100145716, 0.00132181821391, -0.00124879996292, -0.000642205646727, -0.00190767797176, 0.00141728727613, -0.00327834137715, 0.010714750737]]
    },
    "melbands": {
        "dmean": [0.00299937394448, 0.00292951613665, 0.00208185543306, 0.000914928968996, 0.000317326688673, 0.000223330964218, 0.000178474903805, 0.000202136841835, 0.000212939441553, 7.53988570068e-05, 0.000149491752381, 9.36251744861e-05, 4.57579844806e-05, 2.88855426334e-05, 2.8616954296e-05, 2.03166382562e-05, 1.8478191123e-05, 1.27701223391e-05, 9.93667526927e-06, 8.9782406576e-06, 6.1482419369e-06, 7.67979508964e-06, 5.66988501305e-06, 5.10221752847e-06, 4.14363012169e-06, 5.79042080062e-06, 3.49395259036e-06, 2.4660271265e-06, 2.3394186428e-06, 3.2711232052e-06, 3.40420069733e-06, 4.28082194048e-06, 2.72364991361e-06, 2.69704241873e-06, 2.74310605164e-06, 2.30496902986e-06, 1.6436607666e-06, 1.83520342034e-06, 1.50080597905e-06, 1.22056042073e-06],
        "dmean2": [0.00359478406608, 0.00374798616394, 0.00363149610348, 0.00169120309874, 0.000539536355063, 0.000369062501704, 0.000278352526948, 0.000314945180435, 0.000343561783666, 0.000117180883535, 0.000217909808271, 0.000143158060382, 7.33572887839e-05, 4.72617393825e-05, 4.13271554862e-05, 3.20110884786e-05, 3.01747222693e-05, 2.16334392462e-05, 1.61873995239e-05, 1.36975795613e-05, 9.40494373936e-06, 1.23550435092e-05, 9.3621410997e-06, 8.4322236944e-06, 6.67443327984e-06, 9.16380849958e-06, 5.46916498934e-06, 3.92367337554e-06, 3.76769799004e-06, 5.12656561114e-06, 5.26603525941e-06, 6.95395692674e-06, 4.42898863184e-06, 4.34745470557e-06, 4.21955792262e-06, 3.7446038732e-06, 2.5820695555e-06, 2.90215189125e-06, 2.24536142923e-06, 1.91794265447e-06],
        "dvar": [2.32991478697e-05, 3.48233988916e-05, 3.70564994228e-05, 6.71258476359e-06, 3.09974524271e-07, 2.07378334949e-07, 1.24017702774e-07, 2.37321131635e-07, 3.15822404673e-07, 4.05345836896e-08, 1.74909004613e-07, 5.45211662484e-08, 1.32959705468e-08, 5.89556758968e-09, 4.36880620569e-09, 2.47061837655e-09, 2.41602648998e-09, 8.80566786154e-10, 5.42032863038e-10, 3.22346843662e-10, 1.34447827871e-10, 2.46652337443e-10, 1.64841404415e-10, 1.44629822008e-10, 6.97143662243e-11, 1.6004121639e-10, 7.51693360335e-11, 3.46924051986e-11, 2.10269267276e-11, 4.76857928144e-11, 2.94162263992e-11, 9.00911983903e-11, 2.97484085976e-11, 2.77530463888e-11, 3.58662821665e-11, 2.6722464519e-11, 1.08786426048e-11, 1.61262600495e-11, 1.20317740146e-11, 7.41200417015e-12],
        "dvar2": [3.02371317957e-05, 6.7315348133e-05, 9.78424795903e-05, 1.94363601622e-05, 8.27013820981e-07, 4.4361934215e-07, 2.37509411249e-07, 5.51044593067e-07, 7.49119863031e-07, 7.2454135136e-08, 3.32202233722e-07, 1.13602837359e-07, 3.13318899714e-08, 1.54117056894e-08, 8.96802898609e-09, 5.71635094815e-09, 5.9302536215e-09, 2.21683116308e-09, 1.29337740518e-09, 7.30284832606e-10, 2.77422224082e-10, 6.21101114984e-10, 3.22191356927e-10, 2.91963064836e-10, 1.55761195608e-10, 3.89433568726e-10, 1.59234084252e-10, 7.64894536598e-11, 5.01854148516e-11, 1.04973689463e-10, 6.50263592972e-11, 2.29054469836e-10, 6.98040444891e-11, 6.55547144346e-11, 8.23551088436e-11, 6.33536695327e-11, 2.48546218329e-11, 3.53665950692e-11, 2.32876686684e-11, 1.55450288059e-11],
        "max": [0.0438545458019, 0.0435379520059, 0.0366133712232, 0.0199540760368, 0.00455683795735, 0.00546873081475, 0.00393615663052, 0.00660556321964, 0.0100727053359, 0.00510518951342, 0.00460525834933, 0.00290838466026, 0.0018807426095, 0.00126071448904, 0.00113772612531, 0.0007617015508, 0.000647548353299, 0.000369787798263, 0.000345648644725, 0.000212782571907, 0.000132461005705, 0.000131285254611, 0.000118711097457, 0.000103722421045, 7.3165530921e-05, 0.000117497787869, 8.94311015145e-05, 5.20338326169e-05, 4.05217942898e-05, 6.28250854788e-05, 7.25903810235e-05, 0.000122606186778, 4.23381170549e-05, 4.58013819298e-05, 6.91926761647e-05, 5.57767671125e-05, 4.28261919296e-05, 4.16416623921e-05, 5.00988680869e-05, 2.64489353867e-05],
        "mean": [0.0049655851908, 0.0043188361451, 0.00162549933884, 0.000796246516984, 0.000473929860163, 0.000345755106537, 0.000308405229589, 0.000314536708174, 0.000321893487126, 0.000141359036206, 0.000218024899368, 0.00013613072224, 7.29947132641e-05, 3.97610638174e-05, 6.10211027379e-05, 2.3487235012e-05, 2.12846716749e-05, 1.37954530146e-05, 1.06270708784e-05, 1.28133724502e-05, 8.87473288458e-06, 9.22385697777e-06, 6.41305769022e-06, 5.40644941793e-06, 4.61511672256e-06, 7.01907720213e-06, 3.94989865526e-06, 2.4588641736e-06, 2.40115855377e-06, 3.81510108127e-06, 4.69454016638e-06, 5.01259592056e-06, 2.98336431115e-06, 2.84167322206e-06, 2.7873277304e-06, 2.18576337829e-06, 1.69656482285e-06, 1.78860693723e-06, 1.45806905039e-06, 1.1814993286e-06],
        "median": [0.00162905710749, 0.00127880298533, 0.000226663425565, 0.00027948745992, 0.00019217877707, 0.000124863436213, 0.00013117864728, 0.000143869314343, 0.000101304067357, 3.39204962074e-05, 4.65881967102e-05, 3.08516719087e-05, 2.99086368614e-05, 1.04229620774e-05, 8.19251545181e-06, 2.03699642043e-06, 2.28851263273e-06, 1.28423835122e-06, 1.84954933502e-06, 2.05956553145e-06, 1.63965421507e-06, 3.0167254863e-06, 1.03513718841e-06, 9.44366888689e-07, 1.00671491055e-06, 1.20324989439e-06, 7.95960716005e-07, 4.46949712796e-07, 5.94638208895e-07, 1.10494613637e-06, 1.66762276876e-06, 1.43255545026e-06, 6.08949278558e-07, 5.22492030086e-07, 3.5405264498e-07, 2.65887763362e-07, 2.45881466299e-07, 2.557655705e-07, 1.52215079652e-07, 1.07296315832e-07],
        "min": [4.11593426008e-10, 3.15895809511e-10, 2.06296119076e-10, 1.25843072074e-10, 8.3516818461e-11, 6.4355867857e-11, 5.66043774353e-11, 5.79309204773e-11, 6.1308597088e-11, 5.30616002525e-11, 3.71977171287e-11, 2.95307285569e-11, 2.30620817582e-11, 1.74637786871e-11, 2.27874438069e-11, 4.43273959205e-11, 4.6399526582e-11, 2.88269651205e-11, 1.86447541434e-11, 1.37875353495e-11, 9.67095761112e-12, 6.87241192773e-12, 5.52941590085e-12, 5.56336487295e-12, 4.27559376792e-12, 2.84677424862e-12, 2.68037024867e-12, 2.95940485659e-12, 2.96501039866e-12, 3.22474360583e-12, 3.04297949685e-12, 1.98447790319e-12, 9.79351148789e-13, 7.7181240999e-13, 5.12532290914e-13, 4.20448642265e-13, 7.96387858003e-13, 5.5923240214e-13, 3.6737586172e-13, 4.18296690688e-13],
        "stdev": [0.00810324028134, 0.00796168949455, 0.00509468652308, 0.00197081104852, 0.000715991831385, 0.000636816723272, 0.000533642538358, 0.000550864962861, 0.000671197427437, 0.000421941542299, 0.000578440201934, 0.000328427297063, 0.000146782287629, 7.68097816035e-05, 0.000109718122985, 5.99769991823e-05, 5.62825298402e-05, 3.35244221787e-05, 2.39879991568e-05, 2.48638625635e-05, 1.5385738152e-05, 1.65939673025e-05, 1.45371577673e-05, 1.29813870444e-05, 9.20054117159e-06, 1.37567203637e-05, 9.22199524211e-06, 6.08355912846e-06, 4.76130662719e-06, 7.4720601333e-06, 7.26402322471e-06, 9.64300215855e-06, 6.02376439929e-06, 5.85016505283e-06, 6.60974319544e-06, 5.38214635526e-06, 3.61561546924e-06, 4.3678255679e-06, 4.16659622715e-06, 3.10991390506e-06],
        "var": [6.56625052216e-05, 6.33884992567e-05, 2.59558328253e-05, 3.8840958041e-06, 5.12644305672e-07, 4.05535558912e-07, 2.84774330339e-07, 3.03452196704e-07, 4.50505950766e-07, 1.78034653686e-07, 3.34593067919e-07, 1.07864480015e-07, 2.15450395302e-08, 5.89974247234e-09, 1.20380665436e-08, 3.59724050547e-09, 3.16772319486e-09, 1.12388698348e-09, 5.7542409726e-10, 6.18211704051e-10, 2.36720920643e-10, 2.75359762769e-10, 2.11328954336e-10, 1.6851640916e-10, 8.46499606522e-11, 1.89247353899e-10, 8.504519311e-11, 3.70096939206e-11, 2.26700411915e-11, 5.58316830268e-11, 5.27660345973e-11, 9.29874927058e-11, 3.62857383029e-11, 3.42244323159e-11, 4.36887054311e-11, 2.89675002735e-11, 1.30726757544e-11, 1.90778989828e-11, 1.73605244763e-11, 9.67156389697e-12]
    },
    "melbands128": {
