{
"lowlevel": {
    "average_loudness": 0.971282541752,
    "barkbands_crest": {
        "dmean": 2.50553846359,
        "dmean2": 3.83798480034,
        "dvar": 7.66587495804,
        "dvar2": 17.8713359833,
        "max": 25.7322444916,
        "mean": 13.5245990753,
        "median": 12.8222522736,
        "min": 3.95754742622,
        "stdev": 4.8561258316,
        "var": 23.5819587708
    },
    "barkbands_flatness_db": {
        "dmean": 0.0297506786883,
        "dmean2": 0.0405574813485,
        "dvar": 0.00083760090638,
        "dvar2": 0.00155454920605,
        "max": 0.441739022732,
        "mean": 0.195583418012,
        "median": 0.192674130201,
        "min": 0.0498512536287,
        "stdev": 0.0619101263583,
        "var": 0.0038328638766
    },
    "barkbands_kurtosis": {
        "dmean": 7.71049404144,
        "dmean2": 11.5464496613,
        "dvar": 258.809661865,
        "dvar2": 572.108093262,
        "max": 258.233551025,
        "mean": 13.9893054962,
        "median": 10.2969074249,
        "min": -1.86848413944,
        "stdev": 18.7966403961,
        "var": 353.313659668
    },
    "barkbands_skewness": {
        "dmean": 0.754424095154,
        "dmean2": 1.06712472439,
        "dvar": 0.838658928871,
        "dvar2": 1.69623494148,
        "max": 12.9807834625,
        "mean": 2.76275157928,
        "median": 2.61943721771,
        "min": -1.73079550266,
        "stdev": 1.46580553055,
        "var": 2.14858579636
    },
    "barkbands_spread": {
        "dmean": 5.12904119492,
        "dmean2": 7.10584545135,
        "dvar": 90.1718292236,
        "dvar2": 145.401473999,
        "max": 118.487922668,
        "mean": 13.8612794876,
        "median": 8.53994846344,
        "min": 0.496429175138,
        "stdev": 16.1965103149,
        "var": 262.326965332
    },
    "dissonance": {
        "dmean": 0.0269845165312,
        "dmean2": 0.0423402450979,
        "dvar": 0.000802592956461,
        "dvar2": 0.00197866209783,
        "max": 0.498887300491,
        "mean": 0.431307315826,
        "median": 0.442931830883,
        "min": 0.121506385505,
        "stdev": 0.0481382794678,
        "var": 0.00231729401276
    },
    "dynamic_complexity": 1.37157559395,
    "erbbands_crest": {
        "dmean": 2.33433651924,
        "dmean2": 3.72313284874,
        "dvar": 5.06714344025,
        "dvar2": 13.0617265701,
        "max": 24.2642974854,
        "mean": 8.83049678802,
        "median": 8.06574058533,
        "min": 2.26903390884,
        "stdev": 3.86006689072,
        "var": 14.9001159668
    },
    "erbbands_flatness_db": {
        "dmean": 0.0205726381391,
        "dmean2": 0.0271339006722,
        "dvar": 0.000422118144343,
        "dvar2": 0.00063088076422,
        "max": 0.275210350752,
        "mean": 0.141506582499,
        "median": 0.138279542327,
        "min": 0.0473204255104,
        "stdev": 0.0436365418136,
        "var": 0.00190414779354
    },
    "erbbands_kurtosis": {
        "dmean": 1.61946928501,
        "dmean2": 2.47743725777,
        "dvar": 4.02226829529,
        "dvar2": 9.24611759186,
        "max": 23.8470039368,
        "mean": 2.50575184822,
        "median": 1.64507341385,
        "min": -1.73217070103,
        "stdev": 3.58430933952,
        "var": 12.8472738266
    },
    "erbbands_skewness": {
        "dmean": 0.417008072138,
        "dmean2": 0.585931539536,
        "dvar": 0.139190152287,
        "dvar2": 0.293953627348,
        "max": 4.02351856232,
        "mean": 1.02996504307,
        "median": 1.03258633614,
        "min": -2.26418328285,
        "stdev": 0.819547832012,
        "var": 0.671658694744
    },
    "erbbands_spread": {
        "dmean": 10.8497457504,
        "dmean2": 14.943778038,
        "dvar": 169.25352478,
        "dvar2": 295.024475098,
        "max": 159.079025269,
        "mean": 41.5822029114,
        "median": 34.4521713257,
        "min": 6.88237476349,
        "stdev": 27.6072769165,
        "var": 762.161743164
    },
    "hfc": {
        "dmean": 8.71683979034,
        "dmean2": 11.139787674,
        "dvar": 236.255981445,
        "dvar2": 412.25982666,
        "max": 202.356918335,
        "mean": 26.0933303833,
        "median": 18.051410675,
        "min": 1.24654384541e-16,
        "stdev": 27.5569286346,
        "var": 759.384277344
    },
    "loudness_ebu128": {
        "integrated": -9.16697883606,
        "loudness_range": 1.01858711243,
        "momentary": {
            "dmean": 0.474862784147,
            "dmean2": 0.532829940319,
            "dvar": 0.128852725029,
            "dvar2": 0.209217220545,
            "max": -6.97251939774,
            "mean": -9.29632377625,
            "median": -9.18112564087,
            "min": -12.798324585,
            "stdev": 1.07943761349,
            "var": 1.16518545151
        },
        "short_term": {
            "dmean": 0.0541851893067,
            "dmean2": 0.0556988529861,
            "dvar": 0.00168162479531,
            "dvar2": 0.00192820245866,
            "max": -8.31976318359,
            "mean": -9.12631988525,
            "median": -9.10885047913,
            "min": -10.30418396,
            "stdev": 0.3611343503,
            "var": 0.130418017507
        }
    },
    "melbands_crest": {
        "dmean": 2.80706787109,
        "dmean2": 4.45555019379,
        "dvar": 8.7271566391,
        "dvar2": 22.4284496307,
        "max": 33.5370903015,
        "mean": 17.3375930786,
        "median": 16.4693012238,
        "min": 3.09439659119,
        "stdev": 5.81756305695,
        "var": 33.844039917
    },
    "melbands_flatness_db": {
        "dmean": 0.0341580063105,
        "dmean2": 0.0464000552893,
        "dvar": 0.00117031228729,
        "dvar2": 0.00211179326288,
        "max": 0.574208080769,
        "mean": 0.295823603868,
        "median": 0.297081142664,
        "min": 0.00906593259424,
        "stdev": 0.0743287578225,
        "var": 0.00552476383746
    },
    "melbands_kurtosis": {
        "dmean": 13.4078512192,
        "dmean2": 19.9212932587,
        "dvar": 419.587219238,
        "dvar2": 881.028686523,
        "max": 218.699859619,
        "mean": 27.2053337097,
        "median": 20.585111618,
        "min": -1.20314657688,
        "stdev": 26.9022006989,
        "var": 723.728393555
    },
    "melbands_skewness": {
        "dmean": 0.911403894424,
        "dmean2": 1.31735527515,
        "dvar": 0.981657683849,
        "dvar2": 1.9782024622,
        "max": 13.0333175659,
        "mean": 3.62492251396,
        "median": 3.49506378174,
        "min": 0.0403015315533,
        "stdev": 1.77800023556,
        "var": 3.16128492355
    },
    "melbands_spread": {
        "dmean": 3.34627079964,
        "dmean2": 4.84234046936,
        "dvar": 47.321346283,
        "dvar2": 97.7065963745,
        "max": 116.039749146,
        "mean": 9.43592739105,
        "median": 6.74993991852,
        "min": 0.529715776443,
        "stdev": 8.99501514435,
        "var": 80.9103012085
    },
    "pitch_salience": {
        "dmean": 0.0730291232467,
        "dmean2": 0.114490628242,
        "dvar": 0.00652553047985,
        "dvar2": 0.0157626476139,
        "max": 0.902085483074,
        "mean": 0.495192289352,
        "median": 0.510033965111,
        "min": 0.0829341858625,
        "stdev": 0.134680122137,
        "var": 0.0181387364864
    },
    "silence_rate_20dB": {
        "dmean": 0,
        "dmean2": 0,
        "dvar": 0,
        "dvar2": 0,
        "max": 1,
        "mean": 1,
        "median": 1,
        "min": 1,
        "stdev": 0,
        "var": 0
    },
    "silence_rate_30dB": {
        "dmean": 0.100619196892,
        "dmean2": 0.201394274831,
        "dvar": 0.0904949009418,
        "dvar2": 0.193366423249,
        "max": 1,
        "mean": 0.82366591692,
        "median": 1,
        "min": 0,
        "stdev": 0.381106704473,
        "var": 0.145242318511
    },
    "silence_rate_60dB": {
        "dmean": 0.000773993786424,
        "dmean2": 0.00154918665066,
        "dvar": 0.000773391744588,
        "dvar2": 0.00154677091632,
        "max": 1,
        "mean": 0.00154679035768,
        "median": 0,
        "min": 0,
        "stdev": 0.0392987206578,
        "var": 0.00154438940808
    },
    "spectral_centroid": {
        "dmean": 171.63861084,
        "dmean2": 245.765197754,
        "dvar": 157034.625,
        "dvar2": 214429.125,
        "max": 11268.6708984,
        "mean": 690.810668945,
        "median": 538.071105957,
        "min": 174.022628784,
        "stdev": 541.615600586,
        "var": 293347.4375
    },
    "spectral_complexity": {
        "dmean": 3.28405570984,
        "dmean2": 4.66150283813,
        "dvar": 18.9448013306,
        "dvar2": 28.4361362457,
        "max": 51,
        "mean": 15.2490329742,
        "median": 13,
        "min": 0,
        "stdev": 7.71462917328,
        "var": 59.5155029297
    },
    "spectral_decrease": {
        "dmean": 5.4327449206e-09,
        "dmean2": 8.11855649374e-09,
        "dvar": 7.33449468622e-17,
        "dvar2": 1.59335447117e-16,
        "max": 9.86023108267e-29,
        "mean": -1.8772883692e-08,
        "median": -1.50706576107e-08,
        "min": -8.67456506626e-08,
        "stdev": 1.18603562527e-08,
        "var": 1.40668045335e-16
    },
    "spectral_energy": {
        "dmean": 0.020772093907,
        "dmean2": 0.0309760738164,
        "dvar": 0.00104107288644,
        "dvar2": 0.00227063475177,
        "max": 0.330363363028,
        "mean": 0.0732199251652,
        "median": 0.0593394748867,
        "min": 1.09343793483e-20,
        "stdev": 0.0450657196343,
        "var": 0.00203091907315
    },
    "spectral_energyband_high": {
        "dmean": 0.000756099296268,
        "dmean2": 0.000949157285504,
        "dvar": 3.10831683237e-06,
        "dvar2": 5.73511715629e-06,
        "max": 0.0264769755304,
        "mean": 0.00133261992596,
        "median": 0.000310332339723,
        "min": 7.81409251904e-21,
        "stdev": 0.00279479729943,
        "var": 7.81089147495e-06
    },
    "spectral_energyband_low": {
        "dmean": 0.0184387098998,
        "dmean2": 0.0281132999808,
        "dvar": 0.00120389414951,
        "dvar2": 0.00264336285181,
        "max": 0.315518975258,
        "mean": 0.0491083189845,
        "median": 0.0342271849513,
        "min": 1.5077807715e-23,
        "stdev": 0.0450010448694,
        "var": 0.00202509411611
    },
    "spectral_energyband_middle_high": {
        "dmean": 0.000989703810774,
        "dmean2": 0.00141947029624,
        "dvar": 3.99168493459e-06,
        "dvar2": 7.83622181189e-06,
        "max": 0.0427059493959,
        "mean": 0.00248144939542,
        "median": 0.00165322271641,
        "min": 1.60049118869e-21,
        "stdev": 0.00290465238504,
        "var": 8.43700490805e-06
    },
    "spectral_energyband_middle_low": {
        "dmean": 0.00741318194196,
        "dmean2": 0.011522166431,
        "dvar": 9.25467029447e-05,
        "dvar2": 0.000235819272348,
        "max": 0.0980584695935,
        "mean": 0.0228878967464,
        "median": 0.0204638745636,
        "min": 3.44073838581e-22,
        "stdev": 0.0129472073168,
        "var": 0.000167630176293
    },
    "spectral_entropy": {
        "dmean": 0.254326701164,
        "dmean2": 0.3414953053,
        "dvar": 0.0730777680874,
        "dvar2": 0.118067972362,
        "max": 9.81357002258,
        "mean": 7.2315530777,
        "median": 7.19935321808,
        "min": 5.69426298141,
        "stdev": 0.580245614052,
        "var": 0.336684942245
    },
    "spectral_flux": {
        "dmean": 0.0354657657444,
        "dmean2": 0.0546065494418,
        "dvar": 0.00206855917349,
        "dvar2": 0.00523099908605,
        "max": 0.441256433725,
        "mean": 0.103364795446,
        "median": 0.0854745805264,
        "min": 1.04567583759e-10,
        "stdev": 0.0677966549993,
        "var": 0.00459638657048
    },
    "spectral_kurtosis": {
        "dmean": 2.41737747192,
        "dmean2": 3.34538650513,
        "dvar": 9.03373527527,
        "dvar2": 17.4072704315,
        "max": 29.7459182739,
        "mean": 5.93555450439,
        "median": 4.75699806213,
        "min": -1.17054712772,
        "stdev": 4.96249580383,
        "var": 24.6263656616
    },
    "spectral_rms": {
        "dmean": 0.00108646100853,
        "dmean2": 0.0015951578971,
        "dvar": 1.95398911274e-06,
        "dvar2": 4.03740887123e-06,
        "max": 0.0179528743029,
        "mean": 0.00813426449895,
        "median": 0.00760869076476,
        "min": 3.26614256474e-12,
        "stdev": 0.00229518907145,
        "var": 5.26789290234e-06
    },
    "spectral_rolloff": {
        "dmean": 358.912872314,
        "dmean2": 598.377197266,
        "dvar": 1934276.75,
        "dvar2": 3486559.5,
        "max": 19272.2167969,
        "mean": 707.69744873,
        "median": 344.53125,
        "min": 64.599609375,
        "stdev": 1716.37536621,
        "var": 2945944.25
    },
    "spectral_skewness": {
        "dmean": 0.347332060337,
        "dmean2": 0.456285595894,
        "dvar": 0.124687418342,
        "dvar2": 0.207313925028,
        "max": 4.64714574814,
        "mean": 2.05673289299,
        "median": 2.03594946861,
        "min": -0.0243895594031,
        "stdev": 0.745296955109,
        "var": 0.555467545986
    },
    "spectral_spread": {
        "dmean": 1039588.875,
        "dmean2": 1339785.625,
        "dvar": 1.77689329664e+12,
        "dvar2": 2.29044440269e+12,
        "max": 39399208,
        "mean": 5871491.5,
        "median": 5607647,
        "min": 1619739,
        "stdev": 2528674.25,
        "var": 6.39419285504e+12
    },
    "spectral_strongpeak": {
        "dmean": 0.27085801959,
        "dmean2": 0.47222507,
        "dvar": 0.256337016821,
        "dvar2": 0.685036301613,
        "max": 5.29354715347,
        "mean": 0.591354548931,
        "median": 0.416763782501,
        "min": 0,
        "stdev": 0.547707915306,
        "var": 0.299983978271
    },
    "zerocrossingrate": {
        "dmean": 0.0122743025422,
        "dmean2": 0.0132244415581,
        "dvar": 0.000476494053146,
        "dvar2": 0.00045714279986,
        "max": 0.48974609375,
        "mean": 0.0389590263367,
        "median": 0.02783203125,
        "min": 0.00048828125,
        "stdev": 0.0408842973411,
        "var": 0.00167152576614
    },
    "barkbands": {
        "dmean": [0.000587680318858, 0.0164662655443, 0.00383481290191, 0.00249363807961, 0.00364346685819, 0.00228349491954, 0.00122788816225, 0.00114700279664, 0.000765740580391, 0.000347152643371, 0.000121087250591, 0.000142251970829, 0.000228582837735, 0.000130473577883, 0.000156195586897, 0.000133329987875, 0.00011474666826, 4.97835462738e-05, 0.000107693769678, 8.5888284957e-05, 9.97259412543e-05, 0.000157857968588, 0.000153611923452, 0.000119791104225, 0.000157711634529, 0.000117810137453, 9.47282933339e-06],
        "dmean2": [0.000840396038257, 0.0250796452165, 0.00646250555292, 0.00416677352041, 0.00597249018028, 0.00339063210413, 0.00185279047582, 0.00167298736051, 0.00103986961767, 0.000511750462465, 0.000187907688087, 0.000228305943892, 0.000362144404789, 0.000196472901735, 0.000246797600994, 0.000200844355277, 0.000168602709891, 7.61975970818e-05, 0.000164660959854, 0.000126670507598, 0.00013827769726, 0.000224857605645, 0.000213341714698, 0.000166446028743, 0.000220101952436, 0.000160717987455, 1.51174617713e-05],
        "dvar": [1.57240242515e-06, 0.00122310814913, 5.01497816003e-05, 1.87410842045e-05, 3.4471937397e-05, 1.09197499114e-05, 5.06021342517e-06, 3.75609783987e-06, 2.14230090023e-06, 6.11639052295e-07, 1.07575203856e-07, 5.16319232702e-07, 1.07704681795e-06, 8.04555710943e-08, 9.40469391253e-08, 7.47968229575e-08, 5.49624559198e-08, 1.11619202769e-08, 2.25032309231e-07, 5.05948030138e-08, 1.13229440046e-07, 3.72752850808e-07, 1.09372862767e-07, 7.41411199101e-08, 1.55932113444e-07, 2.36793894715e-07, 2.02236938307e-09],
        "dvar2": [3.07914365294e-06, 0.0028285770677, 0.000144593024743, 4.97008622915e-05, 9.56581134233e-05, 2.50420471275e-05, 1.08285394163e-05, 8.60474938236e-06, 3.99302098231e-06, 1.2818545656e-06, 2.36362893702e-07, 1.32886293613e-06, 2.32199181482e-06, 1.87237347404e-07, 2.1578799192e-07, 1.70644881337e-07, 1.18902313773e-07, 2.41985222971e-08, 5.39866334748e-07, 1.0647851667e-07, 2.69827779675e-07, 8.68859046932e-07, 2.05896526495e-07, 1.4459931208e-07, 2.48159864213e-07, 3.38184321436e-07, 4.45183756526e-09],
        "max": [0.016508243978, 0.305853873491, 0.0853744000196, 0.0439083538949, 0.0705401226878, 0.0493756197393, 0.0312261339277, 0.030740339309, 0.0315688401461, 0.0170966051519, 0.0067858309485, 0.0169188547879, 0.0268233474344, 0.00401156162843, 0.00472388556227, 0.00368949910626, 0.00357266678475, 0.00144387374166, 0.00854871235788, 0.00354622071609, 0.00643441267312, 0.0150648262352, 0.0066477698274, 0.00500856759027, 0.00708986073732, 0.0107295485213, 0.000802274036687],
        "mean": [0.00160187447909, 0.0391706079245, 0.00591799477115, 0.00408211164176, 0.00745379831642, 0.00469104759395, 0.0025201770477, 0.00222526211292, 0.0016003876226, 0.000580989639275, 0.000211315564229, 0.000206253869692, 0.000438237359049, 0.000222311835387, 0.000279119645711, 0.000234904757235, 0.000196283494006, 7.45923171053e-05, 0.000118944459246, 0.000127787629026, 0.000138680785312, 0.000217048611376, 0.000244551483775, 0.000192110688658, 0.00026566820452, 0.000195920496481, 1.19381511468e-05],
        "median": [0.00109678274021, 0.0250910036266, 0.00348579906859, 0.00182190071791, 0.00562453316525, 0.00313676707447, 0.00136242539156, 0.0012926365016, 0.000739493989386, 0.000298016268061, 8.81446248968e-05, 5.87187096244e-05, 7.75899679866e-05, 7.21127071301e-05, 7.05818602e-05, 8.47633709782e-05, 7.34064087737e-05, 2.10538655665e-05, 1.93951054825e-05, 3.65322266589e-05, 2.87065831799e-05, 4.2398529331e-05, 4.09904532717e-05, 4.55301560578e-05, 5.84114532103e-05, 2.32633683481e-05, 3.53347502369e-07],
        "min": [2.68241422312e-24, 6.62161797461e-24, 4.63857312018e-24, 5.48816527105e-24, 1.87857726693e-23, 4.47502300632e-23, 2.53785719773e-23, 1.29441320795e-22, 1.14544774383e-22, 3.25329518975e-23, 8.04754622304e-23, 1.1930585918e-22, 1.14175726319e-22, 6.62265012022e-23, 8.93184415166e-23, 1.78375258892e-22, 1.85331749898e-22, 2.52200320769e-22, 2.90378462278e-22, 3.16667927209e-22, 3.9663439114e-22, 6.0951836402e-22, 4.47284032286e-22, 9.35862673663e-22, 1.24413689365e-21, 1.597218615e-21, 2.73026935291e-21],
        "stdev": [0.00217157835141, 0.0420448333025, 0.00726599572226, 0.00533828465268, 0.00675934785977, 0.00522863119841, 0.00349149480462, 0.00280048348941, 0.00272697675973, 0.000981937046163, 0.000437364651589, 0.000708359410055, 0.00127470016014, 0.000432971661212, 0.000514959101565, 0.000406928855227, 0.000308605085593, 0.000142933466122, 0.00047557047219, 0.000274970487226, 0.000404580961913, 0.000656559073832, 0.000541368732229, 0.000427299848525, 0.000670484791044, 0.000874062301591, 6.14815216977e-05],
        "var": [4.71575276606e-06, 0.00176776805893, 5.27946940565e-05, 2.84972829832e-05, 4.56887828477e-05, 2.73385830951e-05, 1.21905359265e-05, 7.8427074186e-06, 7.43640248402e-06, 9.64200467024e-07, 1.91287838902e-07, 5.01773058659e-07, 1.62486060162e-06, 1.87464451074e-07, 2.65182904968e-07, 1.65591089285e-07, 9.52370982077e-08, 2.04299759332e-08, 2.26167287565e-07, 7.56087672471e-08, 1.63685754728e-07, 4.31069821616e-07, 2.93080091751e-07, 1.82585154107e-07, 4.4954981604e-07, 7.6398487181e-07, 3.77997766421e-09]
    },
    "erbbands": {
        "dmean": [0.542677819729, 3.57916879654, 4.49231433868, 6.58207654953, 10.2062082291, 13.2611303329, 13.7918806076, 20.6684589386, 17.688993454, 23.3709850311, 20.1352901459, 17.7745895386, 14.1851930618, 5.96044111252, 5.06817436218, 6.59713172913, 10.355670929, 6.0343170166, 7.09401512146, 7.99617528915, 6.38135957718, 6.28434753418, 3.20844841003, 4.61704730988, 4.78520107269, 3.91123175621, 3.93197822571, 4.17470550537, 5.15095615387, 5.43280792236, 4.41917419434, 2.83611559868, 2.01583528519, 1.97585844994, 1.10364353657, 0.577908277512, 0.194529429078, 0.0365208946168, 0.00105419871397, 4.23944475187e-05],
        "dmean2": [0.847235381603, 5.36553621292, 7.36597108841, 11.0025100708, 16.7722053528, 21.9279651642, 20.9314174652, 31.6383895874, 26.0404567719, 34.5655784607, 28.7604351044, 24.2669830322, 20.5993709564, 8.90783596039, 7.80698776245, 10.1750001907, 16.1425094604, 8.86122703552, 11.1976413727, 11.9011878967, 9.43300628662, 9.15276622772, 4.71837615967, 6.81436681747, 6.95859479904, 5.85435247421, 5.67621421814, 5.57834100723, 7.07109832764, 7.60890245438, 6.32241916656, 3.94311928749, 2.90123224258, 2.72230863571, 1.50434339046, 0.810782432556, 0.268932282925, 0.0491478815675, 0.00149394082837, 5.84912231716e-05],
        "dvar": [1.46371221542, 57.8928070068, 69.6161499023, 113.494003296, 498.559875488, 378.813171387, 459.069763184, 1036.84143066, 943.20489502, 2094.14990234, 1855.97546387, 1236.24169922, 849.284240723, 180.007110596, 259.068359375, 1054.44140625, 2701.40527344, 181.93182373, 170.799850464, 314.722229004, 155.002746582, 188.569824219, 38.5292167664, 434.994812012, 289.00579834, 113.358215332, 172.40625, 179.897384644, 341.198608398, 287.149536133, 95.9487304688, 44.0998268127, 22.0124378204, 21.6643466949, 9.81123256683, 5.61913967133, 0.643952667713, 0.0286539215595, 2.41373927565e-05, 1.05831468034e-08],
        "dvar2": [3.7029914856, 126.769363403, 186.381225586, 301.054077148, 1345.68286133, 1166.24511719, 1031.43896484, 2530.63525391, 2441.36352539, 4038.87109375, 4030.91674805, 2376.75878906, 1710.28173828, 363.911315918, 628.743103027, 2597.36230469, 6365.34179688, 390.310577393, 397.785491943, 659.754272461, 353.127960205, 407.794921875, 85.9043121338, 1053.50354004, 666.900878906, 247.14175415, 414.723327637, 380.491088867, 749.094482422, 658.310791016, 194.171691895, 87.8882827759, 45.290309906, 40.1432495117, 15.5636167526, 8.34823989868, 0.951220393181, 0.0451930128038, 4.18495910708e-05, 1.70182712367e-08],
        "max": [10.7949495316, 64.4947509766, 96.4445724487, 118.105644226, 244.058746338, 185.436935425, 313.567657471, 462.839691162, 555.705444336, 651.073181152, 846.96697998, 851.665039062, 614.604736328, 320.104431152, 343.889862061, 867.802978516, 1454.85900879, 242.853897095, 184.045852661, 287.885467529, 176.199813843, 212.295349121, 70.1225585938, 431.913726807, 257.365570068, 163.211303711, 294.882080078, 315.269073486, 484.18572998, 330.979095459, 199.113998413, 130.580184937, 64.2410964966, 86.0811386108, 64.8725357056, 52.674785614, 15.7862997055, 3.00536704063, 0.105399571359, 0.00208385149017],
        "mean": [1.40093040466, 7.56015253067, 8.20977687836, 11.7064409256, 17.6214580536, 26.1851940155, 29.62458992, 39.5410957336, 37.3153495789, 46.2415351868, 43.3863143921, 37.5597267151, 29.2705459595, 11.549115181, 8.87346935272, 11.2907266617, 19.6489372253, 12.9727306366, 13.646689415, 14.6174402237, 12.522403717, 10.4602127075, 5.00304937363, 5.19008111954, 5.92256641388, 5.9380736351, 5.41661024094, 5.8978843689, 7.41350889206, 7.75136709213, 6.87182617188, 4.47622919083, 3.20655155182, 3.13604998589, 1.76908898354, 0.956415116787, 0.326817780733, 0.0580066926777, 0.00163619569503, 0.000125886479509],
        "median": [0.853306889534, 4.67553472519, 5.1346154213, 5.88784885406, 11.6815376282, 18.5351161957, 20.5404720306, 25.9359588623, 24.3151264191, 22.2614631653, 22.0391082764, 20.1289634705, 14.5064945221, 4.70373058319, 3.83953094482, 2.82559585571, 3.91302204132, 3.91166901588, 3.91848373413, 4.55187177658, 5.12379741669, 3.62571239471, 1.51283240318, 0.979129195213, 1.40166783333, 1.58069002628, 1.2616121769, 1.06451618671, 1.60856842995, 1.15260183811, 1.19290435314, 0.938860297203, 0.736699640751, 0.607082128525, 0.413127630949, 0.139571353793, 0.0359499379992, 0.00392985204235, 0.000137658513268, 8.12963626231e-05],
        "min": [2.85817685043e-22, 1.24907907567e-21, 5.18248161979e-21, 1.27849988673e-20, 5.52942968381e-20, 5.70448759705e-20, 1.31560439788e-19, 3.75785024506e-19, 3.33065721211e-19, 9.22270297242e-19, 3.67229066331e-18, 2.82308616015e-18, 9.17929356785e-19, 2.22410834178e-18, 3.52677594508e-18, 4.79537942357e-18, 5.59271742757e-18, 3.22016945692e-18, 3.84906577765e-18, 6.26535216397e-18, 1.05888970128e-17, 1.1749943437e-17, 1.50335113248e-17, 1.34380676932e-17, 1.4651107382e-17, 1.44686396106e-17, 1.55587180742e-17, 1.43980364366e-17, 2.11231322763e-17, 1.85786221417e-17, 1.41260743405e-17, 2.12174639534e-17, 1.40798878838e-17, 1.34473569314e-17, 8.34874633021e-18, 6.13272161096e-18, 3.01874001762e-18, 1.2379862153e-18, 3.58601277859e-19, 4.2817227263e-20],
        "stdev": [1.62052953243, 8.65515518188, 9.15925502777, 14.1420726776, 21.8163948059, 24.4863586426, 29.8815364838, 48.4790382385, 40.3626823425, 78.2232818604, 66.4990539551, 60.3857917786, 45.3337135315, 21.3430080414, 18.6574611664, 35.2759895325, 58.6543655396, 26.665391922, 23.6551990509, 27.3459129333, 18.9319763184, 17.6543502808, 8.45617103577, 20.9034080505, 18.0207672119, 12.8088502884, 15.751666069, 16.6546497345, 21.1968746185, 20.0568122864, 15.3336048126, 10.3611564636, 7.01896476746, 7.47744274139, 5.24744796753, 4.13537597656, 1.43463659286, 0.289138257504, 0.00804972648621, 0.00019679608522],
        "var": [2.62611579895, 74.9117050171, 83.8919525146, 199.99822998, 475.955108643, 599.581787109, 892.90625, 2350.21704102, 1629.14611816, 6118.88232422, 4422.12402344, 3646.44384766, 2055.14575195, 455.524017334, 348.100860596, 1244.39550781, 3440.33447266, 711.043151855, 559.56842041, 747.798950195, 358.41973877, 311.676116943, 71.5068206787, 436.952484131, 324.748046875, 164.066635132, 248.114990234, 277.377349854, 449.3074646, 402.275695801, 235.119445801, 107.353553772, 49.2658691406, 55.912147522, 27.5357093811, 17.1013355255, 2.05818223953, 0.0836009308696, 6.47980996291e-05, 3.87286966941e-08]
    },
    "gfcc": {
        "mean": [21.1540584564, 110.28150177, -61.2344970703, 31.8241195679, -58.7508583069, 21.204990387, -40.5235023499, 15.905629158, -11.7322816849, 10.9678497314, -16.1432361603, 2.55426883698, -7.17314100266],
        "cov": [[5041.59765625, -1440.60693359, -243.269439697, 388.941772461, -187.147598267, 172.637741089, -369.217102051, 183.280807495, -146.680664062, 223.40675354, -337.686798096, 57.1575508118, -166.521209717], [-1440.60693359, 1447.09472656, -92.0749282837, -323.380645752, 87.8988342285, -43.0663795471, 234.3543396, -109.199523926, 115.31539917, -135.501831055, 225.742477417, -90.8578186035, 118.045326233], [-243.269439697, -92.0749282837, 370.168487549, -6.15390348434, -14.7792625427, -16.2100086212, 10.7302484512, 9.62808513641, -29.1247005463, 18.3887023926, -5.51523399353, 52.907169342, -14.8162078857], [388.941772461, -323.380645752, -6.15390348434, 379.760437012, -31.1959838867, -63.4756965637, -114.517028809, -22.5078315735, 6.00840759277, -7.21183776855, -44.1973686218, 6.02076625824, 16.7043266296], [-187.147598267, 87.8988342285, -14.7792625427, -31.1959838867, 190.107406616, -6.63605833054, 13.7385625839, 9.47806072235, 36.9990501404, 16.6126251221, -3.66169714928, -0.722727060318, 10.9284610748], [172.637741089, -43.0663795471, -16.2100086212, -63.4756965637, -6.63605833054, 172.634155273, 67.6682128906, 20.6836872101, -33.0302696228, 11.6334753036, 4.8614859581, -27.2441196442, -26.6777439117], [-369.217102051, 234.3543396, 10.7302484512, -114.517028809, 13.7385625839, 67.6682128906, 283.86227417, -39.7541618347, -65.9747467041, -2.00282907486, 62.1185493469, -30.4091854095, -27.7555332184], [183.280807495, -109.199523926, 9.62808513641, -22.5078315735, 9.47806072235, 20.6836872101, -39.7541618347, 115.020889282, 36.2760276794, 18.8570652008, -22.0309047699, 6.974360466, 6.39678382874], [-146.680664062, 115.31539917, -29.1247005463, 6.00840759277, 36.9990501404, -33.0302696228, -65.9747467041, 36.2760276794, 189.728546143, -15.198184967, 5.92569255829, 2.10342335701, 35.2279968262], [223.40675354, -135.501831055, 18.3887023926, -7.21183776855, 16.6126251221, 11.6334753036, -2.00282907486, 18.8570652008, -15.198184967, 108.721885681, -18.5179901123, -2.99163174629, -27.3767738342], [-337.686798096, 225.742477417, -5.51523399353, -44.1973686218, -3.66169714928, 4.8614859581, 62.1185493469, -22.0309047699, 5.92569255829, -18.5179901123, 105.696594238, -4.36244440079, 13.7399702072], [57.1575508118, -90.8578186035, 52.907169342, 6.02076625824, -0.722727060318, -27.2441196442, -30.4091854095, 6.974360466, 2.10342335701, -2.99163174629, -4.36244440079, 73.08618927, 11.3122501373], [-166.521209717, 118.045326233, -14.8162078857, 16.7043266296, 10.9284610748, -26.6777439117, -27.7555332184, 6.39678382874, 35.2279968262, -27.3767738342, 13.7399702072, 11.3122501373, 91.6717453003]],
        "icov": [[0.000444187200628, -0.000154569293954, 0.000484443356982, -0.0004928590497, 0.00041501398664, -0.000630069698673, 0.000364423380233, -0.000568695773836, 0.000362359016435, -0.000740172399674, 0.0009982699994, -0.000964014150668, 0.000700235425029], [-0.000154569293954, 0.00289393332787, -0.000325637549395, 0.00233885273337, -0.00087933789473, 0.00166148052085, -0.00106988870539, 0.00222096825019, -0.00151933950838, 0.00217883964069, -0.00368987675756, 0.00410696398467, -0.00309586548246], [0.000484443356982, -0.000325637549395, 0.00369435991161, -0.000675442744978, 0.000733387889341, -0.000474070518976, 3.78689583158e-05, -0.00111566670239, 0.000787360069808, -0.0013416033471, 0.00132891198155, -0.00366982165724, 0.00143385468982], [-0.0004928590497, 0.00233885273337, -0.000675442744978, 0.00550781749189, -0.000575446232688, 0.00248158420436, -4.10128819794e-07, 0.00317972828634, -0.00129177677445, 0.00230544409715, -0.00266939844005, 0.00444470578805, -0.00341450306587], [0.00041501398664, -0.00087933789473, 0.000733387889341, -0.000575446232688, 0.00642005680129, -0.00060435757041, -0.000195207423531, -0.000974026916083, -0.000607597292401, -0.00241922657005, 0.00261709676124, -0.00206180638634, 0.000550396449398], [-0.000630069698673, 0.00166148052085, -0.000474070518976, 0.00248158420436, -0.00060435757041, 0.00918224919587, -0.00233952584676, -0.000374117371393, -0.000243489921559, 0.0020345330704, -0.002942686202, 0.00528593920171, -0.00126090308186], [0.000364423380233, -0.00106988870539, 3.78689583158e-05, -4.10128819794e-07, -0.000195207423531, -0.00233952584676, 0.00633637234569, 0.000233540937188, 0.0022505663801, -0.000976418610662, -0.000735549605452, -0.000406109029427, 0.00229437486269], [-0.000568695773836, 0.00222096825019, -0.00111566670239, 0.00317972828634, -0.000974026916083, -0.000374117371393, 0.000233540937188, 0.0134317083284, -0.00360396318138, 0.000454691995401, -0.00169938174076, 0.00307578640059, -0.00411609793082], [0.000362359016435, -0.00151933950838, 0.000787360069808, -0.00129177677445, -0.000607597292401, -0.000243489921559, 0.0022505663801, -0.00360396318138, 0.007987187244, -0.000639442936517, 0.00109630287625, -0.00175164733082, 0.000703297788277], [-0.000740172399674, 0.00217883964069, -0.0013416033471, 0.00230544409715, -0.00241922657005, 0.0020345330704, -0.000976418610662, 0.000454691995401, -0.000639442936517, 0.0133597580716, -0.00304332911037, 0.00475724134594, -0.000129434702103], [0.0009982699994, -0.00368987675756, 0.00132891198155, -0.00266939844005, 0.00261709676124, -0.002942686202, -0.000735549605452, -0.00169938174076, 0.00109630287625, -0.00304332911037, 0.0185596328229, -0.00679415976629, 0.00271999905817], [-0.000964014150668, 0.00410696398467, -0.00366982165724, 0.00444470578805, -0.00206180638634, 0.00528593920171, -0.000406109029427, 0.00307578640059, -0.00175164733082, 0.00475724134594, -0.00679415976629, 0.0242234263569, -0.00687319645658], [0.000700235425029, -0.00309586548246, 0.00143385468982, -0.00341450306587, 0.000550396449398, -0.00126090308186, 0.00229437486269, -0.00411609793082, 0.000703297788277, -0.000129434702103, 0.00271999905817, -0.00687319645658, 0.0177018065006]]
    },
    "melbands": {
        "dmean": [0.00473943864927, 0.00275423866697, 0.00117286981549, 0.000796030391939, 0.00051109760534, 0.000457109534182, 0.000256804050878, 0.000253780162893, 0.000157770409714, 0.000106985629827, 7.14907291695e-05, 2.54521055467e-05, 1.69556515175e-05, 1.59585215442e-05, 2.20413603529e-05, 1.83157535503e-05, 1.14470540211e-05, 1.17956442409e-05, 1.12775715024e-05, 1.06873221739e-05, 7.30907277102e-06, 7.35049934519e-06, 4.42042119175e-06, 2.13766043089e-06, 4.06150911658e-06, 4.02516025133e-06, 3.01198292618e-06, 2.65517223852e-06, 2.64602317657e-06, 2.3404024887e-06, 2.6726465876e-06, 2.68010171567e-06, 3.91758794649e-06, 2.88804085358e-06, 2.60047318079e-06, 2.35497373069e-06, 1.60148408668e-06, 1.40278825711e-06, 1.65337746694e-06, 1.74099818651e-06],
        "dmean2": [0.00732683762908, 0.00425334321335, 0.00195014779456, 0.00131455704104, 0.000795483239926, 0.000689407868776, 0.000374301132979, 0.000372348469682, 0.000224874384003, 0.000145152662299, 0.000105020924821, 3.80011915695e-05, 2.60521010205e-05, 2.50436405622e-05, 3.47550267179e-05, 2.84495054075e-05, 1.68749247678e-05, 1.8851207642e-05, 1.75571713044e-05, 1.60816289281e-05, 1.09473312477e-05, 1.06958159449e-05, 6.74385591992e-06, 3.22706705447e-06, 6.15429371464e-06, 6.12470830674e-06, 4.46936201115e-06, 3.9933906919e-06, 3.84136137654e-06, 3.45383637068e-06, 3.82096186513e-06, 3.71753776562e-06, 5.83549035582e-06, 4.05146192861e-06, 3.70165594177e-06, 3.58702595804e-06, 2.26849374485e-06, 2.0921606847e-06, 2.35148650063e-06, 2.44006537287e-06],
        "dvar": [0.000108088337583, 2.64180034719e-05, 3.54417375092e-06, 2.04659090741e-06, 4.71565414273e-07, 4.5634703838e-07, 1.86307929084e-07, 2.09284536368e-07, 1.12008571307e-07, 4.19381365191e-08, 2.26792984392e-08, 4.02808941757e-09, 2.49821430209e-09, 5.06564301617e-09, 1.11316760254e-08, 6.35871888477e-09, 6.37323971375e-10, 5.34115474071e-10, 5.85772819139e-10, 5.15840259396e-10, 1.88671397949e-10, 2.46122400238e-10, 8.8111372365e-11, 2.6785918969e-11, 3.81001341587e-10, 2.90885648901e-10, 5.48842776782e-11, 5.79279471613e-11, 7.04945546381e-11, 6.26416765681e-11, 8.77619366069e-11, 6.80822342947e-11, 3.11735998126e-10, 5.59292126501e-11, 3.01313939077e-11, 3.12323084062e-11, 1.79132767647e-11, 1.06162110353e-11, 1.42642321566e-11, 1.75554397408e-11],
        "dvar2": [0.000265209237114, 5.53353056603e-05, 9.53188464337e-06, 5.65477057535e-06, 1.13735552532e-06, 1.0947321698e-06, 4.59847456113e-07, 4.20952204649e-07, 2.37719845586e-07, 7.87422322901e-08, 4.56736017895e-08, 7.81474707168e-09, 5.64565549865e-09, 1.24237091725e-08, 2.40473703172e-08, 1.51182568686e-08, 1.45291156883e-09, 1.27285093576e-09, 1.29586530395e-09, 1.09100428691e-09, 4.40750796971e-10, 5.32193733527e-10, 2.14260748033e-10, 5.55229334731e-11, 9.4513219473e-10, 6.75745348566e-10, 1.25435564713e-10, 1.30823740729e-10, 1.59460389337e-10, 1.61213958849e-10, 1.89031998388e-10, 1.4225083611e-10, 7.70296770813e-10, 1.26617674678e-10, 5.98181018607e-11, 6.84997475409e-11, 3.77253749073e-11, 2.34412229211e-11, 2.88939618759e-11, 3.29518912157e-11],
        "max": [0.0922059267759, 0.0446028411388, 0.0183791201562, 0.0175388865173, 0.0087657822296, 0.00990747939795, 0.00767136458308, 0.00620642211288, 0.00644188607112, 0.00457431748509, 0.00304139708169, 0.00164455443155, 0.00103659380693, 0.00164095603395, 0.00233650323935, 0.00225679180585, 0.000489294645377, 0.000335775810527, 0.000378377328161, 0.000338408834068, 0.000204513475182, 0.000232490478083, 0.000152647742652, 8.08932309155e-05, 0.000410868262406, 0.00029381873901, 0.000107612831926, 0.00012394064106, 0.000179461174412, 0.000166739686392, 0.000242762049311, 0.000191445375094, 0.00045609366498, 0.000128288913402, 0.000109053791675, 9.86123122857e-05, 9.65245926636e-05, 4.4100183004e-05, 5.75295271119e-05, 7.95062878751e-05],
        "mean": [0.0116313342005, 0.00613067531958, 0.00212899432518, 0.00155541417189, 0.00114063569345, 0.000908994057681, 0.00055038969731, 0.000496544584166, 0.000338295300025, 0.000226812771871, 0.000142835386214, 4.50881234428e-05, 2.88386563625e-05, 2.44237198785e-05, 4.0099814214e-05, 3.71599453501e-05, 2.21434074774e-05, 2.15143027162e-05, 2.01340935746e-05, 1.87690293387e-05, 1.36864791784e-05, 1.18494899652e-05, 6.43563862468e-06, 3.19482387567e-06, 4.28116481999e-06, 4.56459156339e-06, 4.19565594711e-06, 3.85060639019e-06, 3.42634393746e-06, 3.14348699249e-06, 3.5645969092e-06, 3.89628075936e-06, 4.85933378513e-06, 4.12001600125e-06, 3.97588610213e-06, 3.56329678652e-06, 2.38701250055e-06, 2.0719467102e-06, 2.53353937296e-06, 2.66946153715e-06],
        "median": [0.00757091352716, 0.00438567483798, 0.00121570052579, 0.00119855056982, 0.000831489625853, 0.000600004452281, 0.000354069052264, 0.000246258336119, 0.000173599546542, 0.000112382418592, 6.74959519529e-05, 1.67926318682e-05, 1.23423569676e-05, 7.80448226578e-06, 8.7628586698e-06, 6.57758846501e-06, 6.68992925057e-06, 5.8935843299e-06, 5.37090954822e-06, 5.90099898545e-06, 5.67153756492e-06, 4.1012026486e-06, 1.72424847733e-06, 9.30093335683e-07, 6.72146200031e-07, 7.25240568045e-07, 1.25273140839e-06, 1.00113163626e-06, 7.94297477569e-07, 6.67445760882e-07, 5.10841687174e-07, 8.20600746465e-07, 8.41373832827e-07, 5.89202386436e-07, 7.04564229181e-07, 6.0773675159e-07, 5.23873552538e-07, 4.906616482e-07, 5.34175342182e-07, 4.44447493919e-07],
        "min": [2.24143308849e-24, 2.19869595731e-24, 3.23945947666e-24, 4.93895320909e-24, 3.65408890996e-24, 8.86380758071e-24, 5.11509953834e-24, 1.41704741013e-23, 3.05132565654e-23, 1.55423821015e-23, 3.7986989468e-24, 8.27224315447e-24, 1.15308603154e-23, 1.42377812914e-23, 1.18003549222e-23, 9.98343628577e-24, 5.85581902353e-24, 6.12735086356e-24, 7.46886563087e-24, 9.83034757192e-24, 1.24518917099e-23, 1.02513721034e-23, 1.67991968735e-23, 1.04107417277e-23, 1.11121787009e-23, 1.01202910311e-23, 1.28622666191e-23, 8.29848776793e-24, 1.01029305691e-23, 9.33714068993e-24, 7.29100274029e-24, 1.27390536455e-23, 1.2537500473e-23, 8.41039557594e-24, 6.66938981331e-24, 9.98271921121e-24, 1.39126017822e-23, 1.00752518065e-23, 1.02651937353e-23, 1.14194171465e-23],
        "stdev": [0.0127696814016, 0.00616108998656, 0.00225846259855, 0.00152089481708, 0.00103560672142, 0.00105396599974, 0.000599210907239, 0.000760611263104, 0.000518953136634, 0.000374598341295, 0.000232409147429, 9.54898496275e-05, 6.21105136815e-05, 7.30855390429e-05, 0.000126756480313, 9.89585241769e-05, 4.60162227682e-05, 4.03238045692e-05, 3.97573239752e-05, 3.47863460775e-05, 1.99074856937e-05, 2.0080458853e-05, 1.15974798973e-05, 6.80830817146e-06, 1.90065111383e-05, 1.76377561729e-05, 8.51053027873e-06, 8.87028909347e-06, 1.0258164366e-05, 9.10428752832e-06, 1.09441316454e-05, 1.01970681499e-05, 1.7336302335e-05, 9.79842479865e-06, 8.79187609826e-06, 8.4236926341e-06, 5.91278103457e-06, 4.52458561995e-06, 5.77413220526e-06, 6.62551337882e-06],
        "var": [0.000163064760272, 3.79590310331e-05, 5.10065365233e-06, 2.31312105825e-06, 1.07248126824e-06, 1.11084432319e-06, 3.59053700549e-07, 5.78529522954e-07, 2.69312351975e-07, 1.40323919595e-07, 5.40140092653e-08, 9.11831143924e-09, 3.85771592448e-09, 5.3414956902e-09, 1.60672062322e-08, 9.79278880209e-09, 2.11749284773e-09, 1.62600910514e-09, 1.58064483724e-09, 1.21008980614e-09, 3.96307958672e-10, 4.03224842405e-10, 1.3450153491e-10, 4.6353060279e-11, 3.61247476377e-10, 3.11090431193e-10, 7.24291182586e-11, 7.86820331111e-11, 1.05229942815e-10, 8.28880575288e-11, 1.19774010154e-10, 1.0398020639e-10, 3.00547392529e-10, 9.60091312008e-11, 7.72970784602e-11, 7.0958593168e-11, 3.4960982026e-11, 2.04718759306e-11, 3.33406011133e-11, 4.38974273598e-11]
    },
    "melbands128": {
