{
"lowlevel": {
    "average_loudness": 0.982221782207,
    "barkbands_crest": {
        "dmean": 3.70216012001,
        "dmean2": 6.09559869766,
        "dvar": 9.39995479584,
        "dvar2": 25.7783126831,
        "max": 24.655506134,
        "mean": 12.1659154892,
        "median": 11.7114458084,
        "min": 3.41972446442,
        "stdev": 4.67258548737,
        "var": 21.8330535889
    },
    "barkbands_flatness_db": {
        "dmean": 0.0250531192869,
        "dmean2": 0.0402904301882,
        "dvar": 0.000551048084162,
        "dvar2": 0.00135870359372,
        "max": 0.347612380981,
        "mean": 0.112922884524,
        "median": 0.102808281779,
        "min": 0.0275065135211,
        "stdev": 0.046178329736,
        "var": 0.00213243812323
    },
    "barkbands_kurtosis": {
        "dmean": 3.15927577019,
        "dmean2": 5.31172037125,
        "dvar": 25.2461261749,
        "dvar2": 73.4810943604,
        "max": 55.7115859985,
        "mean": 3.74101257324,
        "median": 1.74673748016,
        "min": -1.86201965809,
        "stdev": 6.43362092972,
        "var": 41.3914794922
    },
    "barkbands_skewness": {
        "dmean": 0.656174778938,
        "dmean2": 1.06205844879,
        "dvar": 0.439080238342,
        "dvar2": 1.18063533306,
        "max": 7.09814023972,
        "mean": 1.75118839741,
        "median": 1.63687360287,
        "min": -2.18548536301,
        "stdev": 1.10531055927,
        "var": 1.22171151638
    },
    "barkbands_spread": {
        "dmean": 7.8241891861,
        "dmean2": 12.4145765305,
        "dvar": 73.0434494019,
        "dvar2": 163.736053467,
        "max": 108.97807312,
        "mean": 31.1347675323,
        "median": 29.4646759033,
        "min": 2.61599087715,
        "stdev": 16.1739368439,
        "var": 261.596252441
    },
    "dissonance": {
        "dmean": 0.0139908241108,
        "dmean2": 0.0234684981406,
        "dvar": 0.000287029251922,
        "dvar2": 0.000630103459116,
        "max": 0.499804586172,
        "mean": 0.475277215242,
        "median": 0.480373173952,
        "min": 0.174350887537,
        "stdev": 0.0233800280839,
        "var": 0.000546625698917
    },
    "dynamic_complexity": 1.52968335152,
    "erbbands_crest": {
        "dmean": 2.21643447876,
        "dmean2": 3.63251137733,
        "dvar": 4.72322130203,
        "dvar2": 10.9425573349,
        "max": 30.0123405457,
        "mean": 7.10638570786,
        "median": 6.11310815811,
        "min": 2.47277832031,
        "stdev": 3.66954159737,
        "var": 13.4655351639
    },
    "erbbands_flatness_db": {
        "dmean": 0.01301692985,
        "dmean2": 0.0199384819716,
        "dvar": 0.000176740970346,
        "dvar2": 0.000345826818375,
        "max": 0.402768790722,
        "mean": 0.119230777025,
        "median": 0.112829752266,
        "min": 0.0626713111997,
        "stdev": 0.0372898988426,
        "var": 0.00139053666499
    },
    "erbbands_kurtosis": {
        "dmean": 0.57152223587,
        "dmean2": 0.901032090187,
        "dvar": 0.869475662708,
        "dvar2": 1.73125433922,
        "max": 26.2062911987,
        "mean": -0.122690565884,
        "median": -0.387135267258,
        "min": -1.73794865608,
        "stdev": 1.41156470776,
        "var": 1.99251508713
    },
    "erbbands_skewness": {
        "dmean": 0.291326463223,
        "dmean2": 0.464690893888,
        "dvar": 0.0846827849746,
        "dvar2": 0.185340806842,
        "max": 4.31039094925,
        "mean": 0.00728034833446,
        "median": -0.0246097203344,
        "min": -2.22244858742,
        "stdev": 0.543182551861,
        "var": 0.295047283173
    },
    "erbbands_spread": {
        "dmean": 8.11811256409,
        "dmean2": 12.8692646027,
        "dvar": 59.1975746155,
        "dvar2": 136.220916748,
        "max": 113.074638367,
        "mean": 45.9102706909,
        "median": 45.4139595032,
        "min": 5.38092279434,
        "stdev": 15.2459831238,
        "var": 232.439987183
    },
    "hfc": {
        "dmean": 9.12610912323,
        "dmean2": 14.0555849075,
        "dvar": 301.317108154,
        "dvar2": 716.409790039,
        "max": 376.425598145,
        "mean": 38.0008850098,
        "median": 32.4626541138,
        "min": 0.000118158081023,
        "stdev": 25.3831195831,
        "var": 644.30279541
    },
    "loudness_ebu128": {
        "integrated": -6.22959327698,
        "loudness_range": 2.12483406067,
        "momentary": {
            "dmean": 0.242286548018,
            "dmean2": 0.326263785362,
            "dvar": 0.0400028452277,
            "dvar2": 0.0748447030783,
            "max": -4.3646364212,
            "mean": -6.33693599701,
            "median": -6.23156261444,
            "min": -9.9375743866,
            "stdev": 0.979287087917,
            "var": 0.959003150463
        },
        "short_term": {
            "dmean": 0.0396969094872,
            "dmean2": 0.0400322675705,
            "dvar": 0.000928998459131,
            "dvar2": 0.00103555165697,
            "max": -4.94857311249,
            "mean": -6.19318389893,
            "median": -6.07886457443,
            "min": -7.58724308014,
            "stdev": 0.713221371174,
            "var": 0.508684754372
        }
    },
    "melbands_crest": {
        "dmean": 5.45986652374,
        "dmean2": 9.18905735016,
        "dvar": 21.1082363129,
        "dvar2": 53.6454353333,
        "max": 35.3801765442,
        "mean": 19.3775787354,
        "median": 18.89894104,
        "min": 3.7555475235,
        "stdev": 6.47888469696,
        "var": 41.975944519
    },
    "melbands_flatness_db": {
        "dmean": 0.0321952961385,
        "dmean2": 0.0519738271832,
        "dvar": 0.000835757120512,
        "dvar2": 0.00212538149208,
        "max": 0.390077710152,
        "mean": 0.18203060329,
        "median": 0.175810426474,
        "min": 0.03329892084,
        "stdev": 0.0547429285944,
        "var": 0.00299678812735
    },
    "melbands_kurtosis": {
        "dmean": 9.51054286957,
        "dmean2": 16.0028190613,
        "dvar": 184.624694824,
        "dvar2": 514.476074219,
        "max": 170.467514038,
        "mean": 16.7559928894,
        "median": 12.080540657,
        "min": -1.75595700741,
        "stdev": 17.5322971344,
        "var": 307.381439209
    },
    "melbands_skewness": {
        "dmean": 0.97548532486,
        "dmean2": 1.59663009644,
        "dvar": 0.968771159649,
        "dvar2": 2.59355115891,
        "max": 11.1998939514,
        "mean": 3.35657596588,
        "median": 3.1795604229,
        "min": -0.534313738346,
        "stdev": 1.57496070862,
        "var": 2.48050117493
    },
    "melbands_spread": {
        "dmean": 9.35668373108,
        "dmean2": 15.1107711792,
        "dvar": 137.003814697,
        "dvar2": 329.225585938,
        "max": 185.437515259,
        "mean": 25.9444065094,
        "median": 22.5449142456,
        "min": 1.83935213089,
        "stdev": 17.4167327881,
        "var": 303.342590332
    },
    "pitch_salience": {
        "dmean": 0.0932318419218,
        "dmean2": 0.155346229672,
        "dvar": 0.0070482394658,
        "dvar2": 0.0177794508636,
        "max": 0.790103137493,
        "mean": 0.466863662004,
        "median": 0.48270380497,
        "min": 0.111073799431,
        "stdev": 0.117806464434,
        "var": 0.0138783631846
    },
    "silence_rate_20dB": {
        "dmean": 0,
        "dmean2": 0,
        "dvar": 0,
        "dvar2": 0,
        "max": 1,
        "mean": 1,
        "median": 1,
        "min": 1,
        "stdev": 0,
        "var": 0
    },
    "silence_rate_30dB": {
        "dmean": 0.0061919502914,
        "dmean2": 0.0123934932053,
        "dvar": 0.00615349272266,
        "dvar2": 0.0184372160584,
        "max": 1,
        "mean": 0.996906399727,
        "median": 1,
        "min": 0,
        "stdev": 0.0555336512625,
        "var": 0.00308398646303
    },
    "silence_rate_60dB": {
        "dmean": 0.000773993786424,
        "dmean2": 0.000774593325332,
        "dvar": 0.000773391744588,
        "dvar2": 0.000773989362642,
        "max": 1,
        "mean": 0.00077339517884,
        "median": 0,
        "min": 0,
        "stdev": 0.0277991909534,
        "var": 0.000772794999648
    },
    "spectral_centroid": {
        "dmean": 307.769287109,
        "dmean2": 489.71472168,
        "dvar": 98431.890625,
        "dvar2": 219791.078125,
        "max": 4490.26367188,
        "mean": 1837.03601074,
        "median": 1820.14697266,
        "min": 460.990997314,
        "stdev": 621.533508301,
        "var": 386303.90625
    },
    "spectral_complexity": {
        "dmean": 4.34365320206,
        "dmean2": 6.8481798172,
        "dvar": 17.0598735809,
        "dvar2": 36.1334075928,
        "max": 58,
        "mean": 29.6310901642,
        "median": 29,
        "min": 0,
        "stdev": 9.23170280457,
        "var": 85.2243423462
    },
    "spectral_decrease": {
        "dmean": 4.62235627552e-09,
        "dmean2": 7.61109131275e-09,
        "dvar": 1.90384419181e-17,
        "dvar2": 5.39703155821e-17,
        "max": -8.55874277158e-14,
        "mean": -1.31229729305e-08,
        "median": -1.23147296804e-08,
        "min": -3.29871596705e-08,
        "stdev": 5.7768865247e-09,
        "var": 3.33724198337e-17
    },
    "spectral_energy": {
        "dmean": 0.0176238752902,
        "dmean2": 0.029044514522,
        "dvar": 0.000275249301922,
        "dvar2": 0.000777234847192,
        "max": 0.12765352428,
        "mean": 0.0529759489,
        "median": 0.050143416971,
        "min": 3.33744793579e-07,
        "stdev": 0.0219769310206,
        "var": 0.00048298551701
    },
    "spectral_energyband_high": {
        "dmean": 0.000881243438926,
        "dmean2": 0.00138873583637,
        "dvar": 3.87795944334e-06,
        "dvar2": 9.21123864828e-06,
        "max": 0.0414550639689,
        "mean": 0.00246209907345,
        "median": 0.00163615960628,
        "min": 2.30849761529e-09,
        "stdev": 0.00275067985058,
        "var": 7.56624012865e-06
    },
    "spectral_energyband_low": {
        "dmean": 0.0165472198278,
        "dmean2": 0.0274925995618,
        "dvar": 0.000282543478534,
        "dvar2": 0.000814923085272,
        "max": 0.11742027849,
        "mean": 0.0303254444152,
        "median": 0.0240618307143,
        "min": 1.50870647531e-07,
        "stdev": 0.0213864948601,
        "var": 0.000457382178865
    },
    "spectral_energyband_middle_high": {
        "dmean": 0.00231763464399,
        "dmean2": 0.00342545146123,
        "dvar": 9.05935212359e-06,
        "dvar2": 1.74396082002e-05,
        "max": 0.0474409982562,
        "mean": 0.00869117118418,
        "median": 0.00653369072825,
        "min": 2.67693121003e-08,
        "stdev": 0.00658657122403,
        "var": 4.33829191024e-05
    },
    "spectral_energyband_middle_low": {
        "dmean": 0.00497036753222,
        "dmean2": 0.00813268311322,
        "dvar": 3.3064159652e-05,
        "dvar2": 7.92644059402e-05,
        "max": 0.0577508993447,
        "mean": 0.0124047892168,
        "median": 0.00944456271827,
        "min": 9.91692203911e-08,
        "stdev": 0.00931404717267,
        "var": 8.67514827405e-05
    },
    "spectral_entropy": {
        "dmean": 0.123546257615,
        "dmean2": 0.192467227578,
        "dvar": 0.0187941864133,
        "dvar2": 0.0355308242142,
        "max": 8.84321403503,
        "mean": 7.95199584961,
        "median": 7.98204040527,
        "min": 5.98464345932,
        "stdev": 0.289882302284,
        "var": 0.084031753242
    },
    "spectral_flux": {
        "dmean": 0.0344070270658,
        "dmean2": 0.0550777390599,
        "dvar": 0.000991633394733,
        "dvar2": 0.00251529552042,
        "max": 0.272512882948,
        "mean": 0.12366104871,
        "median": 0.117437809706,
        "min": 0.000577706494369,
        "stdev": 0.0447427071631,
        "var": 0.00200190977193
    },
    "spectral_kurtosis": {
        "dmean": 0.723956465721,
        "dmean2": 1.14727818966,
        "dvar": 0.529899060726,
        "dvar2": 1.20303332806,
        "max": 15.3411769867,
        "mean": 2.66217947006,
        "median": 2.48499488831,
        "min": -0.911766052246,
        "stdev": 1.31757581234,
        "var": 1.73600614071
    },
    "spectral_rms": {
        "dmean": 0.00119809049647,
        "dmean2": 0.0019549545832,
        "dvar": 1.17980653158e-06,
        "dvar2": 3.27332554662e-06,
        "max": 0.0111597497016,
        "mean": 0.00702548259869,
        "median": 0.0069943126291,
        "min": 1.80445185833e-05,
        "stdev": 0.00152527703904,
        "var": 2.32646993936e-06
    },
    "spectral_rolloff": {
        "dmean": 701.297485352,
        "dmean2": 1167.8137207,
        "dvar": 1174505.125,
        "dvar2": 2691942,
        "max": 11477.1972656,
        "mean": 1528.5423584,
        "median": 1162.79296875,
        "min": 64.599609375,
        "stdev": 1580.95922852,
        "var": 2499432
    },
    "spectral_skewness": {
        "dmean": 0.141374215484,
        "dmean2": 0.221469983459,
        "dvar": 0.0191667284817,
        "dvar2": 0.0377024151385,
        "max": 3.31300067902,
        "mean": 1.25646996498,
        "median": 1.23763906956,
        "min": 0.140820667148,
        "stdev": 0.272123575211,
        "var": 0.074051246047
    },
    "spectral_spread": {
        "dmean": 487104.25,
        "dmean2": 721171.3125,
        "dvar": 464598138880,
        "dvar2": 776056406016,
        "max": 13410760,
        "mean": 5373259,
        "median": 5220756.5,
        "min": 2685406.5,
        "stdev": 1141411.5,
        "var": 1.30282029056e+12
    },
    "spectral_strongpeak": {
        "dmean": 0.436192989349,
        "dmean2": 0.770771920681,
        "dvar": 0.671003997326,
        "dvar2": 1.76163029671,
        "max": 8.23222446442,
        "mean": 0.665860176086,
        "median": 0.370284467936,
        "min": 0,
        "stdev": 0.910410583019,
        "var": 0.828847408295
    },
    "zerocrossingrate": {
        "dmean": 0.0129402093589,
        "dmean2": 0.0162154007703,
        "dvar": 0.000220675661694,
        "dvar2": 0.000318726059049,
        "max": 0.3046875,
        "mean": 0.0667234659195,
        "median": 0.0615234375,
        "min": 0.0068359375,
        "stdev": 0.0345375463367,
        "var": 0.0011928420281
    },
    "barkbands": {
        "dmean": [0.00180695741437, 0.0140709970146, 0.00365527742542, 0.00119552889373, 0.00261443457566, 0.00103662873153, 0.00092214246979, 0.000893419259228, 0.000465997844003, 0.000833602447528, 0.000663321756292, 0.000761428847909, 0.000394026457798, 0.000341364531778, 0.000624587177299, 0.000307344540488, 0.00038307136856, 0.000264516245807, 0.000321310537402, 0.000263835652731, 0.000248951721005, 0.000191054161405, 0.000156386726303, 0.000188015023014, 0.000167915291968, 6.60356308799e-05, 4.40942676505e-06],
        "dmean2": [0.00296354456805, 0.0231986362487, 0.00639251526445, 0.00210399460047, 0.00434131594375, 0.00169472373091, 0.00149310787674, 0.00146978732664, 0.000749384460505, 0.00130345951766, 0.00101725012064, 0.00118931336328, 0.000627444358543, 0.00055321783293, 0.000949887151364, 0.000497342611197, 0.000638171215542, 0.00042866851436, 0.000530371733475, 0.000434340210631, 0.000405048689572, 0.000315120996675, 0.000254258920904, 0.000294930621749, 0.000258664833382, 0.00010274653323, 7.47906005927e-06],
        "dvar": [3.92945048588e-06, 0.000221971451538, 5.46100673091e-05, 3.31236628881e-06, 1.50184259837e-05, 5.89677529206e-06, 4.62039588456e-06, 2.80731819657e-06, 8.66984350978e-07, 3.60766784979e-06, 2.23067445404e-06, 1.78927723482e-06, 5.38624988167e-07, 3.11028372835e-07, 1.01343641745e-06, 2.59181490492e-07, 3.24473461433e-07, 1.42063967701e-07, 2.10722163274e-07, 1.39168406577e-07, 1.14966582032e-07, 9.54744052706e-08, 1.72647716568e-07, 3.87659270018e-07, 2.7901145927e-07, 3.99245614346e-08, 1.62500277123e-10],
        "dvar2": [1.08333179014e-05, 0.00065654941136, 0.000149205938214, 9.12105133466e-06, 3.44241852872e-05, 1.34351221277e-05, 1.17041254271e-05, 7.24832943888e-06, 2.20339802581e-06, 8.2988781287e-06, 4.99262932863e-06, 3.94651533497e-06, 1.28543831579e-06, 7.67683843605e-07, 2.28891235565e-06, 5.95142694237e-07, 8.54470329159e-07, 3.66630786175e-07, 5.02476666497e-07, 3.44034475575e-07, 2.7291355309e-07, 2.44893470835e-07, 4.46375707952e-07, 8.7905499413e-07, 6.50418087389e-07, 9.29476087208e-08, 4.25728508002e-10],
        "max": [0.0136904390529, 0.10518784821, 0.0545702949166, 0.016601504758, 0.0415085367858, 0.0370243638754, 0.0308040101081, 0.0203833188862, 0.0131709901616, 0.0252490807325, 0.0276935100555, 0.023101542145, 0.013118927367, 0.0108281113207, 0.0140628106892, 0.00844916328788, 0.00611240556464, 0.00680285040289, 0.00968533661216, 0.00579753518105, 0.00438628951088, 0.00467922538519, 0.00993997324258, 0.0118953417987, 0.00986536405981, 0.00363865843974, 0.000167731181136],
        "mean": [0.0026838532649, 0.0230290330946, 0.00401952583343, 0.00143789732829, 0.00490892119706, 0.00198680488393, 0.00131296482868, 0.00143603805918, 0.000730872678105, 0.00146840221714, 0.001221821527, 0.00123011798132, 0.000664794351906, 0.000547826522961, 0.00111421267502, 0.000548059702851, 0.000667759159114, 0.000526732765138, 0.000694209942594, 0.000646041124128, 0.000574480800424, 0.000429776555393, 0.000341048813425, 0.00035236441181, 0.00029830596759, 9.95603186311e-05, 4.57082660432e-06],
        "median": [0.00206979527138, 0.0176491141319, 0.00211250828579, 0.000847458373755, 0.00187290669419, 0.000728107057512, 0.000511370715685, 0.000793302839156, 0.00035821433994, 0.000571727461647, 0.000379145669285, 0.000609252485447, 0.000368416134734, 0.0003399332345, 0.000587467919104, 0.000342480489053, 0.000465453427751, 0.000390641798731, 0.000491812941618, 0.000438257411588, 0.00043054742855, 0.000299628212815, 0.000199738395168, 0.000167248843354, 0.000164679382578, 4.21709555667e-05, 8.47575563512e-07],
        "min": [5.75799452562e-09, 3.72359316714e-08, 8.1872739699e-09, 9.3016589986e-09, 1.51943684301e-08, 8.48999270886e-09, 4.14395850967e-09, 6.46736086907e-09, 3.05090530617e-08, 6.37764241418e-09, 4.37283764754e-10, 9.33527921632e-10, 8.87641626868e-10, 5.62994983966e-09, 2.9194302531e-09, 3.78971343196e-09, 6.65781696441e-09, 1.07710684816e-09, 4.15495915451e-10, 4.43609343703e-10, 9.06237695997e-10, 2.9500177301e-10, 2.76897199614e-10, 2.05139821796e-10, 1.42080791576e-10, 1.16029130748e-10, 3.43851444713e-12],
        "stdev": [0.00242369924672, 0.0186312235892, 0.00653917016461, 0.00182279839646, 0.00710385246202, 0.00373858888634, 0.00252359476872, 0.00203492539003, 0.00114950130228, 0.00274155801162, 0.0026936379727, 0.00184503872879, 0.000957254320383, 0.000683723541442, 0.00163011520635, 0.000689157168381, 0.000675271847285, 0.000507688091602, 0.000749588187318, 0.000692648580298, 0.000523691414855, 0.000476846063975, 0.000490937498398, 0.000738830538467, 0.000600787519943, 0.000228514807532, 1.36491853482e-05],
        "var": [5.87431759413e-06, 0.000347122491803, 4.27607483289e-05, 3.32259378411e-06, 5.04647177877e-05, 1.39770472742e-05, 6.36853019387e-06, 4.14092119172e-06, 1.32135312469e-06, 7.51613970351e-06, 7.25568497728e-06, 3.40416772815e-06, 9.16335807233e-07, 4.67477917709e-07, 2.65727544502e-06, 4.74937593253e-07, 4.55992051229e-07, 2.57747217347e-07, 5.61882472994e-07, 4.79762093164e-07, 2.74252698773e-07, 2.27382173534e-07, 2.41019648684e-07, 5.45870591395e-07, 3.60945648481e-07, 5.22190148899e-08, 1.8630026688e-10]
    },
    "erbbands": {
        "dmean": [0.67362755537, 2.49016475677, 4.31094264984, 3.37620282173, 6.90383577347, 9.46269893646, 9.35919570923, 8.11676311493, 11.4213027954, 14.7451171875, 19.0249500275, 10.5295820236, 20.3351306915, 26.6944351196, 24.1645412445, 34.7834815979, 18.0630874634, 17.6706027985, 29.6311683655, 21.102563858, 16.7672996521, 15.6029338837, 14.0407838821, 15.9643239975, 15.0776987076, 11.5259895325, 11.1468887329, 8.61607456207, 7.16941642761, 5.66609716415, 4.43334674835, 3.92003417015, 3.25691008568, 2.05456209183, 1.11784541607, 0.390275329351, 0.108705759048, 0.0159202683717, 0.000462569267256, 2.96740508929e-05],
        "dmean2": [1.07496142387, 4.21947622299, 7.27308559418, 5.90931987762, 12.0930309296, 15.4377508163, 15.0239429474, 13.4020910263, 18.4047222137, 24.5489234924, 31.129907608, 16.541311264, 32.4574127197, 40.7322120667, 36.6193733215, 53.7323951721, 28.1317768097, 28.5758914948, 45.5477371216, 32.5175094604, 27.4897727966, 25.4209575653, 22.8092365265, 26.5839004517, 24.8216590881, 19.0993671417, 18.4036407471, 13.9785490036, 11.8516359329, 9.52449131012, 7.19876098633, 6.34852743149, 5.03063440323, 3.1843020916, 1.7489811182, 0.608729958534, 0.173707336187, 0.0259125567973, 0.000771138991695, 4.84245210828e-05],
        "dvar": [0.508307337761, 7.82409763336, 66.1356277466, 27.7725524902, 112.937110901, 325.241088867, 425.262908936, 481.88168335, 753.274230957, 1130.27563477, 1391.6595459, 352.965911865, 3041.2421875, 3748.43969727, 3202.61767578, 3840.77319336, 1090.25732422, 649.442687988, 2761.38916016, 1045.43444824, 689.117858887, 534.366027832, 534.633972168, 626.19519043, 395.4453125, 257.14932251, 250.664108276, 139.916351318, 148.199905396, 120.134223938, 140.475341797, 166.853042603, 122.761611938, 35.9063072205, 14.051659584, 1.44922554493, 0.119125790894, 0.00194300129078, 2.05771948458e-06, 2.21259166544e-09],
        "dvar2": [1.38208985329, 24.0215892792, 175.000045776, 75.5915679932, 304.282318115, 691.605224609, 881.91796875, 1146.22302246, 1782.52697754, 2839.04150391, 3626.09960938, 845.775390625, 7302.82324219, 8113.35693359, 7392.93554688, 8104.42529297, 2546.73144531, 1544.89868164, 5789.23193359, 2473.05566406, 1644.24731445, 1307.88171387, 1360.73864746, 1456.66455078, 970.373352051, 659.455871582, 630.169250488, 329.211273193, 367.313079834, 318.494598389, 361.948638916, 409.683929443, 273.902252197, 80.1574172974, 33.4275131226, 3.30391478539, 0.289886981249, 0.00493107689545, 5.38575477549e-06, 5.53683321414e-09],
        "max": [5.11395359039, 21.0061340332, 63.1499938965, 45.7799949646, 119.021949768, 219.976150513, 340.794952393, 394.261444092, 582.337524414, 506.728729248, 529.985412598, 231.287796021, 1144.92041016, 963.612792969, 1200.10632324, 1189.96569824, 562.994812012, 412.014160156, 863.187683105, 403.723419189, 378.873138428, 326.05657959, 471.24810791, 432.952606201, 289.708526611, 286.004333496, 189.132507324, 167.085662842, 226.318557739, 183.488601685, 285.502105713, 287.555236816, 199.931991577, 110.257614136, 66.291053772, 20.1526412964, 7.07085847855, 0.656907856464, 0.0197659451514, 0.000894850643817],
        "mean": [1.01419687271, 3.72151494026, 5.30451726913, 4.64233207703, 9.23209381104, 18.3663234711, 19.5125179291, 14.2258663177, 18.7179527283, 22.438243866, 31.5622730255, 18.7598781586, 35.6040916443, 54.6348609924, 43.0566749573, 58.1825942993, 33.8900184631, 32.8320236206, 51.7210273743, 41.4617729187, 33.42237854, 31.0031986237, 29.5221500397, 34.6464118958, 33.5578956604, 29.4662361145, 26.839263916, 20.3536663055, 16.1529121399, 11.9470891953, 9.3866109848, 7.6066365242, 5.80019950867, 3.78828644753, 1.86371815205, 0.603160858154, 0.156812340021, 0.0209476128221, 0.00060248200316, 8.47683404572e-05],
        "median": [0.693233072758, 2.75917100906, 2.90133690834, 2.9265024662, 4.2343454361, 4.71736192703, 5.82818078995, 5.79762220383, 7.97584486008, 10.4067792892, 15.898191452, 10.7685213089, 15.9104223251, 18.0625400543, 19.4003486633, 29.8557453156, 20.1830406189, 22.6345710754, 27.8201293945, 24.837594986, 24.6798496246, 22.6859436035, 22.5719356537, 23.7365493774, 24.9925556183, 20.6386470795, 18.8327159882, 14.1845979691, 11.0904483795, 7.67306375504, 5.44550848007, 3.74098658562, 2.69767093658, 2.05465865135, 0.968893408775, 0.26733866334, 0.0647505670786, 0.00711436476558, 0.000201828952413, 7.51224724809e-05],
        "min": [1.61327261594e-06, 3.98358315579e-06, 1.08716403702e-05, 6.42617378617e-05, 7.75219814386e-05, 6.75984920235e-05, 6.10932984273e-05, 7.24586425349e-05, 7.05414131517e-05, 5.5635417084e-05, 0.000256549043115, 0.000691424414981, 0.000442332355306, 5.53748941456e-05, 3.4329637856e-05, 3.38525605912e-05, 4.09612475778e-05, 0.000226099917199, 0.000252655270742, 9.90635162452e-05, 0.000352712784661, 0.000279850268271, 7.99839763204e-05, 3.14142052957e-05, 2.14642350329e-05, 1.53385153681e-05, 3.40268052241e-05, 3.06017354887e-05, 9.76544561127e-06, 1.02096946648e-05, 7.87193039287e-06, 3.38290851687e-06, 3.81680592909e-06, 1.71873261934e-06, 9.80719391919e-07, 4.71308425176e-07, 2.15632724121e-07, 7.52816475824e-08, 1.72317964342e-08, 2.06515715639e-09],
        "stdev": [0.924456119537, 3.25812220573, 7.73704719543, 5.23190498352, 13.0569381714, 33.3808174133, 39.8634529114, 29.0490646362, 37.4031906128, 39.7723922729, 45.3278770447, 24.9270877838, 69.1711883545, 109.297393799, 85.7623443604, 88.8462219238, 44.834487915, 34.0986022949, 81.5930633545, 49.4850196838, 33.5699386597, 30.4887390137, 29.2888889313, 40.6704597473, 30.6137504578, 30.8141613007, 25.8817024231, 19.542016983, 18.8453292847, 14.2054214478, 14.1293516159, 14.4351596832, 13.1272792816, 7.18859243393, 4.0843873024, 1.3902695179, 0.37739354372, 0.0480796024203, 0.00150363484863, 5.66746748518e-05],
        "var": [0.854619145393, 10.61536026, 59.8619003296, 27.3728313446, 170.483642578, 1114.27905273, 1589.09472656, 843.848205566, 1398.9987793, 1581.84326172, 2054.61645508, 621.359741211, 4784.65380859, 11945.9199219, 7355.18017578, 7893.65136719, 2010.13146973, 1162.71459961, 6657.42773438, 2448.76708984, 1126.9407959, 929.563232422, 857.839050293, 1654.08618164, 937.201660156, 949.512573242, 669.862548828, 381.890411377, 355.146453857, 201.794006348, 199.638580322, 208.373840332, 172.325454712, 51.6758613586, 16.682220459, 1.9328494072, 0.142425879836, 0.00231164810248, 2.26091788136e-06, 3.21201865106e-09]
    },
    "gfcc": {
        "mean": [65.6509246826, 68.4329910278, -113.290237427, 45.9212760925, -52.8065414429, 29.8640975952, -30.9969005585, 20.0139217377, -22.7941989899, 13.2498703003, -12.5640125275, 4.85001325607, -7.07396888733],
        "cov": [[1772.21984863, -237.485397339, 308.684112549, 240.047836304, 25.0323543549, 118.471481323, -70.8221893311, 13.2294254303, -156.600769043, -10.5578899384, -142.591659546, 66.8666687012, -75.3280715942], [-237.485397339, 1002.55718994, 187.21661377, 214.188278198, 236.100280762, 18.7172241211, 75.89402771, -109.238677979, 44.7755584717, -134.626113892, 14.8278388977, -76.4063110352, 57.5860710144], [308.684112549, 187.21661377, 551.519226074, 246.415084839, 132.530929565, 56.1786346436, -42.3569946289, -39.8866081238, -29.8060398102, -65.5278549194, -75.5920257568, 8.89281177521, -58.287109375], [240.047836304, 214.188278198, 246.415084839, 334.041931152, 99.8049926758, 41.4400291443, -11.3440799713, -58.7498855591, 23.9302749634, -79.7834777832, -38.3698921204, 4.45877408981, -21.7992248535], [25.0323543549, 236.100280762, 132.530929565, 99.8049926758, 214.185760498, 80.0786743164, 65.2192001343, 6.34323549271, 24.1857261658, -22.6941184998, -15.8041734695, -16.5632610321, -9.65628814697], [118.471481323, 18.7172241211, 56.1786346436, 41.4400291443, 80.0786743164, 170.468444824, 82.1023864746, 11.3904809952, 3.35878920555, -1.84712529182, -12.9516649246, -10.5978183746, -8.47815895081], [-70.8221893311, 75.89402771, -42.3569946289, -11.3440799713, 65.2192001343, 82.1023864746, 138.493087769, 42.6956787109, 36.1337509155, 19.1159172058, 24.6864490509, -16.7897167206, 2.91770291328], [13.2294254303, -109.238677979, -39.8866081238, -58.7498855591, 6.34323549271, 11.3904809952, 42.6956787109, 112.067230225, 25.9567108154, 48.4001426697, 19.5174674988, 6.01865148544, 5.93381643295], [-156.600769043, 44.7755584717, -29.8060398102, 23.9302749634, 24.1857261658, 3.35878920555, 36.1337509155, 25.9567108154, 113.319778442, 22.3550281525, 28.3813705444, -8.43844890594, -6.02803134918], [-10.5578899384, -134.626113892, -65.5278549194, -79.7834777832, -22.6941184998, -1.84712529182, 19.1159172058, 48.4001426697, 22.3550281525, 90.5369415283, 35.3704605103, 6.79713439941, 3.3358476162], [-142.591659546, 14.8278388977, -75.5920257568, -38.3698921204, -15.8041734695, -12.9516649246, 24.6864490509, 19.5174674988, 28.3813705444, 35.3704605103, 87.4471130371, 13.5889453888, 42.0936126709], [66.8666687012, -76.4063110352, 8.89281177521, 4.45877408981, -16.5632610321, -10.5978183746, -16.7897167206, 6.01865148544, -8.43844890594, 6.79713439941, 13.5889453888, 58.9951248169, 22.0247974396], [-75.3280715942, 57.5860710144, -58.287109375, -21.7992248535, -9.65628814697, -8.47815895081, 2.91770291328, 5.93381643295, -6.02803134918, 3.3358476162, 42.0936126709, 22.0247974396, 100.565368652]],
        "icov": [[0.001094088424, -0.00016467635578, 0.00014523723803, -0.00121521041729, 0.000386110361433, -0.000892497249879, 0.000590164738242, -0.000994732603431, 0.00175139354542, -0.00147495325655, 0.00132768496405, -0.00128153164405, 0.000616830948275], [-0.00016467635578, 0.00314983353019, -0.000868509232532, 7.52041887608e-05, -0.00264071463607, 0.00219696504064, -0.00222238223068, 0.00267785484903, -0.0011608840432, 0.00333894137293, -0.00187087082304, 0.00409020343795, -0.00286901905201], [0.00014523723803, -0.000868509232532, 0.00383300473914, -0.00223649828695, -0.000876656908076, -0.0013562166132, 0.00242433906533, -0.00148241687566, 0.00173732067924, -0.00125481991563, 0.00117703259457, -0.00207164604217, 0.00226832833141], [-0.00121521041729, 7.52041887608e-05, -0.00223649828695, 0.00767873972654, -0.00126433069818, 0.000276476435829, -0.000340470403899, 0.00281046587043, -0.00490473583341, 0.00518563576043, -0.0014345854288, -0.0001774039265, -0.000665805360768], [0.000386110361433, -0.00264071463607, -0.000876656908076, -0.00126433069818, 0.0101415887475, -0.00327906245366, -0.00120385503396, -0.00283447909169, 0.000299960316624, -0.00236382242292, 0.00261126086116, -0.00223868060857, 0.00141239643563], [-0.000892497249879, 0.00219696504064, -0.0013562166132, 0.000276476435829, -0.00327906245366, 0.0121025862172, -0.00840757507831, 0.0033931909129, -0.000589494942687, 0.00169926905073, 0.00029857311165, 0.00326461018994, -0.00283516827039], [0.000590164738242, -0.00222238223068, 0.00242433906533, -0.000340470403899, -0.00120385503396, -0.00840757507831, 0.0175039023161, -0.00624649273232, -0.000155595960678, -0.0016747090267, -0.00249342713505, -0.000605157460086, 0.0033047485631], [-0.000994732603431, 0.00267785484903, -0.00148241687566, 0.00281046587043, -0.00283447909169, 0.0033931909129, -0.00624649273232, 0.0167246088386, -0.00432995287701, -0.00174339918885, -0.000500243681017, 0.0020363884978, -0.00375850545242], [0.00175139354542, -0.0011608840432, 0.00173732067924, -0.00490473583341, 0.000299960316624, -0.000589494942687, -0.000155595960678, -0.00432995287701, 0.0157201625407, -0.00563796702772, -0.00119891122449, -0.0013556976337, 0.00408753147349], [-0.00147495325655, 0.00333894137293, -0.00125481991563, 0.00518563576043, -0.00236382242292, 0.00169926905073, -0.0016747090267, -0.00174339918885, -0.00563796702772, 0.0251878816634, -0.00983322970569, 0.00386287504807, -0.000455805886304], [0.00132768496405, -0.00187087082304, 0.00117703259457, -0.0014345854288, 0.00261126086116, 0.00029857311165, -0.00249342713505, -0.000500243681017, -0.00119891122449, -0.00983322970569, 0.0235964152962, -0.00631744880229, -0.00542405294254], [-0.00128153164405, 0.00409020343795, -0.00207164604217, -0.0001774039265, -0.00223868060857, 0.00326461018994, -0.000605157460086, 0.0020363884978, -0.0013556976337, 0.00386287504807, -0.00631744880229, 0.027468316257, -0.00816451013088], [0.000616830948275, -0.00286901905201, 0.00226832833141, -0.000665805360768, 0.00141239643563, -0.00283516827039, 0.0033047485631, -0.00375850545242, 0.00408753147349, -0.000455805886304, -0.00542405294254, -0.00816451013088, 0.0175601392984]]
    },
    "melbands": {
        "dmean": [0.00468683149666, 0.00220952695236, 0.000659704848658, 0.000592642871197, 0.000332555937348, 0.000184598640772, 0.000179085080163, 0.000165016055689, 0.000144978737808, 6.76174458931e-05, 0.000103100428532, 0.000110195964226, 8.04583614809e-05, 8.92586976988e-05, 5.65238660784e-05, 3.96082104999e-05, 3.67385582649e-05, 4.46205049229e-05, 4.13807028963e-05, 2.78072911897e-05, 2.27558557526e-05, 2.02277806238e-05, 1.51052690853e-05, 1.24056377899e-05, 1.44935647768e-05, 1.34742131195e-05, 9.20351703826e-06, 8.56892802403e-06, 8.06997468317e-06, 7.12513883627e-06, 5.34542641617e-06, 4.77734920423e-06, 3.729939408e-06, 3.08035737362e-06, 2.68241274171e-06, 2.73202090284e-06, 2.54013730228e-06, 2.49836693911e-06, 2.07887524084e-06, 1.72679040134e-06],
        "dmean2": [0.00759316282347, 0.00368582224473, 0.00116225553211, 0.000984757323749, 0.000544200069271, 0.00029913985054, 0.000288968352834, 0.000271559460089, 0.000236085848883, 0.000106717270683, 0.000165140270838, 0.000169239647221, 0.000126170547446, 0.000140823758557, 8.74319375725e-05, 6.46622647764e-05, 5.93919940002e-05, 6.93460242474e-05, 6.31742950645e-05, 4.52982385468e-05, 3.80503915949e-05, 3.34198848577e-05, 2.41037851083e-05, 2.03859726753e-05, 2.41391426243e-05, 2.19281155296e-05, 1.52353059093e-05, 1.42334847624e-05, 1.34234396683e-05, 1.18634225146e-05, 8.6655099949e-06, 7.84022995504e-06, 6.32459159533e-06, 5.16640511705e-06, 4.36375285062e-06, 4.473851277e-06, 4.17370847572e-06, 3.87626914744e-06, 3.25368932863e-06, 2.66662232207e-06],
        "dvar": [2.46340496233e-05, 9.92533659883e-06, 9.41336111282e-07, 8.53464143802e-07, 4.26673324228e-07, 2.07204962521e-07, 1.62130504577e-07, 1.19713590152e-07, 8.23341252953e-08, 1.70741980554e-08, 7.64366987482e-08, 6.80227500993e-08, 3.86872684999e-08, 2.15577848905e-08, 1.00196499986e-08, 5.17781284515e-09, 3.20709925283e-09, 6.2530309819e-09, 5.01776087347e-09, 1.97624827614e-09, 1.3155352363e-09, 9.35641342181e-10, 5.85392290198e-10, 2.94718915939e-10, 5.59831292435e-10, 3.97888083592e-10, 1.38628192259e-10, 1.68665637013e-10, 1.4184131647e-10, 1.11130486757e-10, 5.78513452421e-11, 7.76881892151e-11, 3.64877156267e-11, 4.19161996779e-11, 3.87080749398e-11, 8.07695091365e-11, 6.50145146053e-11, 6.98350613448e-11, 4.56136829696e-11, 2.01817208778e-11],
        "dvar2": [7.11281390977e-05, 2.5365372494e-05, 2.54649535236e-06, 2.00493900593e-06, 9.08006882128e-07, 4.71796028023e-07, 3.77641583782e-07, 3.01544503145e-07, 2.09775450344e-07, 4.17623731153e-08, 1.82582638786e-07, 1.48835411551e-07, 9.0343100112e-08, 4.68272567389e-08, 2.12503099561e-08, 1.29359865042e-08, 7.59795337757e-09, 1.30068116277e-08, 1.14470113388e-08, 4.61622695624e-09, 3.32939587011e-09, 2.41028375036e-09, 1.39204059391e-09, 7.80485953644e-10, 1.31265565084e-09, 9.71755231838e-10, 3.33332195179e-10, 4.29188407036e-10, 3.64816260534e-10, 2.81654866097e-10, 1.3880521732e-10, 1.89677482054e-10, 1.00354051458e-10, 1.08640957341e-10, 9.80532668948e-11, 2.13067188892e-10, 1.56765350701e-10, 1.59226534735e-10, 1.0049970578e-10, 4.46843673174e-11],
        "max": [0.0332110784948, 0.0253068841994, 0.00796449836344, 0.0110466266051, 0.00945044867694, 0.00829288456589, 0.00755882728845, 0.0051295934245, 0.00433377921581, 0.00171195436269, 0.00558685045689, 0.00401937635615, 0.00413684500381, 0.00239545688964, 0.0014787602704, 0.00118837330956, 0.000975188508164, 0.00128610560205, 0.000903221662156, 0.000652534828987, 0.000416629045503, 0.000396546092816, 0.000348047586158, 0.000308515445795, 0.00042349396972, 0.000379479984986, 0.000152631677338, 0.000224591392907, 0.000155933681526, 0.000159888673807, 0.000117620140372, 0.000178518836037, 9.07829162315e-05, 0.000105476530734, 0.000137712719152, 0.000222925707931, 0.000162048076163, 0.000143155935802, 0.000119076576084, 8.31885117805e-05],
        "mean": [0.00750116864219, 0.00331372721121, 0.00092234153999, 0.001010300708, 0.000725635676645, 0.000333887175657, 0.000289302843157, 0.000252842524787, 0.000241317335167, 0.0001122658432, 0.000175232664333, 0.00021537001885, 0.000140043441206, 0.000150813386426, 0.000100986209873, 6.62393940729e-05, 5.98505430389e-05, 7.35399007681e-05, 7.45019715396e-05, 4.76793575217e-05, 3.87911786675e-05, 3.49149631802e-05, 2.7887053875e-05, 2.50586908805e-05, 2.79873202089e-05, 2.57630672422e-05, 2.0038916773e-05, 1.98477973754e-05, 1.76234771061e-05, 1.43735787788e-05, 1.12149800771e-05, 9.79306878435e-06, 7.23759148968e-06, 6.20066202828e-06, 5.41034523849e-06, 5.02079092257e-06, 4.48337004855e-06, 4.09146741731e-06, 3.64211587112e-06, 3.09430379275e-06],
        "median": [0.00555158499628, 0.00223867408931, 0.000611481140368, 0.000377756921807, 0.000194981868844, 0.00012904482719, 0.000119119467854, 0.000124786572997, 0.000119451411592, 5.83713554079e-05, 7.46708756196e-05, 6.52163798804e-05, 5.13327140652e-05, 7.92744467617e-05, 5.43033565918e-05, 3.75241470465e-05, 3.69042500097e-05, 3.9790498704e-05, 3.93663503928e-05, 2.84574398393e-05, 2.75706206594e-05, 2.48538090091e-05, 1.92763873201e-05, 1.8690869183e-05, 1.78564605449e-05, 1.7841506633e-05, 1.44126124724e-05, 1.24546631923e-05, 1.11427752927e-05, 1.0586541066e-05, 7.34271679903e-06, 6.45447926217e-06, 5.08796938448e-06, 3.85117073165e-06, 3.16386262966e-06, 2.66191500486e-06, 2.04012258109e-06, 1.79868243322e-06, 1.7694997041e-06, 1.72152419964e-06],
        "min": [1.00780459533e-08, 5.74438718814e-09, 1.18004868099e-08, 4.80268314007e-09, 2.28084773291e-09, 1.62691016214e-09, 1.01905683891e-09, 6.49068743197e-10, 2.57590859754e-09, 4.49582771012e-09, 2.09751105373e-09, 2.06193603858e-10, 8.40218866704e-11, 1.20329496367e-10, 6.47043182922e-11, 1.22491281007e-10, 4.69937644354e-10, 4.59513288531e-10, 1.71249001091e-10, 9.53847764662e-11, 5.53409040815e-10, 3.7803046804e-10, 9.05216526736e-11, 5.08689722289e-11, 2.13945701433e-11, 1.9046148339e-11, 1.20958304137e-11, 9.55906187539e-12, 1.59336172728e-11, 3.68236864612e-11, 1.04801488668e-11, 5.43011252283e-12, 4.58930246236e-12, 6.16545182963e-12, 5.33828146618e-12, 1.96520512537e-12, 2.2007489147e-12, 3.27759412493e-12, 1.51031617768e-12, 1.43717720016e-12],
        "stdev": [0.00628895265982, 0.00346723943949, 0.000984284561127, 0.00157375726849, 0.00131215504371, 0.000657407857943, 0.00054933183128, 0.000423522520578, 0.000360591599019, 0.000164564567967, 0.000347061693901, 0.000449394487077, 0.000298843311612, 0.000209574645851, 0.000141729673487, 9.38722951105e-05, 7.43247364881e-05, 0.000118948679301, 0.000115171809739, 6.02751351835e-05, 4.19068783231e-05, 3.64204461221e-05, 3.2405154343e-05, 2.27786076721e-05, 3.69773624698e-05, 2.71420758509e-05, 1.81966806849e-05, 2.42983460339e-05, 1.98953257495e-05, 1.38590821734e-05, 1.21592838696e-05, 1.29435056806e-05, 7.97123266238e-06, 7.94420611783e-06, 7.84976509749e-06, 9.29734778765e-06, 9.08311085368e-06, 9.71342433331e-06, 7.98503333499e-06, 5.5153732319e-06],
        "var": [3.95509268856e-05, 1.20217491713e-05, 9.68816152636e-07, 2.47671187026e-06, 1.72175077751e-06, 4.32185089494e-07, 3.01765453514e-07, 1.79371326681e-07, 1.30026293732e-07, 2.70814961567e-08, 1.20451815633e-07, 2.01955401735e-07, 8.93073277553e-08, 4.39215348536e-08, 2.00873007117e-08, 8.81200712399e-09, 5.5241664576e-09, 1.41487879191e-08, 1.32645450179e-08, 3.63309204943e-09, 1.75618641851e-09, 1.32644895068e-09, 1.05009412277e-09, 5.18865006516e-10, 1.36732525302e-09, 7.36692318259e-10, 3.3111921538e-10, 5.90409610091e-10, 3.958239847e-10, 1.92074148253e-10, 1.47848178145e-10, 1.67534333628e-10, 6.35405547622e-11, 6.31104127291e-11, 6.16188072788e-11, 8.64406810019e-11, 8.25029003448e-11, 9.43506037188e-11, 6.37607605602e-11, 3.0419344127e-11]
    },
    "melbands128": {
