{
"lowlevel": {
    "average_loudness": 0.0764800384641,
    "barkbands_crest": {
        "dmean": 2.21755385399,
        "dmean2": 3.53198266029,
        "dvar": 5.12030410767,
        "dvar2": 12.3046522141,
        "max": 25.9346351624,
        "mean": 10.4712963104,
        "median": 9.57587337494,
        "min": 3.57905960083,
        "stdev": 4.31288337708,
        "var": 18.6009635925
    },
    "barkbands_flatness_db": {
        "dmean": 0.0219193324447,
        "dmean2": 0.0316235646605,
        "dvar": 0.00058197096223,
        "dvar2": 0.00113535148557,
        "max": 0.44610106945,
        "mean": 0.189090907574,
        "median": 0.179907411337,
        "min": 0.0380301065743,
        "stdev": 0.0657747462392,
        "var": 0.00432631745934
    },
    "barkbands_kurtosis": {
        "dmean": 4.33512878418,
        "dmean2": 6.56469583511,
        "dvar": 64.5619125366,
        "dvar2": 132.478546143,
        "max": 167.41885376,
        "mean": 7.95648908615,
        "median": 5.05114459991,
        "min": -1.91879010201,
        "stdev": 11.1574106216,
        "var": 124.487808228
    },
    "barkbands_skewness": {
        "dmean": 0.59587675333,
        "dmean2": 0.853290140629,
        "dvar": 0.590464055538,
        "dvar2": 1.08373439312,
        "max": 8.44968414307,
        "mean": 1.65103638172,
        "median": 1.68535244465,
        "min": -5.82061481476,
        "stdev": 1.48205757141,
        "var": 2.19649481773
    },
    "barkbands_spread": {
        "dmean": 5.86166620255,
        "dmean2": 8.71533203125,
        "dvar": 136.245483398,
        "dvar2": 312.987335205,
        "max": 94.2293701172,
        "mean": 15.6509952545,
        "median": 9.63677978516,
        "min": 0.747811317444,
        "stdev": 17.4528884888,
        "var": 304.60333252
    },
    "dissonance": {
        "dmean": 0.0281993728131,
        "dmean2": 0.0455604083836,
        "dvar": 0.000868792878464,
        "dvar2": 0.0021466857288,
        "max": 0.499981790781,
        "mean": 0.440255075693,
        "median": 0.448980808258,
        "min": 0.0869553983212,
        "stdev": 0.0428412221372,
        "var": 0.00183537020348
    },
    "dynamic_complexity": 5.18690156937,
    "erbbands_crest": {
        "dmean": 2.91770243645,
        "dmean2": 4.5861530304,
        "dvar": 9.0476770401,
        "dvar2": 21.9930229187,
        "max": 31.221370697,
        "mean": 11.4661560059,
        "median": 9.9957742691,
        "min": 2.78874993324,
        "stdev": 5.32190465927,
        "var": 28.3226680756
    },
    "erbbands_flatness_db": {
        "dmean": 0.0193864647299,
        "dmean2": 0.0281296893954,
        "dvar": 0.000503430666868,
        "dvar2": 0.0010477892356,
        "max": 0.411335259676,
        "mean": 0.192921414971,
        "median": 0.183902725577,
        "min": 0.0553214102983,
        "stdev": 0.0575886517763,
        "var": 0.00331645295955
    },
    "erbbands_kurtosis": {
        "dmean": 2.80752301216,
        "dmean2": 4.21894407272,
        "dvar": 28.8727626801,
        "dvar2": 64.6632080078,
        "max": 93.4751281738,
        "mean": 3.99649596214,
        "median": 1.98911714554,
        "min": -1.7425634861,
        "stdev": 7.43185281754,
        "var": 55.2324371338
    },
    "erbbands_skewness": {
        "dmean": 0.568486094475,
        "dmean2": 0.770222187042,
        "dvar": 0.537582337856,
        "dvar2": 0.879417598248,
        "max": 8.23230743408,
        "mean": 0.912686228752,
        "median": 0.989515483379,
        "min": -5.8798956871,
        "stdev": 1.44000923634,
        "var": 2.07362651825
    },
    "erbbands_spread": {
        "dmean": 9.04542255402,
        "dmean2": 14.0409374237,
        "dvar": 208.413696289,
        "dvar2": 503.06640625,
        "max": 132.140914917,
        "mean": 28.9164466858,
        "median": 22.6668128967,
        "min": 2.60035395622,
        "stdev": 20.9596271515,
        "var": 439.305969238
    },
    "hfc": {
        "dmean": 12.318069458,
        "dmean2": 16.0234184265,
        "dvar": 1914.85327148,
        "dvar2": 3451.23706055,
        "max": 682.255310059,
        "mean": 23.7104549408,
        "median": 3.97358107567,
        "min": 1.31857738013e-16,
        "stdev": 64.2447357178,
        "var": 4127.38574219
    },
    "loudness_ebu128": {
        "integrated": -21.2262191772,
        "loudness_range": 6.97395515442,
        "momentary": {
            "dmean": 0.955887794495,
            "dmean2": 0.915959119797,
            "dvar": 0.824234962463,
            "dvar2": 1.04771065712,
            "max": -12.2190933228,
            "mean": -23.4856185913,
            "median": -23.7736034393,
            "min": -33.1400299072,
            "stdev": 4.26972723007,
            "var": 18.2305698395
        },
        "short_term": {
            "dmean": 0.183344498277,
            "dmean2": 0.160070940852,
            "dvar": 0.0480121262372,
            "dvar2": 0.0350409969687,
            "max": -17.7933673859,
            "mean": -22.2865276337,
            "median": -21.8967647552,
            "min": -27.1631069183,
            "stdev": 2.39154052734,
            "var": 5.71946573257
        }
    },
    "melbands_crest": {
        "dmean": 2.45907092094,
        "dmean2": 3.89575099945,
        "dvar": 6.32016372681,
        "dvar2": 14.4431381226,
        "max": 35.4803657532,
        "mean": 12.9698991776,
        "median": 11.6238508224,
        "min": 2.54523205757,
        "stdev": 5.20777702332,
        "var": 27.1209430695
    },
    "melbands_flatness_db": {
        "dmean": 0.0244323424995,
        "dmean2": 0.0348325073719,
        "dvar": 0.000832608900964,
        "dvar2": 0.00154314050451,
        "max": 0.564350187778,
        "mean": 0.255696296692,
        "median": 0.247500285506,
        "min": 0.00568062299863,
        "stdev": 0.0825851112604,
        "var": 0.00682030105963
    },
    "melbands_kurtosis": {
        "dmean": 6.0175743103,
        "dmean2": 9.47285556793,
        "dvar": 122.596542358,
        "dvar2": 299.066101074,
        "max": 166.308273315,
        "mean": 12.3296947479,
        "median": 8.67004871368,
        "min": -1.943603158,
        "stdev": 14.3274927139,
        "var": 205.277038574
    },
    "melbands_skewness": {
        "dmean": 0.62098544836,
        "dmean2": 0.950834810734,
        "dvar": 0.623160839081,
        "dvar2": 1.44576084614,
        "max": 10.3545837402,
        "mean": 2.15142583847,
        "median": 1.99040198326,
        "min": -1.84163796902,
        "stdev": 1.33085882664,
        "var": 1.77118527889
    },
    "melbands_spread": {
        "dmean": 8.9902009964,
        "dmean2": 12.436258316,
        "dvar": 635.660461426,
        "dvar2": 947.912597656,
        "max": 306.710968018,
        "mean": 24.0418682098,
        "median": 10.0866203308,
        "min": 0.958901286125,
        "stdev": 46.5160217285,
        "var": 2163.74023438
    },
    "pitch_salience": {
        "dmean": 0.0586758777499,
        "dmean2": 0.0894227847457,
        "dvar": 0.00327572296374,
        "dvar2": 0.00716720614582,
        "max": 0.941220164299,
        "mean": 0.599910020828,
        "median": 0.61027431488,
        "min": 0.108969904482,
        "stdev": 0.119836010039,
        "var": 0.0143606700003
    },
    "silence_rate_20dB": {
        "dmean": 0.00464396271855,
        "dmean2": 0.00929511990398,
        "dvar": 0.00462228944525,
        "dvar2": 0.00920909736305,
        "max": 1,
        "mean": 0.993812859058,
        "median": 1,
        "min": 0,
        "stdev": 0.0784139707685,
        "var": 0.00614875042811
    },
    "silence_rate_30dB": {
        "dmean": 0.00773993786424,
        "dmean2": 0.0154918665066,
        "dvar": 0.00768020190299,
        "dvar2": 0.0168013740331,
        "max": 1,
        "mean": 0.979891717434,
        "median": 1,
        "min": 0,
        "stdev": 0.140370756388,
        "var": 0.0197039488703
    },
    "silence_rate_60dB": {
        "dmean": 0.0448916405439,
        "dmean2": 0.0898528248072,
        "dvar": 0.042876124382,
        "dvar2": 0.0957210958004,
        "max": 1,
        "mean": 0.193348795176,
        "median": 0,
        "min": 0,
        "stdev": 0.394923955202,
        "var": 0.155964925885
    },
    "spectral_centroid": {
        "dmean": 259.320404053,
        "dmean2": 346.800262451,
        "dvar": 316460.25,
        "dvar2": 388557.96875,
        "max": 11162.0009766,
        "mean": 1024.84753418,
        "median": 699.950073242,
        "min": 261.119567871,
        "stdev": 1129.46679688,
        "var": 1275695.375
    },
    "spectral_complexity": {
        "dmean": 1.83591330051,
        "dmean2": 2.93338489532,
        "dvar": 7.95146894455,
        "dvar2": 16.2496776581,
        "max": 58,
        "mean": 9.37277603149,
        "median": 8,
        "min": 0,
        "stdev": 5.26427030563,
        "var": 27.7125415802
    },
    "spectral_decrease": {
        "dmean": 1.86421145187e-09,
        "dmean2": 2.56601628834e-09,
        "dvar": 1.58057565568e-16,
        "dvar2": 3.56484747871e-16,
        "max": 1.53554394466e-28,
        "mean": -4.56229187762e-09,
        "median": -1.73610803511e-09,
        "min": -2.58032713418e-07,
        "stdev": 1.52728567571e-08,
        "var": 2.3326016818e-16
    },
    "spectral_energy": {
        "dmean": 0.00797329377383,
        "dmean2": 0.0109594706446,
        "dvar": 0.00240881647915,
        "dvar2": 0.00545521453023,
        "max": 1.01583361626,
        "mean": 0.0193697586656,
        "median": 0.00726692052558,
        "min": 1.1380333096e-20,
        "stdev": 0.0598507933319,
        "var": 0.0035821176134
    },
    "spectral_energyband_high": {
        "dmean": 0.00117340486031,
        "dmean2": 0.00149609718937,
        "dvar": 2.20619294851e-05,
        "dvar2": 3.86270585295e-05,
        "max": 0.0714850872755,
        "mean": 0.00173146114685,
        "median": 6.27037661616e-05,
        "min": 8.39644867291e-21,
        "stdev": 0.00685202935711,
        "var": 4.69503065688e-05
    },
    "spectral_energyband_low": {
        "dmean": 0.00312320119701,
        "dmean2": 0.00454144785181,
        "dvar": 0.00115274032578,
        "dvar2": 0.00255997176282,
        "max": 0.84855812788,
        "mean": 0.00499402638525,
        "median": 0.000858840707224,
        "min": 8.08743039932e-23,
        "stdev": 0.0389513745904,
        "var": 0.00151720957365
    },
    "spectral_energyband_middle_high": {
        "dmean": 0.000884387409315,
        "dmean2": 0.00126373639796,
        "dvar": 8.65326546773e-06,
        "dvar2": 2.10507914744e-05,
        "max": 0.082099981606,
        "mean": 0.00232097972184,
        "median": 0.000389459077269,
        "min": 1.33598271929e-21,
        "stdev": 0.0052218483761,
        "var": 2.7267698897e-05
    },
    "spectral_energyband_middle_low": {
        "dmean": 0.00426932657138,
        "dmean2": 0.00576175097376,
        "dvar": 0.000566794886254,
        "dvar2": 0.00124450773001,
        "max": 0.558227479458,
        "mean": 0.0114122219384,
        "median": 0.00450130039826,
        "min": 3.50976207419e-22,
        "stdev": 0.031044665724,
        "var": 0.000963771250099
    },
    "spectral_entropy": {
        "dmean": 0.211863473058,
        "dmean2": 0.298024207354,
        "dvar": 0.067146487534,
        "dvar2": 0.108349896967,
        "max": 9.80218601227,
        "mean": 7.0877532959,
        "median": 7.09188652039,
        "min": 5.30179023743,
        "stdev": 0.699135780334,
        "var": 0.488790869713
    },
    "spectral_flux": {
        "dmean": 0.0178131591529,
        "dmean2": 0.028100239113,
        "dvar": 0.00209354190156,
        "dvar2": 0.00515056727454,
        "max": 0.930129230022,
        "mean": 0.0507122725248,
        "median": 0.0355081669986,
        "min": 1.06678645084e-10,
        "stdev": 0.0598043091595,
        "var": 0.00357655528933
    },
    "spectral_kurtosis": {
        "dmean": 4.66489171982,
        "dmean2": 7.52051925659,
        "dvar": 154.659057617,
        "dvar2": 423.107513428,
        "max": 253.375579834,
        "mean": 12.3719301224,
        "median": 5.84596920013,
        "min": -1.3179962635,
        "stdev": 24.020904541,
        "var": 577.003845215
    },
    "spectral_rms": {
        "dmean": 0.000555004982743,
        "dmean2": 0.000757049419917,
        "dvar": 1.96419387066e-06,
        "dvar2": 3.88585385735e-06,
        "max": 0.0314810611308,
        "mean": 0.00338756339625,
        "median": 0.0026626449544,
        "min": 3.33208092194e-12,
        "stdev": 0.00272428663447,
        "var": 7.42173824619e-06
    },
    "spectral_rolloff": {
        "dmean": 504.229980469,
        "dmean2": 830.87298584,
        "dvar": 2199993.75,
        "dvar2": 3972375.5,
        "max": 19164.5507812,
        "mean": 1551.59387207,
        "median": 689.0625,
        "min": 64.599609375,
        "stdev": 2598.8894043,
        "var": 6754226.5
    },
    "spectral_skewness": {
        "dmean": 0.432213366032,
        "dmean2": 0.641665220261,
        "dvar": 0.393077760935,
        "dvar2": 0.944896459579,
        "max": 12.3042888641,
        "mean": 2.3814303875,
        "median": 2.0664870739,
        "min": -0.616964876652,
        "stdev": 1.61410784721,
        "var": 2.60534405708
    },
    "spectral_spread": {
        "dmean": 728222.0625,
        "dmean2": 1029630.9375,
        "dvar": 1.50925095731e+12,
        "dvar2": 1.99395128115e+12,
        "max": 40830376,
        "mean": 5038657.5,
        "median": 4524647,
        "min": 366573.96875,
        "stdev": 2891785.25,
        "var": 8.36242191155e+12
    },
    "spectral_strongpeak": {
        "dmean": 0.631937146187,
        "dmean2": 0.922679543495,
        "dvar": 3.6874871254,
        "dvar2": 7.29110622406,
        "max": 36.5577316284,
        "mean": 1.23652279377,
        "median": 0.401885837317,
        "min": 0,
        "stdev": 2.48139119148,
        "var": 6.15730190277
    },
    "zerocrossingrate": {
        "dmean": 0.0149394413456,
        "dmean2": 0.0150406509638,
        "dvar": 0.000993527821265,
        "dvar2": 0.000808538927231,
        "max": 0.5009765625,
        "mean": 0.0612775981426,
        "median": 0.037109375,
        "min": 0.01025390625,
        "stdev": 0.07537086308,
        "var": 0.00568076735362
    },
    "barkbands": {
        "dmean": [0.000275155733107, 0.00210620858707, 0.000338080455549, 0.00103694456629, 0.000912215502467, 0.00112953037024, 0.00041082673124, 0.000491960614454, 0.00136029557325, 0.000338914513122, 0.000241644200287, 0.000107803854917, 8.78698556335e-05, 0.000145603247802, 8.30092612887e-05, 0.000133518391522, 6.82514510117e-05, 8.10891433503e-05, 5.92618816881e-05, 4.84908632643e-05, 4.27466256951e-05, 0.000252035504673, 0.000238183129113, 0.000399884942453, 0.000375108036678, 6.26879846095e-05, 8.4565990619e-06],
        "dmean2": [0.000352511182427, 0.00311170890927, 0.00055582774803, 0.00144892418757, 0.00133210024796, 0.00169975194149, 0.000673838076182, 0.000766007055063, 0.00171857187524, 0.000511731894221, 0.000293463555863, 0.000158089678735, 0.000152894455823, 0.000235165352933, 0.000122726109112, 0.000207298609894, 0.000105820981844, 0.000133355642902, 9.67352825683e-05, 8.09091870906e-05, 6.9102497946e-05, 0.000423545949161, 0.00035625367309, 0.000630839145742, 0.000472854269901, 8.20413770271e-05, 1.34338451971e-05],
        "dvar": [1.38603563755e-05, 0.000708340900019, 6.88745967636e-06, 0.00011499280663, 2.91282158287e-05, 2.31578596868e-05, 4.39220730186e-06, 4.30505406257e-06, 4.30903528468e-05, 1.77544814051e-06, 3.56839677806e-07, 3.71300615143e-07, 5.91628918301e-07, 1.17864328786e-06, 3.04626581737e-07, 7.24451695078e-07, 4.05084357169e-08, 7.61251044423e-08, 1.68257798805e-07, 1.23135521335e-07, 4.64130955891e-08, 3.59414889317e-06, 1.05126900962e-06, 3.88734906664e-06, 2.5324516173e-06, 7.94058223619e-08, 2.73387845695e-09],
        "dvar2": [2.21171503654e-05, 0.0017076585209, 1.77894653461e-05, 0.000194353473489, 6.20258215349e-05, 5.51862722205e-05, 1.06367206172e-05, 1.14782533274e-05, 7.17758302926e-05, 4.92472281621e-06, 5.17986109116e-07, 7.82288623213e-07, 1.71984402186e-06, 3.25856717609e-06, 7.31079069283e-07, 1.60216575296e-06, 9.6914675396e-08, 2.08196567542e-07, 4.60048227069e-07, 3.48871338929e-07, 1.18625884227e-07, 9.84961570794e-06, 2.32245611187e-06, 8.80785773916e-06, 3.71550095224e-06, 1.71012189298e-07, 7.34483407427e-09],
        "max": [0.133316412568, 0.713949680328, 0.0649158060551, 0.263141840696, 0.138781189919, 0.0859804451466, 0.0346526876092, 0.0397990271449, 0.163181915879, 0.0251366384327, 0.0148987295106, 0.0186549238861, 0.0191833283752, 0.025905797258, 0.0152126085013, 0.0192882772535, 0.00339423608966, 0.00498532317579, 0.0100285662338, 0.00791308842599, 0.00368083268404, 0.0290134828538, 0.0150772882625, 0.0365521423519, 0.0269438661635, 0.00499028386548, 0.000973229645751],
        "mean": [0.000328940077452, 0.00309571321122, 0.000592707074247, 0.00167939264793, 0.00185003725346, 0.00257782638073, 0.000806817435659, 0.000806539901532, 0.00347361713648, 0.00066030677408, 0.000626265013125, 0.000197513974854, 9.27317159949e-05, 0.000163962831721, 0.00012524027261, 0.000207760429475, 9.68771055341e-05, 0.000140530217323, 8.32017249195e-05, 6.01820865995e-05, 4.96677421324e-05, 0.000216367421672, 0.000300002517179, 0.000503451796249, 0.000540190085303, 8.48289491842e-05, 9.08675701794e-06],
        "median": [1.67396393635e-07, 0.000388701213524, 0.000221479698666, 0.000237474887399, 0.000973602058366, 0.000879746745341, 0.00026497466024, 0.000100845660199, 0.000157312417286, 0.000113619833428, 6.18449121248e-05, 2.43467075052e-05, 9.4040087788e-06, 1.08565473056e-05, 9.15198779694e-06, 8.48503714224e-06, 9.61709793046e-06, 1.53392502398e-05, 1.01628966149e-05, 1.32781860884e-05, 4.60943101643e-06, 2.18001991925e-06, 5.2691862038e-06, 9.10497055884e-06, 9.93805224425e-06, 2.24525319936e-06, 3.26726905087e-07],
        "min": [4.79495974593e-23, 2.70833934791e-23, 3.29722843128e-23, 4.53900743546e-24, 3.91043904299e-23, 4.25761357193e-23, 1.22373657199e-22, 2.50945347198e-23, 6.40399239233e-23, 7.66411438471e-23, 1.06144781516e-22, 4.33659653457e-23, 2.66514574236e-23, 8.75917764564e-23, 7.94718481432e-23, 1.97441825023e-22, 1.48327736339e-22, 2.04911744572e-22, 2.70694754484e-22, 2.60044248739e-22, 5.34797963948e-22, 5.42546471304e-22, 5.03826300311e-22, 1.0387708283e-21, 1.18400201422e-21, 1.70646794914e-21, 3.11252797205e-21],
        "stdev": [0.00479886773974, 0.0276167225093, 0.00269100442529, 0.0149945672601, 0.00675698416308, 0.0065187998116, 0.00277948449366, 0.00233218632638, 0.0139093557373, 0.00156641961075, 0.00181760464329, 0.000909943773877, 0.00060207414208, 0.00111328926869, 0.000647474196739, 0.001100695692, 0.000257153471466, 0.000422504701419, 0.000376612646505, 0.000285283022095, 0.000202338764211, 0.00160062476061, 0.00129768589977, 0.00236749649048, 0.00233316025697, 0.000351899740053, 5.06770229549e-05],
        "var": [2.30291316257e-05, 0.000762683397625, 7.24150459064e-06, 0.000224837043788, 4.56568341178e-05, 4.24947502324e-05, 7.7255335782e-06, 5.43909254702e-06, 0.000193470172235, 2.45367050411e-06, 3.3036867535e-06, 8.27997723718e-07, 3.62493267403e-07, 1.23941310903e-06, 4.19222828896e-07, 1.21153107102e-06, 6.61279102587e-08, 1.7851023415e-07, 1.41837091405e-07, 8.13864033944e-08, 4.09409750546e-08, 2.56199950854e-06, 1.68398855749e-06, 5.6050398598e-06, 5.4436368373e-06, 1.23833430621e-07, 2.56816079514e-09]
    },
    "erbbands": {
        "dmean": [0.0993058979511, 0.33329346776, 0.387639671564, 2.24482131004, 2.8011136055, 3.26864504814, 6.21804571152, 11.0819978714, 6.00028514862, 6.9724407196, 12.8849306107, 36.231716156, 16.4781455994, 8.88800525665, 8.38025760651, 4.17433929443, 3.55836844444, 7.46985578537, 5.54628372192, 5.19259119034, 4.79514503479, 3.93301200867, 4.79273605347, 2.81801557541, 3.13545107841, 2.18316507339, 1.65990865231, 1.83711588383, 5.75184869766, 8.45639705658, 7.34653759003, 6.88620424271, 8.55549144745, 4.90789937973, 2.36825060844, 0.443633407354, 0.0893819853663, 0.0237958002836, 0.000823452370241, 3.11354087899e-05],
        "dmean2": [0.13999029994, 0.517866909504, 0.637011408806, 3.07815241814, 4.26655292511, 4.72864437103, 9.09482574463, 16.8387107849, 10.0247068405, 10.8179292679, 19.5917835236, 45.233417511, 22.9348125458, 11.8911314011, 10.6843690872, 5.96725273132, 6.00503015518, 12.3798322678, 8.19982719421, 7.84178781509, 7.69679069519, 6.21993350983, 7.76646232605, 4.50489664078, 5.28437995911, 3.62312364578, 2.77513313293, 2.95391368866, 9.21843719482, 14.3974599838, 10.9739112854, 9.54899311066, 14.4169158936, 6.3192486763, 3.07407569885, 0.573681056499, 0.123799070716, 0.0372783280909, 0.00125778920483, 4.49863618996e-05],
        "dvar": [1.98896610737, 13.8025846481, 12.4921064377, 450.162536621, 790.278198242, 306.616668701, 271.907836914, 3083.79296875, 1138.76623535, 980.852661133, 3057.8046875, 30694.5410156, 4677.61865234, 833.415344238, 612.872497559, 858.952514648, 1016.22003174, 3470.43920898, 1135.0222168, 913.773986816, 634.93145752, 130.083969116, 279.386810303, 150.846878052, 849.417297363, 215.355819702, 67.5122375488, 84.7769088745, 1212.56835938, 3835.19848633, 1029.07116699, 1075.91540527, 2297.59912109, 432.945617676, 122.191421509, 4.0496134758, 0.192443057895, 0.0201559253037, 2.51821784332e-05, 2.51961402853e-08],
        "dvar2": [4.61847829819, 35.3220939636, 33.3753662109, 708.604431152, 2029.87719727, 496.052185059, 469.644958496, 7239.98046875, 2672.87597656, 2790.54833984, 8140.04736328, 48711.8515625, 10090.3876953, 1934.26660156, 1062.42321777, 1768.65612793, 2899.49072266, 9010.12988281, 2661.40673828, 2025.98144531, 1563.53063965, 333.618713379, 729.300476074, 397.278167725, 2372.59155273, 611.135131836, 176.730392456, 210.986953735, 3018.81005859, 10579.5058594, 2267.88427734, 2196.70166016, 5749.12060547, 650.100036621, 204.980392456, 7.63816261292, 0.434785842896, 0.0530179552734, 6.70346707921e-05, 6.17377793333e-08],
        "max": [40.8845405579, 78.6448135376, 80.6400222778, 552.909606934, 646.465942383, 460.493591309, 364.795806885, 1055.69873047, 573.007019043, 606.41796875, 1033.55969238, 4505.05664062, 1213.70812988, 547.799926758, 724.636962891, 923.342041016, 872.84765625, 1339.04174805, 907.012390137, 676.686401367, 434.80670166, 203.170196533, 304.698486328, 231.071762085, 722.097167969, 326.323364258, 153.788314819, 135.483810425, 494.412689209, 1000.39483643, 439.026092529, 523.052124023, 991.201599121, 372.41317749, 228.526077271, 41.9879493713, 7.32485055923, 2.66836643219, 0.102208457887, 0.00335827772506],
        "mean": [0.135864168406, 0.503042697906, 0.708901166916, 3.7294049263, 4.41183185577, 6.62591028214, 13.6509084702, 24.9415130615, 12.5332775116, 13.5565214157, 21.2460384369, 94.49168396, 36.5297737122, 19.1964836121, 22.723859787, 8.35477733612, 4.54133033752, 8.82966136932, 9.01944732666, 7.8406791687, 7.75576210022, 6.05527448654, 8.50707054138, 4.73095703125, 3.79721522331, 2.80511403084, 2.23076367378, 2.05114603043, 5.44841718674, 7.47251796722, 9.60358428955, 8.56663990021, 10.0429601669, 7.42699575424, 3.15868639946, 0.607624530792, 0.120895087719, 0.0282706189901, 0.000970625202172, 5.4711370467e-05],
        "median": [0.00395331066102, 0.107499845326, 0.251901775599, 0.643137693405, 1.80888307095, 3.07195973396, 6.22423458099, 6.9822101593, 4.54955434799, 4.31216049194, 3.34873700142, 4.22105550766, 4.75969171524, 2.6565861702, 2.26953959465, 1.09202361107, 0.551212668419, 0.559164464474, 0.559921622276, 0.50235658884, 0.528092861176, 0.612155497074, 0.868468999863, 0.700376272202, 0.505615770817, 0.662021696568, 0.385463416576, 0.103382602334, 0.0752871856093, 0.0957451313734, 0.156729772687, 0.154357179999, 0.184270948172, 0.147674068809, 0.0400614961982, 0.00804423261434, 0.00385744264349, 0.00119839375839, 3.90499371861e-05, 1.04888604255e-05],
        "min": [1.17464322088e-21, 5.49678117199e-21, 3.70837993305e-20, 1.90250555379e-20, 3.7150355058e-20, 1.76842154751e-19, 2.59515535329e-19, 4.56238342792e-19, 1.61543152054e-18, 1.19868820856e-18, 8.18012194342e-19, 1.20102830252e-18, 3.20274696526e-18, 1.36775606755e-18, 4.52299877402e-18, 1.96921987385e-18, 1.47213809245e-18, 3.61486034056e-18, 4.31440078074e-18, 4.834749912e-18, 1.16637106853e-17, 9.65677861337e-18, 8.67147829082e-18, 1.43970156958e-17, 1.35637586144e-17, 1.33989370871e-17, 1.72056710697e-17, 2.23200626227e-17, 1.87695354271e-17, 1.85149275802e-17, 1.73739642741e-17, 2.07508464068e-17, 1.61728004173e-17, 1.45063094157e-17, 8.11958752203e-18, 5.42230457291e-18, 3.13495041508e-18, 1.8229768231e-18, 4.09557102857e-19, 4.06960453667e-20],
        "stdev": [1.47357189655, 3.73180174828, 3.39018297195, 30.7124099731, 28.2396945953, 25.5275745392, 26.2221298218, 77.056388855, 47.3126373291, 30.9548206329, 56.4071884155, 388.686340332, 113.906921387, 49.8331069946, 77.5456008911, 42.9539756775, 26.7258338928, 63.2519645691, 41.3510971069, 37.835609436, 31.4338588715, 15.2487707138, 26.2976112366, 14.9963312149, 23.860118866, 12.0661048889, 7.61776351929, 9.03959941864, 33.0784950256, 52.2457923889, 41.70545578, 42.1634712219, 50.3422355652, 31.3473892212, 14.7385368347, 2.70621562004, 0.51153087616, 0.13661646843, 0.00496163545176, 0.000178543836228],
        "var": [2.17141413689, 13.9263448715, 11.4933404922, 943.25213623, 797.48034668, 651.657104492, 687.600097656, 5937.68701172, 2238.4855957, 958.200866699, 3181.77099609, 151077.078125, 12974.7861328, 2483.33837891, 6013.32080078, 1845.04394531, 714.270202637, 4000.81079102, 1709.91333008, 1431.53344727, 988.087463379, 232.525009155, 691.56439209, 224.889953613, 569.305297852, 145.590881348, 58.0303192139, 81.7143554688, 1094.18676758, 2729.62280273, 1739.34509277, 1777.75830078, 2534.34082031, 982.658752441, 217.224472046, 7.32360315323, 0.26166382432, 0.0186640582979, 2.46178278758e-05, 3.1877902984e-08]
    },
    "gfcc": {
        "mean": [-78.1617355347, 105.822853088, -84.4745941162, 8.91963005066, -71.0734939575, 2.23670530319, -44.5182762146, 15.7120447159, -29.5012569427, -5.45797252655, -13.7041912079, -1.02762520313, -4.51924800873],
        "cov": [[8823.68261719, -3930.01245117, -193.382949829, 368.606384277, -523.789916992, 507.755218506, -492.383178711, 824.094360352, -312.219665527, 215.027832031, -226.570068359, 214.186019897, -37.8385238647], [-3930.01245117, 3663.09790039, -337.167663574, -614.148925781, 615.713012695, -405.869232178, 457.575469971, -488.353027344, 183.294677734, -193.517364502, 264.107910156, -251.162277222, 55.9717025757], [-193.382949829, -337.167663574, 945.893554688, 176.524078369, -243.483428955, 124.05696106, -51.8176345825, -41.058555603, 49.4044494629, 14.1038818359, -74.3092269897, 66.8055267334, -35.7690849304], [368.606384277, -614.148925781, 176.524078369, 661.565429688, -149.688583374, 38.1646232605, -46.6012840271, -17.7692394257, 34.1032447815, 49.971496582, -103.067520142, 79.1049194336, -9.55041503906], [-523.789916992, 615.713012695, -243.483428955, -149.688583374, 335.66506958, -97.7085647583, 76.7721786499, -19.8300914764, 28.9612483978, -17.0737075806, 54.9807243347, -26.0124473572, 18.2357540131], [507.755218506, -405.869232178, 124.05696106, 38.1646232605, -97.7085647583, 329.184906006, 37.6894721985, -29.1030502319, -17.5275936127, 48.6615753174, -22.8898334503, 27.7716407776, -61.8318634033], [-492.383178711, 457.575469971, -51.8176345825, -46.6012840271, 76.7721786499, 37.6894721985, 252.620193481, -83.2164001465, 9.58886623383, -4.05274534225, 48.3218765259, -25.5472373962, -27.3622112274], [824.094360352, -488.353027344, -41.058555603, -17.7692394257, -19.8300914764, -29.1030502319, -83.2164001465, 263.947601318, -29.7214412689, 0.921954452991, -23.4512042999, 8.66814804077, 46.8724899292], [-312.219665527, 183.294677734, 49.4044494629, 34.1032447815, 28.9612483978, -17.5275936127, 9.58886623383, -29.7214412689, 143.142745972, -2.41616010666, -39.0182342529, -4.65925216675, 32.7697257996], [215.027832031, -193.517364502, 14.1038818359, 49.971496582, -17.0737075806, 48.6615753174, -4.05274534225, 0.921954452991, -2.41616010666, 106.201675415, -15.0321540833, 3.29854655266, -14.231713295], [-226.570068359, 264.107910156, -74.3092269897, -103.067520142, 54.9807243347, -22.8898334503, 48.3218765259, -23.4512042999, -39.0182342529, -15.0321540833, 127.366943359, -5.90083122253, -27.3963718414], [214.186019897, -251.162277222, 66.8055267334, 79.1049194336, -26.0124473572, 27.7716407776, -25.5472373962, 8.66814804077, -4.65925216675, 3.29854655266, -5.90083122253, 123.415733337, -2.79067921638], [-37.8385238647, 55.9717025757, -35.7690849304, -9.55041503906, 18.2357540131, -61.8318634033, -27.3622112274, 46.8724899292, 32.7697257996, -14.231713295, -27.3963718414, -2.79067921638, 113.651626587]],
        "icov": [[0.000274769205134, 0.000147257160279, 0.000161834366736, 7.75555292876e-07, 8.48395138746e-05, -0.000272081495496, 0.000111658329843, -0.000533278682269, 0.00018606040976, -0.000124185535242, 0.000113580448669, -0.000107322543045, 0.000110682703962], [0.000147257160279, 0.00168461119756, -0.000211647406104, 0.000627813977189, -0.00140147143975, 0.0010940968059, -0.00131884624716, 0.00213707447983, -0.00104847596958, 0.0012875192333, -0.00145826279186, 0.00175350450445, -0.00101818598341], [0.000161834366736, -0.000211647406104, 0.0015999043826, -0.000128623418277, 0.00127291632816, -0.000556746672373, 0.000380486133508, -0.000583041110076, -0.000393841241021, -0.000185460390639, 0.000617226352915, -0.00094664999051, 0.000691634835675], [7.75555292876e-07, 0.000627813977189, -0.000128623418277, 0.0023454441689, 0.000168328726431, 0.000884920940734, -0.000704674632289, 0.00118938740343, -0.000750166247599, -0.000243528964347, 0.000814291008282, -0.000533093349077, 1.09306729428e-05], [8.48395138746e-05, -0.00140147143975, 0.00127291632816, 0.000168328726431, 0.00609272858128, -0.000122179000755, 0.000187029872905, -0.00224792049266, -0.000403764046496, -0.0016226664884, 0.000611227122135, -0.00220653344877, 0.00106765143573], [-0.000272081495496, 0.0010940968059, -0.000556746672373, 0.000884920940734, -0.000122179000755, 0.00547428522259, -0.00223203119822, 0.00244720373303, -0.000892285141163, -0.000363613013178, -0.000121979850519, 0.000532351376023, 0.000916359887924], [0.000111658329843, -0.00131884624716, 0.000380486133508, -0.000704674632289, 0.000187029872905, -0.00223203119822, 0.00650422926992, -0.00109207152855, 0.000626722816378, -0.000887149653863, -0.000258864107309, -0.000606270798016, 0.00115011679009], [-0.000533278682269, 0.00213707447983, -0.000583041110076, 0.00118938740343, -0.00224792049266, 0.00244720373303, -0.00109207152855, 0.00947286654264, -0.00072037713835, 0.00202785409056, -0.00184510007966, 0.00265853456222, -0.00370908947662], [0.00018606040976, -0.00104847596958, -0.000393841241021, -0.000750166247599, -0.000403764046496, -0.000892285141163, 0.000626722816378, -0.00072037713835, 0.0102516608313, -0.000921704398934, 0.00392997870222, -0.000906120345462, -0.00172759429552], [-0.000124185535242, 0.0012875192333, -0.000185460390639, -0.000243528964347, -0.0016226664884, -0.000363613013178, -0.000887149653863, 0.00202785409056, -0.000921704398934, 0.01181229949, -0.000663361919578, 0.00212138122879, -0.000104537131847], [0.000113580448669, -0.00145826279186, 0.000617226352915, 0.000814291008282, 0.000611227122135, -0.000121979850519, -0.000258864107309, -0.00184510007966, 0.00392997870222, -0.000663361919578, 0.0133069409057, -0.00290770223364, 0.0034729714971], [-0.000107322543045, 0.00175350450445, -0.00094664999051, -0.000533093349077, -0.00220653344877, 0.000532351376023, -0.000606270798016, 0.00265853456222, -0.000906120345462, 0.00212138122879, -0.00290770223364, 0.0115454448387, -0.00173128396273], [0.000110682703962, -0.00101818598341, 0.000691634835675, 1.09306729428e-05, 0.00106765143573, 0.000916359887924, 0.00115011679009, -0.00370908947662, -0.00172759429552, -0.000104537131847, 0.0034729714971, -0.00173128396273, 0.0129692507908]]
    },
    "melbands": {
        "dmean": [0.000706610328052, 0.000282778841211, 0.000368608365534, 0.000184064294444, 0.000219937006477, 0.00023284231429, 9.00850500329e-05, 8.37818733999e-05, 0.000112613241072, 0.000237898842897, 8.26012401376e-05, 3.80513629352e-05, 2.71301814792e-05, 1.6943036826e-05, 6.88302225171e-06, 1.00445540738e-05, 1.54229364853e-05, 9.284155567e-06, 4.4925968723e-06, 1.21680750453e-05, 4.24909103458e-06, 4.88645991936e-06, 4.20144669988e-06, 3.43039005202e-06, 2.30308341997e-06, 2.36149526245e-06, 2.17635420086e-06, 1.35630079967e-06, 1.06850507109e-06, 8.71273869052e-07, 1.17187278192e-06, 1.87893897419e-06, 8.34486036183e-06, 3.00005967802e-06, 3.62040304935e-06, 6.26635846857e-06, 3.56924874723e-06, 5.90331910644e-06, 5.66089784115e-06, 4.71098655908e-06],
        "dmean2": [0.00102281093132, 0.000441366661107, 0.00052907661302, 0.000267878174782, 0.000317049911246, 0.000353184441337, 0.000150339910761, 0.000130061802338, 0.000169595485204, 0.000291108241072, 0.000117188203149, 5.22170521435e-05, 3.42040621035e-05, 2.27796153922e-05, 1.00640118035e-05, 1.78757891263e-05, 2.49074037129e-05, 1.3513520571e-05, 7.11040183887e-06, 1.83562242455e-05, 7.02609804648e-06, 7.67029632698e-06, 6.96434653946e-06, 5.50715594727e-06, 3.77980472877e-06, 4.0071577132e-06, 3.67119741895e-06, 2.28221279031e-06, 1.80259849003e-06, 1.39114877129e-06, 1.91852791431e-06, 2.87137436317e-06, 1.43815996125e-05, 5.00139185533e-06, 5.6842950471e-06, 9.05278193386e-06, 5.42219868294e-06, 9.96073322312e-06, 9.4564338724e-06, 6.08522213952e-06],
        "dvar": [9.02101164684e-05, 7.27977521819e-06, 1.4212946553e-05, 1.74715830781e-06, 5.18998490406e-07, 1.24081202557e-06, 2.47220725669e-07, 1.26928313193e-07, 2.40162904674e-07, 1.43123691032e-06, 1.15696082048e-07, 1.55045540851e-08, 5.10101250129e-09, 6.13086648116e-09, 1.79287384938e-09, 9.29380572501e-09, 1.48699283997e-08, 2.64945843043e-09, 6.71121158646e-10, 7.31757809902e-09, 5.12754672055e-10, 2.14044074132e-10, 3.0014049579e-10, 1.19240478602e-10, 1.01473787706e-10, 3.2490041213e-10, 4.36585795294e-10, 5.65095123473e-11, 2.40839726634e-11, 2.17964726129e-11, 3.36631555964e-11, 1.5656655139e-10, 5.14241182969e-09, 2.93195329126e-10, 2.60230836879e-10, 9.88593429341e-10, 3.12565140437e-10, 1.34731437118e-09, 7.96175070317e-10, 3.94447391416e-10],
        "dvar2": [0.000211293983739, 1.83815755008e-05, 2.5844297852e-05, 4.08141977459e-06, 8.21176286081e-07, 2.9551811167e-06, 6.1218781866e-07, 3.53481738102e-07, 6.2563742631e-07, 2.21522964239e-06, 2.55534530424e-07, 3.78934998935e-08, 8.46529601972e-09, 1.30048389835e-08, 4.08550704378e-09, 2.6871385117e-08, 3.92155250495e-08, 6.26848351004e-09, 1.73694436612e-09, 1.55876058727e-08, 1.4095398182e-09, 5.44310041484e-10, 8.13462408544e-10, 2.99273744675e-10, 2.62590255096e-10, 8.82170947403e-10, 1.23478816061e-09, 1.61612029315e-10, 6.38048364143e-11, 5.30810499721e-11, 8.64668128764e-11, 3.18729792559e-10, 1.43564831134e-08, 7.86234743977e-10, 6.45542341804e-10, 2.01835992364e-09, 6.87441159553e-10, 3.33618466186e-09, 1.99868233075e-09, 5.9790278284e-10],
        "max": [0.269422590733, 0.0596778355539, 0.094809256494, 0.0333515033126, 0.0191319063306, 0.0204433929175, 0.00804680492729, 0.00690075894818, 0.00912433397025, 0.0312354713678, 0.00525574758649, 0.00206409906968, 0.00206369976513, 0.00226796302013, 0.00128964323085, 0.00241600302979, 0.00300296931528, 0.00131145096384, 0.000625993998256, 0.00203130021691, 0.000551189295948, 0.000242772352067, 0.000357048033038, 0.000180205359356, 0.000176195098902, 0.000451409374364, 0.000496303138789, 0.000157053495059, 8.24897433631e-05, 9.64312857832e-05, 7.89585901657e-05, 0.000266670889687, 0.00108392548282, 0.000254405866144, 0.000255685212323, 0.000526855583303, 0.000227719676332, 0.000833058438729, 0.00036002433626, 0.000382321508368],
        "mean": [0.00100859487429, 0.000489258440211, 0.000639928446617, 0.000365482323105, 0.000471314851893, 0.000526654359419, 0.000181111958227, 0.000161236501299, 0.000173286622157, 0.000628439593129, 0.00016362403403, 7.64030191931e-05, 7.09993910277e-05, 3.85684797948e-05, 1.08379999801e-05, 1.08248586912e-05, 1.72836880665e-05, 1.47884275066e-05, 5.83504333918e-06, 1.91268391063e-05, 6.23298637947e-06, 6.63796754452e-06, 6.99475413057e-06, 5.90927356825e-06, 3.64872835235e-06, 2.95616587209e-06, 2.36640880757e-06, 1.72982652202e-06, 1.45938417973e-06, 1.01999012259e-06, 1.22061612728e-06, 2.06653771784e-06, 6.50461743135e-06, 2.80784979623e-06, 4.42555710833e-06, 7.8643715824e-06, 3.93583741243e-06, 6.78118522046e-06, 6.78555079503e-06, 6.47538945486e-06],
        "median": [7.59465765441e-05, 0.000151976259076, 0.000144536912558, 0.000185232798685, 0.000224025265197, 0.000160533774761, 6.79544755258e-05, 4.03827652917e-05, 2.47460320679e-05, 2.36565083469e-05, 2.09019490285e-05, 9.44571365835e-06, 7.64447031543e-06, 3.85729254049e-06, 1.51606923282e-06, 8.46870875648e-07, 1.0244442592e-06, 8.83141183294e-07, 6.89681485255e-07, 5.90695719893e-07, 5.43778753581e-07, 5.87160855048e-07, 6.63979392357e-07, 6.80941866449e-07, 5.10352890615e-07, 3.27713337356e-07, 3.50459941956e-07, 3.86109263673e-07, 2.60882956127e-07, 8.31395610135e-08, 3.72356083744e-08, 3.6348556165e-08, 4.25927346726e-08, 4.8659863694e-08, 7.75062005687e-08, 9.41125506415e-08, 6.95250150784e-08, 1.16266548389e-07, 1.32011905407e-07, 1.0264271566e-07],
        "min": [1.08764646958e-23, 1.40284223404e-23, 4.18657159871e-24, 6.53232207559e-24, 9.59105134949e-24, 9.16069696012e-24, 2.54534064782e-23, 1.07792904429e-23, 8.00744936986e-24, 8.19925222149e-24, 1.54970052446e-23, 4.17519228015e-24, 1.54931335152e-23, 6.92506199928e-24, 3.40895196139e-24, 2.76844463243e-24, 7.84045777142e-24, 7.13760637069e-24, 5.95432369033e-24, 1.02375623044e-23, 1.31483872583e-23, 9.59924130341e-24, 9.63349522163e-24, 7.8029853007e-24, 1.19723889195e-23, 1.05505689009e-23, 8.81158972195e-24, 8.63443522847e-24, 9.69286094906e-24, 1.01091223384e-23, 1.45738896796e-23, 9.76726236533e-24, 1.06445648332e-23, 9.37300467326e-24, 9.73191035273e-24, 1.03443543494e-23, 1.34526595869e-23, 1.11731986696e-23, 1.24838737087e-23, 1.22646082424e-23],
        "stdev": [0.00998069811612, 0.00280834874138, 0.00509259058163, 0.00151540141087, 0.00111457810272, 0.00151435821317, 0.000642067287117, 0.000383857142879, 0.000502760987729, 0.00264989584684, 0.000510885147378, 0.000196408480406, 0.000217359833186, 0.000140483753057, 5.90423733229e-05, 7.62388081057e-05, 0.000131152090034, 6.45993059152e-05, 2.64690079348e-05, 0.000110480177682, 2.27656219067e-05, 1.79273029062e-05, 2.27509044635e-05, 1.69977374753e-05, 1.25513615785e-05, 1.56666119437e-05, 1.664262345e-05, 6.27186636848e-06, 4.59016882814e-06, 4.53267557532e-06, 5.57023395231e-06, 1.36120252137e-05, 5.84417030041e-05, 1.538385186e-05, 1.85612516361e-05, 4.11966429965e-05, 1.99922560569e-05, 3.68783548765e-05, 3.18036145472e-05, 2.81504053419e-05],
        "var": [9.96143353404e-05, 7.88682245911e-06, 2.59344778897e-05, 2.29644160754e-06, 1.24228438381e-06, 2.29328088608e-06, 4.12250415138e-07, 1.47346298718e-07, 2.52768614928e-07, 7.02194756741e-06, 2.61003606283e-07, 3.857628883e-08, 4.7245297452e-08, 1.97356833098e-08, 3.48600170952e-09, 5.8123554858e-09, 1.72008700616e-08, 4.17307077782e-09, 7.00608349113e-10, 1.22058700924e-08, 5.18273535199e-10, 3.21388193836e-10, 5.17603682137e-10, 2.8892305215e-10, 1.57536678147e-10, 2.45442749458e-10, 2.76976913627e-10, 3.93363050466e-11, 2.10696494973e-11, 2.05451471808e-11, 3.10275069526e-11, 1.85287230003e-10, 3.4154326034e-09, 2.36662883735e-10, 3.44520079132e-10, 1.69716340981e-09, 3.99690308628e-10, 1.36001299111e-09, 1.01146979681e-09, 7.92445276065e-10]
    },
