{
"lowlevel": {
    "average_loudness": 0.981981098652,
    "barkbands_crest": {
        "dmean": 2.34412622452,
        "dmean2": 3.81649971008,
        "dvar": 5.88828277588,
        "dvar2": 14.5108184814,
        "max": 22.6011104584,
        "mean": 9.81836223602,
        "median": 9.07131958008,
        "min": 3.27907896042,
        "stdev": 3.84314751625,
        "var": 14.7697820663
    },
    "barkbands_flatness_db": {
        "dmean": 0.0191581882536,
        "dmean2": 0.0291228163987,
        "dvar": 0.000392208254198,
        "dvar2": 0.000864206580445,
        "max": 0.288630664349,
        "mean": 0.118959970772,
        "median": 0.115529917181,
        "min": 0.0348508805037,
        "stdev": 0.0378361754119,
        "var": 0.00143157620914
    },
    "barkbands_kurtosis": {
        "dmean": 2.49416208267,
        "dmean2": 3.90159726143,
        "dvar": 18.346540451,
        "dvar2": 46.3564224243,
        "max": 43.7860107422,
        "mean": 3.34175372124,
        "median": 1.03080940247,
        "min": -1.86471891403,
        "stdev": 6.01980543137,
        "var": 36.2380561829
    },
    "barkbands_skewness": {
        "dmean": 0.532893240452,
        "dmean2": 0.789900004864,
        "dvar": 0.359077334404,
        "dvar2": 0.822331726551,
        "max": 6.36250495911,
        "mean": 1.54067516327,
        "median": 1.28665518761,
        "min": -1.59831690788,
        "stdev": 1.11755847931,
        "var": 1.24893701077
    },
    "barkbands_spread": {
        "dmean": 5.56781387329,
        "dmean2": 8.38911628723,
        "dvar": 44.9875144958,
        "dvar2": 86.8116073608,
        "max": 99.512550354,
        "mean": 25.2870368958,
        "median": 23.5589408875,
        "min": 3.55029654503,
        "stdev": 12.697054863,
        "var": 161.215209961
    },
    "dissonance": {
        "dmean": 0.0165651123971,
        "dmean2": 0.0272471532226,
        "dvar": 0.000308529037284,
        "dvar2": 0.000680413621012,
        "max": 0.498674362898,
        "mean": 0.464564502239,
        "median": 0.469082057476,
        "min": 0.142728358507,
        "stdev": 0.0238114129752,
        "var": 0.00056698336266
    },
    "dynamic_complexity": 2.04492807388,
    "erbbands_crest": {
        "dmean": 2.58905029297,
        "dmean2": 4.21857261658,
        "dvar": 6.61674213409,
        "dvar2": 16.7462882996,
        "max": 24.6332950592,
        "mean": 8.50138092041,
        "median": 7.29590034485,
        "min": 2.33935189247,
        "stdev": 4.21155309677,
        "var": 17.7371807098
    },
    "erbbands_flatness_db": {
        "dmean": 0.0166560728103,
        "dmean2": 0.0231760609895,
        "dvar": 0.000247479329119,
        "dvar2": 0.000455253437394,
        "max": 0.251660913229,
        "mean": 0.134769231081,
        "median": 0.132114574313,
        "min": 0.0530119128525,
        "stdev": 0.0336658507586,
        "var": 0.00113338942174
    },
    "erbbands_kurtosis": {
        "dmean": 0.650687515736,
        "dmean2": 0.997895777225,
        "dvar": 0.608316898346,
        "dvar2": 1.33909285069,
        "max": 10.9480829239,
        "mean": 0.145159840584,
        "median": -0.335770368576,
        "min": -1.66430664062,
        "stdev": 1.46346509457,
        "var": 2.14173007011
    },
    "erbbands_skewness": {
        "dmean": 0.273846149445,
        "dmean2": 0.41478523612,
        "dvar": 0.0611488930881,
        "dvar2": 0.13366484642,
        "max": 1.84121692181,
        "mean": 0.0939696207643,
        "median": 0.0818835198879,
        "min": -2.28776884079,
        "stdev": 0.487860947847,
        "var": 0.238008290529
    },
    "erbbands_spread": {
        "dmean": 9.09710693359,
        "dmean2": 13.4098672867,
        "dvar": 93.036315918,
        "dvar2": 187.604492188,
        "max": 123.358161926,
        "mean": 42.7520713806,
        "median": 40.9495429993,
        "min": 8.0827703476,
        "stdev": 19.5193901062,
        "var": 381.006561279
    },
    "hfc": {
        "dmean": 9.28952407837,
        "dmean2": 13.5997304916,
        "dvar": 189.656845093,
        "dvar2": 443.408538818,
        "max": 145.83291626,
        "mean": 26.5572013855,
        "median": 21.5023345947,
        "min": 4.4006301323e-05,
        "stdev": 20.0238819122,
        "var": 400.955841064
    },
    "loudness_ebu128": {
        "integrated": -12.1028652191,
        "loudness_range": 1.44136047363,
        "momentary": {
            "dmean": 0.474475026131,
            "dmean2": 0.624826550484,
            "dvar": 0.161699622869,
            "dvar2": 0.296295881271,
            "max": -9.25743579865,
            "mean": -12.2808532715,
            "median": -12.0620126724,
            "min": -17.3493595123,
            "stdev": 1.28250050545,
            "var": 1.64480757713
        },
        "short_term": {
            "dmean": 0.0628790408373,
            "dmean2": 0.0619535334408,
            "dvar": 0.00224841036834,
            "dvar2": 0.00229982263409,
            "max": -11.2580604553,
            "mean": -12.0376749039,
            "median": -12.0169210434,
            "min": -13.0438728333,
            "stdev": 0.501720964909,
            "var": 0.251723915339
        }
    },
    "melbands_crest": {
        "dmean": 2.67605471611,
        "dmean2": 4.30404567719,
        "dvar": 6.62164115906,
        "dvar2": 15.4595565796,
        "max": 30.6881160736,
        "mean": 14.2232971191,
        "median": 13.9354963303,
        "min": 3.63304710388,
        "stdev": 4.4759850502,
        "var": 20.0344429016
    },
    "melbands_flatness_db": {
        "dmean": 0.0242479313165,
        "dmean2": 0.0368167422712,
        "dvar": 0.000686393468641,
        "dvar2": 0.00144884898327,
        "max": 0.397202968597,
        "mean": 0.187387481332,
        "median": 0.183895140886,
        "min": 0.0276521686465,
        "stdev": 0.0538647659123,
        "var": 0.0029014130123
    },
    "melbands_kurtosis": {
        "dmean": 8.35648536682,
        "dmean2": 13.0425767899,
        "dvar": 258.45904541,
        "dvar2": 662.854492188,
        "max": 184.509841919,
        "mean": 14.6346597672,
        "median": 7.37816047668,
        "min": -1.55589413643,
        "stdev": 20.9507408142,
        "var": 438.933502197
    },
    "melbands_skewness": {
        "dmean": 0.821662247181,
        "dmean2": 1.22448647022,
        "dvar": 0.997656643391,
        "dvar2": 2.22374653816,
        "max": 11.6429805756,
        "mean": 2.8854470253,
        "median": 2.51229262352,
        "min": -0.21411895752,
        "stdev": 1.79615199566,
        "var": 3.22616219521
    },
    "melbands_spread": {
        "dmean": 6.73352861404,
        "dmean2": 10.1703605652,
        "dvar": 101.834838867,
        "dvar2": 221.604202271,
        "max": 180.485076904,
        "mean": 24.6789875031,
        "median": 23.3095417023,
        "min": 2.380890131,
        "stdev": 16.0920619965,
        "var": 258.954437256
    },
    "pitch_salience": {
        "dmean": 0.0623642578721,
        "dmean2": 0.101635754108,
        "dvar": 0.00342807313427,
        "dvar2": 0.00887404382229,
        "max": 0.885344266891,
        "mean": 0.508209705353,
        "median": 0.499082535505,
        "min": 0.273485600948,
        "stdev": 0.0895953550935,
        "var": 0.00802732817829
    },
    "silence_rate_20dB": {
        "dmean": 0,
        "dmean2": 0,
        "dvar": 0,
        "dvar2": 0,
        "max": 1,
        "mean": 1,
        "median": 1,
        "min": 1,
        "stdev": 0,
        "var": 0
    },
    "silence_rate_30dB": {
        "dmean": 0.00464396271855,
        "dmean2": 0.00929511990398,
        "dvar": 0.00462236255407,
        "dvar2": 0.012307097204,
        "max": 1,
        "mean": 0.996906399727,
        "median": 1,
        "min": 0,
        "stdev": 0.0555337183177,
        "var": 0.00308399391361
    },
    "silence_rate_60dB": {
        "dmean": 0.000773993786424,
        "dmean2": 0.00154918665066,
        "dvar": 0.000773391744588,
        "dvar2": 0.00154677091632,
        "max": 1,
        "mean": 0.00154679035768,
        "median": 0,
        "min": 0,
        "stdev": 0.0392987206578,
        "var": 0.00154438940808
    },
    "spectral_centroid": {
        "dmean": 248.169723511,
        "dmean2": 376.004669189,
        "dvar": 65188.1132812,
        "dvar2": 136034,
        "max": 4293.47363281,
        "mean": 1449.38977051,
        "median": 1417.15808105,
        "min": 336.757110596,
        "stdev": 482.385681152,
        "var": 232695.9375
    },
    "spectral_complexity": {
        "dmean": 4.01393175125,
        "dmean2": 6.13632822037,
        "dvar": 22.3310985565,
        "dvar2": 45.4161491394,
        "max": 55,
        "mean": 21.968290329,
        "median": 21,
        "min": 0,
        "stdev": 8.4562292099,
        "var": 71.5078125
    },
    "spectral_decrease": {
        "dmean": 3.21126880642e-09,
        "dmean2": 5.12316411516e-09,
        "dvar": 2.22483725334e-17,
        "dvar2": 5.69792975569e-17,
        "max": -1.24796294853e-14,
        "mean": -8.96852458965e-09,
        "median": -7.99152299891e-09,
        "min": -3.95164150291e-08,
        "stdev": 5.29167287766e-09,
        "var": 2.80018041229e-17
    },
    "spectral_energy": {
        "dmean": 0.0127674462274,
        "dmean2": 0.0202779695392,
        "dvar": 0.000339663616614,
        "dvar2": 0.000866591697559,
        "max": 0.152562782168,
        "mean": 0.0362581573427,
        "median": 0.0321728400886,
        "min": 5.10920301622e-08,
        "stdev": 0.0210034884512,
        "var": 0.000441146519734
    },
    "spectral_energyband_high": {
        "dmean": 0.000651738024317,
        "dmean2": 0.000950932211708,
        "dvar": 1.40952886341e-06,
        "dvar2": 3.09817755806e-06,
        "max": 0.0131829623133,
        "mean": 0.00119486346375,
        "median": 0.000661551777739,
        "min": 5.14112141747e-10,
        "stdev": 0.00165708060376,
        "var": 2.74591616289e-06
    },
    "spectral_energyband_low": {
        "dmean": 0.00797516014427,
        "dmean2": 0.0133692696691,
        "dvar": 0.000259393767919,
        "dvar2": 0.000673454429489,
        "max": 0.137365058064,
        "mean": 0.0165678206831,
        "median": 0.0144186802208,
        "min": 1.09892290823e-08,
        "stdev": 0.0153787313029,
        "var": 0.000236505380599
    },
    "spectral_energyband_middle_high": {
        "dmean": 0.00310947210528,
        "dmean2": 0.00453505618498,
        "dvar": 2.1653218937e-05,
        "dvar2": 4.64506738354e-05,
        "max": 0.0600799359381,
        "mean": 0.00861440692097,
        "median": 0.00489595998079,
        "min": 2.92639779076e-08,
        "stdev": 0.00872671697289,
        "var": 7.61555857025e-05
    },
    "spectral_energyband_middle_low": {
        "dmean": 0.00470850942656,
        "dmean2": 0.0076802955009,
        "dvar": 4.75072301924e-05,
        "dvar2": 0.00011931899644,
        "max": 0.0673240944743,
        "mean": 0.0111562935635,
        "median": 0.00915569160134,
        "min": 1.19432588264e-08,
        "stdev": 0.00842927768826,
        "var": 7.1052723797e-05
    },
    "spectral_entropy": {
        "dmean": 0.15688495338,
        "dmean2": 0.21319617331,
        "dvar": 0.0228675566614,
        "dvar2": 0.0414179563522,
        "max": 8.63311481476,
        "mean": 7.68281745911,
        "median": 7.65638113022,
        "min": 6.50034999847,
        "stdev": 0.308780521154,
        "var": 0.0953454077244
    },
    "spectral_flux": {
        "dmean": 0.0308030247688,
        "dmean2": 0.0461216755211,
        "dvar": 0.00131606636569,
        "dvar2": 0.00260390993208,
        "max": 0.337838888168,
        "mean": 0.0923955589533,
        "median": 0.076982460916,
        "min": 0.000226035466767,
        "stdev": 0.0511072948575,
        "var": 0.0026119556278
    },
    "spectral_kurtosis": {
        "dmean": 0.98965215683,
        "dmean2": 1.58692860603,
        "dvar": 1.08648335934,
        "dvar2": 2.61026620865,
        "max": 16.171661377,
        "mean": 3.2520942688,
        "median": 3.19609498978,
        "min": -0.876151800156,
        "stdev": 1.63923668861,
        "var": 2.6870970726
    },
    "spectral_rms": {
        "dmean": 0.000964950188063,
        "dmean2": 0.00148532923777,
        "dvar": 1.42253861668e-06,
        "dvar2": 3.44662134921e-06,
        "max": 0.0122000714764,
        "mean": 0.00572680402547,
        "median": 0.00560251157731,
        "min": 7.06016180629e-06,
        "stdev": 0.00160544842947,
        "var": 2.57746478383e-06
    },
    "spectral_rolloff": {
        "dmean": 466.330535889,
        "dmean2": 760.652648926,
        "dvar": 744643.25,
        "dvar2": 1455447.875,
        "max": 9453.07617188,
        "mean": 1404.75622559,
        "median": 1184.32617188,
        "min": 86.1328125,
        "stdev": 1366.44580078,
        "var": 1867174.125
    },
    "spectral_skewness": {
        "dmean": 0.178116515279,
        "dmean2": 0.268904238939,
        "dvar": 0.0312355980277,
        "dvar2": 0.0648198872805,
        "max": 3.48892593384,
        "mean": 1.39076554775,
        "median": 1.42038166523,
        "min": 0.178810074925,
        "stdev": 0.319883674383,
        "var": 0.102325566113
    },
    "spectral_spread": {
        "dmean": 534833,
        "dmean2": 745675.75,
        "dvar": 368813309952,
        "dvar2": 599440687104,
        "max": 11700899,
        "mean": 5031396,
        "median": 4759393,
        "min": 2465797.75,
        "stdev": 1295465.375,
        "var": 1.67823055258e+12
    },
    "spectral_strongpeak": {
        "dmean": 0.549860715866,
        "dmean2": 0.988173902035,
        "dvar": 1.26431250572,
        "dvar2": 3.24800944328,
        "max": 10.0103111267,
        "mean": 0.805032670498,
        "median": 0.396828204393,
        "min": 0,
        "stdev": 1.21192932129,
        "var": 1.46877276897
    },
    "zerocrossingrate": {
        "dmean": 0.0103446086869,
        "dmean2": 0.0119906896725,
        "dvar": 0.000177405425347,
        "dvar2": 0.000188506266568,
        "max": 0.29736328125,
        "mean": 0.0584321208298,
        "median": 0.052734375,
        "min": 0.00830078125,
        "stdev": 0.0317624025047,
        "var": 0.00100885028951
    },
    "barkbands": {
        "dmean": [0.000308541813865, 0.00618885736912, 0.00231798761524, 0.00150722789112, 0.0019396977732, 0.00068450497929, 0.000963698606938, 0.000473991676699, 0.000566405826248, 0.00143367203418, 0.000631938339211, 0.000532353238668, 0.000453827931779, 0.000427909311838, 0.00064782181289, 0.000271843367955, 0.000199345988221, 0.00022031251865, 0.000197612345801, 0.000200840164325, 0.000175488225068, 0.000160444353241, 0.0001257184922, 9.31683898671e-05, 7.95437154011e-05, 2.47821735684e-05, 3.36584980687e-06],
        "dmean2": [0.000534602266271, 0.010562655516, 0.00396085483953, 0.00257390760817, 0.00323122180998, 0.00108502223156, 0.0015687715495, 0.000760159979109, 0.000840720720589, 0.00220992253162, 0.000950038200244, 0.000779240566771, 0.000703049940057, 0.000654746661894, 0.00100302044302, 0.000411721644923, 0.000332567637088, 0.000344901607605, 0.00031491406844, 0.000319714134093, 0.000282215682091, 0.000257114035776, 0.000186893128557, 0.000135977752507, 0.000114109810966, 3.76885727746e-05, 5.09855453856e-06],
        "dvar": [4.22938086331e-07, 0.000174452346982, 1.80630231625e-05, 5.65367827221e-06, 8.29188047646e-06, 9.38435334774e-07, 5.15060628459e-06, 1.21066204883e-06, 1.91863728105e-06, 8.81109008333e-06, 3.01994941765e-06, 1.46735806084e-06, 1.03043919353e-06, 6.85233374043e-07, 1.37094730235e-06, 2.68679883675e-07, 1.61238745022e-07, 1.25615926549e-07, 9.49213543322e-08, 1.26384918531e-07, 1.14956861808e-07, 1.35025402415e-07, 7.19010699868e-08, 6.18794828711e-08, 2.95770128389e-08, 2.3594184384e-09, 6.35260108406e-11],
        "dvar2": [1.13353780762e-06, 0.000460842886241, 5.08822959091e-05, 1.50623573063e-05, 2.15372674575e-05, 2.41331576945e-06, 1.29793097585e-05, 2.76734954241e-06, 4.23792243964e-06, 2.18475779548e-05, 7.16177737559e-06, 2.6816630907e-06, 2.26030556405e-06, 1.37254278343e-06, 2.97155656881e-06, 6.13123631865e-07, 4.41321731159e-07, 3.35802297968e-07, 2.31006453077e-07, 3.27234289443e-07, 2.96155491242e-07, 3.4779878888e-07, 1.4935929471e-07, 1.14496181425e-07, 5.58377557525e-08, 5.35514077526e-09, 1.39381575726e-10],
        "max": [0.00706594157964, 0.110762387514, 0.0380621291697, 0.0238669831306, 0.0352113991976, 0.0117891971022, 0.020234009251, 0.0191892590374, 0.0229485742748, 0.0247358866036, 0.0250845067203, 0.0258779637516, 0.0158383026719, 0.014292283915, 0.0187317691743, 0.00805582292378, 0.00455677649006, 0.00487789465114, 0.00337182218209, 0.00345180998556, 0.00317928311415, 0.00492791319266, 0.00438923249021, 0.00365260941908, 0.00308116292581, 0.000538613938261, 0.000117329567729],
        "mean": [0.000350524758687, 0.0101471291855, 0.00513114826754, 0.00197576056235, 0.00368002639152, 0.00163067376707, 0.00136412575375, 0.000793245912064, 0.00111236458179, 0.00243635778315, 0.000972961075604, 0.000892491894774, 0.000842472712975, 0.000759937625844, 0.00114761071745, 0.000490196689498, 0.000319322949508, 0.000424619327532, 0.000374325289158, 0.000383823207812, 0.000260546017671, 0.000222936578211, 0.000212554383324, 0.000162806070875, 0.000137118899147, 2.95080535579e-05, 3.55515135197e-06],
        "median": [9.41998368944e-05, 0.0086615588516, 0.00373196345754, 0.00124638632406, 0.00262146559544, 0.00123751093633, 0.00048622165923, 0.000334171170834, 0.000222080096137, 0.000576758175157, 0.000156445836183, 0.000362831488019, 0.000322165811667, 0.000333686417434, 0.000505475560203, 0.000203193660127, 0.000198946421733, 0.000248061754974, 0.000251331977779, 0.000245796400122, 0.000148666833411, 9.41631296882e-05, 8.83804896148e-05, 5.75206322537e-05, 6.43177700113e-05, 8.05539366411e-06, 5.48661489574e-07],
        "min": [1.20597665187e-09, 4.09976852467e-09, 4.15379908247e-09, 3.97520683038e-09, 5.63298430123e-09, 1.10956743793e-09, 1.12495721072e-10, 4.13122647203e-10, 5.56533041873e-10, 7.59980134379e-10, 7.55200701974e-09, 1.41645886131e-08, 1.91613569456e-09, 1.5052419311e-09, 9.68366831167e-10, 1.26368582265e-09, 1.68194055905e-10, 5.46735545726e-10, 3.75748959724e-10, 2.88927132219e-10, 2.00552713325e-10, 5.82740244948e-11, 4.66670278809e-11, 8.68231354867e-12, 7.71635880192e-12, 1.14297297755e-12, 3.39834416033e-13],
        "stdev": [0.000639458419755, 0.0125268045813, 0.00494012376294, 0.00241666147485, 0.00358055415563, 0.00146784028038, 0.00269258348271, 0.0013226873707, 0.00230792746879, 0.00431223772466, 0.00244612875395, 0.0019462981727, 0.00179558910895, 0.0012483507162, 0.0018555567367, 0.000781692215241, 0.000421035947511, 0.000490982725751, 0.000407874147641, 0.000416751398006, 0.000349402806023, 0.000406723615015, 0.000403396494221, 0.000392317451769, 0.000262246525381, 5.44850081496e-05, 9.53850667429e-06],
        "var": [4.08907055771e-07, 0.0001569208398, 2.44048242166e-05, 5.84025292483e-06, 1.28203673739e-05, 2.15455520447e-06, 7.25000609236e-06, 1.74950184828e-06, 5.32652939e-06, 1.85953958862e-05, 5.98354608883e-06, 3.7880763557e-06, 3.22414007314e-06, 1.55837960847e-06, 3.44309091815e-06, 6.11042707988e-07, 1.77271274993e-07, 2.41064014972e-07, 1.66361317611e-07, 1.73681726778e-07, 1.22082312259e-07, 1.65424097531e-07, 1.62728724717e-07, 1.53912978362e-07, 6.87732324423e-08, 2.96861601967e-09, 9.09831168738e-11]
    },
    "erbbands": {
        "dmean": [0.156755000353, 1.49676597118, 2.83906269073, 3.48063540459, 7.2897810936, 6.11547040939, 5.96349048615, 5.87310838699, 9.59304141998, 17.3753356934, 7.97865486145, 14.2272157669, 27.3607387543, 46.7476730347, 20.1587600708, 24.5405578613, 19.7104625702, 22.282705307, 31.6342945099, 19.9961910248, 12.2759504318, 9.86832809448, 10.9013767242, 12.0339632034, 9.30758953094, 9.46004009247, 8.11358737946, 6.2769112587, 5.95373868942, 4.73302030563, 3.42754983902, 1.88032436371, 1.75162339211, 1.14353060722, 0.423220664263, 0.128938987851, 0.0411071963608, 0.00975568126887, 0.000324849621393, 2.06818076549e-05],
        "dmean2": [0.263883143663, 2.556620121, 4.84767723083, 5.92230939865, 12.4266271591, 10.1523923874, 9.27262401581, 9.31804561615, 15.1459522247, 28.5968818665, 12.2445907593, 21.1492900848, 41.4432601929, 70.1725006104, 28.1559391022, 35.2041702271, 29.5537471771, 33.7999839783, 47.9050178528, 29.9497203827, 19.2134742737, 16.4678554535, 17.3113327026, 18.6442642212, 15.0601243973, 15.0997848511, 13.1168756485, 10.0405349731, 9.5470533371, 7.38120889664, 5.15421295166, 2.76508450508, 2.56453967094, 1.63876342773, 0.607586801052, 0.191711992025, 0.0637748539448, 0.0148925120011, 0.000485973199829, 3.16417645081e-05],
        "dvar": [0.104693837464, 10.7052412033, 32.026008606, 31.2820091248, 133.895370483, 96.413520813, 74.7631988525, 105.901397705, 362.908752441, 2160.38208008, 299.779571533, 1148.42199707, 4380.5703125, 12954.8046875, 3079.45605469, 2419.91333008, 1871.95397949, 1622.30773926, 3397.49487305, 1808.79199219, 589.577819824, 534.334777832, 376.944549561, 350.331848145, 229.69229126, 261.725219727, 257.622314453, 180.488433838, 206.585144043, 96.3121871948, 60.5860023499, 23.7560844421, 23.3844490051, 7.19327116013, 0.761178910732, 0.0630891472101, 0.00686554424465, 0.000435956026195, 5.56047268674e-07, 8.57854232095e-10],
        "dvar2": [0.278657287359, 28.8206233978, 89.0948562622, 87.6818618774, 344.923858643, 259.110015869, 198.900985718, 262.185394287, 884.41973877, 5514.97265625, 719.780639648, 2510.54394531, 11320.8935547, 32218.7304688, 5722.65087891, 4012.02905273, 3722.69799805, 3412.5847168, 7299.34570312, 3498.70336914, 1443.36865234, 1455.66687012, 994.534362793, 837.400146484, 607.393676758, 667.043212891, 670.705505371, 458.327270508, 540.014648438, 233.572357178, 119.810394287, 45.852104187, 42.0750465393, 13.1893730164, 1.50513672829, 0.137709066272, 0.0163464900106, 0.00094342243392, 1.22314634154e-06, 1.96939975439e-09],
        "max": [2.54271745682, 26.8480491638, 53.0347557068, 58.444190979, 108.145820618, 131.963516235, 104.795578003, 133.600234985, 254.81427002, 405.627807617, 270.628417969, 602.741760254, 923.147827148, 1502.91369629, 1238.41052246, 1339.515625, 797.065795898, 597.055053711, 1107.14953613, 1033.31054688, 409.107330322, 326.955047607, 320.137084961, 206.404846191, 157.950942993, 152.726318359, 193.378738403, 144.026107788, 203.264907837, 146.133468628, 137.134185791, 79.8356704712, 87.5394592285, 52.9527702332, 12.5986881256, 2.82382559776, 0.773576021194, 0.258855134249, 0.0102623198181, 0.000262446934357],
        "mean": [0.246536523104, 2.41713428497, 6.04565048218, 6.47262239456, 10.9487962723, 10.9295625687, 12.6057806015, 13.0169935226, 18.2643127441, 21.9974555969, 14.7968797684, 30.1890468597, 44.6045722961, 84.2217941284, 36.4314041138, 43.9081459045, 40.1354560852, 44.6818962097, 59.8209877014, 38.0066833496, 23.5962085724, 16.1289768219, 21.36003685, 24.5906257629, 18.2379589081, 18.4369506836, 12.5423841476, 8.97788715363, 8.17475700378, 7.0478014946, 5.88293123245, 3.14950919151, 3.07812547684, 2.0823225975, 0.663327395916, 0.162964314222, 0.0477364510298, 0.0114133134484, 0.000380168989068, 5.33284110134e-05],
        "median": [0.105039939284, 1.8283393383, 4.55322551727, 4.49803972244, 6.6582660675, 7.05712366104, 8.30483722687, 8.16641139984, 7.62318515778, 6.50226163864, 7.00820636749, 7.45627260208, 15.903298378, 16.3709888458, 10.456738472, 19.6829929352, 16.7724246979, 23.2498149872, 28.1911239624, 18.6945457458, 12.8244562149, 10.0836448669, 13.4022760391, 15.9396810532, 12.1568212509, 12.1400737762, 8.02131557465, 4.67759132385, 3.20205903053, 3.08586478233, 2.50637555122, 1.15430617332, 1.07555353642, 0.933217763901, 0.299137443304, 0.0514670647681, 0.013991933316, 0.00271276896819, 8.87328060344e-05, 4.41721458628e-05],
        "min": [1.15075046381e-07, 9.63922957453e-07, 4.13128009313e-06, 1.01704481494e-05, 1.65659694176e-05, 1.88937265193e-05, 1.48932049342e-05, 7.16901377018e-06, 1.96636415239e-06, 3.89932893086e-06, 1.11549643407e-05, 1.25719388961e-05, 1.63540407812e-05, 9.47501685005e-05, 0.000465387565782, 0.00050944450777, 0.000114573427709, 6.65153056616e-05, 9.10168018891e-05, 4.33312961832e-05, 5.64288930036e-05, 1.09023803816e-05, 1.88263948075e-05, 3.890746666e-05, 9.8785467344e-06, 1.54420522449e-05, 9.96786002361e-06, 6.71813313602e-06, 2.52496397479e-06, 1.44348530284e-06, 1.33239564093e-06, 4.59959039745e-07, 8.35443501046e-08, 7.93309951064e-08, 5.24330232565e-08, 1.0236923309e-08, 2.23886753581e-09, 2.72893513342e-10, 7.85432413553e-11, 6.56848672675e-11],
        "stdev": [0.325965493917, 3.03926491737, 5.85736179352, 6.07013368607, 13.1038074493, 12.1980571747, 13.0867300034, 15.2860460281, 30.3832931519, 46.0690727234, 21.0382480621, 60.4561309814, 84.0817260742, 164.63444519, 88.1923522949, 90.3042221069, 82.1489181519, 63.6470947266, 97.8077011108, 62.5601768494, 33.7993927002, 23.2544231415, 25.1321659088, 27.6937637329, 19.0423908234, 19.7738037109, 16.0764389038, 14.0107841492, 15.6380195618, 12.1253938675, 11.6563949585, 7.3317117691, 7.63781118393, 4.29518508911, 1.19909751415, 0.294253706932, 0.0888954550028, 0.0250403601676, 0.000905723252799, 3.60162412107e-05],
        "var": [0.106253512204, 9.23713111877, 34.3086891174, 36.8465232849, 171.709762573, 148.792602539, 171.262512207, 233.663192749, 923.14453125, 2122.35961914, 442.607849121, 3654.94384766, 7069.73632812, 27104.4980469, 7777.89160156, 8154.85205078, 6748.4453125, 4050.95288086, 9566.34570312, 3913.77563477, 1142.39892578, 540.768188477, 631.625732422, 766.944580078, 362.612640381, 391.003295898, 258.451904297, 196.302062988, 244.547653198, 147.025177002, 135.871551514, 53.753993988, 58.3361625671, 18.4486160278, 1.43783485889, 0.0865852460265, 0.00790240243077, 0.000627019675449, 8.20334662421e-07, 1.29716970498e-09]
    },
    "gfcc": {
        "mean": [37.6126213074, 86.8389205933, -113.79385376, 42.4655151367, -52.3084030151, 25.2849597931, -37.0205421448, 7.5716047287, -29.8733901978, 3.82685089111, -14.5317058563, -3.06913304329, -8.96268939972],
        "cov": [[2214.54272461, -507.111358643, -145.629852295, -100.763893127, -205.765594482, -20.7496967316, -74.7470703125, 174.985580444, 27.5425662994, 51.5759353638, -126.288795471, -30.4759902954, -113.3072052], [-507.111358643, 670.727050781, -110.092735291, -30.7415943146, 135.367263794, -25.3231964111, 152.588485718, 17.7855358124, 0.200319111347, -46.802028656, 87.3215408325, -41.4119644165, 71.4168167114], [-145.629852295, -110.092735291, 604.664733887, 216.211807251, 100.988471985, 106.868965149, 68.7467880249, -5.42346382141, 41.0047416687, 90.1979217529, 14.1160507202, 107.396148682, -17.6417560577], [-100.763893127, -30.7415943146, 216.211807251, 218.713119507, 77.4555740356, 29.1447181702, 10.1065416336, 5.78790903091, 46.4490318298, 37.0003509521, 15.1456165314, 37.6560897827, 5.67569684982], [-205.765594482, 135.367263794, 100.988471985, 77.4555740356, 191.902496338, 62.0385169983, 77.7242355347, 12.1677389145, 0.676593244076, 8.32104492188, 28.6414260864, 23.9781742096, 25.1126651764], [-20.7496967316, -25.3231964111, 106.868965149, 29.1447181702, 62.0385169983, 174.749542236, 90.4760665894, -7.40530443192, -4.96125555038, 15.4106788635, 21.1333560944, 25.8122062683, 13.2927083969], [-74.7470703125, 152.588485718, 68.7467880249, 10.1065416336, 77.7242355347, 90.4760665894, 196.484924316, 39.5341873169, -11.3678255081, -0.330400437117, 14.0413379669, 25.5580921173, 23.3470420837], [174.985580444, 17.7855358124, -5.42346382141, 5.78790903091, 12.1677389145, -7.40530443192, 39.5341873169, 128.877761841, 26.7838344574, -12.2774419785, -5.02083158493, 4.66744327545, 24.2381877899], [27.5425662994, 0.200319111347, 41.0047416687, 46.4490318298, 0.676593244076, -4.96125555038, -11.3678255081, 26.7838344574, 76.1494979858, 21.4417915344, -2.25800538063, 5.27445697784, -0.219199076295], [51.5759353638, -46.802028656, 90.1979217529, 37.0003509521, 8.32104492188, 15.4106788635, -0.330400437117, -12.2774419785, 21.4417915344, 85.3281402588, 22.6675796509, 20.7792644501, -24.1074733734], [-126.288795471, 87.3215408325, 14.1160507202, 15.1456165314, 28.6414260864, 21.1333560944, 14.0413379669, -5.02083158493, -2.25800538063, 22.6675796509, 90.4197845459, 26.0128192902, 18.5704898834], [-30.4759902954, -41.4119644165, 107.396148682, 37.6560897827, 23.9781742096, 25.8122062683, 25.5580921173, 4.66744327545, 5.27445697784, 20.7792644501, 26.0128192902, 81.4421157837, 15.230887413], [-113.3072052, 71.4168167114, -17.6417560577, 5.67569684982, 25.1126651764, 13.2927083969, 23.3470420837, 24.2381877899, -0.219199076295, -24.1074733734, 18.5704898834, 15.230887413, 70.7185516357]],
        "icov": [[0.000823103997391, 0.000297288788715, 0.00037865008926, 1.56261103257e-05, 0.000466194964247, -0.000461148069007, 0.000159644128871, -0.00157674041111, 0.000304359011352, -0.000821621157229, 0.000703610829078, -0.000240323366597, 0.00110847328324], [0.000297288788715, 0.00500417500734, -0.000175524910446, 0.00147102330811, -0.00265745446086, 0.00413293810561, -0.00516894645989, 0.001837922493, -0.00318843708374, 0.00221374863759, -0.00544270453975, 0.00502610905096, -0.00240421830676], [0.00037865008926, -0.000175524910446, 0.00401697540656, -0.00291144871153, 0.000169183462276, -0.00168437627144, 4.8898091336e-05, -0.000836705672555, 0.00067316298373, -0.0023700313177, 0.00216125417501, -0.00388710619882, 0.00201065628789], [1.56261103257e-05, 0.00147102330811, -0.00291144871153, 0.00941302068532, -0.00345073547214, 0.00185537606012, -0.000464584853034, 0.00109540834092, -0.00490912422538, 0.000773413747083, -0.00221572211012, 0.00193041027524, -0.0018731924938], [0.000466194964247, -0.00265745446086, 0.000169183462276, -0.00345073547214, 0.0097678983584, -0.00361728365533, 0.00084461143706, -0.0022879941389, 0.00315144448541, -0.0016356119886, 0.00225060107186, -0.00232843658887, 0.000829104857985], [-0.000461148069007, 0.00413293810561, -0.00168437627144, 0.00185537606012, -0.00361728365533, 0.012742667459, -0.00817951187491, 0.00475189648569, -0.00328998686746, 0.0022996251937, -0.00622068205848, 0.0050104688853, -0.00419252412394], [0.000159644128871, -0.00516894645989, 4.8898091336e-05, -0.000464584853034, 0.00084461143706, -0.00817951187491, 0.0140939531848, -0.00575628923252, 0.00525641348213, -0.00288171041757, 0.0065406197682, -0.00638049794361, 0.00277331634425], [-0.00157674041111, 0.001837922493, -0.000836705672555, 0.00109540834092, -0.0022879941389, 0.00475189648569, -0.00575628923252, 0.0145266847685, -0.00671790540218, 0.00397019926459, -0.00339491991326, 0.00275002862327, -0.00620643422008], [0.000304359011352, -0.00318843708374, 0.00067316298373, -0.00490912422538, 0.00315144448541, -0.00328998686746, 0.00525641348213, -0.00671790540218, 0.0208734888583, -0.00687112659216, 0.00563328200951, -0.00289795524441, 0.00120319158304], [-0.000821621157229, 0.00221374863759, -0.0023700313177, 0.000773413747083, -0.0016356119886, 0.0022996251937, -0.00288171041757, 0.00397019926459, -0.00687112659216, 0.0212093126029, -0.0092045115307, 0.00106702931225, 0.00492992205545], [0.000703610829078, -0.00544270453975, 0.00216125417501, -0.00221572211012, 0.00225060107186, -0.00622068205848, 0.0065406197682, -0.00339491991326, 0.00563328200951, -0.0092045115307, 0.0222037956119, -0.0099705979228, -8.84408364072e-05], [-0.000240323366597, 0.00502610905096, -0.00388710619882, 0.00193041027524, -0.00232843658887, 0.0050104688853, -0.00638049794361, 0.00275002862327, -0.00289795524441, 0.00106702931225, -0.0099705979228, 0.0244856681675, -0.00783700589091], [0.00110847328324, -0.00240421830676, 0.00201065628789, -0.0018731924938, 0.000829104857985, -0.00419252412394, 0.00277331634425, -0.00620643422008, 0.00120319158304, 0.00492992205545, -8.84408364072e-05, -0.00783700589091, 0.0240971334279]]
    },
    "melbands": {
        "dmean": [0.00157485459931, 0.00155389867723, 0.000699850090314, 0.000454111082945, 0.000212583545363, 0.000130317464937, 0.000162700467627, 0.000173837790499, 5.94162411289e-05, 9.58786331466e-05, 0.000139124778798, 0.00019655743381, 6.94657792337e-05, 6.26009859843e-05, 4.50998850283e-05, 4.9586105888e-05, 4.58838912891e-05, 4.87585784867e-05, 4.08568230341e-05, 2.56679049926e-05, 1.32337763716e-05, 1.11485378511e-05, 9.93680168904e-06, 1.08461354102e-05, 1.06006709757e-05, 6.96262668498e-06, 7.44950511944e-06, 6.32620822216e-06, 5.62697232454e-06, 4.07815787185e-06, 3.60632930096e-06, 3.51032235812e-06, 3.12207771458e-06, 2.62293065134e-06, 2.14877081817e-06, 1.67754535596e-06, 1.01635123428e-06, 1.29836996621e-06, 1.23089796489e-06, 9.86495365396e-07],
        "dmean2": [0.00266631413251, 0.00262940838002, 0.00119873974472, 0.000758373644203, 0.000335922522936, 0.000205955584534, 0.000258546351688, 0.000284483918222, 8.93676260603e-05, 0.000141014897963, 0.000212194936466, 0.000294781319099, 9.94438742055e-05, 9.08528090804e-05, 6.45227919449e-05, 7.58151363698e-05, 7.00955351931e-05, 7.34595159884e-05, 6.19369675405e-05, 3.79927223548e-05, 2.15065720113e-05, 1.88632347999e-05, 1.61650004884e-05, 1.71343654074e-05, 1.65968340298e-05, 1.14544000098e-05, 1.19309552247e-05, 1.01625746538e-05, 9.22291837924e-06, 6.6595921453e-06, 5.89898718317e-06, 5.76322827328e-06, 4.9236605264e-06, 4.15155454903e-06, 3.28043984155e-06, 2.56551061284e-06, 1.50617506733e-06, 1.92865149984e-06, 1.80449592335e-06, 1.4277121636e-06],
        "dvar": [1.07329351522e-05, 1.0555553672e-05, 1.08733638626e-06, 5.18679200923e-07, 9.27618089008e-08, 4.53187709581e-08, 1.12466786106e-07, 2.03489122441e-07, 1.63826410216e-08, 5.55489805265e-08, 1.1425569113e-07, 2.27137334718e-07, 3.28857439058e-08, 1.79803940625e-08, 1.08498019458e-08, 1.15528075995e-08, 7.64948371312e-09, 8.01268651429e-09, 5.40827382878e-09, 2.53514609305e-09, 7.5274780853e-10, 7.44370287631e-10, 2.92964652537e-10, 3.15851372834e-10, 2.66772742785e-10, 1.26316623827e-10, 1.64371280476e-10, 1.122039614e-10, 1.36043884491e-10, 6.52909115662e-11, 6.18410461728e-11, 7.8162289141e-11, 5.32419143495e-11, 2.81061979246e-11, 2.06891951487e-11, 2.13139852989e-11, 6.57873972312e-12, 1.34450853229e-11, 1.23992508969e-11, 5.08603228977e-12],
        "dvar2": [2.81933425867e-05, 2.87415059574e-05, 2.93275502372e-06, 1.39416954426e-06, 2.37560342953e-07, 1.13536273716e-07, 2.76799823951e-07, 5.1377003274e-07, 3.78966547032e-08, 1.23721392242e-07, 2.96137557143e-07, 5.60266187222e-07, 6.76398173027e-08, 2.99355278344e-08, 2.03734025206e-08, 2.37016806182e-08, 1.5991822977e-08, 1.68661031807e-08, 1.18447562869e-08, 5.39551248124e-09, 1.91402138583e-09, 2.03569805457e-09, 7.77790387652e-10, 8.14017409034e-10, 6.19442330763e-10, 3.36021210856e-10, 4.34785679682e-10, 2.83520207311e-10, 3.44306944067e-10, 1.72993827596e-10, 1.53608722964e-10, 2.07171294009e-10, 1.35532030043e-10, 6.848777101e-11, 4.27646980328e-11, 4.47303513673e-11, 1.28289288914e-11, 2.74777683246e-11, 2.63459306454e-11, 9.85501610873e-12],
        "max": [0.0266994945705, 0.027682589367, 0.0105743696913, 0.00912307482213, 0.00447058770806, 0.00268604699522, 0.00403529265895, 0.00411937851459, 0.00192742678337, 0.00424284860492, 0.00461324537173, 0.00591725902632, 0.00351099553518, 0.00286518316716, 0.00228767096996, 0.00213340763003, 0.00118067814037, 0.00157495948952, 0.00115768052638, 0.000783386349212, 0.000392938090954, 0.000401178491302, 0.000228182558203, 0.000252695579547, 0.000190984021174, 0.000133340698085, 0.000128523839521, 9.98276664177e-05, 0.000196323919226, 7.47518788557e-05, 7.97770408099e-05, 0.000106371779111, 0.000109976856038, 6.56292031636e-05, 6.69021756039e-05, 9.65234648902e-05, 4.05949394917e-05, 6.87712890795e-05, 8.29631826491e-05, 4.52413478342e-05],
        "mean": [0.00254677305929, 0.003161247354, 0.00127516465727, 0.000791904923972, 0.000450437772088, 0.00029742877814, 0.000286104448605, 0.00022831656679, 0.000115015151096, 0.000192026869627, 0.000221209222218, 0.000350770860678, 0.000115706810902, 0.000111480279884, 8.22678193799e-05, 9.07349894987e-05, 8.2471917267e-05, 8.91392046469e-05, 7.16716240277e-05, 4.54546134279e-05, 2.28963017435e-05, 1.65148012456e-05, 1.73940352397e-05, 2.09797563002e-05, 2.00530103029e-05, 1.23868094306e-05, 1.36813750942e-05, 1.15778702821e-05, 8.5107585619e-06, 5.6660392147e-06, 4.96560278407e-06, 4.68192411063e-06, 4.11992368754e-06, 3.89313981941e-06, 3.61239813174e-06, 2.58874297288e-06, 1.61810271493e-06, 2.13450834963e-06, 2.04222715183e-06, 1.72324587311e-06],
        "median": [0.0017416276969, 0.00264738942496, 0.000999173847958, 0.000556840619538, 0.000296666607028, 0.000202288327273, 0.000115046561405, 6.92535977578e-05, 4.53280008514e-05, 4.40257281298e-05, 6.90868109814e-05, 6.07451438555e-05, 2.37894546444e-05, 4.59465591121e-05, 3.33387069986e-05, 3.6431101762e-05, 3.78067488782e-05, 4.18931667809e-05, 2.93361863442e-05, 1.89029433386e-05, 1.25534488689e-05, 9.47494663706e-06, 1.11415101856e-05, 1.23772615552e-05, 1.22771134556e-05, 8.05706895335e-06, 8.1343587226e-06, 7.65440927353e-06, 5.21446600033e-06, 3.19991181641e-06, 2.3307079573e-06, 1.78438290277e-06, 1.62897038081e-06, 1.66877657648e-06, 1.57596196004e-06, 8.81804623987e-07, 5.89467845202e-07, 7.19227841728e-07, 7.76093429522e-07, 8.0517799006e-07],
        "min": [1.13940368252e-09, 1.90630666808e-09, 1.93886307009e-09, 1.29624233569e-09, 5.90746562779e-10, 1.64511237966e-10, 2.70863175639e-11, 5.12177938949e-11, 9.69148997165e-11, 7.67386154621e-11, 7.34732275021e-11, 2.94807817047e-10, 1.29329469356e-09, 1.76871417512e-09, 6.59171772721e-10, 1.5205302295e-10, 1.16762877145e-10, 1.68039693271e-10, 5.19191911685e-11, 8.70811131537e-11, 5.50427307899e-11, 8.51578443178e-12, 1.10639422971e-11, 2.70552677484e-11, 3.39985539721e-11, 6.97096373681e-12, 6.21158202999e-12, 1.10999438807e-11, 7.30566562107e-12, 4.66739320804e-12, 3.14059975942e-12, 1.36743134177e-12, 1.02091306329e-12, 6.87250874699e-13, 7.60823804132e-13, 6.56880203443e-13, 1.68230433382e-13, 4.9727393427e-14, 4.849000704e-14, 7.73223987009e-14],
        "stdev": [0.00318783172406, 0.00306512531824, 0.00109907460865, 0.000812150887214, 0.000474804488476, 0.000316498044413, 0.000490943901241, 0.000459689734271, 0.000178719565156, 0.000395741779357, 0.000429658481153, 0.000702780555002, 0.00028070420376, 0.000221942958888, 0.000170027691638, 0.000192314575543, 0.000132118831971, 0.000148249644553, 0.000113680107461, 7.54631109885e-05, 3.43102219631e-05, 2.64892496489e-05, 2.08525198104e-05, 2.55484992522e-05, 2.41398774961e-05, 1.34865376822e-05, 1.55743691721e-05, 1.3035786651e-05, 1.18796415336e-05, 8.03058446763e-06, 8.34520324133e-06, 9.29433645069e-06, 8.12618145574e-06, 6.69299151923e-06, 6.6950915425e-06, 6.46776470603e-06, 3.74360774913e-06, 5.41170493307e-06, 5.0419857871e-06, 3.48168669007e-06],
        "var": [1.01622708826e-05, 9.39499295782e-06, 1.20796505598e-06, 6.59589090901e-07, 2.2543930811e-07, 1.00171007489e-07, 2.4102590146e-07, 2.1131465644e-07, 3.19406829874e-08, 1.56611548618e-07, 1.84606406606e-07, 4.9390047252e-07, 7.87948479797e-08, 4.92586771372e-08, 2.89094135297e-08, 3.69848969228e-08, 1.74553864696e-08, 2.19779554556e-08, 1.29231674251e-08, 5.69468072698e-09, 1.17719123338e-09, 7.01680380466e-10, 4.34827618356e-10, 6.5272581784e-10, 5.82733694632e-10, 1.81886700146e-10, 2.42560971309e-10, 1.6993173535e-10, 1.41125874875e-10, 6.44902811708e-11, 6.96424098945e-11, 8.6384691067e-11, 6.60348234427e-11, 4.4796135551e-11, 4.48242519491e-11, 4.18319823225e-11, 1.40145985095e-11, 2.92865523499e-11, 2.54216196705e-11, 1.2122141832e-11]
    },
    "melbands128": {
