{
"lowlevel": {
    "average_loudness": 0.712959527969,
    "barkbands_crest": {
        "dmean": 2.08731937408,
        "dmean2": 3.17889332771,
        "dvar": 3.54658746719,
        "dvar2": 8.92901134491,
        "max": 20.4372596741,
        "mean": 10.0444431305,
        "median": 9.63644123077,
        "min": 3.84322595596,
        "stdev": 3.1272816658,
        "var": 9.7798910141
    },
    "barkbands_flatness_db": {
        "dmean": 0.0167637318373,
        "dmean2": 0.0244460199028,
        "dvar": 0.000278794323094,
        "dvar2": 0.000548209703993,
        "max": 0.397829443216,
        "mean": 0.187961697578,
        "median": 0.160026103258,
        "min": 0.0574013851583,
        "stdev": 0.0739608332515,
        "var": 0.00547020463273
    },
    "barkbands_kurtosis": {
        "dmean": 1.68043470383,
        "dmean2": 2.63173818588,
        "dvar": 5.04625320435,
        "dvar2": 11.4713964462,
        "max": 34.4844589233,
        "mean": 3.21899580956,
        "median": 1.8693561554,
        "min": -1.89558398724,
        "stdev": 4.44688367844,
        "var": 19.7747745514
    },
    "barkbands_skewness": {
        "dmean": 0.378171116114,
        "dmean2": 0.561150670052,
        "dvar": 0.158857494593,
        "dvar2": 0.308097392321,
        "max": 4.75346231461,
        "mean": 1.13539612293,
        "median": 1.24294424057,
        "min": -1.85475671291,
        "stdev": 1.12342643738,
        "var": 1.2620869875
    },
    "barkbands_spread": {
        "dmean": 3.30067420006,
        "dmean2": 4.72727155685,
        "dvar": 22.2802467346,
        "dvar2": 34.6316604614,
        "max": 98.9834671021,
        "mean": 16.0971870422,
        "median": 13.1964960098,
        "min": 2.50239181519,
        "stdev": 11.4845590591,
        "var": 131.895095825
    },
    "dissonance": {
        "dmean": 0.031593862921,
        "dmean2": 0.0530688986182,
        "dvar": 0.000975230883341,
        "dvar2": 0.002500024857,
        "max": 0.499999940395,
        "mean": 0.438210844994,
        "median": 0.445424705744,
        "min": 0.000309548748191,
        "stdev": 0.0383208990097,
        "var": 0.00146849139128
    },
    "dynamic_complexity": 3.37265062332,
    "erbbands_crest": {
        "dmean": 2.98191213608,
        "dmean2": 4.64108324051,
        "dvar": 6.47567892075,
        "dvar2": 13.982465744,
        "max": 28.6730918884,
        "mean": 11.5185709,
        "median": 10.4308156967,
        "min": 2.9730887413,
        "stdev": 4.77619028091,
        "var": 22.8119945526
    },
    "erbbands_flatness_db": {
        "dmean": 0.0167376790196,
        "dmean2": 0.0252335425466,
        "dvar": 0.000297886523185,
        "dvar2": 0.000588580325712,
        "max": 0.345131844282,
        "mean": 0.206742271781,
        "median": 0.205669716001,
        "min": 0.0627348199487,
        "stdev": 0.0618005394936,
        "var": 0.00381930661388
    },
    "erbbands_kurtosis": {
        "dmean": 0.953517973423,
        "dmean2": 1.48236846924,
        "dvar": 1.24450016022,
        "dvar2": 2.84222626686,
        "max": 13.5639247894,
        "mean": 1.02938020229,
        "median": 0.647457838058,
        "min": -1.74958610535,
        "stdev": 1.87600255013,
        "var": 3.51938557625
    },
    "erbbands_skewness": {
        "dmean": 0.325091958046,
        "dmean2": 0.488595843315,
        "dvar": 0.0831490233541,
        "dvar2": 0.19335950911,
        "max": 2.50376605988,
        "mean": 0.398821234703,
        "median": 0.412001281977,
        "min": -2.11041116714,
        "stdev": 0.680469810963,
        "var": 0.463039129972
    },
    "erbbands_spread": {
        "dmean": 5.37068796158,
        "dmean2": 8.04033470154,
        "dvar": 56.5747146606,
        "dvar2": 95.3065490723,
        "max": 127.900375366,
        "mean": 25.7743415833,
        "median": 21.0653591156,
        "min": 4.54053449631,
        "stdev": 17.9410133362,
        "var": 321.879943848
    },
    "hfc": {
        "dmean": 4.78031587601,
        "dmean2": 6.63782596588,
        "dvar": 60.6063079834,
        "dvar2": 105.12677002,
        "max": 108.882423401,
        "mean": 19.3757305145,
        "median": 10.1391525269,
        "min": 1.17116201592e-16,
        "stdev": 19.5859546661,
        "var": 383.609619141
    },
    "loudness_ebu128": {
        "integrated": -11.8476009369,
        "loudness_range": 3.27492713928,
        "momentary": {
            "dmean": 0.49890178442,
            "dmean2": 0.511473238468,
            "dvar": 0.274304479361,
            "dvar2": 0.230329707265,
            "max": -7.66485404968,
            "mean": -12.4826154709,
            "median": -12.446805954,
            "min": -17.0438098907,
            "stdev": 2.40278577805,
            "var": 5.77337932587
        },
        "short_term": {
            "dmean": 0.0959604457021,
            "dmean2": 0.0703155100346,
            "dvar": 0.00762456515804,
            "dvar2": 0.00536599382758,
            "max": -10.5417318344,
            "mean": -12.2621603012,
            "median": -11.864733696,
            "min": -14.7230100632,
            "stdev": 1.2354375124,
            "var": 1.52630591393
        }
    },
    "melbands_crest": {
        "dmean": 2.27436256409,
        "dmean2": 3.52860331535,
        "dvar": 4.63297510147,
        "dvar2": 10.3534069061,
        "max": 34.3399085999,
        "mean": 13.470615387,
        "median": 12.7215557098,
        "min": 3.63354825974,
        "stdev": 5.13823747635,
        "var": 26.4014835358
    },
    "melbands_flatness_db": {
        "dmean": 0.0183970704675,
        "dmean2": 0.0254305154085,
        "dvar": 0.000441521493485,
        "dvar2": 0.00069219636498,
        "max": 0.516485869884,
        "mean": 0.275121003389,
        "median": 0.247105762362,
        "min": 0.00719273881987,
        "stdev": 0.0941456779838,
        "var": 0.00886340904981
    },
    "melbands_kurtosis": {
        "dmean": 3.16841721535,
        "dmean2": 4.91486787796,
        "dvar": 22.6597137451,
        "dvar2": 48.1185874939,
        "max": 80.2194137573,
        "mean": 7.176404953,
        "median": 4.75166273117,
        "min": -1.65255212784,
        "stdev": 9.25586700439,
        "var": 85.6710662842
    },
    "melbands_skewness": {
        "dmean": 0.467175126076,
        "dmean2": 0.682207047939,
        "dvar": 0.241715192795,
        "dvar2": 0.452465623617,
        "max": 8.57201194763,
        "mean": 1.79149389267,
        "median": 1.8203356266,
        "min": -0.99375629425,
        "stdev": 1.33336520195,
        "var": 1.77786278725
    },
    "melbands_spread": {
        "dmean": 4.06489610672,
        "dmean2": 5.96866321564,
        "dvar": 43.7353591919,
        "dvar2": 72.1246643066,
        "max": 148.161026001,
        "mean": 20.5330410004,
        "median": 15.0590744019,
        "min": 2.66699314117,
        "stdev": 15.0927305222,
        "var": 227.790512085
    },
    "pitch_salience": {
        "dmean": 0.0533717721701,
        "dmean2": 0.0826125964522,
        "dvar": 0.00217956397682,
        "dvar2": 0.00515038566664,
        "max": 0.798254370689,
        "mean": 0.535661280155,
        "median": 0.534033119678,
        "min": 0.249688431621,
        "stdev": 0.0883595198393,
        "var": 0.00780740473419
    },
    "silence_rate_20dB": {
        "dmean": 0,
        "dmean2": 0,
        "dvar": 0,
        "dvar2": 0,
        "max": 1,
        "mean": 1,
        "median": 1,
        "min": 1,
        "stdev": 0,
        "var": 0
    },
    "silence_rate_30dB": {
        "dmean": 0.0108359130099,
        "dmean2": 0.0216886140406,
        "dvar": 0.0107184918597,
        "dvar2": 0.0258657447994,
        "max": 1,
        "mean": 0.988399088383,
        "median": 1,
        "min": 0,
        "stdev": 0.107080996037,
        "var": 0.0114663401619
    },
    "silence_rate_60dB": {
        "dmean": 0.000773993786424,
        "dmean2": 0.00154918665066,
        "dvar": 0.000773391744588,
        "dvar2": 0.00154677091632,
        "max": 1,
        "mean": 0.00154679035768,
        "median": 0,
        "min": 0,
        "stdev": 0.0392987206578,
        "var": 0.00154438940808
    },
    "spectral_centroid": {
        "dmean": 152.01940918,
        "dmean2": 214.212890625,
        "dvar": 104858.007812,
        "dvar2": 125251.359375,
        "max": 10880.8398438,
        "mean": 994.392700195,
        "median": 866.002563477,
        "min": 249.599868774,
        "stdev": 592.255493164,
        "var": 350766.5625
    },
    "spectral_complexity": {
        "dmean": 2.13235282898,
        "dmean2": 3.32920217514,
        "dvar": 4.90587615967,
        "dvar2": 9.90324115753,
        "max": 40,
        "mean": 13.7293119431,
        "median": 13,
        "min": 0,
        "stdev": 5.23679876328,
        "var": 27.4240627289
    },
    "spectral_decrease": {
        "dmean": 1.35251432276e-09,
        "dmean2": 1.97976746108e-09,
        "dvar": 4.64058911554e-18,
        "dvar2": 1.04273486392e-17,
        "max": -3.33966213026e-29,
        "mean": -6.68675692594e-09,
        "median": -5.32963717603e-09,
        "min": -5.40822426842e-08,
        "stdev": 5.10749176286e-09,
        "var": 2.60864707233e-17
    },
    "spectral_energy": {
        "dmean": 0.00545822968706,
        "dmean2": 0.0079575041309,
        "dvar": 7.23029806977e-05,
        "dvar2": 0.000158597438713,
        "max": 0.207658350468,
        "mean": 0.0269947871566,
        "median": 0.0209326650947,
        "min": 1.0748829166e-20,
        "stdev": 0.0204425361007,
        "var": 0.000417897244915
    },
    "spectral_energyband_high": {
        "dmean": 0.00012016929395,
        "dmean2": 0.000160385330673,
        "dvar": 8.64083631313e-08,
        "dvar2": 1.55101886889e-07,
        "max": 0.00519569264725,
        "mean": 0.000295141013339,
        "median": 0.000116718591016,
        "min": 7.81659264013e-21,
        "stdev": 0.000551704200916,
        "var": 3.04377550719e-07
    },
    "spectral_energyband_low": {
        "dmean": 0.0020187231712,
        "dmean2": 0.00301005202346,
        "dvar": 4.34352659795e-05,
        "dvar2": 0.000111678768008,
        "max": 0.163828313351,
        "mean": 0.00914722774178,
        "median": 0.00586783606559,
        "min": 7.52483625873e-23,
        "stdev": 0.0122490096837,
        "var": 0.000150038249558
    },
    "spectral_energyband_middle_high": {
        "dmean": 0.00238973554224,
        "dmean2": 0.00339559093118,
        "dvar": 1.90219943761e-05,
        "dvar2": 3.18900893035e-05,
        "max": 0.0575498193502,
        "mean": 0.00852933619171,
        "median": 0.00218513491563,
        "min": 1.43208238585e-21,
        "stdev": 0.0112568736076,
        "var": 0.000126717204694
    },
    "spectral_energyband_middle_low": {
        "dmean": 0.00317347422242,
        "dmean2": 0.00474317511544,
        "dvar": 1.78875325219e-05,
        "dvar2": 3.82152320526e-05,
        "max": 0.0610634461045,
        "mean": 0.0100196124986,
        "median": 0.0073915515095,
        "min": 5.09039295121e-22,
        "stdev": 0.00861785188317,
        "var": 7.42673655623e-05
    },
    "spectral_entropy": {
        "dmean": 0.160271704197,
        "dmean2": 0.235283017159,
        "dvar": 0.0282529238611,
        "dvar2": 0.0532132424414,
        "max": 9.80446624756,
        "mean": 6.97608757019,
        "median": 7.0031785965,
        "min": 5.65360164642,
        "stdev": 0.52149271965,
        "var": 0.271954625845
    },
    "spectral_flux": {
        "dmean": 0.0226285383105,
        "dmean2": 0.0350333116949,
        "dvar": 0.000607755617239,
        "dvar2": 0.00140212534461,
        "max": 0.296320587397,
        "mean": 0.0744085535407,
        "median": 0.0591481812298,
        "min": 1.03676560392e-10,
        "stdev": 0.0458834469318,
        "var": 0.00210529076867
    },
    "spectral_kurtosis": {
        "dmean": 5.46911907196,
        "dmean2": 9.46509552002,
        "dvar": 80.6067504883,
        "dvar2": 242.56048584,
        "max": 97.7110977173,
        "mean": 13.8286552429,
        "median": 8.26029586792,
        "min": -1.17144179344,
        "stdev": 15.3488769531,
        "var": 235.588027954
    },
    "spectral_rms": {
        "dmean": 0.000489538244437,
        "dmean2": 0.000701529264916,
        "dvar": 3.35265781359e-07,
        "dvar2": 6.00593921263e-07,
        "max": 0.0142335351557,
        "mean": 0.00482930289581,
        "median": 0.0045190830715,
        "min": 3.23831174549e-12,
        "stdev": 0.00173615466338,
        "var": 3.01423301607e-06
    },
    "spectral_rolloff": {
        "dmean": 260.530914307,
        "dmean2": 432.981903076,
        "dvar": 739940.3125,
        "dvar2": 1156779.875,
        "max": 18497.0214844,
        "mean": 1087.33520508,
        "median": 753.662109375,
        "min": 107.666015625,
        "stdev": 1231.99707031,
        "var": 1517816.875
    },
    "spectral_skewness": {
        "dmean": 0.43623277545,
        "dmean2": 0.719705283642,
        "dvar": 0.293984115124,
        "dvar2": 0.878746271133,
        "max": 7.48250484467,
        "mean": 2.40333890915,
        "median": 2.1429708004,
        "min": 0.02123391442,
        "stdev": 1.07848632336,
        "var": 1.16313278675
    },
    "spectral_spread": {
        "dmean": 472774.1875,
        "dmean2": 637718.875,
        "dvar": 1.11124034355e+12,
        "dvar2": 893203054592,
        "max": 39623292,
        "mean": 3454490.5,
        "median": 3104016,
        "min": 703363.4375,
        "stdev": 2399262.75,
        "var": 5.75646151475e+12
    },
    "spectral_strongpeak": {
        "dmean": 0.688342511654,
        "dmean2": 1.11236667633,
        "dvar": 1.38906061649,
        "dvar2": 3.04395413399,
        "max": 11.4157476425,
        "mean": 1.58630120754,
        "median": 0.409594655037,
        "min": 0,
        "stdev": 2.19828629494,
        "var": 4.83246278763
    },
    "zerocrossingrate": {
        "dmean": 0.00636655278504,
        "dmean2": 0.00705492636189,
        "dvar": 0.00026422040537,
        "dvar2": 0.000261477136519,
        "max": 0.50390625,
        "mean": 0.0421209596097,
        "median": 0.03662109375,
        "min": 0.00048828125,
        "stdev": 0.031138125807,
        "var": 0.000969582877588
    },
    "barkbands": {
        "dmean": [0.000122546582134, 0.00161383824889, 0.000628385925665, 0.000553195073735, 0.00142423482612, 0.000799839501269, 0.00067986943759, 0.000758059206419, 0.000833961879835, 0.000816770480014, 0.00032018055208, 0.000810789992101, 0.000995119102299, 0.000685691076797, 0.000228759818128, 0.000152010528836, 0.00028983419179, 0.000238378735958, 0.000112928632007, 3.54218318535e-05, 3.43780266121e-05, 1.96988385142e-05, 2.93745706585e-05, 2.32276706811e-05, 1.84143009392e-05, 1.16296805572e-05, 1.58639772962e-06],
        "dmean2": [0.000178094516741, 0.00245051388629, 0.000902654603124, 0.000862400280312, 0.0022347595077, 0.0012536336435, 0.00103963026777, 0.00119330536108, 0.00123475678265, 0.0012372698402, 0.000457931455458, 0.00118160422426, 0.00153953826521, 0.00103958649561, 0.000367374130292, 0.000232528982451, 0.000434311950812, 0.000353627168806, 0.000169732389622, 5.58738211112e-05, 5.17741718795e-05, 2.95149584417e-05, 4.28399835073e-05, 3.13810560328e-05, 2.59042844846e-05, 1.68106544152e-05, 2.42194846578e-06],
        "dvar": [1.92542557897e-07, 3.05912835756e-05, 3.22499204231e-06, 2.54213932749e-06, 4.36605068899e-06, 2.47048387791e-06, 1.30768148665e-06, 4.88658679387e-06, 6.5497633841e-06, 3.37383539772e-06, 6.13051838627e-07, 5.08777884534e-06, 9.58219698077e-06, 4.81421238874e-06, 9.11926463232e-07, 3.3080027606e-07, 5.46912190202e-07, 2.91012923981e-07, 7.12749113063e-08, 8.90694096256e-09, 6.76243949727e-09, 2.08559636228e-09, 5.91626569957e-09, 1.03743351687e-08, 5.27377963522e-09, 1.39358957707e-09, 6.66986882392e-11],
        "dvar2": [3.30548601823e-07, 8.32186779007e-05, 7.73080591898e-06, 6.09978542343e-06, 1.21583270811e-05, 6.08363006904e-06, 3.16343721352e-06, 1.0909091543e-05, 1.28101164591e-05, 7.52613368604e-06, 1.20524634895e-06, 1.0018955436e-05, 1.88199755939e-05, 9.96956532617e-06, 2.21321784011e-06, 7.28049712961e-07, 1.12500117666e-06, 6.10632866938e-07, 1.68677743773e-07, 2.0987972249e-08, 1.57069681705e-08, 4.7406585324e-09, 1.18773382241e-08, 1.7742884495e-08, 8.40767011567e-09, 2.53012188978e-09, 1.41983619306e-10],
        "max": [0.0120252119377, 0.100287541747, 0.0411945357919, 0.0443816930056, 0.025542806834, 0.0253070779145, 0.0173652544618, 0.0401218533516, 0.0426397025585, 0.0364834330976, 0.0177000015974, 0.0415956713259, 0.0465302318335, 0.0386180542409, 0.0209213104099, 0.0128991706297, 0.0108865462244, 0.00767731759697, 0.0047292560339, 0.0013867499074, 0.00151241663843, 0.000727933715098, 0.00176529237069, 0.00232114293613, 0.00194352865219, 0.000989298219793, 0.000319211947499],
        "mean": [0.00084440712817, 0.00578222936019, 0.00196050503291, 0.00118288595695, 0.00267494423315, 0.00146744924132, 0.00129768357147, 0.00118202785961, 0.00152118899859, 0.00157148670405, 0.00054079684196, 0.00137629359961, 0.00215344317257, 0.00137718871702, 0.000340051803505, 0.000267437135335, 0.000482920557261, 0.000459023634903, 0.000193837782717, 6.00864332228e-05, 6.55537805869e-05, 3.97499970859e-05, 5.46715891687e-05, 3.8852707803e-05, 3.47470449924e-05, 2.27250639e-05, 2.62579646915e-06],
        "median": [0.000188257574337, 0.00327723659575, 0.00119614996947, 0.000601110572461, 0.00185961264651, 0.000689328007866, 0.000675277144182, 0.000450371328043, 0.000181886454811, 0.000294025201583, 9.51176916715e-05, 0.000176403758815, 0.000136592992931, 8.76177509781e-05, 4.07207407989e-05, 3.61809761671e-05, 8.94573968253e-05, 6.4230618591e-05, 5.30491597601e-05, 1.36133321575e-05, 2.18643999688e-05, 1.37205724968e-05, 1.07425375973e-05, 3.05847083837e-06, 5.26392750544e-06, 3.77564788323e-06, 2.75909570746e-07],
        "min": [6.53479909883e-24, 4.40694683456e-23, 1.75195878076e-23, 2.62911751819e-23, 1.83754646555e-22, 9.86248544966e-23, 4.51047820194e-23, 6.76283196526e-23, 6.22575147961e-23, 1.10148395761e-22, 7.17087437056e-23, 7.30072213774e-23, 1.3443477246e-22, 5.87073188674e-23, 1.11801166642e-22, 1.6149377436e-22, 2.22596377858e-22, 1.29290604186e-22, 2.09408516789e-22, 3.42194860257e-22, 4.49521166083e-22, 3.81493941558e-22, 5.74209454773e-22, 1.02331763639e-21, 1.41567397805e-21, 1.7838363975e-21, 2.29015534681e-21],
        "stdev": [0.00175847893115, 0.00904903095216, 0.00276723317802, 0.00263947760686, 0.002859801054, 0.0023160870187, 0.00184321787674, 0.00273495423608, 0.00419349223375, 0.00332347303629, 0.00139637943357, 0.00364420213737, 0.00537268863991, 0.00390729447827, 0.00119062862359, 0.000862203363795, 0.00109344767407, 0.000939299818128, 0.000368488108506, 0.000126446204376, 0.000117453229905, 6.9178371632e-05, 0.000125935752294, 0.000170642408193, 0.000130066837301, 7.22733457224e-05, 1.43267943713e-05],
        "var": [3.09224810735e-06, 8.18849657662e-05, 7.65757886256e-06, 6.96684264767e-06, 8.17846193968e-06, 5.36425932296e-06, 3.39745224665e-06, 7.47997455619e-06, 1.75853765541e-05, 1.1045473002e-05, 1.9498754682e-06, 1.32802088046e-05, 2.88657829515e-05, 1.5266950868e-05, 1.41759653616e-06, 7.43394593883e-07, 1.19562787404e-06, 8.82284155068e-07, 1.35783480459e-07, 1.59886432982e-08, 1.37952618218e-08, 4.7856469898e-09, 1.58598130184e-08, 2.91188300139e-08, 1.69173812736e-08, 5.22343679421e-09, 2.05257033592e-10]
    },
    "erbbands": {
        "dmean": [0.0481431521475, 0.390960723162, 0.717115342617, 1.28715991974, 2.30751204491, 6.49294090271, 6.78157329559, 6.40524482727, 8.22005176544, 12.2531032562, 18.0329475403, 19.7837982178, 25.6381912231, 15.0891513824, 13.6876220703, 36.2828025818, 51.4955673218, 33.0633621216, 19.9513664246, 6.85012578964, 8.31714439392, 13.8040447235, 12.9028339386, 7.804666996, 3.14280223846, 1.52798259258, 1.7377371788, 1.0882256031, 0.65270280838, 0.898847579956, 0.774050235748, 0.528709888458, 0.373035341501, 0.258129119873, 0.112911552191, 0.0554175488651, 0.0212152600288, 0.00477959401906, 0.000149387444253, 8.26815812616e-06],
        "dmean2": [0.072228744626, 0.590686678886, 1.03242254257, 1.90934216976, 3.63022351265, 10.2745361328, 10.4635438919, 9.76629257202, 12.6495990753, 19.3301773071, 27.2991504669, 29.1674022675, 39.9109230042, 22.8117313385, 20.6221141815, 52.2873687744, 74.9401550293, 47.052734375, 30.5857143402, 9.99957561493, 13.2164106369, 20.6078491211, 18.569814682, 12.1099843979, 4.69480609894, 2.32147550583, 2.65209841728, 1.64848303795, 0.95922011137, 1.29680120945, 1.12408220768, 0.74060344696, 0.489662647247, 0.367605865002, 0.160340487957, 0.0768631324172, 0.0312315057963, 0.00706590944901, 0.000226985066547, 1.17493054859e-05],
        "dvar": [0.0302148349583, 1.80969715118, 3.96413898468, 12.1152801514, 16.948184967, 117.199798584, 128.083099365, 207.073379517, 144.239044189, 740.73260498, 3660.25463867, 4514.85498047, 4680.1796875, 1235.10778809, 1554.90246582, 8908.57617188, 19846.5566406, 8448.21582031, 4831.2578125, 470.652770996, 921.834655762, 1147.50146484, 923.544677734, 390.482147217, 52.4600601196, 14.6839170456, 20.2538146973, 5.90038251877, 2.1046090126, 5.06829309464, 4.87788438797, 4.59020662308, 3.08500051498, 1.3076261282, 0.133056566119, 0.0350574068725, 0.00384491146542, 0.000426531216362, 4.1436931042e-07, 2.6765153982e-10],
        "dvar2": [0.0891027674079, 4.80991458893, 9.94219875336, 25.7194728851, 40.7692756653, 330.58972168, 330.989532471, 502.660675049, 341.513275146, 1691.00061035, 8063.66162109, 9408.50292969, 10726.546875, 2908.18139648, 3294.85253906, 18354.2617188, 37075.7773438, 14880.7080078, 10434.2675781, 802.762817383, 2049.79663086, 2325.46386719, 1860.07995605, 981.357116699, 113.945594788, 30.7489891052, 48.2829856873, 13.4497871399, 4.40699768066, 11.2192687988, 9.30746555328, 8.69468307495, 4.96325540543, 2.24547624588, 0.219575673342, 0.0653307139874, 0.00733632454649, 0.000874786288477, 7.7221494621e-07, 5.1008791635e-10],
        "max": [3.97764706612, 25.6979999542, 45.7551002502, 98.8205566406, 74.7969818115, 147.830810547, 133.641342163, 270.954406738, 164.581283569, 395.640258789, 1164.38574219, 1326.56652832, 1411.578125, 544.073547363, 807.525268555, 1622.61047363, 2165.90429688, 1947.98522949, 1313.17919922, 696.914428711, 748.525634766, 504.765228271, 534.883544922, 333.969696045, 104.371749878, 70.5935134888, 79.9471435547, 30.3554916382, 26.0372009277, 42.3694801331, 57.5274620056, 44.2217254639, 45.0773162842, 27.3830013275, 9.22764110565, 4.02892494202, 1.66536641121, 0.758443951607, 0.0256700944155, 0.000644102634396],
        "mean": [0.229317560792, 1.03742182255, 2.36058020592, 3.19654464722, 4.864153862, 10.7366018295, 12.2380409241, 11.6120290756, 17.0913829803, 20.9127807617, 29.6399726868, 37.9372177124, 50.4815559387, 31.9127788544, 26.8699398041, 69.3316650391, 112.362556458, 68.7481460571, 37.8306312561, 14.0911188126, 16.4952964783, 26.6095981598, 28.9179267883, 14.6199293137, 5.83178043365, 2.98046374321, 3.06356167793, 2.17543029785, 1.36729502678, 1.6629203558, 1.47420668602, 0.901504576206, 0.620766639709, 0.442736417055, 0.215269058943, 0.10293546319, 0.0407290197909, 0.00890625920147, 0.000295081379591, 3.82416947105e-05],
        "median": [0.125529929996, 0.559864342213, 1.25729429722, 1.93823647499, 2.89283871651, 6.66368961334, 7.03980827332, 5.34691476822, 9.30094051361, 9.08421897888, 9.07221508026, 6.78941106796, 10.2653303146, 9.39318752289, 7.50530815125, 12.0446586609, 11.1853761673, 6.76942586899, 4.63573122025, 2.33732295036, 3.32324790955, 4.46683073044, 4.06790685654, 3.92292881012, 1.61689817905, 0.83170992136, 0.809247374535, 0.881128668785, 0.483540773392, 0.366196066141, 0.298282593489, 0.113194219768, 0.0405784770846, 0.0417664684355, 0.036606233567, 0.0151813905686, 0.00617817929015, 0.0016029055696, 5.57598468731e-05, 2.81850752799e-05],
        "min": [1.50500332478e-21, 8.7965641747e-21, 2.16720819657e-20, 5.28765609987e-20, 1.98794300362e-19, 7.21564330786e-19, 1.24104502581e-18, 5.97350909198e-19, 5.46947382355e-19, 1.3186584521e-18, 1.26523282089e-18, 1.36519883869e-18, 1.90165327988e-18, 5.12541166668e-18, 2.5049508422e-18, 3.1072382102e-18, 5.52970363569e-18, 3.3706822072e-18, 5.79237607998e-18, 9.56314259521e-18, 5.47798168635e-18, 1.28099232796e-17, 8.19991834004e-18, 9.64471418413e-18, 1.12693870699e-17, 1.65855883584e-17, 1.91538369223e-17, 1.51160672586e-17, 1.22036238788e-17, 1.59986524286e-17, 1.7040279615e-17, 1.61414155305e-17, 1.88649854523e-17, 1.28160493792e-17, 1.14639606295e-17, 5.47889158502e-18, 3.06795933201e-18, 1.81715553954e-18, 2.78932488684e-19, 3.19904573269e-20],
        "stdev": [0.310717791319, 2.00106096268, 3.32284545898, 6.15946817398, 6.82292366028, 13.4387693405, 15.5840301514, 19.9207038879, 19.5736160278, 41.2973251343, 75.5589675903, 106.275848389, 113.511955261, 68.5375595093, 65.5730361938, 161.434738159, 265.453094482, 169.939041138, 97.1327896118, 43.8201942444, 44.8173980713, 54.9384613037, 59.0491638184, 27.6071357727, 11.7432804108, 5.83898878098, 5.93513250351, 3.52121281624, 2.38632893562, 3.43674969673, 3.62203550339, 3.31443023682, 3.08646440506, 1.91357946396, 0.666584014893, 0.344461351633, 0.119483664632, 0.0367303788662, 0.00130993360654, 3.94947783207e-05],
        "var": [0.0965455472469, 4.00424480438, 11.041302681, 37.9390487671, 46.5522880554, 180.600524902, 242.861999512, 396.834411621, 383.126464844, 1705.46911621, 5709.15722656, 11294.5556641, 12884.9648438, 4697.39697266, 4299.82324219, 26061.1757812, 70465.3515625, 28879.2792969, 9434.77832031, 1920.20935059, 2008.59924316, 3018.23461914, 3486.80395508, 762.153930664, 137.904632568, 34.093788147, 35.2257995605, 12.3989400864, 5.69456577301, 11.8112478256, 13.119140625, 10.9854478836, 9.52626228333, 3.66178655624, 0.444334238768, 0.118653617799, 0.0142763452604, 0.00134912086651, 1.71592614606e-06, 1.55983759242e-09]
    },
    "gfcc": {
        "mean": [-39.9003372192, 141.420425415, -112.802253723, 14.113658905, -37.0275840759, 6.36610364914, -26.4113674164, 5.78050279617, -18.7531204224, 1.28239107132, -8.34175109863, 6.60203552246, -14.6143579483],
        "cov": [[9073.14941406, -4583.5859375, -508.950408936, 573.508666992, -978.593383789, 930.9453125, -480.912261963, 463.809020996, -603.296325684, 528.020507812, -489.842926025, 723.505004883, -599.886962891], [-4583.5859375, 3811.2746582, -210.905578613, -513.321655273, 935.758972168, -743.112121582, 455.531433105, -420.870391846, 457.978240967, -419.927429199, 327.569122314, -498.958557129, 382.68157959], [-508.950408936, -210.905578613, 973.492858887, 100.589660645, -288.150421143, 90.6608963013, -182.267990112, 166.867660522, -41.2234458923, 64.418296814, -0.208382621408, -33.1298675537, 91.1389465332], [573.508666992, -513.321655273, 100.589660645, 259.090148926, -163.390655518, 62.9687271118, -59.9349708557, 72.8358383179, -34.4123001099, 64.9774246216, -30.8961277008, 41.3883476257, -15.4025793076], [-978.593383789, 935.758972168, -288.150421143, -163.390655518, 531.762634277, -184.332473755, 94.4298400879, -140.603591919, 160.122436523, -80.6518249512, 48.0145606995, -104.280448914, 64.4728622437], [930.9453125, -743.112121582, 90.6608963013, 62.9687271118, -184.332473755, 278.883728027, -92.5780258179, 78.2601318359, -82.1467819214, 70.0810241699, -59.1614265442, 88.6826477051, -62.7040328979], [-480.912261963, 455.531433105, -182.267990112, -59.9349708557, 94.4298400879, -92.5780258179, 263.798461914, -50.4961662292, 60.5639381409, -68.2204437256, 48.5804901123, -48.7465591431, 3.55531907082], [463.809020996, -420.870391846, 166.867660522, 72.8358383179, -140.603591919, 78.2601318359, -50.4961662292, 176.457351685, -41.7323913574, 62.946182251, -21.7856636047, 40.3893280029, -29.2207584381], [-603.296325684, 457.978240967, -41.2234458923, -34.4123001099, 160.122436523, -82.1467819214, 60.5639381409, -41.7323913574, 189.403289795, -29.2478466034, 21.4929046631, -86.2423171997, 40.6298370361], [528.020507812, -419.927429199, 64.418296814, 64.9774246216, -80.6518249512, 70.0810241699, -68.2204437256, 62.946182251, -29.2478466034, 117.26978302, -20.9755573273, 46.9458885193, -38.546257019], [-489.842926025, 327.569122314, -0.208382621408, -30.8961277008, 48.0145606995, -59.1614265442, 48.5804901123, -21.7856636047, 21.4929046631, -20.9755573273, 122.906066895, -37.0790176392, 27.4272689819], [723.505004883, -498.958557129, -33.1298675537, 41.3883476257, -104.280448914, 88.6826477051, -48.7465591431, 40.3893280029, -86.2423171997, 46.9458885193, -37.0790176392, 149.356140137, -61.9082527161], [-599.886962891, 382.68157959, 91.1389465332, -15.4025793076, 64.4728622437, -62.7040328979, 3.55531907082, -29.2207584381, 40.6298370361, -38.546257019, 27.4272689819, -61.9082527161, 146.741867065]],
        "icov": [[0.000447724829428, -9.58393065957e-05, 0.000530723831616, -0.000385303224903, 0.000272105273325, -0.000633204064798, 0.000277117913356, -0.000464741897304, 0.000421143398853, -0.000815021048766, 0.000846718787216, -0.000569040304981, 0.000491776911076], [-9.58393065957e-05, 0.00348292291164, -0.00102455483284, 0.00240754103288, -0.00191506976262, 0.00346793350764, -0.00154466170352, 0.00175187923014, -0.00174466334283, 0.00394290545955, -0.00335774966516, 0.00267214747146, -0.0026024337858], [0.000530723831616, -0.00102455483284, 0.00273821596056, -0.000843974936288, 0.00181241950486, -0.00166862504557, 0.00173898704816, -0.00224491627887, 0.000676242168993, -0.00209664809518, 0.00148485985119, -0.000348519417457, -0.000108779910079], [-0.000385303224903, 0.00240754103288, -0.000843974936288, 0.00729675544426, 9.07338398974e-05, 0.0031360690482, -0.000893206510227, 0.000757925212383, -0.00219675595872, 0.0013530945871, -0.00231458549388, 0.00194538128562, -0.00287379859947], [0.000272105273325, -0.00191506976262, 0.00181241950486, 9.07338398974e-05, 0.00539507390931, -0.00101798726246, 0.00160463154316, -0.000416240945924, -0.00110083457548, -0.00281428219751, 0.00207952666096, -0.00127513823099, 0.00070221000351], [-0.000633204064798, 0.00346793350764, -0.00166862504557, 0.0031360690482, -0.00101798726246, 0.00999552570283, -0.00102547835559, 0.00169162033126, -0.00200356449932, 0.00370060955174, -0.00298255146481, 0.00197443948127, -0.00226949341595], [0.000277117913356, -0.00154466170352, 0.00173898704816, -0.000893206510227, 0.00160463154316, -0.00102547835559, 0.00657810783014, -0.00162484904286, -0.000254878919804, 0.000181835741387, 0.000360168109182, -0.000810675206594, 0.00207017501816], [-0.000464741897304, 0.00175187923014, -0.00224491627887, 0.000757925212383, -0.000416240945924, 0.00169162033126, -0.00162484904286, 0.0103974482045, -0.00121543346904, -6.91888781148e-05, -0.00213195267133, 0.00124367210083, -0.000737637339626], [0.000421143398853, -0.00174466334283, 0.000676242168993, -0.00219675595872, -0.00110083457548, -0.00200356449932, -0.000254878919804, -0.00121543346904, 0.0101059582084, -0.00355303450488, 0.0029828210827, 0.00187783769798, 0.00151584064588], [-0.000815021048766, 0.00394290545955, -0.00209664809518, 0.0013530945871, -0.00281428219751, 0.00370060955174, 0.000181835741387, -6.91888781148e-05, -0.00355303450488, 0.0195543970913, -0.00576085830107, 0.00202028173953, -0.00132113520522], [0.000846718787216, -0.00335774966516, 0.00148485985119, -0.00231458549388, 0.00207952666096, -0.00298255146481, 0.000360168109182, -0.00213195267133, 0.0029828210827, -0.00576085830107, 0.0143643151969, -0.00232653389685, 0.00242589204572], [-0.000569040304981, 0.00267214747146, -0.000348519417457, 0.00194538128562, -0.00127513823099, 0.00197443948127, -0.000810675206594, 0.00124367210083, 0.00187783769798, 0.00202028173953, -0.00232653389685, 0.0147488405928, -0.000535021245014], [0.000491776911076, -0.0026024337858, -0.000108779910079, -0.00287379859947, 0.00070221000351, -0.00226949341595, 0.00207017501816, -0.000737637339626, 0.00151584064588, -0.00132113520522, 0.00242589204572, -0.000535021245014, 0.0124565605074]]
    },
    "melbands": {
        "dmean": [0.000425576552516, 0.000398867821787, 0.000226513540838, 0.000279032537946, 0.000257198116742, 0.000144179561175, 0.000128750063595, 0.000133066336275, 0.00015375467774, 0.000125846054289, 0.000129794221721, 6.72665482853e-05, 4.46653502877e-05, 7.5332900451e-05, 0.000140063319122, 8.85911431396e-05, 6.84156038915e-05, 4.27911836596e-05, 1.41836308103e-05, 8.68915594765e-06, 1.16451683425e-05, 1.46594975377e-05, 1.76619923877e-05, 9.66127481661e-06, 6.78843844071e-06, 3.45156149706e-06, 1.28848455461e-06, 1.08295421342e-06, 1.29797513182e-06, 8.25298570817e-07, 6.36620484329e-07, 3.69764705965e-07, 4.52762066061e-07, 5.71596103782e-07, 5.06107483034e-07, 4.06757806104e-07, 3.22621389159e-07, 2.68536751946e-07, 2.27973799838e-07, 2.33158630181e-07],
        "dmean2": [0.000639389851131, 0.000577936065383, 0.000341360835591, 0.000442177639343, 0.000396509451093, 0.00022273187642, 0.000199002344743, 0.000208789511817, 0.000228428587434, 0.000185901852092, 0.000202065450139, 0.000100519842817, 6.56016054563e-05, 0.000109428990982, 0.000193724554265, 0.000133080029627, 9.89629188552e-05, 6.55653857393e-05, 2.26330048463e-05, 1.21400717035e-05, 1.88127050933e-05, 2.25621333811e-05, 2.58957770711e-05, 1.36840171763e-05, 1.07772038973e-05, 5.2486907407e-06, 1.98037878363e-06, 1.6676742689e-06, 2.03189051717e-06, 1.28047440739e-06, 1.00774445855e-06, 5.58455496957e-07, 6.87697877311e-07, 8.3686529706e-07, 7.51285881506e-07, 5.85594705171e-07, 4.72694324571e-07, 3.61147527883e-07, 3.36489392794e-07, 3.40451293823e-07],
        "dvar": [2.13879002331e-06, 1.44544389968e-06, 3.30106587398e-07, 1.77828823666e-07, 1.66990133721e-07, 9.20361600265e-08, 3.56765177401e-08, 8.31940170087e-08, 2.66513296765e-07, 1.80328299848e-07, 1.17575446268e-07, 2.42018565189e-08, 1.30481714322e-08, 4.5296921769e-08, 1.2793981341e-07, 6.42184616595e-08, 4.38735412445e-08, 2.17539160019e-08, 2.6186104396e-09, 9.24944842939e-10, 2.00677807705e-09, 1.44234468813e-09, 2.17758922005e-09, 6.60577925693e-10, 3.01223296306e-10, 8.12318545762e-11, 1.03317155178e-11, 8.37021164185e-12, 1.16130976363e-11, 4.41723871022e-12, 2.53320368154e-12, 6.25743380722e-13, 1.527795143e-12, 2.20673284333e-12, 2.14913698816e-12, 1.7624206131e-12, 2.31793620756e-12, 1.80886848469e-12, 1.18226999371e-12, 1.00294111124e-12],
        "dvar2": [6.04302158536e-06, 3.64397669728e-06, 7.07426352164e-07, 5.05012110352e-07, 4.47090826583e-07, 2.24662542792e-07, 8.61609095182e-08, 1.89941104622e-07, 5.83405892485e-07, 3.56739519702e-07, 2.67360178441e-07, 5.60110642311e-08, 2.80562808541e-08, 9.4828891406e-08, 2.45423564138e-07, 1.3345578509e-07, 7.83187203979e-08, 4.81864965707e-08, 6.00583938137e-09, 1.6788233026e-09, 4.38701297512e-09, 3.10405789961e-09, 4.58929250158e-09, 1.2903862423e-09, 7.64722563051e-10, 1.90260709965e-10, 2.41766051623e-11, 1.73855287805e-11, 2.79697775357e-11, 1.07775880234e-11, 6.23573675335e-12, 1.27724230931e-12, 3.69375710574e-12, 4.8354688309e-12, 4.73261577497e-12, 2.71801743439e-12, 5.15028731468e-12, 2.79877683529e-12, 1.97289905766e-12, 1.92758265946e-12],
        "max": [0.0312990546227, 0.0232730284333, 0.0163327343762, 0.0054166642949, 0.00471928995103, 0.00550297042355, 0.0022211347241, 0.00388916023076, 0.00977238453925, 0.00850775465369, 0.0070291380398, 0.00227515585721, 0.0027965886984, 0.00385896582156, 0.00613286765292, 0.0037589839194, 0.00443068845198, 0.00230484898202, 0.000726705940906, 0.000876413425431, 0.00120613828767, 0.000562887755223, 0.00089302228298, 0.000559908163268, 0.000272438832326, 0.000120562814118, 5.79194165766e-05, 6.10779170529e-05, 5.3709391068e-05, 4.36123918917e-05, 2.46821382461e-05, 1.2721729945e-05, 2.30469740927e-05, 2.62797293544e-05, 3.74869232473e-05, 3.08158450935e-05, 3.17568992614e-05, 3.60923040716e-05, 2.58794225374e-05, 2.10215694096e-05],
        "mean": [0.00180251954589, 0.00125296635088, 0.000600224477239, 0.00053649651818, 0.000474720349303, 0.000266361690592, 0.000263048423221, 0.000222945483983, 0.000248373660725, 0.000231048441492, 0.000249573058682, 0.000130912099849, 8.1073740148e-05, 0.000121375232993, 0.000253080041148, 0.00018258873024, 0.00013407348888, 7.44968565414e-05, 2.29140805459e-05, 1.54696172103e-05, 2.06238910323e-05, 2.55870891124e-05, 3.46942906617e-05, 1.84369728231e-05, 1.14404501801e-05, 5.45085686099e-06, 2.24790846914e-06, 1.89389311345e-06, 2.07512380257e-06, 1.51389235725e-06, 1.15919908694e-06, 7.43940404391e-07, 7.80885272889e-07, 1.0028976476e-06, 9.04555065517e-07, 6.77997888943e-07, 4.969068641e-07, 4.3954753437e-07, 3.81674027494e-07, 3.75450468937e-07],
        "median": [0.0010081185028, 0.000720240583178, 0.000375848117983, 0.000355064927135, 0.000289273011731, 0.000120184988191, 0.000140765245305, 9.42774495343e-05, 6.41504884697e-05, 3.19158680213e-05, 4.04509737564e-05, 3.10534778691e-05, 1.6489339032e-05, 2.13800813071e-05, 2.85592486762e-05, 1.30981989059e-05, 8.66980462888e-06, 7.18664978194e-06, 2.80852236756e-06, 2.44089414991e-06, 3.93477694161e-06, 4.62168554805e-06, 3.9317737901e-06, 2.87267471322e-06, 2.83048552774e-06, 1.1194306353e-06, 5.02021350712e-07, 3.63781396118e-07, 4.16271063841e-07, 4.62630652009e-07, 4.2763070951e-07, 2.45023443313e-07, 2.38230256855e-07, 1.54559529619e-07, 1.40410691074e-07, 8.66495710738e-08, 4.1232834036e-08, 2.15452118368e-08, 2.0558328373e-08, 3.47480266782e-08],
        "min": [1.26469533459e-23, 1.14242031656e-23, 1.29190646043e-23, 3.1527144777e-23, 4.2335460568e-23, 1.46183546134e-23, 7.79563311706e-24, 1.54845901516e-23, 1.08179509382e-23, 8.2910385544e-24, 9.02047141219e-24, 2.05615727199e-23, 8.13467922324e-24, 1.06280374084e-23, 9.75175493766e-24, 1.11609942025e-23, 5.2814813473e-24, 8.65924727052e-24, 9.83244830851e-24, 1.49120806606e-23, 4.23627890764e-24, 1.38288452645e-23, 7.82997538771e-24, 8.42451776387e-24, 7.56920558257e-24, 7.97762175017e-24, 9.81528111749e-24, 1.07872145507e-23, 1.33202350845e-23, 9.60409832e-24, 8.53111969343e-24, 7.0314690802e-24, 6.89881107493e-24, 9.15639609046e-24, 9.03953029166e-24, 1.07595957416e-23, 9.52909658058e-24, 1.32337222867e-23, 1.3174034704e-23, 9.50064631203e-24],
        "stdev": [0.00254973280244, 0.00199753302149, 0.001045099576, 0.000596332654823, 0.00054977502441, 0.000435356603703, 0.000307111942675, 0.000425332516897, 0.000655208656099, 0.000679923745338, 0.000580662454013, 0.000296504265862, 0.000209535253816, 0.000303263281239, 0.000570595031604, 0.000447390135378, 0.000384990184102, 0.00020346340898, 7.24000710761e-05, 5.55075930606e-05, 6.30081194686e-05, 5.5535343563e-05, 8.34248567116e-05, 4.50818042737e-05, 2.29208035307e-05, 1.25243586808e-05, 4.91314176543e-06, 4.18776744482e-06, 4.44005581812e-06, 2.74125500255e-06, 1.99095734388e-06, 1.31948274884e-06, 1.61229445439e-06, 2.24433233598e-06, 2.2215010631e-06, 2.19397816181e-06, 2.06866616281e-06, 2.36868186221e-06, 1.8594590756e-06, 1.56388830419e-06],
        "var": [6.50113724987e-06, 3.99013833885e-06, 1.09223321942e-06, 3.55612655767e-07, 3.02252573192e-07, 1.89535370509e-07, 9.43177411727e-08, 1.8090776166e-07, 4.29298381732e-07, 4.62296327441e-07, 3.37168899023e-07, 8.79147847854e-08, 4.39050218404e-08, 9.1968615834e-08, 3.25578696447e-07, 2.00157941777e-07, 1.48217452534e-07, 4.13973566538e-08, 5.24177012906e-09, 3.08109293634e-09, 3.97002342112e-09, 3.08417424932e-09, 6.95970614473e-09, 2.03236916185e-09, 5.25363252901e-10, 1.56859553124e-10, 2.41389616629e-11, 1.75373951472e-11, 1.97140966746e-11, 7.51447949005e-12, 3.9639112305e-12, 1.74103472524e-12, 2.59949332025e-12, 5.03702765262e-12, 4.93506667823e-12, 4.81354062512e-12, 4.27937980191e-12, 5.61065343491e-12, 3.45758816543e-12, 2.4457465133e-12]
    },
    "melbands128": {
