{
"lowlevel": {
    "average_loudness": 0.961435496807,
    "barkbands_crest": {
        "dmean": 2.97830653191,
        "dmean2": 4.52059364319,
        "dvar": 6.88380432129,
        "dvar2": 15.5744838715,
        "max": 24.9967002869,
        "mean": 12.1685256958,
        "median": 11.8041219711,
        "min": 3.18222308159,
        "stdev": 4.67249393463,
        "var": 21.8321990967
    },
    "barkbands_flatness_db": {
        "dmean": 0.0298664011061,
        "dmean2": 0.0413085594773,
        "dvar": 0.00076223234646,
        "dvar2": 0.00154914532322,
        "max": 0.441697239876,
        "mean": 0.169774845243,
        "median": 0.167731702328,
        "min": 0.036657653749,
        "stdev": 0.059699550271,
        "var": 0.00356403645128
    },
    "barkbands_kurtosis": {
        "dmean": 8.83620357513,
        "dmean2": 12.8466920853,
        "dvar": 192.169937134,
        "dvar2": 404.843566895,
        "max": 167.558532715,
        "mean": 12.1940402985,
        "median": 7.319647789,
        "min": -1.95875191689,
        "stdev": 18.220281601,
        "var": 331.978668213
    },
    "barkbands_skewness": {
        "dmean": 1.09494841099,
        "dmean2": 1.50979697704,
        "dvar": 1.31944954395,
        "dvar2": 2.66461443901,
        "max": 12.173576355,
        "mean": 2.50825977325,
        "median": 2.51799988747,
        "min": -4.03403997421,
        "stdev": 2.14967036247,
        "var": 4.62108278275
    },
    "barkbands_spread": {
        "dmean": 14.310631752,
        "dmean2": 21.5282173157,
        "dvar": 293.091827393,
        "dvar2": 624.299438477,
        "max": 119.97505188,
        "mean": 32.4652748108,
        "median": 20.8095741272,
        "min": 1.88577604294,
        "stdev": 27.5684700012,
        "var": 760.020568848
    },
    "dissonance": {
        "dmean": 0.0349059551954,
        "dmean2": 0.0549698174,
        "dvar": 0.00149424152914,
        "dvar2": 0.00339664076455,
        "max": 0.499876946211,
        "mean": 0.422819554806,
        "median": 0.445002883673,
        "min": 0.0167750958353,
        "stdev": 0.068872988224,
        "var": 0.00474348897114
    },
    "dynamic_complexity": 4.43746376038,
    "erbbands_crest": {
        "dmean": 3.61772441864,
        "dmean2": 5.85619544983,
        "dvar": 13.0637512207,
        "dvar2": 31.8143672943,
        "max": 30.6901950836,
        "mean": 11.8773946762,
        "median": 10.4080018997,
        "min": 2.27147436142,
        "stdev": 6.67954730988,
        "var": 44.6163520813
    },
    "erbbands_flatness_db": {
        "dmean": 0.024333473295,
        "dmean2": 0.0351154506207,
        "dvar": 0.000524244096596,
        "dvar2": 0.00111466133967,
        "max": 0.314176380634,
        "mean": 0.145000711083,
        "median": 0.140983909369,
        "min": 0.032449837774,
        "stdev": 0.0526707731187,
        "var": 0.00277421041392
    },
    "erbbands_kurtosis": {
        "dmean": 3.63373279572,
        "dmean2": 5.64004230499,
        "dvar": 24.473526001,
        "dvar2": 55.7840232849,
        "max": 63.0476379395,
        "mean": 4.16844177246,
        "median": 1.86861610413,
        "min": -1.87168765068,
        "stdev": 6.92728805542,
        "var": 47.9873199463
    },
    "erbbands_skewness": {
        "dmean": 0.862929701805,
        "dmean2": 1.26264894009,
        "dvar": 0.756551980972,
        "dvar2": 1.68210661411,
        "max": 7.05474758148,
        "mean": 1.00407838821,
        "median": 1.16303515434,
        "min": -3.96771883965,
        "stdev": 1.84908676147,
        "var": 3.41912174225
    },
    "erbbands_spread": {
        "dmean": 21.7831268311,
        "dmean2": 33.5103645325,
        "dvar": 452.930053711,
        "dvar2": 1041.2878418,
        "max": 164.272796631,
        "mean": 61.8672599792,
        "median": 56.8694877625,
        "min": 4.15125370026,
        "stdev": 37.0766334534,
        "var": 1374.67687988
    },
    "hfc": {
        "dmean": 20.8246612549,
        "dmean2": 32.1490592957,
        "dvar": 1219.50402832,
        "dvar2": 2813.49853516,
        "max": 461.960906982,
        "mean": 35.6986122131,
        "median": 20.2297935486,
        "min": 1.16291654723e-16,
        "stdev": 47.3402252197,
        "var": 2241.09692383
    },
    "loudness_ebu128": {
        "integrated": -11.1238632202,
        "loudness_range": 3.00624084473,
        "momentary": {
            "dmean": 1.05223143101,
            "dmean2": 1.44343173504,
            "dvar": 0.887753546238,
            "dvar2": 1.69097697735,
            "max": -7.79406261444,
            "mean": -11.9261493683,
            "median": -10.9587926865,
            "min": -22.7072086334,
            "stdev": 2.95690536499,
            "var": 8.74328994751
        },
        "short_term": {
            "dmean": 0.121184006333,
            "dmean2": 0.14345780015,
            "dvar": 0.0104828132316,
            "dvar2": 0.0130371358246,
            "max": -9.63656139374,
            "mean": -11.2337427139,
            "median": -10.7419166565,
            "min": -16.6713466644,
            "stdev": 1.39112055302,
            "var": 1.93521642685
        }
    },
    "melbands_crest": {
        "dmean": 4.6014046669,
        "dmean2": 6.85447263718,
        "dvar": 20.8000640869,
        "dvar2": 38.7143478394,
        "max": 38.9222068787,
        "mean": 19.7583408356,
        "median": 17.7909603119,
        "min": 2.06921052933,
        "stdev": 8.91305160522,
        "var": 79.4424819946
    },
    "melbands_flatness_db": {
        "dmean": 0.0363632515073,
        "dmean2": 0.0485691428185,
        "dvar": 0.00121284008492,
        "dvar2": 0.00228132586926,
        "max": 0.53169041872,
        "mean": 0.23299176991,
        "median": 0.238483443856,
        "min": 0.00760708283633,
        "stdev": 0.0798701867461,
        "var": 0.00637924624607
    },
    "melbands_kurtosis": {
        "dmean": 33.8354797363,
        "dmean2": 46.5131378174,
        "dvar": 4464.78662109,
        "dvar2": 7925.08886719,
        "max": 1365.91015625,
        "mean": 56.7003211975,
        "median": 29.3588066101,
        "min": -1.90431463718,
        "stdev": 97.2351837158,
        "var": 9454.68066406
    },
    "melbands_skewness": {
        "dmean": 1.79275393486,
        "dmean2": 2.40436816216,
        "dvar": 4.42233514786,
        "dvar2": 7.82633543015,
        "max": 35.7618026733,
        "mean": 5.02962732315,
        "median": 4.35216522217,
        "min": -2.10262417793,
        "stdev": 3.93246984482,
        "var": 15.4643192291
    },
    "melbands_spread": {
        "dmean": 13.773103714,
        "dmean2": 20.4374828339,
        "dvar": 632.838745117,
        "dvar2": 1219.23754883,
        "max": 278.930786133,
        "mean": 28.4275302887,
        "median": 11.596162796,
        "min": 0.755797147751,
        "stdev": 44.1266059875,
        "var": 1947.15734863
    },
    "pitch_salience": {
        "dmean": 0.0929315537214,
        "dmean2": 0.136468455195,
        "dvar": 0.00862045306712,
        "dvar2": 0.0164288543165,
        "max": 0.885457336903,
        "mean": 0.516629338264,
        "median": 0.543210983276,
        "min": 0.0149316843599,
        "stdev": 0.179974779487,
        "var": 0.0323909185827
    },
    "silence_rate_20dB": {
        "dmean": 0,
        "dmean2": 0,
        "dvar": 0,
        "dvar2": 0,
        "max": 1,
        "mean": 1,
        "median": 1,
        "min": 1,
        "stdev": 0,
        "var": 0
    },
    "silence_rate_30dB": {
        "dmean": 0.0402476787567,
        "dmean2": 0.0805577039719,
        "dvar": 0.0386280454695,
        "dvar2": 0.091109700501,
        "max": 1,
        "mean": 0.968290805817,
        "median": 1,
        "min": 0,
        "stdev": 0.175225093961,
        "var": 0.0307038351893
    },
    "silence_rate_60dB": {
        "dmean": 0.0611455105245,
        "dmean2": 0.122385747731,
        "dvar": 0.0574063621461,
        "dvar2": 0.121351249516,
        "max": 1,
        "mean": 0.146945089102,
        "median": 0,
        "min": 0,
        "stdev": 0.354049056768,
        "var": 0.125350728631
    },
    "spectral_centroid": {
        "dmean": 491.247009277,
        "dmean2": 744.536193848,
        "dvar": 549838.8125,
        "dvar2": 1112717.625,
        "max": 10838.2880859,
        "mean": 1433.0300293,
        "median": 885.304443359,
        "min": 274.890869141,
        "stdev": 1211.64196777,
        "var": 1468076.125
    },
    "spectral_complexity": {
        "dmean": 2.10448908806,
        "dmean2": 3.33075141907,
        "dvar": 7.13222742081,
        "dvar2": 15.7116699219,
        "max": 34,
        "mean": 7.23665904999,
        "median": 6,
        "min": 0,
        "stdev": 5.26098585129,
        "var": 27.6779708862
    },
    "spectral_decrease": {
        "dmean": 3.97645649741e-09,
        "dmean2": 5.59685586765e-09,
        "dvar": 4.0786297389e-17,
        "dvar2": 8.52478376488e-17,
        "max": -6.971674558e-30,
        "mean": -7.49945883172e-09,
        "median": -5.3074424855e-09,
        "min": -5.04155970305e-08,
        "stdev": 8.29466717533e-09,
        "var": 6.88015084553e-17
    },
    "spectral_energy": {
        "dmean": 0.0164164025337,
        "dmean2": 0.0232525318861,
        "dvar": 0.00067045976175,
        "dvar2": 0.00141969544347,
        "max": 0.20328181982,
        "mean": 0.0315426923335,
        "median": 0.0230833142996,
        "min": 1.05743102126e-20,
        "stdev": 0.0334597565234,
        "var": 0.00111955532338
    },
    "spectral_energyband_high": {
        "dmean": 0.00202709669247,
        "dmean2": 0.00324430246837,
        "dvar": 1.33640633067e-05,
        "dvar2": 3.12538832077e-05,
        "max": 0.0459644757211,
        "mean": 0.00282366853207,
        "median": 0.00103248888627,
        "min": 7.91935125199e-21,
        "stdev": 0.00478344783187,
        "var": 2.28813714784e-05
    },
    "spectral_energyband_low": {
        "dmean": 0.00921020749956,
        "dmean2": 0.0132517488673,
        "dvar": 0.000490649603307,
        "dvar2": 0.00105251069181,
        "max": 0.138117551804,
        "mean": 0.0111278770491,
        "median": 0.000804024282843,
        "min": 2.37303875331e-23,
        "stdev": 0.0242491606623,
        "var": 0.000588021764997
    },
    "spectral_energyband_middle_high": {
        "dmean": 0.000928778026719,
        "dmean2": 0.00134891667403,
        "dvar": 5.61633305551e-06,
        "dvar2": 1.4186939552e-05,
        "max": 0.03092093952,
        "mean": 0.00166914891452,
        "median": 0.000350179412635,
        "min": 1.5802040591e-21,
        "stdev": 0.00358525617048,
        "var": 1.28540623336e-05
    },
    "spectral_energyband_middle_low": {
        "dmean": 0.00604528794065,
        "dmean2": 0.00846437551081,
        "dvar": 7.85590600572e-05,
        "dvar2": 0.000155121437274,
        "max": 0.0860682055354,
        "mean": 0.0156238637865,
        "median": 0.00789063796401,
        "min": 2.55238684809e-22,
        "stdev": 0.0175917260349,
        "var": 0.000309468799969
    },
    "spectral_entropy": {
        "dmean": 0.30730766058,
        "dmean2": 0.434466004372,
        "dvar": 0.104191713035,
        "dvar2": 0.217774361372,
        "max": 9.81547927856,
        "mean": 7.8449215889,
        "median": 7.91577386856,
        "min": 5.43253087997,
        "stdev": 0.64207470417,
        "var": 0.41225990653
    },
    "spectral_flux": {
        "dmean": 0.0399149768054,
        "dmean2": 0.0618604533374,
        "dvar": 0.00231043132953,
        "dvar2": 0.00599774625152,
        "max": 0.346747815609,
        "mean": 0.0990702807903,
        "median": 0.0859831869602,
        "min": 1.02831465565e-10,
        "stdev": 0.0675443261862,
        "var": 0.00456223636866
    },
    "spectral_kurtosis": {
        "dmean": 0.772246897221,
        "dmean2": 1.11190319061,
        "dvar": 0.849707365036,
        "dvar2": 1.7237341404,
        "max": 8.51507282257,
        "mean": 1.04745364189,
        "median": 0.635017871857,
        "min": -1.41356861591,
        "stdev": 1.47758984566,
        "var": 2.18327188492
    },
    "spectral_rms": {
        "dmean": 0.00130172935314,
        "dmean2": 0.00169752666261,
        "dvar": 2.55731833931e-06,
        "dvar2": 4.7165617616e-06,
        "max": 0.0140827456489,
        "mean": 0.00481521477923,
        "median": 0.00474555650726,
        "min": 3.21191532572e-12,
        "stdev": 0.00275445403531,
        "var": 7.58701662562e-06
    },
    "spectral_rolloff": {
        "dmean": 1441.8918457,
        "dmean2": 2416.12133789,
        "dvar": 6984459,
        "dvar2": 14088382,
        "max": 18346.2890625,
        "mean": 2920.50317383,
        "median": 624.462890625,
        "min": 43.06640625,
        "stdev": 4005.44458008,
        "var": 16043587
    },
    "spectral_skewness": {
        "dmean": 0.275383472443,
        "dmean2": 0.388280928135,
        "dvar": 0.0812707915902,
        "dvar2": 0.172547951341,
        "max": 2.69772696495,
        "mean": 1.10260295868,
        "median": 1.08349430561,
        "min": -0.137166455388,
        "stdev": 0.525298595428,
        "var": 0.275938630104
    },
    "spectral_spread": {
        "dmean": 1037067.8125,
        "dmean2": 1472037.375,
        "dvar": 1.33403325235e+12,
        "dvar2": 2.03255250944e+12,
        "max": 42368468,
        "mean": 9810455,
        "median": 9775039,
        "min": 5204869.5,
        "stdev": 2135559.5,
        "var": 4.56061406413e+12
    },
    "spectral_strongpeak": {
        "dmean": 0.599593222141,
        "dmean2": 0.976272761822,
        "dvar": 1.07169389725,
        "dvar2": 2.56336188316,
        "max": 15.5417203903,
        "mean": 1.13090693951,
        "median": 0.513310194016,
        "min": 0,
        "stdev": 1.34375715256,
        "var": 1.8056833744
    },
    "zerocrossingrate": {
        "dmean": 0.027839967981,
        "dmean2": 0.0300132222474,
        "dvar": 0.00102971796878,
        "dvar2": 0.00104311143514,
        "max": 0.505859375,
        "mean": 0.113636977971,
        "median": 0.0830078125,
        "min": 0.01123046875,
        "stdev": 0.0869328826666,
        "var": 0.00755732599646
    },
    "barkbands": {
        "dmean": [0.00390495685861, 0.0058052809909, 9.3065224064e-05, 0.000346414803062, 0.00116801122203, 0.00213519833051, 0.00209598988295, 0.00250981375575, 0.00169074814767, 0.000509528850671, 0.000243498419877, 0.000339596386766, 0.000224213959882, 8.06687021395e-05, 3.01789805235e-05, 2.51246037806e-05, 2.08084529731e-05, 2.09055451705e-05, 3.32913077727e-05, 7.04350750311e-05, 0.000138238276122, 0.000241948888288, 0.000393287627958, 0.000561093795113, 0.00040154819726, 0.000361375394277, 8.30818753457e-05],
        "dmean2": [0.00561961485073, 0.00840177573264, 0.000145622630953, 0.000520504487213, 0.0017063113628, 0.0031327905599, 0.00322390231304, 0.00360276922584, 0.00234033633024, 0.000831855053548, 0.000376446463633, 0.000571406155359, 0.000330099021085, 0.000134178248118, 4.98261979374e-05, 3.85468993045e-05, 3.16090627166e-05, 3.32347226504e-05, 5.3983698308e-05, 0.000117998482892, 0.000235659666942, 0.00040593513404, 0.000650844362099, 0.00092432461679, 0.000639293168206, 0.000583508168347, 0.000129831474624],
        "dvar": [9.08848669496e-05, 0.000198946101591, 1.00147218518e-07, 3.80036055958e-07, 7.37223217584e-06, 1.9691135094e-05, 2.34534309129e-05, 4.02692094212e-05, 1.80745864782e-05, 3.97398889618e-06, 7.09789901521e-07, 1.46100944676e-06, 1.02394517398e-06, 7.8914347057e-08, 6.47264020159e-09, 3.08838243868e-09, 1.07659892112e-09, 1.94213134463e-09, 2.97788105286e-09, 1.94348803717e-08, 5.43765779071e-08, 1.80666546612e-07, 5.09108247115e-07, 1.08741312488e-06, 5.43165185718e-07, 4.92320111789e-07, 2.80093477301e-08],
        "dvar2": [0.000190112608834, 0.00043488535448, 2.38707315248e-07, 8.34078434764e-07, 1.27985422296e-05, 3.96089562855e-05, 5.6282056903e-05, 7.1617665526e-05, 3.32257732225e-05, 9.31803879212e-06, 1.59474109296e-06, 3.84038776247e-06, 2.26036149797e-06, 2.20548685093e-07, 1.74703416178e-08, 7.04116009942e-09, 2.41938558077e-09, 4.70071004344e-09, 6.98231916729e-09, 5.19564302692e-08, 1.43095434169e-07, 4.37914053464e-07, 1.11291751637e-06, 2.7043386126e-06, 1.21768050576e-06, 1.14284182473e-06, 5.4987729925e-08],
        "max": [0.0675425827503, 0.0861043408513, 0.00455911131576, 0.0102938041091, 0.0570948943496, 0.0689139068127, 0.0680193454027, 0.0821399018168, 0.0593819394708, 0.0303106196225, 0.0118970302865, 0.0145360305905, 0.023206602782, 0.00504717649892, 0.00118941999972, 0.00065346993506, 0.000434540444985, 0.00068898848258, 0.000604931497946, 0.00188934290782, 0.00206959387287, 0.00470556830987, 0.00872314441949, 0.01210090518, 0.00882040150464, 0.00958821736276, 0.00220966828056],
        "mean": [0.00433020712808, 0.00705682253465, 0.000147500963067, 0.000651697861031, 0.00214256346226, 0.00391760654747, 0.00282102986239, 0.0035960804671, 0.00223749387078, 0.000584469933528, 0.000306633970467, 0.000354851188604, 0.000251167279202, 9.80629774858e-05, 3.80292476621e-05, 3.67390130123e-05, 3.14029384754e-05, 2.81699904008e-05, 5.03866758663e-05, 7.85120791988e-05, 0.000137145703775, 0.000279935193248, 0.000521054607816, 0.000734622532036, 0.000556709477678, 0.000456833833596, 9.69478787738e-05],
        "median": [4.85352902615e-05, 0.000330101902364, 2.98752092931e-05, 0.000158478418598, 0.00087503506802, 0.0010706166504, 0.000209794117836, 0.000123037549201, 0.000105538681964, 3.22053165291e-05, 2.68786861852e-05, 2.00911563297e-05, 1.87560544873e-05, 9.49271452555e-06, 6.50787023915e-06, 8.73656517797e-06, 9.63569254964e-06, 1.01009263744e-05, 1.84726559382e-05, 3.08610797219e-05, 4.72623687529e-05, 8.44634632813e-05, 0.000151981497766, 0.000244185270276, 0.000171492196387, 0.000102428144601, 1.27049761431e-05],
        "min": [1.73441640749e-23, 8.84633431166e-24, 6.23448527424e-24, 9.95387687879e-24, 1.25139403532e-23, 2.3369540467e-23, 4.50442448335e-23, 4.64192388576e-23, 1.09290796671e-22, 5.45259837273e-23, 7.09547188979e-23, 1.31369978423e-22, 1.21632695928e-22, 7.1420929382e-23, 1.08356343598e-22, 1.53350218085e-22, 1.35105089659e-22, 3.13088215261e-22, 1.32136751223e-22, 5.36844054566e-22, 4.11878137324e-22, 3.969722508e-22, 8.09632912898e-22, 7.56797912475e-22, 1.32162418864e-21, 1.80798478034e-21, 2.34217947395e-21],
        "stdev": [0.0103744873777, 0.0154885342345, 0.000357061217073, 0.00101256440394, 0.00420681573451, 0.00790838897228, 0.00655181379989, 0.00964166410267, 0.0059772990644, 0.00206788093783, 0.00103160808794, 0.00121476163622, 0.00109392451122, 0.000320736988215, 9.21201572055e-05, 7.46004880057e-05, 4.79202753922e-05, 5.24126553501e-05, 8.0080688349e-05, 0.000134232730488, 0.000233079234022, 0.000513215083629, 0.00102033652365, 0.00126008107327, 0.00104623276275, 0.000875331519637, 0.000232072678045],
        "var": [0.00010762999591, 0.000239894681727, 1.27492711499e-07, 1.02528656498e-06, 1.76972989721e-05, 6.25426109764e-05, 4.29262654507e-05, 9.29616799112e-05, 3.57281060133e-05, 4.27613167631e-06, 1.06421532564e-06, 1.47564571762e-06, 1.19667095078e-06, 1.02872213859e-07, 8.48612291549e-09, 5.56523271911e-09, 2.29635288562e-09, 2.74708633619e-09, 6.41291686421e-09, 1.80184240861e-08, 5.43259304209e-08, 2.63389694055e-07, 1.041086648e-06, 1.58780437687e-06, 1.09460290787e-06, 7.66205289437e-07, 5.38577253906e-08]
    },
    "erbbands": {
        "dmean": [0.410085618496, 0.381983429193, 0.122220717371, 0.560144722462, 2.28724074364, 4.59627771378, 7.20946502686, 22.4079017639, 29.948469162, 34.2520179749, 56.7879447937, 40.6460571289, 20.822933197, 11.6688375473, 8.51983547211, 12.3565254211, 10.1314277649, 5.69702148438, 1.77574968338, 1.22036325932, 1.28659582138, 1.16385138035, 1.09680855274, 1.17561733723, 2.34917783737, 3.32148361206, 4.23367357254, 6.62462949753, 8.13149166107, 11.5237846375, 10.8997001648, 9.07253360748, 10.5113077164, 5.4335436821, 2.60542106628, 1.38782393932, 0.673575639725, 0.220058172941, 0.00851741619408, 0.000171299834619],
        "dmean2": [0.589668750763, 0.572111070156, 0.1867723912, 0.83601307869, 3.48298001289, 6.58235025406, 10.1481323242, 32.4334411621, 43.8406486511, 48.3016471863, 78.9811553955, 55.2977027893, 29.3131389618, 19.5246047974, 12.8830423355, 19.8421287537, 15.3074092865, 9.09644317627, 2.72536253929, 1.91606473923, 1.94117283821, 1.77974772453, 1.73269784451, 1.91581249237, 3.80464577675, 5.51534557343, 7.23335695267, 11.3390884399, 13.5544586182, 19.4765701294, 18.2770881653, 14.7667684555, 17.3958759308, 8.86923217773, 4.08993387222, 2.24773049355, 1.07916045189, 0.353861153126, 0.0135853607208, 0.000271402794169],
        "dvar": [0.988878190517, 0.886840939522, 0.152556017041, 1.06015396118, 14.9333992004, 157.953826904, 466.98248291, 2340.07202148, 4948.67578125, 10350.9716797, 23810.9746094, 10520.5390625, 5894.5, 1869.37365723, 1052.52807617, 1551.42053223, 2370.9621582, 406.915039062, 23.2254600525, 7.19078588486, 8.40553760529, 3.54525494576, 6.14580535889, 3.77009248734, 16.6749649048, 33.2438545227, 55.2244110107, 149.574645996, 202.106262207, 438.400054932, 415.18270874, 298.021850586, 368.133300781, 100.844406128, 23.6324119568, 6.78646326065, 1.79937517643, 0.201313108206, 0.000288114679279, 1.052710914e-07],
        "dvar2": [2.13143610954, 2.07698583603, 0.381706595421, 2.18011283875, 34.3987464905, 296.753204346, 818.47064209, 4694.79443359, 11079.7900391, 22337.6777344, 43149.1992188, 20394.5800781, 10166.8994141, 5216.24414062, 1866.11853027, 4140.90283203, 5943.77636719, 970.686767578, 60.4371681213, 14.9113712311, 18.0584373474, 8.25683021545, 14.729973793, 9.41108417511, 42.1492500305, 86.9727706909, 144.776901245, 399.528076172, 496.217041016, 984.467956543, 953.310424805, 724.299194336, 911.273803711, 249.709182739, 49.3201789856, 16.179643631, 4.17898368835, 0.437685191631, 0.000587569258641, 2.20065089707e-07],
        "max": [6.08236646652, 6.51225328445, 5.85182476044, 19.1029415131, 58.3782424927, 222.261688232, 516.753723145, 699.999023438, 1240.4107666, 1532.98291016, 2057.19360352, 1372.11303711, 1415.95373535, 588.261474609, 560.792053223, 469.090026855, 1037.92333984, 324.808227539, 81.8046646118, 28.2760295868, 38.3464736938, 23.2110691071, 40.4728889465, 27.1791152954, 51.8573646545, 65.5712509155, 70.4776611328, 126.768569946, 154.703948975, 261.347686768, 265.993652344, 231.583496094, 221.726623535, 114.219490051, 62.3484764099, 37.7244262695, 16.6853179932, 4.78862714767, 0.220509067178, 0.00380344409496],
        "mean": [0.490985542536, 0.474374622107, 0.208980485797, 1.12512326241, 4.30471324921, 7.60499286652, 12.3210992813, 40.4346160889, 47.8392486572, 49.8393707275, 78.65184021, 52.5986862183, 27.8061294556, 15.4105367661, 12.901049614, 13.5151853561, 11.646777153, 7.13572406769, 2.60990214348, 1.9083237648, 2.05618548393, 1.83439826965, 1.5814563036, 1.67011165619, 3.33357167244, 3.80496621132, 4.40584421158, 6.52353429794, 9.43794822693, 13.0248241425, 14.950966835, 13.1667118073, 13.2033920288, 6.94577693939, 3.61344313622, 1.86297369003, 0.830318391323, 0.259860336781, 0.00998751819134, 0.000230175937759],
        "median": [0.00841173063964, 0.0582546181977, 0.0796092450619, 0.331814795732, 2.01149368286, 2.09258508682, 3.74994730949, 11.2569904327, 7.55324602127, 4.55940341949, 3.62458014488, 2.98326396942, 1.77350759506, 1.13724815845, 1.07292592525, 0.903802037239, 0.936282515526, 0.642549872398, 0.462267458439, 0.417178094387, 0.486806750298, 0.585677802563, 0.578296482563, 0.685117661953, 1.31835174561, 1.43460333347, 1.53727471828, 2.10468697548, 2.86273980141, 3.98055410385, 4.04943180084, 3.90077853203, 4.35461759567, 2.21313214302, 1.02824795246, 0.448945939541, 0.183076873422, 0.0436218157411, 0.00150156102609, 7.62426716392e-05],
        "min": [2.26367461151e-22, 2.36205038791e-21, 8.61167072854e-21, 1.92056797951e-20, 4.22629031615e-20, 3.46458557272e-20, 6.69371483031e-20, 2.59851008766e-19, 3.42196967993e-19, 9.43530700141e-19, 1.28214121979e-18, 2.62858911477e-18, 2.15452983776e-18, 2.89946967227e-18, 4.85972621701e-18, 3.64786112468e-18, 5.55766234039e-18, 3.34945344396e-18, 5.22098080593e-18, 6.42465474224e-18, 8.87510368785e-18, 8.90431557118e-18, 1.52259218071e-17, 1.06286885362e-17, 1.05179960538e-17, 2.52177739158e-17, 1.79437891457e-17, 1.6128177332e-17, 1.51298414702e-17, 1.65123597132e-17, 2.49454859105e-17, 1.36987958494e-17, 1.4690673085e-17, 1.28863580769e-17, 1.14754228712e-17, 5.37281063454e-18, 3.655194908e-18, 1.35084508371e-18, 3.50620613459e-19, 3.42839771339e-20],
        "stdev": [1.09295749664, 1.01810872555, 0.410725593567, 1.78231561184, 6.30618953705, 18.3834972382, 30.286567688, 84.1629257202, 107.68157196, 132.127563477, 217.029281616, 137.75479126, 99.4396743774, 48.0158729553, 44.2561836243, 40.4618759155, 48.0353813171, 24.0582008362, 6.52685451508, 3.89035177231, 3.97562909126, 2.72574830055, 2.99760007858, 2.68487429619, 5.07747888565, 5.9936542511, 7.74720239639, 11.9310512543, 16.61054039, 26.2304878235, 29.6678657532, 23.84308815, 22.5445976257, 12.456905365, 7.22322177887, 3.46740150452, 1.65750265121, 0.576716125011, 0.0228536501527, 0.000428471481428],
        "var": [1.19455599785, 1.03654539585, 0.168695524335, 3.17664909363, 39.7680244446, 337.95300293, 917.276184082, 7083.39746094, 11595.3203125, 17457.6933594, 47101.7070312, 18976.3828125, 9888.24902344, 2305.52392578, 1958.60986328, 1637.16333008, 2307.39770508, 578.797058105, 42.5998268127, 15.1348361969, 15.8056259155, 7.4297041893, 8.98560619354, 7.20854949951, 25.780790329, 35.9238929749, 60.0191459656, 142.349975586, 275.910064697, 688.038452148, 880.182250977, 568.492858887, 508.258880615, 155.174499512, 52.1749305725, 12.0228738785, 2.74731492996, 0.332601487637, 0.000522289308719, 1.83587815172e-07]
    },
    "gfcc": {
        "mean": [-23.7164478302, 21.57995224, -52.148311615, 13.5193119049, -92.4353408813, 10.5700349808, -45.9454231262, 8.25284671783, -25.5743904114, 11.1571950912, -13.6641407013, 8.56008338928, -14.8768386841],
        "cov": [[7422.25146484, 248.850128174, -503.06854248, -706.858520508, -414.048919678, -6.27745056152, -140.547424316, 115.539367676, 136.782943726, 72.9366989136, 3.55856585503, -23.97615242, -99.4802093506], [248.850128174, 1592.06884766, -152.227996826, -477.957855225, -83.19972229, 95.3516693115, 41.8091392517, -13.558719635, 57.4415740967, -56.4164619446, 30.1540966034, -37.3270378113, -45.6058769226], [-503.06854248, -152.227996826, 975.583496094, 678.624328613, 395.115905762, 108.242759705, 154.848571777, 83.7408905029, 138.092025757, 130.925704956, 122.887008667, 238.041549683, 157.290847778], [-706.858520508, -477.957855225, 678.624328613, 979.044799805, 493.825164795, 168.193008423, 116.638702393, 106.367355347, 148.548355103, 156.936508179, 132.397613525, 186.604629517, 191.286331177], [-414.048919678, -83.19972229, 395.115905762, 493.825164795, 644.420288086, 260.182769775, 220.865753174, 164.002166748, 196.293533325, 162.124908447, 113.887153625, 161.281021118, 149.267852783], [-6.27745056152, 95.3516693115, 108.242759705, 168.193008423, 260.182769775, 453.867828369, 371.472595215, 193.494781494, 113.834289551, 98.9108276367, 92.2085952759, 85.1785964966, 75.0108718872], [-140.547424316, 41.8091392517, 154.848571777, 116.638702393, 220.865753174, 371.472595215, 523.02130127, 221.783081055, 91.3515090942, 99.9380950928, 82.0482788086, 137.167694092, 73.8299484253], [115.539367676, -13.558719635, 83.7408905029, 106.367355347, 164.002166748, 193.494781494, 221.783081055, 218.38822937, 148.684570312, 99.6044158936, 80.9678573608, 87.356880188, 68.1315002441], [136.782943726, 57.4415740967, 138.092025757, 148.548355103, 196.293533325, 113.834289551, 91.3515090942, 148.684570312, 265.065307617, 165.531677246, 89.4637145996, 91.1124343872, 77.3734664917], [72.9366989136, -56.4164619446, 130.925704956, 156.936508179, 162.124908447, 98.9108276367, 99.9380950928, 99.6044158936, 165.531677246, 188.642166138, 94.2056655884, 74.0763244629, 65.7093811035], [3.55856585503, 30.1540966034, 122.887008667, 132.397613525, 113.887153625, 92.2085952759, 82.0482788086, 80.9678573608, 89.4637145996, 94.2056655884, 132.161972046, 87.7882537842, 56.0038528442], [-23.97615242, -37.3270378113, 238.041549683, 186.604629517, 161.281021118, 85.1785964966, 137.167694092, 87.356880188, 91.1124343872, 74.0763244629, 87.7882537842, 167.606933594, 108.789039612], [-99.4802093506, -45.6058769226, 157.290847778, 191.286331177, 149.267852783, 75.0108718872, 73.8299484253, 68.1315002441, 77.3734664917, 65.7093811035, 56.0038528442, 108.789039612, 138.030456543]],
        "icov": [[0.000167342615896, 2.34461353443e-07, 2.65441267402e-05, 0.000113988971862, 0.000116549992526, -0.000220142275793, 0.000324427179294, -0.000273558485787, 5.61085907975e-05, -0.000255641411059, 0.000218458138988, -0.000458246388007, 0.0002503368014], [2.34461353443e-07, 0.00104279303923, -0.000413878733525, 0.000968098465819, -0.000189802842215, -0.000353124603862, -0.000323961256072, 0.00112184497993, -0.00137813424226, 0.0014673746191, -0.00144377280958, 0.00111270707566, -0.000725795456674], [2.65441267402e-05, -0.000413878733525, 0.00280750379898, -0.00188273924869, -9.21718165046e-05, 0.000391022826079, -9.25924250623e-05, 0.000283436995232, 0.000250548881013, -0.000653019640595, 0.00107821577694, -0.0037042577751, 0.00174155388959], [0.000113988971862, 0.000968098465819, -0.00188273924869, 0.00382060231641, -0.00121950777248, -0.000811785517726, 0.0005888575688, 0.000554494094104, -0.000405949802371, 0.000572871533222, -0.0017863829853, 0.0019495486049, -0.00243284692988], [0.000116549992526, -0.000189802842215, -9.21718165046e-05, -0.00121950777248, 0.00367995188572, -0.00131286226679, 0.000340770930052, -0.000381651159842, -0.000732159998734, -0.000855591264553, 0.00106432568282, -0.00119882798754, -0.000112886875286], [-0.000220142275793, -0.000353124603862, 0.000391022826079, -0.000811785517726, -0.00131286226679, 0.00781233608723, -0.00554829463363, -0.000215871419641, -0.000999267445877, 0.00174616021104, -0.0032079401426, 0.00520821660757, -0.00242186733522], [0.000324427179294, -0.000323961256072, -9.25924250623e-05, 0.0005888575688, 0.000340770930052, -0.00554829463363, 0.00911996606737, -0.0060652717948, 0.00481130089611, -0.00452795810997, 0.00486121419817, -0.00820018630475, 0.00412774644792], [-0.000273558485787, 0.00112184497993, 0.000283436995232, 0.000554494094104, -0.000381651159842, -0.000215871419641, -0.0060652717948, 0.0163938421756, -0.00887260586023, 0.00501603959128, -0.00550971226767, 0.00378396641463, -0.00339680863544], [5.61085907975e-05, -0.00137813424226, 0.000250548881013, -0.000405949802371, -0.000732159998734, -0.000999267445877, 0.00481130089611, -0.00887260586023, 0.015030125156, -0.0111796781421, 0.00474440585822, -0.00553517462686, 0.0023374708835], [-0.000255641411059, 0.0014673746191, -0.000653019640595, 0.000572871533222, -0.000855591264553, 0.00174616021104, -0.00452795810997, 0.00501603959128, -0.0111796781421, 0.0187381878495, -0.00990862119943, 0.0073564434424, -0.0042580650188], [0.000218458138988, -0.00144377280958, 0.00107821577694, -0.0017863829853, 0.00106432568282, -0.0032079401426, 0.00486121419817, -0.00550971226767, 0.00474440585822, -0.00990862119943, 0.0203549973667, -0.012762112543, 0.00549636222422], [-0.000458246388007, 0.00111270707566, -0.0037042577751, 0.0019495486049, -0.00119882798754, 0.00520821660757, -0.00820018630475, 0.00378396641463, -0.00553517462686, 0.0073564434424, -0.012762112543, 0.029022263363, -0.0155539540574], [0.0002503368014, -0.000725795456674, 0.00174155388959, -0.00243284692988, -0.000112886875286, -0.00242186733522, 0.00412774644792, -0.00339680863544, 0.0023374708835, -0.0042580650188, 0.00549636222422, -0.0155539540574, 0.0202249344438]]
    },
    "melbands": {
        "dmean": [0.00270087900572, 0.000153698172653, 0.000145257115946, 0.000230291014304, 0.000246123410761, 0.000483391457237, 0.000433323381003, 0.000400936580263, 0.000456293084426, 0.000245071336394, 0.000105415783764, 4.91855680593e-05, 3.04071854771e-05, 4.01104371122e-05, 2.53496091318e-05, 2.21801728912e-05, 9.91236083792e-06, 3.02847502098e-06, 2.08178857974e-06, 1.57512249643e-06, 1.63084894211e-06, 1.30939417886e-06, 1.19116555197e-06, 9.03623117665e-07, 9.59718477134e-07, 1.5237453681e-06, 2.12379131881e-06, 2.24431164497e-06, 2.40417398345e-06, 3.28238047587e-06, 4.32638671555e-06, 4.58320027974e-06, 5.35531899004e-06, 7.20591378922e-06, 6.81672599967e-06, 5.66722565054e-06, 5.85891302762e-06, 7.90118883742e-06, 6.72890564601e-06, 4.00195676775e-06],
        "dmean2": [0.00389017607085, 0.000231051410083, 0.000221059090109, 0.000334590062266, 0.000348281202605, 0.000705135986209, 0.000643374049105, 0.000551536912099, 0.000637819117401, 0.00032959174132, 0.000155527042807, 8.33493686514e-05, 4.58226677438e-05, 6.68691063765e-05, 4.03307312808e-05, 3.43875071849e-05, 1.6424612113e-05, 4.74388752991e-06, 3.29164322466e-06, 2.434978569e-06, 2.51347955782e-06, 2.03223044082e-06, 1.88420312952e-06, 1.45094270465e-06, 1.5973042764e-06, 2.46899639933e-06, 3.49184620063e-06, 3.7710228753e-06, 4.13827820012e-06, 5.67631695958e-06, 7.4648237387e-06, 7.80099890108e-06, 8.93573087524e-06, 1.21833472804e-05, 1.15683533295e-05, 9.41268081078e-06, 9.56742496783e-06, 1.30851676658e-05, 1.12679044832e-05, 6.5364170041e-06],
        "dvar": [4.30186155427e-05, 1.40458979558e-07, 5.69588998189e-08, 2.39689285308e-07, 5.00703606576e-07, 1.02357432752e-06, 9.35066623242e-07, 1.17624313134e-06, 1.45493731907e-06, 4.02277152034e-07, 1.54486315296e-07, 3.66974362009e-08, 1.13127489598e-08, 2.31913812598e-08, 5.00061902997e-09, 1.81868440308e-08, 1.25372612292e-09, 7.33283156418e-11, 2.77970181595e-11, 1.40717932098e-11, 1.55447304334e-11, 4.93995816475e-12, 7.28006630674e-12, 3.11862428243e-12, 2.69932210265e-12, 6.57182034486e-12, 1.4215541938e-11, 1.60954773815e-11, 2.40016201358e-11, 3.02640239258e-11, 7.20788567721e-11, 7.23770002264e-11, 8.0968821925e-11, 1.8343618291e-10, 1.76660241991e-10, 1.22282906023e-10, 1.09221569289e-10, 2.01607411321e-10, 1.51733875464e-10, 6.02397159932e-11],
        "dvar2": [9.27111977944e-05, 3.41125399927e-07, 1.2759082324e-07, 4.86830685986e-07, 8.23685127216e-07, 2.03949753086e-06, 2.12110148823e-06, 2.35954757954e-06, 2.70196414931e-06, 7.43650332424e-07, 2.79069809039e-07, 1.03489604442e-07, 2.16978275347e-08, 6.02524323767e-08, 1.1929413013e-08, 4.52121859951e-08, 3.4164824303e-09, 1.8614657038e-10, 6.86810677775e-11, 3.09485354011e-11, 3.42839263923e-11, 1.18601179225e-11, 1.73377406182e-11, 7.49677230016e-12, 7.09668261656e-12, 1.55868512541e-11, 3.75219993964e-11, 4.24728446857e-11, 6.43627304231e-11, 8.04175892544e-11, 1.94401036935e-10, 1.81807638389e-10, 1.88627460873e-10, 4.13613754358e-10, 4.01814276296e-10, 2.8948890507e-10, 2.66321464881e-10, 4.95649965515e-10, 3.8819983339e-10, 1.47169068598e-10],
        "max": [0.0399461016059, 0.00405661761761, 0.00347455125302, 0.00793730840087, 0.0171271990985, 0.0151053639129, 0.0159174725413, 0.0158879254013, 0.0154358176515, 0.00894163083285, 0.00685474043712, 0.00280675897375, 0.00181996624451, 0.00197248789482, 0.000860297179315, 0.00299877906218, 0.000498698500451, 0.000128870815388, 6.62556267343e-05, 5.11114558321e-05, 6.06851899647e-05, 3.31146147801e-05, 5.73056022404e-05, 2.40198860411e-05, 2.15770651266e-05, 2.92800923489e-05, 4.38918832515e-05, 4.85369600938e-05, 5.9946491092e-05, 4.6824956371e-05, 9.586809756e-05, 9.64480568655e-05, 0.0001092405073, 0.000182000570931, 0.000171650448465, 0.000154844135977, 0.000134291272843, 0.000171510473592, 0.000110970628157, 0.000103267600934],
        "mean": [0.00322037632577, 0.000218605433474, 0.000296157988487, 0.000421572680352, 0.000422685494414, 0.000894541153684, 0.000687042251229, 0.000604641565587, 0.000610944000073, 0.000308883289108, 0.000130181506393, 6.09690578131e-05, 4.25696052844e-05, 4.20083488279e-05, 2.83749886876e-05, 2.40894005401e-05, 1.15324419312e-05, 4.13952739109e-06, 2.69158931587e-06, 2.41078873842e-06, 2.41410975832e-06, 1.9456017526e-06, 1.5691690578e-06, 1.26458110117e-06, 1.25582141663e-06, 2.22252515414e-06, 2.59729335994e-06, 2.44489342549e-06, 2.51209485214e-06, 3.07148411594e-06, 4.10774509874e-06, 5.03391038364e-06, 6.19243382971e-06, 7.89016939962e-06, 8.76611557032e-06, 7.97538086772e-06, 8.21735829959e-06, 9.79244305199e-06, 8.017989785e-06, 5.01965587318e-06],
        "median": [9.10873495741e-05, 8.0858990259e-05, 0.000128486513859, 0.000170122046256, 0.000130027212435, 0.000247072748607, 0.000103945269075, 3.13965792884e-05, 2.62774374278e-05, 1.40062093124e-05, 8.05866693554e-06, 4.03723015552e-06, 3.82466987503e-06, 2.28830867854e-06, 2.25036569645e-06, 1.63825257005e-06, 9.63174557e-07, 6.58746728277e-07, 5.129506917e-07, 5.34771004368e-07, 5.1811002777e-07, 5.65535970054e-07, 5.16272848472e-07, 4.54347997447e-07, 4.63289637764e-07, 8.21203059331e-07, 1.12426300802e-06, 8.80006268744e-07, 8.23190077881e-07, 1.06026072899e-06, 1.21395612496e-06, 1.48893423102e-06, 1.72030786416e-06, 2.31666717809e-06, 2.20927563532e-06, 2.0925976969e-06, 2.47246816798e-06, 3.05887033392e-06, 2.29025454246e-06, 1.52459404035e-06],
        "min": [2.92071549474e-24, 3.83479209423e-24, 4.10218123122e-24, 2.65803112419e-24, 2.28611732561e-24, 5.54941755933e-24, 6.13428179547e-24, 8.86254698099e-24, 1.0924709851e-23, 1.71813400286e-23, 1.03106581558e-23, 1.12793683034e-23, 1.27556410237e-23, 1.59979050981e-23, 9.7462534217e-24, 9.99523370061e-24, 5.95623352258e-24, 8.12742406949e-24, 9.5756914388e-24, 7.56714507789e-24, 1.07362746466e-23, 9.57937226379e-24, 6.58291566974e-24, 1.94777851212e-23, 7.07655405865e-24, 5.83500335082e-24, 1.29849786661e-23, 1.7115526941e-23, 1.28713456193e-23, 7.56353525039e-24, 1.02476557796e-23, 8.64522447907e-24, 7.28145594562e-24, 9.90375344574e-24, 1.50916979778e-23, 1.17863857733e-23, 7.20750654664e-24, 1.0143379412e-23, 9.60236045943e-24, 1.10275173597e-23],
        "stdev": [0.00718374177814, 0.000401550467359, 0.000402118515922, 0.000747660174966, 0.0010237650713, 0.0017909273738, 0.00147058279254, 0.00157274771482, 0.00163703470025, 0.00085950945504, 0.000490611651912, 0.000202055336558, 0.00014203741739, 0.000155787973199, 7.80323534855e-05, 0.000128602667246, 3.85347702831e-05, 1.10433111331e-05, 6.22733659839e-06, 5.09551409777e-06, 5.01869817526e-06, 3.04148375108e-06, 3.24224834003e-06, 2.22115636461e-06, 2.14516308006e-06, 3.59987438969e-06, 3.95874940295e-06, 4.06715753343e-06, 4.95611311635e-06, 5.24697497895e-06, 8.14053510112e-06, 9.23291008803e-06, 1.14767399282e-05, 1.65990804817e-05, 1.80492625077e-05, 1.61080060934e-05, 1.43795805343e-05, 1.70975526999e-05, 1.3701403077e-05, 9.64794435276e-06],
        "var": [5.16061445524e-05, 1.61242780905e-07, 1.61699290402e-07, 5.5899573681e-07, 1.0480949868e-06, 3.20742083204e-06, 2.16261378228e-06, 2.47353523264e-06, 2.67988252745e-06, 7.38756455121e-07, 2.40699790766e-07, 4.08263574059e-08, 2.01746264139e-08, 2.42698927622e-08, 6.08904793253e-09, 1.65386477846e-08, 1.48492862451e-09, 1.21954724097e-10, 3.87797224888e-11, 2.59642619904e-11, 2.51873296525e-11, 9.25062370455e-12, 1.05121744642e-11, 4.93353578476e-12, 4.60172438349e-12, 1.29590956022e-11, 1.56716983141e-11, 1.65417714248e-11, 2.45630564499e-11, 2.75307467795e-11, 6.62683102837e-11, 8.5246636139e-11, 1.31715555129e-10, 2.75529460358e-10, 3.25775878496e-10, 2.59467863861e-10, 2.06772335365e-10, 2.92326329809e-10, 1.87728443901e-10, 9.30828261692e-11]
    },
    "melbands128": {
