{
"lowlevel": {
    "average_loudness": 0.931491315365,
    "barkbands_crest": {
        "dmean": 2.77375793457,
        "dmean2": 4.08046388626,
        "dvar": 6.55936527252,
        "dvar2": 13.2379693985,
        "max": 23.3185501099,
        "mean": 9.35022830963,
        "median": 8.34977817535,
        "min": 2.19316792488,
        "stdev": 4.30892944336,
        "var": 18.5668735504
    },
    "barkbands_flatness_db": {
        "dmean": 0.0344910211861,
        "dmean2": 0.0448222532868,
        "dvar": 0.00101987842936,
        "dvar2": 0.00145886209793,
        "max": 0.348157554865,
        "mean": 0.127899885178,
        "median": 0.112974800169,
        "min": 0.0214411728084,
        "stdev": 0.0646962076426,
        "var": 0.00418559974059
    },
    "barkbands_kurtosis": {
        "dmean": 6.99367046356,
        "dmean2": 9.90563011169,
        "dvar": 184.644821167,
        "dvar2": 306.452362061,
        "max": 124.069259644,
        "mean": 7.33821630478,
        "median": 1.2848405838,
        "min": -1.8794491291,
        "stdev": 17.2126560211,
        "var": 296.275512695
    },
    "barkbands_skewness": {
        "dmean": 1.05982816219,
        "dmean2": 1.35604429245,
        "dvar": 1.27415692806,
        "dvar2": 1.83438694477,
        "max": 9.54778766632,
        "mean": 1.59998738766,
        "median": 1.22100663185,
        "min": -3.62359142303,
        "stdev": 1.99616003036,
        "var": 3.98465490341
    },
    "barkbands_spread": {
        "dmean": 14.9884233475,
        "dmean2": 22.2719516754,
        "dvar": 238.674972534,
        "dvar2": 462.581085205,
        "max": 109.700645447,
        "mean": 34.5511703491,
        "median": 29.6921863556,
        "min": 2.407756567,
        "stdev": 22.626707077,
        "var": 511.967895508
    },
    "dissonance": {
        "dmean": 0.0230561122298,
        "dmean2": 0.0380506701767,
        "dvar": 0.000547670759261,
        "dvar2": 0.00128654122818,
        "max": 0.500000059605,
        "mean": 0.459960848093,
        "median": 0.470415323973,
        "min": 0.283331304789,
        "stdev": 0.0357024669647,
        "var": 0.00127466616686
    },
    "dynamic_complexity": 3.6212849617,
    "erbbands_crest": {
        "dmean": 2.4255156517,
        "dmean2": 3.87565994263,
        "dvar": 5.32796764374,
        "dvar2": 12.1398477554,
        "max": 24.6936664581,
        "mean": 8.07193374634,
        "median": 6.8242726326,
        "min": 2.51627802849,
        "stdev": 4.03418493271,
        "var": 16.274646759
    },
    "erbbands_flatness_db": {
        "dmean": 0.0211311168969,
        "dmean2": 0.0290341712534,
        "dvar": 0.000314824399538,
        "dvar2": 0.000661100028083,
        "max": 0.254293531179,
        "mean": 0.132884785533,
        "median": 0.130597665906,
        "min": 0.0552294589579,
        "stdev": 0.0360894575715,
        "var": 0.00130244903266
    },
    "erbbands_kurtosis": {
        "dmean": 1.44904541969,
        "dmean2": 2.27722811699,
        "dvar": 3.47382450104,
        "dvar2": 7.99699687958,
        "max": 21.1773204803,
        "mean": 0.675848484039,
        "median": -0.0729780197144,
        "min": -1.84323632717,
        "stdev": 2.56032443047,
        "var": 6.55526161194
    },
    "erbbands_skewness": {
        "dmean": 0.600884020329,
        "dmean2": 0.839371919632,
        "dvar": 0.329478412867,
        "dvar2": 0.741758286953,
        "max": 3.49777436256,
        "mean": 0.366861552,
        "median": 0.347212016582,
        "min": -3.02742934227,
        "stdev": 1.0227560997,
        "var": 1.04602992535
    },
    "erbbands_spread": {
        "dmean": 16.2906322479,
        "dmean2": 23.636302948,
        "dvar": 231.725372314,
        "dvar2": 471.3699646,
        "max": 167.426834106,
        "mean": 55.0512199402,
        "median": 49.5885848999,
        "min": 6.9185385704,
        "stdev": 26.6877746582,
        "var": 712.237304688
    },
    "hfc": {
        "dmean": 23.9945087433,
        "dmean2": 38.0311164856,
        "dvar": 3008.86694336,
        "dvar2": 7738.14013672,
        "max": 659.366516113,
        "mean": 30.5450077057,
        "median": 15.0730028152,
        "min": 1.13089446666e-16,
        "stdev": 53.3535652161,
        "var": 2846.6027832
    },
    "loudness_ebu128": {
        "integrated": -15.7462511063,
        "loudness_range": 1.9102935791,
        "momentary": {
            "dmean": 1.01384830475,
            "dmean2": 1.66658580303,
            "dvar": 0.893365800381,
            "dvar2": 1.89719521999,
            "max": -11.5008907318,
            "mean": -16.1039028168,
            "median": -15.8429670334,
            "min": -23.5439128876,
            "stdev": 1.84327375889,
            "var": 3.39765810966
        },
        "short_term": {
            "dmean": 0.11259060353,
            "dmean2": 0.164277523756,
            "dvar": 0.0168748348951,
            "dvar2": 0.0378521047533,
            "max": -14.3565149307,
            "mean": -15.7570428848,
            "median": -15.7833013535,
            "min": -18.1712932587,
            "stdev": 0.729813873768,
            "var": 0.532628297806
        }
    },
    "melbands_crest": {
        "dmean": 4.70556497574,
        "dmean2": 6.87036991119,
        "dvar": 25.1550292969,
        "dvar2": 36.9717178345,
        "max": 38.5530128479,
        "mean": 15.4148540497,
        "median": 12.6991519928,
        "min": 1.74606537819,
        "stdev": 8.97079563141,
        "var": 80.4751815796
    },
    "melbands_flatness_db": {
        "dmean": 0.0456396229565,
        "dmean2": 0.0573763027787,
        "dvar": 0.00172324839514,
        "dvar2": 0.00261094514281,
        "max": 0.438393294811,
        "mean": 0.174851357937,
        "median": 0.15541011095,
        "min": 0.00479385443032,
        "stdev": 0.090227343142,
        "var": 0.00814097281545
    },
    "melbands_kurtosis": {
        "dmean": 17.6298770905,
        "dmean2": 25.5136585236,
        "dvar": 1028.88745117,
        "dvar2": 1792.87390137,
        "max": 256.915161133,
        "mean": 22.4931221008,
        "median": 7.98685646057,
        "min": -1.81950604916,
        "stdev": 39.7507629395,
        "var": 1580.12316895
    },
    "melbands_skewness": {
        "dmean": 1.37411499023,
        "dmean2": 1.8052867651,
        "dvar": 2.36833310127,
        "dvar2": 3.56195497513,
        "max": 13.874505043,
        "mean": 3.08776879311,
        "median": 2.37086224556,
        "min": -1.36669492722,
        "stdev": 2.54604625702,
        "var": 6.48235177994
    },
    "melbands_spread": {
        "dmean": 19.8752880096,
        "dmean2": 30.3537654877,
        "dvar": 679.827270508,
        "dvar2": 1518.34729004,
        "max": 246.162796021,
        "mean": 38.5960388184,
        "median": 25.6960391998,
        "min": 1.36933267117,
        "stdev": 38.016292572,
        "var": 1445.23840332
    },
    "pitch_salience": {
        "dmean": 0.0954875946045,
        "dmean2": 0.133250579238,
        "dvar": 0.00829674582928,
        "dvar2": 0.014845572412,
        "max": 0.858204603195,
        "mean": 0.557033002377,
        "median": 0.595575690269,
        "min": 0.135179430246,
        "stdev": 0.161541804671,
        "var": 0.0260957535356
    },
    "silence_rate_20dB": {
        "dmean": 0.0030959751457,
        "dmean2": 0.00619674660265,
        "dvar": 0.00308638066053,
        "dvar2": 0.00615835655481,
        "max": 1,
        "mean": 0.996906399727,
        "median": 1,
        "min": 0,
        "stdev": 0.0555338077247,
        "var": 0.00308400392532
    },
    "silence_rate_30dB": {
        "dmean": 0.102167181671,
        "dmean2": 0.204492643476,
        "dvar": 0.0917285084724,
        "dvar2": 0.170423299074,
        "max": 1,
        "mean": 0.867749392986,
        "median": 1,
        "min": 0,
        "stdev": 0.338760823011,
        "var": 0.114758886397
    },
    "silence_rate_60dB": {
        "dmean": 0.101393185556,
        "dmean2": 0.202168866992,
        "dvar": 0.0911107137799,
        "dvar2": 0.181438684464,
        "max": 1,
        "mean": 0.187161639333,
        "median": 0,
        "min": 0,
        "stdev": 0.390043467283,
        "var": 0.152133896947
    },
    "spectral_centroid": {
        "dmean": 508.426177979,
        "dmean2": 729.752685547,
        "dvar": 306675.375,
        "dvar2": 624867.125,
        "max": 10549.7822266,
        "mean": 1828.55651855,
        "median": 1674.62756348,
        "min": 306.153961182,
        "stdev": 1010.16046143,
        "var": 1020424.125
    },
    "spectral_complexity": {
        "dmean": 5.75696611404,
        "dmean2": 7.85050344467,
        "dvar": 52.5802955627,
        "dvar2": 83.324798584,
        "max": 59,
        "mean": 13.4779586792,
        "median": 10,
        "min": 0,
        "stdev": 11.6140794754,
        "var": 134.88684082
    },
    "spectral_decrease": {
        "dmean": 7.28195326261e-09,
        "dmean2": 8.97119623033e-09,
        "dvar": 1.41391107069e-16,
        "dvar2": 2.43742571479e-16,
        "max": -6.14776940142e-29,
        "mean": -9.86180914708e-09,
        "median": -2.40762609849e-09,
        "min": -1.32329986968e-07,
        "stdev": 1.65728692991e-08,
        "var": 2.74660015207e-16
    },
    "spectral_energy": {
        "dmean": 0.0283267199993,
        "dmean2": 0.0350939519703,
        "dvar": 0.002020963002,
        "dvar2": 0.00353244226426,
        "max": 0.509333431721,
        "mean": 0.0399912446737,
        "median": 0.0109192207456,
        "min": 1.04895750908e-20,
        "stdev": 0.0640349462628,
        "var": 0.00410047452897
    },
    "spectral_energyband_high": {
        "dmean": 0.00218184338883,
        "dmean2": 0.00347685720772,
        "dvar": 2.91778924293e-05,
        "dvar2": 7.44611461414e-05,
        "max": 0.0667047053576,
        "mean": 0.0025675916113,
        "median": 0.000945529143792,
        "min": 8.02206058844e-21,
        "stdev": 0.00523173483089,
        "var": 2.7371050237e-05
    },
    "spectral_energyband_low": {
        "dmean": 0.0208776704967,
        "dmean2": 0.0269957166165,
        "dvar": 0.00151104317047,
        "dvar2": 0.00251147337258,
        "max": 0.362642973661,
        "mean": 0.0244546514004,
        "median": 0.00106806366239,
        "min": 5.46532364577e-23,
        "stdev": 0.0506857745349,
        "var": 0.00256904773414
    },
    "spectral_energyband_middle_high": {
        "dmean": 0.00263685151003,
        "dmean2": 0.00407076952979,
        "dvar": 3.9376445784e-05,
        "dvar2": 9.70920882537e-05,
        "max": 0.0692595243454,
        "mean": 0.00332322856411,
        "median": 0.00146870408207,
        "min": 1.37399071928e-21,
        "stdev": 0.00635516829789,
        "var": 4.03881640523e-05
    },
    "spectral_energyband_middle_low": {
        "dmean": 0.00461594108492,
        "dmean2": 0.00720811123028,
        "dvar": 8.6687548901e-05,
        "dvar2": 0.000218951841816,
        "max": 0.0783651471138,
        "mean": 0.00760324904695,
        "median": 0.00312838261016,
        "min": 3.14874347812e-22,
        "stdev": 0.0107797756791,
        "var": 0.000116203555081
    },
    "spectral_entropy": {
        "dmean": 0.206570863724,
        "dmean2": 0.296432137489,
        "dvar": 0.0490692444146,
        "dvar2": 0.102123729885,
        "max": 9.7769575119,
        "mean": 8.02159881592,
        "median": 8.10475158691,
        "min": 6.17003202438,
        "stdev": 0.386082708836,
        "var": 0.149059861898
    },
    "spectral_flux": {
        "dmean": 0.0472030229867,
        "dmean2": 0.0696954727173,
        "dvar": 0.00355534325354,
        "dvar2": 0.00795926339924,
        "max": 0.465930372477,
        "mean": 0.103189513087,
        "median": 0.0644890218973,
        "min": 1.02418629133e-10,
        "stdev": 0.0846809595823,
        "var": 0.0071708643809
    },
    "spectral_kurtosis": {
        "dmean": 0.864851713181,
        "dmean2": 1.26693737507,
        "dvar": 1.39631986618,
        "dvar2": 3.22249174118,
        "max": 20.1533222198,
        "mean": 2.01520061493,
        "median": 1.75191926956,
        "min": -1.1843791008,
        "stdev": 1.76437473297,
        "var": 3.11301803589
    },
    "spectral_rms": {
        "dmean": 0.00183652539272,
        "dmean2": 0.00208311970346,
        "dvar": 4.88339355798e-06,
        "dvar2": 7.28074019207e-06,
        "max": 0.0222914926708,
        "mean": 0.00479771615937,
        "median": 0.00326387793757,
        "min": 3.1990204756e-12,
        "stdev": 0.00399972079322,
        "var": 1.59977680596e-05
    },
    "spectral_rolloff": {
        "dmean": 1903.08789062,
        "dmean2": 3143.26391602,
        "dvar": 6977831.5,
        "dvar2": 12617337,
        "max": 17851.0253906,
        "mean": 3507.51538086,
        "median": 1679.58984375,
        "min": 43.06640625,
        "stdev": 3576.69189453,
        "var": 12792725
    },
    "spectral_skewness": {
        "dmean": 0.215655773878,
        "dmean2": 0.306224524975,
        "dvar": 0.0543777905405,
        "dvar2": 0.114352449775,
        "max": 3.99895596504,
        "mean": 1.21825146675,
        "median": 1.18086564541,
        "min": 0.0313825160265,
        "stdev": 0.435421705246,
        "var": 0.189592063427
    },
    "spectral_spread": {
        "dmean": 1086555.25,
        "dmean2": 1473006.5,
        "dvar": 1.98821543936e+12,
        "dvar2": 3.02477685555e+12,
        "max": 40916628,
        "mean": 7569948,
        "median": 7044156.5,
        "min": 2964575,
        "stdev": 2371744.25,
        "var": 5.62517036237e+12
    },
    "spectral_strongpeak": {
        "dmean": 0.373027294874,
        "dmean2": 0.647434473038,
        "dvar": 0.592779159546,
        "dvar2": 1.61393249035,
        "max": 11.9780464172,
        "mean": 0.551035284996,
        "median": 0.299865156412,
        "min": 0,
        "stdev": 0.898047149181,
        "var": 0.80648869276
    },
    "zerocrossingrate": {
        "dmean": 0.0343981273472,
        "dmean2": 0.0388124957681,
        "dvar": 0.00103173579555,
        "dvar2": 0.00132065732032,
        "max": 0.4853515625,
        "mean": 0.123487576842,
        "median": 0.11181640625,
        "min": 0.0078125,
        "stdev": 0.0757298693061,
        "var": 0.00573501270264
    },
    "barkbands": {
        "dmean": [0.0113875772804, 0.0109478980303, 0.0014241237659, 0.000851970457006, 0.000864887028001, 0.00135073985439, 0.000800808542408, 0.000610565766692, 0.00103633431718, 0.000732721353415, 0.00048131911899, 0.000374624767574, 0.000264554051682, 0.000231388141401, 0.000149155428517, 0.000170965518919, 0.000235381157836, 0.000205559001188, 0.000219966299483, 0.000325073080603, 0.000301613210468, 0.000379539618734, 0.000350383634213, 0.000262632151134, 0.000538769760169, 0.000288794923108, 2.71033641184e-05],
        "dmean2": [0.0143118323758, 0.0150374835357, 0.00224706740119, 0.00135147024412, 0.0013556353515, 0.00209187460132, 0.00145660364069, 0.00107208301779, 0.00174313958269, 0.00120014115237, 0.000747556856368, 0.000603310298175, 0.000440174655523, 0.000374370021746, 0.000246488692937, 0.000265157723334, 0.000382957165129, 0.000318678474287, 0.000339655671269, 0.000534217455424, 0.000455987814348, 0.000611911353189, 0.000588774331845, 0.000416192953708, 0.000884761451744, 0.000485944066895, 4.69884944323e-05],
        "dvar": [0.000661213358399, 0.000449206621852, 2.21429891099e-05, 8.03820512374e-06, 5.0269318308e-06, 5.35557228432e-06, 8.11646987131e-06, 3.14325916406e-06, 1.03290030893e-05, 5.06561718794e-06, 1.43894010307e-06, 1.03563036191e-06, 5.868784001e-07, 4.1943755491e-07, 2.09819418728e-07, 2.04113661084e-07, 4.6650228569e-07, 6.44598628696e-07, 2.3745322153e-07, 5.10729591952e-07, 4.53765437669e-07, 7.37389768801e-07, 7.05165120962e-07, 3.27156527646e-07, 4.52021822639e-06, 6.23537744104e-07, 3.0411066998e-09],
        "dvar2": [0.00106853595935, 0.000846195209306, 5.36039369763e-05, 2.09904173971e-05, 1.16920427899e-05, 1.26182958411e-05, 2.34365379583e-05, 8.48049967317e-06, 2.83717236016e-05, 1.26056420413e-05, 3.70637212654e-06, 2.82004407381e-06, 1.5760244878e-06, 1.04289301817e-06, 5.53096697331e-07, 4.78118920455e-07, 1.13177588901e-06, 1.40377710522e-06, 4.84512440835e-07, 1.36115079385e-06, 1.01761440874e-06, 1.87488740266e-06, 1.90165951608e-06, 7.68691108988e-07, 1.17429517559e-05, 1.65398000718e-06, 8.33153546154e-09],
        "max": [0.282318860292, 0.154018521309, 0.0470750406384, 0.0323397032917, 0.026021450758, 0.0310823712498, 0.0514213293791, 0.0181292761117, 0.0378564894199, 0.0331024229527, 0.0140515808016, 0.0134261613712, 0.0100595615804, 0.00653696199879, 0.00507369823754, 0.00494000967592, 0.00635142205283, 0.0162555519491, 0.00715440325439, 0.00516115827486, 0.00881860498339, 0.00872817821801, 0.00894520245492, 0.0074677397497, 0.0303797442466, 0.00938048027456, 0.000507522374392],
        "mean": [0.0127878002822, 0.0120126549155, 0.00178896891885, 0.0013025595108, 0.00142030976713, 0.00198762258515, 0.000609052192885, 0.000631634378806, 0.00147750473116, 0.00076801807154, 0.000509570119902, 0.000406296458095, 0.000261727051111, 0.000245672650635, 0.000170743718627, 0.000182104224223, 0.000225446623517, 0.000231462152442, 0.000263099267613, 0.000336916767992, 0.000352116883732, 0.000408522173529, 0.000382097408874, 0.000334225216648, 0.00059821823379, 0.000274622056168, 2.2315136448e-05],
        "median": [0.000246966053965, 0.000281680491753, 1.14348049465e-05, 4.71043085781e-06, 0.000192988620256, 0.000725727004465, 0.000103253121779, 0.000136113289045, 0.0003868987842, 6.5596861532e-05, 0.000193729065359, 0.00013287330512, 7.31612963136e-05, 6.02034488111e-05, 4.36327973148e-05, 3.11452167807e-05, 2.56621915469e-05, 4.71273051517e-05, 8.20835994091e-05, 9.24890773604e-05, 0.000115991191706, 0.000132685046992, 0.000150824445882, 0.000113837551908, 0.000135275477078, 0.000102739293652, 7.87724911788e-06],
        "min": [1.43459278106e-23, 1.84092130716e-23, 1.68841429935e-23, 2.8040038788e-23, 2.00858880163e-23, 8.30282287415e-23, 6.43115255776e-23, 3.18079445493e-23, 8.14029859501e-23, 6.21583644466e-23, 4.77013587097e-23, 5.88171661707e-23, 7.88684011052e-23, 5.50628319723e-23, 1.7238039564e-22, 1.42696897684e-22, 1.32719473307e-22, 2.46649314838e-22, 2.84523498774e-22, 3.90535600197e-22, 3.96504841247e-22, 5.00957269997e-22, 5.79232668582e-22, 1.15917781109e-21, 1.21771154269e-21, 1.90823478927e-21, 2.09328838051e-21],
        "stdev": [0.0328911729157, 0.0254628434777, 0.00489932624623, 0.00341200875118, 0.00302039878443, 0.00289439503103, 0.00221213558689, 0.00169981247745, 0.00352452555671, 0.00279922038317, 0.00110380444676, 0.000888824288268, 0.00066630274523, 0.000610808900092, 0.000433632696513, 0.000448336824775, 0.000642072060145, 0.000830096425489, 0.000560312066227, 0.000683840131387, 0.000735913985409, 0.000819319393486, 0.00074213789776, 0.000660631863866, 0.0020336699672, 0.000693343405146, 4.58055546915e-05],
        "var": [0.00108182919212, 0.000648356392048, 2.40033987211e-05, 1.16418032121e-05, 9.12280938792e-06, 8.37752213556e-06, 4.89354351885e-06, 2.88936234938e-06, 1.2422279724e-05, 7.83563427831e-06, 1.21838422729e-06, 7.90008584772e-07, 4.43959379481e-07, 3.73087544858e-07, 1.88037304838e-07, 2.01005903477e-07, 4.12256554227e-07, 6.89060073e-07, 3.13949584552e-07, 4.67637363499e-07, 5.41569363577e-07, 6.71284226428e-07, 5.50768675112e-07, 4.36434476114e-07, 4.13581392422e-06, 4.80725077523e-07, 2.09814898788e-09]
    },
    "erbbands": {
        "dmean": [0.692284226418, 1.09865486622, 1.75065982342, 2.35394525528, 2.60908484459, 2.89095783234, 10.0752029419, 9.14402675629, 9.88077163696, 13.3224048615, 13.6659793854, 21.3759689331, 24.8853206635, 24.5929317474, 15.1926879883, 15.2412424088, 10.7914819717, 12.3546028137, 10.1783418655, 7.69127941132, 10.2570705414, 12.6921062469, 10.6623592377, 11.1605710983, 10.7247161865, 17.5919628143, 10.1251363754, 15.0364074707, 15.4333639145, 10.9633646011, 9.61074638367, 6.44533872604, 3.90562295914, 4.06389474869, 5.05847501755, 1.88019728661, 0.382494628429, 0.0796463266015, 0.00321650016122, 9.24262494664e-05],
        "dmean2": [0.922360062599, 1.58900749683, 2.682482481, 3.72218036652, 3.87542295456, 4.66230010986, 15.3116016388, 15.0419721603, 18.1148872375, 23.9511375427, 23.2728652954, 35.3849334717, 42.8252029419, 38.6642379761, 24.4943027496, 24.2492713928, 17.6155719757, 19.6706619263, 17.0427722931, 12.2521934509, 15.897397995, 20.3201847076, 16.3929672241, 17.1611404419, 16.6818771362, 29.2367115021, 14.8836774826, 23.9197444916, 25.4447860718, 17.9314937592, 15.9949502945, 10.8354024887, 6.04339742661, 6.49185180664, 8.43277168274, 3.16073060036, 0.647013902664, 0.137484878302, 0.005569989793, 0.000149695610162],
        "dvar": [2.15467786789, 9.40409660339, 35.9272689819, 55.5098876953, 64.4068069458, 65.7099227905, 302.603179932, 344.370025635, 1332.1060791, 1767.02819824, 1227.05761719, 4344.10351562, 6998.21337891, 3527.21630859, 2859.20092773, 1443.79248047, 980.887878418, 1181.88525391, 1099.19311523, 483.913604736, 729.281616211, 1267.19836426, 1751.82299805, 917.005615234, 404.524658203, 1605.29516602, 452.556976318, 1276.86608887, 1349.42736816, 620.737731934, 516.715820312, 203.109085083, 87.628288269, 199.745910645, 401.253936768, 36.4428939819, 1.10933089256, 0.031619951129, 4.81302049593e-05, 3.44380346462e-08],
        "dvar2": [3.67517375946, 21.162273407, 79.8663864136, 139.999694824, 156.331207275, 154.475631714, 706.319274902, 891.589172363, 3871.3581543, 4997.453125, 3358.69042969, 11547.5107422, 18642.7675781, 8322.96777344, 7809.65820312, 3827.37646484, 2612.05175781, 2988.16748047, 2953.37475586, 1222.38269043, 1694.57458496, 3014.83496094, 3905.55566406, 1713.1505127, 901.274230957, 4310.05566406, 976.327148438, 3133.99194336, 3491.81787109, 1634.34570312, 1373.22900391, 519.017211914, 191.236587524, 484.115447998, 1052.55065918, 96.947845459, 2.97410559654, 0.0843411386013, 0.000131291453727, 9.16192703926e-08],
        "max": [12.2573423386, 42.1789207458, 61.8599891663, 71.2297286987, 125.791526794, 142.764129639, 211.930679321, 305.008972168, 736.876464844, 403.41293335, 359.534515381, 772.85369873, 872.896179199, 931.440490723, 751.392333984, 458.125671387, 414.778106689, 451.622314453, 345.508911133, 322.587402344, 231.894607544, 316.311889648, 962.159606934, 569.46685791, 247.827407837, 310.362213135, 329.750915527, 340.784790039, 402.519287109, 187.358215332, 258.717071533, 166.9140625, 128.613357544, 202.888290405, 282.939361572, 75.3778152466, 12.3851003647, 1.67646288872, 0.0580249838531, 0.00195799348876],
        "mean": [0.750292658806, 1.241512537, 2.1591963768, 3.64724898338, 4.35080480576, 4.59312963486, 14.8020496368, 12.1560678482, 8.05624198914, 11.3177556992, 16.072467804, 28.6194534302, 30.4563274384, 27.9523696899, 16.0404834747, 16.8642539978, 12.2801990509, 12.936832428, 10.7651481628, 8.93053913116, 10.7668294907, 12.6223144531, 12.280878067, 13.3951940536, 12.6327075958, 17.2734050751, 13.2382736206, 15.6627120972, 15.5595502853, 12.3477096558, 10.6239471436, 7.2467918396, 5.49187278748, 5.468562603, 5.01602125168, 1.78328645229, 0.373654156923, 0.0717731118202, 0.00274825585075, 0.000115894363262],
        "median": [0.0113234892488, 0.0406769663095, 0.0401428490877, 0.032066565007, 0.0951108112931, 0.842536866665, 5.75883388519, 3.69389104843, 1.52485239506, 1.88947081566, 5.67953395844, 7.1838388443, 2.32595920563, 8.5466966629, 4.99622297287, 5.71963644028, 4.39630031586, 3.80764865875, 2.63187026978, 2.22253441811, 1.77641808987, 1.54490888119, 2.29274439812, 3.56418061256, 4.32555627823, 4.40057516098, 4.54329109192, 4.68544769287, 4.87473297119, 4.36379671097, 4.59342336655, 2.51096487045, 1.81536865234, 1.03728795052, 1.30671429634, 0.620805799961, 0.145817264915, 0.0250780563802, 0.00107876106631, 5.24065690115e-05],
        "min": [8.55058679264e-22, 3.13788441017e-21, 1.4257961969e-20, 6.13493752442e-20, 1.0702370373e-19, 5.23992842476e-20, 2.29466364271e-19, 8.14489025318e-19, 4.44755576625e-19, 1.54946138515e-18, 6.33390806596e-19, 2.03473381914e-18, 1.47774854835e-18, 3.1295652625e-18, 2.00837136622e-18, 1.68243190939e-18, 3.22806220753e-18, 3.68164400808e-18, 4.94047476123e-18, 1.23709980855e-17, 6.53270438257e-18, 7.64531524601e-18, 1.00054195251e-17, 1.51644920661e-17, 1.35771250259e-17, 1.65940305638e-17, 1.97048914114e-17, 1.83521864121e-17, 1.427182191e-17, 2.05588263537e-17, 1.6895872078e-17, 2.51528882142e-17, 1.79136384124e-17, 1.0217782431e-17, 9.79053702714e-18, 7.0051882941e-18, 4.04532471774e-18, 1.24645489041e-18, 3.2135568717e-19, 2.84341267614e-20],
        "stdev": [1.82064664364, 3.23561573029, 6.34539031982, 9.12285041809, 10.8423919678, 10.5379524231, 21.2771053314, 21.0909538269, 28.126203537, 35.3747367859, 33.1793289185, 70.549659729, 87.9714202881, 75.7896270752, 45.0317649841, 34.561870575, 27.7379417419, 31.7992172241, 29.1158084869, 21.2601604462, 26.9316768646, 34.2271461487, 42.6904144287, 35.3618392944, 22.6991100311, 36.847328186, 26.0298576355, 34.9209098816, 33.8458328247, 23.1792182922, 20.2602424622, 13.7638607025, 12.0148591995, 16.4129505157, 18.0586128235, 5.2670135498, 0.914906263351, 0.154235765338, 0.00577867729589, 0.000188126985449],
        "var": [3.31475400925, 10.469209671, 40.2639770508, 83.2264022827, 117.557472229, 111.048431396, 452.715240479, 444.828308105, 791.083374023, 1251.37207031, 1100.86791992, 4977.25439453, 7738.97119141, 5744.06787109, 2027.85998535, 1194.52294922, 769.393371582, 1011.19024658, 847.730285645, 451.994384766, 725.315246582, 1171.49743652, 1822.47143555, 1250.4597168, 515.249633789, 1357.72570801, 677.553466797, 1219.4699707, 1145.54040527, 537.276123047, 410.477416992, 189.443862915, 144.356842041, 269.384918213, 326.113464355, 27.7414321899, 0.837053477764, 0.0237886719406, 3.33931093337e-05, 3.5391764186e-08]
    },
    "gfcc": {
        "mean": [-13.0365657806, 15.7016611099, -97.7730865479, 11.8547620773, -82.8734359741, 13.0242700577, -38.7478790283, 12.8856887817, -28.6318187714, 16.7594451904, -11.4092798233, 17.5253505707, -5.67847728729],
        "cov": [[7573.84277344, 1187.2512207, 512.06427002, 1257.36035156, 1209.50439453, 833.649841309, 510.776702881, 312.432403564, -12.9776391983, -176.950881958, -287.9246521, -254.247756958, -162.720993042], [1187.2512207, 2359.47827148, 837.280212402, 374.102416992, 802.107055664, 584.915222168, 379.051452637, 60.4861297607, 39.3820800781, -228.700119019, -241.122436523, -298.290710449, -145.518737793], [512.06427002, 837.280212402, 1541.90026855, 490.311340332, 389.182037354, 320.273712158, 280.763000488, 223.792877197, 188.06652832, 107.982208252, 45.4059906006, -37.7340621948, 17.3257770538], [1257.36035156, 374.102416992, 490.311340332, 821.096923828, 461.927642822, 228.119781494, 176.954330444, 151.061233521, 72.5374145508, 9.49026870728, -19.6746768951, -61.231262207, -12.4177017212], [1209.50439453, 802.107055664, 389.182037354, 461.927642822, 671.616882324, 337.318847656, 207.287399292, 121.439048767, 61.3015975952, -67.8232421875, -84.8033294678, -94.324256897, -43.9647293091], [833.649841309, 584.915222168, 320.273712158, 228.119781494, 337.318847656, 337.417602539, 182.856933594, 53.0151939392, 14.4524068832, -51.3567810059, -56.0622444153, -84.2150497437, -34.7746391296], [510.776702881, 379.051452637, 280.763000488, 176.954330444, 207.287399292, 182.856933594, 237.99798584, 114.797973633, 70.1275787354, 18.4702033997, 4.45186328888, -11.1650161743, 1.4112906456], [312.432403564, 60.4861297607, 223.792877197, 151.061233521, 121.439048767, 53.0151939392, 114.797973633, 234.65196228, 153.944091797, 82.5933837891, 43.7319602966, 31.4595279694, 44.9351882935], [-12.9776391983, 39.3820800781, 188.06652832, 72.5374145508, 61.3015975952, 14.4524068832, 70.1275787354, 153.944091797, 227.385421753, 161.988082886, 86.443321228, 57.8288383484, 66.1322555542], [-176.950881958, -228.700119019, 107.982208252, 9.49026870728, -67.8232421875, -51.3567810059, 18.4702033997, 82.5933837891, 161.988082886, 220.29510498, 152.532440186, 103.347549438, 68.0235595703], [-287.9246521, -241.122436523, 45.4059906006, -19.6746768951, -84.8033294678, -56.0622444153, 4.45186328888, 43.7319602966, 86.443321228, 152.532440186, 168.582000732, 128.361907959, 78.5217895508], [-254.247756958, -298.290710449, -37.7340621948, -61.231262207, -94.324256897, -84.2150497437, -11.1650161743, 31.4595279694, 57.8288383484, 103.347549438, 128.361907959, 163.627365112, 110.730514526], [-162.720993042, -145.518737793, 17.3257770538, -12.4177017212, -43.9647293091, -34.7746391296, 1.4112906456, 44.9351882935, 66.1322555542, 68.0235595703, 78.5217895508, 110.730514526, 134.432876587]],
        "icov": [[0.00026080745738, 4.20070136897e-06, 0.000121816665342, -0.000258189305896, -0.000100215445855, -0.000521392386872, 8.62743218022e-06, -0.000369295215933, 0.000498287612572, -0.000661870930344, 0.000901871768292, -0.000542153196875, 0.000245956907747], [4.20070136897e-06, 0.00145751738455, -0.000461754039861, 0.000574729871005, -0.00113534880802, -0.000176408924744, -0.00126324442681, 0.0013534410391, -0.00175304012373, 0.00210557039827, -0.00107980181929, 0.00216861767694, -0.000519274442922], [0.000121816665342, -0.000461754039861, 0.00122609094251, -0.000630094087683, 0.000401244265959, -0.000764698954299, 3.97169278585e-05, -0.000843067537062, 0.000582811539061, -0.00123533944134, 0.000380830373615, -0.000376228272216, 7.2026909038e-05], [-0.000258189305896, 0.000574729871005, -0.000630094087683, 0.00285367178731, -0.00203274609521, 0.00106869416777, -0.000736479356419, 3.75103991246e-05, 0.000282500550384, 0.000363522674888, -0.00185131013859, 0.00298855244182, -0.00144193926826], [-0.000100215445855, -0.00113534880802, 0.000401244265959, -0.00203274609521, 0.00565047282726, -0.00320924120024, 0.0012386381859, -0.00104501156602, -0.00148654880468, 0.000972713052761, 0.00173710251693, -0.00399916851893, 0.0022828229703], [-0.000521392386872, -0.000176408924744, -0.000764698954299, 0.00106869416777, -0.00320924120024, 0.0109572093934, -0.00498514715582, 0.00219055241905, 0.000421591073973, 0.00144055543933, -0.00428441120312, 0.00686247693375, -0.00360617763363], [8.62743218022e-06, -0.00126324442681, 3.97169278585e-05, -0.000736479356419, 0.0012386381859, -0.00498514715582, 0.0111175021157, -0.00445308769122, 0.00104359607212, -0.00152611185331, 0.00147374370135, -0.00521590420976, 0.00275148171932], [-0.000369295215933, 0.0013534410391, -0.000843067537062, 3.75103991246e-05, -0.00104501156602, 0.00219055241905, -0.00445308769122, 0.0120569244027, -0.00955237075686, 0.00588131230325, -0.00297806505114, 0.00237034424208, -0.00111807789654], [0.000498287612572, -0.00175304012373, 0.000582811539061, 0.000282500550384, -0.00148654880468, 0.000421591073973, 0.00104359607212, -0.00955237075686, 0.0230706073344, -0.0199365299195, 0.00830080732703, 0.000358536140993, -0.00494366325438], [-0.000661870930344, 0.00210557039827, -0.00123533944134, 0.000363522674888, 0.000972713052761, 0.00144055543933, -0.00152611185331, 0.00588131230325, -0.0199365299195, 0.0322658754885, -0.0223966762424, 0.00507249729708, 0.00279624806717], [0.000901871768292, -0.00107980181929, 0.000380830373615, -0.00185131013859, 0.00173710251693, -0.00428441120312, 0.00147374370135, -0.00297806505114, 0.00830080732703, -0.0223966762424, 0.0366647094488, -0.0220583155751, 0.00414524972439], [-0.000542153196875, 0.00216861767694, -0.000376228272216, 0.00298855244182, -0.00399916851893, 0.00686247693375, -0.00521590420976, 0.00237034424208, 0.000358536140993, 0.00507249729708, -0.0220583155751, 0.0375034734607, -0.0190044995397], [0.000245956907747, -0.000519274442922, 7.2026909038e-05, -0.00144193926826, 0.0022828229703, -0.00360617763363, 0.00275148171932, -0.00111807789654, -0.00494366325438, 0.00279624806717, 0.00414524972439, -0.0190044995397, 0.0214399416]]
    },
    "melbands": {
        "dmean": [0.00518375774845, 0.000994291738607, 0.000400658027502, 0.000175022651092, 0.000292882526992, 0.000217756823986, 0.000154537789058, 0.00014498863311, 0.000113859197882, 0.000144880192238, 0.000127035964397, 0.000101208133856, 5.74566402065e-05, 4.21413096774e-05, 2.83096305793e-05, 2.75314614555e-05, 2.21468453674e-05, 1.82106123248e-05, 1.07232481241e-05, 1.15620305223e-05, 1.27760649775e-05, 1.50066452989e-05, 9.25125732465e-06, 1.05007384263e-05, 9.01387102203e-06, 9.09044774744e-06, 8.24643029773e-06, 1.24296921058e-05, 6.37643552182e-06, 5.96912059336e-06, 9.74657905317e-06, 8.90766750672e-06, 7.04640842741e-06, 6.33793206362e-06, 5.35232948096e-06, 5.69472103962e-06, 3.43898932442e-06, 2.80884410131e-06, 2.60499155047e-06, 3.7472002532e-06],
        "dmean2": [0.00683265831321, 0.00145569932647, 0.000615015684161, 0.000268647243502, 0.0004493445158, 0.000350727437763, 0.000283007975668, 0.000260951521341, 0.000193790750927, 0.000241094443481, 0.00021936801204, 0.000158728755196, 8.92542229849e-05, 6.87882275088e-05, 4.55393528682e-05, 4.54356704722e-05, 3.51636444975e-05, 3.07690024783e-05, 1.74387150764e-05, 1.82609310286e-05, 2.0023997422e-05, 2.46773706749e-05, 1.41152331707e-05, 1.66803674801e-05, 1.40634874697e-05, 1.44111581903e-05, 1.34262099891e-05, 2.08622750506e-05, 9.69781558524e-06, 8.88536396815e-06, 1.5853160221e-05, 1.50038104039e-05, 1.12636180347e-05, 1.0716395991e-05, 8.81113010109e-06, 9.7930260381e-06, 5.74750220039e-06, 4.36343680121e-06, 4.15891781813e-06, 5.97721736995e-06],
        "dvar": [0.000108166881546, 1.12450661618e-05, 1.54808856223e-06, 2.37468498199e-07, 2.72854975947e-07, 1.68355043684e-07, 3.13828820708e-07, 1.99307294224e-07, 7.69898846897e-08, 2.1380462556e-07, 1.86458237295e-07, 6.36059240833e-08, 3.00170448497e-08, 1.6552025528e-08, 3.38844508008e-09, 8.34449398468e-09, 3.36230909781e-09, 3.75246411721e-09, 1.0093187397e-09, 1.10873865644e-09, 1.25085353186e-09, 1.99421257285e-09, 6.52893683561e-10, 2.02587346898e-09, 5.57649704191e-10, 3.75273256914e-10, 2.97842889241e-10, 7.97686250387e-10, 1.71566094664e-10, 2.0054170824e-10, 5.60545443395e-10, 4.46369774476e-10, 2.50290843606e-10, 2.17392853719e-10, 1.45978160115e-10, 2.03805805565e-10, 4.84598021433e-11, 3.78151780722e-11, 6.43329417516e-11, 1.82604639742e-10],
        "dvar2": [0.000180232804269, 2.43677695835e-05, 3.92936772187e-06, 5.34516971129e-07, 6.58640942675e-07, 4.26627423167e-07, 9.11149356853e-07, 5.59703039471e-07, 2.102379284e-07, 5.73627914946e-07, 4.97318296766e-07, 1.49104067759e-07, 7.98754626885e-08, 4.53791955124e-08, 8.52154524722e-09, 2.2443273906e-08, 8.32297608611e-09, 1.00999093533e-08, 2.5966055972e-09, 2.79156764371e-09, 2.961105805e-09, 4.89931650804e-09, 1.38271927241e-09, 4.51497106368e-09, 1.0435581288e-09, 7.9024187194e-10, 7.76847586259e-10, 2.15278972426e-09, 3.96494032051e-10, 4.16291168204e-10, 1.41106271112e-09, 1.16063814115e-09, 6.34983787773e-10, 5.91235227443e-10, 3.85910720047e-10, 5.45731571044e-10, 1.21202048398e-10, 8.09066355578e-11, 1.5402272513e-10, 4.42313213833e-10],
        "max": [0.0902021825314, 0.0420010611415, 0.0117834759876, 0.00665657920763, 0.00649031158537, 0.00635960279033, 0.010991900228, 0.00366840395145, 0.00295077869669, 0.00537720182911, 0.00445218943059, 0.00422687409446, 0.00227407622151, 0.0017392054433, 0.000642108381726, 0.00127829099074, 0.000722635420971, 0.000651920970995, 0.000524055445567, 0.000474165310152, 0.000352997740265, 0.000425340753281, 0.000409588654293, 0.00104251713492, 0.000449294864666, 0.00029238028219, 0.000139256881084, 0.0002174640249, 0.000170360872289, 0.000232266072999, 0.000184457181604, 0.000196487992071, 0.000201145739993, 0.000116962219181, 0.000142059259815, 0.000159811068443, 8.17934414954e-05, 8.49950884003e-05, 0.000111347348138, 0.000199382324354],
        "mean": [0.00577289797366, 0.00126315269154, 0.00064367253799, 0.000303110282402, 0.000436121277744, 0.00029901182279, 0.000121978082461, 0.000129020700115, 0.000136103626573, 0.000200488269911, 0.000151948348503, 0.00011406953854, 6.06564499321e-05, 4.24299905717e-05, 3.68912587874e-05, 2.6852456358e-05, 2.32792390307e-05, 1.80368006113e-05, 1.31851120386e-05, 1.19235764942e-05, 1.28002066049e-05, 1.37954575621e-05, 1.05998988147e-05, 1.14440072139e-05, 1.07091400423e-05, 1.02645853985e-05, 8.85929875949e-06, 1.19374653877e-05, 8.32410023577e-06, 7.40824452805e-06, 9.57437896432e-06, 8.73835870152e-06, 7.67333403928e-06, 6.70431018079e-06, 6.15501994616e-06, 5.49827200302e-06, 4.0373702177e-06, 3.83194583264e-06, 3.78310551241e-06, 4.83500662085e-06],
        "median": [0.000145451966091, 2.89250147034e-05, 5.14225393999e-06, 1.9994127797e-05, 0.000171206454979, 0.000100249468233, 2.12615013879e-05, 1.82044877874e-05, 5.0260910939e-05, 3.91117791878e-05, 9.75925559032e-06, 3.10214600177e-05, 2.05865690077e-05, 1.07926689452e-05, 1.22860483316e-05, 5.77761420573e-06, 6.29726173429e-06, 3.46905630977e-06, 3.48318621946e-06, 2.10533721656e-06, 1.89902198144e-06, 1.49825643803e-06, 1.66001359503e-06, 2.36414325627e-06, 2.69433508038e-06, 3.25588757732e-06, 2.62918706539e-06, 2.82530140794e-06, 2.86103613689e-06, 2.58530735664e-06, 2.56787438957e-06, 2.66951587946e-06, 2.53462371802e-06, 2.2675760647e-06, 2.83466602014e-06, 1.86674992619e-06, 1.35948369007e-06, 1.26402039768e-06, 1.0067221865e-06, 7.76165563821e-07],
        "min": [6.93972929009e-24, 6.73285209541e-24, 1.25797360859e-23, 5.1063277995e-24, 6.86347720613e-24, 1.71611625444e-23, 8.83705257425e-24, 1.45944600166e-23, 4.93945729121e-24, 1.36017716529e-23, 7.26335553215e-24, 1.27600775774e-23, 6.26732042613e-24, 6.85453231232e-24, 3.48391701878e-24, 9.82564596093e-24, 6.00864583555e-24, 6.47335196191e-24, 1.469575449e-23, 1.31191457623e-23, 6.954208832e-24, 8.73841577325e-24, 4.82933428099e-24, 1.3690619479e-23, 1.17954758175e-23, 1.21563331388e-23, 7.26811472999e-24, 1.26782940008e-23, 1.39414157157e-23, 9.11477263366e-24, 1.13518030894e-23, 8.65457169194e-24, 8.23458924574e-24, 1.15524672156e-23, 8.51902014487e-24, 1.25123389656e-23, 1.59621665436e-23, 1.25825783517e-23, 1.0571484759e-23, 7.92325740089e-24],
        "stdev": [0.0131889972836, 0.00361551064998, 0.00153116194997, 0.000692173489369, 0.00061698211357, 0.00047665569582, 0.000430053682067, 0.000387264852179, 0.000258569663856, 0.000506545824464, 0.000454570079455, 0.000337623263476, 0.000152718697791, 0.000108876716695, 6.06528556091e-05, 7.84208459663e-05, 5.51825542061e-05, 5.32218218723e-05, 3.29271970259e-05, 3.11380681524e-05, 3.45359076164e-05, 4.12806512031e-05, 2.82037526631e-05, 4.49390572612e-05, 2.77134186035e-05, 2.14876890823e-05, 1.69789873325e-05, 2.60414690274e-05, 1.62498108693e-05, 1.6342048184e-05, 2.22316193685e-05, 1.9412016627e-05, 1.50443074745e-05, 1.31603610498e-05, 1.09933944259e-05, 1.2323397641e-05, 7.22304912415e-06, 8.04964656709e-06, 9.79022024694e-06, 1.5431221982e-05],
        "var": [0.000173949651071, 1.30719172375e-05, 2.34445678871e-06, 4.79104130591e-07, 3.80666904221e-07, 2.27200644076e-07, 1.84946173931e-07, 1.49974056285e-07, 6.68582700314e-08, 2.56588691627e-07, 2.06633956168e-07, 1.13989472084e-07, 2.33230021962e-08, 1.18541398919e-08, 3.67876884511e-09, 6.14982953451e-09, 3.04511416083e-09, 2.83256240685e-09, 1.08420028511e-09, 9.69579305732e-10, 1.19272891563e-09, 1.70409220068e-09, 7.95451704505e-10, 2.01951877443e-09, 7.68033525667e-10, 4.61720772726e-10, 2.88286006178e-10, 6.78158140754e-10, 2.64056332355e-10, 2.6706253875e-10, 4.94244922766e-10, 3.76826403414e-10, 2.26331176023e-10, 1.73195111031e-10, 1.20854729002e-10, 1.51866130782e-10, 5.21724399793e-11, 6.4796806809e-11, 9.58484125402e-11, 2.38122604967e-10]
    },
    "melbands128": {
