{
"lowlevel": {
    "average_loudness": 0.955170512199,
    "barkbands_crest": {
        "dmean": 3.70184755325,
        "dmean2": 6.07023954391,
        "dvar": 12.8344564438,
        "dvar2": 32.6288375854,
        "max": 26.0717048645,
        "mean": 11.2364454269,
        "median": 10.3438882828,
        "min": 2.38667821884,
        "stdev": 5.41824674606,
        "var": 29.3573970795
    },
    "barkbands_flatness_db": {
        "dmean": 0.0321315415204,
        "dmean2": 0.0516590364277,
        "dvar": 0.00129687855951,
        "dvar2": 0.00340707879514,
        "max": 0.402056962252,
        "mean": 0.133887961507,
        "median": 0.119219876826,
        "min": 0.0241022929549,
        "stdev": 0.0707359686494,
        "var": 0.00500357709825
    },
    "barkbands_kurtosis": {
        "dmean": 7.42527580261,
        "dmean2": 12.4003009796,
        "dvar": 457.467254639,
        "dvar2": 1077.99450684,
        "max": 358.877655029,
        "mean": 6.61209774017,
        "median": 0.839871883392,
        "min": -1.95427381992,
        "stdev": 22.7674102783,
        "var": 518.354980469
    },
    "barkbands_skewness": {
        "dmean": 0.999200880527,
        "dmean2": 1.52003598213,
        "dvar": 1.95343375206,
        "dvar2": 4.4657292366,
        "max": 15.8232297897,
        "mean": 1.42587780952,
        "median": 1.06514954567,
        "min": -6.24078369141,
        "stdev": 1.95345008373,
        "var": 3.8159673214
    },
    "barkbands_spread": {
        "dmean": 9.73633766174,
        "dmean2": 15.3591451645,
        "dvar": 146.034286499,
        "dvar2": 343.316772461,
        "max": 118.32006073,
        "mean": 28.2091617584,
        "median": 23.7212848663,
        "min": 0.369673907757,
        "stdev": 19.3670768738,
        "var": 375.083648682
    },
    "dissonance": {
        "dmean": 0.0224615652114,
        "dmean2": 0.0356905572116,
        "dvar": 0.00100438878872,
        "dvar2": 0.00237846863456,
        "max": 0.499987661839,
        "mean": 0.460476368666,
        "median": 0.476669579744,
        "min": 0.013895843178,
        "stdev": 0.0456227213144,
        "var": 0.00208143261261
    },
    "dynamic_complexity": 2.97902131081,
    "erbbands_crest": {
        "dmean": 3.24817490578,
        "dmean2": 5.3331618309,
        "dvar": 12.6483774185,
        "dvar2": 29.0957889557,
        "max": 33.1169624329,
        "mean": 9.75586032867,
        "median": 7.32006025314,
        "min": 2.3463306427,
        "stdev": 6.79432487488,
        "var": 46.1628494263
    },
    "erbbands_flatness_db": {
        "dmean": 0.0233116652817,
        "dmean2": 0.032960716635,
        "dvar": 0.000620895938482,
        "dvar2": 0.00113908131607,
        "max": 0.436143398285,
        "mean": 0.160030350089,
        "median": 0.142668485641,
        "min": 0.0596349947155,
        "stdev": 0.0652572661638,
        "var": 0.00425851112232
    },
    "erbbands_kurtosis": {
        "dmean": 2.46113109589,
        "dmean2": 3.75586915016,
        "dvar": 77.5208587646,
        "dvar2": 145.783706665,
        "max": 217.687454224,
        "mean": 2.39147043228,
        "median": -0.0481851100922,
        "min": -1.72800910473,
        "stdev": 11.0402212143,
        "var": 121.886482239
    },
    "erbbands_skewness": {
        "dmean": 0.547536790371,
        "dmean2": 0.8159481287,
        "dvar": 0.540742397308,
        "dvar2": 1.01576519012,
        "max": 12.9798116684,
        "mean": 0.206436142325,
        "median": 0.0215027630329,
        "min": -5.81865787506,
        "stdev": 1.42121088505,
        "var": 2.01984024048
    },
    "erbbands_spread": {
        "dmean": 11.606010437,
        "dmean2": 17.2143497467,
        "dvar": 183.877090454,
        "dvar2": 397.122070312,
        "max": 137.3253479,
        "mean": 37.3011436462,
        "median": 34.5670013428,
        "min": 1.00107109547,
        "stdev": 21.030134201,
        "var": 442.266571045
    },
    "hfc": {
        "dmean": 9.90357017517,
        "dmean2": 13.790186882,
        "dvar": 250.439819336,
        "dvar2": 520.411010742,
        "max": 170.07220459,
        "mean": 20.8441791534,
        "median": 11.309378624,
        "min": 1.16799067163e-16,
        "stdev": 25.291267395,
        "var": 639.648254395
    },
    "loudness_ebu128": {
        "integrated": -12.3572406769,
        "loudness_range": 4.04079723358,
        "momentary": {
            "dmean": 1.2750005722,
            "dmean2": 2.17970776558,
            "dvar": 1.94824635983,
            "dvar2": 4.99659347534,
            "max": -8.19366645813,
            "mean": -12.8750085831,
            "median": -12.5410804749,
            "min": -20.4133491516,
            "stdev": 2.25203728676,
            "var": 5.07167196274
        },
        "short_term": {
            "dmean": 0.152168408036,
            "dmean2": 0.238564863801,
            "dvar": 0.0160880871117,
            "dvar2": 0.0379562824965,
            "max": -10.2935562134,
            "mean": -12.5847187042,
            "median": -12.0079078674,
            "min": -15.3545999527,
            "stdev": 1.45349919796,
            "var": 2.11265993118
        }
    },
    "melbands_crest": {
        "dmean": 4.16876983643,
        "dmean2": 6.76522016525,
        "dvar": 14.0737047195,
        "dvar2": 36.7632789612,
        "max": 34.8381118774,
        "mean": 16.0432949066,
        "median": 15.6222028732,
        "min": 2.35563373566,
        "stdev": 6.39462709427,
        "var": 40.891254425
    },
    "melbands_flatness_db": {
        "dmean": 0.0408821292222,
        "dmean2": 0.0626834630966,
        "dvar": 0.00190945051145,
        "dvar2": 0.00470620021224,
        "max": 0.518003046513,
        "mean": 0.186772078276,
        "median": 0.182134568691,
        "min": 0.00746663380414,
        "stdev": 0.0830096825957,
        "var": 0.00689060753211
    },
    "melbands_kurtosis": {
        "dmean": 18.3002548218,
        "dmean2": 30.1955490112,
        "dvar": 1897.58740234,
        "dvar2": 4401.36328125,
        "max": 497.329162598,
        "mean": 19.8733329773,
        "median": 5.73776340485,
        "min": -1.88826477528,
        "stdev": 47.631401062,
        "var": 2268.75048828
    },
    "melbands_skewness": {
        "dmean": 1.34855616093,
        "dmean2": 2.02429294586,
        "dvar": 3.36645960808,
        "dvar2": 7.47107505798,
        "max": 16.5261211395,
        "mean": 2.75022387505,
        "median": 2.18192911148,
        "min": -3.0666012764,
        "stdev": 2.5870244503,
        "var": 6.69269609451
    },
    "melbands_spread": {
        "dmean": 14.3182868958,
        "dmean2": 21.9731178284,
        "dvar": 494.330627441,
        "dvar2": 1034.33789062,
        "max": 272.565765381,
        "mean": 32.3539848328,
        "median": 24.6359004974,
        "min": 0.39907771349,
        "stdev": 29.3385753632,
        "var": 860.751953125
    },
    "pitch_salience": {
        "dmean": 0.0965268611908,
        "dmean2": 0.157269537449,
        "dvar": 0.00921215489507,
        "dvar2": 0.0232715345919,
        "max": 0.958992779255,
        "mean": 0.511105298996,
        "median": 0.515804648399,
        "min": 0.0441498085856,
        "stdev": 0.152596905828,
        "var": 0.0232858154923
    },
    "silence_rate_20dB": {
        "dmean": 0,
        "dmean2": 0,
        "dvar": 0,
        "dvar2": 0,
        "max": 1,
        "mean": 1,
        "median": 1,
        "min": 1,
        "stdev": 0,
        "var": 0
    },
    "silence_rate_30dB": {
        "dmean": 0.0851393193007,
        "dmean2": 0.170410528779,
        "dvar": 0.0778899714351,
        "dvar2": 0.142918646336,
        "max": 1,
        "mean": 0.911832928658,
        "median": 1,
        "min": 0,
        "stdev": 0.283538818359,
        "var": 0.0803942531347
    },
    "silence_rate_60dB": {
        "dmean": 0.0781733766198,
        "dmean2": 0.156467854977,
        "dvar": 0.0720623359084,
        "dvar2": 0.145926117897,
        "max": 1,
        "mean": 0.133797377348,
        "median": 0,
        "min": 0,
        "stdev": 0.340431421995,
        "var": 0.115893550217
    },
    "spectral_centroid": {
        "dmean": 423.16317749,
        "dmean2": 648.675231934,
        "dvar": 340109.59375,
        "dvar2": 589963.9375,
        "max": 11066.0380859,
        "mean": 1823.75061035,
        "median": 1691.31323242,
        "min": 140.158218384,
        "stdev": 990.613952637,
        "var": 981316
    },
    "spectral_complexity": {
        "dmean": 5.78095960617,
        "dmean2": 8.18280410767,
        "dvar": 48.7903594971,
        "dvar2": 93.1733398438,
        "max": 63,
        "mean": 17.626449585,
        "median": 13,
        "min": 0,
        "stdev": 14.6176996231,
        "var": 213.677154541
    },
    "spectral_decrease": {
        "dmean": 6.45729469895e-09,
        "dmean2": 1.07730722121e-08,
        "dvar": 2.39197260335e-16,
        "dvar2": 6.17427196846e-16,
        "max": -2.90367582705e-29,
        "mean": -7.83656251002e-09,
        "median": -3.37406569351e-09,
        "min": -8.98832439589e-08,
        "stdev": 1.40750708866e-08,
        "var": 1.98107612654e-16
    },
    "spectral_energy": {
        "dmean": 0.0250435117632,
        "dmean2": 0.0414239428937,
        "dvar": 0.00347927748226,
        "dvar2": 0.00893785525113,
        "max": 0.342651277781,
        "mean": 0.0314676314592,
        "median": 0.014381072484,
        "min": 1.07036145367e-20,
        "stdev": 0.0544187650084,
        "var": 0.00296140182763
    },
    "spectral_energyband_high": {
        "dmean": 0.000803125789389,
        "dmean2": 0.00107525556814,
        "dvar": 1.97064696295e-06,
        "dvar2": 3.84852955904e-06,
        "max": 0.017706155777,
        "mean": 0.00145713530947,
        "median": 0.000394661037717,
        "min": 7.70025178724e-21,
        "stdev": 0.00239683478139,
        "var": 5.74481646254e-06
    },
    "spectral_energyband_low": {
        "dmean": 0.0215671770275,
        "dmean2": 0.0372006818652,
        "dvar": 0.00331348786131,
        "dvar2": 0.0087462970987,
        "max": 0.335778385401,
        "mean": 0.0206103250384,
        "median": 0.00368449301459,
        "min": 1.75767108034e-22,
        "stdev": 0.0497637577355,
        "var": 0.00247643166222
    },
    "spectral_energyband_middle_high": {
        "dmean": 0.00213537155651,
        "dmean2": 0.0031952157151,
        "dvar": 1.03220518213e-05,
        "dvar2": 2.53352609434e-05,
        "max": 0.0380437485874,
        "mean": 0.00427148118615,
        "median": 0.00266062142327,
        "min": 1.67205452955e-21,
        "stdev": 0.0048498287797,
        "var": 2.35208408412e-05
    },
    "spectral_energyband_middle_low": {
        "dmean": 0.00373301259242,
        "dmean2": 0.00591633375734,
        "dvar": 4.59838338429e-05,
        "dvar2": 0.000116826602607,
        "max": 0.0615021176636,
        "mean": 0.00594384688884,
        "median": 0.0036942763254,
        "min": 3.17475013957e-22,
        "stdev": 0.00738213257864,
        "var": 5.44958784303e-05
    },
    "spectral_entropy": {
        "dmean": 0.210882350802,
        "dmean2": 0.308209091425,
        "dvar": 0.0622624307871,
        "dvar2": 0.120014421642,
        "max": 9.78740596771,
        "mean": 7.73588848114,
        "median": 7.8708152771,
        "min": 5.40502548218,
        "stdev": 0.561247706413,
        "var": 0.314998984337
    },
    "spectral_flux": {
        "dmean": 0.0493439137936,
        "dmean2": 0.0801698565483,
        "dvar": 0.00648110127077,
        "dvar2": 0.0144096715376,
        "max": 0.533988833427,
        "mean": 0.100143291056,
        "median": 0.0679476335645,
        "min": 1.03458276668e-10,
        "stdev": 0.097593523562,
        "var": 0.00952449534088
    },
    "spectral_kurtosis": {
        "dmean": 1.30824410915,
        "dmean2": 1.99461662769,
        "dvar": 3.42014908791,
        "dvar2": 7.87345457077,
        "max": 39.8442344666,
        "mean": 3.46023511887,
        "median": 2.82609272003,
        "min": -1.25545322895,
        "stdev": 3.19166135788,
        "var": 10.1867027283
    },
    "spectral_rms": {
        "dmean": 0.00158711406402,
        "dmean2": 0.00239689229056,
        "dvar": 7.51439210944e-06,
        "dvar2": 1.69956510945e-05,
        "max": 0.0182837061584,
        "mean": 0.00446675019339,
        "median": 0.00374570605345,
        "min": 3.23149363171e-12,
        "stdev": 0.00327845849097,
        "var": 1.07482901512e-05
    },
    "spectral_rolloff": {
        "dmean": 886.912719727,
        "dmean2": 1437.9375,
        "dvar": 2048153,
        "dvar2": 3955406.25,
        "max": 18324.7558594,
        "mean": 2068.62036133,
        "median": 1485.79101562,
        "min": 64.599609375,
        "stdev": 2002.41394043,
        "var": 4009661.75
    },
    "spectral_skewness": {
        "dmean": 0.242468103766,
        "dmean2": 0.352120637894,
        "dvar": 0.0765608325601,
        "dvar2": 0.153808668256,
        "max": 4.44844675064,
        "mean": 1.35114336014,
        "median": 1.27972579002,
        "min": -0.363415420055,
        "stdev": 0.561985909939,
        "var": 0.315828174353
    },
    "spectral_spread": {
        "dmean": 629653.875,
        "dmean2": 900040,
        "dvar": 1.28804297114e+12,
        "dvar2": 1.71321773261e+12,
        "max": 39803908,
        "mean": 4984477,
        "median": 4756452,
        "min": 1366422.25,
        "stdev": 1575133.125,
        "var": 2.48104432435e+12
    },
    "spectral_strongpeak": {
        "dmean": 0.469590872526,
        "dmean2": 0.783041536808,
        "dvar": 0.41463419795,
        "dvar2": 1.04626131058,
        "max": 5.74694776535,
        "mean": 0.706532657146,
        "median": 0.393350690603,
        "min": 0,
        "stdev": 0.837733030319,
        "var": 0.701796591282
    },
    "zerocrossingrate": {
        "dmean": 0.0172349680215,
        "dmean2": 0.0196360163391,
        "dvar": 0.000686374551151,
        "dvar2": 0.000754145905375,
        "max": 0.52490234375,
        "mean": 0.0762209668756,
        "median": 0.06494140625,
        "min": 0.00341796875,
        "stdev": 0.0513893775642,
        "var": 0.0026408683043
    },
    "barkbands": {
        "dmean": [0.000299411010928, 0.0181017089635, 0.00374394957907, 0.00153949740343, 0.000869986251928, 0.000716132111847, 0.000416101072915, 0.000651826325338, 0.000686815008521, 0.000329175702063, 0.000286054390017, 0.000341623905115, 0.000493912957609, 0.000384024664527, 0.00034814098035, 0.000320771650877, 0.00022235592769, 0.000256756175077, 0.000220777248614, 0.000227548924158, 0.000256840721704, 0.000197875124286, 0.000118830517749, 0.000101993522549, 6.1020902649e-05, 2.49057993642e-05, 3.08695689455e-06],
        "dmean2": [0.000481229013531, 0.0318249277771, 0.00654777884483, 0.00262790848501, 0.0014463821426, 0.00118006009143, 0.000695289927535, 0.00101962091867, 0.00107928481884, 0.000513535283972, 0.00043736997759, 0.000562715227716, 0.000795012456365, 0.000603968277574, 0.000558937201276, 0.000506799435243, 0.000361778453225, 0.000420320633566, 0.000357114768121, 0.000351685506757, 0.000395625946112, 0.000274351943517, 0.000167423349922, 0.000139670039061, 7.9719342466e-05, 3.24376305798e-05, 4.80404696646e-06],
        "dvar": [4.36874529441e-07, 0.00252361176535, 8.24015078251e-05, 1.96620749193e-05, 3.71778969566e-06, 2.10679604606e-06, 1.048190029e-06, 2.37819426729e-06, 1.57150668656e-06, 6.20764922132e-07, 2.73372592119e-07, 4.8054363333e-07, 8.57512134189e-07, 6.52288633773e-07, 3.35283829145e-07, 4.13110399222e-07, 1.43234856864e-07, 2.29929682405e-07, 2.08919260558e-07, 1.92558218259e-07, 2.345505834e-07, 1.19188293013e-07, 5.27895842595e-08, 3.50448416953e-08, 1.53443604489e-08, 3.91459620275e-09, 9.62781313008e-11],
        "dvar2": [1.26439556425e-06, 0.00670536840335, 0.000229070137721, 5.37420200999e-05, 9.78133357421e-06, 5.05217485625e-06, 2.59399348579e-06, 5.5513269217e-06, 3.54808503289e-06, 1.21231573758e-06, 5.58327656108e-07, 1.19685205391e-06, 2.1036664748e-06, 1.50930713971e-06, 7.98984331141e-07, 9.82906499303e-07, 3.43738037145e-07, 5.59550244361e-07, 5.27029214936e-07, 4.74157843655e-07, 6.00923158345e-07, 2.30305829518e-07, 1.03217523417e-07, 6.44653681547e-08, 2.33554668938e-08, 5.90889603913e-09, 1.97692556769e-10],
        "max": [0.00815238524228, 0.291243851185, 0.0786067470908, 0.0368452221155, 0.0220756251365, 0.0157857444137, 0.0135317137465, 0.01980612427, 0.0142124406993, 0.012485448271, 0.00775664811954, 0.0131805958226, 0.0137180946767, 0.0127309039235, 0.00688310107216, 0.00911615137011, 0.00523012736812, 0.00796623621136, 0.0045332973823, 0.00434325402603, 0.00527822226286, 0.00428973138332, 0.00284862681292, 0.00270772329532, 0.00167062040418, 0.000826859730296, 0.000125357313664],
        "mean": [0.00047025832464, 0.0153968539089, 0.00401832023636, 0.00143505609594, 0.000957920739893, 0.00102432712447, 0.000477783643873, 0.000951998867095, 0.00092975149164, 0.000427891558502, 0.000423118355684, 0.000439249124611, 0.000661376107018, 0.000481934810523, 0.000420483149355, 0.000412985275034, 0.000291010830551, 0.00036713143345, 0.000300110870739, 0.000340048689395, 0.000387499516364, 0.000334076117724, 0.000211945269257, 0.000166049474501, 9.646890976e-05, 4.01442011935e-05, 3.86348892789e-06],
        "median": [9.88715255517e-05, 0.0021788792219, 0.000484941789182, 0.000138418196002, 0.000230250356253, 0.000220274479943, 0.00014749597176, 0.000267236522632, 0.00033257206087, 0.000114842587209, 0.000142092714668, 0.000153869492351, 0.000239711793256, 0.000137624301715, 0.000150805542944, 0.000136503396789, 0.000107171203126, 0.000135830268846, 8.30909411889e-05, 8.47686678753e-05, 0.000100072145869, 7.33658162062e-05, 4.22598823206e-05, 4.32324341091e-05, 2.20054826059e-05, 8.16749980004e-06, 3.63032228279e-07],
        "min": [1.01669000888e-23, 9.52649255073e-23, 4.55435843202e-23, 4.21931532162e-23, 3.01823799027e-23, 4.0782871866e-23, 1.00779757432e-23, 8.79158657598e-23, 8.50936811615e-23, 5.27575405936e-23, 7.0675487381e-23, 9.7706279615e-23, 1.39730061239e-22, 1.74101021181e-22, 1.50387736152e-22, 3.05113298515e-22, 9.68702006514e-23, 1.27195010968e-22, 2.860522481e-22, 3.45288406696e-22, 4.18995152059e-22, 4.99034822282e-22, 5.95607603439e-22, 9.36799007381e-22, 1.05411941095e-21, 1.52969252541e-21, 2.79322333091e-21],
        "stdev": [0.000792126171291, 0.0426017306745, 0.0081728361547, 0.00389970117249, 0.00189723540097, 0.00201527867466, 0.0010737804696, 0.00220858771354, 0.00162864220329, 0.00106668530498, 0.0007693892112, 0.000813771330286, 0.00115668645594, 0.000987087609246, 0.000700715696439, 0.000727103732061, 0.000484824442538, 0.000643829000182, 0.000550597440451, 0.000595236429945, 0.000659038545564, 0.000579387473408, 0.000377212389139, 0.000288301875116, 0.000192289109691, 0.000101298654045, 1.27461853481e-05],
        "var": [6.27463862202e-07, 0.00181490753312, 6.67952481308e-05, 1.52076690938e-05, 3.59950195161e-06, 4.06134768127e-06, 1.15300451853e-06, 4.87786019221e-06, 2.65247558673e-06, 1.13781754862e-06, 5.91959746998e-07, 6.62223783365e-07, 1.33792354973e-06, 9.7434201507e-07, 4.9100248134e-07, 5.28679834133e-07, 2.35054727682e-07, 4.1451579591e-07, 3.03157548842e-07, 3.54306394001e-07, 4.34331781207e-07, 3.35689861686e-07, 1.42289195537e-07, 8.31179676197e-08, 3.69751020912e-08, 1.02614166053e-08, 1.62465235709e-10]
    },
    "erbbands": {
        "dmean": [0.377615243196, 4.52377748489, 6.09480953217, 4.142827034, 3.79510736465, 3.13579010963, 3.6218559742, 7.15577459335, 6.53695344925, 6.66432237625, 15.5520467758, 17.2180900574, 11.7508268356, 8.31252193451, 12.9635438919, 14.0663232803, 21.8609752655, 17.9424285889, 22.6803398132, 14.1753835678, 14.1128082275, 11.8419370651, 13.9192457199, 10.3936662674, 11.6689271927, 10.4610748291, 10.6819171906, 9.98603820801, 7.30132627487, 5.59781217575, 3.17068982124, 2.30544543266, 1.58648431301, 0.851379692554, 0.370991647243, 0.12789902091, 0.0425465889275, 0.0100239478052, 0.000315414654324, 3.388571713e-05],
        "dmean2": [0.628706336021, 8.06273078918, 10.7808237076, 6.97888422012, 6.26700258255, 5.35935020447, 6.10872983932, 11.7680635452, 11.0467710495, 10.9184236526, 23.9350757599, 26.6652698517, 18.1607322693, 13.3260936737, 19.7070083618, 22.8336277008, 34.3870162964, 27.8254413605, 35.5519790649, 22.4943561554, 22.6348762512, 19.4050769806, 22.3796882629, 16.8249607086, 18.9797477722, 16.3909435272, 16.0815200806, 15.1142129898, 10.1074342728, 8.19787979126, 4.35661077499, 3.15369796753, 2.16325139999, 1.14938151836, 0.491752892733, 0.169592425227, 0.0547846741974, 0.014077398926, 0.000454818335129, 5.17920379934e-05],
        "dvar": [0.850754678249, 167.758651733, 265.909973145, 103.817481995, 96.5995101929, 53.9766960144, 91.6201782227, 224.15637207, 319.271972656, 239.316665649, 1459.45593262, 1095.86743164, 737.28112793, 343.101531982, 498.306884766, 956.746337891, 1678.55761719, 1087.18359375, 1668.46398926, 808.119262695, 704.071472168, 451.003326416, 696.088500977, 410.369567871, 640.558044434, 451.464508057, 394.714599609, 351.356231689, 163.585266113, 116.520004272, 35.7586898804, 17.4830951691, 8.72596359253, 2.73623585701, 0.745676875114, 0.082240767777, 0.0129611203447, 0.000995558337308, 9.48086039898e-07, 5.17192555449e-09],
        "dvar2": [2.12789011002, 454.1043396, 739.888793945, 283.644287109, 255.246490479, 147.173599243, 252.715530396, 511.575073242, 785.043518066, 664.261047363, 3151.27661133, 2388.52270508, 1514.88903809, 795.710998535, 1018.65045166, 2363.80737305, 3965.74047852, 2759.16235352, 3812.18310547, 1945.99572754, 1694.99475098, 1143.20861816, 1696.16479492, 979.582275391, 1684.28466797, 1166.03466797, 963.06060791, 861.042724609, 317.85925293, 265.049102783, 67.4349746704, 31.2612953186, 16.4485588074, 4.48634338379, 1.22217237949, 0.132968813181, 0.0199630856514, 0.00176220282447, 1.85065630376e-06, 1.20416254745e-08],
        "max": [5.1394572258, 74.5482330322, 104.573280334, 94.0049819946, 120.972412109, 101.481414795, 112.50970459, 189.424865723, 262.661315918, 251.986038208, 548.55871582, 431.595367432, 457.099212646, 356.47253418, 298.735839844, 672.17565918, 620.621337891, 488.251464844, 636.049255371, 554.998352051, 480.615722656, 220.37159729, 513.439208984, 291.692718506, 278.182800293, 221.792205811, 252.771636963, 174.579284668, 155.759613037, 122.565643311, 95.1293258667, 50.8709335327, 48.5368232727, 19.727104187, 11.7669324875, 3.4054877758, 1.7390948534, 0.416956454515, 0.0123166693375, 0.000532001722604],
        "mean": [0.369448721409, 3.65172982216, 5.78474187851, 4.4938287735, 3.82919788361, 3.22050595284, 4.58498001099, 10.2103996277, 7.61843299866, 8.85648155212, 24.236749649, 24.9703350067, 15.5805511475, 11.6491804123, 20.6831741333, 19.3215789795, 30.5988578796, 25.8533306122, 30.1924209595, 19.1029338837, 19.3358688354, 16.2016124725, 20.3109092712, 14.6857156754, 16.2666816711, 15.5815649033, 16.1121883392, 15.3011407852, 12.1372795105, 9.29527854919, 5.63360357285, 3.78877973557, 2.52883601189, 1.3230587244, 0.563479602337, 0.199471950531, 0.067472524941, 0.0150661095977, 0.000437661918113, 4.91073078592e-05],
        "median": [0.0682314485312, 0.432068705559, 0.692594647408, 0.67842644453, 0.491716921329, 0.858833968639, 1.60793828964, 1.93485021591, 2.36946439743, 4.30654811859, 6.53498935699, 9.2045583725, 5.32396554947, 4.69677591324, 8.32504749298, 7.75770807266, 11.7833328247, 10.3443613052, 10.9744729996, 7.94564914703, 7.62062835693, 5.98395109177, 7.98116397858, 4.37067508698, 4.21448564529, 4.23017644882, 4.11960124969, 3.49779176712, 2.72181797028, 1.9095788002, 1.17410719395, 0.877549767494, 0.727281391621, 0.325205773115, 0.118671394885, 0.043047696352, 0.0126948393881, 0.00215080170892, 6.57629134366e-05, 2.14033661905e-05],
        "min": [2.92223947461e-21, 2.06724955877e-20, 4.84293924564e-20, 1.1700748938e-19, 1.08160902589e-19, 8.62677517577e-20, 2.68207911097e-19, 3.224594563e-19, 2.00451492096e-19, 3.28828307577e-19, 2.45756972992e-18, 1.78411008765e-18, 2.01890695889e-18, 2.57046685544e-18, 3.67641291789e-18, 3.56670105811e-18, 6.23703156775e-18, 6.05947766285e-18, 8.97940289129e-18, 1.54093739233e-17, 1.11187889132e-17, 6.0040569754e-18, 7.16853330402e-18, 1.40509994281e-17, 1.53564343641e-17, 1.37785600487e-17, 2.05788821749e-17, 1.27473164606e-17, 1.63671067976e-17, 1.55558560293e-17, 1.95442380472e-17, 2.08543928758e-17, 1.45225767497e-17, 1.04648447363e-17, 8.09814700055e-18, 5.5344475165e-18, 2.91484261716e-18, 1.50240918056e-18, 3.95429297434e-19, 3.57724175604e-20],
        "stdev": [0.859307765961, 10.6900577545, 13.5926818848, 9.28178977966, 9.34694004059, 6.78349781036, 9.39375972748, 21.8614959717, 19.1781272888, 15.7767000198, 60.3854904175, 45.3713226318, 34.8954772949, 23.3147640228, 34.9423904419, 35.2493019104, 53.7197380066, 42.0074424744, 52.9209327698, 31.8283863068, 31.2466316223, 25.9903945923, 35.0346412659, 25.9949264526, 29.83411026, 27.0680713654, 27.6331005096, 26.3961753845, 20.9448661804, 16.4732475281, 10.0814113617, 6.63645505905, 4.43086767197, 2.50862979889, 1.27649259567, 0.444423735142, 0.185293272138, 0.0463188923895, 0.00132945808582, 7.98126857262e-05],
        "var": [0.738409876823, 114.277336121, 184.761001587, 86.1516265869, 87.3652877808, 46.0158424377, 88.2427139282, 477.925018311, 367.800537109, 248.904251099, 3646.4074707, 2058.55688477, 1217.69433594, 543.57824707, 1220.97070312, 1242.51318359, 2885.81005859, 1764.62524414, 2800.625, 1013.04620361, 976.351989746, 675.500610352, 1227.42614746, 675.736206055, 890.074157715, 732.680480957, 763.588256836, 696.758117676, 438.687438965, 271.367889404, 101.634849548, 44.0425338745, 19.6325874329, 6.29322385788, 1.62943327427, 0.197512462735, 0.0343335978687, 0.00214543985203, 1.7674586843e-06, 6.3700644759e-09]
    },
    "gfcc": {
        "mean": [-21.8236122131, 63.5206031799, -123.147315979, 35.5428886414, -58.8264465332, 28.3002109528, -29.170337677, 15.8635482788, -15.7315654755, 12.7360458374, -13.3569459915, 0.630129635334, -10.4318552017],
        "cov": [[9946.28613281, 47.6506729126, 491.042327881, 1301.18737793, 639.360717773, 351.692687988, 93.8669815063, -76.6205368042, -332.030456543, -116.140708923, -196.876724243, 196.837753296, -326.325042725], [47.6506729126, 1608.85888672, 357.096282959, 41.8646583557, 350.77734375, -54.4047737122, 133.317962646, -44.5651779175, 43.9489059448, -106.802436829, 69.3241653442, -115.906326294, 63.0046195984], [491.042327881, 357.096282959, 1107.6060791, 632.911315918, 237.151000977, 177.758956909, 81.347114563, -37.4555358887, -64.7933425903, -86.706741333, -26.3456344604, 11.7021226883, -63.3010787964], [1301.18737793, 41.8646583557, 632.911315918, 859.663513184, 237.811431885, 130.684570312, 83.9275741577, -24.0116291046, -56.4668502808, -73.9756393433, -51.6767234802, 37.6546401978, -50.9866867065], [639.360717773, 350.77734375, 237.151000977, 237.811431885, 402.173522949, 90.0950775146, 67.196762085, 14.6357374191, -19.8216609955, -30.2920742035, -0.149022370577, 35.9835929871, -33.9271736145], [351.692687988, -54.4047737122, 177.758956909, 130.684570312, 90.0950775146, 277.063934326, 118.274093628, 26.3752326965, -7.90068864822, -11.1849470139, -6.98530912399, -16.0033931732, -48.2098770142], [93.8669815063, 133.317962646, 81.347114563, 83.9275741577, 67.196762085, 118.274093628, 280.88659668, 95.6020736694, 46.2500228882, -15.9419403076, 1.27992784977, -46.5100822449, -93.3294906616], [-76.6205368042, -44.5651779175, -37.4555358887, -24.0116291046, 14.6357374191, 26.3752326965, 95.6020736694, 156.796478271, 90.3519592285, 24.7786102295, -7.82342338562, -30.0808105469, -32.4079589844], [-332.030456543, 43.9489059448, -64.7933425903, -56.4668502808, -19.8216609955, -7.90068864822, 46.2500228882, 90.3519592285, 180.380508423, 57.1334648132, -0.0426789745688, -56.9602661133, 4.19776248932], [-116.140708923, -106.802436829, -86.706741333, -73.9756393433, -30.2920742035, -11.1849470139, -15.9419403076, 24.7786102295, 57.1334648132, 107.69657135, 34.5661582947, 9.45364379883, 9.71207141876], [-196.876724243, 69.3241653442, -26.3456344604, -51.6767234802, -0.149022370577, -6.98530912399, 1.27992784977, -7.82342338562, -0.0426789745688, 34.5661582947, 117.458106995, 43.9135551453, 38.2026634216], [196.837753296, -115.906326294, 11.7021226883, 37.6546401978, 35.9835929871, -16.0033931732, -46.5100822449, -30.0808105469, -56.9602661133, 9.45364379883, 43.9135551453, 137.56980896, 26.0592460632], [-326.325042725, 63.0046195984, -63.3010787964, -50.9866867065, -33.9271736145, -48.2098770142, -93.3294906616, -32.4079589844, 4.19776248932, 9.71207141876, 38.2026634216, 26.0592460632, 160.574615479]],
        "icov": [[0.000176718225703, -0.000174411892658, 0.000235319923377, -0.000373067334294, 4.26061451435e-05, -0.000275906204479, 0.000245257630013, -0.000175656648935, 0.000318541948218, -0.000271668017376, 0.000331481278408, -0.000351514841896, 0.000421424716478], [-0.000174411892658, 0.00198649126105, -0.000972217007075, 0.00114491232671, -0.00202826154418, 0.00172446260694, -0.00159268430434, 0.00169266178273, -0.00113109766971, 0.00191400793847, -0.00193047255743, 0.00259300903417, -0.00169621780515], [0.000235319923377, -0.000972217007075, 0.00232692272402, -0.00191999285016, 0.000623964704573, -0.00150137348101, 0.00113546382636, -0.000604994420428, 0.000682573765516, -0.000404710270232, 0.000550728756934, -0.00105121533852, 0.00143248925451], [-0.000373067334294, 0.00114491232671, -0.00191999285016, 0.00342183653265, -0.00149279623292, 0.00114277936518, -0.00161773117725, 0.00136877573095, -0.00112303625792, 0.0014331768034, -0.000247601623414, 0.000828434538562, -0.00164693279658], [4.26061451435e-05, -0.00202826154418, 0.000623964704573, -0.00149279623292, 0.00545062497258, -0.00217459001578, 0.00131393992342, -0.00206204480492, 0.000782695831731, -0.00129187491257, 0.00160982704256, -0.00353187299334, 0.00174852006603], [-0.000275906204479, 0.00172446260694, -0.00150137348101, 0.00114277936518, -0.00217459001578, 0.00659326603636, -0.00343246432021, 0.00146082357969, -0.000198876863578, 0.000709814892616, -0.00147661543451, 0.00283728237264, -0.00179335288703], [0.000245257630013, -0.00159268430434, 0.00113546382636, -0.00161773117725, 0.00131393992342, -0.00343246432021, 0.00849864538759, -0.00453605642542, 0.000315025972668, 0.000647414126433, -0.00117436388973, -0.000630608876236, 0.00466281641275], [-0.000175656648935, 0.00169266178273, -0.000604994420428, 0.00136877573095, -0.00206204480492, 0.00146082357969, -0.00453605642542, 0.0127978520468, -0.00593906966969, 0.00112580729183, -0.00027611371479, 0.00104923860636, -0.000893043645192], [0.000318541948218, -0.00113109766971, 0.000682573765516, -0.00112303625792, 0.000782695831731, -0.000198876863578, 0.000315025972668, -0.00593906966969, 0.0121338972822, -0.00651477230713, 0.00164627900813, 0.00248503312469, -0.00062437239103], [-0.000271668017376, 0.00191400793847, -0.000404710270232, 0.0014331768034, -0.00129187491257, 0.000709814892616, 0.000647414126433, 0.00112580729183, -0.00651477230713, 0.0164257008582, -0.0060174879618, 0.00061518169241, 4.47273378086e-05], [0.000331481278408, -0.00193047255743, 0.000550728756934, -0.000247601623414, 0.00160982704256, -0.00147661543451, -0.00117436388973, -0.00027611371479, 0.00164627900813, -0.0060174879618, 0.0147896027192, -0.00648755626753, -0.00141675432678], [-0.000351514841896, 0.00259300903417, -0.00105121533852, 0.000828434538562, -0.00353187299334, 0.00283728237264, -0.000630608876236, 0.00104923860636, 0.00248503312469, 0.00061518169241, -0.00648755626753, 0.0146916210651, -0.00287525285967], [0.000421424716478, -0.00169621780515, 0.00143248925451, -0.00164693279658, 0.00174852006603, -0.00179335288703, 0.00466281641275, -0.000893043645192, -0.00062437239103, 4.47273378086e-05, -0.00141675432678, -0.00287525285967, 0.0109695810825]]
    },
    "melbands": {
        "dmean": [0.00440282607451, 0.0040788888, 0.000703470373992, 0.000217995198909, 0.000127730265376, 0.0001511942246, 9.3300412118e-05, 8.20247660158e-05, 0.000126638566144, 0.000110141416371, 5.78644321649e-05, 3.49171859853e-05, 4.11771979998e-05, 3.77511496481e-05, 3.74997507606e-05, 5.53428653802e-05, 3.31557712343e-05, 4.03473131882e-05, 1.94183230633e-05, 2.60974320554e-05, 1.58813363669e-05, 1.33621506393e-05, 1.29213985929e-05, 1.22853771245e-05, 8.23290156404e-06, 9.74717295321e-06, 7.0771720857e-06, 7.48628235669e-06, 7.02778470441e-06, 6.65842208036e-06, 5.81719314141e-06, 4.52732683698e-06, 3.71692931367e-06, 2.93913331006e-06, 1.94280642063e-06, 1.5950257648e-06, 1.38346297263e-06, 1.19265337162e-06, 9.59209955909e-07, 6.58759859107e-07],
        "dmean2": [0.00758155807853, 0.00723925093189, 0.00117166677956, 0.000353943207301, 0.000216865519178, 0.000249370699748, 0.000157735397806, 0.000134772373713, 0.000193009720533, 0.000171759194927, 9.00506274775e-05, 5.65717164136e-05, 6.2058767071e-05, 6.1171289417e-05, 6.18647391093e-05, 8.78951104823e-05, 5.19369568792e-05, 6.36232216493e-05, 3.20149847539e-05, 4.11791115766e-05, 2.58744439634e-05, 2.21172522288e-05, 2.1318128347e-05, 2.0091274564e-05, 1.35761210913e-05, 1.59565424838e-05, 1.15785487651e-05, 1.18396892503e-05, 1.07568821477e-05, 1.02672047433e-05, 8.88025897439e-06, 6.18832200416e-06, 5.62938021176e-06, 4.38654205936e-06, 2.75524985227e-06, 2.25286362365e-06, 1.95588881979e-06, 1.66643508237e-06, 1.30764601636e-06, 9.17220518204e-07],
        "dvar": [0.000136029877467, 0.000130269530928, 2.97677866001e-06, 2.30548891977e-07, 1.16973417619e-07, 9.78894476589e-08, 5.6890741007e-08, 4.0259415357e-08, 1.00324641039e-07, 4.56452937669e-08, 1.86980813055e-08, 6.57910081969e-09, 5.49477530143e-09, 4.93149165948e-09, 8.14114997638e-09, 1.11713882589e-08, 4.19617851577e-09, 6.21227025377e-09, 1.20311360874e-09, 3.00161118183e-09, 9.50157730273e-10, 5.75282044224e-10, 7.24636239902e-10, 5.29974786279e-10, 2.71943939589e-10, 4.06815664489e-10, 2.72709160809e-10, 2.18752807535e-10, 1.74207454018e-10, 1.77231507248e-10, 1.09114516034e-10, 6.84184098265e-11, 5.03295287391e-11, 3.45949102698e-11, 1.4734559059e-11, 9.27124176042e-12, 6.5363062185e-12, 5.26293201727e-12, 3.37934389673e-12, 1.81026558761e-12],
        "dvar2": [0.000353922543582, 0.000356694567017, 8.01802616479e-06, 5.90330500927e-07, 3.26169185882e-07, 2.28144003245e-07, 1.39556718182e-07, 1.09856614472e-07, 2.12317246451e-07, 1.00885465315e-07, 3.80976992176e-08, 1.48846801551e-08, 1.08714957037e-08, 1.20266676618e-08, 2.13824442596e-08, 2.66648623182e-08, 1.04105799537e-08, 1.38267735039e-08, 3.01522562474e-09, 7.11461334291e-09, 2.28985608253e-09, 1.42607636811e-09, 1.78725778621e-09, 1.32059019275e-09, 6.55720755471e-10, 1.04563868675e-09, 7.59500018432e-10, 5.37228539432e-10, 4.21555956809e-10, 4.53253740096e-10, 2.6113086693e-10, 1.32876348813e-10, 1.22291510252e-10, 8.04101160656e-11, 2.99456189012e-11, 1.74883458409e-11, 1.23280621822e-11, 1.08183453515e-11, 6.01582282253e-12, 3.08288377465e-12],
        "max": [0.0672462135553, 0.0665015205741, 0.0142782600597, 0.00459437118843, 0.00401222845539, 0.00366205302998, 0.00339204771444, 0.00353849749081, 0.00472646579146, 0.00277992710471, 0.00232420116663, 0.00170211761724, 0.00119560526218, 0.00135546189267, 0.00121204787865, 0.0012631281279, 0.000908762682229, 0.00140331010334, 0.00042454287177, 0.000856666534673, 0.00051253172569, 0.00024928941275, 0.000452141277492, 0.000323950662278, 0.000244541617576, 0.000240132241743, 0.000185224736924, 0.000150210384163, 0.000142575547216, 0.000137180526508, 0.000118170617498, 0.000100696095615, 8.52233351907e-05, 6.63171158521e-05, 6.20676146355e-05, 3.58304350812e-05, 2.73974546872e-05, 3.55409829353e-05, 3.33589305228e-05, 1.6418782252e-05],
        "mean": [0.00393878808245, 0.00363078271039, 0.000778550514951, 0.000235394734773, 0.000160086710821, 0.000218173023313, 0.000108549575089, 0.000107738749648, 0.00019618983788, 0.000152184438775, 7.33901397325e-05, 4.49304025096e-05, 6.32198498351e-05, 5.41782428627e-05, 4.81795832457e-05, 7.3762901593e-05, 4.35752408521e-05, 5.19049390277e-05, 2.3308357413e-05, 3.2652857044e-05, 2.00738832064e-05, 1.71862393472e-05, 1.75552886503e-05, 1.69415907294e-05, 1.08554586404e-05, 1.26240711324e-05, 9.68710810412e-06, 1.08909644041e-05, 1.02435860754e-05, 9.75455895968e-06, 8.53744950291e-06, 7.16019894753e-06, 5.84590588915e-06, 4.71683824799e-06, 3.33957541443e-06, 2.63064202954e-06, 2.17160800275e-06, 1.83265569831e-06, 1.48070023442e-06, 9.84884422905e-07],
        "median": [0.000640938815195, 0.000476875255117, 0.000119372547488, 4.98095178045e-05, 6.23268279014e-05, 4.36086047557e-05, 3.42471903423e-05, 4.95465283166e-05, 5.08194279973e-05, 5.36869883945e-05, 2.08846158785e-05, 1.50547075464e-05, 2.27524142247e-05, 2.26283063967e-05, 1.76822595677e-05, 2.65365433734e-05, 1.41139216794e-05, 1.6534997485e-05, 9.48525848798e-06, 1.06364514068e-05, 7.66147968534e-06, 5.81034146308e-06, 7.05777392795e-06, 5.65348909731e-06, 2.92502613775e-06, 3.36509151566e-06, 2.05179890145e-06, 2.92622735287e-06, 2.62980984189e-06, 2.3680565846e-06, 1.83513759566e-06, 1.61282946465e-06, 1.22982498851e-06, 9.30901194351e-07, 7.6373896718e-07, 4.81105587369e-07, 5.07203992584e-07, 5.01847353007e-07, 4.15797501319e-07, 2.27204722592e-07],
        "min": [2.7056505944e-23, 2.67461270431e-23, 1.93309544409e-23, 6.63412220882e-24, 7.84700137263e-24, 7.0837224377e-24, 2.78869153642e-24, 4.98139905339e-24, 2.04453798194e-23, 1.17608684896e-23, 9.69019775464e-24, 9.55458073212e-24, 1.07948499354e-23, 1.13608047812e-23, 1.28218445975e-23, 1.1798047504e-23, 1.1681710242e-23, 1.50142775908e-23, 1.71549762972e-23, 2.20849909233e-23, 1.07606898916e-23, 5.40972015378e-24, 7.03080564818e-24, 5.21433114047e-24, 1.26131680111e-23, 9.13136790052e-24, 1.29744521062e-23, 8.34813157355e-24, 1.06959606989e-23, 1.40214235664e-23, 5.46631697942e-24, 8.63284094058e-24, 1.08327452356e-23, 7.42659846357e-24, 1.05167701554e-23, 1.19842983526e-23, 1.34514163421e-23, 1.09876893503e-23, 7.79704912238e-24, 9.50796378579e-24],
        "stdev": [0.010220897384, 0.00940490793437, 0.00160431081895, 0.000488595338538, 0.000318309525028, 0.000449290120741, 0.000258099928033, 0.000203921910725, 0.000496349355672, 0.000288611656288, 0.000176427347469, 0.000101978810562, 0.000114895643492, 8.71397860465e-05, 9.42739279708e-05, 0.000131099237478, 8.26080868137e-05, 9.9615790532e-05, 3.7497964513e-05, 6.09945200267e-05, 3.49722940882e-05, 2.97304595733e-05, 3.17298763548e-05, 3.04824588966e-05, 2.01986149477e-05, 2.3709873858e-05, 1.81891537068e-05, 1.93426294572e-05, 1.80649549293e-05, 1.76431349246e-05, 1.46783859236e-05, 1.28442879941e-05, 1.05558656287e-05, 8.47792762215e-06, 6.10786582911e-06, 4.82528048451e-06, 3.82359075957e-06, 3.24687948705e-06, 2.75520756077e-06, 1.9586725557e-06],
        "var": [0.000104466736957, 8.84522960405e-05, 2.57381338997e-06, 2.38725419877e-07, 1.01320956958e-07, 2.01861624305e-07, 6.66155699491e-08, 4.15841476809e-08, 2.46362674261e-07, 8.32966904341e-08, 3.11266106223e-08, 1.03996775636e-08, 1.32010082865e-08, 7.59334195521e-09, 8.88757334394e-09, 1.71870091492e-08, 6.82409551089e-09, 9.92330573268e-09, 1.40609723864e-09, 3.72033159834e-09, 1.22306142991e-09, 8.83900230786e-10, 1.00678509973e-09, 9.29180288267e-10, 4.079840632e-10, 5.6215809785e-10, 3.3084532336e-10, 3.74137304471e-10, 3.26342564083e-10, 3.11280223819e-10, 2.1545501494e-10, 1.64975741401e-10, 1.11426298743e-10, 7.18752557471e-11, 3.73060263237e-11, 2.32833318597e-11, 1.46198469997e-11, 1.05422268137e-11, 7.59116814547e-12, 3.836398213e-12]
    },
    "melbands128": {
