{
"lowlevel": {
    "average_loudness": 0.966168999672,
    "barkbands_crest": {
        "dmean": 3.45636582375,
        "dmean2": 5.43377113342,
        "dvar": 9.87896442413,
        "dvar2": 22.1644248962,
        "max": 25.9439353943,
        "mean": 13.3915214539,
        "median": 13.0716972351,
        "min": 2.74284219742,
        "stdev": 5.05990028381,
        "var": 25.6025924683
    },
    "barkbands_flatness_db": {
        "dmean": 0.03965639323,
        "dmean2": 0.0590740703046,
        "dvar": 0.00137448264286,
        "dvar2": 0.00277763023041,
        "max": 0.416983127594,
        "mean": 0.175368219614,
        "median": 0.167820513248,
        "min": 0.0421951189637,
        "stdev": 0.0639347583055,
        "var": 0.00408765347674
    },
    "barkbands_kurtosis": {
        "dmean": 8.78855037689,
        "dmean2": 14.2578868866,
        "dvar": 456.826843262,
        "dvar2": 1176.20031738,
        "max": 392.11151123,
        "mean": 10.0569601059,
        "median": 3.52221632004,
        "min": -1.94853818417,
        "stdev": 21.6418628693,
        "var": 468.37020874
    },
    "barkbands_skewness": {
        "dmean": 1.03921771049,
        "dmean2": 1.57815134525,
        "dvar": 1.56128275394,
        "dvar2": 3.40712332726,
        "max": 15.2116537094,
        "mean": 2.20475959778,
        "median": 1.87150859833,
        "min": -3.32337594032,
        "stdev": 1.91290640831,
        "var": 3.65921092033
    },
    "barkbands_spread": {
        "dmean": 11.3434610367,
        "dmean2": 18.3347740173,
        "dvar": 156.586120605,
        "dvar2": 358.441925049,
        "max": 121.435829163,
        "mean": 25.5571537018,
        "median": 21.2810249329,
        "min": 0.430549263954,
        "stdev": 19.0610790253,
        "var": 363.324707031
    },
    "dissonance": {
        "dmean": 0.0345117077231,
        "dmean2": 0.0565988533199,
        "dvar": 0.00102997175418,
        "dvar2": 0.00247077387758,
        "max": 0.499999880791,
        "mean": 0.440458267927,
        "median": 0.452180415392,
        "min": 0.035823456943,
        "stdev": 0.0474977865815,
        "var": 0.00225603976287
    },
    "dynamic_complexity": 2.17562508583,
    "erbbands_crest": {
        "dmean": 4.63100862503,
        "dmean2": 7.60977840424,
        "dvar": 16.3034267426,
        "dvar2": 37.7555999756,
        "max": 32.4456100464,
        "mean": 12.5047187805,
        "median": 11.0772409439,
        "min": 2.8557934761,
        "stdev": 6.1177482605,
        "var": 37.4268417358
    },
    "erbbands_flatness_db": {
        "dmean": 0.0281511377543,
        "dmean2": 0.0433624796569,
        "dvar": 0.000623667088803,
        "dvar2": 0.00128474447411,
        "max": 0.335600525141,
        "mean": 0.162983298302,
        "median": 0.156580418348,
        "min": 0.0608438812196,
        "stdev": 0.0510517135262,
        "var": 0.00260627758689
    },
    "erbbands_kurtosis": {
        "dmean": 2.69207930565,
        "dmean2": 4.33818531036,
        "dvar": 28.3222846985,
        "dvar2": 66.0017852783,
        "max": 91.6533432007,
        "mean": 2.17891907692,
        "median": 0.581689119339,
        "min": -1.81903409958,
        "stdev": 6.15322828293,
        "var": 37.8622169495
    },
    "erbbands_skewness": {
        "dmean": 0.671273231506,
        "dmean2": 1.04100954533,
        "dvar": 0.51641947031,
        "dvar2": 1.1454410553,
        "max": 8.84663200378,
        "mean": 0.796239435673,
        "median": 0.757413864136,
        "min": -3.43031001091,
        "stdev": 1.14242589474,
        "var": 1.30513703823
    },
    "erbbands_spread": {
        "dmean": 17.7794952393,
        "dmean2": 27.9611816406,
        "dvar": 320.172302246,
        "dvar2": 737.017700195,
        "max": 145.148986816,
        "mean": 45.7523460388,
        "median": 38.8778762817,
        "min": 2.18343830109,
        "stdev": 26.5561122894,
        "var": 705.227050781
    },
    "hfc": {
        "dmean": 17.1373500824,
        "dmean2": 24.5543079376,
        "dvar": 505.241821289,
        "dvar2": 818.601989746,
        "max": 205.016082764,
        "mean": 34.6113929749,
        "median": 26.3127174377,
        "min": 0.000657909840811,
        "stdev": 35.0065498352,
        "var": 1225.45861816
    },
    "loudness_ebu128": {
        "integrated": -8.79501628876,
        "loudness_range": 0.805393218994,
        "momentary": {
            "dmean": 0.773092985153,
            "dmean2": 1.22518932819,
            "dvar": 0.465093642473,
            "dvar2": 0.70640283823,
            "max": -6.7113494873,
            "mean": -8.9599647522,
            "median": -8.66092300415,
            "min": -12.4063835144,
            "stdev": 1.23991012573,
            "var": 1.53737711906
        },
        "short_term": {
            "dmean": 0.0998809859157,
            "dmean2": 0.155124545097,
            "dvar": 0.00639778142795,
            "dvar2": 0.0131102651358,
            "max": -8.12528419495,
            "mean": -8.75847816467,
            "median": -8.72018051147,
            "min": -9.84070777893,
            "stdev": 0.283095210791,
            "var": 0.0801428928971
        }
    },
    "melbands_crest": {
        "dmean": 4.31389331818,
        "dmean2": 6.54750537872,
        "dvar": 16.2149047852,
        "dvar2": 35.3119544983,
        "max": 36.8458747864,
        "mean": 20.7041378021,
        "median": 21.0412139893,
        "min": 3.80856990814,
        "stdev": 7.63005018234,
        "var": 58.2176628113
    },
    "melbands_flatness_db": {
        "dmean": 0.0484407059848,
        "dmean2": 0.0704084485769,
        "dvar": 0.00219753943384,
        "dvar2": 0.00412286398932,
        "max": 0.538106560707,
        "mean": 0.233436197042,
        "median": 0.226000547409,
        "min": 0.0209742709994,
        "stdev": 0.0910593643785,
        "var": 0.00829180795699
    },
    "melbands_kurtosis": {
        "dmean": 20.0576229095,
        "dmean2": 32.1902809143,
        "dvar": 1758.73474121,
        "dvar2": 4430.71533203,
        "max": 535.395874023,
        "mean": 28.1075515747,
        "median": 13.4665575027,
        "min": -1.87778282166,
        "stdev": 45.6543312073,
        "var": 2084.31787109
    },
    "melbands_skewness": {
        "dmean": 1.3791975975,
        "dmean2": 2.08008956909,
        "dvar": 2.60890364647,
        "dvar2": 5.74635601044,
        "max": 19.5449123383,
        "mean": 3.62305092812,
        "median": 3.08545303345,
        "min": -1.61394202709,
        "stdev": 2.50000238419,
        "var": 6.25001192093
    },
    "melbands_spread": {
        "dmean": 13.0509853363,
        "dmean2": 19.8336391449,
        "dvar": 480.909942627,
        "dvar2": 980.104858398,
        "max": 270.725646973,
        "mean": 25.531047821,
        "median": 17.0690803528,
        "min": 0.440773308277,
        "stdev": 31.2105865479,
        "var": 974.100769043
    },
    "pitch_salience": {
        "dmean": 0.101550884545,
        "dmean2": 0.15967002511,
        "dvar": 0.0107919760048,
        "dvar2": 0.0259439665824,
        "max": 0.923126280308,
        "mean": 0.471455067396,
        "median": 0.458530187607,
        "min": 0.104160346091,
        "stdev": 0.161286056042,
        "var": 0.0260131899267
    },
    "silence_rate_20dB": {
        "dmean": 0,
        "dmean2": 0,
        "dvar": 0,
        "dvar2": 0,
        "max": 1,
        "mean": 1,
        "median": 1,
        "min": 1,
        "stdev": 0,
        "var": 0
    },
    "silence_rate_30dB": {
        "dmean": 0.0494972914457,
        "dmean2": 0.0990712046623,
        "dvar": 0.0470466539264,
        "dvar2": 0.0892549604177,
        "max": 1,
        "mean": 0.920401871204,
        "median": 1,
        "min": 0,
        "stdev": 0.270668327808,
        "var": 0.0732613503933
    },
    "silence_rate_60dB": {
        "dmean": 0.0464037135243,
        "dmean2": 0.0921052619815,
        "dvar": 0.0442497730255,
        "dvar2": 0.0991020649672,
        "max": 1,
        "mean": 0.051777433604,
        "median": 0,
        "min": 0,
        "stdev": 0.221578165889,
        "var": 0.0490968823433
    },
    "spectral_centroid": {
        "dmean": 483.000152588,
        "dmean2": 743.460388184,
        "dvar": 329309.09375,
        "dvar2": 654901.875,
        "max": 5914.55615234,
        "mean": 1438.86157227,
        "median": 1267.72253418,
        "min": 158.5078125,
        "stdev": 853.961853027,
        "var": 729250.8125
    },
    "spectral_complexity": {
        "dmean": 4.99922657013,
        "dmean2": 7.31114530563,
        "dvar": 48.0440254211,
        "dvar2": 75.3721160889,
        "max": 64,
        "mean": 13.063369751,
        "median": 10,
        "min": 0,
        "stdev": 11.0196170807,
        "var": 121.43196106
    },
    "spectral_decrease": {
        "dmean": 3.96187171958e-09,
        "dmean2": 5.74019676236e-09,
        "dvar": 4.16239501081e-17,
        "dvar2": 7.48953744977e-17,
        "max": -4.03538720451e-13,
        "mean": -1.05381392501e-08,
        "median": -7.80595321714e-09,
        "min": -5.62569191231e-08,
        "stdev": 1.04514139565e-08,
        "var": 1.09232052006e-16
    },
    "spectral_energy": {
        "dmean": 0.0159192662686,
        "dmean2": 0.0229373164475,
        "dvar": 0.000605991401244,
        "dvar2": 0.00109018431976,
        "max": 0.214963629842,
        "mean": 0.0429127588868,
        "median": 0.0325655117631,
        "min": 1.58273030593e-06,
        "stdev": 0.0400261841714,
        "var": 0.00160209543537
    },
    "spectral_energyband_high": {
        "dmean": 0.001431076671,
        "dmean2": 0.00216192658991,
        "dvar": 4.57897294837e-06,
        "dvar2": 7.88208490121e-06,
        "max": 0.0192170925438,
        "mean": 0.00222729472443,
        "median": 0.00118896283675,
        "min": 5.45359668536e-09,
        "stdev": 0.0032189367339,
        "var": 1.03615539047e-05
    },
    "spectral_energyband_low": {
        "dmean": 0.0102904485539,
        "dmean2": 0.0149315735325,
        "dvar": 0.000588130555116,
        "dvar2": 0.00111791782547,
        "max": 0.197005212307,
        "mean": 0.0245854575187,
        "median": 0.00765844900161,
        "min": 1.62540416682e-08,
        "stdev": 0.0366692170501,
        "var": 0.00134463142604
    },
    "spectral_energyband_middle_high": {
        "dmean": 0.00387846888043,
        "dmean2": 0.00521832332015,
        "dvar": 3.56279269909e-05,
        "dvar2": 5.348589184e-05,
        "max": 0.0511401854455,
        "mean": 0.00560472626239,
        "median": 0.00221050623804,
        "min": 7.92192551557e-08,
        "stdev": 0.00857754796743,
        "var": 7.35743233236e-05
    },
    "spectral_energyband_middle_low": {
        "dmean": 0.00711046438664,
        "dmean2": 0.0116765145212,
        "dvar": 0.000136432558065,
        "dvar2": 0.000375902920496,
        "max": 0.0917671695352,
        "mean": 0.0111944992095,
        "median": 0.00845803506672,
        "min": 9.48689148572e-07,
        "stdev": 0.0117214815691,
        "var": 0.00013739312999
    },
    "spectral_entropy": {
        "dmean": 0.367490321398,
        "dmean2": 0.548007190228,
        "dvar": 0.113359726965,
        "dvar2": 0.235793709755,
        "max": 8.96165847778,
        "mean": 7.54513072968,
        "median": 7.54847240448,
        "min": 5.74045848846,
        "stdev": 0.561282873154,
        "var": 0.315038472414
    },
    "spectral_flux": {
        "dmean": 0.0489163026214,
        "dmean2": 0.0763983428478,
        "dvar": 0.0027573928237,
        "dvar2": 0.00443570874631,
        "max": 0.462755978107,
        "mean": 0.11267156899,
        "median": 0.0964679792523,
        "min": 0.00125806604046,
        "stdev": 0.0788753852248,
        "var": 0.00622132606804
    },
    "spectral_kurtosis": {
        "dmean": 1.61904203892,
        "dmean2": 2.50424742699,
        "dvar": 3.88459801674,
        "dvar2": 8.80588912964,
        "max": 25.0233688354,
        "mean": 2.90645122528,
        "median": 2.32713055611,
        "min": -1.40667724609,
        "stdev": 2.66564083099,
        "var": 7.10564136505
    },
    "spectral_rms": {
        "dmean": 0.00120458286256,
        "dmean2": 0.0016746467445,
        "dvar": 2.0047509679e-06,
        "dvar2": 3.35175855071e-06,
        "max": 0.0144817335531,
        "mean": 0.00583088025451,
        "median": 0.00563659751788,
        "min": 3.92953843402e-05,
        "stdev": 0.00280480552465,
        "var": 7.86693453847e-06
    },
    "spectral_rolloff": {
        "dmean": 1110.3338623,
        "dmean2": 1879.0390625,
        "dvar": 3727493,
        "dvar2": 8160379.5,
        "max": 14233.4472656,
        "mean": 2034.77124023,
        "median": 893.627929688,
        "min": 64.599609375,
        "stdev": 2670.88793945,
        "var": 7133643
    },
    "spectral_skewness": {
        "dmean": 0.354435294867,
        "dmean2": 0.533907532692,
        "dvar": 0.136621326208,
        "dvar2": 0.28943118453,
        "max": 3.98983979225,
        "mean": 1.50957536697,
        "median": 1.49960768223,
        "min": -0.250538676977,
        "stdev": 0.562775492668,
        "var": 0.316716223955
    },
    "spectral_spread": {
        "dmean": 1358226.5,
        "dmean2": 2042556.625,
        "dvar": 1.92880037069e+12,
        "dvar2": 3.96990847386e+12,
        "max": 18207500,
        "mean": 7260710,
        "median": 7065021.5,
        "min": 1873961.875,
        "stdev": 2292405.5,
        "var": 5.25512264909e+12
    },
    "spectral_strongpeak": {
        "dmean": 0.572140395641,
        "dmean2": 0.930329978466,
        "dvar": 1.04736578465,
        "dvar2": 2.57398056984,
        "max": 8.78646850586,
        "mean": 0.988301157951,
        "median": 0.444928467274,
        "min": 0,
        "stdev": 1.23175036907,
        "var": 1.51720905304
    },
    "zerocrossingrate": {
        "dmean": 0.0225013438612,
        "dmean2": 0.0247844308615,
        "dvar": 0.000600091239903,
        "dvar2": 0.000648088986054,
        "max": 0.43359375,
        "mean": 0.0801947265863,
        "median": 0.070556640625,
        "min": 0.0029296875,
        "stdev": 0.0599086582661,
        "var": 0.00358904711902
    },
    "barkbands": {
        "dmean": [0.000769017031416, 0.00870995037258, 0.0040905373171, 0.00178298377432, 0.00155489169993, 0.00203520595096, 0.000478593079606, 0.000968510867096, 0.00250952271745, 0.000548710930161, 0.000891459116247, 0.000588047201745, 0.000802464957815, 0.000470866652904, 0.000356842705514, 0.000347660272382, 0.000318282196531, 0.000352995673893, 0.000302763161017, 0.000220024579903, 0.000185736847925, 0.000249638804235, 0.000332699069986, 0.000397831579903, 0.000272768433206, 0.000155140485731, 1.248467197e-05],
        "dmean2": [0.000981486518867, 0.0129607664421, 0.0074886190705, 0.00336783914827, 0.00267688813619, 0.00313005200587, 0.000819908687845, 0.00156042561866, 0.00407788343728, 0.000847958202939, 0.00131817383226, 0.00087663292652, 0.00118123961147, 0.000754678854719, 0.000579657789785, 0.000572027871385, 0.000476014276501, 0.000553939607926, 0.000463012023829, 0.000335282064043, 0.00029876831104, 0.000380256067729, 0.000500214810017, 0.000610444752965, 0.000401903322199, 0.000240334367845, 2.03532545129e-05],
        "dvar": [2.17454498852e-06, 0.000446302292403, 0.00023638291168, 5.36931001989e-05, 1.35811060318e-05, 1.06135321403e-05, 2.90517300527e-06, 4.57143232779e-06, 2.17154429265e-05, 3.04387685901e-06, 3.76037542082e-06, 2.85698570224e-06, 2.83661734102e-06, 1.16231967695e-06, 7.93989954673e-07, 8.38385233237e-07, 3.88413951669e-07, 4.37804629883e-07, 3.13787921868e-07, 2.07356649184e-07, 1.45682079733e-07, 2.53429107033e-07, 2.624104809e-07, 3.26166997411e-07, 1.77218666408e-07, 9.56952490583e-08, 1.11345965781e-09],
        "dvar2": [3.14533303936e-06, 0.00100516714156, 0.000668290071189, 0.000157327216584, 3.83870283258e-05, 2.24930936383e-05, 6.62799129714e-06, 1.08863087007e-05, 5.36385450687e-05, 6.52343760521e-06, 8.0690078903e-06, 5.52585652258e-06, 5.60899206903e-06, 2.45646310759e-06, 1.98825341613e-06, 1.86910801858e-06, 8.51163690641e-07, 9.12333064207e-07, 6.09286360032e-07, 4.13200098137e-07, 3.02323599044e-07, 4.97745077155e-07, 5.18288288731e-07, 6.11127177308e-07, 3.17342710332e-07, 1.85656190865e-07, 2.46689868533e-09],
        "max": [0.0164114236832, 0.193408966064, 0.112213246524, 0.0549259707332, 0.0361471101642, 0.0471575669944, 0.0271182209253, 0.0227455459535, 0.0409836284816, 0.0244626477361, 0.025837790221, 0.0160952415317, 0.0238126982003, 0.00960783194751, 0.0136820729822, 0.0122868744656, 0.00612789811566, 0.00619625626132, 0.00462103122845, 0.00388656160794, 0.00349004007876, 0.00553626473993, 0.00620198855177, 0.0080535961315, 0.00534513732418, 0.00467756297439, 0.000850530806929],
        "mean": [0.00241667078808, 0.0185862947255, 0.00294538633898, 0.00119476299733, 0.00156289793085, 0.00287944287993, 0.000744266319089, 0.00147939100862, 0.00319642713293, 0.000557441730052, 0.00104189955164, 0.000573846220504, 0.000958362419624, 0.000488840567414, 0.000344209460309, 0.000394867733121, 0.00038650658098, 0.00042993525858, 0.000376675481675, 0.000251874473179, 0.000183460972039, 0.000250066339504, 0.000431479304098, 0.000589405244682, 0.000407111103414, 0.000228595759836, 1.26155764519e-05],
        "median": [0.000154841807671, 0.00426000449806, 0.000223183189519, 9.56136209425e-05, 0.000377739139367, 0.00094871642068, 5.49595461052e-05, 0.000353099778295, 0.000759089423809, 2.73974728771e-05, 0.000112102417916, 4.52100575785e-05, 0.000143894809298, 4.41707743448e-05, 5.32091471541e-05, 5.999970017e-05, 8.62281522132e-05, 0.000107900872536, 8.4837563918e-05, 4.42155360361e-05, 2.31732847169e-05, 4.09814565501e-05, 0.000187775527593, 0.000270596181508, 0.000164896337083, 7.06526770955e-05, 3.11729536406e-06],
        "min": [1.14323064904e-10, 2.81222733989e-09, 5.48641043707e-09, 6.52704823523e-09, 4.86591886784e-08, 9.60013046836e-09, 1.67560173736e-07, 4.33779064224e-07, 2.41229940912e-07, 5.08477313588e-08, 7.7788655517e-09, 1.83468831239e-08, 1.96219995807e-09, 1.07852315967e-09, 3.58543750245e-10, 2.30351432373e-10, 6.2068433726e-11, 3.31063176873e-10, 1.08099595941e-09, 3.51954770883e-10, 5.84851542196e-11, 3.32875033093e-10, 5.21048537649e-10, 3.67608432583e-09, 6.68256117109e-10, 1.47337239631e-10, 1.52852014899e-12],
        "stdev": [0.00332111073658, 0.0289678312838, 0.0118589224294, 0.00541318161413, 0.00331579451449, 0.00448394101113, 0.00271006533876, 0.00289201363921, 0.00537508539855, 0.00200813938864, 0.0023913171608, 0.0018704602262, 0.0021895293612, 0.00121643627062, 0.000906537112314, 0.00103070936166, 0.000734441855457, 0.000809905701317, 0.000689695647452, 0.000538253807463, 0.000432910775999, 0.000590994372033, 0.000701939861756, 0.000882444204763, 0.000686607672833, 0.000473830790725, 3.57470526069e-05],
        "var": [1.10297769425e-05, 0.000839135260321, 0.000140634045238, 2.93025368592e-05, 1.0994494005e-05, 2.01057264348e-05, 7.34445438866e-06, 8.36374238133e-06, 2.88915434794e-05, 4.03262356485e-06, 5.71839746044e-06, 3.49862148141e-06, 4.79403843201e-06, 1.47971718434e-06, 8.21809578611e-07, 1.06236188913e-06, 5.39404879873e-07, 6.55947246742e-07, 4.75680053569e-07, 2.89717149826e-07, 1.87411728803e-07, 3.49274358769e-07, 4.92719550493e-07, 7.78707772042e-07, 4.71430098514e-07, 2.24515630975e-07, 1.27785171333e-09]
    },
    "erbbands": {
        "dmean": [0.294756859541, 2.01421499252, 4.51556253433, 5.78708314896, 4.71204042435, 4.65122890472, 14.751083374, 16.7658309937, 5.41084623337, 9.76683139801, 31.054983139, 67.4370040894, 18.1102981567, 22.1576786041, 37.5535621643, 27.2273483276, 37.00233078, 20.4773139954, 23.8497219086, 18.9192867279, 16.393787384, 16.3262691498, 18.7999477386, 16.7689342499, 13.3610801697, 10.6301984787, 7.64779949188, 7.98986959457, 8.98531150818, 8.85390758514, 9.74758243561, 8.66536712646, 6.841319561, 3.50229907036, 1.87904858589, 0.787729144096, 0.288039296865, 0.0491981096566, 0.00132966088131, 4.81355891679e-05],
        "dmean2": [0.40485945344, 3.10834503174, 7.95303487778, 10.7922554016, 8.56190776825, 8.16881656647, 22.4688224792, 26.3611946106, 9.58369827271, 15.9307718277, 50.0495529175, 108.487045288, 29.7915267944, 32.5444297791, 54.671875, 39.377822876, 53.6950836182, 32.0717010498, 37.0415802002, 29.5142250061, 25.902923584, 24.1159381866, 28.8795070648, 25.6525669098, 19.7913837433, 16.2625026703, 12.093547821, 12.7058143616, 14.1419067383, 13.6984596252, 14.7659187317, 13.5247993469, 10.2624931335, 5.14171552658, 2.89392232895, 1.22401070595, 0.439492851496, 0.0764073207974, 0.00208694091998, 7.0758840593e-05],
        "dvar": [0.41627061367, 29.6692886353, 260.413238525, 529.450866699, 274.392578125, 128.770828247, 579.232543945, 869.629333496, 186.41847229, 1089.86987305, 3666.20654297, 15786.5332031, 2978.32983398, 3260.90454102, 6584.67919922, 5263.03271484, 6147.18457031, 1965.82287598, 3047.73413086, 1772.24133301, 1298.51586914, 1154.68310547, 1246.5604248, 872.998535156, 658.611206055, 513.902404785, 311.239440918, 266.281402588, 334.104309082, 260.245422363, 229.595062256, 179.616485596, 96.7219161987, 27.835067749, 10.2938346863, 2.49158000946, 0.332825809717, 0.0147801069543, 1.45012236317e-05, 6.95842139464e-09],
        "dvar2": [0.829879522324, 67.7104873657, 710.998168945, 1523.29516602, 789.496643066, 375.522033691, 1250.07189941, 1823.50268555, 510.525970459, 2281.02124023, 8688.40917969, 38920.6679688, 7818.25292969, 6430.44482422, 14586.1660156, 9909.51269531, 12347.2460938, 3817.41674805, 7095.32373047, 4153.609375, 2753.78393555, 2507.96777344, 2438.47363281, 1773.40881348, 1276.18798828, 1048.4798584, 647.534606934, 590.805969238, 650.413818359, 558.00970459, 445.722412109, 378.692565918, 187.55078125, 48.1697845459, 21.0123767853, 4.85599327087, 0.675924181938, 0.0325925238431, 3.38444260706e-05, 1.4482006705e-08],
        "max": [6.89020824432, 39.6706008911, 111.960235596, 158.375793457, 134.087692261, 129.968399048, 254.11529541, 368.932250977, 178.398910522, 532.227722168, 628.432922363, 1181.61975098, 952.678161621, 885.76373291, 885.171875, 742.065368652, 1110.77807617, 555.692382812, 861.10949707, 450.246643066, 394.380126953, 376.196136475, 327.843505859, 363.823974609, 231.069702148, 190.665237427, 152.152557373, 146.650314331, 199.74911499, 188.11831665, 176.419036865, 150.981002808, 128.303253174, 78.4190826416, 34.4197540283, 21.1701049805, 10.0055236816, 3.05251908302, 0.103174619377, 0.00201903888956],
        "mean": [0.857562601566, 2.83352017403, 3.70395469666, 4.04165363312, 3.67920064926, 4.6571559906, 19.9424152374, 21.5493450165, 5.94808197021, 17.9109134674, 48.979019165, 88.5488204956, 20.6564350128, 25.1753845215, 42.8371238708, 28.8098201752, 44.0052604675, 24.0570316315, 24.837141037, 20.5788078308, 19.8070526123, 20.1226406097, 24.2368679047, 21.2781925201, 16.5693969727, 12.2638254166, 8.23942089081, 7.42164468765, 8.77553272247, 10.0787973404, 12.7494945526, 11.8301334381, 9.90256595612, 5.21707439423, 2.5964205265, 1.14058732986, 0.397675871849, 0.0626497790217, 0.00162113632541, 0.000101924124465],
        "median": [0.188128888607, 0.673570096493, 0.464674562216, 0.459339857101, 0.466073691845, 1.45108699799, 5.38481426239, 5.72057914734, 1.57519114017, 3.2274684906, 18.7066059113, 24.7646560669, 4.78635644913, 3.82844853401, 5.16496086121, 3.81491303444, 6.95675182343, 3.11601400375, 3.33539295197, 3.47822284698, 3.5972495079, 4.70014667511, 6.75814723969, 5.53161382675, 3.96026754379, 2.35231256485, 1.41777396202, 0.864655077457, 1.14186024666, 3.56532382965, 5.36034393311, 4.56963539124, 4.47150278091, 2.16029143333, 0.900185227394, 0.336397618055, 0.117160990834, 0.0221376866102, 0.000573092373088, 7.5727555668e-05],
        "min": [4.99436865198e-08, 1.34978427013e-06, 9.88837018667e-06, 6.6762775532e-05, 0.000141767552122, 0.00016746109759, 0.000114009038953, 0.000106017723738, 0.00132629962172, 0.00552307534963, 0.0101622985676, 0.00588586367667, 0.00145033420995, 0.00131929421332, 0.000376430311007, 0.000704304140527, 0.000139072697493, 5.11024627485e-05, 3.88277694583e-05, 1.6536883777e-05, 1.03077209133e-05, 5.14745306646e-06, 1.96394557861e-05, 2.17741744564e-05, 7.1046728408e-05, 1.31087399495e-05, 2.13496673496e-06, 3.32067565978e-06, 6.8356207521e-06, 2.73361201835e-05, 1.09496313598e-05, 3.70025991288e-05, 8.331664867e-05, 1.46742186189e-05, 1.71915678493e-06, 4.73631672548e-07, 3.28428313878e-07, 5.39207363204e-08, 4.67664396098e-09, 2.11896922231e-09],
        "stdev": [1.17160010338, 6.07856893539, 13.1902532578, 17.3307571411, 13.0467319489, 9.86119270325, 33.4316711426, 38.4923362732, 13.5224714279, 57.1016769409, 79.8251724243, 146.994171143, 54.3175010681, 69.7642822266, 96.3831787109, 82.387336731, 101.633216858, 52.7620849609, 59.6764144897, 47.6497879028, 42.3797874451, 39.8275146484, 44.5703163147, 37.0159301758, 31.479019165, 26.307844162, 20.0663299561, 17.5468463898, 21.1197071075, 19.4652023315, 20.8418655396, 19.0948219299, 14.9099798203, 8.66090297699, 4.73383998871, 2.50984406471, 0.827959537506, 0.1397446841, 0.00399986840785, 0.000112207082566],
        "var": [1.37264668941, 36.9489974976, 173.982788086, 300.355163574, 170.217224121, 97.2431182861, 1117.67651367, 1481.66003418, 182.85723877, 3260.60131836, 6372.05810547, 21607.2871094, 2950.39111328, 4867.05517578, 9289.71679688, 6787.67333984, 10329.3115234, 2783.83764648, 3561.2746582, 2270.50244141, 1796.04638672, 1586.23095703, 1986.51293945, 1370.17919922, 990.928588867, 692.102661133, 402.657592773, 307.891845703, 446.042022705, 378.894134521, 434.383361816, 364.612213135, 222.307495117, 75.0112380981, 22.4092388153, 6.29931735992, 0.685517013073, 0.0195285752416, 1.59989467647e-05, 1.25904291437e-08]
    },
    "gfcc": {
        "mean": [-0.0370118096471, 39.9938392639, -97.2489471436, 10.1334295273, -68.7436447144, 19.5347919464, -45.3632659912, 25.2887840271, -19.9571361542, 3.89548969269, -9.37523269653, 6.03716087341, -14.8286867142],
        "cov": [[5259.74072266, -529.122436523, 132.256271362, 777.829223633, 387.418945312, 613.03137207, 253.117340088, 271.713684082, -16.6512870789, 188.594772339, 120.648132324, 174.764038086, 127.961196899], [-529.122436523, 2285.57397461, 1157.5703125, 735.075073242, 737.682312012, 431.910583496, 611.081848145, 105.710861206, 357.831207275, 119.826034546, 43.8762550354, -154.947341919, -60.9251747131], [132.256271362, 1157.5703125, 2031.61621094, 996.117736816, 522.224304199, 393.225097656, 321.082550049, 213.654174805, 301.679595947, 132.080490112, 23.0486087799, 23.9664402008, -70.4481506348], [777.829223633, 735.075073242, 996.117736816, 1283.75439453, 520.649414062, 332.847869873, 392.946868896, 128.623123169, 290.793273926, 126.906562805, -54.7601623535, -4.71171236038, 18.9942378998], [387.418945312, 737.682312012, 522.224304199, 520.649414062, 852.280639648, 411.372741699, 334.698486328, 270.987487793, 224.784301758, 130.720825195, 14.0524997711, -57.8396492004, 4.18934583664], [613.03137207, 431.910583496, 393.225097656, 332.847869873, 411.372741699, 571.405151367, 404.156341553, 135.679977417, 141.195266724, 155.900787354, 26.6278915405, -48.5406951904, -11.5571689606], [253.117340088, 611.081848145, 321.082550049, 392.946868896, 334.698486328, 404.156341553, 641.127075195, 107.118537903, 129.914993286, 161.162384033, -14.6222133636, -98.5936737061, -57.9262008667], [271.713684082, 105.710861206, 213.654174805, 128.623123169, 270.987487793, 135.679977417, 107.118537903, 344.30480957, 173.043075562, 44.7056846619, 70.4831848145, 9.11972808838, 26.7100334167], [-16.6512870789, 357.831207275, 301.679595947, 290.793273926, 224.784301758, 141.195266724, 129.914993286, 173.043075562, 354.437652588, 88.1792221069, -12.4542427063, -17.2608299255, 5.42342329025], [188.594772339, 119.826034546, 132.080490112, 126.906562805, 130.720825195, 155.900787354, 161.162384033, 44.7056846619, 88.1792221069, 175.212921143, 13.992474556, -24.4516639709, -16.7571258545], [120.648132324, 43.8762550354, 23.0486087799, -54.7601623535, 14.0524997711, 26.6278915405, -14.6222133636, 70.4831848145, -12.4542427063, 13.992474556, 182.958435059, 70.278793335, 29.1105594635], [174.764038086, -154.947341919, 23.9664402008, -4.71171236038, -57.8396492004, -48.5406951904, -98.5936737061, 9.11972808838, -17.2608299255, -24.4516639709, 70.278793335, 177.093307495, 64.2329101562], [127.961196899, -60.9251747131, -70.4481506348, 18.9942378998, 4.18934583664, -11.5571689606, -57.9262008667, 26.7100334167, 5.42342329025, -16.7571258545, 29.1105594635, 64.2329101562, 126.415412903]],
        "icov": [[0.000318470963975, 7.48422826291e-05, 0.00014739301696, -0.000356021308107, 9.17602883419e-05, -0.000471750594443, 0.000194042790099, -0.000328130088747, 0.000360932986951, -0.000201486953301, -1.9397610231e-05, -0.000257310341112, 5.44270333194e-05], [7.48422826291e-05, 0.00141449109651, -0.000672276190016, 0.000289877643809, -0.00105346238706, 0.000541838817298, -0.00122180080507, 0.0016018121969, -0.00122838886455, 0.00109564093873, -0.00143074092921, 0.00115154113155, -0.000683809106704], [0.00014739301696, -0.000672276190016, 0.00137087272014, -0.00104718783405, 0.000566174450796, -0.000898259982932, 0.000990907778032, -0.00123269320466, 0.000710960070137, -0.000616604345851, 0.00052408024203, -0.00112494325731, 0.00140040018596], [-0.000356021308107, 0.000289877643809, -0.00104718783405, 0.00234377104789, -0.00100126117468, 0.00101859064307, -0.00134083256125, 0.00146704574581, -0.00144669716246, 0.000601766631007, 0.00021388749883, 0.000257790816249, -0.00127211911604], [9.17602883419e-05, -0.00105346238706, 0.000566174450796, -0.00100126117468, 0.00341800716706, -0.00180183548946, 0.0011568646878, -0.00279777380638, 0.0011879215017, -0.00108631316107, 0.00123467750382, -0.000382852245821, 0.000423852994572], [-0.000471750594443, 0.000541838817298, -0.000898259982932, 0.00101859064307, -0.00180183548946, 0.00530370045453, -0.00279885251075, 0.00153214950114, -0.00120289390907, -0.000397026073188, -0.00109786668327, 0.00103337445762, -0.00124987482559], [0.000194042790099, -0.00122180080507, 0.000990907778032, -0.00134083256125, 0.0011568646878, -0.00279885251075, 0.00487003615126, -0.00219752057455, 0.0017398087075, -0.00229149847291, 0.00132196920458, -0.000341464590747, 0.00186075351667], [-0.000328130088747, 0.0016018121969, -0.00123269320466, 0.00146704574581, -0.00279777380638, 0.00153214950114, -0.00219752057455, 0.00783988833427, -0.00424901302904, 0.00238290359266, -0.00366588169709, 0.00184286700096, -0.00182793638669], [0.000360932986951, -0.00122838886455, 0.000710960070137, -0.00144669716246, 0.0011879215017, -0.00120289390907, 0.0017398087075, -0.00424901302904, 0.00658412370831, -0.00300199096091, 0.00247192406096, -0.00129504478537, 0.000610248418525], [-0.000201486953301, 0.00109564093873, -0.000616604345851, 0.000601766631007, -0.00108631316107, -0.000397026073188, -0.00229149847291, 0.00238290359266, -0.00300199096091, 0.00975291151553, -0.00230632745661, 0.00136244145688, 4.58676186099e-06], [-1.9397610231e-05, -0.00143074092921, 0.00052408024203, 0.00021388749883, 0.00123467750382, -0.00109786668327, 0.00132196920458, -0.00366588169709, 0.00247192406096, -0.00230632745661, 0.00928896293044, -0.0041805813089, 0.000402434525313], [-0.000257310341112, 0.00115154113155, -0.00112494325731, 0.000257790816249, -0.000382852245821, 0.00103337445762, -0.000341464590747, 0.00184286700096, -0.00129504478537, 0.00136244145688, -0.0041805813089, 0.0102137234062, -0.0042797238566], [5.44270333194e-05, -0.000683809106704, 0.00140040018596, -0.00127211911604, 0.000423852994572, -0.00124987482559, 0.00186075351667, -0.00182793638669, 0.000610248418525, 4.58676186099e-06, 0.000402434525313, -0.0042797238566, 0.0116641949862]]
    },
    "melbands": {
        "dmean": [0.00245679938234, 0.00219707633369, 0.000947566877585, 0.000311913376208, 0.000437051668996, 0.000363747327356, 8.5893436335e-05, 0.000114304952149, 0.000298250786727, 0.000405990664149, 8.08584591141e-05, 8.74550023582e-05, 0.000133377267048, 7.49249084038e-05, 7.82968054409e-05, 7.55327855586e-05, 3.86697356589e-05, 4.45394180133e-05, 2.16970238398e-05, 2.8887836379e-05, 1.88143749256e-05, 1.80027182068e-05, 1.82704170584e-05, 1.77678302862e-05, 1.36384978759e-05, 1.06475645225e-05, 8.66575373948e-06, 7.12328755981e-06, 4.86609997097e-06, 4.64949880552e-06, 4.85894361191e-06, 5.29254293724e-06, 4.74672697237e-06, 5.35911476618e-06, 5.97867983743e-06, 5.94894390815e-06, 5.40187420484e-06, 5.31360274181e-06, 4.28160274168e-06, 2.74456215266e-06],
        "dmean2": [0.00357155618258, 0.00343104149215, 0.00174755277112, 0.000557696970645, 0.000667925050948, 0.000565971771721, 0.000152618609718, 0.000184864897165, 0.000481044349726, 0.000651659851428, 0.000136511342134, 0.000130593922222, 0.000196925466298, 0.000109882996185, 0.000115545313747, 0.000114136651973, 6.15475946688e-05, 7.05556230969e-05, 3.5295746784e-05, 4.65121156594e-05, 2.99359799101e-05, 2.67711875495e-05, 2.86912982119e-05, 2.78062234429e-05, 2.10740145121e-05, 1.63393287949e-05, 1.28128203869e-05, 1.13108353617e-05, 7.70349288359e-06, 7.58687610869e-06, 7.71449049353e-06, 8.49786101753e-06, 7.20190246284e-06, 8.43233738124e-06, 8.96769506653e-06, 9.48469551076e-06, 8.4366347437e-06, 8.07963078842e-06, 6.65902916808e-06, 4.05476703236e-06],
        "dvar": [3.26923000102e-05, 4.36847185483e-05, 1.33124358399e-05, 8.34253967241e-07, 4.83372332383e-07, 3.82684163469e-07, 5.83016905864e-08, 9.34043242751e-08, 2.7358709076e-07, 6.03504076935e-07, 7.2799316797e-08, 6.03001453214e-08, 8.42210567953e-08, 3.59827581065e-08, 3.48205837497e-08, 2.89300512435e-08, 8.06858757585e-09, 1.0627668523e-08, 2.66769206725e-09, 6.69973809764e-09, 1.49511947267e-09, 1.89990867483e-09, 1.23920107509e-09, 1.06496711449e-09, 6.0231775123e-10, 4.63665134065e-10, 2.75166250896e-10, 2.7005811476e-10, 1.41687356292e-10, 9.92454451954e-11, 1.04873415507e-10, 1.13231937715e-10, 1.22916898881e-10, 8.38559985339e-11, 8.73499328424e-11, 9.83775699792e-11, 7.04625524595e-11, 6.05692371258e-11, 4.20138854262e-11, 1.99155275604e-11],
        "dvar2": [7.38671296858e-05, 0.000104267885035, 3.82132930099e-05, 2.41052725869e-06, 1.07590119569e-06, 8.07604806141e-07, 1.52113372565e-07, 1.97996087081e-07, 6.51236177873e-07, 1.49219579271e-06, 1.91058717292e-07, 1.18162532203e-07, 1.84173515549e-07, 6.91447255008e-08, 6.59896670641e-08, 5.67364821791e-08, 1.62022839589e-08, 2.43653115461e-08, 6.57468701704e-09, 1.51715546792e-08, 3.26860138955e-09, 4.41439773624e-09, 2.53026555264e-09, 2.21769558273e-09, 1.24306864802e-09, 8.98511320901e-10, 5.72221492412e-10, 5.777858747e-10, 3.0924446337e-10, 2.02213218392e-10, 2.47961012834e-10, 2.2624424556e-10, 2.63627758512e-10, 1.86370321953e-10, 1.84212284315e-10, 2.27812962939e-10, 1.46561554559e-10, 1.21962828725e-10, 8.81161671407e-11, 3.4121323822e-11],
        "max": [0.0594213344157, 0.0479323230684, 0.0251471474767, 0.0073377774097, 0.00720149185508, 0.00843259505928, 0.00345805310644, 0.00476304301992, 0.00483476417139, 0.00661779753864, 0.00476847076789, 0.00382664473727, 0.00390838086605, 0.00145683914889, 0.00210988405161, 0.0032915873453, 0.00103890011087, 0.00134469417389, 0.000424659228884, 0.00118576618843, 0.000338843732607, 0.000542245281395, 0.000292754644761, 0.000407656654716, 0.000336425000569, 0.000220610658289, 0.000135062247864, 0.000133466426632, 0.000105717779661, 7.85204392741e-05, 9.18940277188e-05, 0.000102769961813, 0.00011936089868, 0.000128002648125, 0.000110674576717, 0.000113863810839, 0.000114975955512, 9.75240691332e-05, 7.03114274074e-05, 8.43181405799e-05],
        "mean": [0.00619376450777, 0.00243967073038, 0.000683654099703, 0.000277654704405, 0.000599020626396, 0.000482054776512, 0.000103470752947, 0.000205655393074, 0.000438204093371, 0.000519823573995, 8.12173821032e-05, 9.48494125623e-05, 0.000153589935508, 7.57738525863e-05, 8.57786872075e-05, 8.7314445409e-05, 4.11585788243e-05, 4.59020957351e-05, 2.05637152249e-05, 3.2922020182e-05, 2.16615153477e-05, 2.10460293601e-05, 2.2174544938e-05, 2.17222914216e-05, 1.6604864868e-05, 1.30433900267e-05, 9.94405672827e-06, 7.776120583e-06, 5.19665627507e-06, 4.49441358796e-06, 4.26700307798e-06, 5.05661864736e-06, 4.70685381515e-06, 6.07382798989e-06, 7.32226953915e-06, 7.32042235541e-06, 7.2058146543e-06, 7.21987953511e-06, 5.82187794862e-06, 3.92896481571e-06],
        "median": [0.00142142106779, 0.000517320586368, 8.76406702446e-05, 7.04532722011e-05, 0.000186114397366, 0.00014121561253, 1.62532141985e-05, 4.1033825255e-05, 0.000159003931913, 0.000117520750791, 8.81616961124e-06, 9.839991435e-06, 1.7307465896e-05, 7.51138259147e-06, 1.14988297355e-05, 1.31077249534e-05, 3.87452746509e-06, 5.20263711223e-06, 3.27892234964e-06, 4.50702009402e-06, 4.05533955927e-06, 4.18998388341e-06, 4.98937788507e-06, 5.63532194064e-06, 3.73727516489e-06, 2.81944539893e-06, 2.10674807022e-06, 1.13348255582e-06, 8.22258925837e-07, 4.68157054456e-07, 4.10227585235e-07, 5.14477960678e-07, 8.93094579624e-07, 2.27453210755e-06, 2.96932057609e-06, 2.51997607847e-06, 2.45744195126e-06, 2.8387362363e-06, 2.20242145588e-06, 1.35431071158e-06],
        "min": [5.56197310431e-10, 2.88908963419e-09, 8.93189522344e-09, 9.5169916392e-09, 4.74363970326e-09, 2.50822074221e-09, 2.39362361043e-08, 6.87364050123e-08, 8.3190180078e-08, 3.09700531886e-08, 6.38051345092e-09, 5.89153259511e-09, 9.79527570166e-10, 2.07302286448e-09, 1.0529745964e-09, 9.56664192309e-11, 9.33700339267e-11, 7.62726895531e-11, 1.98955522196e-11, 2.01190713395e-11, 9.24293974691e-12, 2.12941231488e-12, 1.64166735761e-11, 1.48711633285e-11, 1.48175274134e-11, 4.93070653751e-11, 3.96413596393e-11, 2.44197760971e-12, 1.18893968021e-12, 1.11770130911e-12, 2.04851738871e-12, 3.28963549109e-12, 7.67640725291e-12, 1.74890466692e-11, 5.988110615e-12, 3.83618180624e-12, 2.961728085e-11, 7.20732223902e-11, 2.89737504822e-11, 6.75462333635e-12],
        "stdev": [0.00882104039192, 0.00651328172535, 0.00277785677463, 0.000751321495045, 0.000957353215199, 0.000819852051791, 0.000292120472295, 0.000517750682775, 0.000654151896015, 0.000906109518837, 0.000262622023001, 0.000298965518596, 0.00035417926847, 0.000214959291043, 0.000221264752327, 0.000218224988203, 0.000103056045191, 0.000111750654469, 5.21187976119e-05, 9.24472769839e-05, 4.45235928055e-05, 4.74201951874e-05, 4.27872510045e-05, 4.04669772252e-05, 3.03440774587e-05, 2.62137491518e-05, 1.94668245967e-05, 1.82412495633e-05, 1.32246814246e-05, 1.11053577712e-05, 1.04700975498e-05, 1.2071493984e-05, 1.22679230117e-05, 1.10609653348e-05, 1.23054996948e-05, 1.24432981465e-05, 1.20830827655e-05, 1.13543410407e-05, 9.25352378545e-06, 7.17130797057e-06],
        "var": [7.78107496444e-05, 4.24228383054e-05, 7.71648774389e-06, 5.64483968901e-07, 9.16525209504e-07, 6.72157341342e-07, 8.53343777862e-08, 2.68065775799e-07, 4.2791469923e-07, 8.21034461751e-07, 6.89703227863e-08, 8.93803857593e-08, 1.25442952026e-07, 4.62074964958e-08, 4.8958092691e-08, 4.76221444501e-08, 1.06205488848e-08, 1.24882095776e-08, 2.71636890758e-09, 8.54649861992e-09, 1.98235028392e-09, 2.24867480192e-09, 1.83074888582e-09, 1.63757618576e-09, 9.20763076895e-10, 6.87160661705e-10, 3.7895722671e-10, 3.32743166354e-10, 1.74892197946e-10, 1.23328972035e-10, 1.09622942668e-10, 1.45720963074e-10, 1.50501930363e-10, 1.22344953613e-10, 1.5142531673e-10, 1.54835658184e-10, 1.46000891932e-10, 1.28921054388e-10, 8.56276993755e-11, 5.14276607411e-11]
    },
    "melbands128": {
