{
"lowlevel": {
    "average_loudness": 0.933275699615,
    "barkbands_crest": {
        "dmean": 2.05660700798,
        "dmean2": 3.24353766441,
        "dvar": 5.58524656296,
        "dvar2": 12.573012352,
        "max": 25.9231300354,
        "mean": 12.8126420975,
        "median": 12.1798324585,
        "min": 2.55391025543,
        "stdev": 5.06070327759,
        "var": 25.6107196808
    },
    "barkbands_flatness_db": {
        "dmean": 0.0214960370213,
        "dmean2": 0.0310288984329,
        "dvar": 0.000615042750724,
        "dvar2": 0.00109250482637,
        "max": 0.465617150068,
        "mean": 0.196040689945,
        "median": 0.194153249264,
        "min": 0.0288340840489,
        "stdev": 0.065013051033,
        "var": 0.00422669714317
    },
    "barkbands_kurtosis": {
        "dmean": 4.22557401657,
        "dmean2": 6.47303962708,
        "dvar": 340.925598145,
        "dvar2": 641.108703613,
        "max": 517.828552246,
        "mean": 7.85004138947,
        "median": 3.85018491745,
        "min": -1.708989501,
        "stdev": 23.2717552185,
        "var": 541.574584961
    },
    "barkbands_skewness": {
        "dmean": 0.503818452358,
        "dmean2": 0.757134079933,
        "dvar": 0.613727807999,
        "dvar2": 1.27432847023,
        "max": 18.0036315918,
        "mean": 1.89555108547,
        "median": 1.70873951912,
        "min": -1.61024963856,
        "stdev": 1.41393172741,
        "var": 1.99920296669
    },
    "barkbands_spread": {
        "dmean": 3.30521726608,
        "dmean2": 4.9892988205,
        "dvar": 34.0348167419,
        "dvar2": 71.3575057983,
        "max": 87.9964981079,
        "mean": 12.7340288162,
        "median": 10.1220064163,
        "min": 0.273734331131,
        "stdev": 10.6613149643,
        "var": 113.663642883
    },
    "dissonance": {
        "dmean": 0.0272309388965,
        "dmean2": 0.0445306114852,
        "dvar": 0.000767800142057,
        "dvar2": 0.00194104819093,
        "max": 0.499834030867,
        "mean": 0.438036680222,
        "median": 0.444570034742,
        "min": 0.122693307698,
        "stdev": 0.0378219000995,
        "var": 0.0014304962242
    },
    "dynamic_complexity": 2.93925762177,
    "erbbands_crest": {
        "dmean": 2.27167153358,
        "dmean2": 3.54207801819,
        "dvar": 4.30979537964,
        "dvar2": 9.9400472641,
        "max": 28.8314723969,
        "mean": 9.78251743317,
        "median": 8.80401229858,
        "min": 2.84810733795,
        "stdev": 4.06101751328,
        "var": 16.4918613434
    },
    "erbbands_flatness_db": {
        "dmean": 0.0156724881381,
        "dmean2": 0.0228025559336,
        "dvar": 0.000281618733425,
        "dvar2": 0.000556135782972,
        "max": 0.32006457448,
        "mean": 0.184510499239,
        "median": 0.181406527758,
        "min": 0.0773000866175,
        "stdev": 0.044627033174,
        "var": 0.00199157209136
    },
    "erbbands_kurtosis": {
        "dmean": 1.03219950199,
        "dmean2": 1.57656741142,
        "dvar": 2.68700313568,
        "dvar2": 5.23818445206,
        "max": 32.0007972717,
        "mean": 1.55192875862,
        "median": 0.889628887177,
        "min": -1.77798163891,
        "stdev": 2.82161998749,
        "var": 7.96153879166
    },
    "erbbands_skewness": {
        "dmean": 0.327077329159,
        "dmean2": 0.483882844448,
        "dvar": 0.110358402133,
        "dvar2": 0.234304457903,
        "max": 4.58650922775,
        "mean": 0.606842875481,
        "median": 0.610678911209,
        "min": -2.02197980881,
        "stdev": 0.76348233223,
        "var": 0.582905292511
    },
    "erbbands_spread": {
        "dmean": 5.46761751175,
        "dmean2": 8.30316638947,
        "dvar": 64.2375335693,
        "dvar2": 141.443847656,
        "max": 122.004135132,
        "mean": 26.5343399048,
        "median": 22.9114379883,
        "min": 3.40754342079,
        "stdev": 15.4933547974,
        "var": 240.044036865
    },
    "hfc": {
        "dmean": 5.0418639183,
        "dmean2": 7.47750902176,
        "dvar": 108.66280365,
        "dvar2": 250.859344482,
        "max": 125.064498901,
        "mean": 17.292591095,
        "median": 13.7475633621,
        "min": 1.17318536587e-16,
        "stdev": 15.3799476624,
        "var": 236.542800903
    },
    "loudness_ebu128": {
        "integrated": -9.36797332764,
        "loudness_range": 2.28169727325,
        "momentary": {
            "dmean": 0.758872389793,
            "dmean2": 0.662639498711,
            "dvar": 0.573834657669,
            "dvar2": 0.684799015522,
            "max": -5.32410526276,
            "mean": -10.1922550201,
            "median": -9.7362909317,
            "min": -20.0879859924,
            "stdev": 2.85519266129,
            "var": 8.15212535858
        },
        "short_term": {
            "dmean": 0.10313231498,
            "dmean2": 0.0811407640576,
            "dvar": 0.00726340664551,
            "dvar2": 0.0074912942946,
            "max": -7.78421926498,
            "mean": -9.47871303558,
            "median": -9.52598381042,
            "min": -11.9330730438,
            "stdev": 0.880789339542,
            "var": 0.775789856911
        }
    },
    "melbands_crest": {
        "dmean": 2.76389789581,
        "dmean2": 4.31066989899,
        "dvar": 8.99911022186,
        "dvar2": 19.3936901093,
        "max": 34.6937484741,
        "mean": 17.9960746765,
        "median": 17.2120933533,
        "min": 2.40059804916,
        "stdev": 7.52737617493,
        "var": 56.6613922119
    },
    "melbands_flatness_db": {
        "dmean": 0.0254059452564,
        "dmean2": 0.0346254855394,
        "dvar": 0.000923608022276,
        "dvar2": 0.00151166156866,
        "max": 0.601997613907,
        "mean": 0.272203356028,
        "median": 0.273764491081,
        "min": 0.010161710903,
        "stdev": 0.0883050113916,
        "var": 0.00779777439311
    },
    "melbands_kurtosis": {
        "dmean": 5.93366622925,
        "dmean2": 9.06334686279,
        "dvar": 197.236572266,
        "dvar2": 393.21987915,
        "max": 321.833190918,
        "mean": 13.343837738,
        "median": 7.59716129303,
        "min": -1.21526801586,
        "stdev": 21.7337799072,
        "var": 472.357177734
    },
    "melbands_skewness": {
        "dmean": 0.568138182163,
        "dmean2": 0.859269738197,
        "dvar": 0.490520656109,
        "dvar2": 0.980887651443,
        "max": 10.832400322,
        "mean": 2.48540401459,
        "median": 2.25279521942,
        "min": -0.261726528406,
        "stdev": 1.56591236591,
        "var": 2.4520816803
    },
    "melbands_spread": {
        "dmean": 4.1106967926,
        "dmean2": 5.92797279358,
        "dvar": 66.3814468384,
        "dvar2": 124.906028748,
        "max": 135.265365601,
        "mean": 14.4598064423,
        "median": 10.781867981,
        "min": 0.267798364162,
        "stdev": 13.3945188522,
        "var": 179.413131714
    },
    "pitch_salience": {
        "dmean": 0.0657974109054,
        "dmean2": 0.105144366622,
        "dvar": 0.00533461989835,
        "dvar2": 0.0125620979816,
        "max": 0.845331013203,
        "mean": 0.498566687107,
        "median": 0.503503322601,
        "min": 0.0958932489157,
        "stdev": 0.143178403378,
        "var": 0.020500054583
    },
    "silence_rate_20dB": {
        "dmean": 0,
        "dmean2": 0,
        "dvar": 0,
        "dvar2": 0,
        "max": 1,
        "mean": 1,
        "median": 1,
        "min": 1,
        "stdev": 0,
        "var": 0
    },
    "silence_rate_30dB": {
        "dmean": 0.0386996902525,
        "dmean2": 0.0774593353271,
        "dvar": 0.0372025743127,
        "dvar2": 0.0838516950607,
        "max": 1,
        "mean": 0.882443904877,
        "median": 1,
        "min": 0,
        "stdev": 0.322080761194,
        "var": 0.103736013174
    },
    "silence_rate_60dB": {
        "dmean": 0.011609907262,
        "dmean2": 0.0232378002256,
        "dvar": 0.0114749921486,
        "dvar2": 0.0242468249053,
        "max": 1,
        "mean": 0.0386697612703,
        "median": 0,
        "min": 0,
        "stdev": 0.192806720734,
        "var": 0.0371744297445
    },
    "spectral_centroid": {
        "dmean": 163.753814697,
        "dmean2": 221.429870605,
        "dvar": 134427.546875,
        "dvar2": 156778.984375,
        "max": 11068.7509766,
        "mean": 850.325805664,
        "median": 714.60546875,
        "min": 148.729156494,
        "stdev": 583.846740723,
        "var": 340877
    },
    "spectral_complexity": {
        "dmean": 2.55727553368,
        "dmean2": 3.87219214439,
        "dvar": 16.9340457916,
        "dvar2": 27.7628993988,
        "max": 59,
        "mean": 14.7115240097,
        "median": 14,
        "min": 0,
        "stdev": 7.2010974884,
        "var": 51.8558082581
    },
    "spectral_decrease": {
        "dmean": 3.21757265276e-09,
        "dmean2": 5.12717601708e-09,
        "dvar": 4.6533310057e-17,
        "dvar2": 1.00797542763e-16,
        "max": -6.44892285385e-29,
        "mean": -1.23807355479e-08,
        "median": -8.27464230468e-09,
        "min": -8.01609587597e-08,
        "stdev": 1.32751507564e-08,
        "var": 1.76229625129e-16
    },
    "spectral_energy": {
        "dmean": 0.0124269388616,
        "dmean2": 0.019805662334,
        "dvar": 0.000674409791827,
        "dvar2": 0.00146829837468,
        "max": 0.304147034883,
        "mean": 0.0482962206006,
        "median": 0.0328201986849,
        "min": 1.08845279839e-20,
        "stdev": 0.0506290234625,
        "var": 0.0025632979814
    },
    "spectral_energyband_high": {
        "dmean": 0.000255763356108,
        "dmean2": 0.000368502893252,
        "dvar": 6.97767916336e-07,
        "dvar2": 1.44931914292e-06,
        "max": 0.0141280200332,
        "mean": 0.000418651674408,
        "median": 9.33992487262e-05,
        "min": 7.61483407988e-21,
        "stdev": 0.00110944709741,
        "var": 1.2308728401e-06
    },
    "spectral_energyband_low": {
        "dmean": 0.00903771352023,
        "dmean2": 0.0138791464269,
        "dvar": 0.000586140609812,
        "dvar2": 0.00113979249727,
        "max": 0.30028039217,
        "mean": 0.0269788410515,
        "median": 0.00902137253433,
        "min": 4.86655423733e-23,
        "stdev": 0.0455445051193,
        "var": 0.00207430194132
    },
    "spectral_energyband_middle_high": {
        "dmean": 0.00151283456944,
        "dmean2": 0.00223059440032,
        "dvar": 9.04315857042e-06,
        "dvar2": 2.13678449654e-05,
        "max": 0.0462469346821,
        "mean": 0.00457994407043,
        "median": 0.00264539662749,
        "min": 1.86857394267e-21,
        "stdev": 0.00551740592346,
        "var": 3.04417662846e-05
    },
    "spectral_energyband_middle_low": {
        "dmean": 0.00629159621894,
        "dmean2": 0.0104455575347,
        "dvar": 0.000243842281634,
        "dvar2": 0.000694080372341,
        "max": 0.170435205102,
        "mean": 0.0170958526433,
        "median": 0.0136860059574,
        "min": 2.69686148485e-22,
        "stdev": 0.0164722558111,
        "var": 0.000271335185971
    },
    "spectral_entropy": {
        "dmean": 0.184190586209,
        "dmean2": 0.262663722038,
        "dvar": 0.0472119227052,
        "dvar2": 0.0880853757262,
        "max": 9.80255889893,
        "mean": 7.09098625183,
        "median": 7.1124920845,
        "min": 5.15200662613,
        "stdev": 0.530919492245,
        "var": 0.281875491142
    },
    "spectral_flux": {
        "dmean": 0.0276450198144,
        "dmean2": 0.042906332761,
        "dvar": 0.00203176797368,
        "dvar2": 0.00368245341815,
        "max": 0.58835375309,
        "mean": 0.0807825550437,
        "median": 0.0635304152966,
        "min": 1.04328941319e-10,
        "stdev": 0.071616217494,
        "var": 0.00512888235971
    },
    "spectral_kurtosis": {
        "dmean": 2.7116651535,
        "dmean2": 4.27715730667,
        "dvar": 13.3632936478,
        "dvar2": 32.8160820007,
        "max": 68.278137207,
        "mean": 8.87213039398,
        "median": 7.05669307709,
        "min": -1.19521510601,
        "stdev": 6.68154430389,
        "var": 44.643032074
    },
    "spectral_rms": {
        "dmean": 0.000770497717895,
        "dmean2": 0.00119280943181,
        "dvar": 1.44279874803e-06,
        "dvar2": 2.99836210615e-06,
        "max": 0.0172258187085,
        "mean": 0.0061541358009,
        "median": 0.00565859582275,
        "min": 3.2586886748e-12,
        "stdev": 0.00304053956643,
        "var": 9.2448808573e-06
    },
    "spectral_rolloff": {
        "dmean": 281.080749512,
        "dmean2": 448.478179932,
        "dvar": 798458.125,
        "dvar2": 1309166.5,
        "max": 18841.5527344,
        "mean": 935.337280273,
        "median": 581.396484375,
        "min": 64.599609375,
        "stdev": 1302.11804199,
        "var": 1695511.375
    },
    "spectral_skewness": {
        "dmean": 0.306705117226,
        "dmean2": 0.457060694695,
        "dvar": 0.117295883596,
        "dvar2": 0.253670960665,
        "max": 6.56318330765,
        "mean": 2.33233809471,
        "median": 2.20662975311,
        "min": -0.000126558574266,
        "stdev": 0.814774215221,
        "var": 0.663856983185
    },
    "spectral_spread": {
        "dmean": 561116.0625,
        "dmean2": 833007.25,
        "dvar": 1.37937145037e+12,
        "dvar2": 2.0434920407e+12,
        "max": 40446340,
        "mean": 4127249.75,
        "median": 3874663.5,
        "min": 1183113.25,
        "stdev": 2065860.125,
        "var": 4.26777798246e+12
    },
    "spectral_strongpeak": {
        "dmean": 0.327557295561,
        "dmean2": 0.543959915638,
        "dvar": 0.349734932184,
        "dvar2": 0.862629413605,
        "max": 6.70899772644,
        "mean": 0.835555315018,
        "median": 0.524790108204,
        "min": 0,
        "stdev": 0.854971587658,
        "var": 0.73097640276
    },
    "zerocrossingrate": {
        "dmean": 0.00761030940339,
        "dmean2": 0.00838323310018,
        "dvar": 0.000346396496752,
        "dvar2": 0.000350209447788,
        "max": 0.513671875,
        "mean": 0.0349821597338,
        "median": 0.02734375,
        "min": 0.00244140625,
        "stdev": 0.0339568369091,
        "var": 0.00115306687076
    },
    "barkbands": {
        "dmean": [0.00105206633452, 0.00802083685994, 0.0022385395132, 0.00156523461919, 0.00276124384254, 0.00133735546842, 0.00163689430337, 0.000695008784533, 0.000747739919461, 0.000614871096332, 0.000373911403585, 0.000353365408955, 0.000244589638896, 0.000463666801807, 0.000186633347766, 0.000131642154884, 9.01900639292e-05, 0.000122308949358, 9.36171709327e-05, 6.45590989734e-05, 6.93959300406e-05, 5.62296772841e-05, 4.58388385596e-05, 4.18216222897e-05, 3.41399936588e-05, 1.23872578115e-05, 4.80564494865e-07],
        "dmean2": [0.00169213919435, 0.0120650893077, 0.00419080536813, 0.0028638439253, 0.00477984454483, 0.00213001063094, 0.00239930185489, 0.00104428268969, 0.00113356381189, 0.000957857526373, 0.000546489434782, 0.000555938691832, 0.000386981642805, 0.000732426065952, 0.000296533689834, 0.000215095249587, 0.000144883291796, 0.000211247213883, 0.000143136901897, 9.64026330621e-05, 0.000108217012894, 8.79774306668e-05, 7.06504943082e-05, 6.3554951339e-05, 5.06781507283e-05, 1.99197056645e-05, 8.18055809759e-07],
        "dvar": [6.51833033771e-06, 0.00050949503202, 0.000145108962897, 6.14886521362e-05, 3.53541654476e-05, 8.50630658533e-06, 8.28302199807e-06, 2.36133837461e-06, 1.58859677413e-06, 1.27701923702e-06, 9.30202929794e-07, 4.39717979361e-07, 2.55574121866e-07, 8.26993641567e-07, 2.59021476268e-07, 2.11390783988e-07, 1.21700225009e-07, 3.21408151649e-07, 1.07843703745e-07, 4.24845651992e-08, 6.42123296757e-08, 4.34145626116e-08, 3.1353422969e-08, 2.68298396833e-08, 1.6345671483e-08, 3.32250138513e-09, 4.33390216076e-12],
        "dvar2": [1.46410211528e-05, 0.000898323138244, 0.000424880330684, 0.000183706753887, 0.000100717654277, 2.16791759158e-05, 1.87724072021e-05, 4.25781945523e-06, 3.52206689058e-06, 2.97677388517e-06, 1.43223542182e-06, 1.08377901142e-06, 5.53935365133e-07, 2.09843710763e-06, 6.44530985028e-07, 5.12014423748e-07, 3.25335946627e-07, 9.12729376523e-07, 2.69493568794e-07, 9.83645094266e-08, 1.46632217479e-07, 9.60185175813e-08, 7.55002673714e-08, 6.26435863182e-08, 3.50952049644e-08, 7.37580263532e-09, 1.14097143192e-11],
        "max": [0.0298340711743, 0.283328086138, 0.118718355894, 0.0930237770081, 0.0528112947941, 0.0391026623547, 0.037334151566, 0.0240092929453, 0.016320116818, 0.0169059727341, 0.0270524248481, 0.0117218373343, 0.00854565296322, 0.0176470223814, 0.00773044815287, 0.00594396935776, 0.00366681325249, 0.00608251802623, 0.00435938127339, 0.00241367262788, 0.0028174337931, 0.00236165546812, 0.00354261999018, 0.00315924291499, 0.00225128466263, 0.00132480973843, 4.26206315751e-05],
        "mean": [0.0020129091572, 0.0226032342762, 0.00184906681534, 0.00142357405275, 0.00567816244438, 0.00288995821029, 0.00383508950472, 0.00129070691764, 0.00140227598604, 0.0011833992321, 0.000609457085375, 0.000767035002355, 0.000422030629124, 0.00101251073647, 0.0002959901758, 0.000169814185938, 0.000110035725811, 0.000129829539219, 0.000138646631967, 0.000105734077806, 9.00396698853e-05, 6.82967147441e-05, 6.49139328743e-05, 6.87840365572e-05, 5.78546641918e-05, 1.64557695825e-05, 4.78626759559e-07],
        "median": [0.000208764176932, 0.0071378191933, 0.000110587759991, 0.000195160217118, 0.00377949140966, 0.00130286638159, 0.00146592175588, 0.00045038870303, 0.000687539519276, 0.000562592234928, 0.000189045764273, 0.00032044594991, 0.00014890768216, 0.000257908541244, 7.94685765868e-05, 3.0006714951e-05, 2.27547243412e-05, 3.36118573614e-05, 3.95796560042e-05, 3.63242288586e-05, 2.00312897505e-05, 7.00304281054e-06, 9.37821732805e-06, 1.29879308588e-05, 1.38260720632e-05, 2.4298549306e-06, 4.27345980825e-08],
        "min": [1.73091307621e-24, 4.20387841811e-24, 2.6692011185e-23, 1.7458583616e-23, 1.38327958799e-22, 3.3830994118e-23, 1.95032826834e-23, 2.37197631544e-23, 2.67072456668e-23, 1.36560948237e-22, 9.79767642422e-23, 9.11605579481e-23, 1.53894708814e-22, 9.23939135744e-23, 1.9525572106e-22, 1.73697313724e-22, 1.70174727927e-22, 2.58887564082e-22, 2.80774680291e-22, 6.34982087221e-22, 5.90851112968e-22, 3.39021796639e-22, 5.39686175257e-22, 6.91557929166e-22, 1.37020297524e-21, 1.530472854e-21, 2.31834572671e-21],
        "stdev": [0.00466848304495, 0.0397854037583, 0.00928498711437, 0.00604897132143, 0.00661510648206, 0.004185564816, 0.00561081338674, 0.00255281338468, 0.00186132686213, 0.00171836558729, 0.00173216767143, 0.00124305358622, 0.000769921054598, 0.00187934818678, 0.000642152619548, 0.000501180067658, 0.000332334660925, 0.000455577130197, 0.000337597681209, 0.000224324918236, 0.000265510607278, 0.000243348695221, 0.00021497241687, 0.00021919090068, 0.00018522850587, 7.1621441748e-05, 2.08097139875e-06],
        "var": [2.17947326746e-05, 0.00158287829254, 8.62109882291e-05, 3.659005597e-05, 4.37596318079e-05, 1.7518952518e-05, 3.14812277793e-05, 6.51685650155e-06, 3.46453771272e-06, 2.95278027806e-06, 3.00040483125e-06, 1.54518227191e-06, 5.9277846276e-07, 3.53194968739e-06, 4.12359952406e-07, 2.51181461408e-07, 1.10446336521e-07, 2.07550513665e-07, 1.1397219879e-07, 5.03216668335e-08, 7.04958864617e-08, 5.92185855908e-08, 4.62131417578e-08, 4.80446509243e-08, 3.43095969413e-08, 5.12963049815e-09, 4.33044225479e-12]
    },
    "erbbands": {
        "dmean": [0.41369715333, 1.33170640469, 2.4410431385, 4.04646968842, 6.39081335068, 11.6019620895, 9.92889881134, 10.872833252, 21.0302753448, 25.0651454926, 12.9503650665, 16.6690673828, 20.5037288666, 14.9508419037, 13.5705766678, 15.2977695465, 11.0690021515, 22.9169521332, 12.200466156, 8.579164505, 5.52373600006, 4.77591133118, 7.19621801376, 5.97698545456, 3.15192556381, 3.17058587074, 3.25256991386, 2.32164406776, 2.14257931709, 1.37817907333, 1.37445831299, 0.968018829823, 0.681298673153, 0.45782777667, 0.205134272575, 0.0810032039881, 0.0164359789342, 0.0022291066125, 6.03493062954e-05, 1.49423076437e-05],
        "dmean2": [0.617498517036, 2.01186919212, 4.33753013611, 7.43926382065, 11.1061344147, 19.8730430603, 16.2660140991, 17.0394153595, 31.4160957336, 37.3702545166, 18.5626869202, 25.0776462555, 32.2264099121, 22.2974586487, 20.3941955566, 23.8635902405, 17.3634166718, 35.8942756653, 19.1148357391, 12.764623642, 8.63569259644, 7.77147293091, 12.5401220322, 9.63421726227, 4.80853366852, 4.77962970734, 4.98807191849, 3.65447235107, 3.36518716812, 2.04563379288, 2.16421246529, 1.49613261223, 1.01799798012, 0.695935845375, 0.307846575975, 0.130256250501, 0.0252765659243, 0.00344056449831, 9.57287847996e-05, 2.33768478211e-05],
        "dvar": [1.27733778954, 19.7833251953, 155.611694336, 446.47857666, 506.699920654, 472.349182129, 483.204864502, 585.225524902, 1458.51806641, 2908.72900391, 690.978271484, 1016.09289551, 1663.22485352, 732.907531738, 950.785888672, 932.94342041, 486.755523682, 1848.84033203, 755.169128418, 466.870758057, 351.666442871, 423.042175293, 1415.4564209, 614.547180176, 76.7656173706, 113.460975647, 139.892364502, 76.1959152222, 61.0223083496, 28.2937297821, 28.2508850098, 13.5980157852, 7.45105266571, 2.44676423073, 0.748209118843, 0.170017719269, 0.00474955420941, 7.03826881363e-05, 5.36429425324e-08, 8.27686641447e-10],
        "dvar2": [2.26109361649, 41.3465576172, 440.362365723, 1327.63061523, 1476.89953613, 1348.15576172, 1257.40759277, 1521.30908203, 3380.09570312, 6581.07275391, 1237.93322754, 2258.97802734, 4189.30810547, 1505.5378418, 1505.33239746, 2166.35717773, 1146.31164551, 4771.98681641, 1938.74804688, 967.104980469, 768.81048584, 1169.13562012, 4053.76831055, 1659.59777832, 171.082183838, 262.63470459, 326.9894104, 177.51763916, 136.788360596, 64.7109985352, 69.0714950562, 32.2536010742, 17.3584098816, 5.19105291367, 1.67928206921, 0.404495686293, 0.0093801561743, 0.00015843512665, 1.28146467659e-07, 1.81335169103e-09],
        "max": [13.3520259857, 62.6776924133, 137.160293579, 240.822174072, 260.290039062, 257.438720703, 260.024169922, 352.681671143, 558.138244629, 722.147338867, 450.230072021, 483.110931396, 714.262207031, 568.009765625, 875.797912598, 561.886291504, 321.51550293, 835.113769531, 423.724121094, 288.138946533, 280.203399658, 232.372024536, 406.907318115, 323.309326172, 98.0470352173, 126.386993408, 130.777404785, 99.7393188477, 77.8135223389, 97.7089614868, 108.462814331, 71.1894378662, 51.4199295044, 26.1656665802, 15.7516479492, 7.78904104233, 1.93719100952, 0.188807725906, 0.00441708415747, 0.000328557245666],
        "mean": [0.997122883797, 3.70878791809, 2.62353348732, 3.68089699745, 10.7296113968, 22.3780555725, 20.4193058014, 22.3200912476, 48.9680862427, 51.2879562378, 27.3568954468, 33.6414680481, 38.9792938232, 29.640920639, 26.8063545227, 33.8244895935, 21.8930072784, 52.6701889038, 22.5171546936, 14.48665905, 8.46363449097, 6.05459022522, 7.25503635406, 7.63526630402, 5.84685754776, 5.15722799301, 4.5412979126, 2.81217217445, 2.59251594543, 1.91155290604, 1.86684143543, 1.47574949265, 1.13122439384, 0.755197763443, 0.346470534801, 0.108043752611, 0.0225913394243, 0.00285053742118, 9.53625203692e-05, 5.74281984882e-05],
        "median": [0.250124931335, 0.989481389523, 0.289721935987, 0.717924535275, 4.66529464722, 11.122923851, 9.94940853119, 9.76740074158, 20.4840278625, 14.9622268677, 13.6602964401, 17.8566799164, 16.789100647, 14.5343990326, 13.0142965317, 14.5378494263, 9.85731983185, 15.2053394318, 8.35977172852, 3.59006690979, 1.69277822971, 1.31139993668, 1.69177162647, 2.31182789803, 1.87980318069, 1.76064050198, 1.22347962856, 0.463612824678, 0.282420158386, 0.235082492232, 0.271416664124, 0.240846678615, 0.232814624906, 0.168430685997, 0.0857567563653, 0.0160668119788, 0.00396595569327, 0.000522134650964, 3.27593625116e-05, 4.03937629017e-05],
        "min": [2.78459442954e-22, 8.50518374547e-22, 2.20191957082e-20, 6.59993645954e-20, 1.5708155955e-19, 5.63610418807e-19, 4.77713295663e-19, 2.23710660623e-19, 2.25820022884e-19, 3.2724526483e-19, 6.75287711417e-19, 6.05850810378e-19, 2.67161491433e-18, 4.68708617854e-18, 2.90099685448e-18, 4.64832490863e-18, 7.26861388634e-18, 4.79784607615e-18, 1.02196675756e-17, 8.17780532072e-18, 8.1666532717e-18, 9.36115832451e-18, 1.50145622713e-17, 1.26720628772e-17, 1.75186927571e-17, 3.22823678399e-17, 2.37896101923e-17, 2.40658868625e-17, 1.24399601332e-17, 1.82425866353e-17, 1.27232289611e-17, 1.37322081559e-17, 1.10220790919e-17, 1.36393025382e-17, 1.07060522573e-17, 6.76670054297e-18, 2.64981643044e-18, 1.36673511988e-18, 3.07944814694e-19, 3.19404032063e-20],
        "stdev": [1.83984863758, 6.7969918251, 10.3384361267, 16.0936164856, 19.4877071381, 27.6262817383, 27.924407959, 34.0531387329, 73.4213104248, 91.6360931396, 43.3337860107, 45.1394004822, 60.9291305542, 46.1203651428, 56.0931472778, 59.1507453918, 34.3038597107, 94.4302520752, 39.339466095, 31.2726955414, 22.4206199646, 18.1641788483, 29.4073867798, 21.6549339294, 11.4733905792, 11.4565029144, 12.2046127319, 9.15220069885, 9.07761859894, 6.65469884872, 6.19784736633, 4.73024368286, 3.64218497276, 2.28226542473, 1.21181225777, 0.490183442831, 0.0921440124512, 0.0102561973035, 0.00026841685758, 5.64015026612e-05],
        "var": [3.38504290581, 46.1990966797, 106.883262634, 259.004486084, 379.770721436, 763.211486816, 779.772583008, 1159.61621094, 5390.68896484, 8397.17382812, 1877.81689453, 2037.56530762, 3712.35888672, 2127.08813477, 3146.44116211, 3498.81054688, 1176.75476074, 8917.07226562, 1547.59350586, 977.981445312, 502.684204102, 329.937408447, 864.794372559, 468.936157227, 131.638687134, 131.251464844, 148.952575684, 83.7627716064, 82.4031600952, 44.2850189209, 38.4133148193, 22.3752059937, 13.2655115128, 5.20873498917, 1.46848881245, 0.24027980864, 0.00849051959813, 0.000105189588794, 7.20476123206e-08, 3.18112935993e-09]
    },
    "gfcc": {
        "mean": [-20.2026557922, 120.911010742, -103.772315979, 11.4170284271, -62.7648506165, 17.6678695679, -35.3324356079, 11.5518484116, -25.4018726349, 11.2646856308, -1.78384137154, -3.52673697472, -1.55841386318],
        "cov": [[5113.30761719, -860.356201172, -484.159057617, 290.089202881, -343.381103516, 28.5842895508, -224.439971924, 86.2164001465, -158.447265625, 20.000743866, -116.09437561, 30.7890892029, -46.3356781006], [-860.356201172, 1391.60388184, 499.750976562, -136.00970459, 347.76751709, -24.3692760468, 256.964691162, 47.9893264771, 97.3981323242, 10.1980113983, 240.583328247, -91.4082183838, 66.3442077637], [-484.159057617, 499.750976562, 1149.56445312, 337.162597656, 170.94128418, 135.673492432, 230.844360352, 123.995765686, 123.985557556, 42.4163093567, 79.0015563965, 7.9968829155, 28.1992073059], [290.089202881, -136.00970459, 337.162597656, 496.762237549, 92.2941741943, 91.5961761475, 93.3623657227, 132.554580688, 112.51663208, -9.08870983124, -31.9197292328, 16.0229682922, 46.9435462952], [-343.381103516, 347.76751709, 170.94128418, 92.2941741943, 373.562530518, 99.9052886963, 146.535369873, 96.4313278198, 103.576927185, 29.7101097107, 59.5570640564, -4.4823102951, 63.9719429016], [28.5842895508, -24.3692760468, 135.673492432, 91.5961761475, 99.9052886963, 222.008483887, 135.014144897, 18.0019836426, 53.0135154724, 39.7866630554, 17.4590339661, 19.9358825684, 0.596268773079], [-224.439971924, 256.964691162, 230.844360352, 93.3623657227, 146.535369873, 135.014144897, 279.152587891, 57.97914505, 49.7188644409, 32.2507476807, 92.9090194702, 7.07830572128, 23.789855957], [86.2164001465, 47.9893264771, 123.995765686, 132.554580688, 96.4313278198, 18.0019836426, 57.97914505, 160.41607666, 75.040184021, 13.1699914932, 24.5599021912, 14.9996128082, 38.7352828979], [-158.447265625, 97.3981323242, 123.985557556, 112.51663208, 103.576927185, 53.0135154724, 49.7188644409, 75.040184021, 183.231643677, 51.4570236206, 26.3117313385, 39.6594772339, 26.2643070221], [20.000743866, 10.1980113983, 42.4163093567, -9.08870983124, 29.7101097107, 39.7866630554, 32.2507476807, 13.1699914932, 51.4570236206, 105.608612061, 41.3550186157, 34.2847976685, 12.5086307526], [-116.09437561, 240.583328247, 79.0015563965, -31.9197292328, 59.5570640564, 17.4590339661, 92.9090194702, 24.5599021912, 26.3117313385, 41.3550186157, 159.699188232, 17.9190368652, 34.2728118896], [30.7890892029, -91.4082183838, 7.9968829155, 16.0229682922, -4.4823102951, 19.9358825684, 7.07830572128, 14.9996128082, 39.6594772339, 34.2847976685, 17.9190368652, 99.3480987549, 10.9275960922], [-46.3356781006, 66.3442077637, 28.1992073059, 46.9435462952, 63.9719429016, 0.596268773079, 23.789855957, 38.7352828979, 26.2643070221, 12.5086307526, 34.2728118896, 10.9275960922, 87.0623779297]],
        "icov": [[0.000294346129522, -0.000163672550116, 0.000256973056821, -0.000485965545522, 0.000333032076014, -0.0004168425221, 0.000398058182327, -0.000498036912177, 0.00062466703821, -0.000457652757177, -1.46496995512e-05, -0.000153078930452, 0.000233426777413], [-0.000163672550116, 0.00289027392864, -0.00137656670995, 0.00212661991827, -0.00200913986191, 0.0023487098515, -0.00176214461681, 0.00129458506126, -0.0023008051794, 0.00178319367114, -0.00229465775192, 0.00263043609448, -0.000613615789916], [0.000256973056821, -0.00137656670995, 0.00204560137354, -0.00203258520924, 0.000981971621513, -0.00123950629495, 0.00042885390576, -0.000932712340727, 0.00127656932455, -0.001355332206, 0.000563741545193, -0.00102450686973, 0.000920180988032], [-0.000485965545522, 0.00212661991827, -0.00203258520924, 0.00589979626238, -0.00110457499977, 0.00105467252433, -0.00212442013435, -0.000532363832463, -0.0036745138932, 0.00318144797347, 0.000350722082658, 0.00187046511564, -0.00250165001489], [0.000333032076014, -0.00200913986191, 0.000981971621513, -0.00110457499977, 0.00620076339692, -0.00302679138258, 0.000160500101629, -0.0026195961982, 0.000191796585568, -0.00105153897312, 0.00158265698701, -0.000370366120478, -0.00191137276124], [-0.0004168425221, 0.0023487098515, -0.00123950629495, 0.00105467252433, -0.00302679138258, 0.0100947618484, -0.00530905090272, 0.0032630036585, -0.00275486591272, -0.000344809493981, -0.000152776832692, 0.00110401934944, 0.000777182052843], [0.000398058182327, -0.00176214461681, 0.00042885390576, -0.00212442013435, 0.000160500101629, -0.00530905090272, 0.0091860415414, -0.00215939572081, 0.00283826724626, -0.00100717740133, -0.00255430000834, -0.00116796663497, 0.00137090869248], [-0.000498036912177, 0.00129458506126, -0.000932712340727, -0.000532363832463, -0.0026195961982, 0.0032630036585, -0.00215939572081, 0.01154533308, -0.00384181062691, 0.00140953715891, -0.00124265952036, 0.000628890702501, -0.00193986215163], [0.00062466703821, -0.0023008051794, 0.00127656932455, -0.0036745138932, 0.000191796585568, -0.00275486591272, 0.00283826724626, -0.00384181062691, 0.0121154030785, -0.00531773082912, 0.001236371696, -0.00428443914279, 0.00162538827863], [-0.000457652757177, 0.00178319367114, -0.001355332206, 0.00318144797347, -0.00105153897312, -0.000344809493981, -0.00100717740133, 0.00140953715891, -0.00531773082912, 0.0152686713263, -0.00354519626126, -0.00108120613731, -0.00151394715067], [-1.46496995512e-05, -0.00229465775192, 0.000563741545193, 0.000350722082658, 0.00158265698701, -0.000152776832692, -0.00255430000834, -0.00124265952036, 0.001236371696, -0.00354519626126, 0.0122580779716, -0.00290274713188, -0.00286670029163], [-0.000153078930452, 0.00263043609448, -0.00102450686973, 0.00187046511564, -0.000370366120478, 0.00110401934944, -0.00116796663497, 0.000628890702501, -0.00428443914279, -0.00108120613731, -0.00290274713188, 0.0148617764935, -0.00173357198946], [0.000233426777413, -0.000613615789916, 0.000920180988032, -0.00250165001489, -0.00191137276124, 0.000777182052843, 0.00137090869248, -0.00193986215163, 0.00162538827863, -0.00151394715067, -0.00286670029163, -0.00173357198946, 0.0160895362496]]
    },
    "melbands": {
        "dmean": [0.00277023715898, 0.0012359857792, 0.000739721697755, 0.00063139462145, 0.00036951599759, 0.000256928324234, 0.000326081586536, 0.000244277063757, 0.000106173931272, 0.000104907725472, 0.000102813995909, 6.26730179647e-05, 5.46980554645e-05, 4.30134823546e-05, 2.79010346276e-05, 2.56864841504e-05, 4.85916934849e-05, 2.31604444707e-05, 1.20171362141e-05, 1.16656347018e-05, 6.59159559291e-06, 4.53991196991e-06, 7.55864812163e-06, 5.46696310266e-06, 5.12224141858e-06, 2.65559719992e-06, 2.15652494262e-06, 2.08856454265e-06, 2.04137904802e-06, 1.69203849509e-06, 1.38713051001e-06, 1.34542551677e-06, 1.00720444607e-06, 7.37729408229e-07, 8.30156295706e-07, 7.21871572296e-07, 5.78982053412e-07, 5.18567901509e-07, 4.56742213828e-07, 3.82586023306e-07],
        "dmean2": [0.00409952877089, 0.00197980203666, 0.00133921205997, 0.00110256334301, 0.000609531241935, 0.000399152078899, 0.000481391616631, 0.000368173437892, 0.00015406923194, 0.000158811963047, 0.000161440038937, 9.44007115322e-05, 8.05458112154e-05, 6.80418015691e-05, 4.34706453234e-05, 4.02322657465e-05, 7.61445844546e-05, 3.61118327419e-05, 1.88568155863e-05, 1.8286265913e-05, 1.03138254417e-05, 7.17596958566e-06, 1.34933043228e-05, 9.27167820919e-06, 8.25871575216e-06, 4.18780655309e-06, 3.19887726619e-06, 3.22922210216e-06, 3.10955260829e-06, 2.6523298402e-06, 2.20592119149e-06, 2.14766032514e-06, 1.57768317877e-06, 1.10178302748e-06, 1.31036529183e-06, 1.17315289572e-06, 9.05037211396e-07, 8.11019447156e-07, 7.07770311692e-07, 5.82514246616e-07],
        "dvar": [5.69438307139e-05, 2.5132429073e-05, 1.3639352801e-05, 1.9815943233e-06, 5.93660502091e-07, 3.08280732497e-07, 3.26893598412e-07, 2.77656937442e-07, 3.92815771022e-08, 3.67803636436e-08, 4.11152498714e-08, 1.35350850528e-08, 1.99337613083e-08, 6.75151268226e-09, 2.86200840804e-09, 2.77604628174e-09, 8.62087112807e-09, 2.84023471409e-09, 1.32151878329e-09, 1.48811640788e-09, 4.90154139499e-10, 2.68223498967e-10, 1.61369406726e-09, 6.31723839906e-10, 4.50333853541e-10, 5.27230620273e-11, 4.45526254778e-11, 4.74376093962e-11, 4.66639539509e-11, 3.58387798605e-11, 2.98572069846e-11, 2.56426980344e-11, 1.45503956106e-11, 8.18494837879e-12, 9.32513181257e-12, 8.01136153944e-12, 4.94025523615e-12, 4.43424203606e-12, 2.94703584452e-12, 1.47101384892e-12],
        "dvar2": [9.64872378972e-05, 6.50865622447e-05, 4.03792946599e-05, 5.72134194954e-06, 1.56179328314e-06, 7.89200214513e-07, 7.52490905143e-07, 6.13403415173e-07, 7.1862316986e-08, 8.41012663955e-08, 1.03312636668e-07, 2.85284471602e-08, 3.02125329199e-08, 1.75394436752e-08, 6.59144827608e-09, 6.12897643748e-09, 2.18191757995e-08, 7.11078973481e-09, 3.32093530453e-09, 3.67090446929e-09, 1.10205577997e-09, 7.07698066815e-10, 4.66393901277e-09, 1.78417591812e-09, 1.21911691853e-09, 1.28595245563e-10, 9.94420240596e-11, 1.1043500836e-10, 1.08409017874e-10, 8.14497913559e-11, 7.1467089191e-11, 6.09396977325e-11, 3.32222721555e-11, 1.93124578829e-11, 2.24914028374e-11, 2.01484436774e-11, 1.16884661672e-11, 1.07487126838e-11, 6.94038706714e-12, 3.03599853591e-12],
        "max": [0.0959505066276, 0.0636321082711, 0.0423083119094, 0.0134378792718, 0.00870865024626, 0.00791225023568, 0.0083686709404, 0.00646300846711, 0.00318347732536, 0.00297222426161, 0.00353378267027, 0.00221290392801, 0.00406214920804, 0.00133241072763, 0.000951918016654, 0.000962404941674, 0.00190772511996, 0.000683659047354, 0.000461534655187, 0.000441808282631, 0.00026069561136, 0.000167445949046, 0.000445054232841, 0.000282885855995, 0.000280474429019, 7.83470459282e-05, 8.64792455104e-05, 8.67436974659e-05, 7.20037569408e-05, 6.12513540545e-05, 6.47770793876e-05, 5.19348868693e-05, 5.33074598934e-05, 5.21934744029e-05, 5.93127806496e-05, 5.64959809708e-05, 4.18060990341e-05, 3.95915121771e-05, 3.0705537938e-05, 1.91046838154e-05],
        "mean": [0.00750289810821, 0.00236890092492, 0.000802851514891, 0.00126894831192, 0.000772518862505, 0.00053223350551, 0.000767820456531, 0.000488772406243, 0.000217931039515, 0.000203256771783, 0.000189950500499, 0.000117603609397, 9.47745575104e-05, 9.19438316487e-05, 5.65377304156e-05, 4.61036543129e-05, 0.00010835390276, 3.94587041228e-05, 1.84260316018e-05, 1.60075687745e-05, 9.06136574486e-06, 6.03834178037e-06, 7.02996794644e-06, 5.89139699514e-06, 6.28621182841e-06, 4.64494360131e-06, 3.6283852296e-06, 3.28780197378e-06, 2.94441292681e-06, 2.12551481127e-06, 1.51323149566e-06, 1.52947427523e-06, 1.20058098219e-06, 1.03499257875e-06, 1.09324696496e-06, 9.79178366833e-07, 8.78991841091e-07, 8.09677089819e-07, 7.18179194337e-07, 6.12063843164e-07],
        "median": [0.0023609274067, 0.000500017893501, 0.000258498766925, 0.000691703695338, 0.00044465859537, 0.000235055296798, 0.000312584481435, 0.000141432072269, 0.000112974688818, 0.000102880956547, 8.02462600404e-05, 5.54511643713e-05, 3.74826413463e-05, 3.92847432522e-05, 2.35486331803e-05, 1.79246944754e-05, 2.79151299765e-05, 1.15809107228e-05, 4.82656105305e-06, 3.25383166455e-06, 1.58292448305e-06, 1.26460622596e-06, 1.36658422889e-06, 1.45024534959e-06, 1.7885976149e-06, 1.45013086694e-06, 1.10124551611e-06, 1.08799690679e-06, 8.41094617954e-07, 4.47252659797e-07, 1.35055174155e-07, 1.46698553749e-07, 1.25924458416e-07, 1.40434309515e-07, 1.60622889211e-07, 1.34069097157e-07, 1.39418290246e-07, 1.55550011982e-07, 1.3989421177e-07, 1.42162335237e-07],
        "min": [1.73807396108e-24, 8.31542540042e-24, 1.17357819239e-23, 2.68524307833e-23, 1.99426860962e-23, 5.25026572685e-24, 4.01668290859e-24, 3.46108975076e-24, 5.72052780056e-24, 3.49536772925e-24, 1.48456396397e-23, 2.03213835069e-23, 1.2037272729e-23, 6.94767943029e-24, 1.65357757068e-23, 1.51448956018e-23, 7.56596336425e-24, 1.54698778957e-23, 1.35025818604e-23, 1.30928333068e-23, 7.50742120762e-24, 7.15182006648e-24, 1.40895401278e-23, 1.44163273356e-23, 9.76283133363e-24, 8.96441968943e-24, 1.61006179434e-23, 2.36184087276e-23, 1.58238129626e-23, 1.23896774057e-23, 1.33674846972e-23, 5.39902793307e-24, 9.08653772414e-24, 1.15023161724e-23, 7.64385312345e-24, 6.00843284311e-24, 9.95998029562e-24, 8.28209918262e-24, 6.66792568747e-24, 1.3694186708e-23],
        "stdev": [0.0132085653022, 0.00547534553334, 0.00283882743679, 0.00157919933554, 0.000954046379775, 0.000799952773377, 0.00112538470421, 0.000888755370397, 0.000327738322085, 0.000267332186922, 0.000303529493976, 0.000188729216461, 0.000254159822362, 0.000146946200402, 8.96800556802e-05, 8.2660051703e-05, 0.00020391419821, 7.65051590861e-05, 4.2625462811e-05, 4.31172338722e-05, 2.58978107013e-05, 1.64014818438e-05, 3.09493480017e-05, 2.01567800104e-05, 1.83952688531e-05, 9.33870433073e-06, 7.61449564379e-06, 7.38898279451e-06, 7.32802482162e-06, 6.2894328039e-06, 5.55341512154e-06, 5.55146743864e-06, 4.39840823674e-06, 3.58722763849e-06, 3.57328895007e-06, 3.29161252921e-06, 2.84327416011e-06, 2.65867492999e-06, 2.32538968703e-06, 1.79749054041e-06],
        "var": [0.000174466185854, 2.99794101011e-05, 8.05894069345e-06, 2.4938703973e-06, 9.10204505544e-07, 6.39924394363e-07, 1.26649081267e-06, 7.89886144048e-07, 1.0741241141e-07, 7.14664949442e-08, 9.21301506196e-08, 3.56187150885e-08, 6.45972093594e-08, 2.1593185906e-08, 8.0425124338e-09, 6.83268419621e-09, 4.15809999765e-08, 5.85303938649e-09, 1.81693016188e-09, 1.85909576622e-09, 6.70696609362e-10, 2.69008593179e-10, 9.57862122952e-10, 4.06295774802e-10, 3.38385930387e-10, 8.72113908867e-11, 5.79805439771e-11, 5.45970699206e-11, 5.36999507361e-11, 3.95569653422e-11, 3.08404170257e-11, 3.08187919629e-11, 1.93459935571e-11, 1.28682021636e-11, 1.2768393981e-11, 1.08347133349e-11, 8.08420778237e-12, 7.06855234067e-12, 5.40743751859e-12, 3.23097234731e-12]
    },
    "melbands128": {
