{
"lowlevel": {
    "average_loudness": 0.98056948185,
    "barkbands_crest": {
        "dmean": 3.11440086365,
        "dmean2": 4.59465122223,
        "dvar": 7.97460412979,
        "dvar2": 17.7388839722,
        "max": 26.4904994965,
        "mean": 15.585975647,
        "median": 14.9370574951,
        "min": 4.95840501785,
        "stdev": 5.28372478485,
        "var": 27.9177455902
    },
    "barkbands_flatness_db": {
        "dmean": 0.0421811230481,
        "dmean2": 0.0586419329047,
        "dvar": 0.00137810769957,
        "dvar2": 0.00279628066346,
        "max": 0.632810413837,
        "mean": 0.266310572624,
        "median": 0.256750375032,
        "min": 0.0734296813607,
        "stdev": 0.079741679132,
        "var": 0.00635873526335
    },
    "barkbands_kurtosis": {
        "dmean": 19.0943546295,
        "dmean2": 28.9740486145,
        "dvar": 1515.19018555,
        "dvar2": 3510.31298828,
        "max": 695.700256348,
        "mean": 27.6751613617,
        "median": 11.6217708588,
        "min": -1.90102744102,
        "stdev": 50.4809417725,
        "var": 2548.32543945
    },
    "barkbands_skewness": {
        "dmean": 1.32428753376,
        "dmean2": 1.90315186977,
        "dvar": 2.04512166977,
        "dvar2": 4.63203191757,
        "max": 19.3884048462,
        "mean": 3.34620165825,
        "median": 2.92407560349,
        "min": -1.8365701437,
        "stdev": 2.45876479149,
        "var": 6.04552412033
    },
    "barkbands_spread": {
        "dmean": 3.9536075592,
        "dmean2": 5.99192428589,
        "dvar": 55.5537605286,
        "dvar2": 122.834228516,
        "max": 107.248252869,
        "mean": 8.50337028503,
        "median": 6.43841934204,
        "min": 0.119407944381,
        "stdev": 9.55514621735,
        "var": 91.3008270264
    },
    "dissonance": {
        "dmean": 0.0442240014672,
        "dmean2": 0.0746881440282,
        "dvar": 0.00148922868539,
        "dvar2": 0.00397999910638,
        "max": 0.49871429801,
        "mean": 0.408898770809,
        "median": 0.41597121954,
        "min": 0.187824562192,
        "stdev": 0.0511828884482,
        "var": 0.00261968793347
    },
    "dynamic_complexity": 2.41272997856,
    "erbbands_crest": {
        "dmean": 3.68593358994,
        "dmean2": 5.68808078766,
        "dvar": 10.4722938538,
        "dvar2": 24.9459667206,
        "max": 32.4758872986,
        "mean": 15.1488771439,
        "median": 14.5129518509,
        "min": 3.26421880722,
        "stdev": 5.5109910965,
        "var": 30.3710250854
    },
    "erbbands_flatness_db": {
        "dmean": 0.0295340977609,
        "dmean2": 0.0418766476214,
        "dvar": 0.000779891968705,
        "dvar2": 0.00161144125741,
        "max": 0.389484882355,
        "mean": 0.205206632614,
        "median": 0.201887741685,
        "min": 0.0666653588414,
        "stdev": 0.0508412346244,
        "var": 0.00258483109064
    },
    "erbbands_kurtosis": {
        "dmean": 3.66019296646,
        "dmean2": 5.6839594841,
        "dvar": 44.0210342407,
        "dvar2": 100.237197876,
        "max": 108.803977966,
        "mean": 5.17154073715,
        "median": 2.54063940048,
        "min": -1.74047553539,
        "stdev": 9.04246711731,
        "var": 81.766204834
    },
    "erbbands_skewness": {
        "dmean": 0.679766476154,
        "dmean2": 0.95246887207,
        "dvar": 0.517080068588,
        "dvar2": 1.08229005337,
        "max": 9.62201118469,
        "mean": 0.991216301918,
        "median": 0.720505595207,
        "min": -2.55108070374,
        "stdev": 1.46878743172,
        "var": 2.15733647346
    },
    "erbbands_spread": {
        "dmean": 10.0463085175,
        "dmean2": 15.6937417984,
        "dvar": 197.704025269,
        "dvar2": 457.86227417,
        "max": 144.890899658,
        "mean": 25.483795166,
        "median": 20.9297294617,
        "min": 1.83774542809,
        "stdev": 17.9813289642,
        "var": 323.328186035
    },
    "hfc": {
        "dmean": 4.14261865616,
        "dmean2": 5.94908428192,
        "dvar": 22.1565608978,
        "dvar2": 44.3152160645,
        "max": 39.0339851379,
        "mean": 12.455578804,
        "median": 12.5247898102,
        "min": 1.15710656295e-16,
        "stdev": 7.77374792099,
        "var": 60.4311599731
    },
    "loudness_ebu128": {
        "integrated": -6.65525150299,
        "loudness_range": 1.66066074371,
        "momentary": {
            "dmean": 0.64202350378,
            "dmean2": 1.0462436676,
            "dvar": 0.333482265472,
            "dvar2": 0.743874311447,
            "max": -5.15482187271,
            "mean": -6.84621334076,
            "median": -6.51633358002,
            "min": -14.1612491608,
            "stdev": 1.46289360523,
            "var": 2.1400578022
        },
        "short_term": {
            "dmean": 0.0748292654753,
            "dmean2": 0.0981560498476,
            "dvar": 0.00353929819539,
            "dvar2": 0.0056705349125,
            "max": -5.93802452087,
            "mean": -6.72516727448,
            "median": -6.42662239075,
            "min": -9.05788421631,
            "stdev": 0.707635760307,
            "var": 0.50074839592
        }
    },
    "melbands_crest": {
        "dmean": 3.63324737549,
        "dmean2": 5.56274414062,
        "dvar": 11.0738554001,
        "dvar2": 24.5519180298,
        "max": 34.0529136658,
        "mean": 20.684928894,
        "median": 21.2479000092,
        "min": 2.52066659927,
        "stdev": 5.63657808304,
        "var": 31.7710151672
    },
    "melbands_flatness_db": {
        "dmean": 0.0491601228714,
        "dmean2": 0.0675869733095,
        "dvar": 0.00182801147457,
        "dvar2": 0.00359349441715,
        "max": 0.792710483074,
        "mean": 0.365141689777,
        "median": 0.357989132404,
        "min": 0.00734135694802,
        "stdev": 0.100223295391,
        "var": 0.010044708848
    },
    "melbands_kurtosis": {
        "dmean": 26.4671001434,
        "dmean2": 40.4903335571,
        "dvar": 2077.22290039,
        "dvar2": 4779.49951172,
        "max": 500.121643066,
        "mean": 38.750415802,
        "median": 19.6219520569,
        "min": -1.48351049423,
        "stdev": 57.2763023376,
        "var": 3280.57470703
    },
    "melbands_skewness": {
        "dmean": 1.4220533371,
        "dmean2": 2.08242297173,
        "dvar": 2.38807249069,
        "dvar2": 5.49321222305,
        "max": 18.6077346802,
        "mean": 3.83678412437,
        "median": 3.46305584908,
        "min": -0.541696310043,
        "stdev": 2.46952629089,
        "var": 6.09856033325
    },
    "melbands_spread": {
        "dmean": 3.79860281944,
        "dmean2": 5.42587661743,
        "dvar": 40.1094245911,
        "dvar2": 74.5100097656,
        "max": 124.897750854,
        "mean": 8.53494739532,
        "median": 5.71436023712,
        "min": 0.241200000048,
        "stdev": 9.04402828217,
        "var": 81.7944412231
    },
    "pitch_salience": {
        "dmean": 0.0927238240838,
        "dmean2": 0.138656005263,
        "dvar": 0.00855595525354,
        "dvar2": 0.0191023945808,
        "max": 0.862110435963,
        "mean": 0.370002686977,
        "median": 0.358725070953,
        "min": 0.0529375374317,
        "stdev": 0.14229260385,
        "var": 0.0202471837401
    },
    "silence_rate_20dB": {
        "dmean": 0,
        "dmean2": 0,
        "dvar": 0,
        "dvar2": 0,
        "max": 1,
        "mean": 1,
        "median": 1,
        "min": 1,
        "stdev": 0,
        "var": 0
    },
    "silence_rate_30dB": {
        "dmean": 0.0681114569306,
        "dmean2": 0.136328428984,
        "dvar": 0.0634718760848,
        "dvar2": 0.144078791142,
        "max": 1,
        "mean": 0.928074240685,
        "median": 1,
        "min": 0,
        "stdev": 0.258363991976,
        "var": 0.0667519494891
    },
    "silence_rate_60dB": {
        "dmean": 0.0255417954177,
        "dmean2": 0.0503485687077,
        "dvar": 0.0248893611133,
        "dvar2": 0.0633058696985,
        "max": 1,
        "mean": 0.0239752512425,
        "median": 0,
        "min": 0,
        "stdev": 0.152971729636,
        "var": 0.0234003495425
    },
    "spectral_centroid": {
        "dmean": 158.051757812,
        "dmean2": 228.664474487,
        "dvar": 131097.578125,
        "dvar2": 178682.234375,
        "max": 11104.2050781,
        "mean": 590.452087402,
        "median": 501.84979248,
        "min": 105.164482117,
        "stdev": 472.640625,
        "var": 223389.15625
    },
    "spectral_complexity": {
        "dmean": 1.74845206738,
        "dmean2": 2.6498837471,
        "dvar": 3.52572083473,
        "dvar2": 6.47851419449,
        "max": 27,
        "mean": 7.59474086761,
        "median": 7,
        "min": 0,
        "stdev": 3.48408436775,
        "var": 12.1388444901
    },
    "spectral_decrease": {
        "dmean": 5.00916996771e-09,
        "dmean2": 7.21575110774e-09,
        "dvar": 3.30761105034e-17,
        "dvar2": 6.80684676139e-17,
        "max": 7.29988055531e-29,
        "mean": -1.32047768275e-08,
        "median": -1.22942918068e-08,
        "min": -4.01693256435e-08,
        "stdev": 9.45202227598e-09,
        "var": 8.93407207023e-17
    },
    "spectral_energy": {
        "dmean": 0.0191420409828,
        "dmean2": 0.0276049431413,
        "dvar": 0.000482887175167,
        "dvar2": 0.000991820241325,
        "max": 0.152502208948,
        "mean": 0.0509676374495,
        "median": 0.0481851883233,
        "min": 1.0219777694e-20,
        "stdev": 0.036064747721,
        "var": 0.00130066613201
    },
    "spectral_energyband_high": {
        "dmean": 0.000112966808956,
        "dmean2": 0.000177681518835,
        "dvar": 3.0242745197e-08,
        "dvar2": 6.72803679436e-08,
        "max": 0.00242538331077,
        "mean": 0.000159901785082,
        "median": 8.90947776497e-05,
        "min": 7.21519032954e-21,
        "stdev": 0.000227475698921,
        "var": 5.1745196572e-08
    },
    "spectral_energyband_low": {
        "dmean": 0.0131372325122,
        "dmean2": 0.0181153640151,
        "dvar": 0.000337708945153,
        "dvar2": 0.00060253078118,
        "max": 0.14740626514,
        "mean": 0.0305273998529,
        "median": 0.0161637682468,
        "min": 7.29336869192e-23,
        "stdev": 0.033962123096,
        "var": 0.00115342589561
    },
    "spectral_energyband_middle_high": {
        "dmean": 0.00132624839898,
        "dmean2": 0.00177513656672,
        "dvar": 3.85919975088e-06,
        "dvar2": 6.15974204266e-06,
        "max": 0.0380105637014,
        "mean": 0.00314929359592,
        "median": 0.00121171120554,
        "min": 1.62070652562e-21,
        "stdev": 0.00423625204712,
        "var": 1.79458311322e-05
    },
    "spectral_energyband_middle_low": {
        "dmean": 0.0127585604787,
        "dmean2": 0.0201450772583,
        "dvar": 0.000434364832472,
        "dvar2": 0.000974304100964,
        "max": 0.121436171234,
        "mean": 0.0202939100564,
        "median": 0.0105321453884,
        "min": 2.27646526533e-22,
        "stdev": 0.0246958676726,
        "var": 0.000609885901213
    },
    "spectral_entropy": {
        "dmean": 0.398431271315,
        "dmean2": 0.576169729233,
        "dvar": 0.159424513578,
        "dvar2": 0.333129018545,
        "max": 9.8014755249,
        "mean": 6.47346496582,
        "median": 6.50175523758,
        "min": 4.24692630768,
        "stdev": 0.685940563679,
        "var": 0.470514416695
    },
    "spectral_flux": {
        "dmean": 0.0525555200875,
        "dmean2": 0.0830918848515,
        "dvar": 0.00324162398465,
        "dvar2": 0.00723083270714,
        "max": 0.338323622942,
        "mean": 0.103375948966,
        "median": 0.0804326608777,
        "min": 1.01092918758e-10,
        "stdev": 0.0759757086635,
        "var": 0.00577230798081
    },
    "spectral_kurtosis": {
        "dmean": 4.97888660431,
        "dmean2": 7.09878873825,
        "dvar": 50.5201148987,
        "dvar2": 96.7506027222,
        "max": 107.760566711,
        "mean": 10.8146238327,
        "median": 7.89117145538,
        "min": -1.42483139038,
        "stdev": 10.963104248,
        "var": 120.189651489
    },
    "spectral_rms": {
        "dmean": 0.00136000965722,
        "dmean2": 0.00190019293223,
        "dvar": 2.25216899707e-06,
        "dvar2": 4.25878442911e-06,
        "max": 0.0121976491064,
        "mean": 0.00648978631943,
        "median": 0.00685637956485,
        "min": 3.15761219255e-12,
        "stdev": 0.00275810854509,
        "var": 7.60716238801e-06
    },
    "spectral_rolloff": {
        "dmean": 271.564300537,
        "dmean2": 446.158447266,
        "dvar": 861150.625,
        "dvar2": 1544053.5,
        "max": 19164.5507812,
        "mean": 577.41583252,
        "median": 344.53125,
        "min": 64.599609375,
        "stdev": 1048.33483887,
        "var": 1099005.875
    },
    "spectral_skewness": {
        "dmean": 0.572486281395,
        "dmean2": 0.811121761799,
        "dvar": 0.380983829498,
        "dvar2": 0.756649971008,
        "max": 8.30917739868,
        "mean": 2.65505623817,
        "median": 2.49265480042,
        "min": -0.0704929381609,
        "stdev": 1.03763604164,
        "var": 1.07668864727
    },
    "spectral_spread": {
        "dmean": 1113285,
        "dmean2": 1621844.125,
        "dvar": 2.50959128166e+12,
        "dvar2": 4.04179491226e+12,
        "max": 42023212,
        "mean": 4936687,
        "median": 4746958.5,
        "min": 1053172.25,
        "stdev": 2188558.75,
        "var": 4.78978978611e+12
    },
    "spectral_strongpeak": {
        "dmean": 0.421542525291,
        "dmean2": 0.675786495209,
        "dvar": 0.388561010361,
        "dvar2": 0.913585841656,
        "max": 7.96201610565,
        "mean": 0.883450508118,
        "median": 0.653081893921,
        "min": 6.02792393778e-09,
        "stdev": 0.816309034824,
        "var": 0.66636043787
    },
    "zerocrossingrate": {
        "dmean": 0.00821688119322,
        "dmean2": 0.00965669751167,
        "dvar": 0.000322809821228,
        "dvar2": 0.000356616947101,
        "max": 0.5,
        "mean": 0.0257489997894,
        "median": 0.0205078125,
        "min": 0.00244140625,
        "stdev": 0.0264137871563,
        "var": 0.00069768819958
    },
    "barkbands": {
        "dmean": [0.000278946827166, 0.0116955963895, 0.00480057671666, 0.00672536063939, 0.00595708470792, 0.000871388008818, 0.000284649926471, 9.41689868341e-05, 0.000891185132787, 0.00103064486757, 0.000191628743778, 0.000397338531911, 0.000114293950901, 0.000225019321078, 0.000137749462738, 4.36295485997e-05, 2.43037884502e-05, 2.36101604969e-05, 3.63824801752e-05, 3.0133056498e-05, 1.85658955161e-05, 1.3340491023e-05, 1.66994086612e-05, 2.70730688499e-05, 2.58167438005e-05, 8.44691203383e-06, 5.68611653762e-07],
        "dmean2": [0.000404567894293, 0.0163971967995, 0.0081701297313, 0.0103538399562, 0.0100683877245, 0.00128341384698, 0.00048322416842, 0.00015619394253, 0.00132308667526, 0.00152251287363, 0.000265687820502, 0.000518865243066, 0.000182355914149, 0.000319613463944, 0.000202756578801, 6.31845614407e-05, 3.93744412577e-05, 3.78371478291e-05, 5.85248235438e-05, 4.7185094445e-05, 3.23956082866e-05, 2.29608467635e-05, 2.77680719591e-05, 4.32795714005e-05, 3.91907851736e-05, 1.32151571961e-05, 9.36287108289e-07],
        "dvar": [3.67958364222e-07, 0.000373071583454, 0.000143248485983, 0.000151327578351, 0.000118682961329, 1.99018404601e-06, 3.59586636023e-07, 4.81407376185e-08, 2.71325438916e-06, 3.71160308532e-06, 2.50270431934e-07, 8.28727138469e-07, 2.81350423847e-07, 4.52216340818e-07, 9.21914207197e-08, 1.66153686365e-08, 7.17784987003e-09, 2.14695683454e-09, 4.66804461752e-09, 3.02872193991e-09, 1.59996560445e-09, 5.61463708859e-10, 1.10017173149e-09, 2.95601298994e-09, 2.89164558964e-09, 1.89686252816e-10, 8.68028576535e-13],
        "dvar2": [7.62349486649e-07, 0.000710317865014, 0.000376920390408, 0.000337840407155, 0.000309115770506, 4.27326813224e-06, 9.78082084657e-07, 1.26446906279e-07, 5.69699750486e-06, 7.15612895874e-06, 4.43901399194e-07, 1.5779514797e-06, 7.47259150558e-07, 8.4603709638e-07, 1.80952966389e-07, 2.52028780068e-08, 1.70202820726e-08, 4.56803839199e-09, 1.06365662944e-08, 6.76998546112e-09, 4.35222213824e-09, 1.47616341373e-09, 2.83159629078e-09, 6.17311091133e-09, 6.00701444142e-09, 4.22616275308e-10, 2.35279092216e-12],
        "max": [0.00812233332545, 0.140335947275, 0.083715185523, 0.0697268396616, 0.0734000653028, 0.0204348638654, 0.0070461826399, 0.00320622744039, 0.0212156064808, 0.0346209928393, 0.00736297667027, 0.0147575559095, 0.00970706995577, 0.0145199578255, 0.0045647858642, 0.00288322824053, 0.00214047194459, 0.000577970815357, 0.000714773661457, 0.000548565061763, 0.000531317375135, 0.000237983462284, 0.000597889127675, 0.000864180678036, 0.000813220976852, 0.000187274010386, 6.94778645993e-06],
        "mean": [0.000530656019691, 0.0229147765785, 0.00454600574449, 0.00866278633475, 0.00629594316706, 0.00190943246707, 0.000467673206003, 0.000105648956378, 0.00145852821879, 0.00198852294125, 0.000300581625197, 0.000747868907638, 0.000122740108054, 0.000342890853062, 0.000223002207349, 6.53044044157e-05, 2.84691905108e-05, 2.97829756164e-05, 5.18721462868e-05, 4.09268031945e-05, 1.70702969626e-05, 1.22565115817e-05, 1.93357718672e-05, 3.51944036083e-05, 3.73952461814e-05, 1.23820882436e-05, 6.44775809633e-07],
        "median": [7.86965756561e-05, 0.00457469187677, 0.000996445072815, 0.00252686580643, 0.00130651681684, 0.00100437691435, 0.000170684623299, 1.7673270122e-05, 0.000449009618023, 0.000218079178012, 1.59410974447e-05, 9.24866180867e-05, 1.01164996522e-05, 2.24351788347e-05, 2.43923059315e-05, 7.36333913665e-06, 5.10643485541e-06, 7.18057617632e-06, 2.11948317883e-05, 1.38351870191e-05, 4.69594260721e-06, 2.44209536504e-06, 8.52205539559e-06, 1.63701333804e-05, 1.68869792105e-05, 7.04972580934e-06, 2.52438439929e-07],
        "min": [2.92452636344e-23, 6.30512934602e-24, 3.37480816814e-23, 5.55200431312e-23, 3.56056061441e-23, 3.03139335027e-23, 3.90547837007e-23, 3.09062986228e-23, 3.47256128716e-23, 3.31430726988e-23, 2.25858655333e-23, 1.27710913379e-22, 1.09523315001e-22, 7.77185511388e-23, 2.66425464508e-22, 1.4839517448e-22, 1.63807812628e-22, 3.02413425222e-22, 2.99436403005e-22, 2.26058833521e-22, 3.62176088519e-22, 4.44339119864e-22, 5.88677592915e-22, 7.48227879062e-22, 9.93307095641e-22, 1.8422390646e-21, 2.32841285404e-21],
        "stdev": [0.00113165006042, 0.031192265451, 0.0104825524613, 0.0145284831524, 0.0109482295811, 0.00247680651955, 0.000763106741942, 0.000268272939138, 0.00240923115052, 0.00360385910608, 0.000806354626548, 0.00154273398221, 0.000471791427117, 0.00100104359444, 0.000496041728184, 0.000235507890466, 8.73661847436e-05, 6.22674197075e-05, 8.75548721524e-05, 7.04254562152e-05, 3.71091227862e-05, 2.35612915276e-05, 3.49854381057e-05, 6.9639449066e-05, 6.92385219736e-05, 1.7963729988e-05, 1.03155139186e-06],
        "var": [1.28063197735e-06, 0.000972957466729, 0.000109883905679, 0.000211076825508, 0.000119863732834, 6.13457086729e-06, 5.82331892929e-07, 7.19703763252e-08, 5.80439427722e-06, 1.29878008011e-05, 6.50207766739e-07, 2.38002826336e-06, 2.22587146936e-07, 1.002088311e-06, 2.46057368258e-07, 5.54639676409e-08, 7.63284990768e-09, 3.8772318689e-09, 7.66585550593e-09, 4.95974461501e-09, 1.37708711101e-09, 5.55134438418e-10, 1.22398091662e-09, 4.84965267944e-09, 4.7939732184e-09, 3.2269559247e-10, 1.06409824528e-12]
    },
    "erbbands": {
        "dmean": [0.385097414255, 2.59179973602, 4.74280881882, 12.0680294037, 30.8699016571, 12.2330932617, 5.36638832092, 9.53979873657, 5.39210176468, 2.38887190819, 2.4098174572, 21.3671760559, 41.4099082947, 6.89854335785, 11.0582714081, 18.4986228943, 5.86220645905, 10.807059288, 6.73543262482, 7.23823595047, 1.82745361328, 1.09033453465, 1.05498325825, 2.09638500214, 1.41340053082, 1.26949620247, 1.09931766987, 0.680807590485, 0.477330356836, 0.368353813887, 0.494550824165, 0.548945724964, 0.476277440786, 0.352963685989, 0.156326204538, 0.0469924584031, 0.0142830926925, 0.00246235006489, 6.92429894116e-05, 2.10334910662e-05],
        "dmean2": [0.523668766022, 3.53729176521, 7.32065820694, 19.2451972961, 50.3934555054, 21.920545578, 9.32535743713, 13.7319393158, 8.93999099731, 3.96281242371, 3.8715057373, 30.3351383209, 61.9364242554, 10.0158166885, 15.2447032928, 23.5117092133, 8.63681221008, 15.5970029831, 9.66807556152, 10.2530450821, 2.65734243393, 1.75075876713, 1.68783485889, 3.24416708946, 2.2767727375, 1.96787345409, 1.79229688644, 1.21876180172, 0.823013365269, 0.604981958866, 0.818057000637, 0.906881988049, 0.731768071651, 0.533813714981, 0.238134115934, 0.0731710121036, 0.0223476719111, 0.00388606660999, 0.000110340144602, 3.04177865473e-05],
        "dvar": [0.363568872213, 20.5829429626, 121.733222961, 418.257019043, 3696.25805664, 864.945739746, 169.485488892, 248.471862793, 119.390396118, 28.6297588348, 23.4608154297, 1587.29406738, 4721.52685547, 328.763122559, 729.704650879, 1942.68457031, 451.861755371, 802.292114258, 293.811401367, 381.840087891, 27.852563858, 7.38400888443, 3.76424622536, 16.0945892334, 6.69919776917, 4.64303445816, 4.07845115662, 2.945343256, 0.72698277235, 0.525289773941, 0.838043212891, 1.01620328426, 1.18178009987, 0.637960553169, 0.0886394381523, 0.00639865733683, 0.000521381094586, 1.56210207933e-05, 1.14932348083e-08, 5.63037338974e-10],
        "dvar2": [0.774772822857, 37.6861534119, 285.97467041, 995.493591309, 8262.68554688, 2461.04589844, 478.19418335, 493.000579834, 334.048400879, 68.9068756104, 62.6535263062, 3194.96850586, 9980.42480469, 567.95916748, 1429.8248291, 3567.76879883, 1182.4185791, 1542.01269531, 527.042785645, 718.75994873, 61.3372612, 16.6305713654, 8.69913101196, 35.3577079773, 16.1302700043, 10.7911176682, 9.88960361481, 8.23920059204, 1.91339755058, 1.30229413509, 2.09222412109, 2.37032604218, 2.45359563828, 1.37231647968, 0.185122162104, 0.0141602018848, 0.00119688815903, 3.66270724044e-05, 2.85028285418e-08, 1.13733167328e-09],
        "max": [5.44933986664, 35.0942268372, 84.0643539429, 118.664703369, 389.871032715, 259.510864258, 91.0218582153, 254.423522949, 128.923736572, 69.0632858276, 48.8839530945, 519.60345459, 823.059082031, 431.150970459, 376.084594727, 749.317626953, 402.635467529, 402.659729004, 512.288269043, 309.772491455, 109.421020508, 57.7229728699, 26.7369232178, 42.1189613342, 32.9295425415, 21.0406169891, 18.7233161926, 17.9687576294, 8.23463630676, 12.2059364319, 14.9994049072, 12.9363498688, 18.1970062256, 11.6908388138, 5.48302841187, 1.15417504311, 0.306713372469, 0.0498635582626, 0.000989223713987, 0.000164420023793],
        "mean": [0.690026164055, 4.98640918732, 5.89491701126, 15.8737163544, 38.0420303345, 11.4432287216, 6.3266954422, 21.6808242798, 10.0710306168, 4.03629159927, 3.19115900993, 38.2459831238, 81.2703475952, 13.3609704971, 18.9030170441, 35.9399642944, 8.31811332703, 17.196428299, 10.1575460434, 12.5373973846, 3.07067537308, 1.37246310711, 1.32917535305, 2.81303596497, 2.11097812653, 1.74296462536, 1.31413042545, 0.56156539917, 0.4402962327, 0.37586671114, 0.59538090229, 0.648263812065, 0.641603946686, 0.49685382843, 0.21942858398, 0.0676117390394, 0.0199089180678, 0.00349412439391, 0.00011490793986, 5.9130936279e-05],
        "median": [0.167433559895, 0.725783109665, 2.45016789436, 5.81009578705, 8.71001338959, 2.48527407646, 2.04250383377, 10.2091083527, 6.12060022354, 0.935771107674, 1.32117259502, 14.1179676056, 24.6692333221, 3.53796625137, 4.10404682159, 5.15278148651, 2.12808275223, 2.46409869194, 1.73806214333, 1.2978438139, 0.52415150404, 0.289933592081, 0.354915827513, 0.916529655457, 0.8564016819, 0.627634465694, 0.418691128492, 0.137507259846, 0.0916991904378, 0.0935446545482, 0.284383624792, 0.264388918877, 0.293967097998, 0.212968468666, 0.0961052700877, 0.0348516218364, 0.0103819938377, 0.00177212595008, 7.47030717321e-05, 5.76993661525e-05],
        "min": [2.85163523715e-22, 1.85848763025e-21, 2.95170418925e-20, 1.14113598007e-19, 1.76052791802e-19, 5.78539038461e-20, 2.61735067707e-19, 2.68750024591e-19, 3.76413061386e-19, 1.06705626935e-18, 4.13494379175e-19, 8.47199158859e-19, 6.63431628299e-19, 1.33429092491e-18, 1.26634144971e-18, 5.3982158327e-18, 4.23512668596e-18, 4.79292931459e-18, 6.30634103127e-18, 1.48196669385e-17, 9.68828840444e-18, 9.47030315197e-18, 1.30193339778e-17, 2.04366385424e-17, 1.08546436738e-17, 1.0243635961e-17, 1.39998267267e-17, 1.63804426034e-17, 1.7485190288e-17, 1.64286308372e-17, 1.47922707166e-17, 1.33364907411e-17, 1.32746498914e-17, 9.27291883267e-18, 8.16748458822e-18, 5.93674473946e-18, 3.65971917236e-18, 1.19660288624e-18, 3.19823696977e-19, 3.79199432204e-20],
        "stdev": [0.935613572598, 7.20765542984, 11.2582273483, 22.82147789, 69.2029800415, 23.819601059, 11.2734107971, 29.9700469971, 13.0681915283, 8.07148933411, 5.05291604996, 62.3016014099, 122.305458069, 33.6926040649, 42.2539329529, 76.154006958, 20.4113521576, 44.0042648315, 25.1865539551, 32.4718475342, 7.67299556732, 3.11031556129, 2.50014591217, 5.20283794403, 3.56297922134, 2.74140000343, 2.33991146088, 1.4458206892, 0.843809306622, 0.797420680523, 1.01456272602, 1.1955807209, 1.38103103638, 0.995256125927, 0.386947095394, 0.103430733085, 0.0290273800492, 0.00501884240657, 0.000129548061523, 3.93950576836e-05],
        "var": [0.875372707844, 51.9502983093, 126.747688293, 520.819824219, 4789.05273438, 567.373413086, 127.089782715, 898.203674316, 170.777633667, 65.1489334106, 25.5319595337, 3881.48950195, 14958.6259766, 1135.19152832, 1785.39477539, 5799.43310547, 416.623321533, 1936.37548828, 634.362487793, 1054.42077637, 58.8748626709, 9.67406272888, 6.25072956085, 27.0695209503, 12.6948204041, 7.51527357101, 5.47518539429, 2.09039735794, 0.712014138699, 0.63587975502, 1.02933740616, 1.42941319942, 1.90724670887, 0.99053478241, 0.149728059769, 0.0106979161501, 0.000842588779051, 2.51887795457e-05, 1.67826996744e-08, 1.55197044105e-09]
    },
    "gfcc": {
        "mean": [-57.7562828064, 112.85067749, -69.8437652588, 12.5686769485, -48.8114776611, 24.0969333649, -34.4729652405, 11.2284231186, -35.7525482178, -2.63190174103, -15.7226715088, -12.8347835541, -6.24285268784],
        "cov": [[6361.56542969, -857.102172852, -782.594970703, 29.2123470306, -159.171539307, 547.849914551, -138.10710144, 367.703979492, -363.619567871, 72.9804000854, -17.9344406128, 24.6352405548, -44.3718643188], [-857.102172852, 1175.03491211, 391.419494629, -19.8575668335, 451.656402588, 39.0305595398, 329.983032227, -1.18533170223, 159.462692261, -51.0935440063, 160.813934326, -69.8512649536, 132.639068604], [-782.594970703, 391.419494629, 1170.79125977, 474.426574707, 147.163070679, 123.716850281, 283.859680176, 51.3659553528, 217.428573608, 56.9398345947, 46.6311035156, 75.8164901733, 42.3602371216], [29.2123470306, -19.8575668335, 474.426574707, 844.145385742, 138.817123413, 15.4451990128, 155.600479126, 70.2641601562, 252.641540527, 38.4459457397, -2.74140715599, 69.8097229004, 37.7547607422], [-159.171539307, 451.656402588, 147.163070679, 138.817123413, 655.521362305, 324.789794922, 338.143188477, 226.047897339, 182.688842773, 95.322052002, 185.290390015, 6.87704515457, 144.1612854], [547.849914551, 39.0305595398, 123.716850281, 15.4451990128, 324.789794922, 573.136962891, 334.75402832, 249.413391113, 87.2131958008, 146.286178589, 151.791488647, 59.79637146, 90.9572067261], [-138.10710144, 329.983032227, 283.859680176, 155.600479126, 338.143188477, 334.75402832, 513.780151367, 205.192840576, 157.983581543, 123.21346283, 167.97064209, 53.3296737671, 92.2747039795], [367.703979492, -1.18533170223, 51.3659553528, 70.2641601562, 226.047897339, 249.413391113, 205.192840576, 342.062866211, 119.126213074, 91.9459991455, 109.015563965, 52.4907493591, 101.918945312], [-363.619567871, 159.462692261, 217.428573608, 252.641540527, 182.688842773, 87.2131958008, 157.983581543, 119.126213074, 296.125854492, 79.7941741943, 39.9761886597, 66.2064437866, 71.4809341431], [72.9804000854, -51.0935440063, 56.9398345947, 38.4459457397, 95.322052002, 146.286178589, 123.21346283, 91.9459991455, 79.7941741943, 232.645782471, 166.490707397, 86.1876602173, 38.7861099243], [-17.9344406128, 160.813934326, 46.6311035156, -2.74140715599, 185.290390015, 151.791488647, 167.97064209, 109.015563965, 39.9761886597, 166.490707397, 288.659973145, 71.7118530273, 66.0928039551], [24.6352405548, -69.8512649536, 75.8164901733, 69.8097229004, 6.87704515457, 59.79637146, 53.3296737671, 52.4907493591, 66.2064437866, 86.1876602173, 71.7118530273, 143.763336182, 46.5836410522], [-44.3718643188, 132.639068604, 42.3602371216, 37.7547607422, 144.1612854, 90.9572067261, 92.2747039795, 101.918945312, 71.4809341431, 38.7861099243, 66.0928039551, 46.5836410522, 157.820770264]],
        "icov": [[0.000315801880788, -0.000315430748742, 0.000328534952132, -0.000473790452816, 0.000307229202008, -0.000617649580818, 0.000399629730964, -0.000622699211817, 0.000786526303273, -0.000357903190888, 0.000363986328011, -0.000247646938078, 0.000275248283288], [-0.000315430748742, 0.00357609847561, -0.00134120485745, 0.00186055724043, -0.00187872943934, 0.00197219685651, -0.00211796280928, 0.00250889244489, -0.00265185162425, 0.00296349846758, -0.00275369058363, 0.0022027855739, -0.00200590118766], [0.000328534952132, -0.00134120485745, 0.00192947813775, -0.00146406248678, 0.000967995380051, -0.00118435127661, 0.0003267902066, -0.000841817178298, 0.00102972961031, -0.000979480566457, 0.00106666435022, -0.00107601261698, 0.000848091673106], [-0.000473790452816, 0.00186055724043, -0.00146406248678, 0.00321199907921, -0.00135603826493, 0.00188659469131, -0.00144695676863, 0.00161522289272, -0.00309650413692, 0.00169373885728, -0.00122421747074, 0.000715022557415, -0.000830183154903], [0.000307229202008, -0.00187872943934, 0.000967995380051, -0.00135603826493, 0.00468944711611, -0.0023374997545, 0.000454478489701, -0.00166381895542, 0.000178858899744, -0.000716507434845, -0.000271440047072, 0.00100972328801, -0.000487005745526], [-0.000617649580818, 0.00197219685651, -0.00118435127661, 0.00188659469131, -0.0023374997545, 0.00571663631126, -0.00305145606399, 0.000464894314064, -0.00122515810654, 0.000331640068907, -0.000758089707233, 0.000539152591955, -0.0010084589012], [0.000399629730964, -0.00211796280928, 0.0003267902066, -0.00144695676863, 0.000454478489701, -0.00305145606399, 0.00595196895301, -0.00225712428801, 0.00123416248243, -0.00162375101354, 0.000541194283869, -0.00101745664142, 0.00138570158742], [-0.000622699211817, 0.00250889244489, -0.000841817178298, 0.00161522289272, -0.00166381895542, 0.000464894314064, -0.00225712428801, 0.00769576989114, -0.00373930879869, 0.00225863885134, -0.00250720372424, 0.00152319052722, -0.00310345017351], [0.000786526303273, -0.00265185162425, 0.00102972961031, -0.00309650413692, 0.000178858899744, -0.00122515810654, 0.00123416248243, -0.00373930879869, 0.00990829057992, -0.00448610074818, 0.00440767640248, -0.00342799047939, 0.000930935377255], [-0.000357903190888, 0.00296349846758, -0.000979480566457, 0.00169373885728, -0.000716507434845, 0.000331640068907, -0.00162375101354, 0.00225863885134, -0.00448610074818, 0.0120434174314, -0.00719308387488, -0.000521516951267, -0.000541075482033], [0.000363986328011, -0.00275369058363, 0.00106666435022, -0.00122421747074, -0.000271440047072, -0.000758089707233, 0.000541194283869, -0.00250720372424, 0.00440767640248, -0.00719308387488, 0.0102252559736, -0.00344010652043, 0.000915438577067], [-0.000247646938078, 0.0022027855739, -0.00107601261698, 0.000715022557415, 0.00100972328801, 0.000539152591955, -0.00101745664142, 0.00152319052722, -0.00342799047939, -0.000521516951267, -0.00344010652043, 0.0127640524879, -0.00407110387459], [0.000275248283288, -0.00200590118766, 0.000848091673106, -0.000830183154903, -0.000487005745526, -0.0010084589012, 0.00138570158742, -0.00310345017351, 0.000930935377255, -0.000541075482033, 0.000915438577067, -0.00407110387459, 0.0108201624826]]
    },
    "melbands": {
        "dmean": [0.00338513706811, 0.00225998344831, 0.00274818832986, 0.0015240520006, 0.000234721592278, 0.000193905216292, 7.51906118239e-05, 2.41730722337e-05, 1.84804484888e-05, 0.000155585526954, 0.000207017816138, 3.08410562866e-05, 2.72892448265e-05, 4.82072282466e-05, 2.68863914243e-05, 1.24326015793e-05, 2.33007140196e-05, 1.27995281218e-05, 8.71296379046e-06, 7.38105791243e-06, 1.767789513e-06, 1.26046677451e-06, 1.08542235466e-06, 9.58020109465e-07, 1.87416469544e-06, 1.31194622099e-06, 7.20541891042e-07, 9.2319532996e-07, 9.28713859594e-07, 3.43017887872e-07, 4.45622845291e-07, 2.83279234736e-07, 2.26950049864e-07, 1.98931488171e-07, 2.44303265617e-07, 3.83929858572e-07, 3.39689222528e-07, 3.39725630738e-07, 3.51670564669e-07, 2.98061820558e-07],
        "dmean2": [0.00466865580529, 0.00300539168529, 0.00428936071694, 0.00256504165009, 0.00041430463898, 0.00028172772727, 0.000125175982248, 4.00212811655e-05, 3.05370231217e-05, 0.000221404363401, 0.000308756047161, 4.52909116575e-05, 3.82336511393e-05, 6.2895785959e-05, 3.55327465513e-05, 1.9177532522e-05, 3.3252981666e-05, 1.80333045137e-05, 1.27055400299e-05, 1.02809535747e-05, 2.69897009275e-06, 2.00846284315e-06, 1.80671622729e-06, 1.53420762672e-06, 2.89444460577e-06, 2.13870725929e-06, 1.17076103834e-06, 1.42903923006e-06, 1.52042741774e-06, 5.72838189328e-07, 8.21879382329e-07, 4.94931555295e-07, 3.84295049116e-07, 3.30684088112e-07, 3.94551761929e-07, 6.52445123706e-07, 5.60317005238e-07, 5.24790891632e-07, 5.3369330999e-07, 4.58094689293e-07],
        "dvar": [2.85092428385e-05, 1.67807320395e-05, 2.40673671215e-05, 7.81722701504e-06, 3.69734294736e-07, 9.77895098231e-08, 2.19103348797e-08, 3.13606962621e-09, 1.54977242151e-09, 8.00884265573e-08, 1.19791408792e-07, 1.08731752491e-08, 5.0900519355e-09, 1.09069100418e-08, 6.55747278699e-09, 1.88869941908e-09, 4.34441238539e-09, 1.47937651018e-09, 4.39926123308e-10, 3.52182727426e-10, 5.8517628243e-11, 1.4430920868e-11, 4.72622375264e-12, 3.1504521214e-12, 1.39411485828e-11, 7.46344566011e-12, 1.44095412685e-12, 2.69015365539e-12, 3.38198674794e-12, 6.16469277969e-13, 1.61395419598e-12, 2.98491591687e-13, 1.3035074051e-13, 2.16571538806e-13, 1.87001239146e-13, 5.93989918016e-13, 4.03544412513e-13, 6.24947847378e-13, 7.46109771188e-13, 4.18393618362e-13],
        "dvar2": [5.61421220482e-05, 3.04910627165e-05, 5.24735733052e-05, 1.93404830497e-05, 1.05266553874e-06, 1.9948977581e-07, 6.01568928005e-08, 7.6952595407e-09, 4.25729451692e-09, 1.6317883933e-07, 2.49451005629e-07, 1.87259541207e-08, 9.52711065594e-09, 2.18450146861e-08, 1.51206016596e-08, 4.3238790326e-09, 8.31977597926e-09, 2.57965604433e-09, 8.77681760603e-10, 6.27576157708e-10, 1.47075240875e-10, 3.2072702133e-11, 1.19651901234e-11, 7.19939819566e-12, 3.11925277274e-11, 1.8505520033e-11, 3.48440417144e-12, 6.10601976966e-12, 8.0802604191e-12, 1.49470713584e-12, 4.6307927111e-12, 8.00660861396e-13, 3.14162026472e-13, 5.53940519756e-13, 4.41197561341e-13, 1.5410684881e-12, 9.07953887856e-13, 1.27901703985e-12, 1.62728370275e-12, 8.9845920417e-13],
        "max": [0.0438583642244, 0.0337717533112, 0.0271112471819, 0.0173865687102, 0.00461233826354, 0.0048994240351, 0.00171378848609, 0.000817403080873, 0.000354316609446, 0.00377044128254, 0.00460966443643, 0.00251708552241, 0.000990439555608, 0.0016337740235, 0.00134426692966, 0.000623460218776, 0.000917784054764, 0.00123231846374, 0.000309968570946, 0.000297771126498, 0.000186872945051, 8.79024300957e-05, 3.1780829886e-05, 1.88310368685e-05, 4.02243094868e-05, 3.89420347346e-05, 1.24609987324e-05, 1.61055140779e-05, 1.8200102204e-05, 1.78381887963e-05, 1.05578938019e-05, 4.6777145144e-06, 5.09626670464e-06, 8.83495431481e-06, 6.3299012254e-06, 1.28519568534e-05, 1.0331024896e-05, 1.63590702869e-05, 1.60034869623e-05, 9.5733685157e-06],
        "mean": [0.00647623324767, 0.00426074070856, 0.00375771056861, 0.00171641632915, 0.0002487047459, 0.000441496260464, 0.000140495758387, 3.7157395127e-05, 2.14458341361e-05, 0.000273829413345, 0.000403788551921, 5.41222507309e-05, 4.31998596468e-05, 9.34404524742e-05, 4.59183102066e-05, 1.4490522517e-05, 3.62920873158e-05, 1.73883854586e-05, 1.37149645525e-05, 1.27877246996e-05, 2.23125198318e-06, 1.56611702096e-06, 1.17411843803e-06, 1.22308301798e-06, 2.38946063291e-06, 1.83900863249e-06, 1.00839599781e-06, 1.23416509723e-06, 1.09849020191e-06, 3.45918238054e-07, 3.28007246253e-07, 2.53537393746e-07, 2.15515953528e-07, 1.9692200226e-07, 3.06937494088e-07, 4.21539198214e-07, 3.94937757164e-07, 4.45234320523e-07, 4.49964204563e-07, 4.14840059193e-07],
        "median": [0.00138547667302, 0.0017818599008, 0.00126729160547, 0.000384695449611, 6.83160396875e-05, 0.000233750484767, 7.66197554185e-05, 4.80790686197e-06, 7.42190013625e-06, 0.000103523685539, 0.000112098568934, 5.76904676564e-06, 2.42587020693e-06, 2.13569655898e-05, 3.6337853544e-06, 1.33087030463e-06, 2.75717479781e-06, 2.36788787333e-06, 1.46517629673e-06, 1.35337722895e-06, 4.20392296974e-07, 3.03677325064e-07, 2.39991436501e-07, 3.52354476263e-07, 7.13410088338e-07, 6.36293577827e-07, 3.86852974543e-07, 4.09962837011e-07, 2.7261478408e-07, 1.01757471782e-07, 5.31980717255e-08, 4.8743320491e-08, 3.73657442765e-08, 4.84007713908e-08, 1.50331629811e-07, 1.62312474572e-07, 1.4844168561e-07, 1.85385161444e-07, 1.79436767667e-07, 1.72782733898e-07],
        "min": [3.51615894727e-24, 1.15076378281e-23, 2.32594154846e-23, 7.00861499091e-24, 7.79584689837e-24, 6.2242486207e-24, 5.65952597562e-24, 1.1130388766e-23, 3.17974566436e-24, 5.34614467013e-24, 3.45789289195e-24, 5.69685605694e-24, 3.48678965576e-24, 1.0007447634e-23, 1.41437774705e-23, 1.05079530571e-23, 8.29358341968e-24, 7.29096014181e-24, 2.36705997651e-23, 1.13570269264e-23, 1.23327319036e-23, 8.96406470202e-24, 1.16765368922e-23, 1.34009481768e-23, 1.71814031375e-23, 1.01652253371e-23, 4.47803795382e-24, 7.52305406417e-24, 8.72568276938e-24, 9.08776992487e-24, 9.49915220947e-24, 1.00076243388e-23, 7.92118585215e-24, 1.08914980181e-23, 9.01682450822e-24, 7.1947506658e-24, 8.89221051761e-24, 1.03549353407e-23, 7.93256122641e-24, 7.83765494862e-24],
        "stdev": [0.00866915564984, 0.00599576719105, 0.00578745128587, 0.00294360378757, 0.000502262962982, 0.00058149715187, 0.000184142059879, 8.2036058302e-05, 3.81078025384e-05, 0.000438894814579, 0.000623221741989, 0.000192450737813, 0.000112522036943, 0.000175692941411, 0.000107673215098, 4.71080056741e-05, 0.00010110472067, 5.58297106181e-05, 3.35986478603e-05, 3.30299335474e-05, 7.59457816457e-06, 4.21030745201e-06, 2.54943711298e-06, 2.24511586566e-06, 4.68549251309e-06, 3.51676658283e-06, 1.53789289925e-06, 2.07196853808e-06, 2.13383123082e-06, 8.43611815071e-07, 9.93174239738e-07, 5.15179067406e-07, 4.1210063273e-07, 4.79047798763e-07, 5.154183782e-07, 7.91121806287e-07, 7.75815692577e-07, 1.01005480246e-06, 1.0288622434e-06, 8.17691841348e-07],
        "var": [7.51542611397e-05, 3.59492260031e-05, 3.34945907525e-05, 8.66480331752e-06, 2.52268080203e-07, 3.38138931966e-07, 3.3908296615e-08, 6.72991484763e-09, 1.45220457881e-09, 1.92628661466e-07, 3.88405368312e-07, 3.70372887915e-08, 1.26612089701e-08, 3.08680121464e-08, 1.15935216982e-08, 2.21916418575e-09, 1.02221644482e-08, 3.11695647071e-09, 1.1288691093e-09, 1.09097642031e-09, 5.76776161554e-11, 1.77266881729e-11, 6.49962939372e-12, 5.04054480446e-12, 2.19538415225e-11, 1.23676477046e-11, 2.36511461457e-12, 4.29305375971e-12, 4.55323582657e-12, 7.11680931201e-13, 9.86395101883e-13, 2.65409466323e-13, 1.69826934633e-13, 2.29486785477e-13, 2.65656095212e-13, 6.25873701823e-13, 6.01890011356e-13, 1.0202106087e-12, 1.0585575385e-12, 6.68619944567e-13]
    },
    "melbands128": {
