{
"lowlevel": {
    "average_loudness": 0.945486783981,
    "barkbands_crest": {
        "dmean": 3.24359869957,
        "dmean2": 5.32450819016,
        "dvar": 6.88286304474,
        "dvar2": 17.2371788025,
        "max": 24.9674968719,
        "mean": 13.3935022354,
        "median": 12.736287117,
        "min": 3.43838334084,
        "stdev": 4.51364183426,
        "var": 20.3729629517
    },
    "barkbands_flatness_db": {
        "dmean": 0.0412416346371,
        "dmean2": 0.0622104890645,
        "dvar": 0.00141866633203,
        "dvar2": 0.00298510468565,
        "max": 0.479788094759,
        "mean": 0.230110675097,
        "median": 0.225850179791,
        "min": 0.04106041044,
        "stdev": 0.0730593279004,
        "var": 0.00533766578883
    },
    "barkbands_kurtosis": {
        "dmean": 13.4137554169,
        "dmean2": 23.0132751465,
        "dvar": 606.073608398,
        "dvar2": 1703.98120117,
        "max": 260.923461914,
        "mean": 17.3316841125,
        "median": 7.94596767426,
        "min": -1.66568636894,
        "stdev": 28.5116138458,
        "var": 812.912109375
    },
    "barkbands_skewness": {
        "dmean": 1.20441758633,
        "dmean2": 1.92766153812,
        "dvar": 1.8514238596,
        "dvar2": 4.81374883652,
        "max": 13.2819633484,
        "mean": 2.8705470562,
        "median": 2.41626548767,
        "min": -1.64463531971,
        "stdev": 2.08479714394,
        "var": 4.34637928009
    },
    "barkbands_spread": {
        "dmean": 5.92273139954,
        "dmean2": 9.36789894104,
        "dvar": 85.6028518677,
        "dvar2": 182.034164429,
        "max": 111.62903595,
        "mean": 11.2641506195,
        "median": 7.37701749802,
        "min": 0.334769457579,
        "stdev": 12.1984901428,
        "var": 148.803161621
    },
    "dissonance": {
        "dmean": 0.0300391707569,
        "dmean2": 0.0485728979111,
        "dvar": 0.00102590629831,
        "dvar2": 0.00236091017723,
        "max": 0.499525874853,
        "mean": 0.441325992346,
        "median": 0.446561396122,
        "min": 0,
        "stdev": 0.0416546426713,
        "var": 0.0017351093702
    },
    "dynamic_complexity": 3.27597689629,
    "erbbands_crest": {
        "dmean": 3.49436736107,
        "dmean2": 5.61299943924,
        "dvar": 9.57211112976,
        "dvar2": 24.7750034332,
        "max": 25.7151489258,
        "mean": 10.3895950317,
        "median": 9.39587974548,
        "min": 3.31478738785,
        "stdev": 4.37403726578,
        "var": 19.1322002411
    },
    "erbbands_flatness_db": {
        "dmean": 0.0271994527429,
        "dmean2": 0.0385608971119,
        "dvar": 0.000655984506011,
        "dvar2": 0.00114552059676,
        "max": 0.290734142065,
        "mean": 0.171487718821,
        "median": 0.174982577562,
        "min": 0.065221644938,
        "stdev": 0.0465149953961,
        "var": 0.00216364464723
    },
    "erbbands_kurtosis": {
        "dmean": 1.63793075085,
        "dmean2": 2.64223575592,
        "dvar": 3.028901577,
        "dvar2": 7.86961650848,
        "max": 14.2331237793,
        "mean": 1.33480417728,
        "median": 0.781250476837,
        "min": -1.76453614235,
        "stdev": 2.41539335251,
        "var": 5.83412504196
    },
    "erbbands_skewness": {
        "dmean": 0.51941049099,
        "dmean2": 0.792806565762,
        "dvar": 0.230599448085,
        "dvar2": 0.545910835266,
        "max": 3.39047217369,
        "mean": 0.659831702709,
        "median": 0.646811544895,
        "min": -2.00208282471,
        "stdev": 0.788292825222,
        "var": 0.621405601501
    },
    "erbbands_spread": {
        "dmean": 11.3224649429,
        "dmean2": 17.7854614258,
        "dvar": 186.682723999,
        "dvar2": 411.572174072,
        "max": 154.232345581,
        "mean": 33.7862472534,
        "median": 27.2677745819,
        "min": 6.2950387001,
        "stdev": 21.8935985565,
        "var": 479.329620361
    },
    "hfc": {
        "dmean": 12.2707977295,
        "dmean2": 19.4349651337,
        "dvar": 887.963439941,
        "dvar2": 2112.23828125,
        "max": 215.519378662,
        "mean": 14.8788137436,
        "median": 5.29958724976,
        "min": 1.2039939394e-16,
        "stdev": 28.9017868042,
        "var": 835.313232422
    },
    "loudness_ebu128": {
        "integrated": -13.5215444565,
        "loudness_range": 2.47650337219,
        "momentary": {
            "dmean": 1.20248734951,
            "dmean2": 1.95410192013,
            "dvar": 1.98897743225,
            "dvar2": 4.15768194199,
            "max": -9.54706382751,
            "mean": -14.0124998093,
            "median": -14.2293338776,
            "min": -19.873960495,
            "stdev": 2.10651731491,
            "var": 4.43741512299
        },
        "short_term": {
            "dmean": 0.149211063981,
            "dmean2": 0.228687644005,
            "dvar": 0.026432543993,
            "dvar2": 0.0468169152737,
            "max": -12.1039886475,
            "mean": -13.6218318939,
            "median": -13.5474395752,
            "min": -15.4322118759,
            "stdev": 0.768252193928,
            "var": 0.590211451054
        }
    },
    "melbands_crest": {
        "dmean": 5.07075452805,
        "dmean2": 8.45051956177,
        "dvar": 17.257642746,
        "dvar2": 49.8756790161,
        "max": 38.083946228,
        "mean": 20.540971756,
        "median": 19.818813324,
        "min": 3.61449289322,
        "stdev": 7.1541557312,
        "var": 51.1819419861
    },
    "melbands_flatness_db": {
        "dmean": 0.0483433976769,
        "dmean2": 0.0710976272821,
        "dvar": 0.0020353673026,
        "dvar2": 0.0041156699881,
        "max": 0.612765014172,
        "mean": 0.327565699816,
        "median": 0.328028857708,
        "min": 0.00764975836501,
        "stdev": 0.0885463804007,
        "var": 0.00784046109766
    },
    "melbands_kurtosis": {
        "dmean": 29.171787262,
        "dmean2": 49.8321495056,
        "dvar": 3912.77929688,
        "dvar2": 11583.1933594,
        "max": 1080.64855957,
        "mean": 37.5297698975,
        "median": 15.7276573181,
        "min": -1.15232992172,
        "stdev": 70.0692672729,
        "var": 4909.70263672
    },
    "melbands_skewness": {
        "dmean": 1.64841079712,
        "dmean2": 2.63164591789,
        "dvar": 4.15274190903,
        "dvar2": 10.7066888809,
        "max": 28.0629329681,
        "mean": 3.98287010193,
        "median": 3.11508965492,
        "min": -0.492885112762,
        "stdev": 3.11131715775,
        "var": 9.68029403687
    },
    "melbands_spread": {
        "dmean": 5.75372409821,
        "dmean2": 9.01395130157,
        "dvar": 123.230262756,
        "dvar2": 273.975341797,
        "max": 122.621742249,
        "mean": 10.2607927322,
        "median": 6.53052759171,
        "min": 0.392587661743,
        "stdev": 12.5818719864,
        "var": 158.303512573
    },
    "pitch_salience": {
        "dmean": 0.0961127132177,
        "dmean2": 0.158105894923,
        "dvar": 0.00752286659554,
        "dvar2": 0.0195760801435,
        "max": 0.927720844746,
        "mean": 0.435726165771,
        "median": 0.447198212147,
        "min": 0.0742173567414,
        "stdev": 0.13768017292,
        "var": 0.018955828622
    },
    "silence_rate_20dB": {
        "dmean": 0.0325077399611,
        "dmean2": 0.0650658383965,
        "dvar": 0.0314509160817,
        "dvar2": 0.0887182876468,
        "max": 1,
        "mean": 0.98143851757,
        "median": 1,
        "min": 0,
        "stdev": 0.134970545769,
        "var": 0.0182170476764
    },
    "silence_rate_30dB": {
        "dmean": 0.0603715181351,
        "dmean2": 0.120836563408,
        "dvar": 0.0567262656987,
        "dvar2": 0.115531049669,
        "max": 1,
        "mean": 0.901778817177,
        "median": 1,
        "min": 0,
        "stdev": 0.297615140676,
        "var": 0.0885747745633
    },
    "silence_rate_60dB": {
        "dmean": 0.000773993786424,
        "dmean2": 0.00154918665066,
        "dvar": 0.000773391744588,
        "dvar2": 0.00154677091632,
        "max": 1,
        "mean": 0.00154679035768,
        "median": 0,
        "min": 0,
        "stdev": 0.0392987206578,
        "var": 0.00154438940808
    },
    "spectral_centroid": {
        "dmean": 287.149505615,
        "dmean2": 434.753295898,
        "dvar": 259331.46875,
        "dvar2": 446812.59375,
        "max": 11761.2587891,
        "mean": 768.66583252,
        "median": 557.308288574,
        "min": 135.693771362,
        "stdev": 616.51940918,
        "var": 380096.15625
    },
    "spectral_complexity": {
        "dmean": 3.79721355438,
        "dmean2": 5.56158018112,
        "dvar": 34.8705291748,
        "dvar2": 67.0733108521,
        "max": 53,
        "mean": 11.1902551651,
        "median": 10,
        "min": 0,
        "stdev": 7.43411874771,
        "var": 55.2661209106
    },
    "spectral_decrease": {
        "dmean": 8.3241040727e-09,
        "dmean2": 1.43706992972e-08,
        "dvar": 3.35220594535e-16,
        "dvar2": 8.56065124269e-16,
        "max": -9.20198975555e-29,
        "mean": -1.30825892342e-08,
        "median": -6.9118746282e-09,
        "min": -1.38018521056e-07,
        "stdev": 2.09445083499e-08,
        "var": 4.38672434152e-16
    },
    "spectral_energy": {
        "dmean": 0.032158203423,
        "dmean2": 0.0552918277681,
        "dvar": 0.00491073960438,
        "dvar2": 0.0123648969457,
        "max": 0.527008831501,
        "mean": 0.0507262870669,
        "median": 0.0268427040428,
        "min": 1.12678874237e-20,
        "stdev": 0.0806574523449,
        "var": 0.0065056248568
    },
    "spectral_energyband_high": {
        "dmean": 0.000671627465636,
        "dmean2": 0.00114573421888,
        "dvar": 3.73082957594e-06,
        "dvar2": 9.38556240726e-06,
        "max": 0.0132905198261,
        "mean": 0.000556095736101,
        "median": 4.17358896811e-05,
        "min": 8.18444163568e-21,
        "stdev": 0.00172819104046,
        "var": 2.98664417642e-06
    },
    "spectral_energyband_low": {
        "dmean": 0.027185883373,
        "dmean2": 0.0473612211645,
        "dvar": 0.0041343648918,
        "dvar2": 0.0105698918924,
        "max": 0.47613042593,
        "mean": 0.0377186350524,
        "median": 0.0173195581883,
        "min": 6.1611645974e-23,
        "stdev": 0.0729872733355,
        "var": 0.00532714184374
    },
    "spectral_energyband_middle_high": {
        "dmean": 0.00263143936172,
        "dmean2": 0.00415192265064,
        "dvar": 4.1961648094e-05,
        "dvar2": 0.000101262252429,
        "max": 0.0542360134423,
        "mean": 0.00285209831782,
        "median": 0.000667087908369,
        "min": 1.81956490502e-21,
        "stdev": 0.00636366708204,
        "var": 4.04962593166e-05
    },
    "spectral_energyband_middle_low": {
        "dmean": 0.00576484529302,
        "dmean2": 0.00953189749271,
        "dvar": 0.000182095944183,
        "dvar2": 0.000521610665601,
        "max": 0.116269521415,
        "mean": 0.00890835560858,
        "median": 0.00534158013761,
        "min": 3.48330330077e-22,
        "stdev": 0.0122200632468,
        "var": 0.000149329935084
    },
    "spectral_entropy": {
        "dmean": 0.310317158699,
        "dmean2": 0.431806862354,
        "dvar": 0.102229811251,
        "dvar2": 0.169229462743,
        "max": 9.79785823822,
        "mean": 7.10689544678,
        "median": 7.02260541916,
        "min": 5.73547887802,
        "stdev": 0.575265944004,
        "var": 0.330930888653
    },
    "spectral_flux": {
        "dmean": 0.0476597994566,
        "dmean2": 0.0785626620054,
        "dvar": 0.00595233589411,
        "dvar2": 0.0127292638645,
        "max": 0.65782392025,
        "mean": 0.116941541433,
        "median": 0.0841649770737,
        "min": 1.06150303825e-10,
        "stdev": 0.10828038305,
        "var": 0.0117246406153
    },
    "spectral_kurtosis": {
        "dmean": 4.12671995163,
        "dmean2": 6.25461864471,
        "dvar": 23.000213623,
        "dvar2": 50.0557403564,
        "max": 56.3499336243,
        "mean": 9.0043182373,
        "median": 7.16052055359,
        "min": -1.38638484478,
        "stdev": 7.46228790283,
        "var": 55.6857414246
    },
    "spectral_rms": {
        "dmean": 0.00178652489558,
        "dmean2": 0.00299892015755,
        "dvar": 6.76542686051e-06,
        "dvar2": 1.50930918608e-05,
        "max": 0.02267498523,
        "mean": 0.00600203312933,
        "median": 0.00511742150411,
        "min": 3.31557849752e-12,
        "stdev": 0.00366942235269,
        "var": 1.34646597871e-05
    },
    "spectral_rolloff": {
        "dmean": 331.730499268,
        "dmean2": 564.066650391,
        "dvar": 1041808.8125,
        "dvar2": 2232333.75,
        "max": 18174.0234375,
        "mean": 521.060546875,
        "median": 322.998046875,
        "min": 43.06640625,
        "stdev": 1062.02160645,
        "var": 1127889.875
    },
    "spectral_skewness": {
        "dmean": 0.465339273214,
        "dmean2": 0.682357549667,
        "dvar": 0.216316193342,
        "dvar2": 0.440792530775,
        "max": 5.8289399147,
        "mean": 2.24642920494,
        "median": 2.1504201889,
        "min": -0.0758553370833,
        "stdev": 0.851890027523,
        "var": 0.725716590881
    },
    "spectral_spread": {
        "dmean": 1001144.1875,
        "dmean2": 1318686.125,
        "dvar": 1.97915757773e+12,
        "dvar2": 2.83640017715e+12,
        "max": 40957692,
        "mean": 4268716,
        "median": 3634440.75,
        "min": 1204356.25,
        "stdev": 2440135.75,
        "var": 5.95426279424e+12
    },
    "spectral_strongpeak": {
        "dmean": 0.307093769312,
        "dmean2": 0.53281390667,
        "dvar": 0.268897205591,
        "dvar2": 0.66153639555,
        "max": 4.12780427933,
        "mean": 0.38574680686,
        "median": 0.195211008191,
        "min": 0,
        "stdev": 0.556768596172,
        "var": 0.309991300106
    },
    "zerocrossingrate": {
        "dmean": 0.00860690139234,
        "dmean2": 0.0100224362686,
        "dvar": 0.000335720542353,
        "dvar2": 0.000378911674488,
        "max": 0.51416015625,
        "mean": 0.025549987331,
        "median": 0.01953125,
        "min": 0.00048828125,
        "stdev": 0.026763709262,
        "var": 0.000716296141036
    },
    "barkbands": {
        "dmean": [0.00583805562928, 0.0195064358413, 0.00668714568019, 0.00177492038347, 0.00169970246498, 0.0015236674808, 0.000786677584983, 0.00103250215761, 0.00026665761834, 0.000535024155397, 0.000324909749907, 0.000184195741895, 0.000189517828403, 0.000221022230107, 0.000361559272278, 0.000904082029592, 0.000669036235195, 0.000119110714877, 8.11126810731e-05, 7.836081204e-05, 8.88637587195e-05, 8.67700800882e-05, 0.000115539420221, 0.000151045795064, 0.000139781841426, 8.21185094537e-05, 6.56110114505e-06],
        "dmean2": [0.0098941763863, 0.0320810079575, 0.0122102228925, 0.00331321707927, 0.00299259438179, 0.00243006343953, 0.00121386430692, 0.00148857850581, 0.000413906149333, 0.000866736925673, 0.00055815995438, 0.000298197963275, 0.000316086865496, 0.000379313481972, 0.000642542436253, 0.00167081691325, 0.00125427893363, 0.000196060456801, 0.000131994456751, 0.00013069837587, 0.000146601378219, 0.00014082013513, 0.000206793003599, 0.000270485150395, 0.000236737454543, 0.000138979681651, 1.22867304526e-05],
        "dvar": [0.00015026096662, 0.00238882051781, 0.000688480155077, 3.8937338104e-05, 2.76604168903e-05, 1.1255165191e-05, 4.62707339466e-06, 7.42210750104e-06, 6.52367873499e-07, 2.90208390652e-06, 1.6221590613e-06, 4.5482755695e-07, 2.0796726119e-07, 2.59052995943e-07, 1.25767053305e-06, 9.68295171333e-06, 5.14179146194e-06, 1.2498396984e-07, 7.5692163648e-08, 5.60276340877e-08, 5.95714020335e-08, 7.80770008646e-08, 1.4195339304e-07, 2.34246101627e-07, 1.62802379577e-07, 5.97905724931e-08, 1.11439713013e-09],
        "dvar2": [0.00038029733696, 0.0054106307216, 0.00199819193222, 0.000115747614473, 7.90293561295e-05, 2.87897310045e-05, 9.46962791204e-06, 1.37988445204e-05, 1.35028892601e-06, 7.10375570634e-06, 4.5357851377e-06, 1.06877178041e-06, 4.88348291583e-07, 6.84650331095e-07, 3.50251480086e-06, 2.75560032605e-05, 1.46781167132e-05, 3.1075612128e-07, 1.9819309216e-07, 1.4922545688e-07, 1.47984508203e-07, 1.94688325905e-07, 3.64412272802e-07, 6.39152517579e-07, 4.05833361583e-07, 1.57430321224e-07, 3.22971649425e-09],
        "max": [0.155440598726, 0.416462689638, 0.1925149858, 0.0550125166774, 0.0592638030648, 0.0694917142391, 0.0354759208858, 0.034176312387, 0.0164310969412, 0.018439443782, 0.012936369516, 0.0123299239203, 0.00796069111675, 0.0042054662481, 0.00993279088289, 0.0254479572177, 0.0189953297377, 0.00280010071583, 0.00357520859689, 0.00308388681151, 0.00201839348301, 0.0032652632799, 0.00342027354054, 0.00350781553425, 0.00425895955414, 0.00171729014255, 0.000400639721192],
        "mean": [0.00653361110017, 0.0263499468565, 0.00568321021274, 0.00151632854249, 0.00203554867767, 0.00254481844604, 0.000879982253537, 0.00128020602278, 0.000351227179635, 0.000582454376854, 0.000326951878378, 0.000234665116295, 0.000199161746423, 0.000206685625017, 0.00025697768433, 0.000557963270694, 0.000418257695856, 9.87135063042e-05, 7.80111804488e-05, 7.3239512858e-05, 7.57350426284e-05, 7.4535550084e-05, 9.12698596949e-05, 0.000105808314402, 0.000108278822154, 5.87958093092e-05, 3.93030904888e-06],
        "median": [0.00319759733975, 0.0111643802375, 0.00128755299374, 0.000404874183005, 0.000979916891083, 0.00112810987048, 0.000255737017142, 0.000189953570953, 9.03067557374e-05, 0.000143430777825, 9.79483156698e-05, 9.54691204242e-05, 4.96830325574e-05, 3.29765935021e-05, 2.42712339968e-05, 1.37140013976e-05, 1.57820395543e-05, 7.640509466e-06, 7.02632041794e-06, 1.4584591554e-05, 8.18508942757e-06, 5.07614458911e-06, 3.35091613124e-06, 3.50426989826e-06, 3.09359825224e-06, 9.95343611976e-07, 2.03240002605e-08],
        "min": [1.0905285729e-23, 3.52745464657e-23, 1.8742552558e-23, 4.67621204055e-24, 4.32629338006e-23, 9.38382737156e-23, 4.81800458178e-23, 6.09560710073e-23, 8.74674961539e-23, 6.8671938454e-23, 6.24214905793e-23, 7.56891086414e-23, 1.76630904415e-22, 4.24542623893e-22, 1.20602090176e-22, 1.88299810655e-22, 1.48264564357e-22, 2.77693048807e-22, 1.22552621339e-22, 2.59572320591e-22, 4.83332072647e-22, 8.13654664633e-22, 4.91777150492e-22, 7.89949760462e-22, 1.43486927366e-21, 1.72024910934e-21, 2.61939059817e-21],
        "stdev": [0.0122648952529, 0.0570155121386, 0.0197082869709, 0.00472016865388, 0.0042990189977, 0.00416903803125, 0.00251360586844, 0.00331049226224, 0.00107356836088, 0.00172171415761, 0.00108619872481, 0.000717866176274, 0.000504388008267, 0.000486685225042, 0.000898781989235, 0.00237614358775, 0.00173201272264, 0.000321135739796, 0.000246630137553, 0.000204536700039, 0.000220679983613, 0.000254611775745, 0.000328692054609, 0.000393513182644, 0.000379719189368, 0.000208019191632, 2.50545635936e-05],
        "var": [0.000150427644257, 0.00325076864101, 0.000388416548958, 2.22799917537e-05, 1.84815653483e-05, 1.73808766704e-05, 6.31821421848e-06, 1.09593584057e-05, 1.15254908906e-06, 2.96429971058e-06, 1.17982767733e-06, 5.15331805673e-07, 2.54407268585e-07, 2.36862518932e-07, 8.07809044545e-07, 5.64605807085e-06, 2.99986822938e-06, 1.03128165563e-07, 6.0826430115e-08, 4.18352605891e-08, 4.86996540872e-08, 6.48271551995e-08, 1.08038463509e-07, 1.54852628498e-07, 1.44186671491e-07, 4.32719815535e-08, 6.27731144842e-10]
    },
    "erbbands": {
        "dmean": [1.00185394287, 3.20277619362, 7.87828779221, 6.50147914886, 4.62067365646, 6.08334112167, 11.2763795853, 12.8215532303, 9.10566043854, 19.6420288086, 15.1146860123, 6.89898633957, 14.936422348, 14.3755159378, 11.5306549072, 7.67016983032, 8.51981735229, 10.3434972763, 20.8605709076, 13.9694137573, 60.7334976196, 35.5551681519, 9.50636672974, 4.26655387878, 3.96454286575, 4.01402616501, 3.04921221733, 3.58869981766, 2.78281116486, 3.26933312416, 3.31196975708, 3.13487958908, 2.48155784607, 1.4791893959, 1.00384294987, 0.440627813339, 0.152577027678, 0.020477540791, 0.000835153332446, 4.94428895763e-05],
        "dmean2": [1.68988621235, 5.38160657883, 14.1477994919, 11.8727445602, 8.58538246155, 10.6082410812, 17.946149826, 20.6866760254, 14.3421325684, 28.9025707245, 22.2002010345, 10.7022562027, 23.3055973053, 25.2355060577, 18.8679504395, 12.2388343811, 14.0355129242, 17.3800506592, 37.5194664001, 21.6922340393, 113.244636536, 66.6759567261, 16.5110569, 6.93836212158, 6.34844732285, 6.75731182098, 5.11443710327, 5.7486281395, 4.44992446899, 5.54804563522, 5.94814062119, 5.61886167526, 4.39895296097, 2.47753977776, 1.72251105309, 0.764205634594, 0.259272515774, 0.0349252521992, 0.00150498421863, 7.70987462602e-05],
        "dvar": [6.41094684601, 85.3952713013, 971.812316895, 555.645751953, 259.760437012, 352.010375977, 371.139648438, 1340.5411377, 528.259521484, 1979.75354004, 2137.44946289, 420.892181396, 2554.67822266, 4337.99511719, 1542.4263916, 754.899353027, 439.925018311, 540.338989258, 3922.55224609, 1567.78283691, 45068.7304688, 14569.4599609, 851.125610352, 212.576599121, 140.507064819, 192.745254517, 68.6766433716, 107.068756104, 65.7442398071, 104.089797974, 122.003242493, 109.462509155, 60.6961593628, 18.9344272614, 8.81288146973, 1.7864677906, 0.213581547141, 0.00484723830596, 1.36130192914e-05, 1.21298757705e-08],
        "dvar2": [16.6596069336, 178.142227173, 2766.81884766, 1621.88867188, 765.177001953, 1005.45800781, 933.092346191, 3546.72387695, 1163.34765625, 3716.9128418, 4282.56396484, 890.099853516, 5612.80078125, 12456.6884766, 3993.06396484, 1670.49169922, 1008.59912109, 1418.57763672, 10929.1669922, 3594.59765625, 129036.570312, 41511.96875, 2203.97363281, 541.443847656, 363.398071289, 526.872314453, 176.737136841, 262.162628174, 156.004653931, 261.782653809, 310.767456055, 299.080078125, 164.213653564, 46.1904411316, 22.9002780914, 4.79684972763, 0.558009505272, 0.0129936980084, 3.87033505831e-05, 2.50879104158e-08],
        "max": [20.7176380157, 77.958656311, 235.497116089, 192.917953491, 158.649703979, 223.185546875, 211.962509155, 776.703735352, 389.819244385, 591.642822266, 823.537353516, 372.175109863, 679.740661621, 735.343444824, 560.226013184, 522.82409668, 400.425415039, 224.438858032, 461.318756104, 355.049835205, 1573.03442383, 976.070983887, 233.052719116, 165.740402222, 166.313980103, 190.477325439, 69.8424377441, 109.535743713, 85.1980819702, 102.349746704, 102.820358276, 88.9720077515, 56.1843452454, 45.1423912048, 30.9637718201, 10.3375320435, 3.41652798653, 0.620175540447, 0.0373360924423, 0.00102578301448],
        "mean": [1.0935587883, 4.60083770752, 7.05667972565, 6.07771015167, 4.60447978973, 7.16803359985, 16.8325710297, 19.8234729767, 12.4649677277, 23.8921089172, 18.9497299194, 9.79098033905, 17.3252353668, 14.4385919571, 12.9763402939, 10.7354440689, 9.37829113007, 10.8844480515, 14.8742790222, 12.990568161, 36.3750457764, 22.2351074219, 7.49971389771, 3.83880782127, 4.0003490448, 3.66433978081, 2.66706609726, 3.15207004547, 2.53789997101, 2.59454011917, 2.63357591629, 2.25536704063, 1.75134301186, 1.18980586529, 0.7382594347, 0.307673811913, 0.109472312033, 0.0147160869092, 0.00055290653836, 7.05465718056e-05],
        "median": [0.45817014575, 1.78062295914, 1.93613684177, 1.78910601139, 1.79505801201, 3.23652100563, 8.62445354462, 7.47496843338, 4.66374158859, 4.68135213852, 3.8438975811, 2.76542329788, 3.31969237328, 4.68228387833, 3.30830669403, 4.83389806747, 2.55834412575, 2.41380858421, 1.28886282444, 1.21216166019, 0.878015935421, 0.871353387833, 0.5414929986, 0.331245005131, 0.565905511379, 0.674821615219, 0.341431856155, 0.30891636014, 0.202035620809, 0.130366280675, 0.0933859273791, 0.07874006778, 0.0508165173233, 0.0409742854536, 0.01583985053, 0.00518202967942, 0.00181046128273, 0.000209010875551, 2.15608124563e-05, 3.19498321915e-05],
        "min": [1.00176913715e-21, 8.80631181967e-21, 2.15636728378e-20, 1.59544108545e-20, 5.4853454808e-20, 2.26883983947e-19, 1.31141408185e-19, 9.08025833504e-19, 1.02420459131e-18, 7.93241857309e-19, 1.56051562006e-18, 1.70789955968e-18, 1.63938801525e-18, 2.95958336893e-18, 2.64459423244e-18, 2.86144562708e-18, 8.97345711704e-18, 2.32393812293e-17, 9.9611802516e-18, 6.53918534267e-18, 9.7759257088e-18, 9.42462292983e-18, 1.26211391571e-17, 9.29817431113e-18, 9.37447924109e-18, 1.29097358554e-17, 1.83183778861e-17, 1.8440357248e-17, 2.1934242424e-17, 2.80489501091e-17, 1.64886229383e-17, 1.58453659349e-17, 1.48051168315e-17, 1.531549885e-17, 9.98258272277e-18, 5.52752029246e-18, 2.96420379304e-18, 1.90648111952e-18, 3.57955611692e-19, 3.28365209219e-20],
        "stdev": [2.48786258698, 10.708729744, 24.2590732574, 18.0256004333, 12.4185647964, 15.5600042343, 24.8610973358, 39.1942634583, 30.6164894104, 54.486000061, 52.7856674194, 27.7017173767, 55.4899978638, 53.0358505249, 40.7990531921, 30.7681903839, 23.6564464569, 23.8475055695, 50.554058075, 38.1693572998, 160.422515869, 92.4639587402, 25.2611656189, 13.0314922333, 11.0169639587, 11.5497837067, 7.26758384705, 9.53250789642, 7.74367427826, 9.1515789032, 9.7187871933, 8.50660133362, 6.40644741058, 4.13882541656, 2.69553756714, 1.11955106258, 0.393649101257, 0.0580740533769, 0.00284921610728, 0.000127814579173],
        "var": [6.18945980072, 114.676887512, 588.502624512, 324.922302246, 154.220748901, 242.113739014, 618.074157715, 1536.19018555, 937.369384766, 2968.72412109, 2786.32666016, 767.385131836, 3079.13989258, 2812.80126953, 1664.56286621, 946.68157959, 559.627441406, 568.703491211, 2555.71264648, 1456.89990234, 25735.3828125, 8549.58398438, 638.126464844, 169.819793701, 121.37348938, 133.397506714, 52.8177757263, 90.8687133789, 59.9644889832, 83.7514038086, 94.454826355, 72.3622741699, 41.0425682068, 17.1298751831, 7.26592254639, 1.25339448452, 0.154959604144, 0.00337259587832, 8.11803238321e-06, 1.63365658779e-08]
    },
    "gfcc": {
        "mean": [-57.1519126892, 130.441833496, -83.4009399414, 30.7954673767, -42.570930481, 21.5480594635, -26.4191379547, 8.67665958405, -15.4065551758, 10.4980678558, -4.51270532608, 3.20866823196, -0.600946128368],
        "cov": [[7495.34130859, -2366.36132812, -175.681808472, 565.507141113, -438.738342285, 252.794891357, -650.921813965, 430.003814697, -87.6251144409, 190.455291748, -531.849182129, 287.844909668, -170.311965942], [-2366.36132812, 2291.54980469, -147.059646606, -527.724060059, 59.6854515076, -301.447418213, 429.758026123, -334.881866455, 76.3759689331, -176.49609375, 322.366882324, -235.201599121, 176.670715332], [-175.681808472, -147.059646606, 612.255981445, 58.7463951111, 30.4650650024, 92.8571777344, -97.3872146606, -61.9551887512, -80.7347183228, 53.1266975403, -4.2822470665, 88.1559753418, -2.17871499062], [565.507141113, -527.724060059, 58.7463951111, 475.236450195, 98.8609085083, 18.9884738922, -96.8654403687, 21.3856906891, 23.2567367554, -3.63937115669, -41.015007019, 12.2221908569, -19.5112190247], [-438.738342285, 59.6854515076, 30.4650650024, 98.8609085083, 467.784912109, 45.8520393372, 20.7929191589, -2.84224271774, 73.7320022583, -24.5506343842, 16.1802749634, -65.222442627, -27.2128696442], [252.794891357, -301.447418213, 92.8571777344, 18.9884738922, 45.8520393372, 229.880615234, 13.6478452682, 18.50299263, -29.9170894623, 7.35957145691, -39.4740600586, 24.0362033844, -40.0137290955], [-650.921813965, 429.758026123, -97.3872146606, -96.8654403687, 20.7929191589, 13.6478452682, 295.427398682, -26.7545223236, 16.7532978058, -58.6360397339, 77.8732910156, -79.936378479, 13.9479417801], [430.003814697, -334.881866455, -61.9551887512, 21.3856906891, -2.84224271774, 18.50299263, -26.7545223236, 176.538009644, 24.7409172058, 30.1019897461, -50.2655601501, 7.33922719955, -45.7297821045], [-87.6251144409, 76.3759689331, -80.7347183228, 23.2567367554, 73.7320022583, -29.9170894623, 16.7532978058, 24.7409172058, 128.731719971, 10.2299785614, 11.2199993134, -47.704158783, 0.0371335372329], [190.455291748, -176.49609375, 53.1266975403, -3.63937115669, -24.5506343842, 7.35957145691, -58.6360397339, 30.1019897461, 10.2299785614, 112.442085266, -19.3097496033, 7.79509210587, -24.2307243347], [-531.849182129, 322.366882324, -4.2822470665, -41.015007019, 16.1802749634, -39.4740600586, 77.8732910156, -50.2655601501, 11.2199993134, -19.3097496033, 130.42616272, -16.7855243683, 33.8410491943], [287.844909668, -235.201599121, 88.1559753418, 12.2221908569, -65.222442627, 24.0362033844, -79.936378479, 7.33922719955, -47.704158783, 7.79509210587, -16.7855243683, 135.038330078, 22.0234966278], [-170.311965942, 176.670715332, -2.17871499062, -19.5112190247, -27.2128696442, -40.0137290955, 13.9479417801, -45.7297821045, 0.0371335372329, -24.2307243347, 33.8410491943, 22.0234966278, 100.001899719]],
        "icov": [[0.000300849002087, -0.000250815937761, 0.000287161004962, -0.000512370257638, 0.000293534452794, -0.000515086867381, 0.000452031497844, -0.000576759397518, 0.000148733117385, -0.000367369619198, 0.000834303209558, -0.00053468690021, 0.000155105968588], [-0.000250815937761, 0.00409086141735, -0.00108785566408, 0.00387913337909, -0.000682955083903, 0.00384980509989, -0.00218064547516, 0.00458369264379, -0.00153261586092, 0.00344016915187, -0.00387551030144, 0.00457285484299, -0.00202789600007], [0.000287161004962, -0.00108785566408, 0.00280496804044, -0.00146216037683, -3.86266947316e-05, -0.001958376728, 0.00118993490469, -0.000472367450129, 0.0015633351868, -0.00235996046104, 0.00105582235847, -0.00242630462162, 0.000615331984591], [-0.000512370257638, 0.00387913337909, -0.00146216037683, 0.00640782807022, -0.00130572682247, 0.00385244353674, -0.00154373166151, 0.00448400247842, -0.00202804012224, 0.00413231132552, -0.00390221457928, 0.00459377234802, -0.00174459116533], [0.000293534452794, -0.000682955083903, -3.86266947316e-05, -0.00130572682247, 0.00318733276799, -0.00166103953961, 0.000982259749435, -0.000979005126283, -0.00133177335374, 0.000387859123293, 0.000573806988541, 0.000226485324674, 0.000919315905776], [-0.000515086867381, 0.00384980509989, -0.001958376728, 0.00385244353674, -0.00166103953961, 0.0097647421062, -0.00400362163782, 0.00454435031861, -0.00067805784056, 0.00313522550277, -0.00227929651737, 0.00286845699884, 2.15660711547e-05], [0.000452031497844, -0.00218064547516, 0.00118993490469, -0.00154373166151, 0.000982259749435, -0.00400362163782, 0.00752184586599, -0.00325543805957, 0.00100957776885, 0.000390636734664, -0.000389860797441, 0.000611102383118, 0.000566220784094], [-0.000576759397518, 0.00458369264379, -0.000472367450129, 0.00448400247842, -0.000979005126283, 0.00454435031861, -0.00325543805957, 0.0133863706142, -0.00346857914701, 0.00251065474004, -0.00277391495183, 0.00334619940259, 0.000723227974959], [0.000148733117385, -0.00153261586092, 0.0015633351868, -0.00202804012224, -0.00133177335374, -0.00067805784056, 0.00100957776885, -0.00346857914701, 0.0118982614949, -0.00352944293991, 0.000713798683137, 0.00111657939851, -0.0011084334692], [-0.000367369619198, 0.00344016915187, -0.00235996046104, 0.00413231132552, 0.000387859123293, 0.00313522550277, 0.000390636734664, 0.00251065474004, -0.00352944293991, 0.0149374809116, -0.00409547425807, 0.00497977808118, 0.000415093672927], [0.000834303209558, -0.00387551030144, 0.00105582235847, -0.00390221457928, 0.000573806988541, -0.00227929651737, -0.000389860797441, -0.00277391495183, 0.000713798683137, -0.00409547425807, 0.0163671914488, -0.00578808691353, 0.000302709726384], [-0.00053468690021, 0.00457285484299, -0.00242630462162, 0.00459377234802, 0.000226485324674, 0.00286845699884, 0.000611102383118, 0.00334619940259, 0.00111657939851, 0.00497977808118, -0.00578808691353, 0.0178652796894, -0.006261178758], [0.000155105968588, -0.00202789600007, 0.000615331984591, -0.00174459116533, 0.000919315905776, 2.15660711547e-05, 0.000566220784094, 0.000723227974959, -0.0011084334692, 0.000415093672927, 0.000302709726384, -0.006261178758, 0.0154076237231]]
    },
    "melbands": {
        "dmean": [0.00698293931782, 0.00385439093225, 0.00106949417386, 0.000342619081493, 0.000376021082047, 0.000279719504761, 0.000148011138663, 0.00022912795248, 0.000107645835669, 4.30088548455e-05, 7.51408588258e-05, 5.86379610468e-05, 3.90636014345e-05, 2.56198054558e-05, 1.48619146785e-05, 2.16097723751e-05, 1.87367677427e-05, 3.40889273502e-05, 2.16284242924e-05, 3.49051988451e-05, 7.882843056e-05, 4.12910812884e-05, 1.46496204252e-05, 5.36302877663e-06, 3.3372582493e-06, 2.9024399737e-06, 2.83773533738e-06, 2.65366975327e-06, 1.5617090412e-06, 2.60920796791e-06, 1.9368374069e-06, 1.39316921377e-06, 2.01164925784e-06, 1.74327692548e-06, 1.6961506617e-06, 2.37369181377e-06, 1.7765313487e-06, 2.02888259082e-06, 1.08237122731e-06, 1.35425182179e-06],
        "dmean2": [0.0114047350362, 0.00650643836707, 0.00195870362222, 0.000618464313447, 0.000608374131843, 0.000450373976491, 0.000232465477893, 0.000334566400852, 0.000160392111866, 6.61074518575e-05, 0.000117817318824, 0.000103288337414, 6.59824945615e-05, 4.09949025197e-05, 2.4034141461e-05, 3.59402401955e-05, 3.12450210913e-05, 6.193225272e-05, 3.76194075216e-05, 6.17753394181e-05, 0.000148144448758, 7.76526139816e-05, 2.67840532615e-05, 8.63715013111e-06, 5.5664768297e-06, 4.6457348617e-06, 4.65515267933e-06, 4.50904826721e-06, 2.60882757175e-06, 4.50509423899e-06, 3.11779353979e-06, 2.14294072975e-06, 3.45451917383e-06, 2.99066095977e-06, 2.96089319818e-06, 4.34964704255e-06, 3.18355273521e-06, 3.68951191376e-06, 1.74695162514e-06, 2.2967105906e-06],
        "dvar": [0.000286690279609, 0.000182519201189, 1.53817618411e-05, 1.29021475459e-06, 5.06006074374e-07, 5.3784060583e-07, 1.45029815712e-07, 2.8595366075e-07, 1.28381259401e-07, 1.71238241364e-08, 6.48025135774e-08, 7.34177874051e-08, 1.9731741574e-08, 7.74906716572e-09, 1.55440471605e-09, 3.07690783963e-09, 1.89031146292e-09, 1.04383266475e-08, 4.77098582863e-09, 1.23089840542e-08, 7.73751978045e-08, 1.98859915201e-08, 2.24301843765e-09, 2.50442000471e-10, 1.45812847907e-10, 7.80753864338e-11, 6.53457149502e-11, 8.86912418507e-11, 1.97844154254e-11, 5.84391979253e-11, 4.02722577508e-11, 1.49071033295e-11, 4.6554860661e-11, 2.82830269621e-11, 3.11119081886e-11, 6.91691842691e-11, 3.37027246389e-11, 4.47176358442e-11, 8.86823253721e-12, 1.71244008557e-11],
        "dvar2": [0.000702903838828, 0.000491702056024, 4.49524413852e-05, 3.74916567125e-06, 1.34982906275e-06, 1.41560951761e-06, 3.01096292787e-07, 5.20049582065e-07, 2.60867011548e-07, 3.4766468815e-08, 1.42958256788e-07, 2.10706161852e-07, 5.36240492011e-08, 1.87403781382e-08, 3.4393345949e-09, 7.12550285442e-09, 4.87770446256e-09, 2.90674879722e-08, 1.31625990107e-08, 3.37164465236e-08, 2.22226773872e-07, 5.68552245284e-08, 6.1973208787e-09, 5.9312577072e-10, 3.85699472361e-10, 1.99187902283e-10, 1.70195205151e-10, 2.44472220245e-10, 5.19984159897e-11, 1.53394019708e-10, 9.95996757291e-11, 3.38285822965e-11, 1.19308687929e-10, 7.18594281301e-11, 7.6908666935e-11, 1.87983392741e-10, 9.21098336493e-11, 1.23441978861e-10, 2.04634260925e-11, 4.29070390329e-11],
        "max": [0.14750598371, 0.111809648573, 0.0319840721786, 0.0106612471864, 0.00881855376065, 0.0156195973977, 0.00615247618407, 0.00744112487882, 0.00677041243762, 0.00279767019674, 0.00343412999064, 0.00303239258938, 0.00165778689552, 0.00144753430504, 0.000647852022666, 0.00103216036223, 0.000427786988439, 0.000719931849744, 0.000678470649291, 0.00108377239667, 0.00191942218225, 0.00116277602501, 0.000394775677705, 0.000148965147673, 0.000136376853334, 0.000121911449241, 0.00011329910194, 0.000126720406115, 4.49364561064e-05, 5.29942954017e-05, 7.32714834157e-05, 3.98461925215e-05, 7.83711584518e-05, 4.59347829747e-05, 5.69425828871e-05, 7.68260724726e-05, 4.851734775e-05, 4.81663482788e-05, 2.56203347817e-05, 4.46013109467e-05],
        "mean": [0.0087241474539, 0.00432745041326, 0.00101253634784, 0.000383286183933, 0.000548679032363, 0.000448261358542, 0.000191583647393, 0.000281592452666, 0.000132808665512, 5.89528026467e-05, 8.55956895975e-05, 5.72034878132e-05, 4.01853721996e-05, 3.29970207531e-05, 1.94072981685e-05, 2.16668140638e-05, 1.92972747755e-05, 2.38269367401e-05, 1.60663148563e-05, 2.48446322075e-05, 4.61951131001e-05, 2.5487082894e-05, 1.02035382952e-05, 4.61257923234e-06, 2.83640656562e-06, 2.88364458356e-06, 2.77569233731e-06, 2.33997729993e-06, 1.42220119415e-06, 2.05875790016e-06, 1.75662478341e-06, 1.34948606956e-06, 1.55965324211e-06, 1.37484198603e-06, 1.38731707011e-06, 1.70909595454e-06, 1.27489647639e-06, 1.36077392199e-06, 9.1880610853e-07, 1.05338733647e-06],
        "median": [0.00391742540523, 0.00152066710871, 0.000330012815539, 0.000185498021892, 0.000283027009573, 0.000184397751582, 6.49816138321e-05, 4.8113095545e-05, 2.63198890025e-05, 1.5438601622e-05, 1.58703387569e-05, 1.76127796294e-05, 1.09219236037e-05, 1.29189711515e-05, 7.87702992966e-06, 5.32047397428e-06, 4.09337417295e-06, 1.88742296814e-06, 1.54858662427e-06, 1.27032967612e-06, 9.38229334224e-07, 8.93372885002e-07, 5.64099934763e-07, 3.18849401992e-07, 2.12904822661e-07, 2.92558382853e-07, 4.92024753385e-07, 3.63696017303e-07, 1.76055905854e-07, 1.88952768099e-07, 1.55158872417e-07, 1.18508573621e-07, 6.4622476259e-08, 6.11454780142e-08, 5.44758549381e-08, 3.64982639667e-08, 5.1416542135e-08, 3.3741084593e-08, 3.37320180677e-08, 3.17001749295e-08],
        "min": [1.10986828685e-23, 1.03798972664e-23, 3.74316235021e-24, 9.63252097842e-24, 5.50697684263e-24, 2.0208210366e-23, 1.58247674843e-23, 1.07498280658e-23, 1.25203017276e-23, 1.12876710644e-23, 8.53628673236e-24, 1.21764546139e-23, 8.52659320956e-24, 6.11574080319e-24, 1.17999163155e-23, 2.90405763176e-23, 4.26987310149e-23, 1.65053461863e-23, 6.52997481996e-24, 1.23013596942e-23, 1.04268060912e-23, 8.97771436226e-24, 9.88156594392e-24, 1.40817177831e-23, 6.68648127368e-24, 4.77150880449e-24, 9.43128492808e-24, 7.72823441904e-24, 1.02964144833e-23, 1.11802416198e-23, 1.07123492842e-23, 1.03821707635e-23, 1.77430421253e-23, 1.28095896433e-23, 1.01563474964e-23, 7.24186853881e-24, 1.03346276944e-23, 8.98012117688e-24, 1.29374513743e-23, 1.25855042368e-23],
        "stdev": [0.0182794556022, 0.0120337745175, 0.00298015051521, 0.000891448406037, 0.000797898508608, 0.000828521908261, 0.00049146375386, 0.000665296742227, 0.000400026707212, 0.000180965202162, 0.000278204679489, 0.000219918350922, 0.000130257220007, 9.31546892389e-05, 4.66293604404e-05, 6.01789470238e-05, 4.47050915682e-05, 8.2460064732e-05, 5.60255793971e-05, 8.98786674952e-05, 0.000208867379115, 0.000107431900688, 3.79456323572e-05, 1.50541882249e-05, 1.03395914266e-05, 8.26902123663e-06, 7.44002181818e-06, 7.74209092924e-06, 3.84405029763e-06, 6.48649256618e-06, 5.77354694542e-06, 3.87284489989e-06, 5.96136442255e-06, 4.72631427328e-06, 5.08344737682e-06, 6.77733714838e-06, 4.72449755762e-06, 5.3329590628e-06, 2.96361417895e-06, 3.83593805964e-06],
        "var": [0.000334138487233, 0.000144811725477, 8.88129761734e-06, 7.94680261151e-07, 6.36642027985e-07, 6.86448572651e-07, 2.41536639578e-07, 4.42619750629e-07, 1.60021372153e-07, 3.27484031004e-08, 7.73978499069e-08, 4.83640825166e-08, 1.69669434058e-08, 8.67779625935e-09, 2.17429718674e-09, 3.6215055399e-09, 1.99854510718e-09, 6.79966172257e-09, 3.13886561187e-09, 8.07817457371e-09, 4.3625583146e-08, 1.15416129987e-08, 1.43987100021e-09, 2.26628577016e-10, 1.06907149799e-10, 6.83767140131e-11, 5.53539228343e-11, 5.99399696544e-11, 1.47767232478e-11, 4.20745868701e-11, 3.33338461e-11, 1.4998929182e-11, 3.55378677874e-11, 2.23380480779e-11, 2.58414383641e-11, 4.5932296161e-11, 2.23208760503e-11, 2.84404513828e-11, 8.78300904228e-12, 1.47144206541e-11]
    },
    "melbands128": {
