{
"lowlevel": {
    "average_loudness": 0.968991994858,
    "barkbands_crest": {
        "dmean": 2.51724791527,
        "dmean2": 3.9101433754,
        "dvar": 6.14058351517,
        "dvar2": 14.505947113,
        "max": 25.8370456696,
        "mean": 12.508852005,
        "median": 11.7959766388,
        "min": 3.20606422424,
        "stdev": 4.88802719116,
        "var": 23.8928089142
    },
    "barkbands_flatness_db": {
        "dmean": 0.0225462224334,
        "dmean2": 0.0327635556459,
        "dvar": 0.00054021255346,
        "dvar2": 0.00108742667362,
        "max": 0.386572808027,
        "mean": 0.145800098777,
        "median": 0.141917645931,
        "min": 0.0385824069381,
        "stdev": 0.0477044992149,
        "var": 0.00227571907453
    },
    "barkbands_kurtosis": {
        "dmean": 4.83243179321,
        "dmean2": 7.57977867126,
        "dvar": 195.015304565,
        "dvar2": 501.76675415,
        "max": 222.133468628,
        "mean": 5.97072219849,
        "median": 1.67588186264,
        "min": -1.93038570881,
        "stdev": 16.5260696411,
        "var": 273.110992432
    },
    "barkbands_skewness": {
        "dmean": 0.649028420448,
        "dmean2": 0.941746771336,
        "dvar": 0.801258862019,
        "dvar2": 1.73454558849,
        "max": 13.5236816406,
        "mean": 1.69429075718,
        "median": 1.41806602478,
        "min": -2.58647227287,
        "stdev": 1.61926710606,
        "var": 2.62202596664
    },
    "barkbands_spread": {
        "dmean": 7.10421705246,
        "dmean2": 10.4451131821,
        "dvar": 105.545722961,
        "dvar2": 211.681442261,
        "max": 129.24230957,
        "mean": 24.0906848907,
        "median": 20.3459606171,
        "min": 0.47047200799,
        "stdev": 16.5718860626,
        "var": 274.627380371
    },
    "dissonance": {
        "dmean": 0.0246390942484,
        "dmean2": 0.0404625870287,
        "dvar": 0.00070689158747,
        "dvar2": 0.00175150251016,
        "max": 0.499932438135,
        "mean": 0.442571908236,
        "median": 0.450550407171,
        "min": 0.0989822223783,
        "stdev": 0.0399088859558,
        "var": 0.00159271911252
    },
    "dynamic_complexity": 2.11768579483,
    "erbbands_crest": {
        "dmean": 2.65371441841,
        "dmean2": 4.21191167831,
        "dvar": 6.74927902222,
        "dvar2": 16.2712173462,
        "max": 26.7594795227,
        "mean": 11.0646677017,
        "median": 10.312664032,
        "min": 2.59303498268,
        "stdev": 5.07644701004,
        "var": 25.7703132629
    },
    "erbbands_flatness_db": {
        "dmean": 0.0178972613066,
        "dmean2": 0.0254608672112,
        "dvar": 0.000357440265361,
        "dvar2": 0.000743153796066,
        "max": 0.342094123363,
        "mean": 0.164418905973,
        "median": 0.166969552636,
        "min": 0.0350844934583,
        "stdev": 0.0463933721185,
        "var": 0.00215234491043
    },
    "erbbands_kurtosis": {
        "dmean": 1.09029126167,
        "dmean2": 1.69593405724,
        "dvar": 2.79506134987,
        "dvar2": 6.93815422058,
        "max": 23.9762439728,
        "mean": 0.762716531754,
        "median": 0.260578393936,
        "min": -1.69942426682,
        "stdev": 2.15715742111,
        "var": 4.65332841873
    },
    "erbbands_skewness": {
        "dmean": 0.391558200121,
        "dmean2": 0.578313350677,
        "dvar": 0.203596904874,
        "dvar2": 0.420315802097,
        "max": 4.54005670547,
        "mean": 0.617205321789,
        "median": 0.676608622074,
        "min": -3.22999978065,
        "stdev": 0.874011695385,
        "var": 0.763896465302
    },
    "erbbands_spread": {
        "dmean": 10.3224382401,
        "dmean2": 15.3727989197,
        "dvar": 193.390792847,
        "dvar2": 430.594207764,
        "max": 163.940734863,
        "mean": 41.6725234985,
        "median": 34.1667442322,
        "min": 6.3032412529,
        "stdev": 24.1956348419,
        "var": 585.428771973
    },
    "hfc": {
        "dmean": 9.55959701538,
        "dmean2": 13.4276695251,
        "dvar": 209.549194336,
        "dvar2": 411.19519043,
        "max": 202.301300049,
        "mean": 34.3570785522,
        "median": 32.7330741882,
        "min": 1.14829424393e-16,
        "stdev": 25.4005813599,
        "var": 645.18951416
    },
    "loudness_ebu128": {
        "integrated": -9.80172920227,
        "loudness_range": 2.06708431244,
        "momentary": {
            "dmean": 0.563431978226,
            "dmean2": 0.583595871925,
            "dvar": 0.361180990934,
            "dvar2": 0.493591159582,
            "max": -7.32710456848,
            "mean": -10.0807952881,
            "median": -9.78437805176,
            "min": -17.2010707855,
            "stdev": 1.69262838364,
            "var": 2.86499071121
        },
        "short_term": {
            "dmean": 0.0743315219879,
            "dmean2": 0.059585314244,
            "dvar": 0.00282315467484,
            "dvar2": 0.00301350024529,
            "max": -8.59084129333,
            "mean": -9.84719276428,
            "median": -9.7701625824,
            "min": -11.4060955048,
            "stdev": 0.67480379343,
            "var": 0.455360144377
        }
    },
    "melbands_crest": {
        "dmean": 3.14721727371,
        "dmean2": 4.8992061615,
        "dvar": 8.73558807373,
        "dvar2": 19.6400585175,
        "max": 35.9226379395,
        "mean": 16.3341121674,
        "median": 15.6521606445,
        "min": 2.30959963799,
        "stdev": 6.48590993881,
        "var": 42.0670280457
    },
    "melbands_flatness_db": {
        "dmean": 0.0268372241408,
        "dmean2": 0.0372513495386,
        "dvar": 0.00081586552551,
        "dvar2": 0.00153451715596,
        "max": 0.51441514492,
        "mean": 0.19543325901,
        "median": 0.187675639987,
        "min": 0.00840023253113,
        "stdev": 0.0672825276852,
        "var": 0.00452693831176
    },
    "melbands_kurtosis": {
        "dmean": 10.8747215271,
        "dmean2": 16.9921722412,
        "dvar": 752.755493164,
        "dvar2": 1737.60571289,
        "max": 482.387786865,
        "mean": 20.0465240479,
        "median": 7.97470569611,
        "min": -1.8261153698,
        "stdev": 42.5798873901,
        "var": 1813.04675293
    },
    "melbands_skewness": {
        "dmean": 0.811069369316,
        "dmean2": 1.19834506512,
        "dvar": 1.25198662281,
        "dvar2": 2.4718875885,
        "max": 17.4540519714,
        "mean": 2.93546509743,
        "median": 2.32226777077,
        "min": -0.376444786787,
        "stdev": 2.37683486938,
        "var": 5.64934444427
    },
    "melbands_spread": {
        "dmean": 8.18308448792,
        "dmean2": 11.8181848526,
        "dvar": 235.880386353,
        "dvar2": 446.093292236,
        "max": 231.887496948,
        "mean": 26.131690979,
        "median": 20.5701694489,
        "min": 0.553812623024,
        "stdev": 25.9174861908,
        "var": 671.716125488
    },
    "pitch_salience": {
        "dmean": 0.0661646276712,
        "dmean2": 0.103477723897,
        "dvar": 0.00478037819266,
        "dvar2": 0.0109641524032,
        "max": 0.954711735249,
        "mean": 0.513443231583,
        "median": 0.520111083984,
        "min": 0.118060879409,
        "stdev": 0.139515474439,
        "var": 0.0194645673037
    },
    "silence_rate_20dB": {
        "dmean": 0,
        "dmean2": 0,
        "dvar": 0,
        "dvar2": 0,
        "max": 1,
        "mean": 1,
        "median": 1,
        "min": 1,
        "stdev": 0,
        "var": 0
    },
    "silence_rate_30dB": {
        "dmean": 0.0185758508742,
        "dmean2": 0.0371804796159,
        "dvar": 0.018230939284,
        "dvar2": 0.0388956703246,
        "max": 1,
        "mean": 0.979891717434,
        "median": 1,
        "min": 0,
        "stdev": 0.140370756388,
        "var": 0.0197039488703
    },
    "silence_rate_60dB": {
        "dmean": 0.0147058824077,
        "dmean2": 0.0294345468283,
        "dvar": 0.0144896311685,
        "dvar2": 0.0316661559045,
        "max": 1,
        "mean": 0.0239752512425,
        "median": 0,
        "min": 0,
        "stdev": 0.152971073985,
        "var": 0.0234001502395
    },
    "spectral_centroid": {
        "dmean": 281.388244629,
        "dmean2": 386.179321289,
        "dvar": 191171.734375,
        "dvar2": 289467.875,
        "max": 10665.3476562,
        "mean": 1417.50634766,
        "median": 1353.09863281,
        "min": 151.465911865,
        "stdev": 748.416442871,
        "var": 560127.1875
    },
    "spectral_complexity": {
        "dmean": 3.00696587563,
        "dmean2": 4.49573993683,
        "dvar": 10.11997509,
        "dvar2": 19.4118404388,
        "max": 51,
        "mean": 17.7687549591,
        "median": 18,
        "min": 0,
        "stdev": 7.49331903458,
        "var": 56.1498336792
    },
    "spectral_decrease": {
        "dmean": 2.57361421063e-09,
        "dmean2": 3.89126597611e-09,
        "dvar": 2.03029429943e-17,
        "dvar2": 3.95383597773e-17,
        "max": -7.77541552899e-29,
        "mean": -9.31943233695e-09,
        "median": -8.47300452023e-09,
        "min": -5.77640832944e-08,
        "stdev": 6.95978297216e-09,
        "var": 4.84385783229e-17
    },
    "spectral_energy": {
        "dmean": 0.0101270405576,
        "dmean2": 0.0153258871287,
        "dvar": 0.000296079553664,
        "dvar2": 0.000580390973482,
        "max": 0.221077218652,
        "mean": 0.0382899828255,
        "median": 0.0353464521468,
        "min": 1.07088328831e-20,
        "stdev": 0.026692757383,
        "var": 0.000712503271643
    },
    "spectral_energyband_high": {
        "dmean": 0.000843112939037,
        "dmean2": 0.00115265848581,
        "dvar": 2.36660230257e-06,
        "dvar2": 4.19628031523e-06,
        "max": 0.0220594741404,
        "mean": 0.00206298776902,
        "median": 0.00125479139388,
        "min": 7.61352949327e-21,
        "stdev": 0.00278056412935,
        "var": 7.73153715272e-06
    },
    "spectral_energyband_low": {
        "dmean": 0.00580044137314,
        "dmean2": 0.00919861719012,
        "dvar": 0.000302401895169,
        "dvar2": 0.000637301884126,
        "max": 0.202615350485,
        "mean": 0.0133659215644,
        "median": 0.000655325595289,
        "min": 5.47174939116e-23,
        "stdev": 0.0248590260744,
        "var": 0.000617971178144
    },
    "spectral_energyband_middle_high": {
        "dmean": 0.00194676744286,
        "dmean2": 0.00271785166115,
        "dvar": 6.72177384331e-06,
        "dvar2": 1.44417845149e-05,
        "max": 0.0396596416831,
        "mean": 0.00688499072567,
        "median": 0.00441468087956,
        "min": 1.4971582356e-21,
        "stdev": 0.00683903926983,
        "var": 4.67724603368e-05
    },
    "spectral_energyband_middle_low": {
        "dmean": 0.00545698823407,
        "dmean2": 0.00872438028455,
        "dvar": 7.65136283007e-05,
        "dvar2": 0.00020255704294,
        "max": 0.0883341804147,
        "mean": 0.0165134835988,
        "median": 0.0145762432367,
        "min": 4.42405464013e-22,
        "stdev": 0.0122186085209,
        "var": 0.000149294384755
    },
    "spectral_entropy": {
        "dmean": 0.216799288988,
        "dmean2": 0.302156865597,
        "dvar": 0.0619428902864,
        "dvar2": 0.118612617254,
        "max": 9.81055355072,
        "mean": 7.54890966415,
        "median": 7.49699544907,
        "min": 6.09259939194,
        "stdev": 0.495459616184,
        "var": 0.245480239391
    },
    "spectral_flux": {
        "dmean": 0.0270454064012,
        "dmean2": 0.0401669926941,
        "dvar": 0.00111385830678,
        "dvar2": 0.00193498819135,
        "max": 0.450644552708,
        "mean": 0.0897657573223,
        "median": 0.0799641311169,
        "min": 1.03483492608e-10,
        "stdev": 0.0533844791353,
        "var": 0.00284990272485
    },
    "spectral_kurtosis": {
        "dmean": 1.51154565811,
        "dmean2": 2.40838623047,
        "dvar": 5.22926092148,
        "dvar2": 13.9892597198,
        "max": 39.5733299255,
        "mean": 3.29253172874,
        "median": 2.65348100662,
        "min": -1.58407449722,
        "stdev": 3.07594108582,
        "var": 9.46141338348
    },
    "spectral_rms": {
        "dmean": 0.000777658133302,
        "dmean2": 0.00115228479262,
        "dvar": 1.04418541014e-06,
        "dvar2": 1.92209427041e-06,
        "max": 0.0146862212569,
        "mean": 0.00575380772352,
        "median": 0.00587233714759,
        "min": 3.23228119617e-12,
        "stdev": 0.00206149811856,
        "var": 4.24977451985e-06
    },
    "spectral_rolloff": {
        "dmean": 740.612060547,
        "dmean2": 1200.17163086,
        "dvar": 2922805,
        "dvar2": 5713293,
        "max": 18733.8867188,
        "mean": 1986.33117676,
        "median": 1335.05859375,
        "min": 64.599609375,
        "stdev": 2473.09179688,
        "var": 6116183.5
    },
    "spectral_skewness": {
        "dmean": 0.256300419569,
        "dmean2": 0.381511271,
        "dvar": 0.090097270906,
        "dvar2": 0.205525577068,
        "max": 4.00352859497,
        "mean": 1.42438042164,
        "median": 1.38675141335,
        "min": -0.0131973670796,
        "stdev": 0.512077271938,
        "var": 0.262223154306
    },
    "spectral_spread": {
        "dmean": 857077,
        "dmean2": 1220191.625,
        "dvar": 2.56244921139e+12,
        "dvar2": 4.80804706714e+12,
        "max": 38834644,
        "mean": 5924380.5,
        "median": 5365874.5,
        "min": 1294036.75,
        "stdev": 2672542.5,
        "var": 7.14248395162e+12
    },
    "spectral_strongpeak": {
        "dmean": 0.597802102566,
        "dmean2": 0.999915659428,
        "dvar": 0.770257174969,
        "dvar2": 1.80181586742,
        "max": 7.67318725586,
        "mean": 1.63374578953,
        "median": 0.963203072548,
        "min": 2.65041455449e-09,
        "stdev": 1.56918764114,
        "var": 2.46234989166
    },
    "zerocrossingrate": {
        "dmean": 0.0167020913213,
        "dmean2": 0.0180792659521,
        "dvar": 0.000813893333543,
        "dvar2": 0.000847241026349,
        "max": 0.4912109375,
        "mean": 0.0742704868317,
        "median": 0.06005859375,
        "min": 0.0029296875,
        "stdev": 0.0593916215003,
        "var": 0.00352736469358
    },
    "barkbands": {
        "dmean": [0.000519687135238, 0.0047537330538, 0.00173259340227, 0.000850577838719, 0.00123152963351, 0.0014781402424, 0.000790562073234, 0.00184299272951, 0.00163564668037, 0.000484105374198, 0.000444726960268, 0.000550034688786, 0.000745603640098, 0.000427932100138, 0.000277626677416, 0.000240126508288, 0.000136425936944, 0.000166822690517, 0.000119328324217, 0.000156378402608, 0.00014283125347, 0.00021927455964, 0.00022206552967, 0.000144798133988, 0.000156190289999, 9.95352020254e-05, 5.70179918213e-06],
        "dmean2": [0.000803743198048, 0.00792097952217, 0.00323385675438, 0.00152963714208, 0.00195226888172, 0.00235774111934, 0.0012933711987, 0.00283753569238, 0.00244727195241, 0.00072683324106, 0.000650287372991, 0.000812841230072, 0.0010998332873, 0.000687732594088, 0.000437753740698, 0.000372119364329, 0.000204669864615, 0.000258671614574, 0.000179232752998, 0.000221974143642, 0.000206856857403, 0.000319577055052, 0.000327065587044, 0.000201391332666, 0.000243659131229, 0.000146479549585, 8.61469743541e-06],
        "dvar": [1.78763332315e-06, 0.000197170040337, 0.000107969419332, 1.01957339211e-05, 6.00966995989e-06, 9.86386839941e-06, 7.78090452513e-06, 1.64023149409e-05, 1.219576734e-05, 1.96829432753e-06, 1.11292013116e-06, 1.52025268108e-06, 2.72526449407e-06, 4.55427510815e-07, 2.60770349314e-07, 2.41813893354e-07, 7.47469144358e-08, 8.89540601179e-08, 4.7553292859e-08, 5.63791253683e-08, 5.6330513587e-08, 1.23289609633e-07, 1.97208066766e-07, 1.45321749301e-07, 2.97671164162e-07, 1.02335917518e-07, 4.87430151797e-10],
        "dvar2": [4.39563928012e-06, 0.000469694670755, 0.000314504693961, 2.96420312225e-05, 1.62400046975e-05, 2.37606527662e-05, 1.93571177078e-05, 3.61015772796e-05, 2.58635045611e-05, 4.664737844e-06, 2.10150483326e-06, 2.67969926426e-06, 5.93736058363e-06, 1.09541826987e-06, 6.12336748418e-07, 5.67598419821e-07, 1.6010960735e-07, 2.02345447065e-07, 1.14330163115e-07, 1.03463150936e-07, 1.06063509975e-07, 2.39344132069e-07, 3.9311126443e-07, 2.48004425885e-07, 5.78208073421e-07, 1.89420148899e-07, 9.89960668996e-10],
        "max": [0.0178880058229, 0.176434412599, 0.138509750366, 0.0446222014725, 0.0297626964748, 0.0429361537099, 0.0387491285801, 0.0526714548469, 0.0406934171915, 0.0321426466107, 0.0212668646127, 0.0283037796617, 0.0352286882699, 0.00906573794782, 0.00722258724272, 0.00999709498137, 0.00389500730671, 0.00567072723061, 0.00407648738474, 0.00322589580901, 0.00413066567853, 0.00703123724088, 0.00666117249057, 0.00618308968842, 0.00867062993348, 0.00505805434659, 0.000401235447498],
        "mean": [0.000816856510937, 0.0108018694445, 0.00140330416616, 0.000996879651211, 0.00270352978259, 0.00298388442025, 0.00128581235185, 0.00405422179028, 0.00400165561587, 0.000940187601373, 0.000852365163155, 0.00117966998369, 0.00148666743189, 0.000704532198142, 0.000557045161258, 0.000476292596431, 0.000273779616691, 0.000309852621285, 0.000258088810369, 0.000338315585395, 0.000305082008708, 0.000479508569697, 0.000430182903074, 0.000256021594396, 0.000238403095864, 0.000149630679516, 6.3287257035e-06],
        "median": [9.4048155006e-06, 3.37271267199e-05, 0.000193903309992, 0.000577321217861, 0.00207404303364, 0.00107763428241, 0.000324620283209, 0.00082384434063, 0.000441705808043, 0.000178820133442, 0.000173249020008, 0.000267649505986, 0.000313032476697, 0.00026839171187, 0.000186836783541, 0.000157869464601, 7.60131370043e-05, 0.000147540165926, 0.000123709192849, 0.000207410717849, 0.000185195283848, 0.000249571865425, 0.000146703634528, 7.82896968303e-05, 4.27560335083e-05, 2.91160267807e-05, 5.39797497368e-07],
        "min": [1.11973769408e-22, 1.43520099282e-23, 3.52491293673e-24, 1.80013719836e-24, 1.0900285613e-22, 2.78400625485e-23, 1.08850877344e-22, 4.70582288126e-23, 5.65873277598e-23, 1.2964499837e-22, 6.22510776911e-23, 3.44867521004e-23, 1.36365070918e-22, 1.01391212986e-22, 1.14678161296e-22, 6.07654380364e-23, 2.31785383091e-22, 3.22448346513e-22, 2.03105025907e-22, 3.12695450883e-22, 3.82293480485e-22, 5.56017842671e-22, 6.67842271244e-22, 1.0781902456e-21, 1.32783723188e-21, 1.54932705877e-21, 2.21015450117e-21],
        "stdev": [0.00161090388428, 0.0197399053723, 0.00795619282871, 0.00245384243317, 0.0030295974575, 0.0052304007113, 0.00403759302571, 0.00721197994426, 0.00761118158698, 0.00294580543414, 0.00200519128703, 0.00277633988298, 0.00287710456178, 0.0010277206311, 0.00089124974329, 0.000866012996994, 0.000470748753287, 0.000447849626653, 0.000380326877348, 0.000410416454542, 0.000398855336243, 0.000655294628814, 0.000776751665398, 0.000591257528868, 0.00072626338806, 0.000434234214481, 2.79824889731e-05],
        "var": [2.59501121036e-06, 0.000389663880924, 6.33010058664e-05, 6.02134286964e-06, 9.17846136872e-06, 2.73570913123e-05, 1.63021559274e-05, 5.20126523043e-05, 5.79300867685e-05, 8.67776907398e-06, 4.02079194828e-06, 7.70806309447e-06, 8.27773055789e-06, 1.05620961222e-06, 7.94326126652e-07, 7.49978539716e-07, 2.21604381068e-07, 2.00569289177e-07, 1.4464852427e-07, 1.68441673054e-07, 1.5908558737e-07, 4.2941107381e-07, 6.03343153216e-07, 3.49585491222e-07, 5.27458496435e-07, 1.88559354797e-07, 7.8301964912e-10]
    },
    "erbbands": {
        "dmean": [0.200991988182, 0.929781615734, 1.81449067593, 2.54603481293, 2.63346505165, 4.39902162552, 12.1689310074, 11.1691408157, 6.58057785034, 21.0369510651, 45.3928146362, 40.9307746887, 19.7775363922, 12.7213201523, 17.9420204163, 23.5849475861, 30.8257598877, 21.0181236267, 14.2775201797, 17.68816185, 10.4683980942, 5.7485833168, 8.69828033447, 6.87146568298, 5.21550416946, 7.6740694046, 5.92129278183, 5.45931816101, 6.90644407272, 8.29194450378, 5.97738981247, 3.3604581356, 2.31258773804, 1.58059942722, 1.27826046944, 0.525492370129, 0.185257330537, 0.0249973777682, 0.000698356656358, 2.82708479062e-05],
        "dmean2": [0.323760092258, 1.5857886076, 3.29026484489, 4.61440038681, 4.35669898987, 6.98048973083, 19.1375923157, 17.5774497986, 11.0061664581, 32.5761146545, 69.3648452759, 59.5051612854, 28.9176864624, 18.4954071045, 25.7598495483, 33.8938369751, 44.8113250732, 31.602355957, 21.8020801544, 27.2496128082, 15.8508558273, 8.81585502625, 13.3583669662, 9.93144130707, 7.62920713425, 10.7870998383, 8.3291311264, 7.85368728638, 10.0421266556, 11.8415384293, 8.827252388, 4.5109796524, 3.33288598061, 2.37498641014, 1.99746787548, 0.792477607727, 0.266226261854, 0.0347550027072, 0.000981713179499, 4.07914158131e-05],
        "dvar": [0.239638403058, 11.4697818756, 100.354057312, 170.973419189, 29.5935440063, 76.6987228394, 623.019714355, 652.831054688, 514.758972168, 3269.85961914, 8273.74804688, 7601.2578125, 4121.37207031, 446.891113281, 1376.72021484, 2430.05541992, 6129.14208984, 1166.56567383, 617.214660645, 1101.8338623, 356.023895264, 125.25328064, 267.572601318, 105.170135498, 107.9061203, 160.804931641, 132.636489868, 82.2068099976, 134.564285278, 213.418777466, 165.836074829, 69.9016647339, 50.7913742065, 23.3385047913, 25.0871219635, 3.51687479019, 0.3160417974, 0.00775030208752, 6.22833067609e-06, 4.28774926675e-09],
        "dvar2": [0.57787913084, 28.9019050598, 282.453491211, 494.056365967, 83.8500137329, 203.14604187, 1557.03100586, 1531.32470703, 1413.46459961, 7261.640625, 18510.2578125, 15796.2412109, 9670.328125, 938.167419434, 2640.46508789, 4608.73046875, 13728.9589844, 2496.66577148, 1434.88366699, 2611.28222656, 781.17590332, 293.151885986, 637.388061523, 224.563323975, 231.003005981, 291.838378906, 235.956954956, 163.211257935, 278.198822021, 392.057891846, 316.011535645, 110.87625885, 100.579750061, 48.7782707214, 47.8176269531, 6.85099077225, 0.598659753799, 0.0119180632755, 1.068489928e-05, 7.36455429973e-09],
        "max": [6.30579328537, 41.2446861267, 128.730239868, 165.197006226, 60.5346374512, 112.254508972, 318.100708008, 431.277435303, 352.110595703, 932.144836426, 1498.30163574, 1158.23474121, 1312.15893555, 248.17427063, 706.767150879, 812.202575684, 1697.8112793, 529.922424316, 370.511047363, 432.543334961, 402.176300049, 149.901031494, 248.76940918, 123.052345276, 283.825378418, 227.139724731, 207.918014526, 201.291107178, 207.134475708, 287.444732666, 230.843765259, 170.419723511, 154.454147339, 68.2143936157, 88.860206604, 32.5153007507, 9.46013355255, 2.28275156021, 0.057248160243, 0.00132906832732],
        "mean": [0.43122535944, 1.94664061069, 1.77923989296, 2.59001660347, 5.16047000885, 8.90114116669, 24.5828876495, 21.0691261292, 9.93270969391, 44.2137680054, 102.760284424, 100.089614868, 47.8000411987, 26.2100467682, 38.9104919434, 51.5727043152, 66.0406341553, 41.7711677551, 26.2671985626, 36.9892578125, 25.0194530487, 12.9627904892, 16.7307491302, 15.8086843491, 11.5279331207, 16.7123165131, 12.2869186401, 13.5145998001, 15.7584199905, 17.9405250549, 11.2236089706, 6.37086105347, 3.74653983116, 2.40451979637, 1.85011446476, 0.766386210918, 0.269053131342, 0.0343133509159, 0.00093373679556, 7.67188685131e-05],
        "median": [0.00133662275039, 0.0124242212623, 0.187227874994, 1.11481750011, 3.9651901722, 6.19548988342, 11.6168651581, 7.19560956955, 4.43706512451, 13.0025520325, 35.2138900757, 19.1278152466, 9.50166130066, 11.0349187851, 12.3191509247, 16.286277771, 16.9502887726, 17.2243423462, 12.4117240906, 12.3927307129, 8.2977848053, 4.52920341492, 7.84238481522, 8.94021034241, 6.4277510643, 10.2524738312, 6.36394643784, 7.09124517441, 7.56546020508, 7.33618497849, 3.62771821022, 1.97265815735, 1.0052062273, 0.486647546291, 0.279857367277, 0.145665735006, 0.0509736984968, 0.00492099998519, 0.000148753169924, 5.72858371015e-05],
        "min": [6.85289854983e-22, 3.19982521309e-21, 5.77012155138e-21, 5.53658762338e-21, 5.01513692342e-20, 5.58417585717e-19, 3.19054858447e-19, 2.79939503532e-19, 1.29018627503e-18, 1.41185120485e-18, 8.40625606229e-19, 1.51916672239e-18, 4.9676753549e-18, 1.41343422175e-18, 2.88396892798e-18, 1.61587623352e-18, 6.9899309477e-18, 4.83663381585e-18, 3.77069827283e-18, 7.65421901813e-18, 4.23553283164e-18, 1.14980570143e-17, 1.37138811423e-17, 1.51151077291e-17, 1.23964347165e-17, 1.28892523819e-17, 1.82414666328e-17, 1.6806290072e-17, 1.73661259106e-17, 2.30645086304e-17, 1.60363255424e-17, 2.20087598166e-17, 1.75642952243e-17, 1.55230136502e-17, 9.06274960981e-18, 6.77039804031e-18, 2.29662788647e-18, 1.16344803972e-18, 2.97010340026e-19, 3.29162986145e-20],
        "stdev": [0.730894744396, 4.11441135406, 8.06654262543, 10.0664701462, 5.66757249832, 10.569065094, 37.6483573914, 42.5616531372, 23.0622119904, 103.459663391, 159.128234863, 186.209365845, 143.259521484, 37.458442688, 78.4876556396, 97.4354629517, 133.955001831, 63.5201416016, 36.7841300964, 56.936542511, 42.5914039612, 19.2511444092, 24.967130661, 19.0885391235, 17.7712974548, 21.2413463593, 19.2745056152, 16.6728248596, 21.2382640839, 28.7882709503, 21.805229187, 14.6494646072, 9.55707645416, 6.36991262436, 6.56155920029, 2.43510937691, 0.76306450367, 0.133373230696, 0.00360678276047, 0.000101480662124],
        "var": [0.534207165241, 16.9283809662, 65.0691070557, 101.333816528, 32.1213760376, 111.70514679, 1417.39880371, 1811.49438477, 531.865600586, 10703.9013672, 25321.7949219, 34673.9257812, 20523.2890625, 1403.13500977, 6160.31201172, 9493.66992188, 17943.9414062, 4034.80859375, 1353.07226562, 3241.77001953, 1814.02758789, 370.606567383, 623.35760498, 364.372344971, 315.819030762, 451.194793701, 371.506561279, 277.983062744, 451.063842773, 828.764587402, 475.468048096, 214.606826782, 91.3377075195, 40.5757865906, 43.054058075, 5.9297580719, 0.582267463207, 0.0177884195, 1.30088819787e-05, 1.02983248595e-08]
    },
    "gfcc": {
        "mean": [21.7256069183, 61.4090957642, -119.445678711, 15.9771957397, -77.3565826416, 12.4785652161, -42.6858711243, 0.618896603584, -26.2506942749, 6.59095621109, -23.6602077484, 0.739579617977, -18.030172348],
        "cov": [[4453.44628906, -495.895080566, -163.139709473, 533.501037598, -111.287612915, 327.261688232, 189.523590088, 290.072692871, 66.6040267944, 161.033340454, -27.725982666, 105.050300598, -46.3372306824], [-495.895080566, 1924.12963867, -170.430709839, 173.094970703, 671.639099121, 197.448822021, 429.886383057, 41.2617225647, 212.967269897, 30.5502243042, 285.187561035, 46.981010437, 123.249252319], [-163.139709473, -170.430709839, 1450.61755371, 342.917297363, 268.399200439, 329.375701904, -31.0215034485, 185.431518555, 40.7788352966, 157.663330078, 132.70552063, 137.525421143, 17.2073783875], [533.501037598, 173.094970703, 342.917297363, 539.207824707, 295.321685791, 261.981842041, 209.930221558, 177.738601685, 157.814147949, 94.8504562378, 142.493713379, 79.8600463867, 65.1177062988], [-111.287612915, 671.639099121, 268.399200439, 295.321685791, 697.925720215, 357.40524292, 311.383300781, 245.527832031, 161.066177368, 99.0495834351, 212.395996094, 111.158607483, 127.155693054], [327.261688232, 197.448822021, 329.375701904, 261.981842041, 357.40524292, 533.456054688, 335.751037598, 210.0259552, 111.43460083, 132.384597778, 214.965682983, 90.2208175659, 37.0562553406], [189.523590088, 429.886383057, -31.0215034485, 209.930221558, 311.383300781, 335.751037598, 495.488037109, 172.538085938, 112.188713074, 90.9359512329, 193.004821777, 69.2060317993, 29.6032352448], [290.072692871, 41.2617225647, 185.431518555, 177.738601685, 245.527832031, 210.0259552, 172.538085938, 276.86138916, 117.902366638, 69.2992324829, 96.6041107178, 65.6767578125, 41.0801696777], [66.6040267944, 212.967269897, 40.7788352966, 157.814147949, 161.066177368, 111.43460083, 112.188713074, 117.902366638, 193.839355469, 54.1574821472, 67.559715271, 24.9934005737, 31.0429210663], [161.033340454, 30.5502243042, 157.663330078, 94.8504562378, 99.0495834351, 132.384597778, 90.9359512329, 69.2992324829, 54.1574821472, 133.765518188, 78.9664230347, 30.8970279694, 4.55409240723], [-27.725982666, 285.187561035, 132.70552063, 142.493713379, 212.395996094, 214.965682983, 193.004821777, 96.6041107178, 67.559715271, 78.9664230347, 208.291549683, 79.8448104858, 30.9541778564], [105.050300598, 46.981010437, 137.525421143, 79.8600463867, 111.158607483, 90.2208175659, 69.2060317993, 65.6767578125, 24.9934005737, 30.8970279694, 79.8448104858, 130.934585571, 42.1295394897], [-46.3372306824, 123.249252319, 17.2073783875, 65.1177062988, 127.155693054, 37.0562553406, 29.6032352448, 41.0801696777, 31.0429210663, 4.55409240723, 30.9541778564, 42.1295394897, 108.542060852]],
        "icov": [[0.000459180388134, -0.000202131283004, 0.000412119814428, -0.000814439321402, 0.000573753844947, -0.000635781616438, 0.000395973824197, -0.000808401149698, 0.000682402984239, -0.000771409017034, 0.00102322618477, -0.000801170128398, 0.000448051723652], [-0.000202131283004, 0.00159992859699, -0.000218031942495, 0.000751981046051, -0.00189201848116, 0.00121760356706, -0.00115387840196, 0.00202517886646, -0.00162989227101, 0.00117280159611, -0.00209048832767, 0.0011601356091, -0.000407748389989], [0.000412119814428, -0.000218031942495, 0.00167193147354, -0.00142642855644, 0.000242593203438, -0.00137474213261, 0.00165377929807, -0.00113353715278, 0.00132530624978, -0.00157976418268, 0.00103254639544, -0.00159522343893, 0.0011892785551], [-0.000814439321402, 0.000751981046051, -0.00142642855644, 0.00497793219984, -0.00152214965783, 0.00118130072951, -0.00171871506609, 0.00175408471841, -0.0033119188156, 0.00163139135111, -0.00243595428765, 0.00168265926186, -0.00185673765372], [0.000573753844947, -0.00189201848116, 0.000242593203438, -0.00152214965783, 0.00599500071257, -0.00239134812728, 0.000762498064432, -0.00379929901101, 0.0016034655273, -0.00142055551987, 0.00185932312161, -0.00148878002074, -0.0020600236021], [-0.000635781616438, 0.00121760356706, -0.00137474213261, 0.00118130072951, -0.00239134812728, 0.00691312132403, -0.00335432821885, 0.00112285895739, -0.00136714067776, 0.000506413227413, -0.00431344658136, 0.00219465745613, -0.000465561810415], [0.000395973824197, -0.00115387840196, 0.00165377929807, -0.00171871506609, 0.000762498064432, -0.00335432821885, 0.0063727227971, -0.00261016143486, 0.00167917867657, -0.00162958540022, 0.000160452415003, -0.00164224824402, 0.00192971504293], [-0.000808401149698, 0.00202517886646, -0.00113353715278, 0.00175408471841, -0.00379929901101, 0.00112285895739, -0.00261016143486, 0.0103562353179, -0.00511983921751, 0.0019808432553, -0.00232625380158, 0.000919891288504, -0.000969985674601], [0.000682402984239, -0.00162989227101, 0.00132530624978, -0.0033119188156, 0.0016034655273, -0.00136714067776, 0.00167917867657, -0.00511983921751, 0.0109037486836, -0.00364703941159, 0.0024738307111, -0.0010334008839, 0.00071709806798], [-0.000771409017034, 0.00117280159611, -0.00157976418268, 0.00163139135111, -0.00142055551987, 0.000506413227413, -0.00162958540022, 0.0019808432553, -0.00364703941159, 0.0134129356593, -0.00503885373473, 0.00224109715782, -0.000155874935444], [0.00102322618477, -0.00209048832767, 0.00103254639544, -0.00243595428765, 0.00185932312161, -0.00431344658136, 0.000160452415003, -0.00232625380158, 0.0024738307111, -0.00503885373473, 0.0156670305878, -0.00662517454475, 0.00184682803228], [-0.000801170128398, 0.0011601356091, -0.00159522343893, 0.00168265926186, -0.00148878002074, 0.00219465745613, -0.00164224824402, 0.000919891288504, -0.0010334008839, 0.00224109715782, -0.00662517454475, 0.0138637404889, -0.0046115401201], [0.000448051723652, -0.000407748389989, 0.0011892785551, -0.00185673765372, -0.0020600236021, -0.000465561810415, 0.00192971504293, -0.000969985674601, 0.00071709806798, -0.000155874935444, 0.00184682803228, -0.0046115401201, 0.0142704071477]]
    },
    "melbands": {
        "dmean": [0.00149260065518, 0.000928917259444, 0.000432501576142, 0.000208505021874, 0.000377221731469, 0.000248352938797, 0.00011803497182, 0.000259096035734, 0.000379372941097, 0.000235988147324, 9.43219347391e-05, 5.11597536388e-05, 6.79040604155e-05, 6.72993555781e-05, 6.53251918266e-05, 6.80422526784e-05, 3.8764297642e-05, 2.79013711406e-05, 2.09477275348e-05, 2.27592754527e-05, 1.28467272589e-05, 6.33688978269e-06, 7.35906314731e-06, 9.76344654191e-06, 5.81827043789e-06, 4.22492894359e-06, 4.45665727966e-06, 5.85114275964e-06, 4.66234359919e-06, 2.73299406217e-06, 3.66235167348e-06, 3.94332528231e-06, 5.10958216182e-06, 4.67350719191e-06, 3.9293795453e-06, 2.53386679105e-06, 2.09930067285e-06, 1.64333675912e-06, 1.6212529772e-06, 1.30163573431e-06],
        "dmean2": [0.00240967143327, 0.00157780281734, 0.000776514352765, 0.000337211997248, 0.000598410260864, 0.000396058399929, 0.000195419095689, 0.000399442535127, 0.000570055330172, 0.000342841987731, 0.000139481606311, 7.37526279408e-05, 9.78098396445e-05, 9.77143718046e-05, 9.31271861191e-05, 9.9149212474e-05, 5.90647287027e-05, 4.31876724178e-05, 3.26867266267e-05, 3.41367667716e-05, 1.93841715372e-05, 9.68749827734e-06, 1.17378931463e-05, 1.50257756104e-05, 8.61258467921e-06, 6.45494537821e-06, 6.38201981928e-06, 8.27313215268e-06, 6.58196177028e-06, 4.11275095757e-06, 5.40743394595e-06, 5.95193750996e-06, 7.31923000785e-06, 6.78772903484e-06, 5.85036150369e-06, 3.62575315194e-06, 2.83904319076e-06, 2.33184073295e-06, 2.44947568717e-06, 1.98611269298e-06],
        "dvar": [1.53275632329e-05, 1.78409445653e-05, 3.7298884763e-06, 1.60965157647e-07, 5.98009535224e-07, 3.12914380629e-07, 1.62976846241e-07, 3.88468976098e-07, 4.72305345056e-07, 2.62916984184e-07, 1.00715887186e-07, 7.8428934458e-09, 2.52721044092e-08, 2.46121487635e-08, 2.15386801727e-08, 1.86039397221e-08, 3.78508602239e-09, 2.63048449689e-09, 1.52313406332e-09, 2.38314834533e-09, 5.80209713608e-10, 1.65563451837e-10, 1.96625063453e-10, 3.92853083397e-10, 7.79003875295e-11, 9.04204211505e-11, 5.40462397058e-11, 1.09514279589e-10, 8.42498640297e-11, 2.76007550148e-11, 3.95108286366e-11, 4.51341811147e-11, 8.52217948988e-11, 7.56891702092e-11, 6.55167725627e-11, 4.65427696383e-11, 2.6244926371e-11, 2.3874697358e-11, 2.72418650138e-11, 1.53636148942e-11],
        "dvar2": [3.60939957318e-05, 4.55231747765e-05, 1.07612640932e-05, 4.28363421179e-07, 1.54589668e-06, 7.44574606415e-07, 4.40289596781e-07, 8.37588686409e-07, 1.06990660242e-06, 5.4325983001e-07, 2.3414872885e-07, 1.62189834896e-08, 4.81237911742e-08, 4.05133420145e-08, 4.40174900973e-08, 4.01574382636e-08, 8.4502458364e-09, 6.32098595688e-09, 3.6819174376e-09, 5.63282620547e-09, 1.20378906843e-09, 3.7911901396e-10, 4.80699091643e-10, 8.61056614898e-10, 1.68469974082e-10, 2.10668996137e-10, 9.41895589301e-11, 1.99267130574e-10, 1.45610551394e-10, 5.96620114424e-11, 7.97198834723e-11, 1.00143324189e-10, 1.70198910521e-10, 1.45431430787e-10, 1.3851338132e-10, 8.39237845884e-11, 4.41004212315e-11, 4.55719420533e-11, 6.1810362384e-11, 3.2068649819e-11],
        "max": [0.0472637675703, 0.0500795692205, 0.0246386267245, 0.00419266568497, 0.00942453928292, 0.00897133070976, 0.00529336696491, 0.00868353340775, 0.0124343717471, 0.00667064497247, 0.0064499094151, 0.00119951099623, 0.00318616023287, 0.00391500536352, 0.00336135993712, 0.00212056306191, 0.000885325658601, 0.000726191909052, 0.000569832627662, 0.0010038256878, 0.000463891745312, 0.000160115494509, 0.000156711306772, 0.000416745082475, 0.000109601955046, 0.000249823788181, 0.000163078468177, 0.000199422473088, 0.00018901565636, 8.90751907718e-05, 0.000131361201056, 9.13467229111e-05, 0.000176959947567, 0.00015641679056, 0.000122939338326, 0.000150955776917, 9.093562403e-05, 0.000100320998172, 0.000100168013887, 5.30300712853e-05],
        "mean": [0.0034351486247, 0.00141925842036, 0.000541024724953, 0.000456671899883, 0.000791810220107, 0.000481911905808, 0.000177448702743, 0.00058408989571, 0.000858743966091, 0.000569569529034, 0.000220544694457, 9.79571123025e-05, 0.000135780996061, 0.000142593940836, 0.000134663787321, 0.000132700355607, 7.03489349689e-05, 4.37667076767e-05, 4.24248173658e-05, 4.27578524977e-05, 2.80746644421e-05, 1.30429079945e-05, 1.29439113152e-05, 1.72986383404e-05, 1.23764821183e-05, 8.69733958098e-06, 8.73235239851e-06, 1.18114530778e-05, 8.66310438141e-06, 5.47848230781e-06, 8.77496131579e-06, 8.69664290803e-06, 1.00725255834e-05, 9.75750026555e-06, 6.8813587859e-06, 4.44206307293e-06, 3.72590943698e-06, 2.597197863e-06, 2.28751650866e-06, 1.90858850146e-06],
        "median": [9.76882620307e-06, 9.62402700679e-05, 0.000304332730593, 0.000366943451809, 0.000431971740909, 0.00016826816136, 6.39767968096e-05, 0.000162161421031, 0.000292343116598, 6.71199304634e-05, 2.47587522608e-05, 3.90280474676e-05, 3.16913065035e-05, 3.27991001541e-05, 3.4167416743e-05, 3.42168750649e-05, 2.57397095993e-05, 1.69132945302e-05, 1.47329919855e-05, 1.40986903716e-05, 8.39852327772e-06, 3.93406389776e-06, 4.3093482418e-06, 7.79556376074e-06, 6.47513570584e-06, 3.6411615838e-06, 4.68924326924e-06, 6.16854867985e-06, 3.58628585673e-06, 2.98990789815e-06, 3.94469589082e-06, 3.55209249392e-06, 4.2850929276e-06, 3.61810202776e-06, 2.1014034246e-06, 1.19175251712e-06, 1.07891708012e-06, 6.52056428407e-07, 4.65356919221e-07, 3.46018026676e-07],
        "min": [1.02833225478e-23, 3.41599727813e-24, 1.22132204625e-24, 2.06708394216e-23, 1.61243863225e-23, 7.26161136069e-24, 2.13108170304e-23, 1.49867400343e-23, 6.23037254791e-24, 9.98199977006e-24, 2.48616740246e-23, 4.91574886556e-24, 1.02999738237e-23, 4.48212780318e-24, 8.0669215935e-24, 1.35392638925e-23, 9.40501428221e-24, 6.30953040101e-24, 8.97100273368e-24, 8.15088005965e-24, 4.41303739295e-24, 1.12352678234e-23, 1.08717125977e-23, 1.85060930794e-23, 1.11512265268e-23, 9.26654316093e-24, 9.15522147657e-24, 8.17694244623e-24, 1.2045360131e-23, 1.00437415465e-23, 9.52882836787e-24, 1.02111409861e-23, 9.74216633335e-24, 1.46236226265e-23, 8.97361465214e-24, 1.01745504618e-23, 1.43528319213e-23, 1.16559184347e-23, 1.256928289e-23, 1.33930564123e-23],
        "stdev": [0.00594354234636, 0.00406445935369, 0.00150427105837, 0.000471175095299, 0.00111419823952, 0.000938142300583, 0.000453888351331, 0.00115969020408, 0.00121675222181, 0.00109164800961, 0.000714417546988, 0.000151415501023, 0.000306454865495, 0.000365221960237, 0.000261106382823, 0.000231473008171, 0.000109419757791, 6.94378104527e-05, 6.4611696871e-05, 7.64437354519e-05, 5.29222634214e-05, 2.1834497602e-05, 2.05084415938e-05, 2.79574469459e-05, 1.59819319379e-05, 1.5573703422e-05, 1.26230434034e-05, 1.69764207385e-05, 1.50849327838e-05, 7.62084937378e-06, 1.17646850413e-05, 1.23718864415e-05, 1.63572240126e-05, 1.68900023709e-05, 1.31865454023e-05, 1.12819852802e-05, 8.64493813424e-06, 6.67462836645e-06, 6.35940841676e-06, 5.18077467859e-06],
        "var": [3.53256982635e-05, 1.65198289324e-05, 2.26283145821e-06, 2.22005979822e-07, 1.24143764424e-06, 8.80110974322e-07, 2.06014632909e-07, 1.34488129788e-06, 1.48048604842e-06, 1.19169544632e-06, 5.10392453634e-07, 2.29266543528e-08, 9.39145934353e-08, 1.33387089818e-07, 6.81765470745e-08, 5.35797539669e-08, 1.19726841774e-08, 4.82160933402e-09, 4.17467171943e-09, 5.84364467926e-09, 2.80076584147e-09, 4.76745254385e-10, 4.20596141248e-10, 7.8161888073e-10, 2.55422127893e-10, 2.42540265649e-10, 1.59341220773e-10, 2.88198881426e-10, 2.27555196908e-10, 5.80773450165e-11, 1.38407812988e-10, 1.53063575703e-10, 2.67558780687e-10, 2.85272167e-10, 1.7388498974e-10, 1.27283183993e-10, 7.47349543362e-11, 4.45506652402e-11, 4.04420733013e-11, 2.68404257153e-11]
    },
    "melbands128": {
