{
"lowlevel": {
    "average_loudness": 0.745495796204,
    "barkbands_crest": {
        "dmean": 3.16664123535,
        "dmean2": 4.95137691498,
        "dvar": 9.57311630249,
        "dvar2": 20.1978321075,
        "max": 26.272977829,
        "mean": 11.5509996414,
        "median": 10.6011571884,
        "min": 2.63209557533,
        "stdev": 4.89661312103,
        "var": 23.9768199921
    },
    "barkbands_flatness_db": {
        "dmean": 0.0418192148209,
        "dmean2": 0.0620911903679,
        "dvar": 0.00218933261931,
        "dvar2": 0.00428392831236,
        "max": 0.567522346973,
        "mean": 0.196030631661,
        "median": 0.184017598629,
        "min": 0.0308235120028,
        "stdev": 0.0835409089923,
        "var": 0.00697908364236
    },
    "barkbands_kurtosis": {
        "dmean": 15.0628662109,
        "dmean2": 24.2923374176,
        "dvar": 1261.59545898,
        "dvar2": 3048.75024414,
        "max": 549.979614258,
        "mean": 17.1996936798,
        "median": 6.94592189789,
        "min": -1.94248187542,
        "stdev": 35.9527931213,
        "var": 1292.60339355
    },
    "barkbands_skewness": {
        "dmean": 1.40100502968,
        "dmean2": 2.04516673088,
        "dvar": 3.00127601624,
        "dvar2": 6.44036102295,
        "max": 20.4630908966,
        "mean": 2.32845020294,
        "median": 2.1264936924,
        "min": -5.44235897064,
        "stdev": 2.53677201271,
        "var": 6.43521213531
    },
    "barkbands_spread": {
        "dmean": 11.7056674957,
        "dmean2": 18.7910919189,
        "dvar": 355.9425354,
        "dvar2": 737.60723877,
        "max": 121.124801636,
        "mean": 21.7223587036,
        "median": 10.784655571,
        "min": 0.201812312007,
        "stdev": 26.6566257477,
        "var": 710.575744629
    },
    "dissonance": {
        "dmean": 0.0325801111758,
        "dmean2": 0.0514083206654,
        "dvar": 0.00132590148132,
        "dvar2": 0.00307203643024,
        "max": 0.500000059605,
        "mean": 0.432206839323,
        "median": 0.446788311005,
        "min": 0.175436794758,
        "stdev": 0.0581625625491,
        "var": 0.00338288350031
    },
    "dynamic_complexity": 5.0156121254,
    "erbbands_crest": {
        "dmean": 3.25823736191,
        "dmean2": 5.26743984222,
        "dvar": 9.20442962646,
        "dvar2": 21.926940918,
        "max": 28.7033653259,
        "mean": 10.3265151978,
        "median": 9.41820049286,
        "min": 2.51236772537,
        "stdev": 4.71442174911,
        "var": 22.2257728577
    },
    "erbbands_flatness_db": {
        "dmean": 0.0283366516232,
        "dmean2": 0.042936168611,
        "dvar": 0.000946259009652,
        "dvar2": 0.00198664492927,
        "max": 0.379010051489,
        "mean": 0.168326497078,
        "median": 0.166646614671,
        "min": 0.0570535063744,
        "stdev": 0.0568055659533,
        "var": 0.00322687253356
    },
    "erbbands_kurtosis": {
        "dmean": 3.15360760689,
        "dmean2": 5.19044876099,
        "dvar": 51.4763793945,
        "dvar2": 144.23197937,
        "max": 124.312187195,
        "mean": 3.03186750412,
        "median": 1.3017449379,
        "min": -1.88500630856,
        "stdev": 6.79936885834,
        "var": 46.2314186096
    },
    "erbbands_skewness": {
        "dmean": 0.789594173431,
        "dmean2": 1.18891763687,
        "dvar": 0.877135574818,
        "dvar2": 1.81118512154,
        "max": 10.1289720535,
        "mean": 0.605490088463,
        "median": 0.732154130936,
        "min": -3.87612199783,
        "stdev": 1.44133639336,
        "var": 2.07745075226
    },
    "erbbands_spread": {
        "dmean": 17.6588153839,
        "dmean2": 28.6010684967,
        "dvar": 581.615539551,
        "dvar2": 1525.49279785,
        "max": 177.805328369,
        "mean": 40.8087158203,
        "median": 31.4421081543,
        "min": 3.3420484066,
        "stdev": 31.4071769714,
        "var": 986.410766602
    },
    "hfc": {
        "dmean": 9.77383708954,
        "dmean2": 13.8442277908,
        "dvar": 216.010787964,
        "dvar2": 465.960205078,
        "max": 159.068756104,
        "mean": 18.7008132935,
        "median": 12.1881771088,
        "min": 1.24746300851e-16,
        "stdev": 21.0730133057,
        "var": 444.071868896
    },
    "loudness_ebu128": {
        "integrated": -10.8649740219,
        "loudness_range": 5.79295063019,
        "momentary": {
            "dmean": 1.20122349262,
            "dmean2": 1.54111647606,
            "dvar": 9.48092079163,
            "dvar2": 7.75559473038,
            "max": -7.73001718521,
            "mean": -13.0006561279,
            "median": -11.2271318436,
            "min": -85.1914672852,
            "stdev": 8.80617046356,
            "var": 77.5486450195
        },
        "short_term": {
            "dmean": 0.136490494013,
            "dmean2": 0.197807401419,
            "dvar": 0.0119762849063,
            "dvar2": 0.0190030150115,
            "max": -8.45736598969,
            "mean": -11.7029123306,
            "median": -11.5136671066,
            "min": -17.0471324921,
            "stdev": 2.02533340454,
            "var": 4.10197544098
        }
    },
    "melbands_crest": {
        "dmean": 3.9799041748,
        "dmean2": 6.28603935242,
        "dvar": 15.7906618118,
        "dvar2": 33.0922355652,
        "max": 36.2744293213,
        "mean": 15.8398256302,
        "median": 15.0497617722,
        "min": 1.56974184513,
        "stdev": 6.45905256271,
        "var": 41.7193603516
    },
    "melbands_flatness_db": {
        "dmean": 0.0517858751118,
        "dmean2": 0.0740590021014,
        "dvar": 0.00347003224306,
        "dvar2": 0.00652969954535,
        "max": 0.71495616436,
        "mean": 0.260706007481,
        "median": 0.253308802843,
        "min": 0.00368053745478,
        "stdev": 0.111600771546,
        "var": 0.0124547313899
    },
    "melbands_kurtosis": {
        "dmean": 29.108171463,
        "dmean2": 47.5723342896,
        "dvar": 7363.28955078,
        "dvar2": 20304.5429688,
        "max": 1788.90759277,
        "mean": 35.204914093,
        "median": 15.4974193573,
        "min": -1.9216632843,
        "stdev": 77.9103088379,
        "var": 6070.01611328
    },
    "melbands_skewness": {
        "dmean": 1.64467906952,
        "dmean2": 2.51830363274,
        "dvar": 5.14488506317,
        "dvar2": 13.0532684326,
        "max": 33.4120941162,
        "mean": 3.5768969059,
        "median": 3.0881485939,
        "min": -3.31344032288,
        "stdev": 2.9621348381,
        "var": 8.77424240112
    },
    "melbands_spread": {
        "dmean": 16.1958999634,
        "dmean2": 25.2557506561,
        "dvar": 1094.94873047,
        "dvar2": 2128.45263672,
        "max": 297.272247314,
        "mean": 28.2923107147,
        "median": 10.0381250381,
        "min": 0.232981055975,
        "stdev": 48.4409599304,
        "var": 2346.52661133
    },
    "pitch_salience": {
        "dmean": 0.102010108531,
        "dmean2": 0.154943987727,
        "dvar": 0.0111759761348,
        "dvar2": 0.022511228919,
        "max": 0.904156386852,
        "mean": 0.537157595158,
        "median": 0.560547292233,
        "min": 0.0658030360937,
        "stdev": 0.173462703824,
        "var": 0.0300893075764
    },
    "silence_rate_20dB": {
        "dmean": 0.0201238393784,
        "dmean2": 0.0402788519859,
        "dvar": 0.0197189096361,
        "dvar2": 0.0572465546429,
        "max": 1,
        "mean": 0.989172458649,
        "median": 1,
        "min": 0,
        "stdev": 0.103490464389,
        "var": 0.010710275732
    },
    "silence_rate_30dB": {
        "dmean": 0.0325077399611,
        "dmean2": 0.0650658383965,
        "dvar": 0.031450919807,
        "dvar2": 0.0685785412788,
        "max": 1,
        "mean": 0.955143094063,
        "median": 1,
        "min": 0,
        "stdev": 0.206989720464,
        "var": 0.0428447462618
    },
    "silence_rate_60dB": {
        "dmean": 0.0719814226031,
        "dmean2": 0.144074365497,
        "dvar": 0.0667997077107,
        "dvar2": 0.137258201838,
        "max": 1,
        "mean": 0.161639600992,
        "median": 0,
        "min": 0,
        "stdev": 0.368119359016,
        "var": 0.135511860251
    },
    "spectral_centroid": {
        "dmean": 468.971221924,
        "dmean2": 695.387268066,
        "dvar": 693054,
        "dvar2": 1125612.125,
        "max": 11152.7783203,
        "mean": 1166.03283691,
        "median": 634.811279297,
        "min": 85.092956543,
        "stdev": 1312.83447266,
        "var": 1723534.5
    },
    "spectral_complexity": {
        "dmean": 3.217492342,
        "dmean2": 4.73741292953,
        "dvar": 17.6098308563,
        "dvar2": 35.0875473022,
        "max": 39,
        "mean": 9.24980640411,
        "median": 8,
        "min": 0,
        "stdev": 6.74793386459,
        "var": 45.5346107483
    },
    "spectral_decrease": {
        "dmean": 4.89335194587e-09,
        "dmean2": 6.53086962288e-09,
        "dvar": 1.25096350451e-16,
        "dvar2": 1.96351303073e-16,
        "max": 1.76551623005e-29,
        "mean": -8.32962143704e-09,
        "median": -4.56109638947e-09,
        "min": -1.16745056289e-07,
        "stdev": 1.50298102852e-08,
        "var": 2.25895190233e-16
    },
    "spectral_energy": {
        "dmean": 0.018865711987,
        "dmean2": 0.0252244565636,
        "dvar": 0.00180231651757,
        "dvar2": 0.00281860167161,
        "max": 0.445093899965,
        "mean": 0.0331341437995,
        "median": 0.0187694206834,
        "min": 1.12482208816e-20,
        "stdev": 0.0572929643095,
        "var": 0.00328248366714
    },
    "spectral_energyband_high": {
        "dmean": 0.000720999378245,
        "dmean2": 0.00105734472163,
        "dvar": 2.32799220612e-06,
        "dvar2": 4.45407067673e-06,
        "max": 0.0165603328496,
        "mean": 0.00102395261638,
        "median": 0.000147808692418,
        "min": 8.03286725078e-21,
        "stdev": 0.00216787750833,
        "var": 4.69969245387e-06
    },
    "spectral_energyband_low": {
        "dmean": 0.011782836169,
        "dmean2": 0.0171510633081,
        "dvar": 0.00184089504182,
        "dvar2": 0.00324917328544,
        "max": 0.432627469301,
        "mean": 0.0151579268277,
        "median": 0.00275010615587,
        "min": 1.35228088851e-22,
        "stdev": 0.0513376966119,
        "var": 0.00263555906713
    },
    "spectral_energyband_middle_high": {
        "dmean": 0.00148422445636,
        "dmean2": 0.00213963235728,
        "dvar": 9.03254567675e-06,
        "dvar2": 1.98972793441e-05,
        "max": 0.0324813574553,
        "mean": 0.00241681397893,
        "median": 0.000773146632127,
        "min": 1.54796865291e-21,
        "stdev": 0.00414305971935,
        "var": 1.71649444383e-05
    },
    "spectral_energyband_middle_low": {
        "dmean": 0.0106143057346,
        "dmean2": 0.0161897484213,
        "dvar": 0.000458357739262,
        "dvar2": 0.00117048947141,
        "max": 0.178374499083,
        "mean": 0.0162739921361,
        "median": 0.00868181232363,
        "min": 3.17257868949e-22,
        "stdev": 0.0221483614296,
        "var": 0.000490549893584
    },
    "spectral_entropy": {
        "dmean": 0.397920817137,
        "dmean2": 0.568485081196,
        "dvar": 0.212318331003,
        "dvar2": 0.389492213726,
        "max": 9.81813240051,
        "mean": 7.26135826111,
        "median": 7.18219327927,
        "min": 4.74966812134,
        "stdev": 0.91466575861,
        "var": 0.836613476276
    },
    "spectral_flux": {
        "dmean": 0.0409268960357,
        "dmean2": 0.0587078593671,
        "dvar": 0.00300221820362,
        "dvar2": 0.00498538184911,
        "max": 0.605269610882,
        "mean": 0.0946111157537,
        "median": 0.0723670423031,
        "min": 1.06057627958e-10,
        "stdev": 0.0923956334591,
        "var": 0.00853695347905
    },
    "spectral_kurtosis": {
        "dmean": 3.42836999893,
        "dmean2": 5.07839298248,
        "dvar": 48.5144729614,
        "dvar2": 103.286186218,
        "max": 160.370819092,
        "mean": 7.16507291794,
        "median": 4.9195394516,
        "min": -1.37308287621,
        "stdev": 10.0290317535,
        "var": 100.581474304
    },
    "spectral_rms": {
        "dmean": 0.00132378248964,
        "dmean2": 0.0017153363442,
        "dvar": 3.60580338565e-06,
        "dvar2": 5.14368321092e-06,
        "max": 0.0208383761346,
        "mean": 0.00461735855788,
        "median": 0.00427920883521,
        "min": 3.31268389456e-12,
        "stdev": 0.00331753282808,
        "var": 1.10060245788e-05
    },
    "spectral_rolloff": {
        "dmean": 1164.77770996,
        "dmean2": 2004.95703125,
        "dvar": 6549067,
        "dvar2": 12154138,
        "max": 19315.2832031,
        "mean": 2377.51342773,
        "median": 538.330078125,
        "min": 43.06640625,
        "stdev": 3812.9152832,
        "var": 14538323
    },
    "spectral_skewness": {
        "dmean": 0.473524451256,
        "dmean2": 0.660250127316,
        "dvar": 0.335948497057,
        "dvar2": 0.65168595314,
        "max": 10.0701971054,
        "mean": 2.01716637611,
        "median": 1.99699771404,
        "min": -0.112541422248,
        "stdev": 1.15354049206,
        "var": 1.33065569401
    },
    "spectral_spread": {
        "dmean": 1304994.625,
        "dmean2": 1842994,
        "dvar": 2.97635178086e+12,
        "dvar2": 4.7531121705e+12,
        "max": 38788584,
        "mean": 6050240,
        "median": 5233966.5,
        "min": 631060.5,
        "stdev": 3259552,
        "var": 1.06246784942e+13
    },
    "spectral_strongpeak": {
        "dmean": 0.488439649343,
        "dmean2": 0.770467758179,
        "dvar": 0.510828137398,
        "dvar2": 1.21062803268,
        "max": 7.61205339432,
        "mean": 0.785393476486,
        "median": 0.463019967079,
        "min": 0,
        "stdev": 0.905005455017,
        "var": 0.819034874439
    },
    "zerocrossingrate": {
        "dmean": 0.0291423033923,
        "dmean2": 0.0311074107885,
        "dvar": 0.0019094417803,
        "dvar2": 0.0018345793942,
        "max": 0.5048828125,
        "mean": 0.084006279707,
        "median": 0.0380859375,
        "min": 0.00244140625,
        "stdev": 0.103903986514,
        "var": 0.0107960384339
    },
    "barkbands": {
        "dmean": [0.000180491013452, 0.00794878136367, 0.00478742597625, 0.00368085107766, 0.00409164140001, 0.00166565377731, 0.00144372065552, 0.00120391417295, 0.000887190981302, 0.000474833621411, 0.000366666616173, 0.00025278274552, 0.000296116137179, 0.000261044071522, 0.00013732095249, 8.00505513325e-05, 0.000104272330645, 8.21065477794e-05, 4.58889262518e-05, 4.24629361078e-05, 8.31591241877e-05, 9.85309161479e-05, 0.000112091722258, 0.000189974147361, 0.000206888915272, 8.5995758127e-05, 6.19142292635e-06],
        "dmean2": [0.000272435660008, 0.0119276996702, 0.00818693265319, 0.00635790498927, 0.00629865005612, 0.00248290458694, 0.0022859685123, 0.00176358199678, 0.00125549943186, 0.00068287551403, 0.000559433479793, 0.000378234602977, 0.0004360464809, 0.000424680969445, 0.000216054351768, 0.000129684165586, 0.000168415470398, 0.000126926053781, 7.42673801142e-05, 6.72278692946e-05, 0.000132811735966, 0.000145723141031, 0.000161113770446, 0.000286541908281, 0.000312004965963, 0.000132898625452, 1.00501656561e-05],
        "dvar": [6.76290198953e-07, 0.00134395482019, 0.000311951851472, 0.000156577269081, 5.64584297535e-05, 1.04523160189e-05, 1.6516622054e-05, 7.42793054087e-06, 5.13393752044e-06, 1.33076162001e-06, 1.56572286869e-06, 4.7358963684e-07, 5.34340756531e-07, 4.77904336549e-07, 1.88659385003e-07, 4.14763725587e-08, 6.32403995837e-08, 3.86025860166e-08, 1.71079790334e-08, 6.91020485277e-09, 4.8645581785e-08, 5.76774183969e-08, 8.11254210475e-08, 1.96063609792e-07, 2.39323469486e-07, 4.23450856601e-08, 3.45911660427e-10],
        "dvar2": [1.60785486969e-06, 0.00272559095174, 0.000840708147734, 0.000428173632827, 0.00013290035713, 2.25104558922e-05, 4.00107819587e-05, 1.55602501763e-05, 1.05925446405e-05, 2.49419736065e-06, 3.06975289277e-06, 1.06208210582e-06, 1.0619587556e-06, 1.14383669825e-06, 4.27029533512e-07, 1.000626213e-07, 1.64817137716e-07, 8.37575129253e-08, 4.20409236312e-08, 1.61124162901e-08, 1.22301685224e-07, 1.1459877669e-07, 1.62228914746e-07, 4.38683173343e-07, 4.99278996813e-07, 8.60117239654e-08, 8.05108701929e-10],
        "max": [0.00970909465104, 0.374507009983, 0.20475757122, 0.103132635355, 0.0664450451732, 0.0347288101912, 0.0769682005048, 0.0320390537381, 0.0305357147008, 0.0134769110009, 0.0305344443768, 0.0104336505756, 0.0117544373497, 0.00804000906646, 0.00927912909538, 0.00245595094748, 0.00265996367671, 0.00481454795226, 0.00199592369609, 0.000860678439494, 0.00287948339246, 0.00283055473119, 0.00393318990245, 0.00550225004554, 0.00709431897849, 0.00230613141321, 0.000257232022705],
        "mean": [0.000198543697479, 0.00846364349127, 0.0049283024855, 0.00384712172672, 0.00572593230754, 0.00234944350086, 0.00150004168972, 0.00141785247251, 0.00104538339656, 0.000631407019682, 0.000462792173494, 0.000300430110656, 0.000403817422921, 0.000286514085019, 0.000137888171594, 9.80156910373e-05, 0.000126794693642, 0.000103181322629, 5.81651911489e-05, 5.330564818e-05, 8.98887738003e-05, 0.000122631536215, 0.000142848410178, 0.000245274335612, 0.000271817611065, 0.000116730705486, 6.39685868009e-06],
        "median": [2.41999202899e-07, 0.000239463726757, 0.000861545908265, 0.000746978563257, 0.00210683583282, 0.000572010991164, 0.000228709803196, 0.000111235924123, 6.39280187897e-05, 6.85001141392e-05, 4.74374101032e-05, 2.95990830637e-05, 3.16291625495e-05, 3.22130435961e-05, 3.06388501485e-05, 2.83169283648e-05, 3.19566352118e-05, 2.82834444079e-05, 1.59537958098e-05, 1.476286252e-05, 1.10976452561e-05, 1.5568042727e-05, 1.85565695574e-05, 2.79876112472e-05, 2.71038716164e-05, 9.62172816799e-06, 1.01947605913e-07],
        "min": [4.64962758582e-23, 4.37690448693e-23, 6.47671211493e-23, 5.17742467745e-24, 9.17675580156e-24, 2.8772969455e-23, 2.36903354872e-23, 1.62636915853e-22, 8.12567122056e-23, 2.73335633603e-23, 3.43853550751e-23, 3.39674291893e-23, 7.31274500902e-23, 5.02255779223e-23, 1.96307468284e-22, 2.45477408321e-22, 1.74840985332e-22, 1.9426652735e-22, 3.21168877234e-22, 4.09454049804e-22, 3.73444808778e-22, 6.61967138144e-22, 8.21313961286e-22, 1.0169854436e-21, 1.10408790541e-21, 1.66390581097e-21, 2.39665929354e-21],
        "stdev": [0.000910467351787, 0.0392010882497, 0.0152967656031, 0.0107672512531, 0.00898567773402, 0.00427707796916, 0.00417167553678, 0.0033225058578, 0.00276847253554, 0.00162860262208, 0.00151772273239, 0.000837416446302, 0.00107431889046, 0.000783070689067, 0.000440698524471, 0.000225136056542, 0.000253529287875, 0.000240798326558, 0.0001678726112, 0.000101212965092, 0.0002422749385, 0.000322811451042, 0.000374172523152, 0.000565752619877, 0.00065730814822, 0.00028944996302, 2.1450150598e-05],
        "var": [8.28950817322e-07, 0.00153672520537, 0.000233991027926, 0.000115933704365, 8.07424075902e-05, 1.82933945325e-05, 1.74028755282e-05, 1.1039045603e-05, 7.66444009059e-06, 2.65234643848e-06, 2.30348246077e-06, 7.01266287706e-07, 1.15416105473e-06, 6.13199745203e-07, 1.94215189708e-07, 5.06862463112e-08, 6.4277095646e-08, 5.79838328463e-08, 2.81812155833e-08, 1.02440642635e-08, 5.86971466987e-08, 1.04207231288e-07, 1.40005084859e-07, 3.2007605455e-07, 4.32053980148e-07, 8.37812805798e-08, 4.60108950939e-10]
    },
    "erbbands": {
        "dmean": [0.181228667498, 2.09131169319, 5.82147598267, 8.08907032013, 16.007730484, 11.6026716232, 10.0221014023, 16.3364086151, 21.8703575134, 22.2634429932, 22.8416881561, 19.7910289764, 17.9818210602, 10.6486711502, 14.4113292694, 10.440826416, 13.4762830734, 13.7029266357, 8.8534822464, 5.03539085388, 4.66113567352, 5.59006214142, 4.9841542244, 2.2647755146, 2.44173955917, 2.03774762154, 2.68429398537, 3.69935178757, 3.59253621101, 3.60728383064, 3.04719686508, 3.56798362732, 3.45513248444, 2.7602596283, 1.24017691612, 0.526148736477, 0.123333640397, 0.0217395145446, 0.000646351778414, 3.45156076946e-05],
        "dmean2": [0.280915051699, 3.24258208275, 9.96268177032, 13.7932014465, 26.5101718903, 17.3502292633, 15.3029327393, 24.1881484985, 33.7746887207, 34.3600883484, 32.5165405273, 28.2116031647, 24.5876598358, 16.1719551086, 20.5437030792, 14.898443222, 19.2880783081, 21.6827926636, 14.1453886032, 7.93743658066, 7.58482027054, 8.96404075623, 7.5676112175, 3.47183632851, 3.93683481216, 3.18521666527, 4.33759403229, 5.76827669144, 5.39470815659, 5.29407644272, 4.44275665283, 5.25258684158, 5.28735971451, 4.2457985878, 1.83498358727, 0.800117313862, 0.189179107547, 0.0338886044919, 0.00102802028414, 4.95091771882e-05],
        "dvar": [0.742301404476, 99.2203674316, 581.829040527, 701.096435547, 1893.35314941, 426.985198975, 508.366973877, 1099.43615723, 3844.84570312, 3260.77709961, 3025.44702148, 2578.01196289, 1895.56604004, 1086.27648926, 2287.20874023, 693.915405273, 1184.01196289, 1331.4888916, 752.583862305, 154.861679077, 165.23928833, 165.761749268, 134.778182983, 21.8442001343, 52.2847862244, 16.9430999756, 42.3811607361, 108.583106995, 82.6250762939, 81.3725280762, 59.7578239441, 72.9420089722, 64.8487625122, 51.0101242065, 7.33782625198, 1.58119571209, 0.0896733403206, 0.00318164285272, 3.23111953549e-06, 3.43807360359e-09],
        "dvar2": [1.79194939137, 217.031906128, 1527.79345703, 1911.51721191, 4864.58154297, 858.129455566, 1128.11999512, 2285.14233398, 9005.62109375, 7724.07226562, 5984.94580078, 5366.09326172, 3344.75756836, 2680.61181641, 4458.27539062, 1452.41943359, 2238.97753906, 3182.27001953, 1761.83227539, 357.596069336, 435.110046387, 423.550933838, 286.336547852, 43.9999771118, 138.655349731, 40.4523696899, 107.124771118, 267.590057373, 170.283325195, 162.354660034, 123.806663513, 163.42956543, 143.987884521, 117.378898621, 14.2821111679, 3.26879286766, 0.183190777898, 0.00674915546551, 7.16538943379e-06, 6.33570707009e-09],
        "max": [9.14887809753, 98.458366394, 254.407577515, 267.519134521, 472.609344482, 255.486190796, 302.186523438, 392.535766602, 873.846618652, 772.10168457, 676.999023438, 613.411437988, 553.801940918, 619.424682617, 1272.63635254, 429.184082031, 596.042480469, 465.380157471, 520.36907959, 159.738372803, 155.130004883, 136.163360596, 280.973571777, 85.4142379761, 120.895256042, 41.6534042358, 75.850227356, 147.575424194, 127.933120728, 112.223350525, 115.57661438, 92.5649032593, 100.529075623, 116.556007385, 37.2033691406, 16.8228492737, 3.83845734596, 0.904019296169, 0.0220623873174, 0.000628666544799],
        "mean": [0.17725263536, 2.10963845253, 5.63276052475, 9.48246669769, 18.0253124237, 17.5563468933, 14.6225681305, 23.8508224487, 24.2624759674, 27.1539325714, 27.3768978119, 24.1601638794, 25.4013805389, 12.9583950043, 19.2770824432, 14.1779441833, 18.6241054535, 16.4539222717, 9.62005710602, 6.02254486084, 5.74005651474, 6.9871711731, 6.49406909943, 3.12257480621, 2.97864842415, 2.54241228104, 3.1044678688, 3.94337177277, 4.32182741165, 4.57519960403, 3.86218428612, 4.49158143997, 4.41595602036, 3.45502901077, 1.65259087086, 0.70590108633, 0.163692519069, 0.0264257155359, 0.000778717570938, 6.23951709713e-05],
        "median": [0.0021556194406, 0.112649731338, 1.18628787994, 2.58774399757, 3.72320246696, 4.55343294144, 3.34091663361, 6.31154155731, 4.10101699829, 4.08871889114, 2.03517150879, 1.86031520367, 2.40624690056, 1.51326096058, 2.03966498375, 1.53014159203, 1.6288228035, 1.76096177101, 1.73081803322, 1.70177054405, 1.67047739029, 1.72879886627, 1.73313486576, 1.01789748669, 0.834173619747, 0.711295008659, 0.573099374771, 0.328452497721, 0.442058831453, 0.653776466846, 0.505634963512, 0.416983664036, 0.511647522449, 0.322991788387, 0.153732672334, 0.0619218163192, 0.013442825526, 0.00143804040272, 5.68383438804e-05, 3.67299435311e-05],
        "min": [1.39593554224e-21, 1.05036953224e-20, 6.93223882229e-20, 3.64320682495e-20, 1.61105185769e-20, 3.60145229859e-20, 1.5639887705e-19, 2.43962290915e-19, 2.91326859585e-19, 1.47998979422e-18, 3.39119773396e-18, 2.10825156403e-18, 9.35688924537e-19, 6.59696132352e-19, 1.66111277666e-18, 1.9495914983e-18, 3.10526062815e-18, 2.79716376732e-18, 6.42199122066e-18, 1.18945370896e-17, 1.42567142833e-17, 9.36429416621e-18, 8.80778442088e-18, 1.57240665156e-17, 1.81393065184e-17, 1.81199124418e-17, 1.72870921118e-17, 1.7612478495e-17, 2.09586738813e-17, 1.7552610471e-17, 2.84556946686e-17, 1.62547392745e-17, 2.17064517725e-17, 1.15941224619e-17, 8.12385246527e-18, 4.69317298708e-18, 3.50006090642e-18, 1.3244611241e-18, 3.20608355336e-19, 3.7962543022e-20],
        "stdev": [0.852057218552, 9.99090576172, 20.824514389, 22.8733901978, 40.9780960083, 31.1825065613, 30.2441730499, 45.3442687988, 63.9808540344, 63.60206604, 68.8612823486, 62.0705566406, 65.6485671997, 36.6551704407, 61.1353149414, 35.8837585449, 49.6914138794, 42.3810844421, 28.1680736542, 13.4509840012, 12.503613472, 13.5243854523, 14.5538873672, 7.30302667618, 8.15211963654, 4.89442539215, 7.36259698868, 11.4355049133, 12.0750074387, 11.7540073395, 10.006734848, 10.8905973434, 10.2929773331, 8.89321422577, 3.80132007599, 1.74639391899, 0.415637433529, 0.0740248411894, 0.00227965298109, 8.47928313306e-05],
        "var": [0.726001501083, 99.8182067871, 433.660369873, 523.192016602, 1679.20422363, 972.348693848, 914.709960938, 2056.1027832, 4093.54956055, 4045.22265625, 4741.87646484, 3852.75415039, 4309.73486328, 1343.6015625, 3737.52661133, 1287.64404297, 2469.23657227, 1796.15625, 793.440368652, 180.928970337, 156.34034729, 182.909011841, 211.815643311, 53.334197998, 66.4570541382, 23.9554004669, 54.2078323364, 130.770767212, 145.805801392, 138.156692505, 100.134742737, 118.605110168, 105.945381165, 79.0892562866, 14.4500341415, 3.04989171028, 0.172754466534, 0.0054796775803, 5.19681725564e-06, 7.18982429149e-09]
    },
    "gfcc": {
        "mean": [-74.6216888428, 79.4602813721, -78.1379241943, 22.5372276306, -61.1301307678, 17.5152454376, -51.356842041, 6.41805124283, -30.8682937622, -2.06993365288, -20.1460018158, -2.68085408211, -16.7232589722],
        "cov": [[27841.8984375, 1422.70727539, -902.064697266, 258.878448486, -740.133544922, -170.458694458, -1071.0020752, 285.792938232, -223.495117188, -216.400802612, -81.9770278931, -292.904144287, -376.978240967], [1422.70727539, 4422.27392578, -421.507843018, -862.898925781, 265.0418396, -454.893371582, 60.0352287292, -178.213119507, 122.688827515, -462.675079346, 336.051116943, -184.584793091, 57.8103485107], [-902.064697266, -421.507843018, 1083.36779785, 445.21661377, 113.864044189, 130.324401855, 93.6372833252, -8.01202201843, 41.2669181824, 76.0768585205, -32.5542411804, 79.8252944946, 72.8335342407], [258.878448486, -862.898925781, 445.21661377, 951.431030273, 172.975967407, 151.221343994, 39.0312995911, 49.9138946533, 107.175926208, 127.570228577, -37.9921340942, 39.4913406372, 80.9701461792], [-740.133544922, 265.0418396, 113.864044189, 172.975967407, 396.741363525, 112.538230896, 107.601005554, 45.2734222412, 106.584991455, 27.2793598175, 40.3695144653, -8.19458293915, 63.850025177], [-170.458694458, -454.893371582, 130.324401855, 151.221343994, 112.538230896, 377.921203613, 204.929351807, 90.4320983887, 48.1096153259, 108.308486938, -19.1993904114, 23.204410553, 4.010014534], [-1071.0020752, 60.0352287292, 93.6372833252, 39.0312995911, 107.601005554, 204.929351807, 407.615997314, 87.2818222046, 46.5253944397, 23.4297409058, 43.9367523193, 29.0456142426, 19.1689243317], [285.792938232, -178.213119507, -8.01202201843, 49.9138946533, 45.2734222412, 90.4320983887, 87.2818222046, 198.82371521, 51.2102127075, 57.3739776611, 3.1921646595, 4.60238027573, -3.19365382195], [-223.495117188, 122.688827515, 41.2669181824, 107.175926208, 106.584991455, 48.1096153259, 46.5253944397, 51.2102127075, 153.301223755, 47.8279304504, 29.8259658813, 1.1131850481, 27.4394340515], [-216.400802612, -462.675079346, 76.0768585205, 127.570228577, 27.2793598175, 108.308486938, 23.4297409058, 57.3739776611, 47.8279304504, 195.907684326, -7.37837409973, 32.1422805786, 18.0316028595], [-81.9770278931, 336.051116943, -32.5542411804, -37.9921340942, 40.3695144653, -19.1993904114, 43.9367523193, 3.1921646595, 29.8259658813, -7.37837409973, 139.337051392, 27.579082489, 25.6754455566], [-292.904144287, -184.584793091, 79.8252944946, 39.4913406372, -8.19458293915, 23.204410553, 29.0456142426, 4.60238027573, 1.1131850481, 32.1422805786, 27.579082489, 113.361572266, 38.652885437], [-376.978240967, 57.8103485107, 72.8335342407, 80.9701461792, 63.850025177, 4.010014534, 19.1689243317, -3.19365382195, 27.4394340515, 18.0316028595, 25.6754455566, 38.652885437, 117.652008057]],
        "icov": [[6.49739522487e-05, -0.00011259735038, 4.87743491249e-05, -0.000170132814674, 0.000186714532902, -0.00021321287204, 0.000275190657703, -0.000257590261754, 0.00019721906574, -2.02322589757e-05, 4.74487897009e-05, -5.94262310187e-05, 0.000170790051925], [-0.00011259735038, 0.000891981937457, -0.000157672460773, 0.000856287020724, -0.000755878048949, 0.000874526856933, -0.000724227400497, 0.000809811754152, -0.00120060460176, 0.00108307611663, -0.00124606967438, 0.00116236682516, -0.000766316079535], [4.87743491249e-05, -0.000157672460773, 0.00129271531478, -0.000683284830302, 5.12270416948e-05, -0.000296156533295, 5.99052600592e-06, 0.000115423892566, 0.000293799472274, -0.000166881887708, 0.000558558909688, -0.000835590530187, -2.13044700104e-06], [-0.000170132814674, 0.000856287020724, -0.000683284830302, 0.00246089766733, -0.00114461022895, 0.000716066628229, -0.000665869738441, 0.000886875553988, -0.00179090944584, 0.000461883755634, -0.000568615447264, 0.0009708579164, -0.00135516130831], [0.000186714532902, -0.000755878048949, 5.12270416948e-05, -0.00114461022895, 0.00463332841173, -0.00178300531115, 0.000673259026371, -0.00100808800198, -0.000683692109305, -0.000133209425258, 5.32655467396e-05, 0.000508768192958, -0.000863998488057], [-0.00021321287204, 0.000874526856933, -0.000296156533295, 0.000716066628229, -0.00178300531115, 0.00604317709804, -0.00327261071652, 0.000585551722907, -0.00097302312497, -0.0012426704634, 0.000280652398942, 0.000553226214834, 6.27941044513e-05], [0.000275190657703, -0.000724227400497, 5.99052600592e-06, -0.000665869738441, 0.000673259026371, -0.00327261071652, 0.00525347236544, -0.00223009567708, 0.000968686828855, 0.000614028365817, -0.000616637116764, -0.00104249815922, 0.000678899523336], [-0.000257590261754, 0.000809811754152, 0.000115423892566, 0.000886875553988, -0.00100808800198, 0.000585551722907, -0.00223009567708, 0.00772334029898, -0.00274140783586, -0.000621371436864, -0.000488216930535, 0.000717870483641, -0.000199670073926], [0.00019721906574, -0.00120060460176, 0.000293799472274, -0.00179090944584, -0.000683692109305, -0.00097302312497, 0.000968686828855, -0.00274140783586, 0.0112247848883, -0.00296670990065, -0.00014938802633, -0.000400025834097, 0.00044528581202], [-2.02322589757e-05, 0.00108307611663, -0.000166881887708, 0.000461883755634, -0.000133209425258, -0.0012426704634, 0.000614028365817, -0.000621371436864, -0.00296670990065, 0.00898756366223, -0.00152805435937, 3.4502503695e-05, -0.00117725110613], [4.74487897009e-05, -0.00124606967438, 0.000558558909688, -0.000568615447264, 5.32655467396e-05, 0.000280652398942, -0.000616637116764, -0.000488216930535, -0.00014938802633, -0.00152805435937, 0.0111987320706, -0.00429999083281, 9.64165228652e-05], [-5.94262310187e-05, 0.00116236682516, -0.000835590530187, 0.0009708579164, 0.000508768192958, 0.000553226214834, -0.00104249815922, 0.000717870483641, -0.000400025834097, 3.4502503695e-05, -0.00429999083281, 0.0135245863348, -0.0044349739328], [0.000170790051925, -0.000766316079535, -2.13044700104e-06, -0.00135516130831, -0.000863998488057, 6.27941044513e-05, 0.000678899523336, -0.000199670073926, 0.00044528581202, -0.00117725110613, 9.64165228652e-05, -0.0044349739328, 0.0122206956148]]
    },
    "melbands": {
        "dmean": [0.00186059565749, 0.00285074138083, 0.00166214641649, 0.000938282581046, 0.000403884914704, 0.00036263288348, 0.000321054569213, 0.000250290700933, 0.000184438948054, 0.000122896235553, 8.76687408891e-05, 4.18263298343e-05, 4.96395914524e-05, 3.00961710309e-05, 2.89442432404e-05, 2.80594522337e-05, 2.71431545116e-05, 1.55104935402e-05, 8.89214243216e-06, 5.82742268307e-06, 5.9039007283e-06, 6.15124872638e-06, 5.49976812181e-06, 3.67378356714e-06, 1.73459375219e-06, 1.91203434952e-06, 1.57796080202e-06, 1.37577126225e-06, 1.48464630456e-06, 2.12363647734e-06, 2.23935217036e-06, 2.08414257941e-06, 1.96977362066e-06, 2.13072030419e-06, 1.70767395957e-06, 1.88220110431e-06, 2.40809436036e-06, 2.52399763667e-06, 2.46380568569e-06, 2.38182587964e-06],
        "dmean2": [0.00270170439035, 0.00456251157448, 0.00278523028828, 0.00147985306103, 0.000610322866123, 0.000533404294401, 0.000492645311169, 0.000382351921871, 0.000261348788626, 0.000174267042894, 0.000121213452076, 6.53248353046e-05, 7.28534942027e-05, 4.46836093033e-05, 4.10315151385e-05, 4.14827663917e-05, 4.35881520389e-05, 2.4792194381e-05, 1.40459751492e-05, 9.2149593911e-06, 9.78239131655e-06, 1.00229390227e-05, 8.5632173068e-06, 5.77789569434e-06, 2.71940825769e-06, 3.14966837323e-06, 2.52560630543e-06, 2.17346746467e-06, 2.4441876576e-06, 3.40234760188e-06, 3.53130758413e-06, 3.16494765684e-06, 3.03165984405e-06, 3.15618103741e-06, 2.55054123954e-06, 2.76697005575e-06, 3.61565139428e-06, 3.84780969398e-06, 3.87026057069e-06, 3.72540944227e-06],
        "dvar": [7.14375782991e-05, 0.000139352079714, 2.48964388447e-05, 3.59970272257e-06, 8.10432368326e-07, 5.33712295692e-07, 7.89129273926e-07, 3.95010658849e-07, 2.15072375909e-07, 9.97393456714e-08, 4.60697542337e-08, 1.6679766901e-08, 3.06475662626e-08, 6.42232711456e-09, 5.51823031714e-09, 4.51411663605e-09, 5.6676765503e-09, 2.1598547395e-09, 6.19304496574e-10, 1.98215596714e-10, 3.07230324514e-10, 2.41356074016e-10, 1.48769802033e-10, 8.57876616966e-11, 1.44570475383e-11, 4.22959410551e-11, 1.38581897693e-11, 7.87465492119e-12, 1.43624036275e-11, 3.32120650426e-11, 4.12909983982e-11, 3.08693209883e-11, 2.4093936915e-11, 3.13562162346e-11, 1.97737572843e-11, 2.30830198705e-11, 3.3900979246e-11, 3.35350462677e-11, 4.21387681693e-11, 3.85433004957e-11],
        "dvar2": [0.000145936544868, 0.00032828230178, 6.55987751088e-05, 8.91069066711e-06, 1.65361859672e-06, 1.12078055281e-06, 1.85763292393e-06, 9.1858731821e-07, 4.32326004329e-07, 2.01675135258e-07, 8.04407207511e-08, 4.14364720314e-08, 6.03433676361e-08, 1.44148417647e-08, 9.6197894095e-09, 9.61633350727e-09, 1.34708919575e-08, 5.09761832745e-09, 1.32762778549e-09, 4.46336995141e-10, 8.36439584262e-10, 6.34084174056e-10, 3.51320333936e-10, 1.75799416691e-10, 2.89500558942e-11, 1.15738738038e-10, 3.36745353824e-11, 1.94098521977e-11, 3.7585205781e-11, 8.21586618183e-11, 1.02860886475e-10, 6.39392774837e-11, 5.33425456584e-11, 6.61100757471e-11, 4.14325657117e-11, 5.12888620463e-11, 7.6501673052e-11, 7.51255030407e-11, 9.98359520055e-11, 8.90811244214e-11],
        "max": [0.0877366214991, 0.11480037868, 0.0444149821997, 0.0173899121583, 0.0111993029714, 0.00836529955268, 0.0149211930111, 0.00890594627708, 0.00619317032397, 0.00422166334465, 0.00271750264801, 0.00239362427965, 0.00480570085347, 0.000982721569017, 0.00108675681986, 0.000956985517405, 0.000997410854325, 0.000745299272239, 0.000466069788672, 0.000241172223468, 0.000214257510379, 0.000159098999575, 0.000256727129454, 0.000186802688404, 7.6424657891e-05, 0.000105866987724, 5.08258199261e-05, 2.48280903179e-05, 5.96485297137e-05, 8.45617760206e-05, 7.89449113654e-05, 6.63316095597e-05, 6.33627350908e-05, 7.75787993916e-05, 6.96881616022e-05, 6.19178754278e-05, 6.54770119581e-05, 7.39672614145e-05, 9.6239746199e-05, 9.7220618045e-05],
        "mean": [0.00200124899857, 0.00294908718206, 0.00197429931723, 0.00124514161143, 0.000624799286015, 0.000521979527548, 0.000352270377334, 0.000302744971123, 0.00021803114214, 0.000148352235556, 0.000123017598526, 4.80950402562e-05, 6.3205283368e-05, 3.86923711631e-05, 4.14775786339e-05, 3.65147134289e-05, 3.07013651764e-05, 1.61609787028e-05, 9.43883787841e-06, 7.2194779932e-06, 6.70100143907e-06, 7.21329570297e-06, 7.0055461947e-06, 4.60839601146e-06, 2.23320716941e-06, 2.24743871513e-06, 1.90573666714e-06, 1.61623415806e-06, 1.76814387487e-06, 2.18471973312e-06, 2.33948162531e-06, 2.44248803938e-06, 2.38640245698e-06, 2.63045694737e-06, 2.1337666567e-06, 2.28084286391e-06, 2.97885299005e-06, 3.13095233651e-06, 3.01418776871e-06, 2.91366905003e-06],
        "median": [4.03618614655e-05, 0.000530879304279, 0.000673685048241, 0.000489249359816, 0.000128596264403, 0.000129035222926, 5.46435840079e-05, 3.47651875927e-05, 1.37616925713e-05, 1.05349963633e-05, 1.16289611469e-05, 5.98730548518e-06, 6.3877419052e-06, 4.72534475193e-06, 3.60097192242e-06, 3.02812759401e-06, 3.06368451675e-06, 2.47724983637e-06, 2.19252456191e-06, 1.93414075511e-06, 1.79272672085e-06, 1.74889396476e-06, 1.51857273067e-06, 1.25896258396e-06, 6.57221164602e-07, 5.67427775877e-07, 5.28378905074e-07, 3.95523017005e-07, 3.57125401251e-07, 2.48956723681e-07, 1.52315081436e-07, 1.8928548684e-07, 3.54340130571e-07, 3.60851373671e-07, 2.82808628072e-07, 2.20093994585e-07, 2.41723512318e-07, 3.3791803844e-07, 3.45678387248e-07, 2.22325311938e-07],
        "min": [1.48201594324e-23, 2.71608785527e-23, 6.59597210658e-24, 1.53902177355e-24, 4.70435899208e-24, 5.21394183761e-24, 4.73479127365e-24, 2.19374928667e-23, 2.80394392537e-23, 1.08132619489e-23, 4.42894122323e-24, 2.56826605014e-24, 4.83505825572e-24, 4.43168369816e-24, 6.78858590723e-24, 6.41581875837e-24, 4.87473519824e-24, 8.45801674221e-24, 1.45292559296e-23, 1.87396416613e-23, 1.53037769213e-23, 9.62842836804e-24, 6.5965448196e-24, 1.03433580181e-23, 1.29065587923e-23, 1.0972917141e-23, 1.42781678143e-23, 1.18331147378e-23, 1.09750541652e-23, 1.00288510081e-23, 1.08275395425e-23, 1.17901162965e-23, 1.28313842924e-23, 8.04794160012e-24, 1.87849396322e-23, 9.78590078194e-24, 9.97768864522e-24, 1.66209537519e-23, 1.2114398082e-23, 9.04668999323e-24],
        "stdev": [0.00920200068504, 0.0112968897447, 0.00445853546262, 0.00203422317281, 0.00129156257026, 0.000973715214059, 0.000925183121581, 0.000712692446541, 0.000576114514843, 0.000391640060116, 0.000324211345287, 0.000144401390571, 0.00021339560044, 9.7579031717e-05, 0.000117231982586, 9.13624171517e-05, 8.6304571596e-05, 4.77600260638e-05, 2.65350936388e-05, 1.68183014466e-05, 1.57503800438e-05, 1.52920365508e-05, 1.43283941725e-05, 1.15300363177e-05, 5.78543858865e-06, 7.10642598278e-06, 4.36521168012e-06, 3.16313639814e-06, 4.05194941777e-06, 6.28855832474e-06, 6.92357525622e-06, 7.24311667e-06, 6.11720952293e-06, 7.04917965777e-06, 5.59050249649e-06, 6.10455845163e-06, 7.31813906896e-06, 7.38755716156e-06, 7.74628006184e-06, 7.67482106312e-06],
        "var": [8.46768161864e-05, 0.000127619714476, 1.98785364773e-05, 4.13806355937e-06, 1.66813401847e-06, 9.48121339661e-07, 8.55963776303e-07, 5.0793050832e-07, 3.3190792692e-07, 1.53381932932e-07, 1.05112988535e-07, 2.08517612066e-08, 4.55376820696e-08, 9.5216670104e-09, 1.3743337135e-08, 8.34709101838e-09, 7.44847872269e-09, 2.28102026156e-09, 7.04111213778e-10, 2.82855266986e-10, 2.48074449871e-10, 2.33846358944e-10, 2.05302871925e-10, 1.32941727071e-10, 3.34712986494e-11, 5.05012906493e-11, 1.90550734913e-11, 1.00054313792e-11, 1.64182955426e-11, 3.95459671954e-11, 4.79358948369e-11, 5.24627390142e-11, 3.74202543951e-11, 4.96909353942e-11, 3.12537183633e-11, 3.72656350223e-11, 5.35551603065e-11, 5.45760034387e-11, 6.00048483124e-11, 5.89028756326e-11]
    },
    "melbands128": {
