{
"lowlevel": {
    "average_loudness": 0.987215816975,
    "barkbands_crest": {
        "dmean": 3.35638332367,
        "dmean2": 5.4286441803,
        "dvar": 7.7837433815,
        "dvar2": 20.6103649139,
        "max": 23.6867771149,
        "mean": 11.7182102203,
        "median": 11.2404003143,
        "min": 2.91256284714,
        "stdev": 4.54100179672,
        "var": 20.6206989288
    },
    "barkbands_flatness_db": {
        "dmean": 0.0256611872464,
        "dmean2": 0.0407048165798,
        "dvar": 0.000494203995913,
        "dvar2": 0.0012181494385,
        "max": 0.238379314542,
        "mean": 0.0996328219771,
        "median": 0.0961419865489,
        "min": 0.0252908654511,
        "stdev": 0.035041179508,
        "var": 0.00122788432054
    },
    "barkbands_kurtosis": {
        "dmean": 2.19259309769,
        "dmean2": 3.51310110092,
        "dvar": 7.72557067871,
        "dvar2": 20.241481781,
        "max": 24.8975772858,
        "mean": 2.46865224838,
        "median": 1.27705192566,
        "min": -1.77807974815,
        "stdev": 3.82476902008,
        "var": 14.6288576126
    },
    "barkbands_skewness": {
        "dmean": 0.535277724266,
        "dmean2": 0.843590199947,
        "dvar": 0.241520628333,
        "dvar2": 0.581197917461,
        "max": 4.91063547134,
        "mean": 1.53674447536,
        "median": 1.43387711048,
        "min": -2.00823187828,
        "stdev": 0.828001201153,
        "var": 0.685586035252
    },
    "barkbands_spread": {
        "dmean": 8.06779575348,
        "dmean2": 12.797659874,
        "dvar": 65.5890731812,
        "dvar2": 140.003692627,
        "max": 97.2130203247,
        "mean": 32.306060791,
        "median": 31.0942955017,
        "min": 7.05016756058,
        "stdev": 14.1699447632,
        "var": 200.787338257
    },
    "dissonance": {
        "dmean": 0.0145891057327,
        "dmean2": 0.0245551168919,
        "dvar": 0.000508369121235,
        "dvar2": 0.00129339389969,
        "max": 0.499965399504,
        "mean": 0.474390685558,
        "median": 0.477372318506,
        "min": 0.000432694709161,
        "stdev": 0.0207622274756,
        "var": 0.000431070104241
    },
    "dynamic_complexity": 1.40283870697,
    "erbbands_crest": {
        "dmean": 2.52389335632,
        "dmean2": 4.12669992447,
        "dvar": 5.8757891655,
        "dvar2": 15.1930942535,
        "max": 26.7664108276,
        "mean": 7.77170801163,
        "median": 6.91456270218,
        "min": 2.38093304634,
        "stdev": 3.54621338844,
        "var": 12.5756292343
    },
    "erbbands_flatness_db": {
        "dmean": 0.0157317444682,
        "dmean2": 0.0238499976695,
        "dvar": 0.000183158015716,
        "dvar2": 0.000429770734627,
        "max": 0.205009743571,
        "mean": 0.111684128642,
        "median": 0.111153014004,
        "min": 0.0573210008442,
        "stdev": 0.0233936514705,
        "var": 0.000547262898181
    },
    "erbbands_kurtosis": {
        "dmean": 0.541483879089,
        "dmean2": 0.888855874538,
        "dvar": 0.383571565151,
        "dvar2": 0.968787610531,
        "max": 6.61280345917,
        "mean": -0.0864130631089,
        "median": -0.28167963028,
        "min": -1.45643734932,
        "stdev": 0.919142723083,
        "var": 0.844823360443
    },
    "erbbands_skewness": {
        "dmean": 0.298452883959,
        "dmean2": 0.453818500042,
        "dvar": 0.0621432326734,
        "dvar2": 0.143012478948,
        "max": 2.17190933228,
        "mean": 0.194860950112,
        "median": 0.202716678381,
        "min": -1.57667040825,
        "stdev": 0.521382510662,
        "var": 0.271839737892
    },
    "erbbands_spread": {
        "dmean": 7.42141771317,
        "dmean2": 11.3657093048,
        "dvar": 42.4446601868,
        "dvar2": 94.5352478027,
        "max": 98.2468643188,
        "mean": 43.2018508911,
        "median": 42.0416030884,
        "min": 11.0961313248,
        "stdev": 12.6422510147,
        "var": 159.826507568
    },
    "hfc": {
        "dmean": 9.38146400452,
        "dmean2": 13.8626317978,
        "dvar": 108.701408386,
        "dvar2": 210.659790039,
        "max": 121.052764893,
        "mean": 33.9334793091,
        "median": 31.9601707458,
        "min": 1.1735486636e-16,
        "stdev": 18.5073623657,
        "var": 342.52243042
    },
    "loudness_ebu128": {
        "integrated": -5.71639871597,
        "loudness_range": 0.852425575256,
        "momentary": {
            "dmean": 0.249816685915,
            "dmean2": 0.351650834084,
            "dvar": 0.0378844812512,
            "dvar2": 0.0702108666301,
            "max": -4.5226764679,
            "mean": -5.76917552948,
            "median": -5.56898117065,
            "min": -7.72654676437,
            "stdev": 0.689211130142,
            "var": 0.475011974573
        },
        "short_term": {
            "dmean": 0.0394447520375,
            "dmean2": 0.0463063195348,
            "dvar": 0.000733863853384,
            "dvar2": 0.00120030890685,
            "max": -5.12108373642,
            "mean": -5.6903424263,
            "median": -5.68111944199,
            "min": -6.20497894287,
            "stdev": 0.265301436186,
            "var": 0.0703848451376
        }
    },
    "melbands_crest": {
        "dmean": 4.304043293,
        "dmean2": 6.90529298782,
        "dvar": 13.3075914383,
        "dvar2": 31.5766506195,
        "max": 34.4499511719,
        "mean": 18.1355628967,
        "median": 17.6341743469,
        "min": 1.99587714672,
        "stdev": 6.52138710022,
        "var": 42.5284919739
    },
    "melbands_flatness_db": {
        "dmean": 0.0304954554886,
        "dmean2": 0.0481793731451,
        "dvar": 0.00064982305048,
        "dvar2": 0.00160845706705,
        "max": 0.313429772854,
        "mean": 0.17294421792,
        "median": 0.170232206583,
        "min": 0.00707157887518,
        "stdev": 0.0446874462068,
        "var": 0.00199696794152
    },
    "melbands_kurtosis": {
        "dmean": 6.35504102707,
        "dmean2": 10.3686666489,
        "dvar": 61.1870346069,
        "dvar2": 158.121566772,
        "max": 89.1845169067,
        "mean": 11.6915025711,
        "median": 8.84063911438,
        "min": -1.13292396069,
        "stdev": 10.3060207367,
        "var": 106.214057922
    },
    "melbands_skewness": {
        "dmean": 0.781656622887,
        "dmean2": 1.24125790596,
        "dvar": 0.520011782646,
        "dvar2": 1.3225249052,
        "max": 8.59805583954,
        "mean": 2.8574514389,
        "median": 2.72498440742,
        "min": -0.186825603247,
        "stdev": 1.16300165653,
        "var": 1.35257291794
    },
    "melbands_spread": {
        "dmean": 8.68605709076,
        "dmean2": 13.6989088058,
        "dvar": 77.3109970093,
        "dvar2": 158.735198975,
        "max": 136.051742554,
        "mean": 26.8430347443,
        "median": 24.3457221985,
        "min": 4.04417085648,
        "stdev": 14.6095924377,
        "var": 213.440185547
    },
    "pitch_salience": {
        "dmean": 0.0907235369086,
        "dmean2": 0.148962333798,
        "dvar": 0.00694213248789,
        "dvar2": 0.0184065196663,
        "max": 0.809163510799,
        "mean": 0.475183337927,
        "median": 0.478882312775,
        "min": 0.123592339456,
        "stdev": 0.121339067817,
        "var": 0.0147231696174
    },
    "silence_rate_20dB": {
        "dmean": 0,
        "dmean2": 0,
        "dvar": 0,
        "dvar2": 0,
        "max": 1,
        "mean": 1,
        "median": 1,
        "min": 1,
        "stdev": 0,
        "var": 0
    },
    "silence_rate_30dB": {
        "dmean": 0,
        "dmean2": 0,
        "dvar": 0,
        "dvar2": 0,
        "max": 1,
        "mean": 1,
        "median": 1,
        "min": 1,
        "stdev": 0,
        "var": 0
    },
    "silence_rate_60dB": {
        "dmean": 0.000773993786424,
        "dmean2": 0.00154918665066,
        "dvar": 0.000773391744588,
        "dvar2": 0.00154677091632,
        "max": 1,
        "mean": 0.00154679035768,
        "median": 0,
        "min": 0,
        "stdev": 0.0392987206578,
        "var": 0.00154438940808
    },
    "spectral_centroid": {
        "dmean": 300.214202881,
        "dmean2": 464.183624268,
        "dvar": 125647.570312,
        "dvar2": 197307.015625,
        "max": 11156.5429688,
        "mean": 1779.47412109,
        "median": 1740.30151367,
        "min": 533.31072998,
        "stdev": 580.365112305,
        "var": 336823.65625
    },
    "spectral_complexity": {
        "dmean": 4.34597539902,
        "dmean2": 6.63594102859,
        "dvar": 17.8114013672,
        "dvar2": 36.2036781311,
        "max": 51,
        "mean": 27.4694499969,
        "median": 27,
        "min": 0,
        "stdev": 7.32158374786,
        "var": 53.6055908203
    },
    "spectral_decrease": {
        "dmean": 3.25507487631e-09,
        "dmean2": 5.14440623434e-09,
        "dvar": 9.71044609151e-18,
        "dvar2": 2.25792480871e-17,
        "max": 3.59929132938e-29,
        "mean": -1.07817417216e-08,
        "median": -1.03041477573e-08,
        "min": -2.76944831512e-08,
        "stdev": 4.33657776355e-09,
        "var": 1.88059049043e-17
    },
    "spectral_energy": {
        "dmean": 0.012521898374,
        "dmean2": 0.0196763072163,
        "dvar": 0.000140659540193,
        "dvar2": 0.00032170227496,
        "max": 0.107084430754,
        "mean": 0.0437706261873,
        "median": 0.0418591909111,
        "min": 1.05085848968e-20,
        "stdev": 0.0167816374451,
        "var": 0.000281623360934
    },
    "spectral_energyband_high": {
        "dmean": 0.000764472817536,
        "dmean2": 0.00117091089487,
        "dvar": 1.19309004276e-06,
        "dvar2": 2.28395833801e-06,
        "max": 0.0130012780428,
        "mean": 0.00175246305298,
        "median": 0.00133521901444,
        "min": 7.93309747512e-21,
        "stdev": 0.00177304854151,
        "var": 3.14370095111e-06
    },
    "spectral_energyband_low": {
        "dmean": 0.0114630283788,
        "dmean2": 0.018362885341,
        "dvar": 0.000139808093081,
        "dvar2": 0.000361256708857,
        "max": 0.0935793817043,
        "mean": 0.0236683003604,
        "median": 0.0207747723907,
        "min": 6.53234132379e-23,
        "stdev": 0.0147449411452,
        "var": 0.000217413282371
    },
    "spectral_energyband_middle_high": {
        "dmean": 0.00244573829696,
        "dmean2": 0.00369466352277,
        "dvar": 7.67562141846e-06,
        "dvar2": 1.8032047592e-05,
        "max": 0.0322352163494,
        "mean": 0.00824390444905,
        "median": 0.00667689274997,
        "min": 1.38702446848e-21,
        "stdev": 0.00527255283669,
        "var": 2.77998133242e-05
    },
    "spectral_energyband_middle_low": {
        "dmean": 0.00477713206783,
        "dmean2": 0.00765201076865,
        "dvar": 3.51457310899e-05,
        "dvar2": 8.66048139869e-05,
        "max": 0.0536371469498,
        "mean": 0.0111722396687,
        "median": 0.00854457449168,
        "min": 1.88882911393e-22,
        "stdev": 0.00801654905081,
        "var": 6.42650629743e-05
    },
    "spectral_entropy": {
        "dmean": 0.129064843059,
        "dmean2": 0.199462771416,
        "dvar": 0.0170982033014,
        "dvar2": 0.0381797552109,
        "max": 9.81239891052,
        "mean": 7.95128297806,
        "median": 7.93998861313,
        "min": 7.30983066559,
        "stdev": 0.215942472219,
        "var": 0.0466311499476
    },
    "spectral_flux": {
        "dmean": 0.0290933251381,
        "dmean2": 0.0440732613206,
        "dvar": 0.000694041140378,
        "dvar2": 0.00127993873321,
        "max": 0.293491214514,
        "mean": 0.113683499396,
        "median": 0.106141000986,
        "min": 1.02511388267e-10,
        "stdev": 0.0420774146914,
        "var": 0.00177050894126
    },
    "spectral_kurtosis": {
        "dmean": 0.768092811108,
        "dmean2": 1.22927069664,
        "dvar": 0.493209600449,
        "dvar2": 1.25651979446,
        "max": 8.90422058105,
        "mean": 2.94540500641,
        "median": 2.93703126907,
        "min": -1.20331835747,
        "stdev": 1.11519885063,
        "var": 1.243668437
    },
    "spectral_rms": {
        "dmean": 0.00093805801589,
        "dmean2": 0.00145656755194,
        "dvar": 7.09279049715e-07,
        "dvar2": 1.59181513482e-06,
        "max": 0.0102211842313,
        "mean": 0.0064082313329,
        "median": 0.00639048032463,
        "min": 3.20191789749e-12,
        "stdev": 0.00127970986068,
        "var": 1.63765741945e-06
    },
    "spectral_rolloff": {
        "dmean": 706.213256836,
        "dmean2": 1152.16772461,
        "dvar": 1099116.125,
        "dvar2": 1916364.25,
        "max": 18690.8203125,
        "mean": 1587.86206055,
        "median": 1162.79296875,
        "min": 64.599609375,
        "stdev": 1515.51879883,
        "var": 2296797.25
    },
    "spectral_skewness": {
        "dmean": 0.151091083884,
        "dmean2": 0.235554501414,
        "dvar": 0.0178006049246,
        "dvar2": 0.0414475128055,
        "max": 2.52971768379,
        "mean": 1.39384746552,
        "median": 1.40459573269,
        "min": 0.00123580242507,
        "stdev": 0.243448451161,
        "var": 0.0592671483755
    },
    "spectral_spread": {
        "dmean": 687332.1875,
        "dmean2": 997765.4375,
        "dvar": 1.53663596134e+12,
        "dvar2": 1.98303704678e+12,
        "max": 40025464,
        "mean": 5654278,
        "median": 5439654.5,
        "min": 3209010.25,
        "stdev": 1596310.625,
        "var": 2.54820745216e+12
    },
    "spectral_strongpeak": {
        "dmean": 0.345856338739,
        "dmean2": 0.604654967785,
        "dvar": 0.459373772144,
        "dvar2": 1.22093212605,
        "max": 5.38191699982,
        "mean": 0.527266323566,
        "median": 0.370096445084,
        "min": 0,
        "stdev": 0.654837369919,
        "var": 0.428811967373
    },
    "zerocrossingrate": {
        "dmean": 0.0133517710492,
        "dmean2": 0.0167604144663,
        "dvar": 0.000329994509229,
        "dvar2": 0.000383899954613,
        "max": 0.4853515625,
        "mean": 0.069404669106,
        "median": 0.06689453125,
        "min": 0.00537109375,
        "stdev": 0.0325320884585,
        "var": 0.00105833669659
    },
    "barkbands": {
        "dmean": [0.000588661350776, 0.00997868366539, 0.0035911728628, 0.00158077036031, 0.00193249771837, 0.000725046149455, 0.000996547401883, 0.00116369815078, 0.000924477528315, 0.00115051434841, 0.000852678378578, 0.000466838246211, 0.000429177714977, 0.000371465197532, 0.000299945386359, 0.000198087553144, 0.000234927574638, 0.000304068555124, 0.00059745577164, 0.000143367258715, 0.000132212444441, 0.000159815710504, 0.000160869516549, 0.000171741747181, 0.000145068552229, 0.000104597398604, 1.76815719897e-05],
        "dmean2": [0.000846427981742, 0.0163809936494, 0.00620068330318, 0.00280853989534, 0.00316895451397, 0.00114750931971, 0.00162632518914, 0.00187640136573, 0.00147916714195, 0.00181089586113, 0.00139057682827, 0.000754818727728, 0.00071570975706, 0.000611889117863, 0.000501007016283, 0.000330380629748, 0.00037842290476, 0.000474853732157, 0.00091804045951, 0.000235854400671, 0.000214449129999, 0.000259906548308, 0.000247853808105, 0.000264126545517, 0.000225210547796, 0.000172480285983, 3.26290210069e-05],
        "dvar": [3.63437521855e-07, 0.000107384927105, 4.8775877076e-05, 9.05125125428e-06, 8.13874612504e-06, 1.27412749862e-06, 2.54888300333e-06, 5.09269875693e-06, 3.967581506e-06, 4.41969314124e-06, 2.92742970487e-06, 8.26807593057e-07, 4.43115425242e-07, 2.86181830234e-07, 2.27019270937e-07, 6.87816310574e-08, 6.71903137572e-08, 1.68196606865e-07, 9.05211663849e-07, 4.37477751802e-08, 3.31729488323e-08, 4.95313798865e-08, 7.68745138657e-08, 1.16780249471e-07, 5.12435960331e-08, 2.05591685898e-08, 1.4577355989e-09],
        "dvar2": [6.12385917975e-07, 0.000323100131936, 0.000129061911139, 2.50037301157e-05, 2.05671422009e-05, 2.76916739494e-06, 6.14294958723e-06, 1.22487672343e-05, 9.4625802376e-06, 1.12449752123e-05, 7.86365671956e-06, 2.05108403861e-06, 1.15618991003e-06, 6.86006330852e-07, 5.3672414424e-07, 1.67665547224e-07, 1.63414654253e-07, 3.85957463322e-07, 1.90191815364e-06, 1.08763053674e-07, 7.40413170774e-08, 1.24441896787e-07, 1.41780915897e-07, 1.9870152812e-07, 1.0348151136e-07, 5.05435409082e-08, 4.08443323607e-09],
        "max": [0.00604173075408, 0.074567951262, 0.0537997707725, 0.0283264815807, 0.0294166188687, 0.0253333896399, 0.0256958156824, 0.0239880885929, 0.0225151535124, 0.0231316424906, 0.0267061088234, 0.0139692109078, 0.00863770581782, 0.0059830788523, 0.0079442281276, 0.00284501654096, 0.004150881432, 0.00598949426785, 0.0134526081383, 0.00294303684495, 0.00287545635365, 0.00267876219004, 0.00597776891664, 0.00679767411202, 0.00307576684281, 0.00183116202243, 0.000461635645479],
        "mean": [0.00125884718727, 0.0182008743286, 0.00345272407867, 0.00137575250119, 0.00311430357397, 0.00127324159257, 0.00165678327903, 0.00173956796061, 0.00140120985452, 0.00182320014574, 0.00131736823823, 0.000722174998373, 0.00073485285975, 0.000614166725427, 0.000482199189719, 0.000354089104803, 0.000472417596029, 0.000611477997154, 0.00125695962925, 0.000284905254375, 0.000275689701084, 0.000316841033055, 0.000324463704601, 0.000316429068334, 0.000247145013418, 0.000130890868604, 1.20738959595e-05],
        "median": [0.000732148473617, 0.0151297599077, 0.00140899291728, 0.000500634894706, 0.00156364054419, 0.000741881958675, 0.00108650047332, 0.000879300176166, 0.000640648067929, 0.000916049757507, 0.000688451400492, 0.000401779863751, 0.00043573291623, 0.000337195611792, 0.000333396863425, 0.000254083948676, 0.000353959650965, 0.000379940087441, 0.000609816808719, 0.000210819969652, 0.000193631654838, 0.000248203403316, 0.000204068885068, 0.000183213094715, 0.000160947965924, 7.06069913576e-05, 2.09969084608e-06],
        "min": [5.91720384043e-24, 1.87228373463e-23, 4.11991474548e-23, 4.84951097636e-24, 6.12348418295e-23, 1.28367382913e-23, 5.25761436061e-23, 8.84783866941e-24, 4.4234441249e-23, 3.65542366261e-23, 1.36675389866e-22, 3.82517453873e-23, 3.56376181196e-23, 1.20587474161e-22, 1.76528769015e-22, 8.59734567083e-23, 2.68450451519e-22, 1.50534552633e-22, 1.92379837122e-22, 3.3937154601e-22, 4.04976727742e-22, 5.70876145106e-22, 6.75479807958e-22, 8.62013478953e-22, 1.43168485044e-21, 1.880147605e-21, 2.08264812364e-21],
        "stdev": [0.00125238567125, 0.0128673389554, 0.00619611749426, 0.00255689653568, 0.00404836656526, 0.0017690428067, 0.002049601404, 0.00266155973077, 0.00254591275007, 0.002608215902, 0.00206854799762, 0.00108642049599, 0.000895965727977, 0.000739007664379, 0.000561475404538, 0.000334156065946, 0.000406019127695, 0.00063946004957, 0.00164198107086, 0.000269638636382, 0.000273268349702, 0.000299063482089, 0.000446594407549, 0.000520560250152, 0.000321151164826, 0.000172906002263, 2.99576859106e-05],
        "var": [1.56846999744e-06, 0.000165568417287, 3.83918704756e-05, 6.53772031001e-06, 1.63892727869e-05, 3.12951260639e-06, 4.20086553277e-06, 7.08390007276e-06, 6.48167178952e-06, 6.80279072185e-06, 4.27889108323e-06, 1.18030936846e-06, 8.02754584583e-07, 5.46132298496e-07, 3.15254652605e-07, 1.11660270363e-07, 1.64851542195e-07, 4.08909130556e-07, 2.69610200121e-06, 7.27049922489e-08, 7.46755901559e-08, 8.94389700079e-08, 1.99446574811e-07, 2.70982951633e-07, 1.03138077634e-07, 2.9896483511e-08, 8.9746299281e-10]
    },
    "erbbands": {
        "dmean": [0.325409114361, 2.19582128525, 4.14203977585, 4.63535022736, 5.48718881607, 7.64854049683, 6.60623073578, 5.66920232773, 10.7578992844, 20.0250034332, 23.0935173035, 23.0666828156, 28.2128391266, 36.1283111572, 29.0346450806, 18.3354148865, 18.3752307892, 20.1295719147, 16.6143360138, 9.92870998383, 11.8877630234, 10.2255878448, 13.7592201233, 32.0028266907, 19.638420105, 6.37196350098, 5.34087944031, 5.76442718506, 5.70773553848, 5.25197792053, 4.68748998642, 3.54936337471, 3.00404143333, 1.85460352898, 0.964529395103, 0.465010285378, 0.196385830641, 0.0518646240234, 0.00182036845945, 4.34695430158e-05],
        "dmean2": [0.494244456291, 3.65988707542, 6.81836223602, 8.16094398499, 9.56106090546, 12.1970586777, 9.94184684753, 9.28373718262, 17.4744987488, 32.2095375061, 37.4836921692, 36.3409614563, 45.8037643433, 58.3542480469, 46.0002098083, 29.5440063477, 30.4386234283, 32.9296379089, 27.2039699554, 15.790063858, 19.5708351135, 16.3174743652, 21.2917537689, 48.4950752258, 30.4502620697, 10.3183174133, 8.94381809235, 9.27597427368, 9.35144615173, 8.40929222107, 7.23118829727, 5.48070716858, 4.61483001709, 2.9248290062, 1.4894952774, 0.73101234436, 0.335937350988, 0.0947802737355, 0.00336432503536, 7.30266401661e-05],
        "dvar": [0.106306090951, 6.44672679901, 48.3856658936, 80.1656188965, 92.2759857178, 144.794784546, 124.228027344, 83.8597106934, 247.480026245, 1160.80322266, 2907.79345703, 2574.48095703, 3163.27197266, 4568.50683594, 3790.81005859, 1360.9901123, 751.395141602, 861.707641602, 672.275634766, 219.832336426, 187.024810791, 141.367233276, 278.07901001, 2446.65966797, 982.487060547, 96.2335891724, 58.0725326538, 83.5169677734, 64.8257217407, 67.3779296875, 73.1050491333, 38.5295372009, 40.0087242126, 9.86282920837, 2.13341426849, 0.487602770329, 0.0830866843462, 0.0074823461473, 1.71245083038e-05, 4.07257205737e-09],
        "dvar2": [0.274091988802, 18.4199237823, 119.24067688, 219.592498779, 258.243164062, 350.39263916, 232.826217651, 197.346542358, 638.305908203, 2841.44677734, 7449.66748047, 6087.49609375, 8142.04492188, 12201.7216797, 9648.81054688, 3505.99853516, 1924.89111328, 2054.57348633, 1580.4140625, 532.805847168, 460.177825928, 336.187988281, 604.919372559, 5130.23144531, 2134.02807617, 237.661026001, 138.457077026, 198.623168945, 165.738143921, 153.825332642, 143.543914795, 74.5735092163, 63.1669921875, 20.4383163452, 4.25598716736, 1.12230193615, 0.213159307837, 0.020560381934, 4.84730444441e-05, 1.12096039118e-08],
        "max": [2.65775370598, 19.794303894, 52.1246948242, 66.4646987915, 94.2369155884, 165.840499878, 282.033447266, 122.961303711, 225.313919067, 466.753295898, 596.214355469, 696.214233398, 581.855895996, 891.161499023, 1257.50158691, 621.482971191, 353.880249023, 486.288604736, 494.17199707, 215.54699707, 185.761734009, 223.040679932, 211.552276611, 725.743835449, 583.401855469, 156.766662598, 124.24621582, 138.873168945, 109.968437195, 125.625778198, 203.247238159, 109.550231934, 123.732467651, 34.615814209, 24.4274406433, 12.4987754822, 3.353317976, 0.656426370144, 0.0611863061786, 0.000847530260216],
        "mean": [0.700623452663, 3.29932689667, 4.7069196701, 4.38884687424, 6.17381668091, 12.5028734207, 11.2387371063, 10.17856884, 19.0226554871, 33.9457778931, 33.4494018555, 36.9855728149, 45.0346641541, 62.0424041748, 50.0111236572, 32.0851707458, 33.6645774841, 36.0108604431, 29.5238323212, 18.2775936127, 23.79662323, 22.7180080414, 30.1507873535, 66.5368270874, 41.752494812, 13.568602562, 10.8893918991, 11.4155483246, 11.24214077, 10.5689620972, 9.11216068268, 6.54840230942, 5.25155735016, 3.09153962135, 1.57900750637, 0.700953781605, 0.215857088566, 0.0409401617944, 0.00134847103618, 8.66601476446e-05],
        "median": [0.436760336161, 2.57928419113, 2.36460828781, 1.80068349838, 3.12499451637, 5.40623903275, 5.24991178513, 6.46596813202, 13.3559770584, 19.9210414886, 17.1772975922, 17.9212055206, 23.2115116119, 32.4639587402, 24.3957481384, 19.4794654846, 21.1735305786, 20.6970500946, 20.3419284821, 13.2816095352, 18.4213523865, 18.0847148895, 20.4764881134, 36.0731086731, 22.0765132904, 10.5263986588, 7.94999074936, 7.85018491745, 8.76285648346, 7.2489323616, 5.66949224472, 3.89137864113, 3.03347206116, 1.9635206461, 1.03171169758, 0.427844017744, 0.107652999461, 0.0143760684878, 0.000369740766473, 7.20329189789e-05],
        "min": [9.3832109241e-22, 3.48126028987e-21, 3.94156085525e-20, 3.24637532713e-20, 1.99666950059e-19, 1.28282090376e-19, 5.78157372156e-20, 1.52134050134e-19, 4.31162724414e-19, 7.90961682252e-19, 3.28861808392e-19, 8.97673874933e-19, 8.48895861391e-19, 2.08077138331e-18, 5.91897565914e-18, 1.95417862839e-18, 2.10186697047e-18, 5.608767213e-18, 6.72834872746e-18, 8.37972920723e-18, 6.5599537799e-18, 1.47456822501e-17, 6.97748849693e-18, 1.15573567652e-17, 1.10274053078e-17, 1.64388399003e-17, 2.00845673126e-17, 1.13224275451e-17, 1.37901198978e-17, 2.60281710337e-17, 2.17166327115e-17, 1.72198886501e-17, 1.49489139092e-17, 1.41465437519e-17, 1.0806775559e-17, 5.37418954462e-18, 4.0450364453e-18, 1.29861028239e-18, 2.803056602e-19, 3.42492420105e-20],
        "stdev": [0.613662719727, 2.70135068893, 6.85564899445, 7.62540388107, 8.75305080414, 19.1350975037, 19.6728458405, 12.1332178116, 19.7125244141, 41.6873664856, 58.0420265198, 67.3513565063, 64.4125518799, 93.244682312, 78.2487335205, 43.5813674927, 38.0727005005, 41.5512046814, 32.544921875, 17.5419254303, 18.6920566559, 18.5166873932, 28.6005496979, 81.1669082642, 55.3171844482, 12.5559005737, 10.109498024, 12.6419095993, 10.6373786926, 11.7459344864, 13.1998596191, 9.53108787537, 9.41860485077, 4.23763990402, 2.13704276085, 0.940675199032, 0.307864576578, 0.0719713792205, 0.00320315244608, 5.96770369157e-05],
        "var": [0.376581907272, 7.29729509354, 46.9999198914, 58.1467819214, 76.6158981323, 366.151977539, 387.020874023, 147.214981079, 388.583648682, 1737.83642578, 3368.87695312, 4536.20507812, 4148.97705078, 8694.5703125, 6122.86474609, 1899.33569336, 1449.53051758, 1726.50268555, 1059.171875, 307.719177246, 349.392974854, 342.867706299, 817.991394043, 6588.06640625, 3059.9909668, 157.650650024, 102.201942444, 159.817871094, 113.153823853, 137.96697998, 174.236297607, 90.8416442871, 88.7101135254, 17.9575901031, 4.56695127487, 0.884869873524, 0.0947805941105, 0.00517987925559, 1.02601852632e-05, 3.56134877144e-09]
    },
    "gfcc": {
        "mean": [67.197593689, 68.8604354858, -104.807762146, 35.6465301514, -54.6935768127, 28.0421466827, -30.2011795044, 26.3631725311, -22.4632644653, 10.2628002167, -11.3156147003, 8.59621143341, -13.8761777878],
        "cov": [[2682.54077148, -267.958465576, -50.4288253784, 32.2139015198, -143.189651489, -1.42646002769, -78.9331970215, -27.7160072327, -130.451843262, -69.7433624268, -86.7975082397, 7.23310661316, -147.739074707], [-267.958465576, 421.057556152, -118.043647766, 6.46304655075, 19.7094593048, -28.6053924561, 27.0199584961, 6.60719442368, 45.1749572754, -0.280284643173, 49.7495269775, -15.3887929916, 54.1254348755], [-50.4288253784, -118.043647766, 250.845474243, -29.7691631317, 18.9898700714, -6.81096553802, -44.4197349548, -16.9797515869, -16.9928245544, 24.6254520416, -47.632183075, -5.37849283218, -3.27675414085], [32.2139015198, 6.46304655075, -29.7691631317, 157.399337769, -21.8246536255, -8.42619800568, -24.1704788208, -1.87236118317, 9.08282375336, -4.16743516922, 17.3421974182, -18.316286087, 11.7341928482], [-143.189651489, 19.7094593048, 18.9898700714, -21.8246536255, 127.680496216, 17.1334438324, 27.6206226349, 11.3355169296, 14.6847333908, 14.1062850952, -0.441975772381, 14.2249193192, 3.47676873207], [-1.42646002769, -28.6053924561, -6.81096553802, -8.42619800568, 17.1334438324, 122.256103516, 38.8080215454, 13.1847076416, -9.00231075287, 1.48722040653, -0.0229190904647, 2.0117623806, 1.34054362774], [-78.9331970215, 27.0199584961, -44.4197349548, -24.1704788208, 27.6206226349, 38.8080215454, 108.459838867, 26.9676914215, 22.155210495, -6.63066577911, 27.8932819366, 19.9223175049, 1.17889785767], [-27.7160072327, 6.60719442368, -16.9797515869, -1.87236118317, 11.3355169296, 13.1847076416, 26.9676914215, 70.26587677, 32.1598548889, 12.3838529587, 10.7295675278, 4.37641859055, 9.53660488129], [-130.451843262, 45.1749572754, -16.9928245544, 9.08282375336, 14.6847333908, -9.00231075287, 22.155210495, 32.1598548889, 86.5905838013, 33.7823753357, 19.8010196686, 4.75242424011, 21.9800834656], [-69.7433624268, -0.280284643173, 24.6254520416, -4.16743516922, 14.1062850952, 1.48722040653, -6.63066577911, 12.3838529587, 33.7823753357, 72.1998062134, 26.5434684753, 4.77551174164, 15.7959680557], [-86.7975082397, 49.7495269775, -47.632183075, 17.3421974182, -0.441975772381, -0.0229190904647, 27.8932819366, 10.7295675278, 19.8010196686, 26.5434684753, 87.0271835327, 27.7170906067, 18.5438899994], [7.23310661316, -15.3887929916, -5.37849283218, -18.316286087, 14.2249193192, 2.0117623806, 19.9223175049, 4.37641859055, 4.75242424011, 4.77551174164, 27.7170906067, 66.7022323608, 29.247335434], [-147.739074707, 54.1254348755, -3.27675414085, 11.7341928482, 3.47676873207, 1.34054362774, 1.17889785767, 9.53660488129, 21.9800834656, 15.7959680557, 18.5438899994, 29.247335434, 74.9986877441]],
        "icov": [[0.000535194994882, 1.32852128445e-05, 0.000270647316938, -0.000315008248435, 0.000568291230593, -7.77917011874e-05, 0.000261774664978, -0.000309782248223, 0.000524380302522, -0.000371067551896, 0.000794265069999, -0.00121513905469, 0.00131807313301], [1.32852128445e-05, 0.00407835748047, 0.00152315094601, 0.00123070122208, -0.00128502154257, 0.00112314149737, -0.000210317244637, 0.00102708034683, -0.00118437211495, 0.00175920710899, -0.00259916088544, 0.00455439323559, -0.00428775930777], [0.000270647316938, 0.00152315094601, 0.00610924931243, 0.000740626419429, -0.000866903574206, 0.000565142894629, 0.00111758394632, 0.000757645000704, 0.00112462684046, -0.00306244893, 0.00298403971829, 0.000127247389173, -0.000970910652541], [-0.000315008248435, 0.00123070122208, 0.000740626419429, 0.00853333249688, -0.000439974508481, -0.000167343139765, 0.00257701263763, 0.000616907549556, -0.00226194015704, 0.00344876130112, -0.00469420803711, 0.00563103705645, -0.00400575343519], [0.000568291230593, -0.00128502154257, -0.000866903574206, -0.000439974508481, 0.010096186772, -0.00097959744744, -0.00199227803387, -0.000794579391368, 0.000182175135706, -0.00291044847108, 0.00332803977653, -0.00466683739796, 0.00331629184075], [-7.77917011874e-05, 0.00112314149737, 0.000565142894629, -0.000167343139765, -0.00097959744744, 0.0105403484777, -0.00487915845588, -0.0011152564548, 0.00347936735488, -0.00214434927329, 0.000995632726699, 0.00229763216339, -0.00254766223952], [0.000261774664978, -0.000210317244637, 0.00111758394632, 0.00257701263763, -0.00199227803387, -0.00487915845588, 0.0166271459311, -0.0030892631039, -0.0046817632392, 0.00612720893696, -0.00503549305722, -0.0028209683951, 0.00305087096058], [-0.000309782248223, 0.00102708034683, 0.000757645000704, 0.000616907549556, -0.000794579391368, -0.0011152564548, -0.0030892631039, 0.0190122704953, -0.00641894200817, -0.00026272184914, -0.000588609836996, 0.00219712476246, -0.00250182347372], [0.000524380302522, -0.00118437211495, 0.00112462684046, -0.00226194015704, 0.000182175135706, 0.00347936735488, -0.0046817632392, -0.00641894200817, 0.0208983756602, -0.0101261744276, 0.00343828066252, -0.000745516270399, -0.00144149374682], [-0.000371067551896, 0.00175920710899, -0.00306244893, 0.00344876130112, -0.00291044847108, -0.00214434927329, 0.00612720893696, -0.00026272184914, -0.0101261744276, 0.02572741732, -0.0121750514954, 0.00583372358233, -0.00427914177999], [0.000794265069999, -0.00259916088544, 0.00298403971829, -0.00469420803711, 0.00332803977653, 0.000995632726699, -0.00503549305722, -0.000588609836996, 0.00343828066252, -0.0121750514954, 0.0238818265498, -0.0123057495803, 0.00473769661039], [-0.00121513905469, 0.00455439323559, 0.000127247389173, 0.00563103705645, -0.00466683739796, 0.00229763216339, -0.0028209683951, 0.00219712476246, -0.000745516270399, 0.00583372358233, -0.0123057495803, 0.0315002985299, -0.0168674793094], [0.00131807313301, -0.00428775930777, -0.000970910652541, -0.00400575343519, 0.00331629184075, -0.00254766223952, 0.00305087096058, -0.00250182347372, -0.00144149374682, -0.00427914177999, 0.00473769661039, -0.0168674793094, 0.0265008490533]]
    },
    "melbands": {
        "dmean": [0.00278040696867, 0.00208143005148, 0.000787319964729, 0.000459223025246, 0.000242589085246, 0.000126891201944, 0.000182233125088, 0.000227737880778, 0.000180337534402, 0.000147612081491, 0.000144339122926, 0.000151334723341, 0.000101113604615, 6.06697540206e-05, 4.07690713473e-05, 4.36163900304e-05, 4.07992738474e-05, 2.80768381344e-05, 1.92280149349e-05, 1.50765281433e-05, 1.5576790247e-05, 1.21388065963e-05, 1.17187746582e-05, 1.54364752234e-05, 2.99857401842e-05, 2.24287250603e-05, 7.15901251169e-06, 4.13883844885e-06, 3.71308260583e-06, 3.24069969793e-06, 3.81392374038e-06, 3.60612716577e-06, 3.07087407236e-06, 3.17461626764e-06, 3.04909167426e-06, 2.41290922531e-06, 2.29169563681e-06, 2.28341923503e-06, 1.93191362996e-06, 1.52896825512e-06],
        "dmean2": [0.00443886918947, 0.003386993194, 0.00137339683715, 0.000766819459386, 0.000367498199921, 0.000205952383112, 0.00029543065466, 0.000365984393284, 0.000293348100968, 0.000233602651861, 0.000235084458836, 0.000244718190515, 0.000162176598678, 9.75828661467e-05, 6.73195827403e-05, 7.20939060557e-05, 6.70650115353e-05, 4.59497787233e-05, 3.15833349305e-05, 2.48737687798e-05, 2.55801860476e-05, 1.96022083401e-05, 1.88131853065e-05, 2.39454984694e-05, 4.56960260635e-05, 3.46211600117e-05, 1.1401505617e-05, 6.84764245307e-06, 6.23315872872e-06, 5.35007893632e-06, 6.24619815426e-06, 5.92447349845e-06, 5.02867032992e-06, 5.03473074787e-06, 4.79268464915e-06, 3.76003345082e-06, 3.5554560327e-06, 3.51312337443e-06, 3.05190178551e-06, 2.4270227641e-06],
        "dvar": [7.37943764761e-06, 8.22393485578e-06, 2.06608729059e-06, 4.80146638893e-07, 1.37284573043e-07, 3.89230407905e-08, 7.41602832477e-08, 1.46867222384e-07, 1.79811010526e-07, 1.07437678309e-07, 8.47806518323e-08, 8.33863822436e-08, 4.63247040727e-08, 1.12520348594e-08, 6.37128483305e-09, 4.25625490408e-09, 3.4209746147e-09, 1.93213600674e-09, 1.08627185025e-09, 4.56013837802e-10, 3.28523847015e-10, 2.16861514857e-10, 1.90860507954e-10, 4.32029134689e-10, 2.26797713943e-09, 1.59866919702e-09, 8.77544981126e-11, 4.23102004821e-11, 2.93968044351e-11, 2.06609104825e-11, 3.72800956772e-11, 2.78901242379e-11, 1.67715112631e-11, 2.70088586912e-11, 3.20450714575e-11, 1.61334209881e-11, 1.84507895074e-11, 2.57278746918e-11, 1.27751446574e-11, 6.45703802926e-12],
        "dvar2": [2.20838137466e-05, 1.8931887098e-05, 5.60987655263e-06, 1.26137763345e-06, 2.70257601187e-07, 9.15330105045e-08, 1.84760281741e-07, 3.49114230858e-07, 4.70955257015e-07, 2.53660772387e-07, 2.18746620817e-07, 2.1884676471e-07, 1.1519806975e-07, 2.74691522861e-08, 1.63942299736e-08, 1.04336539408e-08, 8.23396906213e-09, 4.70064343006e-09, 2.66484723177e-09, 1.14615261726e-09, 8.21241574744e-10, 5.14836284715e-10, 4.77700046186e-10, 9.83143233491e-10, 4.87665818838e-09, 3.50409323779e-09, 2.05571226708e-10, 1.04839290027e-10, 7.41079281275e-11, 4.42127306988e-11, 9.14866515878e-11, 7.13397396712e-11, 4.28137525432e-11, 6.16937403941e-11, 6.62442253829e-11, 3.59305155073e-11, 3.70774383418e-11, 4.29237617672e-11, 2.40972033994e-11, 1.39955642561e-11],
        "max": [0.0209616161883, 0.0208006408066, 0.012573893182, 0.00671934662387, 0.00748824886978, 0.00236112484708, 0.00444024801254, 0.00486331433058, 0.00486192060634, 0.00420702435076, 0.00299627310596, 0.00342468428425, 0.00393566442654, 0.00189799349755, 0.00160595634952, 0.00101425731555, 0.00080326461466, 0.000741273339372, 0.000477096182294, 0.000260745844571, 0.000255344522884, 0.000325495289871, 0.000132561690407, 0.000263412715867, 0.000692682806402, 0.000728886108845, 0.000106519881228, 0.000106108534965, 9.02615938685e-05, 8.10856508906e-05, 9.17212819331e-05, 7.23033590475e-05, 5.13789527758e-05, 7.47338490328e-05, 0.000125287042465, 8.20709610707e-05, 8.62065644469e-05, 0.000107036736154, 6.09342314419e-05, 3.35958611686e-05],
        "mean": [0.00551267899573, 0.00301943486556, 0.000794175779447, 0.000681422767229, 0.000434728979599, 0.000225767711527, 0.00031664952985, 0.000382970581995, 0.000252104131505, 0.000231790152611, 0.000220624773647, 0.000249348988291, 0.000162610842381, 0.000102641366539, 6.69008149998e-05, 7.60361363064e-05, 6.62641105009e-05, 4.7189048928e-05, 3.04393615806e-05, 2.46069866989e-05, 2.89695362881e-05, 2.44972034125e-05, 2.25647527259e-05, 3.10438481392e-05, 5.7860648667e-05, 4.39690629719e-05, 1.37577617352e-05, 7.62470563132e-06, 6.78607148075e-06, 6.32488308838e-06, 6.86797693561e-06, 6.54748782836e-06, 5.76138018005e-06, 5.95636629441e-06, 5.60477292311e-06, 4.12386725657e-06, 3.96767381972e-06, 3.81578001907e-06, 3.14690328196e-06, 2.41617749452e-06],
        "median": [0.00424208538607, 0.00206619757228, 0.000367639586329, 0.000332158466335, 0.000206833195989, 0.000140560761793, 0.000221268797759, 0.000219934954657, 0.000124417623738, 0.000107891413791, 0.000106628423964, 0.000122136712889, 8.16028550616e-05, 6.23641026323e-05, 4.17446572101e-05, 4.59871916973e-05, 3.5501554521e-05, 3.10434952553e-05, 2.04676052817e-05, 1.69867689692e-05, 2.11708720599e-05, 1.84967866517e-05, 1.6425477952e-05, 1.72615873453e-05, 2.92659624392e-05, 1.84389482456e-05, 9.22607705434e-06, 5.41976578461e-06, 4.97818973599e-06, 4.25919779445e-06, 4.63055857836e-06, 4.89181866214e-06, 4.4303183131e-06, 3.82154303225e-06, 3.31893397743e-06, 2.56258726949e-06, 2.24337577492e-06, 2.09917698157e-06, 1.94602102965e-06, 1.49972333929e-06],
        "min": [6.4822940947e-24, 1.39226266266e-23, 1.05892278184e-23, 1.40590900969e-23, 2.47311325332e-24, 2.91803790361e-24, 8.39035929781e-24, 7.31012630636e-24, 3.11987762976e-24, 6.00233139844e-24, 4.14066226061e-24, 7.20015751845e-24, 1.84772144594e-23, 6.33106235942e-24, 6.18909421775e-24, 4.38873811048e-24, 1.14680796091e-23, 9.75882313137e-24, 1.38918531627e-23, 7.63274043988e-24, 8.18894417605e-24, 1.59704921816e-23, 9.20942568709e-24, 6.98093307289e-24, 9.83346120592e-24, 6.13829670305e-24, 8.68770779426e-24, 1.15897661369e-23, 1.27721408384e-23, 9.72982302677e-24, 5.4454350424e-24, 5.49816999948e-24, 1.58069518497e-23, 1.22257079334e-23, 1.1223331569e-23, 1.18456734035e-23, 1.06973301614e-23, 9.94547077699e-24, 1.23064620466e-23, 1.14665657851e-23],
        "stdev": [0.00412947218865, 0.00311378296465, 0.00125475414097, 0.000904122018255, 0.000653618830256, 0.000268209900241, 0.000352506584022, 0.000480941700516, 0.000444944773335, 0.000435250578448, 0.00032980836113, 0.000394617731217, 0.000264352594968, 0.000135416776175, 9.56162475632e-05, 9.71039044089e-05, 8.11122881714e-05, 5.4696432926e-05, 3.66986059817e-05, 2.49907097896e-05, 2.52034005825e-05, 2.20771598833e-05, 2.01764414669e-05, 3.43111496477e-05, 7.56281806389e-05, 6.96801944287e-05, 1.38583345688e-05, 7.93521394371e-06, 6.49462526781e-06, 7.01857470631e-06, 7.96015501692e-06, 6.74236571285e-06, 5.3338599173e-06, 7.43782311474e-06, 8.47437877383e-06, 5.7659635786e-06, 6.22651305093e-06, 7.38732114769e-06, 4.86285580337e-06, 3.33219782078e-06],
        "var": [1.70525418071e-05, 9.69564462139e-06, 1.57440797466e-06, 8.17436614398e-07, 4.2721754312e-07, 7.19365473856e-08, 1.24260893131e-07, 2.31304909448e-07, 1.97975850824e-07, 1.89443071008e-07, 1.08773562602e-07, 1.55723157036e-07, 6.98822972822e-08, 1.83377029117e-08, 9.14246633954e-09, 9.42916766888e-09, 6.57920296021e-09, 2.9916997768e-09, 1.3467877924e-09, 6.2453558991e-10, 6.35211383493e-10, 4.87400952931e-10, 4.07088779353e-10, 1.17725507121e-09, 5.71962166518e-09, 4.8553299159e-09, 1.92053442594e-10, 6.29676172315e-11, 4.2180155202e-11, 4.92603909052e-11, 6.33640639958e-11, 4.54594972776e-11, 2.84500617509e-11, 5.5321209419e-11, 7.1815095537e-11, 3.32463362396e-11, 3.87694633341e-11, 5.45725166445e-11, 2.36473670506e-11, 1.11035416972e-11]
    },
    "melbands128": {
