{
"lowlevel": {
    "average_loudness": 0.960496842861,
    "barkbands_crest": {
        "dmean": 2.48217535019,
        "dmean2": 4.02287769318,
        "dvar": 5.0278711319,
        "dvar2": 13.3348722458,
        "max": 21.4639091492,
        "mean": 10.3473348618,
        "median": 9.7987947464,
        "min": 3.63551163673,
        "stdev": 3.55323314667,
        "var": 12.6254663467
    },
    "barkbands_flatness_db": {
        "dmean": 0.0225966833532,
        "dmean2": 0.0337754786015,
        "dvar": 0.000501068891026,
        "dvar2": 0.00117157085333,
        "max": 0.30406922102,
        "mean": 0.149182826281,
        "median": 0.148463815451,
        "min": 0.046813711524,
        "stdev": 0.0411624014378,
        "var": 0.00169434316922
    },
    "barkbands_kurtosis": {
        "dmean": 3.35445165634,
        "dmean2": 5.38640451431,
        "dvar": 46.0657081604,
        "dvar2": 125.256256104,
        "max": 108.572067261,
        "mean": 5.00586032867,
        "median": 3.00451517105,
        "min": -1.87340974808,
        "stdev": 7.26469326019,
        "var": 52.77576828
    },
    "barkbands_skewness": {
        "dmean": 0.561617434025,
        "dmean2": 0.861134409904,
        "dvar": 0.453543424606,
        "dvar2": 1.11771857738,
        "max": 9.10708236694,
        "mean": 1.89208173752,
        "median": 1.78950369358,
        "min": -0.634852826595,
        "stdev": 1.01723992825,
        "var": 1.03477716446
    },
    "barkbands_spread": {
        "dmean": 5.49424743652,
        "dmean2": 8.18348884583,
        "dvar": 60.9817428589,
        "dvar2": 114.624404907,
        "max": 87.8982162476,
        "mean": 18.2870635986,
        "median": 14.6904315948,
        "min": 1.98757469654,
        "stdev": 13.7490463257,
        "var": 189.0362854
    },
    "dissonance": {
        "dmean": 0.0199092850089,
        "dmean2": 0.0326678939164,
        "dvar": 0.000401296798373,
        "dvar2": 0.000981158111244,
        "max": 0.499970257282,
        "mean": 0.455279648304,
        "median": 0.461591690779,
        "min": 0.137004047632,
        "stdev": 0.0307857617736,
        "var": 0.000947763153818
    },
    "dynamic_complexity": 2.42666125298,
    "erbbands_crest": {
        "dmean": 2.50909113884,
        "dmean2": 4.01523542404,
        "dvar": 4.84778356552,
        "dvar2": 12.3993406296,
        "max": 21.215461731,
        "mean": 8.16957855225,
        "median": 7.24502420425,
        "min": 2.5567343235,
        "stdev": 3.4151301384,
        "var": 11.6631135941
    },
    "erbbands_flatness_db": {
        "dmean": 0.0164975114167,
        "dmean2": 0.0227581635118,
        "dvar": 0.000259847438429,
        "dvar2": 0.000459039991256,
        "max": 0.267312467098,
        "mean": 0.157056927681,
        "median": 0.156602174044,
        "min": 0.0664691478014,
        "stdev": 0.0381891690195,
        "var": 0.00145841261838
    },
    "erbbands_kurtosis": {
        "dmean": 0.655122816563,
        "dmean2": 0.995282769203,
        "dvar": 0.595436692238,
        "dvar2": 1.29793179035,
        "max": 8.20080757141,
        "mean": -0.04227046296,
        "median": -0.443479299545,
        "min": -1.77166688442,
        "stdev": 1.31337571144,
        "var": 1.7249557972
    },
    "erbbands_skewness": {
        "dmean": 0.344911515713,
        "dmean2": 0.52634459734,
        "dvar": 0.0928528085351,
        "dvar2": 0.205175206065,
        "max": 2.45385575294,
        "mean": 0.344836562872,
        "median": 0.323903590441,
        "min": -1.72792184353,
        "stdev": 0.59870839119,
        "var": 0.358451724052
    },
    "erbbands_spread": {
        "dmean": 7.96681594849,
        "dmean2": 11.5617218018,
        "dvar": 81.9512023926,
        "dvar2": 165.902114868,
        "max": 128.698455811,
        "mean": 41.1049919128,
        "median": 36.8648529053,
        "min": 7.35790967941,
        "stdev": 18.5664367676,
        "var": 344.712585449
    },
    "hfc": {
        "dmean": 5.10800170898,
        "dmean2": 7.1124830246,
        "dvar": 45.7643241882,
        "dvar2": 82.4643554688,
        "max": 79.6292495728,
        "mean": 17.7608299255,
        "median": 14.3006105423,
        "min": 6.17023397353e-06,
        "stdev": 13.853521347,
        "var": 191.920059204
    },
    "loudness_ebu128": {
        "integrated": -8.40180301666,
        "loudness_range": 2.63528728485,
        "momentary": {
            "dmean": 0.569254159927,
            "dmean2": 0.616615712643,
            "dvar": 0.321396917105,
            "dvar2": 0.332350045443,
            "max": -5.7236199379,
            "mean": -8.83316516876,
            "median": -8.30852890015,
            "min": -16.8919029236,
            "stdev": 2.14305686951,
            "var": 4.59269237518
        },
        "short_term": {
            "dmean": 0.081926330924,
            "dmean2": 0.0888059809804,
            "dvar": 0.00475137820467,
            "dvar2": 0.00598250655457,
            "max": -6.74813079834,
            "mean": -8.59896087646,
            "median": -8.48316955566,
            "min": -10.8088407516,
            "stdev": 0.927156209946,
            "var": 0.859618604183
        }
    },
    "melbands_crest": {
        "dmean": 3.09786534309,
        "dmean2": 5.08242559433,
        "dvar": 8.41533374786,
        "dvar2": 22.3401107788,
        "max": 27.6177978516,
        "mean": 14.5204906464,
        "median": 13.7667999268,
        "min": 4.90228748322,
        "stdev": 4.569272995,
        "var": 20.8782577515
    },
    "melbands_flatness_db": {
        "dmean": 0.0268348064274,
        "dmean2": 0.0396080575883,
        "dvar": 0.000759182556067,
        "dvar2": 0.00174855045043,
        "max": 0.385618209839,
        "mean": 0.216429695487,
        "median": 0.214634969831,
        "min": 0.0770005434752,
        "stdev": 0.0504229329526,
        "var": 0.00254247221164
    },
    "melbands_kurtosis": {
        "dmean": 7.79280233383,
        "dmean2": 12.7257833481,
        "dvar": 312.177429199,
        "dvar2": 846.357299805,
        "max": 264.323150635,
        "mean": 13.7927207947,
        "median": 9.27398490906,
        "min": -0.52442240715,
        "stdev": 17.4039974213,
        "var": 302.899108887
    },
    "melbands_skewness": {
        "dmean": 0.734420597553,
        "dmean2": 1.13189017773,
        "dvar": 0.93550491333,
        "dvar2": 2.34687232971,
        "max": 11.7934989929,
        "mean": 2.88343667984,
        "median": 2.67702150345,
        "min": -0.633330643177,
        "stdev": 1.41172230244,
        "var": 1.99295973778
    },
    "melbands_spread": {
        "dmean": 5.7864356041,
        "dmean2": 8.77478599548,
        "dvar": 61.803237915,
        "dvar2": 136.435958862,
        "max": 119.013542175,
        "mean": 17.2619476318,
        "median": 14.9594068527,
        "min": 1.14325118065,
        "stdev": 11.5645799637,
        "var": 133.739501953
    },
    "pitch_salience": {
        "dmean": 0.0705127716064,
        "dmean2": 0.114116631448,
        "dvar": 0.00441541988403,
        "dvar2": 0.0119003998116,
        "max": 0.840534985065,
        "mean": 0.544551193714,
        "median": 0.556231319904,
        "min": 0.144943833351,
        "stdev": 0.100683689117,
        "var": 0.0101372050121
    },
    "silence_rate_20dB": {
        "dmean": 0,
        "dmean2": 0,
        "dvar": 0,
        "dvar2": 0,
        "max": 1,
        "mean": 1,
        "median": 1,
        "min": 1,
        "stdev": 0,
        "var": 0
    },
    "silence_rate_30dB": {
        "dmean": 0.00773993786424,
        "dmean2": 0.0154918665066,
        "dvar": 0.0076800705865,
        "dvar2": 0.0229978896677,
        "max": 1,
        "mean": 0.996133029461,
        "median": 1,
        "min": 0,
        "stdev": 0.0620645396411,
        "var": 0.00385200721212
    },
    "silence_rate_60dB": {
        "dmean": 0.00541795650497,
        "dmean2": 0.0100697129965,
        "dvar": 0.00538871251047,
        "dvar2": 0.01151734218,
        "max": 1,
        "mean": 0.00928074214607,
        "median": 0,
        "min": 0,
        "stdev": 0.0958876460791,
        "var": 0.0091944411397
    },
    "spectral_centroid": {
        "dmean": 228.026580811,
        "dmean2": 345.158691406,
        "dvar": 79031.5703125,
        "dvar2": 169977.3125,
        "max": 3479.48706055,
        "mean": 978.030761719,
        "median": 880.625793457,
        "min": 259.304138184,
        "stdev": 460.635620117,
        "var": 212185.1875
    },
    "spectral_complexity": {
        "dmean": 3.00619196892,
        "dmean2": 4.58636713028,
        "dvar": 8.56031036377,
        "dvar2": 17.4632854462,
        "max": 42,
        "mean": 17.8051052094,
        "median": 17,
        "min": 0,
        "stdev": 6.50283479691,
        "var": 42.286857605
    },
    "spectral_decrease": {
        "dmean": 2.58097321293e-09,
        "dmean2": 4.02220257101e-09,
        "dvar": 2.02054514873e-17,
        "dvar2": 4.98684956693e-17,
        "max": -1.38646873845e-15,
        "mean": -7.17738268818e-09,
        "median": -5.79328451877e-09,
        "min": -4.41192327116e-08,
        "stdev": 5.52018741828e-09,
        "var": 3.04724668812e-17
    },
    "spectral_energy": {
        "dmean": 0.0100518129766,
        "dmean2": 0.0156035562977,
        "dvar": 0.000297739054076,
        "dvar2": 0.000729745195713,
        "max": 0.168372049928,
        "mean": 0.0287000145763,
        "median": 0.0231293179095,
        "min": 5.79252112942e-09,
        "stdev": 0.0216414052993,
        "var": 0.00046835039393
    },
    "spectral_energyband_high": {
        "dmean": 0.000268123636488,
        "dmean2": 0.000378071010346,
        "dvar": 2.27832558153e-07,
        "dvar2": 4.26809918963e-07,
        "max": 0.00634618895128,
        "mean": 0.000576582970098,
        "median": 0.000279279163806,
        "min": 2.55369836388e-10,
        "stdev": 0.000838215521071,
        "var": 7.02605291281e-07
    },
    "spectral_energyband_low": {
        "dmean": 0.00505974469706,
        "dmean2": 0.00855520367622,
        "dvar": 0.000224965595407,
        "dvar2": 0.000583941058721,
        "max": 0.159518063068,
        "mean": 0.00827381107956,
        "median": 0.00492306705564,
        "min": 2.19158691195e-09,
        "stdev": 0.0141234649345,
        "var": 0.000199472269742
    },
    "spectral_energyband_middle_high": {
        "dmean": 0.00158491556067,
        "dmean2": 0.00209778430872,
        "dvar": 8.19389424578e-06,
        "dvar2": 1.19662927318e-05,
        "max": 0.0639968663454,
        "mean": 0.00449450826272,
        "median": 0.00284598325379,
        "min": 1.87283544228e-09,
        "stdev": 0.00600221147761,
        "var": 3.60265403287e-05
    },
    "spectral_energyband_middle_low": {
        "dmean": 0.00724821770564,
        "dmean2": 0.0113199008629,
        "dvar": 0.000112890404125,
        "dvar2": 0.000277489132714,
        "max": 0.115646295249,
        "mean": 0.0178936515003,
        "median": 0.0135606499389,
        "min": 1.28839139357e-09,
        "stdev": 0.0146207744256,
        "var": 0.000213767052628
    },
    "spectral_entropy": {
        "dmean": 0.177110880613,
        "dmean2": 0.249683827162,
        "dvar": 0.0335025116801,
        "dvar2": 0.0618076808751,
        "max": 8.64755821228,
        "mean": 7.41842412949,
        "median": 7.39283132553,
        "min": 6.10030460358,
        "stdev": 0.38799098134,
        "var": 0.150536999106
    },
    "spectral_flux": {
        "dmean": 0.0262339152396,
        "dmean2": 0.0409990772605,
        "dvar": 0.00128523120657,
        "dvar2": 0.00260817841627,
        "max": 0.355676025152,
        "mean": 0.0804533362389,
        "median": 0.0657286122441,
        "min": 7.61086121202e-05,
        "stdev": 0.0539075434208,
        "var": 0.00290602305904
    },
    "spectral_kurtosis": {
        "dmean": 1.75762963295,
        "dmean2": 2.79453277588,
        "dvar": 3.6794154644,
        "dvar2": 9.69710350037,
        "max": 22.6636562347,
        "mean": 5.4783577919,
        "median": 4.92959594727,
        "min": -0.671063899994,
        "stdev": 3.20466589928,
        "var": 10.2698831558
    },
    "spectral_rms": {
        "dmean": 0.000833470316138,
        "dmean2": 0.00125269009732,
        "dvar": 1.25661802031e-06,
        "dvar2": 2.74075682682e-06,
        "max": 0.0128166070208,
        "mean": 0.0049628042616,
        "median": 0.00475028296933,
        "min": 2.37723384089e-06,
        "stdev": 0.00183591293171,
        "var": 3.37057622346e-06
    },
    "spectral_rolloff": {
        "dmean": 501.529998779,
        "dmean2": 799.714782715,
        "dvar": 1084611.375,
        "dvar2": 2215728.5,
        "max": 11800.1953125,
        "mean": 1240.42993164,
        "median": 818.26171875,
        "min": 107.666015625,
        "stdev": 1519.8918457,
        "var": 2310071.25
    },
    "spectral_skewness": {
        "dmean": 0.225901812315,
        "dmean2": 0.345025956631,
        "dvar": 0.0437945127487,
        "dvar2": 0.0969269126654,
        "max": 3.73945474625,
        "mean": 1.73967051506,
        "median": 1.72697460651,
        "min": 0.400177419186,
        "stdev": 0.461768120527,
        "var": 0.213229805231
    },
    "spectral_spread": {
        "dmean": 628911.4375,
        "dmean2": 839885.9375,
        "dvar": 760877678592,
        "dvar2": 1.17007122432e+12,
        "max": 17319430,
        "mean": 4552328,
        "median": 4166028,
        "min": 1853590.875,
        "stdev": 1763876.5,
        "var": 3.1112602583e+12
    },
    "spectral_strongpeak": {
        "dmean": 0.424570083618,
        "dmean2": 0.678176224232,
        "dvar": 0.379975020885,
        "dvar2": 0.923019587994,
        "max": 7.53856945038,
        "mean": 0.861449360847,
        "median": 0.559611082077,
        "min": 0,
        "stdev": 0.886764764786,
        "var": 0.786351799965
    },
    "zerocrossingrate": {
        "dmean": 0.0106507288292,
        "dmean2": 0.0122981825843,
        "dvar": 0.000228703182074,
        "dvar2": 0.00023532169871,
        "max": 0.29248046875,
        "mean": 0.0516656711698,
        "median": 0.04345703125,
        "min": 0.00439453125,
        "stdev": 0.034484218806,
        "var": 0.00118916144129
    },
    "barkbands": {
        "dmean": [1.65531437233e-05, 0.00152435561176, 0.00247900746763, 0.0031087170355, 0.00269300257787, 0.0013124459656, 0.001727263676, 0.000556149461772, 0.00133173854556, 0.000586498877965, 0.000221336144023, 0.000305454799673, 0.000341675186064, 0.000529001583345, 0.000364886043826, 0.000142838107422, 6.81612655171e-05, 0.000136836868478, 9.23146144487e-05, 9.81292760116e-05, 7.11535758455e-05, 5.01442518726e-05, 4.31228290836e-05, 4.35040310549e-05, 5.43737951375e-05, 2.87059647235e-05, 1.79914422915e-06],
        "dmean2": [2.68161693384e-05, 0.00276864296757, 0.00421504676342, 0.00511066894978, 0.00431105680764, 0.00199236557819, 0.00268072681502, 0.000856167869642, 0.00199478236027, 0.000855817226693, 0.000334304757416, 0.000467932433821, 0.000541423098184, 0.000825253606308, 0.000587505230214, 0.000223013528739, 0.000104996790469, 0.000201206537895, 0.000142995078932, 0.000152847205754, 0.000112330606498, 7.46446748963e-05, 6.16677134531e-05, 6.03549124207e-05, 7.73472347646e-05, 4.23173441959e-05, 2.94149208457e-06],
        "dvar": [6.79894940347e-09, 8.6492364062e-05, 4.7930789151e-05, 5.10051577294e-05, 1.64608754858e-05, 5.94989251113e-06, 1.53656019393e-05, 1.91680032913e-06, 1.37602100949e-05, 5.40066048416e-06, 3.07923613718e-07, 5.47882564206e-07, 8.30084843528e-07, 1.39751750794e-06, 8.9476247922e-07, 1.36331109957e-07, 1.67955604979e-08, 7.81493127988e-08, 2.9409383373e-08, 3.684618477e-08, 1.96746157144e-08, 1.21342909054e-08, 9.38488753377e-09, 9.07848640708e-09, 1.58737627487e-08, 3.535495674e-09, 2.31905310927e-11],
        "dvar2": [1.76866272739e-08, 0.000243184578721, 0.000131677239551, 0.000140977426781, 4.10874454246e-05, 1.31833476189e-05, 3.44176223734e-05, 4.57890701e-06, 3.44792315445e-05, 1.02244512163e-05, 5.83042492508e-07, 1.27444536702e-06, 2.120089448e-06, 3.37343249157e-06, 2.18313221012e-06, 2.9851358363e-07, 3.47086448471e-08, 1.58185073929e-07, 6.2187851313e-08, 7.91017811252e-08, 4.67228140622e-08, 2.65576733938e-08, 1.6919976531e-08, 1.58971023012e-08, 2.9600196072e-08, 7.30615701272e-09, 5.31034174966e-11],
        "max": [0.00174067961052, 0.10771253705, 0.0829162970185, 0.0881350189447, 0.0500186942518, 0.0312959440053, 0.0580912902951, 0.0156615152955, 0.0492933094501, 0.0393253900111, 0.0128525635228, 0.0120094325393, 0.0173659939319, 0.0159092023969, 0.015967188403, 0.0114452876151, 0.00327826035209, 0.00373710715212, 0.0027700769715, 0.00214663217776, 0.001668623765, 0.00211145915091, 0.00162238860503, 0.00171465240419, 0.00209084851667, 0.000888651760761, 7.31027830625e-05],
        "mean": [1.95810225705e-05, 0.00165017636027, 0.00419696141034, 0.00479635130614, 0.00518387043849, 0.00231523183174, 0.00263302307576, 0.000753223139327, 0.00198746216483, 0.00091903336579, 0.000369533488993, 0.00047289810027, 0.000527142256033, 0.000870241899975, 0.000543215312064, 0.000252328434726, 0.000123964680824, 0.000244165188633, 0.000167043268448, 0.000179839422344, 0.000121975535876, 8.17198524601e-05, 7.7161770605e-05, 7.4344483437e-05, 9.12310133572e-05, 4.63378273707e-05, 1.99760256692e-06],
        "median": [1.08422011635e-06, 0.000149995525135, 0.00141841825098, 0.00194932951126, 0.00303229386918, 0.00116731028538, 0.000748573977035, 0.000248589582043, 0.000721067248378, 0.000215924170334, 0.000157683170983, 0.000221474474529, 0.000233425031183, 0.000396483810619, 0.00023584459268, 0.000129275664221, 6.04577362537e-05, 9.73708447418e-05, 9.84061625786e-05, 8.7985295977e-05, 6.2608080043e-05, 2.95841782645e-05, 2.64463415078e-05, 1.83941720024e-05, 2.00861450139e-05, 1.22815836221e-05, 2.35553443417e-07],
        "min": [8.09362854515e-10, 1.06351816243e-09, 5.24634224952e-10, 3.66657704198e-10, 4.45247227976e-10, 1.64988689377e-10, 8.79469899684e-11, 5.48796424971e-11, 1.07751432776e-10, 2.09996103839e-10, 1.17265225308e-10, 1.21103599371e-10, 3.14956227765e-10, 3.9275169228e-10, 3.33496563698e-10, 1.86548665404e-10, 9.75881528364e-11, 7.96454846519e-11, 4.32799907024e-11, 1.33844437269e-11, 1.24195879275e-11, 5.62100990753e-11, 3.56292113868e-11, 5.91475479705e-11, 3.17734311084e-11, 2.44390237214e-11, 4.75308486146e-13],
        "stdev": [7.91097263573e-05, 0.00737858144566, 0.00685660680756, 0.0077189495787, 0.00573116587475, 0.00348550826311, 0.00532383657992, 0.00157749583013, 0.00414899550378, 0.00323841860518, 0.000843515153974, 0.000864181900397, 0.00107247126289, 0.00159785943106, 0.00109392753802, 0.000507282675244, 0.000209993537283, 0.000388458109228, 0.000236274048802, 0.00026331373374, 0.000180917399121, 0.000144509744132, 0.000155896501383, 0.000179055554327, 0.00021282331727, 9.30161913857e-05, 5.67808547203e-06],
        "var": [6.25834895018e-09, 5.44434660696e-05, 4.70130544272e-05, 5.95821838942e-05, 3.28462629113e-05, 1.21487682918e-05, 2.83432364085e-05, 2.48849323725e-06, 1.72141644725e-05, 1.04873552118e-05, 7.11517827767e-07, 7.46810371766e-07, 1.15019463465e-06, 2.55315489994e-06, 1.19667743093e-06, 2.57335699416e-07, 4.40972875992e-08, 1.50899708729e-07, 5.5825427836e-08, 6.9334120667e-08, 3.27311049375e-08, 2.08830677195e-08, 2.43037181491e-08, 3.20608926074e-08, 4.52937634066e-08, 8.65201243982e-09, 3.22406545905e-11]
    },
    "erbbands": {
        "dmean": [0.0233309343457, 0.429052263498, 2.24288487434, 7.27396154404, 10.4787902832, 8.46751689911, 7.1123175621, 11.9985771179, 24.117647171, 20.1812496185, 16.3372020721, 27.8099384308, 19.4158840179, 13.1779699326, 8.2063703537, 11.3289089203, 13.9495077133, 24.1853485107, 21.125120163, 14.7418460846, 7.52459621429, 4.11218976974, 6.81998062134, 5.52308416367, 4.71412038803, 4.68680667877, 2.97419166565, 2.7883336544, 1.94650065899, 1.33251929283, 1.22949910164, 1.05614626408, 0.661762595177, 0.542733490467, 0.430377453566, 0.184732496738, 0.0410656705499, 0.00625532632694, 0.000184202610399, 1.41082082337e-05],
        "dmean2": [0.0400285683572, 0.775821328163, 3.89389848709, 12.1991291046, 17.0525856018, 13.2591714859, 10.9414072037, 18.224363327, 37.8743782043, 30.227766037, 24.850358963, 41.628818512, 26.9301109314, 20.3306407928, 11.9254684448, 16.9643764496, 21.6450843811, 37.1158905029, 33.3518486023, 23.4918041229, 11.5326757431, 6.1344628334, 10.0713624954, 8.18929386139, 7.10649442673, 7.15488290787, 4.58748579025, 4.35709190369, 2.94520044327, 1.93623840809, 1.7238650322, 1.5214164257, 0.859111011028, 0.745367944241, 0.645801246166, 0.270508617163, 0.0617361441255, 0.00927613861859, 0.000279855768895, 2.10008638533e-05],
        "dvar": [0.0164799466729, 6.58787345886, 59.5493850708, 295.419525146, 355.812469482, 184.85395813, 198.836471558, 566.559143066, 3217.50146484, 2620.83007812, 1918.44665527, 6096.5859375, 4896.84960938, 3042.34887695, 309.342071533, 883.390258789, 849.094604492, 3187.94580078, 2920.8347168, 1003.45751953, 296.380157471, 58.7776222229, 226.360290527, 111.821907043, 89.6236953735, 86.7488555908, 26.1749382019, 38.9027442932, 19.8641986847, 9.46588802338, 7.18759155273, 5.04741954803, 2.81929469109, 2.01385474205, 0.962398827076, 0.138697832823, 0.00806933548301, 0.000213754508877, 2.35489679312e-07, 4.89410512117e-10],
        "dvar2": [0.0448441840708, 18.5881900787, 164.486572266, 822.354736328, 924.775268555, 434.541534424, 414.25402832, 1227.27514648, 7533.02783203, 5823.95410156, 4561.52294922, 14518.7001953, 10095.8867188, 7834.88671875, 519.90020752, 2045.0723877, 1999.07824707, 7273.64892578, 7159.68408203, 2285.07128906, 634.680358887, 112.085983276, 467.441223145, 216.202041626, 180.725341797, 188.890792847, 58.5303421021, 97.3353118896, 44.9865188599, 19.5731182098, 12.3871641159, 9.70018482208, 4.75460767746, 3.36968302727, 2.05244040489, 0.282910853624, 0.0171630755067, 0.00045297582983, 5.10062477588e-07, 1.13370968169e-09],
        "max": [1.36237883568, 30.3289279938, 91.1860198975, 194.006515503, 200.320571899, 218.08531189, 283.218780518, 277.597961426, 772.613769531, 607.439025879, 545.17010498, 1214.26806641, 1485.38269043, 1274.55456543, 362.473083496, 463.824951172, 564.88470459, 930.3515625, 859.925354004, 533.223388672, 505.623474121, 203.0262146, 210.176361084, 230.772445679, 165.560317993, 110.783058167, 56.986164093, 90.6230545044, 77.4346084595, 62.4430389404, 42.6481285095, 35.6193313599, 31.8274688721, 25.1985378265, 20.2848854065, 5.69896841049, 1.37067091465, 0.241629242897, 0.00802331604064, 0.000220575966523],
        "mean": [0.0367016606033, 0.466811835766, 3.58229398727, 11.9710569382, 18.5283145905, 15.9723615646, 13.9939231873, 21.0999660492, 37.0165176392, 28.8194332123, 25.0633678436, 43.2149734497, 31.0901813507, 20.9712085724, 15.0385417938, 18.5943927765, 24.4734745026, 41.6735153198, 33.3834953308, 24.2553863525, 13.5206947327, 8.01474094391, 12.0246505737, 10.7522211075, 9.08751296997, 8.48758983612, 5.52830266953, 4.41456794739, 3.11701130867, 2.25396943092, 2.19665551186, 1.8409422636, 1.06969964504, 0.914905488491, 0.688716590405, 0.292342782021, 0.0645819529891, 0.00890151690692, 0.000261829089141, 4.17983865191e-05],
        "median": [0.00283073354512, 0.10749771446, 1.37566137314, 6.42072916031, 9.86882209778, 9.66065311432, 8.34801864624, 10.5921611786, 9.81727313995, 9.59624958038, 10.2013263702, 15.4876689911, 8.5057888031, 7.99094820023, 7.2912478447, 8.89409160614, 12.7009782791, 17.1710128784, 14.9499826431, 12.2706308365, 7.10590362549, 3.99309682846, 4.87642431259, 5.75990343094, 5.22070741653, 4.27435874939, 3.08656954765, 1.87314224243, 1.04949533939, 0.78646081686, 0.685475170612, 0.521280765533, 0.220927610993, 0.169951096177, 0.164731487632, 0.0781765729189, 0.0164954271168, 0.00207327771932, 7.25841382518e-05, 3.46438318957e-05],
        "min": [4.13108836028e-08, 2.05073277471e-07, 5.67517417949e-07, 1.01896921478e-06, 1.36405674311e-06, 1.47302353071e-06, 1.41703537793e-06, 1.31850856633e-06, 1.265457513e-06, 1.29886450395e-06, 1.19243406971e-06, 2.2540050395e-06, 5.66882954445e-06, 6.20970740783e-06, 4.58781869384e-06, 5.50462982574e-06, 1.33570856633e-05, 2.04358129849e-05, 1.85232293006e-05, 1.56538390002e-05, 7.87789122114e-06, 5.76830461796e-06, 4.93804463986e-06, 3.00821716337e-06, 1.31447939111e-06, 6.19201955487e-07, 5.71527380089e-07, 8.00839757176e-07, 2.38885877479e-06, 1.00256784208e-06, 1.13848591354e-06, 1.49892389345e-06, 7.70769986502e-07, 4.09885643649e-07, 1.73913178969e-07, 1.09933218084e-07, 4.30130988605e-08, 1.84702386719e-08, 4.26345803106e-09, 4.01467303845e-10],
        "stdev": [0.115556582808, 2.01011252403, 6.8395781517, 17.2933044434, 23.5578384399, 20.1437740326, 19.8408889771, 33.0774765015, 77.7230987549, 63.7632026672, 54.0995483398, 90.6897659302, 95.4650878906, 68.5463943481, 28.508813858, 35.4090957642, 39.7679519653, 84.0846481323, 64.4296875, 39.5900726318, 25.0086708069, 12.8992214203, 20.2241897583, 15.5948514938, 13.5610237122, 12.4146337509, 7.37897872925, 7.53762149811, 5.7189912796, 4.30547618866, 4.464012146, 4.09924793243, 2.95503258705, 2.46504044533, 1.51148796082, 0.593451499939, 0.133475899696, 0.0198618285358, 0.000611743307672, 3.22398736898e-05],
        "var": [0.0133533244953, 4.04055261612, 46.7798271179, 299.058380127, 554.971740723, 405.77166748, 393.660888672, 1094.11950684, 6040.87988281, 4065.74584961, 2926.76098633, 8224.63378906, 9113.58300781, 4698.60791016, 812.752441406, 1253.80395508, 1581.48986816, 7070.22802734, 4151.18457031, 1567.3737793, 625.433654785, 166.389923096, 409.017822266, 243.199386597, 183.901351929, 154.123123169, 54.4493293762, 56.815738678, 32.7068634033, 18.5371246338, 19.927406311, 16.8038349152, 8.7322177887, 6.07642412186, 2.28459572792, 0.352184712887, 0.0178158171475, 0.000394492264604, 3.74229870204e-07, 1.03940955842e-09]
    },
    "gfcc": {
        "mean": [1.58426988125, 97.9733657837, -117.025520325, 19.6778068542, -60.285774231, 3.47977399826, -49.1425323486, -2.50068306923, -37.023563385, 2.48010182381, -26.9037418365, -11.1988801956, -19.6971569061],
        "cov": [[3312.63085938, -1112.79199219, 431.157318115, 158.166488647, -135.637283325, 240.692947388, -15.0969924927, 337.663696289, -0.775699794292, 236.316314697, -61.7539558411, 210.206832886, -228.940429688], [-1112.79199219, 1237.71020508, -357.81463623, -61.8877105713, 280.966156006, -136.468826294, 204.893188477, -118.128326416, 133.3152771, -86.7059402466, 85.7649993896, -92.3098068237, 121.872009277], [431.157318115, -357.81463623, 565.059143066, 173.060531616, 3.92451643944, 165.471725464, 0.411462843418, 128.207580566, 5.47493982315, 79.3300704956, -18.2191562653, 79.4043731689, -56.4914550781], [158.166488647, -61.8877105713, 173.060531616, 361.023132324, 129.080947876, 87.1062316895, 80.9659729004, 36.9715309143, 60.4838371277, 68.2147369385, 2.73490095139, 56.6011199951, 65.25], [-135.637283325, 280.966156006, 3.92451643944, 129.080947876, 254.348129272, 43.1009979248, 118.033111572, 11.2126178741, 73.7462158203, 33.9738883972, 0.415182590485, 18.9768218994, 47.2879180908], [240.692947388, -136.468826294, 165.471725464, 87.1062316895, 43.1009979248, 214.508224487, 106.175949097, 80.6454391479, 22.6236858368, 48.5176429749, 0.114664167166, 18.1128253937, -8.40900421143], [-15.0969924927, 204.893188477, 0.411462843418, 80.9659729004, 118.033111572, 106.175949097, 263.516448975, 65.0215759277, 57.2669067383, 37.1115989685, 6.66791200638, 5.3447136879, 19.3740253448], [337.663696289, -118.128326416, 128.207580566, 36.9715309143, 11.2126178741, 80.6454391479, 65.0215759277, 155.707336426, 39.2034187317, 53.9093475342, 7.00257205963, 33.1890640259, -29.5787410736], [-0.775699794292, 133.3152771, 5.47493982315, 60.4838371277, 73.7462158203, 22.6236858368, 57.2669067383, 39.2034187317, 137.634429932, 51.5988464355, 8.89832687378, 24.2189655304, 16.8057041168], [236.316314697, -86.7059402466, 79.3300704956, 68.2147369385, 33.9738883972, 48.5176429749, 37.1115989685, 53.9093475342, 51.5988464355, 116.125511169, -2.77466654778, 38.4263114929, 1.80014503002], [-61.7539558411, 85.7649993896, -18.2191562653, 2.73490095139, 0.415182590485, 0.114664167166, 6.66791200638, 7.00257205963, 8.89832687378, -2.77466654778, 96.1405258179, 18.4179725647, 3.78710341454], [210.206832886, -92.3098068237, 79.4043731689, 56.6011199951, 18.9768218994, 18.1128253937, 5.3447136879, 33.1890640259, 24.2189655304, 38.4263114929, 18.4179725647, 105.702468872, 5.94235610962], [-228.940429688, 121.872009277, -56.4914550781, 65.25, 47.2879180908, -8.40900421143, 19.3740253448, -29.5787410736, 16.8057041168, 1.80014503002, 3.78710341454, 5.94235610962, 105.59941864]],
        "icov": [[0.000655229261611, 0.000163788252394, 0.000404723396059, -0.000418036332121, 0.000170401166542, -0.000351920461981, 0.000254201266216, -0.000903289474081, 0.000354712828994, -0.00066238665022, 0.000488007528475, -0.000937865348533, 0.00129246409051], [0.000163788252394, 0.00390472682193, -0.000563897541724, 0.00207305257209, -0.00350582622923, 0.00300777191296, -0.00312044634484, 0.00174476078246, -0.00327684450895, 0.00217860308476, -0.0035240855068, 0.0028302045539, -0.0024118158035], [0.000404723396059, -0.000563897541724, 0.00413835048676, -0.00234559061937, 0.000808287411928, -0.00291179516353, 0.00217870855704, -0.0025416824501, 0.00162152398843, -0.00110318092629, 0.00183018564712, -0.00258472166024, 0.00332651194185], [-0.000418036332121, 0.00207305257209, -0.00234559061937, 0.00663487007841, -0.00355384778231, 0.00169691222254, -0.00245732464828, 0.00236939336173, -0.00260551599786, 0.000751446583308, -0.00258121895604, 0.00165624753572, -0.00541101535782], [0.000170401166542, -0.00350582622923, 0.000808287411928, -0.00355384778231, 0.00971287116408, -0.00281051849015, 0.000759526563343, -0.0010203931015, 0.00107083411422, -0.00217959634028, 0.00387155287899, -0.00332265929319, 0.00196025217883], [-0.000351920461981, 0.00300777191296, -0.00291179516353, 0.00169691222254, -0.00281051849015, 0.0111597804353, -0.00571424840018, 0.000651038077194, -0.00224572466686, 0.00122409325559, -0.00358773698099, 0.00415837345645, -0.0032312865369], [0.000254201266216, -0.00312044634484, 0.00217870855704, -0.00245732464828, 0.000759526563343, -0.00571424840018, 0.00951050128788, -0.00419264985248, 0.00244396179914, -0.00208721496165, 0.00313826510683, -0.00237792148255, 0.00278982240707], [-0.000903289474081, 0.00174476078246, -0.0025416824501, 0.00236939336173, -0.0010203931015, 0.000651038077194, -0.00419264985248, 0.0134050566703, -0.00417169509456, -0.000130648972117, -0.00326250353828, 0.00166740117129, -0.00107361003757], [0.000354712828994, -0.00327684450895, 0.00162152398843, -0.00260551599786, 0.00107083411422, -0.00224572466686, 0.00244396179914, -0.00417169509456, 0.01381545607, -0.00585730094463, 0.0028158640489, -0.00369312055409, 0.00276098679751], [-0.00066238665022, 0.00217860308476, -0.00110318092629, 0.000751446583308, -0.00217959634028, 0.00122409325559, -0.00208721496165, -0.000130648972117, -0.00585730094463, 0.0153177175671, -0.00136808480602, 0.000147739308886, -0.00287321256474], [0.000488007528475, -0.0035240855068, 0.00183018564712, -0.00258121895604, 0.00387155287899, -0.00358773698099, 0.00313826510683, -0.00326250353828, 0.0028158640489, -0.00136808480602, 0.015037917532, -0.00622446136549, 0.00357630639337], [-0.000937865348533, 0.0028302045539, -0.00258472166024, 0.00165624753572, -0.00332265929319, 0.00415837345645, -0.00237792148255, 0.00166740117129, -0.00369312055409, 0.000147739308886, -0.00622446136549, 0.0164965987206, -0.00510325096548], [0.00129246409051, -0.0024118158035, 0.00332651194185, -0.00541101535782, 0.00196025217883, -0.0032312865369, 0.00278982240707, -0.00107361003757, 0.00276098679751, -0.00287321256474, 0.00357630639337, -0.00510325096548, 0.0179991275072]]
    },
    "melbands": {
        "dmean": [0.000316282879794, 0.000990876462311, 0.00126652733888, 0.000654330360703, 0.000262179324636, 0.000272872654023, 0.000363378785551, 0.000191502302187, 0.000170434723259, 0.000166185011039, 9.78490716079e-05, 6.18830454187e-05, 2.95185018331e-05, 2.73817149719e-05, 4.1057854105e-05, 3.52685456164e-05, 4.7803423513e-05, 3.92386682506e-05, 2.48886553891e-05, 1.33662260851e-05, 8.27407620818e-06, 4.32190336142e-06, 5.12733458891e-06, 7.36184847483e-06, 4.61291347165e-06, 3.36570496984e-06, 4.03159810958e-06, 3.1951501569e-06, 2.02071396416e-06, 1.82579697139e-06, 1.63895595051e-06, 1.24281154967e-06, 8.07476567388e-07, 7.79802292072e-07, 7.57168947985e-07, 7.34355637633e-07, 6.55320832266e-07, 4.25220065381e-07, 5.45366447113e-07, 4.50935687013e-07],
        "dmean2": [0.000569880881812, 0.00170716294087, 0.00210095127113, 0.00104408781044, 0.000402743869927, 0.000413501693401, 0.000566073926166, 0.000286021386273, 0.000265083130216, 0.000247738818871, 0.000136138361995, 9.64127029874e-05, 4.32949200331e-05, 4.23942583438e-05, 6.28592315479e-05, 5.43626265426e-05, 7.48125166865e-05, 6.29950445727e-05, 4.00207718485e-05, 2.11688766285e-05, 1.29520913106e-05, 6.73901104165e-06, 7.65665026847e-06, 1.07921587187e-05, 6.98621579431e-06, 5.22929849467e-06, 6.25933262199e-06, 4.95834638059e-06, 3.16493992614e-06, 2.85735040961e-06, 2.58138652498e-06, 1.91677418115e-06, 1.21427376598e-06, 1.15792670385e-06, 1.09115057967e-06, 1.07598827981e-06, 9.6436599506e-07, 5.85412578857e-07, 7.41978624319e-07, 6.52803407775e-07],
        "dvar": [3.64027027899e-06, 1.28073797896e-05, 7.56329382057e-06, 1.03454487999e-06, 2.33123500948e-07, 2.70630039267e-07, 7.16167164683e-07, 2.40897833237e-07, 2.44840549612e-07, 2.08520887668e-07, 1.27372359771e-07, 6.83681804503e-08, 4.52641701898e-09, 4.655064334e-09, 9.19257292509e-09, 8.52123616113e-09, 1.36144304719e-08, 9.90243265164e-09, 5.2436903708e-09, 1.01965336174e-09, 2.97034841168e-10, 6.82643941374e-11, 1.59912041942e-10, 2.15527651282e-10, 8.44400174782e-11, 3.77697872977e-11, 7.81479742029e-11, 3.97266074204e-11, 1.20794658998e-11, 1.46052423627e-11, 1.36786589e-11, 8.57277790423e-12, 2.95859799333e-12, 3.8788980708e-12, 3.17535949791e-12, 2.74234411221e-12, 2.14936597166e-12, 1.16285659487e-12, 2.69430398131e-12, 1.34970138364e-12],
        "dvar2": [1.01372252175e-05, 3.475054109e-05, 2.08012061194e-05, 2.66197389465e-06, 4.78975891838e-07, 5.89937030782e-07, 1.65567928434e-06, 5.44598776742e-07, 6.00462044531e-07, 4.89616127197e-07, 2.5326312425e-07, 1.78632149073e-07, 7.20128445764e-09, 1.08815108035e-08, 2.20489955183e-08, 2.06001811165e-08, 3.23620206188e-08, 2.4355374606e-08, 1.19492584716e-08, 2.39614017516e-09, 6.4145128098e-10, 1.37635847164e-10, 3.36350669539e-10, 4.41955944064e-10, 1.710932368e-10, 8.27767229761e-11, 1.6723991636e-10, 9.09506359115e-11, 2.80274952552e-11, 3.50217493894e-11, 3.45261146062e-11, 1.94859788027e-11, 6.42022329397e-12, 8.17955078669e-12, 5.67320582873e-12, 5.80452309482e-12, 4.35403189197e-12, 2.07549689241e-12, 4.24408902119e-12, 2.49754448893e-12],
        "max": [0.0215662829578, 0.0391565263271, 0.0336531847715, 0.0127194132656, 0.0099154273048, 0.00605824682862, 0.0125409094617, 0.00575569178909, 0.00666919304058, 0.00681491289288, 0.00744560873136, 0.00548669649288, 0.00180879305117, 0.00104093796108, 0.00223781866953, 0.00172601186205, 0.00192435248755, 0.00140233000275, 0.00124368059915, 0.000901468272787, 0.000440232659457, 0.000212613507756, 0.000184484873898, 0.000198106237804, 0.000200060283532, 0.000103784528619, 0.00011657509458, 7.06953942426e-05, 4.00624667236e-05, 4.87330398755e-05, 5.6169283198e-05, 4.99144080095e-05, 3.23948370351e-05, 3.85337407351e-05, 3.00705287373e-05, 2.50942721323e-05, 2.6273271942e-05, 2.04032403417e-05, 2.82977598545e-05, 2.00090380531e-05],
        "mean": [0.00039794089389, 0.00152342871297, 0.00227636168711, 0.00127039721701, 0.000521915790159, 0.000479606736917, 0.000555416219868, 0.000267553317826, 0.000254794606008, 0.000253709993558, 0.000154478446348, 9.21105747693e-05, 5.22803384229e-05, 4.24723184551e-05, 6.22627776465e-05, 5.67971765122e-05, 7.8724398918e-05, 5.73347933823e-05, 3.72594186047e-05, 2.26336669584e-05, 1.3825595488e-05, 7.72798466642e-06, 8.2934702732e-06, 1.28031742861e-05, 8.22646779852e-06, 6.09888775216e-06, 6.9306952355e-06, 5.31403748028e-06, 3.5399848457e-06, 2.90780508294e-06, 2.43505928665e-06, 1.8988124566e-06, 1.26413749513e-06, 1.26027396163e-06, 1.27906514535e-06, 1.2374881635e-06, 1.07921175641e-06, 6.73283636843e-07, 8.48433899137e-07, 7.28640827674e-07],
        "median": [2.2280288249e-05, 0.000707337574568, 0.0013231895864, 0.000769928505179, 0.000335047690896, 0.000241964764427, 0.000153724948177, 7.97003522166e-05, 9.53116104938e-05, 9.16157732718e-05, 4.02001969633e-05, 3.34850738e-05, 2.59726675722e-05, 1.76814010047e-05, 2.93898629025e-05, 2.47716943704e-05, 3.27762136294e-05, 2.3498052542e-05, 1.63268832694e-05, 1.117267675e-05, 6.67289259582e-06, 3.59683599527e-06, 2.9823083878e-06, 5.102941941e-06, 4.28841894973e-06, 3.57784711014e-06, 3.1772665352e-06, 2.49552658715e-06, 1.84038856332e-06, 1.4111993778e-06, 8.88647150532e-07, 6.06597211572e-07, 4.40235965016e-07, 3.75746367354e-07, 3.64002119113e-07, 3.59124612714e-07, 2.65715243586e-07, 1.3365564655e-07, 1.14529086659e-07, 1.27624389279e-07],
        "min": [3.70966868335e-10, 2.8799848617e-10, 1.85716164669e-10, 1.02174088634e-10, 5.30947785737e-11, 2.97930603799e-11, 1.91006880451e-11, 1.38025086152e-11, 9.45409809466e-12, 1.56560979458e-11, 2.90565228128e-11, 2.58757997668e-11, 1.56019988595e-11, 1.32567819569e-11, 1.83447632085e-11, 3.58621812802e-11, 3.7910646844e-11, 2.9914730415e-11, 2.47136148351e-11, 1.71049494013e-11, 7.19859501869e-12, 5.55362049751e-12, 6.08738797217e-12, 3.15661038974e-12, 2.43535638704e-12, 1.31257190446e-12, 4.82279851905e-13, 4.01899596502e-13, 4.08977349599e-13, 2.14380691476e-13, 5.42036793054e-13, 1.56260421269e-12, 8.29787031188e-13, 4.73370583183e-13, 6.62137337147e-13, 7.2901808288e-13, 9.63085080435e-13, 4.77193913724e-13, 5.21734565273e-13, 2.77751915434e-13],
        "stdev": [0.00156758446246, 0.00312239071354, 0.00292593613267, 0.00142624264117, 0.000686894287355, 0.00072386773536, 0.00115797633771, 0.000602006912231, 0.000592550321016, 0.000530129589606, 0.000493938103318, 0.000313152035233, 0.000111593297333, 7.91368438513e-05, 0.000118731353723, 0.000117019197205, 0.000164802899235, 0.00011506206647, 8.05279196356e-05, 4.12491608586e-05, 2.58600739471e-05, 1.31916149257e-05, 1.64667690115e-05, 2.06035274459e-05, 1.27720313685e-05, 8.40766915644e-06, 1.19461610666e-05, 8.03258353699e-06, 4.87105444336e-06, 4.67877907795e-06, 4.47006323157e-06, 3.68367727788e-06, 2.22626772484e-06, 2.72186321126e-06, 2.82563587461e-06, 2.61655782197e-06, 2.59117769019e-06, 1.86285126347e-06, 2.71578232969e-06, 1.90842615666e-06],
        "var": [2.45732121584e-06, 9.74932390818e-06, 8.56110273162e-06, 2.03416811928e-06, 4.7182373919e-07, 5.23984510892e-07, 1.34090930715e-06, 3.62412293953e-07, 3.51115858166e-07, 2.81037358718e-07, 2.43974852765e-07, 9.80641985393e-08, 1.24530643575e-08, 6.26264062831e-09, 1.40971341267e-08, 1.36934925621e-08, 2.71599933654e-08, 1.32392790064e-08, 6.48474562936e-09, 1.70149316858e-09, 6.68743449506e-10, 1.74018702226e-10, 2.71154487752e-10, 4.24505319785e-10, 1.63124791452e-10, 7.06888991786e-11, 1.42710759876e-10, 6.45223943718e-11, 2.37271730041e-11, 2.18909751437e-11, 1.99814643997e-11, 1.35694788739e-11, 4.95626760119e-12, 7.40853992737e-12, 7.98421832121e-12, 6.84637459572e-12, 6.71420211096e-12, 3.47021500077e-12, 7.37547349583e-12, 3.64209053541e-12]
    },
    "melbands128": {
