{
"lowlevel": {
    "average_loudness": 0.971175611019,
    "barkbands_crest": {
        "dmean": 2.26128005981,
        "dmean2": 3.77287387848,
        "dvar": 3.53345346451,
        "dvar2": 9.74250411987,
        "max": 19.2274951935,
        "mean": 8.25584030151,
        "median": 7.7923207283,
        "min": 2.65041875839,
        "stdev": 2.72224330902,
        "var": 7.41060829163
    },
    "barkbands_flatness_db": {
        "dmean": 0.0188512075692,
        "dmean2": 0.0299280602485,
        "dvar": 0.000302389642457,
        "dvar2": 0.000683697755449,
        "max": 0.229087650776,
        "mean": 0.11006103456,
        "median": 0.109238855541,
        "min": 0.0330914221704,
        "stdev": 0.0318965502083,
        "var": 0.00101738993544
    },
    "barkbands_kurtosis": {
        "dmean": 2.19121074677,
        "dmean2": 3.64041996002,
        "dvar": 5.99316978455,
        "dvar2": 15.4307384491,
        "max": 21.7153091431,
        "mean": 3.65113472939,
        "median": 2.61761331558,
        "min": -1.78075671196,
        "stdev": 3.84238982201,
        "var": 14.763958931
    },
    "barkbands_skewness": {
        "dmean": 0.454817742109,
        "dmean2": 0.730895578861,
        "dvar": 0.175546586514,
        "dvar2": 0.429347336292,
        "max": 4.21220111847,
        "mean": 1.718714118,
        "median": 1.64042651653,
        "min": -2.00205469131,
        "stdev": 0.761883378029,
        "var": 0.580466270447
    },
    "barkbands_spread": {
        "dmean": 5.75601863861,
        "dmean2": 8.67150497437,
        "dvar": 56.3112030029,
        "dvar2": 91.6061935425,
        "max": 88.0763931274,
        "mean": 22.71159935,
        "median": 18.8293952942,
        "min": 4.23000764847,
        "stdev": 14.0977077484,
        "var": 198.745376587
    },
    "dissonance": {
        "dmean": 0.0173350777477,
        "dmean2": 0.0292704105377,
        "dvar": 0.000720339012332,
        "dvar2": 0.00175791385118,
        "max": 0.498907119036,
        "mean": 0.464604258537,
        "median": 0.467827320099,
        "min": 0.0113032385707,
        "stdev": 0.0254493858665,
        "var": 0.000647671287879
    },
    "dynamic_complexity": 1.91936540604,
    "erbbands_crest": {
        "dmean": 1.92259073257,
        "dmean2": 3.10838127136,
        "dvar": 2.92261266708,
        "dvar2": 7.54161453247,
        "max": 16.3614501953,
        "mean": 6.77976369858,
        "median": 6.22270202637,
        "min": 2.66919803619,
        "stdev": 2.72056531906,
        "var": 7.40147542953
    },
    "erbbands_flatness_db": {
        "dmean": 0.0152573445812,
        "dmean2": 0.0218762978911,
        "dvar": 0.000252921512583,
        "dvar2": 0.000473693595268,
        "max": 0.220082581043,
        "mean": 0.122475720942,
        "median": 0.120989568532,
        "min": 0.0544427484274,
        "stdev": 0.0307400878519,
        "var": 0.000944952946156
    },
    "erbbands_kurtosis": {
        "dmean": 0.438826531172,
        "dmean2": 0.686218321323,
        "dvar": 0.183868587017,
        "dvar2": 0.430495262146,
        "max": 2.77052354813,
        "mean": -0.225893855095,
        "median": -0.416949748993,
        "min": -1.55492305756,
        "stdev": 0.797915041447,
        "var": 0.63666844368
    },
    "erbbands_skewness": {
        "dmean": 0.26733532548,
        "dmean2": 0.409363716841,
        "dvar": 0.042703345418,
        "dvar2": 0.0971108153462,
        "max": 1.49173676968,
        "mean": 0.361157655716,
        "median": 0.369910478592,
        "min": -0.847309947014,
        "stdev": 0.405129611492,
        "var": 0.16413000226
    },
    "erbbands_spread": {
        "dmean": 7.87747764587,
        "dmean2": 11.5374917984,
        "dvar": 72.6851806641,
        "dvar2": 144.733062744,
        "max": 113.983787537,
        "mean": 45.6986160278,
        "median": 42.3150100708,
        "min": 13.9198884964,
        "stdev": 17.5430355072,
        "var": 307.758087158
    },
    "hfc": {
        "dmean": 7.16581296921,
        "dmean2": 10.4358911514,
        "dvar": 87.6317214966,
        "dvar2": 179.045318604,
        "max": 100.749816895,
        "mean": 25.7694091797,
        "median": 22.312374115,
        "min": 1.25080878865e-16,
        "stdev": 17.3070831299,
        "var": 299.535125732
    },
    "loudness_ebu128": {
        "integrated": -9.02765750885,
        "loudness_range": 1.53276729584,
        "momentary": {
            "dmean": 0.386441916227,
            "dmean2": 0.408571720123,
            "dvar": 0.0963019803166,
            "dvar2": 0.110070489347,
            "max": -6.05383586884,
            "mean": -9.2271604538,
            "median": -9.009765625,
            "min": -13.596121788,
            "stdev": 1.35763049126,
            "var": 1.84316039085
        },
        "short_term": {
            "dmean": 0.0586696155369,
            "dmean2": 0.042656686157,
            "dvar": 0.00236910139211,
            "dvar2": 0.00132492138073,
            "max": -7.93137741089,
            "mean": -9.14565467834,
            "median": -9.20506477356,
            "min": -10.2740459442,
            "stdev": 0.559868752956,
            "var": 0.313452988863
        }
    },
    "melbands_crest": {
        "dmean": 3.26716423035,
        "dmean2": 5.51352548599,
        "dvar": 7.92159318924,
        "dvar2": 22.3191585541,
        "max": 24.2130317688,
        "mean": 12.6312265396,
        "median": 12.0847139359,
        "min": 3.25531458855,
        "stdev": 3.84043216705,
        "var": 14.748919487
    },
    "melbands_flatness_db": {
        "dmean": 0.024028904736,
        "dmean2": 0.0383978933096,
        "dvar": 0.000534990802407,
        "dvar2": 0.00118291738909,
        "max": 0.349090874195,
        "mean": 0.183700412512,
        "median": 0.182107001543,
        "min": 0.0100342137739,
        "stdev": 0.0424364879727,
        "var": 0.00180085550528
    },
    "melbands_kurtosis": {
        "dmean": 5.72102975845,
        "dmean2": 9.49248313904,
        "dvar": 49.9266471863,
        "dvar2": 136.54473877,
        "max": 70.5775299072,
        "mean": 12.2844963074,
        "median": 9.34247112274,
        "min": -1.18894851208,
        "stdev": 10.1494226456,
        "var": 103.010780334
    },
    "melbands_skewness": {
        "dmean": 0.64914804697,
        "dmean2": 1.04871845245,
        "dvar": 0.383577018976,
        "dvar2": 1.02949512005,
        "max": 7.3463768959,
        "mean": 2.79167509079,
        "median": 2.63746166229,
        "min": -0.158780097961,
        "stdev": 1.1226092577,
        "var": 1.26025164127
    },
    "melbands_spread": {
        "dmean": 5.53985118866,
        "dmean2": 8.78537368774,
        "dvar": 53.9621543884,
        "dvar2": 95.2962112427,
        "max": 125.475082397,
        "mean": 19.5985584259,
        "median": 17.8210353851,
        "min": 3.31841421127,
        "stdev": 11.0860309601,
        "var": 122.900085449
    },
    "pitch_salience": {
        "dmean": 0.0688122659922,
        "dmean2": 0.114674329758,
        "dvar": 0.00373985664919,
        "dvar2": 0.0103236008435,
        "max": 0.959470570087,
        "mean": 0.599182367325,
        "median": 0.597106635571,
        "min": 0.321764200926,
        "stdev": 0.0812842026353,
        "var": 0.0066071213223
    },
    "silence_rate_20dB": {
        "dmean": 0,
        "dmean2": 0,
        "dvar": 0,
        "dvar2": 0,
        "max": 1,
        "mean": 1,
        "median": 1,
        "min": 1,
        "stdev": 0,
        "var": 0
    },
    "silence_rate_30dB": {
        "dmean": 0.00531914876774,
        "dmean2": 0.0106524629518,
        "dvar": 0.00529082166031,
        "dvar2": 0.0132021140307,
        "max": 1,
        "mean": 0.996015965939,
        "median": 1,
        "min": 0,
        "stdev": 0.0629934668541,
        "var": 0.00396817643195
    },
    "silence_rate_60dB": {
        "dmean": 0.00265957438387,
        "dmean2": 0.00399467395619,
        "dvar": 0.00265252077952,
        "dvar2": 0.00397873250768,
        "max": 1,
        "mean": 0.00398406386375,
        "median": 0,
        "min": 0,
        "stdev": 0.0629934370518,
        "var": 0.00396817317232
    },
    "spectral_centroid": {
        "dmean": 211.111633301,
        "dmean2": 329.894042969,
        "dvar": 163736.984375,
        "dvar2": 206728.25,
        "max": 10769.921875,
        "mean": 1051.87463379,
        "median": 977.493530273,
        "min": 323.042907715,
        "stdev": 515.931762695,
        "var": 266185.59375
    },
    "spectral_complexity": {
        "dmean": 3.23138308525,
        "dmean2": 5.08122491837,
        "dvar": 9.86667156219,
        "dvar2": 21.4088172913,
        "max": 42,
        "mean": 22.3187255859,
        "median": 22,
        "min": 0,
        "stdev": 5.77667140961,
        "var": 33.3699302673
    },
    "spectral_decrease": {
        "dmean": 3.21817328341e-09,
        "dmean2": 5.19842702218e-09,
        "dvar": 1.6119498553e-17,
        "dvar2": 3.88797155602e-17,
        "max": 8.53124432826e-29,
        "mean": -8.85975470766e-09,
        "median": -7.75009834086e-09,
        "min": -3.74753774679e-08,
        "stdev": 5.43078115811e-09,
        "var": 2.94933828209e-17
    },
    "spectral_energy": {
        "dmean": 0.0125288693234,
        "dmean2": 0.020158354193,
        "dvar": 0.00024235266028,
        "dvar2": 0.000585032743402,
        "max": 0.145826980472,
        "mean": 0.0357761196792,
        "median": 0.0313600115478,
        "min": 1.10232099835e-20,
        "stdev": 0.0213068164885,
        "var": 0.00045398043585
    },
    "spectral_energyband_high": {
        "dmean": 0.000511435675435,
        "dmean2": 0.000730732397642,
        "dvar": 7.48426771224e-07,
        "dvar2": 1.37750555496e-06,
        "max": 0.00951146800071,
        "mean": 0.0011519229738,
        "median": 0.000689313106705,
        "min": 8.41876720137e-21,
        "stdev": 0.00151996593922,
        "var": 2.31029662245e-06
    },
    "spectral_energyband_low": {
        "dmean": 0.00827529653907,
        "dmean2": 0.0142192598432,
        "dvar": 0.000177417721716,
        "dvar2": 0.000466663448606,
        "max": 0.111723542213,
        "mean": 0.0117530217394,
        "median": 0.00769429700449,
        "min": 1.43303541187e-23,
        "stdev": 0.0133840423077,
        "var": 0.000179132592166
    },
    "spectral_energyband_middle_high": {
        "dmean": 0.00164968555328,
        "dmean2": 0.00241427659057,
        "dvar": 5.79715424465e-06,
        "dvar2": 1.33157391247e-05,
        "max": 0.0489211753011,
        "mean": 0.00558677408844,
        "median": 0.00433094613254,
        "min": 1.43974996239e-21,
        "stdev": 0.00476856902242,
        "var": 2.27392520173e-05
    },
    "spectral_energyband_middle_low": {
        "dmean": 0.00696493918076,
        "dmean2": 0.0114795006812,
        "dvar": 5.82253596804e-05,
        "dvar2": 0.000141575597809,
        "max": 0.076967716217,
        "mean": 0.0195514094085,
        "median": 0.0177837181836,
        "min": 2.77288773371e-22,
        "stdev": 0.011802396737,
        "var": 0.000139296564157
    },
    "spectral_entropy": {
        "dmean": 0.166480243206,
        "dmean2": 0.236976668239,
        "dvar": 0.0301175042987,
        "dvar2": 0.0547453053296,
        "max": 9.80092048645,
        "mean": 7.66972160339,
        "median": 7.6372013092,
        "min": 6.69757890701,
        "stdev": 0.341199100018,
        "var": 0.116416826844
    },
    "spectral_flux": {
        "dmean": 0.0264431592077,
        "dmean2": 0.0408667363226,
        "dvar": 0.000861385429744,
        "dvar2": 0.00161306269001,
        "max": 0.296904891729,
        "mean": 0.0995254442096,
        "median": 0.0876804292202,
        "min": 1.04991473848e-10,
        "stdev": 0.0436224043369,
        "var": 0.00190291414037
    },
    "spectral_kurtosis": {
        "dmean": 1.40710484982,
        "dmean2": 2.1674721241,
        "dvar": 3.60499548912,
        "dvar2": 9.24333095551,
        "max": 27.1360645294,
        "mean": 4.43130159378,
        "median": 4.05179071426,
        "min": -1.22931110859,
        "stdev": 2.69274663925,
        "var": 7.25088500977
    },
    "spectral_rms": {
        "dmean": 0.000976598355919,
        "dmean2": 0.00152935471851,
        "dvar": 1.03499291981e-06,
        "dvar2": 2.35131528825e-06,
        "max": 0.0119277080521,
        "mean": 0.0056697470136,
        "median": 0.00553128682077,
        "min": 3.27938284167e-12,
        "stdev": 0.00166058924515,
        "var": 2.75755655821e-06
    },
    "spectral_rolloff": {
        "dmean": 575.640930176,
        "dmean2": 929.654968262,
        "dvar": 1759203.75,
        "dvar2": 2693458.75,
        "max": 18583.1542969,
        "mean": 1475.38317871,
        "median": 1055.12695312,
        "min": 129.19921875,
        "stdev": 1860.38110352,
        "var": 3461018
    },
    "spectral_skewness": {
        "dmean": 0.210184395313,
        "dmean2": 0.31907632947,
        "dvar": 0.0512520037591,
        "dvar2": 0.105358697474,
        "max": 3.50747251511,
        "mean": 1.74315536022,
        "median": 1.75553953648,
        "min": 0.0226506572217,
        "stdev": 0.420139342546,
        "var": 0.17651706934
    },
    "spectral_spread": {
        "dmean": 812034.75,
        "dmean2": 1062253.125,
        "dvar": 2.47883471258e+12,
        "dvar2": 2.72568261018e+12,
        "max": 41461012,
        "mean": 5677560.5,
        "median": 5349606.5,
        "min": 2068371.125,
        "stdev": 2365540.5,
        "var": 5.5957824471e+12
    },
    "spectral_strongpeak": {
        "dmean": 0.454706668854,
        "dmean2": 0.797865629196,
        "dvar": 0.307423084974,
        "dvar2": 0.787099838257,
        "max": 5.67393875122,
        "mean": 0.771645665169,
        "median": 0.47042620182,
        "min": 0,
        "stdev": 0.748940289021,
        "var": 0.560911536217
    },
    "zerocrossingrate": {
        "dmean": 0.0127206351608,
        "dmean2": 0.0140470257029,
        "dvar": 0.000585912668612,
        "dvar2": 0.000591151881963,
        "max": 0.51220703125,
        "mean": 0.0636419132352,
        "median": 0.052734375,
        "min": 0.0048828125,
        "stdev": 0.0411336906254,
        "var": 0.00169198040385
    },
    "barkbands": {
        "dmean": [8.05827585282e-05, 0.00284766242839, 0.00487506901845, 0.00311673223041, 0.00327218184248, 0.00160838349257, 0.00174019660335, 0.000818591506686, 0.000950671674218, 0.000596335565206, 0.000390966364648, 0.000371400790755, 0.000313454103889, 0.000487979850732, 0.000398981646867, 0.000274999329122, 0.000185138967936, 0.000145379191963, 6.90244996804e-05, 9.87103267107e-05, 7.71796840127e-05, 9.86046361504e-05, 8.40640204842e-05, 0.00010559373186, 0.000119296841149, 8.26469549793e-05, 5.8359223658e-06],
        "dmean2": [0.000100931043562, 0.00469926465303, 0.00856875069439, 0.00529369851574, 0.00579878734425, 0.00264701060951, 0.00270371627994, 0.00126053742133, 0.00143574539106, 0.000916033808608, 0.000582833425142, 0.00058166886447, 0.000500879250467, 0.000781404203735, 0.000620304374024, 0.000437262409832, 0.000289187475573, 0.000237916727201, 0.000113013469672, 0.000160130250151, 0.000125629769173, 0.000154203589773, 0.000125171107356, 0.000152403255925, 0.000181294308277, 0.000114304755698, 9.06693276193e-06],
        "dvar": [7.65254668522e-08, 4.24238023697e-05, 6.01807587373e-05, 1.79174767254e-05, 1.36711623782e-05, 6.9628122219e-06, 1.13914829853e-05, 1.63436800449e-06, 3.71505188923e-06, 2.12629902308e-06, 3.19003902405e-07, 2.64931941274e-07, 2.78468633041e-07, 1.12686336706e-06, 5.30051522674e-07, 2.40252688855e-07, 6.14735569116e-08, 2.42031994446e-08, 1.25182513244e-08, 1.41009035559e-08, 1.88197546436e-08, 2.88461805553e-08, 2.18759499404e-08, 3.31196048364e-08, 5.32368744643e-08, 3.04294367481e-08, 2.36902386597e-10],
        "dvar2": [1.08801465615e-07, 0.000112620655273, 0.000159131799592, 4.90986276418e-05, 3.86653919122e-05, 1.65240253409e-05, 2.77759008895e-05, 3.71315013581e-06, 8.84767177922e-06, 5.01220802107e-06, 6.35687285921e-07, 6.73863553402e-07, 6.93487379522e-07, 2.91715900858e-06, 1.21355549254e-06, 5.53961854166e-07, 1.3070395255e-07, 5.90996478422e-08, 3.19898170176e-08, 3.33579173173e-08, 4.94033116638e-08, 7.44786916584e-08, 4.20182963978e-08, 6.32336423223e-08, 1.01868387503e-07, 5.0721997269e-08, 4.61718469014e-10],
        "max": [0.00339324958622, 0.0692107975483, 0.056025698781, 0.0399866178632, 0.0361610203981, 0.0282927490771, 0.0360504984856, 0.0150025924668, 0.0248385798186, 0.0310537107289, 0.0075212190859, 0.00558130163699, 0.00738741876557, 0.0120627926663, 0.00812267977744, 0.00618636561558, 0.00279361358844, 0.00195623608306, 0.00127237057313, 0.00120149226859, 0.00129175302573, 0.00181491172407, 0.00155288702808, 0.00205338816158, 0.00277911545709, 0.00257269223221, 0.000266122398898],
        "mean": [0.000117295872769, 0.00385286821984, 0.00561669608578, 0.00412815762684, 0.00602659909055, 0.00288817612454, 0.00294927484356, 0.00160710385535, 0.00176611868665, 0.00099367077928, 0.000710261752829, 0.000661291473079, 0.000500241352711, 0.000784676638432, 0.000641189923044, 0.000517068605404, 0.000361670769053, 0.000279427913483, 0.000128779924125, 0.000191766768694, 0.000131906534079, 0.000193918880541, 0.000169128004927, 0.000198247100343, 0.000207529752515, 0.000145751182572, 7.34567629479e-06],
        "median": [1.6279402189e-05, 0.00221324432641, 0.00307339569554, 0.0023838095367, 0.00454488908872, 0.00165560946334, 0.000984973157756, 0.000812327838503, 0.000798880937509, 0.000550491851754, 0.000454444874777, 0.000431876978837, 0.000298422033666, 0.000305861292873, 0.000322798587149, 0.000278247054666, 0.000213820414501, 0.000221784575842, 9.0052773885e-05, 0.000131396736833, 6.2033010181e-05, 0.000103480902908, 9.56878866418e-05, 8.97290956345e-05, 8.28837437439e-05, 5.94532793912e-05, 9.43383895446e-07],
        "min": [9.81441573708e-24, 6.92411221075e-24, 1.6812241083e-24, 5.90803648786e-24, 5.5322209438e-23, 1.0682019949e-23, 1.39780687177e-22, 1.68389712403e-23, 4.6501659045e-23, 3.40380353957e-23, 5.56243557864e-23, 6.15359342598e-23, 7.84038062082e-23, 6.67083311322e-23, 1.66765851696e-22, 1.54509730019e-22, 1.63180674519e-22, 1.74364803646e-22, 3.15923772629e-22, 2.56781520035e-22, 4.76650761567e-22, 4.64023938374e-22, 7.77679830564e-22, 9.02912774067e-22, 1.34281352266e-21, 1.93664468708e-21, 2.58372126153e-21],
        "stdev": [0.000406281702453, 0.00622933544219, 0.00742491707206, 0.00477829016745, 0.00525417923927, 0.00370361027308, 0.00486833881587, 0.00214300910011, 0.00287650804967, 0.00225456990302, 0.000865973648615, 0.000703189987689, 0.000661302765366, 0.00146504654549, 0.000968405045569, 0.000742551696021, 0.000406114384532, 0.000225111158215, 0.000127014835016, 0.000177348134457, 0.00018271242152, 0.000243524526013, 0.000240772613324, 0.00030977462302, 0.000364392151823, 0.000270078046015, 2.3016880732e-05],
        "var": [1.65064832913e-07, 3.88046209991e-05, 5.51293924218e-05, 2.28320586757e-05, 2.7606400181e-05, 1.37167289722e-05, 2.37007243413e-05, 4.59248849438e-06, 8.27429903438e-06, 5.08308494318e-06, 7.49910327613e-07, 4.94476182666e-07, 4.37321318714e-07, 2.14636133933e-06, 9.37808351864e-07, 5.51382981939e-07, 1.64928891877e-07, 5.06750303941e-08, 1.61327697867e-08, 3.14523624922e-08, 3.33838308109e-08, 5.93041953323e-08, 5.79714516391e-08, 9.59603170259e-08, 1.32781650564e-07, 7.29421572032e-08, 5.29776833513e-10]
    },
    "erbbands": {
        "dmean": [0.052036549896, 0.806579172611, 4.83757066727, 8.15336418152, 11.6165084839, 9.51573371887, 11.0265188217, 15.5219755173, 27.302236557, 15.5975809097, 16.3087215424, 19.5668563843, 21.1365413666, 12.7621679306, 17.1944656372, 11.7874689102, 14.3083715439, 15.1617822647, 23.0947856903, 16.7987174988, 13.0794963837, 10.9804296494, 9.19373035431, 3.46352601051, 3.61123919487, 5.21778106689, 3.32257699966, 3.18251419067, 3.56527113914, 2.86812376976, 2.43480825424, 2.00748109818, 2.02790951729, 1.46737349033, 0.815310537815, 0.411165833473, 0.145731300116, 0.0239843223244, 0.000657656579278, 2.6817609978e-05],
        "dmean2": [0.0816442146897, 1.37048685551, 8.4039182663, 13.9031600952, 20.5153427124, 16.0386314392, 18.1841697693, 25.7506599426, 42.6006278992, 24.3384647369, 25.2903079987, 30.2958583832, 33.0826797485, 19.4742488861, 26.2140331268, 18.2052593231, 22.837846756, 23.5244159698, 36.4390602112, 26.5023555756, 21.2086277008, 17.4011383057, 15.1012077332, 5.54869890213, 5.93428754807, 8.41670703888, 5.3530087471, 5.14354085922, 5.72257614136, 4.36936807632, 3.62457346916, 3.09845328331, 2.96698403358, 2.24703168869, 1.19158840179, 0.581637442112, 0.210947185755, 0.0337035916746, 0.000981296878308, 3.98668598791e-05],
        "dvar": [0.0267431810498, 3.1617026329, 61.5156211853, 131.945510864, 203.31060791, 153.421142578, 225.754180908, 804.368408203, 2820.45751953, 974.936096191, 638.711364746, 2317.59692383, 2129.91430664, 592.205566406, 672.398010254, 330.680847168, 618.447998047, 940.326904297, 2424.72631836, 867.335327148, 465.049530029, 228.07144165, 101.450836182, 29.3958930969, 33.0966567993, 38.9925041199, 32.7408256531, 31.4420871735, 43.4564590454, 23.6785526276, 19.4064254761, 15.3289279938, 11.9397859573, 7.4656162262, 2.49537491798, 0.669761240482, 0.109550766647, 0.00313859665766, 2.93921402772e-06, 1.79467718464e-09],
        "dvar2": [0.0622517839074, 8.78661441803, 166.033996582, 356.780426025, 621.734619141, 383.335021973, 553.156066895, 1951.20605469, 6886.31445312, 2345.18237305, 1463.84155273, 5841.81835938, 4951.89990234, 1228.12695312, 1356.07922363, 822.047424316, 1544.80175781, 2309.27709961, 5852.73388672, 1876.75915527, 1143.06494141, 522.094177246, 242.910446167, 77.1603622437, 85.8373336792, 93.3770370483, 87.567489624, 84.4542617798, 115.285316467, 54.7329597473, 37.9606895447, 31.6581954956, 23.1462688446, 15.3972673416, 4.6807141304, 1.10661303997, 0.195164754987, 0.00556327635422, 6.04113938607e-06, 3.54375262468e-09],
        "max": [1.79344284534, 17.2710990906, 57.1721611023, 91.003288269, 114.612968445, 195.213119507, 161.753768921, 311.581573486, 632.04888916, 429.598022461, 346.683074951, 765.028625488, 840.644042969, 478.593475342, 387.934173584, 260.8934021, 362.037994385, 362.152587891, 733.932800293, 435.392852783, 340.226104736, 178.568496704, 139.118530273, 56.5936813354, 67.4705581665, 55.6097564697, 59.7954025269, 54.9408035278, 77.6485061646, 57.6044540405, 53.3586845398, 43.7229919434, 42.5799217224, 30.0354328156, 16.7300510406, 13.48432827, 4.44999551773, 0.879019260406, 0.0296699497849, 0.000665847910568],
        "mean": [0.0716256052256, 1.04849219322, 5.88142299652, 10.9679460526, 18.4671440125, 17.3017597198, 21.2056598663, 27.0334777832, 48.8836479187, 28.3016471863, 33.9488105774, 36.9655532837, 39.0182647705, 25.1486873627, 32.7877044678, 22.8505554199, 23.9850730896, 27.9410400391, 42.0345230103, 32.4422683716, 26.6249370575, 23.32670784, 18.24559021, 6.91272163391, 7.09121084213, 9.95985126495, 5.78616905212, 5.42294025421, 6.81461524963, 5.84295701981, 4.83171892166, 3.61913943291, 3.7226433754, 2.51095080376, 1.36609280109, 0.751077234745, 0.238939791918, 0.0362987704575, 0.000964766077232, 7.11730244802e-05],
        "median": [0.0344201736152, 0.624959528446, 3.30873084068, 6.33645868301, 13.3344144821, 11.3028745651, 14.8641242981, 12.9840450287, 16.3160572052, 15.3676671982, 20.0614471436, 16.7716789246, 19.8922634125, 15.3384666443, 20.2484455109, 15.266907692, 14.5081501007, 12.9866695404, 18.8856277466, 16.7050609589, 16.1686496735, 14.3652391434, 14.6618299484, 5.27312040329, 5.06996393204, 6.63608980179, 3.04675889015, 2.59725952148, 3.62537121773, 3.38882780075, 2.73666620255, 1.63748764992, 1.61968934536, 1.01464092731, 0.525903701782, 0.334183484316, 0.0870730578899, 0.0100343031809, 0.000252346653724, 5.22009504493e-05],
        "min": [2.0146338743e-22, 1.62732498027e-21, 2.19027167226e-21, 1.38847726502e-20, 9.45786163178e-20, 2.29881815733e-19, 9.74114837336e-20, 1.76976002914e-19, 1.90524655246e-18, 9.83333390447e-19, 7.35833144654e-19, 1.05262434581e-18, 3.80614389266e-19, 2.17336308595e-18, 2.34662723219e-18, 2.65756152931e-18, 2.7087950285e-18, 3.15360126994e-18, 5.17802366236e-18, 1.0210963154e-17, 1.11519795353e-17, 8.54295179442e-18, 9.86283095831e-18, 1.01842344669e-17, 2.00474980406e-17, 1.22097367436e-17, 1.99135741907e-17, 1.74481524489e-17, 1.62661924172e-17, 1.5086647753e-17, 2.39467893979e-17, 1.585924768e-17, 1.75200145918e-17, 1.34499733037e-17, 1.05506084766e-17, 6.068328909e-18, 3.90070500893e-18, 1.49286465366e-18, 3.6148924972e-19, 3.90157992045e-20],
        "stdev": [0.174662172794, 1.58923399448, 7.55046463013, 12.5245342255, 17.6199684143, 19.9278450012, 20.0980682373, 39.5737533569, 81.1307601929, 38.4689025879, 40.847984314, 67.9076004028, 68.7813644409, 38.8639335632, 40.1768341064, 24.7093448639, 30.9350280762, 44.8124580383, 66.7600784302, 44.6454849243, 33.6120643616, 24.6640853882, 14.7053499222, 6.08039188385, 6.72892141342, 9.34564590454, 7.3522605896, 7.40971803665, 8.76451683044, 7.58150577545, 7.04019260406, 6.09144878387, 5.70473766327, 4.26553106308, 2.47798967361, 1.28740310669, 0.479142218828, 0.0878005102277, 0.00246325437911, 6.79819277138e-05],
        "var": [0.030506875366, 2.52566456795, 57.0095176697, 156.863967896, 310.463287354, 397.118988037, 403.932342529, 1566.08203125, 6582.20068359, 1479.85644531, 1668.55773926, 4611.44238281, 4730.87646484, 1510.40539551, 1614.17797852, 610.551696777, 956.976013184, 2008.15625, 4456.90820312, 1993.21923828, 1129.77075195, 608.317138672, 216.247329712, 36.9711647034, 45.2783851624, 87.3411026001, 54.0557365417, 54.90391922, 76.8167495728, 57.4792289734, 49.5643119812, 37.1057510376, 32.5440330505, 18.1947555542, 6.14043235779, 1.65740680695, 0.229577258229, 0.00770892994478, 6.0676220528e-06, 4.62154226e-09]
    },
    "gfcc": {
        "mean": [43.5548439026, 85.3732452393, -100.381866455, 22.4880008698, -57.4209785461, 16.8914051056, -49.5309524536, 10.2526435852, -29.0104351044, 2.49642133713, -25.6081409454, 1.96741271019, -15.5946712494],
        "cov": [[6903.90576172, -487.674957275, 0.948470771313, 116.315055847, -381.251159668, 138.081100464, -259.373321533, 109.059310913, -102.08404541, 141.001098633, -212.445709229, 35.0961799622, -139.709457397], [-487.674957275, 920.379089355, -314.760375977, -36.3982276917, 168.001495361, -62.8907432556, 52.0143051147, -42.5120201111, 46.5708427429, -67.3174591064, 106.408203125, -41.0913467407, 36.9374542236], [0.948470771313, -314.760375977, 370.73324585, 77.0615615845, 2.50362730026, 65.601348877, 13.8371763229, 25.8962497711, -41.2078666687, 34.4436569214, -39.4821739197, 18.0641403198, -17.1242084503], [116.315055847, -36.3982276917, 77.0615615845, 232.961608887, 6.58018445969, 9.55150604248, 25.0555114746, -10.2424039841, -13.5419788361, -9.35720825195, -4.58243370056, 21.4723052979, 11.3760261536], [-381.251159668, 168.001495361, 2.50362730026, 6.58018445969, 143.340042114, 12.7479457855, 39.5449562073, 3.69672179222, 6.22013950348, -11.431640625, 21.8880844116, -13.4396066666, 11.6925811768], [138.081100464, -62.8907432556, 65.601348877, 9.55150604248, 12.7479457855, 104.959526062, 46.3258399963, 21.0913486481, -7.74172115326, 12.411564827, -0.625505208969, -12.64868927, -11.805896759], [-259.373321533, 52.0143051147, 13.8371763229, 25.0555114746, 39.5449562073, 46.3258399963, 118.752067566, 10.5417861938, 2.02373027802, -5.01048135757, 21.6829242706, -8.85269069672, -2.67013835907], [109.059310913, -42.5120201111, 25.8962497711, -10.2424039841, 3.69672179222, 21.0913486481, 10.5417861938, 59.8671607971, 16.0476665497, 15.998714447, -0.692711532116, -0.474132299423, -1.39613044262], [-102.08404541, 46.5708427429, -41.2078666687, -13.5419788361, 6.22013950348, -7.74172115326, 2.02373027802, 16.0476665497, 90.9376144409, 19.1300239563, 4.13954019547, 5.04949331284, 2.07022833824], [141.001098633, -67.3174591064, 34.4436569214, -9.35720825195, -11.431640625, 12.411564827, -5.01048135757, 15.998714447, 19.1300239563, 70.9695510864, 16.1281242371, 8.91485786438, -3.930362463], [-212.445709229, 106.408203125, -39.4821739197, -4.58243370056, 21.8880844116, -0.625505208969, 21.6829242706, -0.692711532116, 4.13954019547, 16.1281242371, 76.4385681152, 12.4382858276, 8.05973625183], [35.0961799622, -41.0913467407, 18.0641403198, 21.4723052979, -13.4396066666, -12.64868927, -8.85269069672, -0.474132299423, 5.04949331284, 8.91485786438, 12.4382858276, 70.1879196167, 13.0309085846], [-139.709457397, 36.9374542236, -17.1242084503, 11.3760261536, 11.6925811768, -11.805896759, -2.67013835907, -1.39613044262, 2.07022833824, -3.930362463, 8.05973625183, 13.0309085846, 53.7539482117]],
        "icov": [[0.000307833222905, -0.0002734218142, 0.000374946452212, -0.000376142241294, 0.000645629188512, -0.000793992134277, 0.000697244598996, -0.000776245200541, 0.000779464258812, -0.00101178558543, 0.00118793954607, -0.000505254080053, 0.000727027712855], [-0.0002734218142, 0.00297601055354, 0.00120470125694, 0.000222704969929, -0.00308263115585, 0.0014072752092, -0.000823227805085, 0.00164388481062, -0.00165475544054, 0.00267003686167, -0.00376810110174, 0.00171001325361, -0.00102816626895], [0.000374946452212, 0.00120470125694, 0.00569473393261, -0.00172250811011, -0.00152677460574, -0.00240538059734, 0.000768372963648, -0.00165224599186, 0.00288113416173, -0.00313360663131, 0.00298875826411, -0.00172561139334, 0.00175455235876], [-0.000376142241294, 0.000222704969929, -0.00172250811011, 0.00554298842326, -0.00057219248265, 0.0011178816203, -0.00210102344863, 0.00218555354513, -0.00100249226671, 0.0021167867817, -0.00119159230962, -0.000709139392711, -0.00198611407541], [0.000645629188512, -0.00308263115585, -0.00152677460574, -0.00057219248265, 0.0122881941497, -0.00224232929759, -0.000380233366741, -0.00262135080993, 0.00117186910938, -0.00142062595114, 0.00206021405756, 0.000111532208393, -0.000306334375637], [-0.000793992134277, 0.0014072752092, -0.00240538059734, 0.0011178816203, -0.00224232929759, 0.0164940450341, -0.0069720079191, -0.00084970809985, -0.0009685177356, 0.0011961517157, -0.00334709417075, 0.00377451558597, -0.000579973799177], [0.000697244598996, -0.000823227805085, 0.000768372963648, -0.00210102344863, -0.000380233366741, -0.0069720079191, 0.013913711533, -0.00271550496109, 0.00082687579561, 7.92348073446e-05, -0.000824546557851, -0.000351386668626, 0.00242211483419], [-0.000776245200541, 0.00164388481062, -0.00165224599186, 0.00218555354513, -0.00262135080993, -0.00084970809985, -0.00271550496109, 0.0226679928601, -0.00597279146314, 0.000574344245251, -0.00321700400673, 0.00174024852458, -0.0029660507571], [0.000779464258812, -0.00165475544054, 0.00288113416173, -0.00100249226671, 0.00117186910938, -0.0009685177356, 0.00082687579561, -0.00597279146314, 0.0163128506392, -0.00818531680852, 0.00641316501424, -0.00338509283029, 0.00234354892746], [-0.00101178558543, 0.00267003686167, -0.00313360663131, 0.0021167867817, -0.00142062595114, 0.0011961517157, 7.92348073446e-05, 0.000574344245251, -0.00818531680852, 0.024540040642, -0.012520281598, 0.00222373963334, -0.00187234848272], [0.00118793954607, -0.00376810110174, 0.00298875826411, -0.00119159230962, 0.00206021405756, -0.00334709417075, -0.000824546557851, -0.00321700400673, 0.00641316501424, -0.012520281598, 0.0259493421763, -0.00744026806206, 0.00232375692576], [-0.000505254080053, 0.00171001325361, -0.00172561139334, -0.000709139392711, 0.000111532208393, 0.00377451558597, -0.000351386668626, 0.00174024852458, -0.00338509283029, 0.00222373963334, -0.00744026806206, 0.0190901830792, -0.005274661351], [0.000727027712855, -0.00102816626895, 0.00175455235876, -0.00198611407541, -0.000306334375637, -0.000579973799177, 0.00242211483419, -0.0029660507571, 0.00234354892746, -0.00187234848272, 0.00232375692576, -0.005274661351, 0.0228642746806]]
    },
    "melbands": {
        "dmean": [0.000600944738835, 0.00195638905279, 0.00139669980854, 0.000740349292755, 0.000380649144063, 0.000342088955222, 0.000390510278521, 0.000173978172825, 0.00013244789443, 0.000134039801196, 0.000112238223664, 5.99116901867e-05, 4.9340113037e-05, 4.54388209619e-05, 3.1146195397e-05, 3.82545113098e-05, 3.26758708979e-05, 4.493103188e-05, 3.35167605954e-05, 2.06578806683e-05, 1.49943316501e-05, 1.29576301333e-05, 9.14494103199e-06, 5.95297160544e-06, 2.86204840449e-06, 3.00806414089e-06, 2.93874495583e-06, 3.81716881748e-06, 2.29432998822e-06, 1.94672384168e-06, 2.05530932362e-06, 2.19131925405e-06, 1.99740293283e-06, 1.55518796419e-06, 1.39464316362e-06, 1.53239784595e-06, 1.21278458209e-06, 1.56500505e-06, 1.3005777646e-06, 1.2681799717e-06],
        "dmean2": [0.000970601628069, 0.00337232835591, 0.00241391011514, 0.00129456329159, 0.00063559965929, 0.000565723108593, 0.000610889168456, 0.000270517339231, 0.000202505587367, 0.000209372286918, 0.00017361715436, 9.1650414106e-05, 7.4463277997e-05, 6.99261727277e-05, 4.86995704705e-05, 6.07859474258e-05, 5.24499846506e-05, 7.24754208932e-05, 5.27107185917e-05, 3.14101125696e-05, 2.48171654675e-05, 2.07160701393e-05, 1.51339409058e-05, 9.75361490418e-06, 4.71551265946e-06, 4.99487896377e-06, 4.81830284116e-06, 6.15514727542e-06, 3.74988508156e-06, 3.1629986097e-06, 3.42579664903e-06, 3.56631653631e-06, 3.13816985908e-06, 2.40394001594e-06, 2.09583072319e-06, 2.39789301304e-06, 1.88001092738e-06, 2.31614671975e-06, 2.00009526452e-06, 2.00164231501e-06],
        "dvar": [2.41367501985e-06, 1.07351670522e-05, 3.24474990521e-06, 7.6115139791e-07, 2.55066794352e-07, 3.45746144603e-07, 5.62045954666e-07, 9.53295682393e-08, 4.1164923914e-08, 9.75787557422e-08, 5.7230302275e-08, 1.59113504594e-08, 5.10234210438e-09, 3.69718011761e-09, 2.70479860731e-09, 4.26921964447e-09, 4.75661110499e-09, 9.93549331696e-09, 3.78491238351e-09, 1.72631575701e-09, 6.35750452282e-10, 3.52123219471e-10, 1.11586080653e-10, 4.45146176864e-11, 2.09779398713e-11, 2.41501055265e-11, 1.41893597566e-11, 2.10670873108e-11, 1.70049772874e-11, 1.38472271843e-11, 1.30574214635e-11, 1.57169451065e-11, 1.16652989351e-11, 6.92852502801e-12, 5.63899751546e-12, 1.02421508774e-11, 5.06704444028e-12, 7.14508877411e-12, 5.66429585527e-12, 5.78685797198e-12],
        "dvar2": [6.04676688454e-06, 2.93112643703e-05, 8.66504888108e-06, 2.20569268095e-06, 6.39968277483e-07, 8.3575298504e-07, 1.38846212394e-06, 2.21727546545e-07, 9.51987573217e-08, 2.37540703552e-07, 1.35064411211e-07, 3.40001058419e-08, 1.02505461896e-08, 9.12909747797e-09, 6.41584163574e-09, 1.07303561592e-08, 1.19659464559e-08, 2.44468516541e-08, 8.63539639795e-09, 4.00544220014e-09, 1.63924873675e-09, 7.96162302752e-10, 2.61798999146e-10, 1.09042976038e-10, 5.54673737496e-11, 6.26768914547e-11, 3.46591505496e-11, 5.18706258501e-11, 4.61930355078e-11, 3.8141937525e-11, 3.49053563831e-11, 4.25795579351e-11, 2.99561590811e-11, 1.54438319772e-11, 1.04368796591e-11, 2.2857158874e-11, 1.0700949675e-11, 1.47114421339e-11, 1.1731141232e-11, 1.22405202294e-11],
        "max": [0.0166223235428, 0.0270772036165, 0.0155395418406, 0.00940321851522, 0.00569812906906, 0.00631655845791, 0.00843427330256, 0.00398098491132, 0.00241538486443, 0.00474554114044, 0.00456080026925, 0.00249103782699, 0.00104834837839, 0.000648664485198, 0.000628702982794, 0.00088151084492, 0.000762411858886, 0.00152758043259, 0.000836405204609, 0.000544974056538, 0.000404962018365, 0.000229580400628, 0.000111616202048, 7.98301916802e-05, 4.30704712926e-05, 6.83476828272e-05, 3.43934661942e-05, 4.09811036661e-05, 4.21222757723e-05, 5.13948689331e-05, 3.415523679e-05, 4.31939843111e-05, 3.56589262083e-05, 2.90297830361e-05, 2.73074874713e-05, 3.4831060475e-05, 2.43057620537e-05, 3.16400110023e-05, 2.98943141388e-05, 2.48743926932e-05],
        "mean": [0.000825822062325, 0.00251007638872, 0.00212091929279, 0.00132725550793, 0.000739166047424, 0.000630068010651, 0.000682597863488, 0.000323601823766, 0.000260051136138, 0.000248224881943, 0.000199094065465, 0.000108461703348, 9.2956404842e-05, 8.63326276885e-05, 4.91048958793e-05, 5.70541269553e-05, 5.33978600288e-05, 7.466840907e-05, 5.35168728675e-05, 3.66899876099e-05, 2.79854612018e-05, 2.47364368988e-05, 1.92653933482e-05, 1.09464008347e-05, 4.87532406623e-06, 5.33604588782e-06, 5.50135519006e-06, 6.79654067426e-06, 3.6497920064e-06, 2.98026589007e-06, 3.30323996423e-06, 3.85231942346e-06, 3.83743508792e-06, 2.96721373161e-06, 2.72396368928e-06, 2.54320616477e-06, 2.09588688449e-06, 2.72610827778e-06, 2.31860394706e-06, 2.0665820557e-06],
        "median": [0.000454567634733, 0.00150676292833, 0.00146160437725, 0.000951480760705, 0.000512020138558, 0.000310782343149, 0.000237427040702, 0.000160088442499, 0.000145871847053, 0.000109265769424, 0.000100661760371, 6.5589476435e-05, 5.95282253926e-05, 6.01930551056e-05, 2.48324813583e-05, 3.2196930988e-05, 2.21562113438e-05, 3.04258919641e-05, 2.70311265922e-05, 1.67338566825e-05, 1.70540424733e-05, 1.43311808642e-05, 1.47200325955e-05, 8.26390260045e-06, 3.40272185895e-06, 3.7323043216e-06, 3.66278777619e-06, 4.48829223387e-06, 1.97926010514e-06, 1.22196092889e-06, 1.54293547894e-06, 1.94294739231e-06, 2.13434418583e-06, 1.6739933244e-06, 1.52330437686e-06, 1.22537267089e-06, 8.08633672023e-07, 1.12943268959e-06, 9.54321762947e-07, 7.30121143988e-07],
        "min": [2.38547948422e-24, 1.5767122657e-24, 4.46511128459e-24, 1.10408285986e-23, 5.66991961248e-24, 3.76845204754e-24, 2.98803503057e-23, 8.42788856652e-24, 7.36762874432e-24, 5.8308247546e-24, 1.54875444357e-24, 8.47056436377e-24, 7.32933428054e-24, 6.65385319778e-24, 5.86654871513e-24, 7.87782137933e-24, 5.11377504088e-24, 7.57112567002e-24, 1.42374815243e-23, 1.00838093696e-23, 1.43665549456e-23, 8.54528684643e-24, 9.67062611558e-24, 7.12756811567e-24, 7.6754391141e-24, 1.52220004444e-23, 1.2580830236e-23, 6.62024141233e-24, 9.94677476406e-24, 1.38844173598e-23, 9.7761615052e-24, 9.58524296664e-24, 7.40896111145e-24, 9.66585035166e-24, 1.43059988271e-23, 1.01972388903e-23, 1.04655178624e-23, 1.3502589749e-23, 1.00598437753e-23, 1.13843546458e-23],
        "stdev": [0.00156151677947, 0.00311126699671, 0.00205913372338, 0.00121904944535, 0.000681072706357, 0.000835441111121, 0.00109626352787, 0.000427510909503, 0.000314303382766, 0.000460251001641, 0.000362670252798, 0.000191346538486, 0.00011293120042, 8.75176265254e-05, 7.38508606446e-05, 8.06100433692e-05, 9.62585691013e-05, 0.000133705660119, 8.2693521108e-05, 5.75910889893e-05, 3.68958608306e-05, 2.9699796869e-05, 1.63791573868e-05, 8.86862744665e-06, 4.93165407534e-06, 5.42936095371e-06, 5.40392966286e-06, 6.56243491903e-06, 4.88609202876e-06, 4.47632737632e-06, 4.61578110844e-06, 5.07319555254e-06, 4.88479054184e-06, 4.06808749176e-06, 3.91668345401e-06, 4.36181881014e-06, 3.5699779346e-06, 4.21597314926e-06, 3.72644080926e-06, 3.63052890862e-06],
        "var": [2.43833483182e-06, 9.67998221313e-06, 4.2400320126e-06, 1.48608160089e-06, 4.63860033051e-07, 6.97961866081e-07, 1.20179379337e-06, 1.82765575119e-07, 9.87866073388e-08, 2.11830979424e-07, 1.31529702685e-07, 3.66134997876e-08, 1.2753456069e-08, 7.65933538815e-09, 5.45394929219e-09, 6.49797859964e-09, 9.26571175341e-09, 1.7877201941e-08, 6.83821843595e-09, 3.31673333243e-09, 1.36130451356e-09, 8.82077910713e-10, 2.68276789672e-10, 7.86525497509e-11, 2.43212099765e-11, 2.94779582688e-11, 2.92024564252e-11, 4.30655511252e-11, 2.38738959157e-11, 2.00375063764e-11, 2.13054348469e-11, 2.5737315057e-11, 2.38611786579e-11, 1.65493348192e-11, 1.53404077635e-11, 1.9025465231e-11, 1.27447418938e-11, 1.7774427763e-11, 1.38863608112e-11, 1.31807403533e-11]
    },
    "melbands128": {
