{
"lowlevel": {
    "average_loudness": 0.978243470192,
    "barkbands_crest": {
        "dmean": 2.82636642456,
        "dmean2": 4.29046869278,
        "dvar": 11.4161233902,
        "dvar2": 23.6794033051,
        "max": 25.8249645233,
        "mean": 12.0094184875,
        "median": 10.8044557571,
        "min": 3.02229094505,
        "stdev": 5.29761695862,
        "var": 28.0647449493
    },
    "barkbands_flatness_db": {
        "dmean": 0.0374088585377,
        "dmean2": 0.0534915700555,
        "dvar": 0.00207196106203,
        "dvar2": 0.0046490537934,
        "max": 0.46662145853,
        "mean": 0.16762547195,
        "median": 0.158045351505,
        "min": 0.0214624628425,
        "stdev": 0.0731060802937,
        "var": 0.00534449936822
    },
    "barkbands_kurtosis": {
        "dmean": 9.18623256683,
        "dmean2": 14.1052808762,
        "dvar": 435.264984131,
        "dvar2": 1018.43182373,
        "max": 231.346572876,
        "mean": 11.3675374985,
        "median": 3.4621348381,
        "min": -1.93963992596,
        "stdev": 24.5978088379,
        "var": 605.052185059
    },
    "barkbands_skewness": {
        "dmean": 0.932173013687,
        "dmean2": 1.3331823349,
        "dvar": 1.78807747364,
        "dvar2": 4.00022029877,
        "max": 13.3673563004,
        "mean": 2.24589753151,
        "median": 1.6821526289,
        "min": -0.617836117744,
        "stdev": 1.87381839752,
        "var": 3.51119542122
    },
    "barkbands_spread": {
        "dmean": 6.87533092499,
        "dmean2": 10.4192819595,
        "dvar": 94.9481582642,
        "dvar2": 205.862197876,
        "max": 100.998184204,
        "mean": 18.4972763062,
        "median": 16.0637054443,
        "min": 0.472807049751,
        "stdev": 13.8207979202,
        "var": 191.014465332
    },
    "dissonance": {
        "dmean": 0.0283863022923,
        "dmean2": 0.0457754693925,
        "dvar": 0.000738892878871,
        "dvar2": 0.00168992136605,
        "max": 0.498896807432,
        "mean": 0.438984811306,
        "median": 0.44842967391,
        "min": 0,
        "stdev": 0.0430126152933,
        "var": 0.00185008498374
    },
    "dynamic_complexity": 1.74529373646,
    "erbbands_crest": {
        "dmean": 2.5576069355,
        "dmean2": 3.99181985855,
        "dvar": 5.77264451981,
        "dvar2": 12.8275051117,
        "max": 26.4869346619,
        "mean": 9.62630367279,
        "median": 8.76354122162,
        "min": 2.44483065605,
        "stdev": 4.12354564667,
        "var": 17.0036296844
    },
    "erbbands_flatness_db": {
        "dmean": 0.0220706947148,
        "dmean2": 0.0311820209026,
        "dvar": 0.00061912072124,
        "dvar2": 0.00122503645252,
        "max": 0.340325713158,
        "mean": 0.150572568178,
        "median": 0.141905635595,
        "min": 0.0561906918883,
        "stdev": 0.0480305105448,
        "var": 0.00230692978948
    },
    "erbbands_kurtosis": {
        "dmean": 1.23124861717,
        "dmean2": 1.82265233994,
        "dvar": 2.69135475159,
        "dvar2": 5.92618274689,
        "max": 20.1413497925,
        "mean": 1.62355303764,
        "median": 0.795262813568,
        "min": -1.77157795429,
        "stdev": 2.6466884613,
        "var": 7.00496006012
    },
    "erbbands_skewness": {
        "dmean": 0.368280023336,
        "dmean2": 0.55104637146,
        "dvar": 0.157240778208,
        "dvar2": 0.332948088646,
        "max": 3.88292384148,
        "mean": 0.716513693333,
        "median": 0.641208291054,
        "min": -3.09099555016,
        "stdev": 0.700989246368,
        "var": 0.491385936737
    },
    "erbbands_spread": {
        "dmean": 10.3074874878,
        "dmean2": 14.4841871262,
        "dvar": 159.805435181,
        "dvar2": 354.572540283,
        "max": 162.682357788,
        "mean": 36.4990692139,
        "median": 32.7611961365,
        "min": 5.50857114792,
        "stdev": 20.6518211365,
        "var": 426.497680664
    },
    "hfc": {
        "dmean": 11.0253229141,
        "dmean2": 17.4983997345,
        "dvar": 325.654449463,
        "dvar2": 852.115783691,
        "max": 127.564102173,
        "mean": 27.9099063873,
        "median": 25.1931419373,
        "min": 1.23538450225e-06,
        "stdev": 19.9874534607,
        "var": 399.498321533
    },
    "loudness_ebu128": {
        "integrated": -7.17216157913,
        "loudness_range": 1.36398601532,
        "momentary": {
            "dmean": 0.616830408573,
            "dmean2": 0.898660838604,
            "dvar": 0.376517087221,
            "dvar2": 0.614998996258,
            "max": -4.7729344368,
            "mean": -7.33301258087,
            "median": -7.22920894623,
            "min": -15.9453086853,
            "stdev": 1.27335000038,
            "var": 1.62142014503
        },
        "short_term": {
            "dmean": 0.0800974667072,
            "dmean2": 0.113644644618,
            "dvar": 0.00339602772146,
            "dvar2": 0.00727213872597,
            "max": -6.16287708282,
            "mean": -7.16102600098,
            "median": -7.21433210373,
            "min": -8.1698179245,
            "stdev": 0.443435937166,
            "var": 0.196635439992
        }
    },
    "melbands_crest": {
        "dmean": 3.72179985046,
        "dmean2": 5.41916751862,
        "dvar": 16.1497306824,
        "dvar2": 31.3880710602,
        "max": 36.3894462585,
        "mean": 18.1240768433,
        "median": 16.7925758362,
        "min": 4.35769987106,
        "stdev": 7.4836192131,
        "var": 56.0045547485
    },
    "melbands_flatness_db": {
        "dmean": 0.04429705441,
        "dmean2": 0.0619715750217,
        "dvar": 0.00290085142478,
        "dvar2": 0.00650497199968,
        "max": 0.588210463524,
        "mean": 0.247116565704,
        "median": 0.230758666992,
        "min": 0.0640398710966,
        "stdev": 0.0895398631692,
        "var": 0.00801738724113
    },
    "melbands_kurtosis": {
        "dmean": 17.4836139679,
        "dmean2": 27.0370693207,
        "dvar": 1580.35449219,
        "dvar2": 3717.30786133,
        "max": 447.839477539,
        "mean": 23.7762203217,
        "median": 8.75598621368,
        "min": -1.0963460207,
        "stdev": 45.3949890137,
        "var": 2060.70507812
    },
    "melbands_skewness": {
        "dmean": 1.11137163639,
        "dmean2": 1.59783887863,
        "dvar": 2.38483786583,
        "dvar2": 5.23825645447,
        "max": 16.8559932709,
        "mean": 3.1266503334,
        "median": 2.50122117996,
        "min": -0.172329500318,
        "stdev": 2.29590702057,
        "var": 5.27118873596
    },
    "melbands_spread": {
        "dmean": 6.58717918396,
        "dmean2": 10.0699996948,
        "dvar": 85.6766738892,
        "dvar2": 202.576263428,
        "max": 125.182418823,
        "mean": 17.1564865112,
        "median": 15.3523855209,
        "min": 0.366705745459,
        "stdev": 12.3288202286,
        "var": 151.999801636
    },
    "pitch_salience": {
        "dmean": 0.0846302956343,
        "dmean2": 0.128143683076,
        "dvar": 0.00858407840133,
        "dvar2": 0.0183588694781,
        "max": 0.828505814075,
        "mean": 0.465935498476,
        "median": 0.478914380074,
        "min": 0.0831243246794,
        "stdev": 0.154542893171,
        "var": 0.023883504793
    },
    "silence_rate_20dB": {
        "dmean": 0,
        "dmean2": 0,
        "dvar": 0,
        "dvar2": 0,
        "max": 1,
        "mean": 1,
        "median": 1,
        "min": 1,
        "stdev": 0,
        "var": 0
    },
    "silence_rate_30dB": {
        "dmean": 0.0928792580962,
        "dmean2": 0.185127809644,
        "dvar": 0.0842532739043,
        "dvar2": 0.157051578164,
        "max": 1,
        "mean": 0.841453969479,
        "median": 1,
        "min": 0,
        "stdev": 0.365250438452,
        "var": 0.133407890797
    },
    "silence_rate_60dB": {
        "dmean": 0.00696594407782,
        "dmean2": 0.0131680862978,
        "dvar": 0.00691752554849,
        "dvar2": 0.0129948463291,
        "max": 1,
        "mean": 0.0170146953315,
        "median": 0,
        "min": 0,
        "stdev": 0.129326581955,
        "var": 0.0167253632098
    },
    "spectral_centroid": {
        "dmean": 272.638824463,
        "dmean2": 422.819946289,
        "dvar": 122182.609375,
        "dvar2": 299946.375,
        "max": 4082.3684082,
        "mean": 1056.34362793,
        "median": 1001.02087402,
        "min": 139.05317688,
        "stdev": 501.957824707,
        "var": 251961.671875
    },
    "spectral_complexity": {
        "dmean": 4.15944290161,
        "dmean2": 6.64291238785,
        "dvar": 32.2981033325,
        "dvar2": 77.135635376,
        "max": 49,
        "mean": 17.2691421509,
        "median": 17,
        "min": 0,
        "stdev": 7.88178873062,
        "var": 62.1225967407
    },
    "spectral_decrease": {
        "dmean": 6.54926290977e-09,
        "dmean2": 8.48825720823e-09,
        "dvar": 1.25768219632e-16,
        "dvar2": 2.28143718601e-16,
        "max": -4.44214994243e-16,
        "mean": -1.6524975166e-08,
        "median": -1.17593215165e-08,
        "min": -8.5033136088e-08,
        "stdev": 1.62309685692e-08,
        "var": 2.63444319604e-16
    },
    "spectral_energy": {
        "dmean": 0.0251417122781,
        "dmean2": 0.0324693247676,
        "dvar": 0.00178128131665,
        "dvar2": 0.00321024772711,
        "max": 0.323398083448,
        "mean": 0.0649005994201,
        "median": 0.0470410473645,
        "min": 1.78862546996e-09,
        "stdev": 0.0615788400173,
        "var": 0.00379195366986
    },
    "spectral_energyband_high": {
        "dmean": 0.00078857911285,
        "dmean2": 0.00128222664353,
        "dvar": 2.19008757085e-06,
        "dvar2": 5.63891398997e-06,
        "max": 0.0103639438748,
        "mean": 0.0011350515997,
        "median": 0.000686528335791,
        "min": 5.86202753006e-11,
        "stdev": 0.00151388265658,
        "var": 2.29184070122e-06
    },
    "spectral_energyband_low": {
        "dmean": 0.0215788129717,
        "dmean2": 0.0286083761603,
        "dvar": 0.00189394759946,
        "dvar2": 0.0034517897293,
        "max": 0.299588799477,
        "mean": 0.0418736115098,
        "median": 0.0190315265208,
        "min": 4.54515564074e-10,
        "stdev": 0.0610258691013,
        "var": 0.00372415687889
    },
    "spectral_energyband_middle_high": {
        "dmean": 0.00324563495815,
        "dmean2": 0.00498815672472,
        "dvar": 1.99235364562e-05,
        "dvar2": 4.99053458043e-05,
        "max": 0.0564233586192,
        "mean": 0.00752517022192,
        "median": 0.00609925901517,
        "min": 2.58373378248e-10,
        "stdev": 0.00686563178897,
        "var": 4.71368985018e-05
    },
    "spectral_energyband_middle_low": {
        "dmean": 0.00582927837968,
        "dmean2": 0.00867589469999,
        "dvar": 6.76048875903e-05,
        "dvar2": 0.000143797573401,
        "max": 0.0903884023428,
        "mean": 0.0158746168017,
        "median": 0.0127089684829,
        "min": 6.32706886883e-10,
        "stdev": 0.0121576851234,
        "var": 0.000147809303598
    },
    "spectral_entropy": {
        "dmean": 0.2910579741,
        "dmean2": 0.424002021551,
        "dvar": 0.11453243345,
        "dvar2": 0.241822808981,
        "max": 8.9368019104,
        "mean": 7.32553815842,
        "median": 7.35712623596,
        "min": 5.2650513649,
        "stdev": 0.537602186203,
        "var": 0.289016127586
    },
    "spectral_flux": {
        "dmean": 0.0528660453856,
        "dmean2": 0.0826745629311,
        "dvar": 0.00438548717648,
        "dvar2": 0.0106882834807,
        "max": 0.490957021713,
        "mean": 0.11168012768,
        "median": 0.0854190066457,
        "min": 4.22921439167e-05,
        "stdev": 0.0835916623473,
        "var": 0.00698756566271
    },
    "spectral_kurtosis": {
        "dmean": 2.05821895599,
        "dmean2": 3.13487935066,
        "dvar": 15.3720283508,
        "dvar2": 32.9534873962,
        "max": 52.8117218018,
        "mean": 4.99951267242,
        "median": 3.8532166481,
        "min": -0.999615907669,
        "stdev": 4.8763833046,
        "var": 23.7791156769
    },
    "spectral_rms": {
        "dmean": 0.00137894391082,
        "dmean2": 0.00174677174073,
        "dvar": 3.67453822037e-06,
        "dvar2": 5.94736184212e-06,
        "max": 0.0177626106888,
        "mean": 0.00723724486306,
        "median": 0.00677448930219,
        "min": 1.32098466565e-06,
        "stdev": 0.00330755556934,
        "var": 1.09399234134e-05
    },
    "spectral_rolloff": {
        "dmean": 504.947021484,
        "dmean2": 855.207519531,
        "dvar": 1147365.5,
        "dvar2": 2560880.75,
        "max": 10831.2011719,
        "mean": 1079.69018555,
        "median": 818.26171875,
        "min": 64.599609375,
        "stdev": 1320.0534668,
        "var": 1742541.125
    },
    "spectral_skewness": {
        "dmean": 0.309102445841,
        "dmean2": 0.441650390625,
        "dvar": 0.162315145135,
        "dvar2": 0.323935031891,
        "max": 5.81923389435,
        "mean": 1.89457881451,
        "median": 1.77520573139,
        "min": 0.235223904252,
        "stdev": 0.631522476673,
        "var": 0.398820668459
    },
    "spectral_spread": {
        "dmean": 843233.5,
        "dmean2": 1246995,
        "dvar": 1.65322057318e+12,
        "dvar2": 3.09331859866e+12,
        "max": 34532360,
        "mean": 5914139.5,
        "median": 5824686.5,
        "min": 1088624.25,
        "stdev": 1780031.25,
        "var": 3.16851119718e+12
    },
    "spectral_strongpeak": {
        "dmean": 0.486762315035,
        "dmean2": 0.828298687935,
        "dvar": 0.782873988152,
        "dvar2": 1.80575561523,
        "max": 10.0758876801,
        "mean": 0.943526864052,
        "median": 0.523865938187,
        "min": 0,
        "stdev": 1.14946675301,
        "var": 1.32127392292
    },
    "zerocrossingrate": {
        "dmean": 0.0124802719802,
        "dmean2": 0.0146896634251,
        "dvar": 0.000232533930102,
        "dvar2": 0.000279871776002,
        "max": 0.3046875,
        "mean": 0.0487038828433,
        "median": 0.0439453125,
        "min": 0.00048828125,
        "stdev": 0.0329933091998,
        "var": 0.00108855846338
    },
    "barkbands": {
        "dmean": [0.00213219970465, 0.0192045122385, 0.00278858933598, 0.00200735754333, 0.00244220020249, 0.00085790589219, 0.00149614131078, 0.000861206674017, 0.00118495256174, 0.00113556277938, 0.000596328813117, 0.000629872549325, 0.000613513810094, 0.000889964227099, 0.000274208083283, 0.000196973807761, 0.000148358201841, 0.000130226952024, 9.44568091654e-05, 0.000178955931915, 0.000147581886267, 0.000121975106595, 0.000104923215986, 0.000160526149557, 0.000179678012501, 7.8165649029e-05, 1.55454199557e-05],
        "dmean2": [0.00321468315087, 0.0246460307389, 0.00482185650617, 0.00331816636026, 0.00384757178836, 0.00138296163641, 0.00223404029384, 0.00131316808984, 0.00177787547, 0.00179626594763, 0.000821287569124, 0.000925313215703, 0.000964306120295, 0.00143393932376, 0.000429339183029, 0.000314690871164, 0.000248400232522, 0.000235706262174, 0.000159228802659, 0.000297009624774, 0.000243129383307, 0.000205616539461, 0.00017395048053, 0.000257892650552, 0.000297735794447, 0.00012877372501, 2.974493691e-05],
        "dvar": [2.47230618697e-05, 0.00191610318143, 4.75411288789e-05, 1.9198983864e-05, 2.6529914976e-05, 2.20428410103e-06, 5.07675940753e-06, 3.15278361995e-06, 3.9995188672e-06, 5.47217723579e-06, 1.12805855679e-06, 1.59273156441e-06, 1.07809592009e-06, 2.50840435001e-06, 2.86364610247e-07, 1.67360866499e-07, 7.92953045448e-08, 1.14845711607e-07, 2.60050470047e-08, 7.0289374321e-08, 5.72945353383e-08, 5.16924139049e-08, 4.04882420924e-08, 8.23476256073e-08, 1.19101400742e-07, 2.55798138227e-08, 3.03807201618e-09],
        "dvar2": [5.53472455067e-05, 0.00366478716023, 0.000126165090478, 5.20708599652e-05, 5.64371330256e-05, 5.39935217603e-06, 1.15669990919e-05, 6.40437428956e-06, 8.27592793939e-06, 1.21813818623e-05, 1.91969024854e-06, 2.73057685263e-06, 2.33774471781e-06, 5.66036305827e-06, 6.58229225792e-07, 4.07368446531e-07, 2.02866075938e-07, 3.22871073877e-07, 7.10773377932e-08, 1.8558262127e-07, 1.52763846017e-07, 1.37514319931e-07, 1.01689451526e-07, 1.91258308746e-07, 2.98156692224e-07, 6.44554418727e-08, 8.86517437237e-09],
        "max": [0.0459441058338, 0.294102400541, 0.0980662479997, 0.0456274226308, 0.0717225670815, 0.0207526125014, 0.0276143625379, 0.0291641112417, 0.0364607311785, 0.0411422811449, 0.0196182914078, 0.0293763317168, 0.0135157825425, 0.0253181420267, 0.0123498439789, 0.0077592828311, 0.00396838411689, 0.00415494479239, 0.0017188716447, 0.00226046005264, 0.00164866435807, 0.00172214547638, 0.00192421814427, 0.00316934054717, 0.00348756997846, 0.00161806691904, 0.000459900329588],
        "mean": [0.00318496534601, 0.0332641005516, 0.004063306842, 0.00260780961253, 0.00441538449377, 0.0015217034379, 0.00321594090201, 0.00167739845347, 0.00221044104546, 0.00152931292541, 0.00156193762086, 0.00100895448122, 0.000836672959849, 0.00121169851627, 0.000510931771714, 0.000326870271238, 0.000184894248378, 0.000103582249722, 0.000129552470753, 0.000298050435958, 0.00022257019009, 0.000141657001222, 0.000119527183415, 0.000220576810534, 0.00023092556512, 9.25680869841e-05, 9.29522229853e-06],
        "median": [0.000542749126907, 0.0121904611588, 0.00136004644446, 0.000959747005254, 0.00276845204644, 0.000800518260803, 0.00204846565612, 0.000731499516405, 0.00116809329484, 0.00051713862922, 0.000514209968969, 0.000393918744521, 0.000254969520029, 0.000400434568292, 0.000147473037941, 0.000129305961309, 6.5144362452e-05, 1.89184429473e-05, 6.05973327765e-05, 0.000168613507412, 0.000152426247951, 7.05298225512e-05, 2.75628754025e-05, 0.000112600777356, 0.000110821893031, 4.1089093429e-05, 6.21402932666e-07],
        "min": [8.47520803537e-11, 1.37270972367e-10, 1.04382578969e-10, 1.30847443991e-10, 1.87863669066e-10, 1.11090768529e-10, 8.14890585565e-11, 5.80031647712e-11, 5.23191108492e-11, 3.77628137094e-11, 3.57972956833e-11, 3.83135537185e-11, 3.45182320227e-11, 2.77085680789e-11, 2.38477952663e-11, 1.94322995195e-11, 1.4797586767e-11, 1.37356818627e-11, 1.25892612307e-11, 1.07674884633e-11, 1.00740856629e-11, 9.22786239782e-12, 7.759854391e-12, 7.4203022199e-12, 7.24975114663e-12, 5.17211317178e-12, 6.71750459078e-12],
        "stdev": [0.00614133337513, 0.057235121727, 0.00825402513146, 0.00444104894996, 0.00640422152355, 0.00229043932632, 0.00343672768213, 0.00303833186626, 0.00321197649464, 0.00304668210447, 0.00251531018876, 0.00209700129926, 0.00142376450822, 0.00217221514322, 0.000851617660373, 0.000550403841771, 0.000317248224746, 0.000274142948911, 0.000178079135367, 0.000342286308296, 0.000245538132731, 0.000212101062061, 0.000218750312342, 0.00033604996861, 0.000365118030459, 0.000166987912962, 4.04864294978e-05],
        "var": [3.7715974031e-05, 0.00327585916966, 6.81289238855e-05, 1.97229164769e-05, 4.10140528402e-05, 5.24611277797e-06, 1.18110974654e-05, 9.23146035348e-06, 1.03167931229e-05, 9.28227200347e-06, 6.3267848418e-06, 4.39741415903e-06, 2.0271052108e-06, 4.71851853945e-06, 7.25252618849e-07, 3.02944414443e-07, 1.00646438739e-07, 7.51543538513e-08, 3.17121759963e-08, 1.17159913771e-07, 6.02889684842e-08, 4.49868586827e-08, 4.78516994917e-08, 1.12929591012e-07, 1.33311175432e-07, 2.78849618951e-08, 1.6391509261e-09]
    },
    "erbbands": {
        "dmean": [0.699697375298, 4.01557445526, 3.71022701263, 5.20043516159, 7.97297620773, 8.70676612854, 6.02819681168, 7.40339040756, 18.8689308167, 20.0667915344, 22.6213321686, 24.2067127228, 35.1794204712, 25.5279369354, 17.5886592865, 24.6640853882, 28.3850193024, 38.9029045105, 25.0793495178, 11.8836641312, 10.5657119751, 9.17647457123, 5.86553287506, 5.6959195137, 7.53365135193, 7.72777843475, 7.40207004547, 4.87386035919, 4.55206918716, 3.07197618484, 3.00959610939, 2.86978888512, 3.13155937195, 1.88508236408, 1.38423061371, 0.388259291649, 0.149962425232, 0.0316566452384, 0.00150805909652, 4.92078652314e-05],
        "dmean2": [0.897961676121, 5.89804506302, 5.99841737747, 8.56509304047, 12.9538145065, 13.4803390503, 9.53189849854, 11.9838094711, 27.6294727325, 30.8730716705, 32.9496803284, 38.0332183838, 57.2856750488, 36.216091156, 25.7443351746, 36.7805900574, 44.221244812, 61.8476829529, 39.7913894653, 18.8631095886, 16.8668727875, 15.1727933884, 10.3858528137, 10.0750217438, 12.5665206909, 12.9590902328, 12.9414701462, 7.57858848572, 7.72559642792, 5.07336950302, 4.98343849182, 4.64049434662, 5.09019565582, 3.08412957191, 2.31346797943, 0.631335675716, 0.250212579966, 0.0569657869637, 0.00283163972199, 7.37971495255e-05],
        "dvar": [2.59704780579, 93.0883865356, 61.2765655518, 137.55317688, 256.915588379, 273.668701172, 110.792984009, 175.146835327, 1079.7689209, 1108.02844238, 1843.38024902, 1991.04858398, 4474.48828125, 2112.10571289, 801.949645996, 2360.16650391, 2303.59692383, 4688.54150391, 2292.55761719, 585.886108398, 466.288543701, 296.042785645, 189.213531494, 184.605010986, 133.677093506, 144.785247803, 217.055511475, 44.1629905701, 71.939239502, 38.5135803223, 33.642326355, 28.5639762878, 31.1798362732, 13.1510372162, 6.90553951263, 0.58632683754, 0.107120618224, 0.00837171077728, 2.71189364867e-05, 8.25345658484e-09],
        "dvar2": [3.57518172264, 205.734848022, 148.248336792, 371.077850342, 619.170471191, 571.629882812, 257.868286133, 453.759429932, 2486.76635742, 2668.44091797, 3817.56811523, 4395.02978516, 11315.890625, 3641.07983398, 1681.19250488, 4270.68994141, 5188.32470703, 9443.828125, 5756.12451172, 1377.80029297, 1133.76855469, 752.715209961, 522.978820801, 513.847717285, 368.673217773, 389.938140869, 604.069335938, 107.770935059, 192.986984253, 98.4012756348, 83.961227417, 66.6600341797, 74.674041748, 31.4075622559, 17.8203086853, 1.44689321518, 0.276141166687, 0.0238244775683, 7.88140387158e-05, 2.18560636256e-08],
        "max": [11.7005596161, 64.5344238281, 99.3588027954, 130.986755371, 188.468933105, 196.616043091, 172.93258667, 189.660324097, 459.305999756, 439.078094482, 619.450866699, 551.863830566, 897.084228516, 755.698852539, 392.543121338, 1058.97277832, 642.074951172, 1445.09655762, 692.376220703, 356.144592285, 357.163208008, 223.441452026, 155.26449585, 149.268127441, 120.125617981, 101.864646912, 102.386741638, 58.1445960999, 63.5996131897, 56.0244750977, 62.5649681091, 64.486869812, 61.8595046997, 48.7976379395, 24.1265029907, 9.28413200378, 3.05335521698, 0.735085725784, 0.0468380264938, 0.000753176223952],
        "mean": [1.3766207695, 5.64942646027, 6.24577522278, 7.01320886612, 11.9733228683, 15.453540802, 11.4657716751, 13.8947019577, 39.8032875061, 40.512336731, 50.5409355164, 41.7056007385, 46.4565238953, 54.9734382629, 47.9513626099, 40.0776863098, 40.5779266357, 54.7442588806, 40.7549171448, 23.3381347656, 17.8934288025, 12.5206832886, 5.48733472824, 5.14139556885, 12.9968671799, 12.0693235397, 8.93266201019, 8.61913967133, 5.5077662468, 3.3185532093, 3.54326295853, 3.7619433403, 4.14691638947, 2.50438857079, 1.7039129734, 0.515704154968, 0.15818734467, 0.0254213809967, 0.00104207510594, 9.87624516711e-05],
        "median": [0.305844247341, 1.78091454506, 2.26117753983, 2.9602599144, 6.74642181396, 7.93697690964, 5.9889998436, 8.25896167755, 20.7119750977, 23.4176979065, 25.4902248383, 21.5189208984, 18.812620163, 22.2620258331, 21.700378418, 19.1646194458, 15.7186136246, 19.0710716248, 17.751291275, 9.84012126923, 7.83825683594, 4.98781204224, 1.63365960121, 1.55697631836, 8.1551733017, 7.44019556046, 4.67686033249, 6.31901597977, 2.94171285629, 0.718085467815, 0.866965651512, 1.72019946575, 2.12925195694, 1.22445380688, 0.770655810833, 0.249643236399, 0.0576272569597, 0.0064044194296, 0.000198392051971, 6.77823045407e-05],
        "min": [1.45378082905e-08, 7.17766113212e-08, 1.9806256546e-07, 3.6049738128e-07, 5.12091730798e-07, 6.38504843664e-07, 7.74812235704e-07, 9.43443012602e-07, 1.12437214739e-06, 1.2529118294e-06, 1.26580061988e-06, 1.19840501611e-06, 1.14690385544e-06, 1.34178151256e-06, 1.50163486978e-06, 1.57237604981e-06, 1.59005946898e-06, 1.49873415012e-06, 1.31126967062e-06, 1.21376774587e-06, 9.88720444184e-07, 8.46117416131e-07, 7.59615318202e-07, 6.91808111242e-07, 5.95121264269e-07, 5.1119792488e-07, 4.40041816319e-07, 3.68525576278e-07, 3.26503140968e-07, 2.87405100607e-07, 2.14804060761e-07, 1.65752211956e-07, 1.18503329816e-07, 8.14285385786e-08, 5.16202582901e-08, 2.20591367395e-08, 8.98589380682e-09, 4.04600664083e-09, 9.48754075303e-10, 9.69874736079e-11],
        "stdev": [2.47109389305, 10.6256942749, 10.9074487686, 12.0326423645, 17.6746387482, 22.6933631897, 17.4896583557, 18.5558643341, 50.1188964844, 50.7288093567, 75.9459381104, 63.4888381958, 77.8652801514, 94.3608779907, 71.0201034546, 77.4868469238, 64.8990249634, 100.411506653, 64.2695846558, 36.2670097351, 29.3593158722, 20.6806793213, 11.9235982895, 11.3298254013, 14.5159883499, 13.7255449295, 12.9434204102, 8.48249053955, 7.87943744659, 6.44457960129, 6.36695671082, 6.30813980103, 6.24527168274, 4.04823493958, 2.67349481583, 0.848688781261, 0.322878688574, 0.07205337286, 0.00387283274904, 9.43125269259e-05],
        "var": [6.10630559921, 112.905380249, 118.972434998, 144.784484863, 312.392883301, 514.988708496, 305.888122559, 344.320098877, 2511.90380859, 2573.41210938, 5767.78515625, 4030.83251953, 6063.00146484, 8903.97558594, 5043.85546875, 6004.21191406, 4211.88330078, 10082.4707031, 4130.57910156, 1315.29589844, 861.969421387, 427.690460205, 142.172195435, 128.364944458, 210.713912964, 188.390594482, 167.532119751, 71.9526443481, 62.0855369568, 41.5326042175, 40.5381355286, 39.7926292419, 39.0034179688, 16.3882045746, 7.14757490158, 0.720272600651, 0.104250654578, 0.0051916888915, 1.49988327394e-05, 8.89485285427e-09]
    },
    "gfcc": {
        "mean": [25.5879230499, 84.789642334, -92.662940979, 13.9094238281, -64.4804992676, 25.884595871, -35.2274246216, 14.6127710342, -28.467716217, 19.1688270569, -16.4873504639, -4.00229072571, -3.05442023277],
        "cov": [[4827.17431641, -812.448059082, -181.714538574, 497.796051025, 244.638442993, 342.726654053, 44.7504196167, 249.127685547, 40.3342552185, 199.79119873, -255.315856934, -49.8092727661, -129.983932495], [-812.448059082, 1644.38696289, 778.320495605, 278.626281738, 499.240386963, 205.736328125, 376.507904053, 62.3854560852, 133.966125488, -49.6900291443, 124.758560181, -58.6953048706, 108.918571472], [-181.714538574, 778.320495605, 1301.73193359, 668.674194336, 424.279449463, 263.812652588, 256.796813965, 108.627891541, 67.8738479614, -113.835922241, 16.7047252655, 14.2230024338, -35.6516456604], [497.796051025, 278.626281738, 668.674194336, 732.687316895, 384.503417969, 195.95149231, 68.7928771973, 75.9925384521, 136.570648193, -45.4846687317, -43.4301452637, 2.97942280769, -22.0551776886], [244.638442993, 499.240386963, 424.279449463, 384.503417969, 494.858947754, 210.60887146, 124.795303345, 66.8124542236, 153.772186279, 13.3802709579, 8.93049144745, -22.4808101654, 24.9428672791], [342.726654053, 205.736328125, 263.812652588, 195.95149231, 210.60887146, 264.773101807, 180.209289551, 75.6288070679, 33.870967865, 41.9184875488, 23.448841095, -7.49903011322, 9.18342399597], [44.7504196167, 376.507904053, 256.796813965, 68.7928771973, 124.795303345, 180.209289551, 342.977874756, 116.852745056, -1.80807864666, 16.6737575531, 69.5391235352, 5.82021522522, 35.7040290833], [249.127685547, 62.3854560852, 108.627891541, 75.9925384521, 66.8124542236, 75.6288070679, 116.852745056, 145.230529785, 42.2927513123, 39.0716400146, 17.9687252045, 19.1848068237, 33.5550346375], [40.3342552185, 133.966125488, 67.8738479614, 136.570648193, 153.772186279, 33.870967865, -1.80807864666, 42.2927513123, 194.895812988, 66.3603134155, 24.2429027557, 6.29574632645, 34.5421066284], [199.79119873, -49.6900291443, -113.835922241, -45.4846687317, 13.3802709579, 41.9184875488, 16.6737575531, 39.0716400146, 66.3603134155, 173.268249512, 28.1685428619, -13.5670967102, 50.3808326721], [-255.315856934, 124.758560181, 16.7047252655, -43.4301452637, 8.93049144745, 23.448841095, 69.5391235352, 17.9687252045, 24.2429027557, 28.1685428619, 139.823318481, 58.7421989441, 37.1167869568], [-49.8092727661, -58.6953048706, 14.2230024338, 2.97942280769, -22.4808101654, -7.49903011322, 5.82021522522, 19.1848068237, 6.29574632645, -13.5670967102, 58.7421989441, 115.578330994, 25.5148200989], [-129.983932495, 108.918571472, -35.6516456604, -22.0551776886, 24.9428672791, 9.18342399597, 35.7040290833, 33.5550346375, 34.5421066284, 50.3808326721, 37.1167869568, 25.5148200989, 118.216079712]],
        "icov": [[0.000420258555096, 8.13000224298e-05, 0.000371217087377, -0.000432033964898, -0.000193142608623, -0.000346404558513, -3.32650524797e-05, -0.000667015323415, 0.000384298124118, -0.000562247703783, 0.000706964114215, -0.000353325973265, 0.000667190703098], [8.13000224298e-05, 0.00202868832275, -0.000949285225943, 0.000718737603165, -0.00158079678658, 0.000939582008868, -0.00164210353978, 0.00111715344246, -0.000697249372024, 0.000967369647697, -0.00112347805407, 0.00192629103549, -0.00176408083644], [0.000371217087377, -0.000949285225943, 0.00277760834433, -0.00230109621771, 0.000197503337404, -0.000765666365623, -0.000145984289702, -0.00132589391433, 0.00117032998241, -0.000218084067455, 0.000692635250743, -0.00125678698532, 0.00193416955881], [-0.000432033964898, 0.000718737603165, -0.00230109621771, 0.00488793989643, -0.00162292970344, -0.000632681942079, 0.00072179158451, 0.000447033060482, -0.00216078129597, 0.00169753574301, 0.000391173642129, 0.00023829289421, -0.00113892822992], [-0.000193142608623, -0.00158079678658, 0.000197503337404, -0.00162292970344, 0.00698017096147, -0.00367050385103, 0.0011942377314, 5.54208600079e-05, -0.00298556266353, 0.000873443845194, 0.000375831295969, 0.000310618168442, -0.000248093478149], [-0.000346404558513, 0.000939582008868, -0.000765666365623, -0.000632681942079, -0.00367050385103, 0.0108144525439, -0.00470205768943, 0.00112187920604, 0.00185277673882, -0.00271310121752, -0.00102387065999, 0.000519216351677, 0.000264814385446], [-3.32650524797e-05, -0.00164210353978, -0.000145984289702, 0.00072179158451, 0.0011942377314, -0.00470205768943, 0.00891467183828, -0.00534367514774, 0.0017655614065, 0.00069119973341, -0.0021195365116, 0.000524162314832, 0.000246532727033], [-0.000667015323415, 0.00111715344246, -0.00132589391433, 0.000447033060482, 5.54208600079e-05, 0.00112187920604, -0.00534367514774, 0.0138714844361, -0.00303228967823, -0.000623406725936, 0.000757927366067, -0.0010705483146, -0.0033566581551], [0.000384298124118, -0.000697249372024, 0.00117032998241, -0.00216078129597, -0.00298556266353, 0.00185277673882, 0.0017655614065, -0.00303228967823, 0.0108519271016, -0.00460730772465, -0.000810282363091, -0.00129807996564, 0.00115547107998], [-0.000562247703783, 0.000967369647697, -0.000218084067455, 0.00169753574301, 0.000873443845194, -0.00271310121752, 0.00069119973341, -0.000623406725936, -0.00460730772465, 0.0117865996435, -0.00348999234848, 0.00477943057194, -0.00487662712112], [0.000706964114215, -0.00112347805407, 0.000692635250743, 0.000391173642129, 0.000375831295969, -0.00102387065999, -0.0021195365116, 0.000757927366067, -0.000810282363091, -0.00348999234848, 0.0146030355245, -0.00849025323987, 0.00149118236732], [-0.000353325973265, 0.00192629103549, -0.00125678698532, 0.00023829289421, 0.000310618168442, 0.000519216351677, 0.000524162314832, -0.0010705483146, -0.00129807996564, 0.00477943057194, -0.00849025323987, 0.0158964395523, -0.00488099362701], [0.000667190703098, -0.00176408083644, 0.00193416955881, -0.00113892822992, -0.000248093478149, 0.000264814385446, 0.000246532727033, -0.0033566581551, 0.00115547107998, -0.00487662712112, 0.00149118236732, -0.00488099362701, 0.014424899593]]
    },
    "melbands": {
        "dmean": [0.00566712673753, 0.00285475701094, 0.000891851668712, 0.00059512455482, 0.000228331962717, 0.000176691770321, 0.000281760556391, 0.000212323779124, 0.000200599111849, 0.000152045409777, 0.000185940618394, 0.00011154760432, 6.43492603558e-05, 5.87534232181e-05, 8.16561514512e-05, 6.39444770059e-05, 7.99198242021e-05, 5.07315271534e-05, 2.25907315325e-05, 1.34055599119e-05, 1.2216540199e-05, 9.77510899247e-06, 6.3214470174e-06, 6.51391883366e-06, 4.34643288827e-06, 4.35974834545e-06, 7.49569926484e-06, 4.74462558486e-06, 4.80274684378e-06, 3.47012314705e-06, 2.97109659186e-06, 2.67806740339e-06, 2.26106385526e-06, 1.62466812981e-06, 1.79694075086e-06, 1.76656430995e-06, 1.86869317531e-06, 2.46911258728e-06, 1.75585068973e-06, 1.61746822869e-06],
        "dmean2": [0.00729518290609, 0.00431134458631, 0.00143448996823, 0.000933253963012, 0.000370647496311, 0.000280248612398, 0.000415993970819, 0.000323708751239, 0.000289813353447, 0.000240248380578, 0.000300759944366, 0.000158616152476, 9.1910646006e-05, 8.73553944984e-05, 0.000124514888739, 9.95307054836e-05, 0.000127889827127, 8.12698272057e-05, 3.48014655174e-05, 2.14641622733e-05, 1.96149412659e-05, 1.5841667846e-05, 1.09661823444e-05, 1.18830512292e-05, 7.66253651818e-06, 7.22439926903e-06, 1.24202952065e-05, 7.939799616e-06, 8.47290993988e-06, 5.71751388634e-06, 4.61345007352e-06, 4.50169045507e-06, 3.90918194171e-06, 2.66273286798e-06, 3.01578006656e-06, 2.96280336443e-06, 3.02727062262e-06, 4.04514821639e-06, 2.83698318526e-06, 2.69407541964e-06],
        "dvar": [0.000172462532646, 3.27045672748e-05, 3.18010575029e-06, 1.69770953562e-06, 1.49405735783e-07, 8.50121395501e-08, 2.10501085007e-07, 1.23800603546e-07, 1.39381739928e-07, 7.62871366078e-08, 1.26048178117e-07, 4.21487236224e-08, 1.01641770556e-08, 1.35571953663e-08, 3.9118710049e-08, 1.14892726444e-08, 2.1870452116e-08, 1.16324114785e-08, 2.41714293026e-09, 9.97735560837e-10, 5.90888060703e-10, 3.72615660549e-10, 1.67019648112e-10, 3.46795869799e-10, 1.04864207595e-10, 4.7963157751e-11, 1.30507202267e-10, 5.47451840804e-11, 9.32123198072e-11, 2.83770784648e-11, 1.66271822699e-11, 2.1808058831e-11, 2.50359177834e-11, 1.04299520409e-11, 1.2291627785e-11, 1.1576200068e-11, 1.19482600897e-11, 2.05958427396e-11, 8.53538940915e-12, 1.10459783681e-11],
        "dvar2": [0.000291126052616, 7.44453209336e-05, 8.37879542814e-06, 3.52892902811e-06, 3.60499569751e-07, 2.18167770072e-07, 4.84029726522e-07, 2.80348757542e-07, 2.75803870409e-07, 1.66678816527e-07, 3.10369614454e-07, 7.68765744397e-08, 2.03059631332e-08, 2.56194532255e-08, 7.85004132808e-08, 2.39851072337e-08, 4.30411724039e-08, 2.90849726525e-08, 5.55780221845e-09, 2.44881315226e-09, 1.41903078177e-09, 9.34976651656e-10, 4.57523213759e-10, 9.82281478379e-10, 2.89831353362e-10, 1.29751417943e-10, 3.4920275005e-10, 1.43854539392e-10, 2.60348548276e-10, 7.38538813438e-11, 3.98415918312e-11, 5.79519869592e-11, 6.76648945208e-11, 2.64527878768e-11, 3.05524217037e-11, 2.96374869091e-11, 2.70689564513e-11, 5.10549900967e-11, 1.96224893972e-11, 2.70657697643e-11],
        "max": [0.0863293632865, 0.0386508852243, 0.0208279471844, 0.0170217249542, 0.00475753564388, 0.00388500187546, 0.00640299683437, 0.00468978891149, 0.00687826517969, 0.00299698254094, 0.00511898798868, 0.00337143964134, 0.00159946479835, 0.00193971814588, 0.00490153580904, 0.00116080977023, 0.00326729402877, 0.00160708266776, 0.00123526249081, 0.000767848338, 0.000440834381152, 0.000286593072815, 9.52460541157e-05, 0.000256243220065, 0.000101540659671, 8.67915878189e-05, 9.49192763073e-05, 5.62304339837e-05, 6.86701750965e-05, 3.64413135685e-05, 3.34518190357e-05, 3.38976242347e-05, 3.66206295439e-05, 3.07257796521e-05, 3.33178140863e-05, 4.15603171859e-05, 3.87024556403e-05, 5.21590118296e-05, 3.8016554754e-05, 4.39721843577e-05],
        "mean": [0.0105062173679, 0.00454137567431, 0.00131836684886, 0.00104206346441, 0.00044791563414, 0.000347941473592, 0.000597062753513, 0.000415773101849, 0.000446466641733, 0.000248881726293, 0.000239165456151, 0.000228667573538, 0.000172968735569, 0.000102475962194, 0.000112057146907, 9.03257532627e-05, 0.000106490093458, 7.39819224691e-05, 4.43908575107e-05, 2.06246641028e-05, 1.97518038476e-05, 1.35910631798e-05, 6.28656698609e-06, 4.68420967081e-06, 3.65003825209e-06, 6.98845587976e-06, 1.24048738144e-05, 6.75970204611e-06, 5.34980426892e-06, 4.98286044603e-06, 5.19692093803e-06, 3.357029982e-06, 2.0740749278e-06, 1.75911634415e-06, 2.04314665098e-06, 1.99942496693e-06, 2.456221182e-06, 3.01356817545e-06, 2.5027504762e-06, 1.97799590751e-06],
        "median": [0.00314931268804, 0.00185892882291, 0.000680130149703, 0.000635874224827, 0.000245924282353, 0.000220401649131, 0.000342457846273, 0.000206493525184, 0.000213527571759, 0.000121724020573, 8.66657210281e-05, 8.90384035301e-05, 6.98149815435e-05, 4.36878908658e-05, 3.60401936632e-05, 2.4139881134e-05, 3.0861752748e-05, 2.49858949246e-05, 1.16970859381e-05, 8.22394122224e-06, 7.36622359909e-06, 5.10027939526e-06, 1.90935611499e-06, 7.04444573785e-07, 6.87729936999e-07, 3.89106662624e-06, 6.05538343734e-06, 3.68093242287e-06, 2.52596396422e-06, 3.0359728953e-06, 3.65461278307e-06, 1.80987979093e-06, 4.16238634671e-07, 2.80412081111e-07, 3.91924572796e-07, 6.78072183291e-07, 1.07856885734e-06, 1.38547488859e-06, 1.30535636345e-06, 8.42624899633e-07],
        "min": [5.17322920612e-11, 6.44813716311e-11, 6.64380286897e-11, 4.12299049068e-11, 2.7757154214e-11, 2.12654373277e-11, 1.71809615146e-11, 1.35250612793e-11, 1.01023087465e-11, 7.36204847085e-12, 5.64698027922e-12, 5.34517048678e-12, 4.99699977577e-12, 4.37951975032e-12, 3.83218240127e-12, 3.3331983007e-12, 2.69483957718e-12, 2.1126516335e-12, 1.77803561804e-12, 1.4774002334e-12, 1.0776822143e-12, 8.84773103307e-13, 7.46305090209e-13, 6.38107839138e-13, 5.52564179308e-13, 4.62024190608e-13, 3.83716550287e-13, 3.2757116789e-13, 2.75951489307e-13, 2.50460676504e-13, 1.98553752107e-13, 1.84064406512e-13, 1.77119861204e-13, 1.4987413166e-13, 1.23107660134e-13, 1.13271486646e-13, 9.66602828594e-14, 8.42093322156e-14, 7.43413509463e-14, 6.66400664035e-14],
        "stdev": [0.0185001902282, 0.00703986315057, 0.00193328724708, 0.00159097998403, 0.000602069136221, 0.00042567125638, 0.000686531304382, 0.000575245940126, 0.000686819490511, 0.000383375096135, 0.000426340557169, 0.000388702261262, 0.000248643074883, 0.000173216423718, 0.000296626472846, 0.00015221897047, 0.000216551678022, 0.000140726508107, 8.13684600871e-05, 4.08055602747e-05, 3.35075746989e-05, 2.40735116677e-05, 1.20240538308e-05, 1.45364892887e-05, 8.66677055456e-06, 8.55946109368e-06, 1.55890811584e-05, 8.26006908028e-06, 8.35117953102e-06, 5.78430808673e-06, 5.38825634067e-06, 4.56081306766e-06, 4.4530033847e-06, 3.51999528903e-06, 3.81424047191e-06, 3.62712285096e-06, 4.17643877881e-06, 4.81448614664e-06, 3.64335505765e-06, 3.52552524419e-06],
        "var": [0.000342257058946, 4.9559672334e-05, 3.73759962713e-06, 2.53121743299e-06, 3.62487242e-07, 1.81196028848e-07, 4.71325250828e-07, 3.30907909074e-07, 4.7172099471e-07, 1.46976475435e-07, 1.81766282026e-07, 1.5108943785e-07, 6.18233784166e-08, 3.00039317835e-08, 8.79872672499e-08, 2.31706156484e-08, 4.68946268484e-08, 1.98039504795e-08, 6.62082655367e-09, 1.66509384059e-09, 1.12275766462e-09, 5.79533920853e-10, 1.44577877448e-10, 2.11309525433e-10, 7.51129158871e-11, 7.32643806733e-11, 2.43019437907e-10, 6.82287351617e-11, 6.97422050666e-11, 3.34582188344e-11, 2.90333070085e-11, 2.0801015424e-11, 1.98292372106e-11, 1.23903665106e-11, 1.45484301689e-11, 1.31560205438e-11, 1.74426410815e-11, 2.31792779415e-11, 1.3274036384e-11, 1.24293283998e-11]
    },
    "melbands128": {
