{
"lowlevel": {
    "average_loudness": 0.917097091675,
    "barkbands_crest": {
        "dmean": 2.52941083908,
        "dmean2": 3.76021504402,
        "dvar": 5.31096220016,
        "dvar2": 11.9871644974,
        "max": 25.6842098236,
        "mean": 11.9942827225,
        "median": 10.5295028687,
        "min": 3.86957335472,
        "stdev": 4.90737533569,
        "var": 24.0823345184
    },
    "barkbands_flatness_db": {
        "dmean": 0.0365183874965,
        "dmean2": 0.0517071299255,
        "dvar": 0.00133932952303,
        "dvar2": 0.00255060498603,
        "max": 0.494730383158,
        "mean": 0.267229825258,
        "median": 0.261272519827,
        "min": 0.0325514189899,
        "stdev": 0.0851868912578,
        "var": 0.00725680636242
    },
    "barkbands_kurtosis": {
        "dmean": 13.8452568054,
        "dmean2": 19.079164505,
        "dvar": 788.829284668,
        "dvar2": 1683.63134766,
        "max": 519.668518066,
        "mean": 24.1287784576,
        "median": 11.9182891846,
        "min": -1.18553197384,
        "stdev": 38.243938446,
        "var": 1462.59887695
    },
    "barkbands_skewness": {
        "dmean": 1.00470972061,
        "dmean2": 1.37938594818,
        "dvar": 1.37626481056,
        "dvar2": 2.57787227631,
        "max": 17.7341518402,
        "mean": 2.79860901833,
        "median": 2.36421561241,
        "min": -0.557369291782,
        "stdev": 2.12510609627,
        "var": 4.51607608795
    },
    "barkbands_spread": {
        "dmean": 2.19765663147,
        "dmean2": 3.39698314667,
        "dvar": 15.9445018768,
        "dvar2": 32.7932281494,
        "max": 48.8546791077,
        "mean": 5.69763326645,
        "median": 4.3615398407,
        "min": 0.351201504469,
        "stdev": 5.55345344543,
        "var": 30.8408470154
    },
    "dissonance": {
        "dmean": 0.0354711562395,
        "dmean2": 0.0591038540006,
        "dvar": 0.000851917196997,
        "dvar2": 0.00216275709681,
        "max": 0.499999970198,
        "mean": 0.411414206028,
        "median": 0.41602230072,
        "min": 0.130609810352,
        "stdev": 0.0451042428613,
        "var": 0.00203439267352
    },
    "dynamic_complexity": 2.81269741058,
    "erbbands_crest": {
        "dmean": 3.23536515236,
        "dmean2": 5.01431941986,
        "dvar": 8.46330928802,
        "dvar2": 17.8031845093,
        "max": 27.5988025665,
        "mean": 12.2601928711,
        "median": 11.5706195831,
        "min": 2.54984998703,
        "stdev": 4.77585458755,
        "var": 22.8087863922
    },
    "erbbands_flatness_db": {
        "dmean": 0.0320680737495,
        "dmean2": 0.0473720431328,
        "dvar": 0.0010806764476,
        "dvar2": 0.00199372088537,
        "max": 0.372186541557,
        "mean": 0.213134288788,
        "median": 0.215582862496,
        "min": 0.0662128552794,
        "stdev": 0.0587931014597,
        "var": 0.00345662864856
    },
    "erbbands_kurtosis": {
        "dmean": 4.2155790329,
        "dmean2": 6.17380237579,
        "dvar": 33.3792762756,
        "dvar2": 74.7526550293,
        "max": 70.3703460693,
        "mean": 6.74976587296,
        "median": 4.45216226578,
        "min": -1.58476638794,
        "stdev": 7.90883398056,
        "var": 62.5496559143
    },
    "erbbands_skewness": {
        "dmean": 0.637711822987,
        "dmean2": 0.906544089317,
        "dvar": 0.381348222494,
        "dvar2": 0.771025836468,
        "max": 7.48161649704,
        "mean": 1.85433495045,
        "median": 1.78625869751,
        "min": -0.671470224857,
        "stdev": 1.13826286793,
        "var": 1.29564225674
    },
    "erbbands_spread": {
        "dmean": 8.68807792664,
        "dmean2": 12.6547746658,
        "dvar": 142.338760376,
        "dvar2": 275.97454834,
        "max": 120.278556824,
        "mean": 22.7766437531,
        "median": 16.9095897675,
        "min": 3.14034104347,
        "stdev": 18.5403556824,
        "var": 343.744781494
    },
    "hfc": {
        "dmean": 5.70880842209,
        "dmean2": 8.5477399826,
        "dvar": 160.427871704,
        "dvar2": 384.693939209,
        "max": 145.908615112,
        "mean": 9.84544467926,
        "median": 5.23357200623,
        "min": 1.00030447356e-05,
        "stdev": 13.7944145203,
        "var": 190.285873413
    },
    "loudness_ebu128": {
        "integrated": -14.0559921265,
        "loudness_range": 2.02776241302,
        "momentary": {
            "dmean": 1.0981400013,
            "dmean2": 1.69519782066,
            "dvar": 1.70473945141,
            "dvar2": 3.17420911789,
            "max": -10.6238946915,
            "mean": -14.6233234406,
            "median": -13.8889093399,
            "min": -20.6882190704,
            "stdev": 2.37668037415,
            "var": 5.64860916138
        },
        "short_term": {
            "dmean": 0.130559012294,
            "dmean2": 0.192428126931,
            "dvar": 0.0217156577855,
            "dvar2": 0.0287248156965,
            "max": -12.6626825333,
            "mean": -14.0656452179,
            "median": -14.1156930923,
            "min": -15.6892108917,
            "stdev": 0.687198340893,
            "var": 0.472241580486
        }
    },
    "melbands_crest": {
        "dmean": 3.12613630295,
        "dmean2": 4.64879560471,
        "dvar": 9.20018577576,
        "dvar2": 17.2640476227,
        "max": 38.1895103455,
        "mean": 15.247297287,
        "median": 13.4938430786,
        "min": 4.87497472763,
        "stdev": 6.77305316925,
        "var": 45.8742523193
    },
    "melbands_flatness_db": {
        "dmean": 0.0417728535831,
        "dmean2": 0.0598677694798,
        "dvar": 0.00184189330321,
        "dvar2": 0.00346299912781,
        "max": 0.611761212349,
        "mean": 0.362242728472,
        "median": 0.358966678381,
        "min": 0.0646904110909,
        "stdev": 0.0983112379909,
        "var": 0.00966509990394
    },
    "melbands_kurtosis": {
        "dmean": 20.250421524,
        "dmean2": 28.8885192871,
        "dvar": 1462.56970215,
        "dvar2": 2809.93261719,
        "max": 456.433868408,
        "mean": 32.8349189758,
        "median": 14.4695911407,
        "min": -0.871966600418,
        "stdev": 52.0691947937,
        "var": 2711.20117188
    },
    "melbands_skewness": {
        "dmean": 1.09490859509,
        "dmean2": 1.56198215485,
        "dvar": 1.79793131351,
        "dvar2": 3.2130215168,
        "max": 16.8835277557,
        "mean": 2.95310091972,
        "median": 2.33225846291,
        "min": -0.218865260482,
        "stdev": 2.29919600487,
        "var": 5.28630208969
    },
    "melbands_spread": {
        "dmean": 1.89270496368,
        "dmean2": 2.920773983,
        "dvar": 13.9670810699,
        "dvar2": 30.9585113525,
        "max": 63.8826332092,
        "mean": 5.60825872421,
        "median": 4.83729934692,
        "min": 0.34618639946,
        "stdev": 4.72863721848,
        "var": 22.3600120544
    },
    "pitch_salience": {
        "dmean": 0.0794844776392,
        "dmean2": 0.11813390255,
        "dvar": 0.00683596916497,
        "dvar2": 0.0117537844926,
        "max": 0.902967631817,
        "mean": 0.545280754566,
        "median": 0.604452908039,
        "min": 0.0502979718149,
        "stdev": 0.188844993711,
        "var": 0.0356624312699
    },
    "silence_rate_20dB": {
        "dmean": 0.0278637763113,
        "dmean2": 0.0557707212865,
        "dvar": 0.0270874183625,
        "dvar2": 0.065054051578,
        "max": 1,
        "mean": 0.969064176083,
        "median": 1,
        "min": 0,
        "stdev": 0.173144191504,
        "var": 0.0299789123237
    },
    "silence_rate_30dB": {
        "dmean": 0.0665634647012,
        "dmean2": 0.133230060339,
        "dvar": 0.0621326267719,
        "dvar2": 0.123226054013,
        "max": 1,
        "mean": 0.844547569752,
        "median": 1,
        "min": 0,
        "stdev": 0.362334996462,
        "var": 0.131286650896
    },
    "silence_rate_60dB": {
        "dmean": 0.00154798757285,
        "dmean2": 0.00154918665066,
        "dvar": 0.00154557928909,
        "dvar2": 0.00154677091632,
        "max": 1,
        "mean": 0.00154679035768,
        "median": 0,
        "min": 0,
        "stdev": 0.0392987206578,
        "var": 0.00154438940808
    },
    "spectral_centroid": {
        "dmean": 98.3301086426,
        "dmean2": 153.103942871,
        "dvar": 35381.0820312,
        "dvar2": 75793.3359375,
        "max": 2415.49755859,
        "mean": 426.429077148,
        "median": 374.560852051,
        "min": 124.148422241,
        "stdev": 243.813720703,
        "var": 59445.1289062
    },
    "spectral_complexity": {
        "dmean": 2.19504642487,
        "dmean2": 3.46630525589,
        "dvar": 21.5748806,
        "dvar2": 44.7955856323,
        "max": 59,
        "mean": 8.58468723297,
        "median": 8,
        "min": 0,
        "stdev": 5.34646511078,
        "var": 28.584690094
    },
    "spectral_decrease": {
        "dmean": 8.00843746873e-09,
        "dmean2": 1.12409548336e-08,
        "dvar": 4.40099949366e-16,
        "dvar2": 9.44727609808e-16,
        "max": -1.25462799668e-14,
        "mean": -1.50090997408e-08,
        "median": -4.39915659456e-09,
        "min": -2.22415863504e-07,
        "stdev": 2.82296230836e-08,
        "var": 7.96911572546e-16
    },
    "spectral_energy": {
        "dmean": 0.030707212165,
        "dmean2": 0.0431252866983,
        "dvar": 0.00639127520844,
        "dvar2": 0.0137382792309,
        "max": 0.844523072243,
        "mean": 0.0575407929718,
        "median": 0.0170903932303,
        "min": 4.82597677376e-08,
        "stdev": 0.107392370701,
        "var": 0.0115331215784
    },
    "spectral_energyband_high": {
        "dmean": 0.000205029733479,
        "dmean2": 0.00032299378654,
        "dvar": 5.37826167601e-07,
        "dvar2": 1.29022305373e-06,
        "max": 0.0111249675974,
        "mean": 0.000199116606382,
        "median": 2.24284467549e-05,
        "min": 4.29765702192e-11,
        "stdev": 0.000737812486477,
        "var": 5.44367253497e-07
    },
    "spectral_energyband_low": {
        "dmean": 0.0264889057726,
        "dmean2": 0.0361518487334,
        "dvar": 0.00595191912726,
        "dvar2": 0.0126441316679,
        "max": 0.82014298439,
        "mean": 0.0441373512149,
        "median": 0.00472878105938,
        "min": 2.14912354579e-08,
        "stdev": 0.104145646095,
        "var": 0.0108463149518
    },
    "spectral_energyband_middle_high": {
        "dmean": 0.000568921677768,
        "dmean2": 0.000914757431019,
        "dvar": 3.80508163289e-06,
        "dvar2": 9.32091552386e-06,
        "max": 0.0251446180046,
        "mean": 0.000734693778213,
        "median": 0.00024140777532,
        "min": 7.66584906664e-10,
        "stdev": 0.00190172996372,
        "var": 3.61657703252e-06
    },
    "spectral_energyband_middle_low": {
        "dmean": 0.00844377372414,
        "dmean2": 0.0149839371443,
        "dvar": 0.000401354016503,
        "dvar2": 0.0011284070788,
        "max": 0.148479506373,
        "mean": 0.0145702771842,
        "median": 0.0101930899546,
        "min": 2.50360319143e-08,
        "stdev": 0.0171376336366,
        "var": 0.000293698481983
    },
    "spectral_entropy": {
        "dmean": 0.329871356487,
        "dmean2": 0.492517352104,
        "dvar": 0.131725609303,
        "dvar2": 0.248606070876,
        "max": 8.28232765198,
        "mean": 6.45995616913,
        "median": 6.30990839005,
        "min": 5.09839916229,
        "stdev": 0.648851692677,
        "var": 0.421008557081
    },
    "spectral_flux": {
        "dmean": 0.0495722554624,
        "dmean2": 0.0791819021106,
        "dvar": 0.0083503080532,
        "dvar2": 0.020053403452,
        "max": 0.825733363628,
        "mean": 0.0918664932251,
        "median": 0.0551183409989,
        "min": 0.00021968105284,
        "stdev": 0.105769529939,
        "var": 0.0111871939152
    },
    "spectral_kurtosis": {
        "dmean": 9.59477806091,
        "dmean2": 15.8025817871,
        "dvar": 188.960083008,
        "dvar2": 431.227294922,
        "max": 116.693763733,
        "mean": 17.3827400208,
        "median": 11.563249588,
        "min": 0.624350786209,
        "stdev": 17.8083496094,
        "var": 317.137298584
    },
    "spectral_rms": {
        "dmean": 0.00150042620953,
        "dmean2": 0.00206218659878,
        "dvar": 7.61753835832e-06,
        "dvar2": 1.47456185005e-05,
        "max": 0.0287040937692,
        "mean": 0.00592618947849,
        "median": 0.0040833260864,
        "min": 6.86168323227e-06,
        "stdev": 0.00458449404687,
        "var": 2.10175858228e-05
    },
    "spectral_rolloff": {
        "dmean": 97.2157897949,
        "dmean2": 162.841201782,
        "dvar": 83434.3984375,
        "dvar2": 190782.8125,
        "max": 4931.10351562,
        "mean": 394.624267578,
        "median": 366.064453125,
        "min": 43.06640625,
        "stdev": 311.911560059,
        "var": 97288.8125
    },
    "spectral_skewness": {
        "dmean": 0.775215148926,
        "dmean2": 1.2148411274,
        "dvar": 0.773653328419,
        "dvar2": 1.7073789835,
        "max": 8.58755970001,
        "mean": 3.11618638039,
        "median": 2.8859834671,
        "min": 0.736486852169,
        "stdev": 1.37867772579,
        "var": 1.90075242519
    },
    "spectral_spread": {
        "dmean": 954457.5625,
        "dmean2": 1377501.375,
        "dvar": 1.023574016e+12,
        "dvar2": 1.93688738202e+12,
        "max": 10867794,
        "mean": 3772054.5,
        "median": 3464277.25,
        "min": 604639.875,
        "stdev": 1812157.25,
        "var": 3.28391380173e+12
    },
    "spectral_strongpeak": {
        "dmean": 0.330234825611,
        "dmean2": 0.529736578465,
        "dvar": 0.150889605284,
        "dvar2": 0.359940320253,
        "max": 2.94357991219,
        "mean": 0.717382371426,
        "median": 0.616051614285,
        "min": 0,
        "stdev": 0.500269174576,
        "var": 0.25026923418
    },
    "zerocrossingrate": {
        "dmean": 0.00513035431504,
        "dmean2": 0.00597548857331,
        "dvar": 4.14576825278e-05,
        "dvar2": 5.62394343433e-05,
        "max": 0.0986328125,
        "mean": 0.020995715633,
        "median": 0.01806640625,
        "min": 0.00146484375,
        "stdev": 0.0152928009629,
        "var": 0.000233869766816
    },
    "barkbands": {
        "dmean": [0.00164441647939, 0.0182272959501, 0.00765646109357, 0.00481063360348, 0.00225337548181, 0.00158448820002, 0.000787389231846, 0.000390974862967, 0.000433652021457, 0.000119077027193, 9.35777206905e-05, 9.69115499174e-05, 7.8717013821e-05, 5.92204269196e-05, 5.12967671966e-05, 3.25733199134e-05, 7.89639889263e-05, 4.47871898359e-05, 3.4922715713e-05, 4.46761587227e-05, 5.29669268872e-05, 4.89923768328e-05, 3.0810428143e-05, 2.48092055699e-05, 2.42096757574e-05, 7.10329686626e-06, 5.71474288336e-07],
        "dmean2": [0.00178274745122, 0.0255135931075, 0.0116081535816, 0.00877760723233, 0.00398425059393, 0.00264240056276, 0.00127691135276, 0.00067426165333, 0.000720889656805, 0.000201720031328, 0.000145169397001, 0.000162662778166, 0.000128172716359, 9.59968601819e-05, 8.53925157571e-05, 5.40590881428e-05, 0.000144217658089, 7.36230722396e-05, 5.89784394833e-05, 7.1025780926e-05, 8.94107724889e-05, 8.09318735264e-05, 4.94613741466e-05, 3.90425848309e-05, 3.78177828679e-05, 1.02853464341e-05, 8.981432984e-07],
        "dvar": [4.06001236115e-05, 0.00440406473354, 0.000590635987464, 0.000215278341784, 2.29000870604e-05, 1.03080001281e-05, 5.69969233766e-06, 2.79600885733e-06, 3.65900746147e-06, 1.40726569953e-07, 9.34749451176e-08, 1.37452261129e-07, 6.59021495153e-08, 5.03479249403e-08, 3.27590186089e-08, 2.35816930427e-08, 1.99352427899e-07, 4.19274392982e-08, 2.05466790248e-08, 2.86258732274e-08, 5.24420116221e-08, 4.39891678639e-08, 1.1918227294e-08, 5.95465676767e-09, 3.91557719581e-09, 5.31847288432e-10, 9.42646221497e-12],
        "dvar2": [4.13114721596e-05, 0.00975953321904, 0.00101885013282, 0.000615058117546, 6.46558692097e-05, 2.50075627264e-05, 1.78516093001e-05, 8.79541221366e-06, 9.92438071989e-06, 3.96249475898e-07, 2.03929729992e-07, 3.52886161181e-07, 1.72081769279e-07, 1.22500594557e-07, 8.69918750368e-08, 6.10564470094e-08, 5.73731597342e-07, 1.05825108676e-07, 5.12072659831e-08, 7.00809366094e-08, 1.39004995958e-07, 1.093162183e-07, 2.63545274493e-08, 1.3869047244e-08, 9.1253715695e-09, 9.63212620775e-10, 2.42509796966e-11],
        "max": [0.104453802109, 0.789192676544, 0.206729099154, 0.106457367539, 0.0480984933674, 0.0422652475536, 0.0501092672348, 0.0434886179864, 0.0307921711355, 0.00699791591614, 0.00512275332585, 0.00537776388228, 0.00312162702903, 0.0039697648026, 0.00307572796009, 0.00264819595031, 0.00797920115292, 0.00249749957584, 0.00220566336066, 0.00213032006286, 0.00395779917017, 0.00255617126822, 0.00140600185841, 0.00133576954249, 0.000902128755115, 0.000331246235874, 4.75562555948e-05],
        "mean": [0.00299003231339, 0.0305566359311, 0.00850402936339, 0.00420726370066, 0.00406397227198, 0.00398937659338, 0.00125209928956, 0.000481712486362, 0.000538752181455, 0.00014582669246, 0.00013660955301, 8.56963524711e-05, 8.39594358695e-05, 6.26506298431e-05, 5.82521643082e-05, 3.19211430906e-05, 5.88147449889e-05, 4.14240930695e-05, 3.19691826007e-05, 4.18342679041e-05, 4.34564462921e-05, 4.20575597673e-05, 2.94032324746e-05, 2.66465904133e-05, 2.62644571194e-05, 9.60922625381e-06, 6.14530222265e-07],
        "median": [6.66967971483e-05, 0.00202088151127, 0.000743010896258, 0.00105006503873, 0.00286614242941, 0.00279044918716, 0.000704568112269, 0.000132802335429, 0.000129853695398, 4.19423813582e-05, 4.23752753704e-05, 1.0254042536e-05, 1.04579557956e-05, 8.70249277796e-06, 2.14400788536e-05, 7.56546614866e-06, 9.3979324447e-06, 6.49506000627e-06, 2.98477061733e-06, 3.26496251546e-06, 3.71270584765e-06, 2.93764401249e-06, 1.64335096997e-06, 2.09277641261e-06, 3.89435626857e-06, 2.72953997182e-07, 1.73954073368e-09],
        "min": [7.05048330829e-09, 9.85498616046e-09, 5.63208235604e-09, 4.78532236059e-09, 9.24457221885e-09, 6.18781825779e-09, 3.00691183064e-09, 1.16593290578e-09, 3.99613980795e-10, 5.79719272586e-10, 9.70400079736e-11, 7.05932048928e-11, 8.00767958886e-12, 1.04108241125e-11, 1.45980363214e-11, 1.54766702926e-11, 2.32832121638e-11, 4.87796192328e-11, 1.91672268335e-11, 2.37014661369e-12, 2.49899450092e-12, 1.04324535122e-11, 1.28570912597e-11, 1.05001641063e-11, 3.51475923019e-12, 1.59077135145e-12, 2.43693303384e-13],
        "stdev": [0.0129703450948, 0.0837720930576, 0.0281571317464, 0.0114562632516, 0.00446292897686, 0.00418941723183, 0.00221414212137, 0.00161591090728, 0.00182130921166, 0.000389080640161, 0.000355168915121, 0.000335636199452, 0.000254639249761, 0.000225359894102, 0.000160820884048, 0.000137483206345, 0.00034007182694, 0.000185707933269, 0.000133167864988, 0.000167596997926, 0.000199114554562, 0.000192742183572, 0.000113934016554, 8.47160699777e-05, 7.09353917046e-05, 3.59291771019e-05, 3.65000300917e-06],
        "var": [0.000168229846167, 0.00701776379719, 0.000792824081145, 0.00013124596444, 1.991773388e-05, 1.7551217752e-05, 4.9024256441e-06, 2.61116792899e-06, 3.31716728397e-06, 1.51383744651e-07, 1.26144954038e-07, 1.12651655115e-07, 6.48411528914e-08, 5.07870794308e-08, 2.58633559014e-08, 1.8901630483e-08, 1.15648852272e-07, 3.44874351299e-08, 1.77336794138e-08, 2.80887526571e-08, 3.96466042218e-08, 3.7149550991e-08, 1.29809594185e-08, 7.17681203355e-09, 5.03183006373e-09, 1.29090582668e-09, 1.33225227725e-11]
    },
    "erbbands": {
        "dmean": [0.571566700935, 4.05706548691, 10.1217861176, 12.0181875229, 9.94926548004, 8.32879734039, 11.6915531158, 11.8474569321, 8.90227603912, 15.5516757965, 7.08796405792, 9.38137435913, 6.11787700653, 3.70110034943, 4.37182664871, 3.05840826035, 3.14675211906, 2.93832278252, 3.32783746719, 2.51177239418, 1.68712246418, 4.53951501846, 2.9873342514, 1.89733624458, 2.04229593277, 2.04602050781, 1.86398625374, 2.26784563065, 1.55675971508, 1.38480877876, 0.869211137295, 0.569765865803, 0.411345124245, 0.294235616922, 0.158348962665, 0.0505192689598, 0.0100891888142, 0.00173471739981, 7.39396564313e-05, 3.49389483745e-05],
        "dmean2": [0.756858289242, 5.85266542435, 14.3325080872, 20.4206809998, 17.9822788239, 14.6627845764, 18.8390846252, 19.9713859558, 15.3935785294, 24.7846279144, 12.1573400497, 15.8321495056, 9.96359443665, 5.90970849991, 7.02502441406, 5.07130479813, 5.05041074753, 4.77189874649, 5.69418096542, 4.02156591415, 2.70097494125, 8.2750825882, 5.08810806274, 3.04919695854, 3.35642337799, 3.27435970306, 3.03104710579, 3.87830686569, 2.56528258324, 2.23750662804, 1.3848259449, 0.905711114407, 0.659402012825, 0.460842818022, 0.255296111107, 0.078128926456, 0.0143731441349, 0.00235900795087, 0.000105324630567, 4.89785525133e-05],
        "dvar": [6.40136098862, 186.710601807, 869.608825684, 1346.12670898, 678.032531738, 280.34286499, 685.819641113, 548.369384766, 582.818908691, 3419.90136719, 612.052856445, 2235.6796875, 320.029754639, 117.938697815, 221.841720581, 125.071800232, 101.502723694, 96.7362213135, 226.027816772, 69.2366867065, 53.1257209778, 638.274536133, 213.181182861, 55.7442855835, 75.1079940796, 55.3530197144, 48.344783783, 111.151687622, 41.5416297913, 29.7723846436, 10.6490840912, 3.46013021469, 1.67185175419, 0.536855876446, 0.196917533875, 0.0239164475352, 0.00126085581724, 6.10532370047e-05, 9.12115254437e-08, 7.73371677809e-09],
        "dvar2": [11.8003110886, 449.416717529, 1526.45483398, 3545.55078125, 1921.87158203, 797.312011719, 1457.08178711, 1385.92358398, 1655.25036621, 10501.2363281, 1857.35571289, 6130.81054688, 801.899475098, 295.247253418, 490.661468506, 320.271148682, 253.058776855, 234.578643799, 612.588195801, 175.408538818, 132.362884521, 1835.19909668, 564.148803711, 137.019592285, 190.495056152, 134.661712646, 120.182449341, 300.485137939, 102.624809265, 70.848449707, 24.6320953369, 7.4433093071, 4.14779281616, 1.25080645084, 0.476207405329, 0.0529106594622, 0.00204136641696, 0.000119621465274, 2.02463468213e-07, 1.66861671147e-08],
        "max": [33.6178894043, 140.225906372, 254.788375854, 306.20501709, 202.089477539, 172.179382324, 584.62322998, 297.471862793, 451.885559082, 1497.15100098, 484.776092529, 800.860168457, 296.43762207, 158.486404419, 227.378128052, 156.063583374, 118.398406982, 185.708648682, 268.676391602, 139.941467285, 119.310020447, 438.06338501, 230.389038086, 93.5785598755, 108.982719421, 88.9845657349, 125.087242126, 161.376754761, 88.1734695435, 67.1512756348, 44.7207450867, 28.0463237762, 22.141046524, 9.96103572845, 6.96772146225, 2.15959763527, 0.535313487053, 0.144954279065, 0.00568289076909, 0.000911919865757],
        "mean": [0.985552847385, 6.17764997482, 12.2512235641, 11.2630348206, 10.8021335602, 15.6623706818, 28.3593120575, 28.892621994, 16.3097953796, 23.3651828766, 9.23126602173, 11.2076826096, 8.37747764587, 5.2688126564, 5.62826061249, 3.03811311722, 3.68729615211, 3.43492484093, 3.10807585716, 2.92265272141, 1.79097676277, 3.41657781601, 2.49812221527, 1.74966800213, 1.77595806122, 1.90156579018, 1.69076693058, 1.78374731541, 1.36490631104, 1.24851989746, 0.810354590416, 0.600566923618, 0.439777553082, 0.315108597279, 0.167086228728, 0.0587505102158, 0.0144247477874, 0.00254144961946, 0.000103007645521, 6.52288508718e-05],
        "median": [0.0434983707964, 0.492246687412, 0.923292338848, 2.88925623894, 5.11427640915, 10.8161296844, 17.3957672119, 19.6592502594, 9.85284137726, 9.91757583618, 2.75790977478, 2.6297056675, 2.17985892296, 1.74971330166, 1.65817904472, 0.541397690773, 0.516418933868, 0.526774168015, 0.812944889069, 0.770331978798, 0.491645157337, 0.619840919971, 0.377718478441, 0.174931123853, 0.143961206079, 0.162619844079, 0.168183222413, 0.133603215218, 0.104249008, 0.0813558623195, 0.0435207821429, 0.0323322042823, 0.0462307184935, 0.0537538006902, 0.0141909010708, 0.00254225102253, 0.000366581021808, 3.18221755151e-05, 1.20241302284e-05, 1.98890338652e-05],
        "min": [3.71563345425e-07, 1.94848803403e-06, 5.93988215769e-06, 1.25102233142e-05, 2.1460273274e-05, 3.24915163219e-05, 4.42090858996e-05, 5.13319901074e-05, 4.74764601677e-05, 3.54810727003e-05, 2.05446049222e-05, 8.22949095891e-06, 1.9950519345e-05, 9.13812891667e-06, 4.99404859511e-06, 2.06806703318e-06, 4.62901738274e-07, 3.33929051521e-07, 8.26734492421e-07, 7.09831738277e-07, 1.10687744836e-06, 1.39713199587e-06, 2.87740112981e-06, 1.25286908315e-06, 5.85075554227e-07, 1.25540694285e-07, 7.43318935292e-08, 1.6930152924e-07, 4.2019470925e-07, 6.10970801063e-07, 1.70049347048e-07, 3.32146782966e-07, 8.34522708715e-08, 5.34204112057e-08, 2.05808383669e-08, 7.40369943131e-09, 2.52014475954e-09, 8.32010849106e-10, 1.69385436233e-10, 6.68596775166e-11],
        "stdev": [3.86203122139, 15.4091854095, 36.3640708923, 31.6814022064, 20.8851737976, 17.1614055634, 36.8924827576, 30.3589954376, 26.2507038116, 53.9217147827, 26.6957645416, 43.198009491, 21.3895893097, 12.6133527756, 15.778254509, 10.2204561234, 11.0113716125, 10.3977975845, 12.6772165298, 7.94398927689, 6.87432479858, 19.23188591, 12.5059242249, 7.08198308945, 7.95552825928, 7.41152429581, 6.66452312469, 8.86563873291, 5.99602556229, 5.32294750214, 3.2665412426, 2.09257173538, 1.3359951973, 0.813755691051, 0.495254904032, 0.196035593748, 0.0592464581132, 0.0125542553142, 0.000416464346927, 0.000117347728519],
        "var": [14.9152860641, 237.443008423, 1322.34558105, 1003.71130371, 436.190460205, 294.513824463, 1361.05529785, 921.668579102, 689.099487305, 2907.55151367, 712.663879395, 1866.06811523, 457.51449585, 159.096679688, 248.953308105, 104.457725525, 121.250305176, 108.114196777, 160.71182251, 63.1069641113, 47.2563400269, 369.865447998, 156.398147583, 50.1544837952, 63.2904281616, 54.9306907654, 44.4158706665, 78.5995483398, 35.9523239136, 28.3337688446, 10.6702919006, 4.3788561821, 1.78488326073, 0.66219830513, 0.245277419686, 0.0384299568832, 0.00351014290936, 0.000157609334565, 1.73442558093e-07, 1.37704887493e-08]
    },
    "gfcc": {
        "mean": [-83.7902832031, 149.640579224, -66.1534805298, 29.2761058807, -59.5781898499, 5.52232599258, -46.1700592041, 4.00071811676, -17.060049057, -0.781806051731, -8.71510505676, -1.50575697422, 4.14948511124],
        "cov": [[4747.90869141, -2235.80810547, -122.119476318, 729.11907959, -465.900115967, 487.466827393, -38.9345321655, 49.4367485046, -521.422546387, 294.976531982, -235.908676147, 38.6512870789, -343.23425293], [-2235.80810547, 1715.76818848, -32.8067245483, -662.309265137, 411.517852783, -231.774581909, 188.688232422, -32.3444671631, 392.181976318, -210.72227478, 174.229187012, -82.1330718994, 173.774902344], [-122.119476318, -32.8067245483, 755.086608887, 312.421661377, 81.8324661255, 103.339347839, 150.430145264, 38.7934646606, 38.9909439087, 33.7653083801, 28.0372657776, -1.95382738113, 74.99659729], [729.11907959, -662.309265137, 312.421661377, 623.208190918, -63.9784202576, 90.1614532471, 23.8795661926, 7.03481817245, -107.759300232, 120.4167099, 35.5366363525, 39.9568099976, 60.693649292], [-465.900115967, 411.517852783, 81.8324661255, -63.9784202576, 305.507415771, -32.5880317688, 106.514732361, 11.436747551, 163.546844482, -30.7777481079, 64.7196731567, -10.6702985764, 44.6382446289], [487.466827393, -231.774581909, 103.339347839, 90.1614532471, -32.5880317688, 261.816955566, 68.3264923096, 36.1936569214, -62.8030548096, 25.8886623383, -6.53584241867, -7.34383296967, -24.0865917206], [-38.9345321655, 188.688232422, 150.430145264, 23.8795661926, 106.514732361, 68.3264923096, 240.59135437, 12.4849147797, 63.1303825378, -1.31612014771, 71.411315918, -16.4869728088, 45.5373497009], [49.4367485046, -32.3444671631, 38.7934646606, 7.03481817245, 11.436747551, 36.1936569214, 12.4849147797, 115.182785034, 53.6419067383, -3.77014493942, -23.1166400909, -3.24143004417, -16.448431015], [-521.422546387, 392.181976318, 38.9909439087, -107.759300232, 163.546844482, -62.8030548096, 63.1303825378, 53.6419067383, 233.983718872, -18.8935871124, 38.4743614197, -18.2790241241, 42.4141197205], [294.976531982, -210.72227478, 33.7653083801, 120.4167099, -30.7777481079, 25.8886623383, -1.31612014771, -3.77014493942, -18.8935871124, 99.2205429077, 18.8843193054, 11.9015369415, 6.12080955505], [-235.908676147, 174.229187012, 28.0372657776, 35.5366363525, 64.7196731567, -6.53584241867, 71.411315918, -23.1166400909, 38.4743614197, 18.8843193054, 149.745376587, 27.0269756317, 86.1321487427], [38.6512870789, -82.1330718994, -1.95382738113, 39.9568099976, -10.6702985764, -7.34383296967, -16.4869728088, -3.24143004417, -18.2790241241, 11.9015369415, 27.0269756317, 68.1124191284, 25.9726314545], [-343.23425293, 173.774902344, 74.99659729, 60.693649292, 44.6382446289, -24.0865917206, 45.5373497009, -16.448431015, 42.4141197205, 6.12080955505, 86.1321487427, 25.9726314545, 151.84387207]],
        "icov": [[0.000772575149313, 0.00103185593616, 0.000313012889819, 0.000126341779833, -0.000219719149754, -0.000387432053685, -0.000821118534077, 9.46960499277e-05, 0.000141391690704, -0.000401239842176, 7.97349275672e-05, 0.000359874567948, 0.00048991071526], [0.00103185593616, 0.00858015008271, -0.00125182745978, 0.00657686125487, -0.00295310164802, 0.001918181777, -0.00175866752397, 0.00201575714163, -0.00336434668861, 0.0060659693554, -0.00552817434072, 0.00742551544681, -0.00501839211211], [0.000313012889819, -0.00125182745978, 0.00264404527843, -0.00260331621394, 0.000240213528741, -0.00114827917423, -0.00112968578469, -0.000443722936325, 0.000366920809029, -0.00122818199452, 0.00221189297736, -0.00134812935721, 0.000835733488202], [0.000126341779833, 0.00657686125487, -0.00260331621394, 0.00898177921772, -0.00266330898739, 0.00217643310316, -0.000494484440424, 0.000634088704828, -0.00112523033749, 0.00263563287444, -0.00510945031419, 0.00583091471344, -0.00609134184197], [-0.000219719149754, -0.00295310164802, 0.000240213528741, -0.00266330898739, 0.00738900806755, -0.000867830356583, -0.000842262234073, 0.0008773971349, -0.00309966201894, -0.000465346733108, 0.000756993948016, -0.00310390116647, 0.00285275932401], [-0.000387432053685, 0.001918181777, -0.00114827917423, 0.00217643310316, -0.000867830356583, 0.00665437383577, -0.00170341145713, -0.00202800659463, 0.00138350424822, 0.00129341462161, -0.00216850289144, 0.00286216964014, -0.00147004041355], [-0.000821118534077, -0.00175866752397, -0.00112968578469, -0.000494484440424, -0.000842262234073, -0.00170341145713, 0.00798491947353, -0.000337507313816, -0.000296607293421, 0.000264394329861, -0.00251848669723, 0.00116945360787, -0.000240865556407], [9.46960499277e-05, 0.00201575714163, -0.000443722936325, 0.000634088704828, 0.0008773971349, -0.00202800659463, -0.000337507313816, 0.0133952032775, -0.00687684630975, 0.00325730955228, 0.000767679710407, -0.000351509050233, 0.000259735417785], [0.000141391690704, -0.00336434668861, 0.000366920809029, -0.00112523033749, -0.00309966201894, 0.00138350424822, -0.000296607293421, -0.00687684630975, 0.01288408041, -0.00579722644761, 0.00208863057196, -0.000747358775698, 0.000491005659569], [-0.000401239842176, 0.0060659693554, -0.00122818199452, 0.00263563287444, -0.000465346733108, 0.00129341462161, 0.000264394329861, 0.00325730955228, -0.00579722644761, 0.0209216699004, -0.00752539513633, 0.00537684047595, -0.00355543312617], [7.97349275672e-05, -0.00552817434072, 0.00221189297736, -0.00510945031419, 0.000756993948016, -0.00216850289144, -0.00251848669723, 0.000767679710407, 0.00208863057196, -0.00752539513633, 0.0175195317715, -0.00905665569007, -0.000940134632401], [0.000359874567948, 0.00742551544681, -0.00134812935721, 0.00583091471344, -0.00310390116647, 0.00286216964014, 0.00116945360787, -0.000351509050233, -0.000747358775698, 0.00537684047595, -0.00905665569007, 0.0254080276936, -0.00758832367137], [0.00048991071526, -0.00501839211211, 0.000835733488202, -0.00609134184197, 0.00285275932401, -0.00147004041355, -0.000240865556407, 0.000259735417785, 0.000491005659569, -0.00355543312617, -0.000940134632401, -0.00758832367137, 0.0163242984563]]
    },
    "melbands": {
        "dmean": [0.00496192742139, 0.00504490360618, 0.0019815962296, 0.000575207814109, 0.000379385775886, 0.000270609976724, 0.000140787509736, 0.000154008026584, 5.3604333516e-05, 6.15029857727e-05, 2.99169041682e-05, 1.54111967277e-05, 1.4875737179e-05, 1.15218581414e-05, 7.4518729889e-06, 7.25182098904e-06, 5.2101613619e-06, 5.98739188717e-06, 3.19337527799e-06, 3.00827196043e-06, 1.80900531177e-06, 4.27193936048e-06, 4.36908112533e-06, 2.14585702452e-06, 1.48507456288e-06, 1.27295027141e-06, 1.65592723533e-06, 1.31684589633e-06, 1.270918915e-06, 9.31263173243e-07, 1.5611467461e-06, 8.41739563384e-07, 1.03961247078e-06, 6.36934316844e-07, 4.90885952331e-07, 4.48240797368e-07, 3.19711915608e-07, 3.04264943907e-07, 2.74398104239e-07, 2.3693597484e-07],
        "dmean2": [0.00693067489192, 0.00686894822866, 0.00334224663675, 0.00101925223134, 0.000623354688287, 0.000455886969576, 0.00024131925602, 0.000248675409239, 9.23596962821e-05, 0.000102956786577, 4.87167963001e-05, 2.47449788731e-05, 2.34945036937e-05, 1.94645017473e-05, 1.22353467304e-05, 1.17119634524e-05, 8.51905770105e-06, 1.02243529909e-05, 5.19221794093e-06, 5.004108516e-06, 2.87656348519e-06, 7.74977706897e-06, 7.91431466496e-06, 3.58184524885e-06, 2.39722862716e-06, 2.14415331357e-06, 2.71654812423e-06, 2.11328301702e-06, 2.06388403967e-06, 1.51918482061e-06, 2.73334421763e-06, 1.37842721415e-06, 1.70614828221e-06, 1.02364106169e-06, 7.70308020037e-07, 7.31116415409e-07, 5.12209339831e-07, 4.92639799177e-07, 4.3568755359e-07, 3.73947216303e-07],
        "dvar": [0.000397715542931, 0.000179742681212, 3.39507460012e-05, 1.76658591045e-06, 5.96804795805e-07, 2.83991255401e-07, 1.541368988e-07, 3.81880909117e-07, 3.97613426628e-08, 8.31904287679e-08, 7.17348092039e-09, 2.16915485574e-09, 2.20591034328e-09, 2.41691022751e-09, 7.92528209725e-10, 5.15780584909e-10, 3.48743117717e-10, 7.78260511591e-10, 1.00431309102e-10, 1.86250209699e-10, 5.03910628502e-11, 4.9474657704e-10, 6.22994822397e-10, 1.21377796702e-10, 3.16843634662e-11, 2.77518147351e-11, 4.97675615996e-11, 2.2076488207e-11, 2.18815261049e-11, 1.34295534762e-11, 6.525324725e-11, 1.13716024444e-11, 2.04130011505e-11, 5.38137373204e-12, 3.59631725441e-12, 2.49250555091e-12, 1.13348122121e-12, 1.27044403643e-12, 4.28870643426e-13, 3.55537431093e-13],
        "dvar2": [0.000833896978293, 0.000356576376362, 8.88045906322e-05, 5.04913896293e-06, 1.32765785565e-06, 7.11409938958e-07, 4.63741741896e-07, 1.18441028008e-06, 1.1700295488e-07, 2.25614627425e-07, 1.77774257537e-08, 5.56589396794e-09, 4.80390216495e-09, 6.15498096934e-09, 2.08994355155e-09, 1.34596933599e-09, 8.47198866616e-10, 2.10479678131e-09, 2.48991188778e-10, 4.97634711216e-10, 1.21204019043e-10, 1.41645473128e-09, 1.78389403249e-09, 3.11297709832e-10, 7.84505238549e-11, 6.91317766921e-11, 1.25002425078e-10, 5.39860239845e-11, 5.4253910392e-11, 3.34862762519e-11, 1.81350504058e-10, 2.87124039822e-11, 5.02453564866e-11, 1.24265901388e-11, 8.66629771418e-12, 5.32490718186e-12, 2.55529733657e-12, 3.30766577322e-12, 1.00900104244e-12, 8.24128525839e-13],
        "max": [0.251298636198, 0.107227250934, 0.0488126277924, 0.0122905038297, 0.016631251201, 0.00637890072539, 0.0072873653844, 0.0160507839173, 0.00282065593638, 0.00477297883481, 0.00150818936527, 0.000738697650377, 0.000692218192853, 0.000766590528656, 0.00039420966641, 0.000330932089128, 0.000382212514523, 0.000502877810504, 0.000150299005327, 0.000242981826887, 9.70104520093e-05, 0.000365040730685, 0.000481894181576, 0.000137424256536, 7.55893925088e-05, 7.67555175116e-05, 8.61917287693e-05, 5.90004237893e-05, 8.58796847751e-05, 4.91128994327e-05, 0.000117900279292, 4.45687510364e-05, 6.74163529766e-05, 3.06903020828e-05, 2.83784156636e-05, 2.06028380489e-05, 1.81556952157e-05, 1.96400887944e-05, 8.76014473761e-06, 7.93916569819e-06],
        "mean": [0.00850826967508, 0.00697137694806, 0.00196062447503, 0.000880114443135, 0.000940932659432, 0.000673983828165, 0.00025353449746, 0.000222651695367, 6.58459684928e-05, 7.37703157938e-05, 4.11347064073e-05, 2.08647725231e-05, 2.11816714e-05, 9.84592315945e-06, 8.01633086667e-06, 8.0725103544e-06, 5.91659818383e-06, 5.3061289691e-06, 3.60298099622e-06, 3.18012735079e-06, 1.88618264474e-06, 3.34491710419e-06, 3.18887487083e-06, 1.85232590866e-06, 1.34909191729e-06, 1.15626221486e-06, 1.45369142501e-06, 1.22372796341e-06, 1.15287639346e-06, 8.34189336274e-07, 1.15599652872e-06, 7.29839769065e-07, 8.7479531885e-07, 5.9709816469e-07, 4.48737040415e-07, 4.38347228737e-07, 3.41503749723e-07, 3.10892914968e-07, 2.99469405718e-07, 2.51471220736e-07],
        "median": [0.000523014401551, 0.000644526618998, 0.000545699731447, 0.000582440407015, 0.000651130336337, 0.000453109183582, 0.000164983168361, 9.01309613255e-05, 1.29670906972e-05, 1.75257428054e-05, 1.01064642877e-05, 6.5791518864e-06, 6.64020944896e-06, 9.04622538656e-07, 1.26676877699e-06, 1.16727403565e-06, 8.08142999631e-07, 1.13437397431e-06, 1.14649117222e-06, 7.43048872209e-07, 4.19617180114e-07, 6.80718301282e-07, 3.99544063612e-07, 2.28733838981e-07, 1.15961860558e-07, 1.06451942372e-07, 1.03675027674e-07, 9.71059321841e-08, 1.05776919668e-07, 8.23987846843e-08, 6.83116425648e-08, 5.64479307741e-08, 5.85324677616e-08, 3.50925155601e-08, 2.4730026027e-08, 1.97113170231e-08, 1.92016482714e-08, 2.52282745805e-08, 3.9906652205e-08, 3.89599890127e-08],
        "min": [3.36480199259e-09, 2.94785484911e-09, 2.40440822807e-09, 1.93501126233e-09, 1.56235790971e-09, 1.15610476747e-09, 7.01256164248e-10, 3.58631152553e-10, 1.40456646314e-10, 5.19004283994e-11, 1.02187140694e-10, 4.0444158439e-11, 1.49194909899e-11, 1.08454356607e-11, 1.28662564543e-12, 7.00492669512e-13, 6.3610298669e-13, 1.39335006206e-12, 1.08229267562e-12, 9.7874800712e-13, 1.36733755828e-12, 1.52361673625e-12, 2.00308172826e-12, 2.37287490004e-12, 8.70882467703e-13, 7.33440814592e-13, 1.46966816429e-13, 5.70929479908e-14, 2.77385214543e-14, 7.28028816161e-14, 1.0052541617e-13, 2.99220934488e-13, 1.20744505974e-13, 4.54766920736e-13, 8.28636950181e-14, 9.63987868479e-14, 2.43026979834e-13, 5.46967019474e-14, 2.41707932694e-14, 5.59809190919e-14],
        "stdev": [0.0273716431111, 0.0172712132335, 0.00510872621089, 0.00113789411262, 0.00107109243982, 0.000702768389601, 0.000397355179302, 0.000559847976547, 0.000205640157219, 0.00027021515416, 0.000105566810817, 5.36829065823e-05, 5.38826789125e-05, 4.46042940894e-05, 2.64431291725e-05, 2.18674813368e-05, 1.98007655854e-05, 2.34629424085e-05, 9.69130360318e-06, 1.18608995763e-05, 7.00636746842e-06, 1.71188712557e-05, 1.90937844309e-05, 9.74151498667e-06, 5.31821706318e-06, 4.95401673106e-06, 6.57501641399e-06, 4.7128537517e-06, 4.49506978839e-06, 3.48474100065e-06, 6.48846935292e-06, 3.08993776343e-06, 4.19753496317e-06, 2.35856191466e-06, 1.84189798347e-06, 1.68650069554e-06, 1.18081629807e-06, 1.08006247501e-06, 7.31494424144e-07, 6.63117134536e-07],
        "var": [0.000749206810724, 0.000298294820823, 2.60990818788e-05, 1.29480304167e-06, 1.14723900424e-06, 4.93883419495e-07, 1.5789113661e-07, 3.13429751486e-07, 4.22878763118e-08, 7.3016224178e-08, 1.11443521078e-08, 2.88185453279e-09, 2.90334312147e-09, 1.98954297481e-09, 6.99239111057e-10, 4.7818676796e-10, 3.92070292898e-10, 5.50509637876e-10, 9.39213637419e-11, 1.4068093912e-10, 4.9089187576e-11, 2.93055746337e-10, 3.64572622091e-10, 9.48971110026e-11, 2.82834311527e-11, 2.45422814016e-11, 4.32308390474e-11, 2.22109917264e-11, 2.02056531229e-11, 1.21434199502e-11, 4.21002364914e-11, 9.54771504913e-12, 1.76192983814e-11, 5.56281409825e-12, 3.39258807679e-12, 2.84428448676e-12, 1.39432703664e-12, 1.16653485916e-12, 5.35084129782e-13, 4.39724347429e-13]
    },
    "melbands128": {
