{
"lowlevel": {
    "average_loudness": 0.983226418495,
    "barkbands_crest": {
        "dmean": 3.28448057175,
        "dmean2": 4.88751029968,
        "dvar": 6.99388837814,
        "dvar2": 19.4999504089,
        "max": 23.8322715759,
        "mean": 11.2922420502,
        "median": 10.1931400299,
        "min": 2.86069130898,
        "stdev": 5.54300022125,
        "var": 30.7248497009
    },
    "barkbands_flatness_db": {
        "dmean": 0.0404330156744,
        "dmean2": 0.0589461550117,
        "dvar": 0.00171650282573,
        "dvar2": 0.00462670018896,
        "max": 0.400850862265,
        "mean": 0.13791833818,
        "median": 0.116136312485,
        "min": 0.0259172674268,
        "stdev": 0.075797252357,
        "var": 0.00574522372335
    },
    "barkbands_kurtosis": {
        "dmean": 11.6754570007,
        "dmean2": 17.3079967499,
        "dvar": 312.531158447,
        "dvar2": 754.375793457,
        "max": 167.389068604,
        "mean": 15.4583683014,
        "median": 4.82431793213,
        "min": -1.74227523804,
        "stdev": 24.5980205536,
        "var": 605.06262207
    },
    "barkbands_skewness": {
        "dmean": 1.0762578249,
        "dmean2": 1.54644191265,
        "dvar": 1.02448916435,
        "dvar2": 2.63911318779,
        "max": 10.7241382599,
        "mean": 2.64100885391,
        "median": 2.09620857239,
        "min": -2.42515540123,
        "stdev": 1.99942708015,
        "var": 3.99770879745
    },
    "barkbands_spread": {
        "dmean": 10.4030160904,
        "dmean2": 14.8797159195,
        "dvar": 107.419151306,
        "dvar2": 229.142868042,
        "max": 90.7858581543,
        "mean": 25.6120071411,
        "median": 19.3962459564,
        "min": 0.644603610039,
        "stdev": 21.9087200165,
        "var": 479.992034912
    },
    "dissonance": {
        "dmean": 0.0197174921632,
        "dmean2": 0.0336868278682,
        "dvar": 0.000361343787517,
        "dvar2": 0.000985617283732,
        "max": 0.500000119209,
        "mean": 0.468146592379,
        "median": 0.473285257816,
        "min": 0.311736643314,
        "stdev": 0.0230381768197,
        "var": 0.00053075759206
    },
    "dynamic_complexity": 6.83127784729,
    "erbbands_crest": {
        "dmean": 3.47532868385,
        "dmean2": 5.92816352844,
        "dvar": 11.4665336609,
        "dvar2": 31.5204563141,
        "max": 22.8798484802,
        "mean": 7.56214809418,
        "median": 6.41513490677,
        "min": 2.17756390572,
        "stdev": 3.73946690559,
        "var": 13.9836120605
    },
    "erbbands_flatness_db": {
        "dmean": 0.0212349947542,
        "dmean2": 0.0335233770311,
        "dvar": 0.000488816353027,
        "dvar2": 0.00121232739184,
        "max": 0.30582600832,
        "mean": 0.114157631993,
        "median": 0.109583869576,
        "min": 0.0572084188461,
        "stdev": 0.0320320948958,
        "var": 0.00102605519351
    },
    "erbbands_kurtosis": {
        "dmean": 1.72768080235,
        "dmean2": 2.92654061317,
        "dvar": 18.1182174683,
        "dvar2": 52.468914032,
        "max": 52.2000579834,
        "mean": 0.740893602371,
        "median": -0.311196327209,
        "min": -1.80925929546,
        "stdev": 3.70864439011,
        "var": 13.7540426254
    },
    "erbbands_skewness": {
        "dmean": 0.620918393135,
        "dmean2": 1.00849664211,
        "dvar": 0.567227423191,
        "dvar2": 1.62201416492,
        "max": 6.23574018478,
        "mean": 0.593290805817,
        "median": 0.526827275753,
        "min": -2.46592402458,
        "stdev": 0.965996325016,
        "var": 0.933148920536
    },
    "erbbands_spread": {
        "dmean": 13.4419288635,
        "dmean2": 20.5767478943,
        "dvar": 143.478652954,
        "dvar2": 364.425415039,
        "max": 125.866752625,
        "mean": 53.6734657288,
        "median": 54.4421539307,
        "min": 3.92555260658,
        "stdev": 19.4149341583,
        "var": 376.939697266
    },
    "hfc": {
        "dmean": 5.47611808777,
        "dmean2": 8.82530021667,
        "dvar": 158.580307007,
        "dvar2": 419.168914795,
        "max": 114.72833252,
        "mean": 4.80556678772,
        "median": 0.765821278095,
        "min": 1.2001451011e-16,
        "stdev": 11.0887470245,
        "var": 122.96031189
    },
    "loudness_ebu128": {
        "integrated": -17.2388973236,
        "loudness_range": 0.74555015564,
        "momentary": {
            "dmean": 1.82028961182,
            "dmean2": 3.22378778458,
            "dvar": 5.41261291504,
            "dvar2": 14.3215475082,
            "max": -13.5541191101,
            "mean": -17.720911026,
            "median": -17.411523819,
            "min": -27.6796569824,
            "stdev": 2.33607792854,
            "var": 5.45726060867
        },
        "short_term": {
            "dmean": 0.15597140789,
            "dmean2": 0.284248679876,
            "dvar": 0.0308648068458,
            "dvar2": 0.063656128943,
            "max": -16.6131782532,
            "mean": -17.2433300018,
            "median": -17.1186923981,
            "min": -18.3291110992,
            "stdev": 0.295090198517,
            "var": 0.0870782285929
        }
    },
    "melbands_crest": {
        "dmean": 4.48625802994,
        "dmean2": 6.92178487778,
        "dvar": 14.116437912,
        "dvar2": 36.2919807434,
        "max": 32.2367210388,
        "mean": 16.4667663574,
        "median": 15.407374382,
        "min": 1.73042690754,
        "stdev": 6.8120675087,
        "var": 46.4042625427
    },
    "melbands_flatness_db": {
        "dmean": 0.0524609051645,
        "dmean2": 0.0742142498493,
        "dvar": 0.00277362717316,
        "dvar2": 0.00739407492802,
        "max": 0.536054372787,
        "mean": 0.220274940133,
        "median": 0.20224609971,
        "min": 0.00590977771208,
        "stdev": 0.10318261385,
        "var": 0.0106466524303
    },
    "melbands_kurtosis": {
        "dmean": 21.8378143311,
        "dmean2": 34.2325553894,
        "dvar": 872.527160645,
        "dvar2": 2208.6394043,
        "max": 292.413208008,
        "mean": 33.3891792297,
        "median": 18.4056434631,
        "min": -1.6831035614,
        "stdev": 37.0202713013,
        "var": 1370.50036621
    },
    "melbands_skewness": {
        "dmean": 1.32445943356,
        "dmean2": 2.02400588989,
        "dvar": 1.76339423656,
        "dvar2": 4.56759929657,
        "max": 13.097492218,
        "mean": 4.01651906967,
        "median": 3.5258409977,
        "min": -0.52118486166,
        "stdev": 2.07544636726,
        "var": 4.30747747421
    },
    "melbands_spread": {
        "dmean": 10.5586996078,
        "dmean2": 15.9713449478,
        "dvar": 202.787841797,
        "dvar2": 459.283538818,
        "max": 206.163497925,
        "mean": 21.6702251434,
        "median": 14.3835783005,
        "min": 0.582532703876,
        "stdev": 25.9288234711,
        "var": 672.303894043
    },
    "pitch_salience": {
        "dmean": 0.103822253644,
        "dmean2": 0.166529640555,
        "dvar": 0.011002432555,
        "dvar2": 0.0336639396846,
        "max": 0.913719296455,
        "mean": 0.541177928448,
        "median": 0.573227465153,
        "min": 0.142725810409,
        "stdev": 0.154175579548,
        "var": 0.0237701106817
    },
    "silence_rate_20dB": {
        "dmean": 0,
        "dmean2": 0,
        "dvar": 0,
        "dvar2": 0,
        "max": 1,
        "mean": 1,
        "median": 1,
        "min": 1,
        "stdev": 0,
        "var": 0
    },
    "silence_rate_30dB": {
        "dmean": 0.00773993786424,
        "dmean2": 0.0154918665066,
        "dvar": 0.00768006918952,
        "dvar2": 0.0229980181903,
        "max": 1,
        "mean": 0.996133029461,
        "median": 1,
        "min": 0,
        "stdev": 0.0620645694435,
        "var": 0.00385201070458
    },
    "silence_rate_60dB": {
        "dmean": 0.141640871763,
        "dmean2": 0.283501148224,
        "dvar": 0.121580190957,
        "dvar2": 0.207774788141,
        "max": 1,
        "mean": 0.607115209103,
        "median": 1,
        "min": 0,
        "stdev": 0.488391965628,
        "var": 0.238526716828
    },
    "spectral_centroid": {
        "dmean": 467.511383057,
        "dmean2": 739.148864746,
        "dvar": 257913.53125,
        "dvar2": 524401.75,
        "max": 11304.3076172,
        "mean": 1344.05053711,
        "median": 1176.39208984,
        "min": 170.582687378,
        "stdev": 885.710510254,
        "var": 784483.0625
    },
    "spectral_complexity": {
        "dmean": 3.87925696373,
        "dmean2": 6.04027891159,
        "dvar": 38.1432304382,
        "dvar2": 76.6956176758,
        "max": 50,
        "mean": 5.08043289185,
        "median": 3,
        "min": 0,
        "stdev": 7.18518352509,
        "var": 51.626865387
    },
    "spectral_decrease": {
        "dmean": 3.3300588953e-09,
        "dmean2": 5.69171332288e-09,
        "dvar": 7.51357267139e-17,
        "dvar2": 1.95387803096e-16,
        "max": -7.50132936683e-30,
        "mean": -3.06469116751e-09,
        "median": -2.49839426925e-10,
        "min": -4.44841035119e-08,
        "stdev": 7.54215534471e-09,
        "var": 5.68841122294e-17
    },
    "spectral_energy": {
        "dmean": 0.0130336629227,
        "dmean2": 0.0222094990313,
        "dvar": 0.00111894635484,
        "dvar2": 0.00290153059177,
        "max": 0.171483159065,
        "mean": 0.0120027335361,
        "median": 0.00109293439891,
        "min": 1.09139817529e-20,
        "stdev": 0.0292079728097,
        "var": 0.000853105681017
    },
    "spectral_energyband_high": {
        "dmean": 0.000254191778367,
        "dmean2": 0.000438484275946,
        "dvar": 3.27331946437e-07,
        "dvar2": 8.93004880709e-07,
        "max": 0.00548435980454,
        "mean": 0.000224208721193,
        "median": 3.86741521652e-05,
        "min": 8.56432433199e-21,
        "stdev": 0.000509118661284,
        "var": 2.59201840436e-07
    },
    "spectral_energyband_low": {
        "dmean": 0.00409361021593,
        "dmean2": 0.00667491555214,
        "dvar": 8.62335218699e-05,
        "dvar2": 0.000211264603422,
        "max": 0.0633595883846,
        "mean": 0.00515847653151,
        "median": 0.000389759632526,
        "min": 3.33057358174e-23,
        "stdev": 0.0096458690241,
        "var": 9.30427850108e-05
    },
    "spectral_energyband_middle_high": {
        "dmean": 0.000951628840994,
        "dmean2": 0.00168221502099,
        "dvar": 1.2825770682e-05,
        "dvar2": 3.63543185813e-05,
        "max": 0.0390140712261,
        "mean": 0.000698144955095,
        "median": 6.32920346106e-05,
        "min": 1.30035357038e-21,
        "stdev": 0.00279872235842,
        "var": 7.83284667705e-06
    },
    "spectral_energyband_middle_low": {
        "dmean": 0.0098410975188,
        "dmean2": 0.0173737313598,
        "dvar": 0.000840293942019,
        "dvar2": 0.00222292961553,
        "max": 0.148860782385,
        "mean": 0.00728147523478,
        "median": 0.000326764420606,
        "min": 3.03180803867e-22,
        "stdev": 0.0243991352618,
        "var": 0.000595317804255
    },
    "spectral_entropy": {
        "dmean": 0.302520930767,
        "dmean2": 0.462645590305,
        "dvar": 0.144787728786,
        "dvar2": 0.374976962805,
        "max": 9.79476928711,
        "mean": 7.74374866486,
        "median": 7.87398815155,
        "min": 4.70653867722,
        "stdev": 0.543484687805,
        "var": 0.295375585556
    },
    "spectral_flux": {
        "dmean": 0.0380688384175,
        "dmean2": 0.0613975152373,
        "dvar": 0.00495349988341,
        "dvar2": 0.00973593816161,
        "max": 0.391685128212,
        "mean": 0.0568369366229,
        "median": 0.023108066991,
        "min": 1.04470002094e-10,
        "stdev": 0.083974018693,
        "var": 0.00705163599923
    },
    "spectral_kurtosis": {
        "dmean": 1.59255278111,
        "dmean2": 2.52102041245,
        "dvar": 5.8490228653,
        "dvar2": 16.4862289429,
        "max": 35.8399391174,
        "mean": 3.17289996147,
        "median": 2.46449518204,
        "min": -1.21333539486,
        "stdev": 2.78586363792,
        "var": 7.76103687286
    },
    "spectral_rms": {
        "dmean": 0.0012649113778,
        "dmean2": 0.0018705468392,
        "dvar": 5.63108778806e-06,
        "dvar2": 1.27006442199e-05,
        "max": 0.0129344752058,
        "mean": 0.00221690000035,
        "median": 0.00103260716423,
        "min": 3.26309465559e-12,
        "stdev": 0.00260678655468,
        "var": 6.79533650327e-06
    },
    "spectral_rolloff": {
        "dmean": 1160.11071777,
        "dmean2": 1719.85400391,
        "dvar": 3550290,
        "dvar2": 6260628.5,
        "max": 18324.7558594,
        "mean": 1987.83349609,
        "median": 602.9296875,
        "min": 64.599609375,
        "stdev": 3107.5703125,
        "var": 9656993
    },
    "spectral_skewness": {
        "dmean": 0.293475806713,
        "dmean2": 0.447519659996,
        "dvar": 0.11112459749,
        "dvar2": 0.293527960777,
        "max": 4.90207910538,
        "mean": 1.42846918106,
        "median": 1.30885589123,
        "min": -0.0103344824165,
        "stdev": 0.528885483742,
        "var": 0.279719829559
    },
    "spectral_spread": {
        "dmean": 1022855.9375,
        "dmean2": 1403428.875,
        "dvar": 1.84074226893e+12,
        "dvar2": 2.53066923213e+12,
        "max": 41048876,
        "mean": 6171127.5,
        "median": 5676973,
        "min": 2245148,
        "stdev": 2238457.5,
        "var": 5.01069224346e+12
    },
    "spectral_strongpeak": {
        "dmean": 0.163412153721,
        "dmean2": 0.272691994905,
        "dvar": 0.0961965695024,
        "dvar2": 0.251372486353,
        "max": 2.26289391518,
        "mean": 0.181305587292,
        "median": 0.0949912518263,
        "min": 0,
        "stdev": 0.294488698244,
        "var": 0.0867235958576
    },
    "zerocrossingrate": {
        "dmean": 0.0222496762872,
        "dmean2": 0.0206957869232,
        "dvar": 0.000619657570496,
        "dvar2": 0.000504776311573,
        "max": 0.48876953125,
        "mean": 0.0723917558789,
        "median": 0.048828125,
        "min": 0.00244140625,
        "stdev": 0.0682854726911,
        "var": 0.00466290535405
    },
    "barkbands": {
        "dmean": [7.68794998294e-05, 0.00162740168162, 0.000885818677489, 0.00539150461555, 0.00403102766722, 0.000464343378553, 0.00035050776205, 0.000307273323415, 0.000188459511264, 7.64170763432e-05, 0.000138506817166, 0.000174208034878, 7.60552866268e-05, 4.65371667815e-05, 5.96880017838e-05, 0.000114223257697, 7.96479798737e-05, 9.61995901889e-05, 0.000108638923848, 7.82721908763e-05, 6.21462168056e-05, 3.92697002098e-05, 4.17030023527e-05, 4.18140116381e-05, 2.55056038441e-05, 1.45215271914e-05, 4.7806929615e-07],
        "dmean2": [0.000123192818137, 0.00255044922233, 0.00139678036794, 0.00970346294343, 0.00732201663777, 0.000872371019796, 0.000627599540167, 0.000572494114749, 0.000311867304845, 0.000137286551762, 0.000246034556767, 0.000316449586535, 0.00013125341502, 8.09997218312e-05, 0.000106379760837, 0.000207531091291, 0.000144540608744, 0.000176596120582, 0.000198244015337, 0.000139898736961, 0.000115807888506, 6.80814118823e-05, 7.1613882028e-05, 7.45607103454e-05, 3.74522896891e-05, 2.07160937862e-05, 7.896701959e-07],
        "dvar": [2.44700224528e-08, 9.27024757402e-06, 3.82025109502e-06, 0.000277061772067, 0.000170648258063, 1.55237592026e-06, 8.83132827312e-07, 8.98650966974e-07, 1.65209115721e-07, 7.21234698631e-08, 2.60044657807e-07, 6.98308895153e-07, 6.63569679205e-08, 1.52707197998e-08, 5.4065072419e-08, 1.75753285703e-07, 7.64698100397e-08, 1.50735658622e-07, 1.52962215338e-07, 4.56741098276e-08, 2.56676866428e-08, 7.11089498395e-09, 1.41742217963e-08, 1.95848119944e-08, 2.23885288086e-09, 6.37026487116e-10, 1.65531585834e-12],
        "dvar2": [6.62343992985e-08, 2.20213642024e-05, 8.43207180878e-06, 0.000749148312025, 0.000478501373436, 4.45906971436e-06, 2.52318432103e-06, 2.60418573816e-06, 4.159235516e-07, 2.05993984537e-07, 7.3665154332e-07, 2.00699969355e-06, 1.80728548571e-07, 4.130306408e-08, 1.53173758122e-07, 4.99998122905e-07, 2.16728835767e-07, 4.35332196957e-07, 4.32600927525e-07, 1.22045420881e-07, 7.31080476157e-08, 1.87433162324e-08, 3.92908745539e-08, 5.61945086019e-08, 4.84391726729e-09, 1.26732146999e-09, 4.4502635084e-12],
        "max": [0.00141806388274, 0.0181934852153, 0.0216672420502, 0.0917608439922, 0.0729671493173, 0.00776052614674, 0.00664175115526, 0.00623006839305, 0.00446547521278, 0.00323156057857, 0.00632224045694, 0.00948115903884, 0.00280095473863, 0.00163086783141, 0.00318541750312, 0.00405001454055, 0.00277458620258, 0.00446480000392, 0.00431323982775, 0.00159736489877, 0.00106140517164, 0.000734726374503, 0.00123443559278, 0.0020549853798, 0.00048103989684, 0.000219922105316, 2.41811285377e-05],
        "mean": [0.000108210886538, 0.00272231199779, 0.000975357310381, 0.00367251783609, 0.00261860433966, 0.000341156992363, 0.000290183059406, 0.000199304791749, 0.000147160477354, 5.43404312339e-05, 9.54678471317e-05, 0.000117276307719, 5.76527127123e-05, 3.76758544007e-05, 4.26631777373e-05, 7.48257079977e-05, 5.43106871191e-05, 6.39816425974e-05, 7.65512741054e-05, 6.07055517321e-05, 4.83682815684e-05, 3.35890108545e-05, 3.49439105776e-05, 3.33143652824e-05, 2.65167454927e-05, 1.53435266839e-05, 4.01799013616e-07],
        "median": [1.41226983033e-05, 0.0002782625088, 9.16380813578e-05, 1.96215223696e-05, 8.98467042134e-05, 3.36275734298e-05, 5.14959610882e-05, 2.30985315284e-05, 2.70716082014e-05, 1.03265911093e-05, 8.22623496788e-06, 9.65116123552e-06, 4.64785898657e-06, 3.96598034058e-06, 3.48105595549e-06, 3.17442982123e-06, 3.32633817379e-06, 3.7112802147e-06, 3.34823880621e-06, 5.44316480955e-06, 8.03734383226e-06, 3.46131014339e-06, 4.04366346629e-06, 3.41903546541e-06, 2.58741033576e-06, 1.73834678208e-06, 5.89128852369e-08],
        "min": [4.02101414939e-24, 1.98375798469e-23, 2.98021828674e-24, 1.2122309568e-23, 5.20023987589e-23, 2.08001999883e-23, 3.41071806318e-23, 7.82129523562e-23, 8.83916877252e-23, 4.18590800891e-23, 4.73147348246e-23, 8.2623322216e-23, 1.26453368121e-22, 7.97470154487e-23, 5.28965126415e-23, 2.22282120917e-22, 1.06500930127e-22, 2.13213073028e-22, 2.04217105213e-22, 2.96886274445e-22, 5.07101398354e-22, 5.65785783457e-22, 7.42322352729e-22, 1.17386935464e-21, 1.14253827335e-21, 2.10007384647e-21, 2.3104303595e-21],
        "stdev": [0.000172817730345, 0.00406629173085, 0.00212274421938, 0.0139030711725, 0.010121665895, 0.000957178126555, 0.000738532107789, 0.000708773033693, 0.000364798790542, 0.00020587448671, 0.000396777992137, 0.000632585666608, 0.000214742685785, 0.000106614919787, 0.000182333984412, 0.000324373773765, 0.00021624553483, 0.000293257005978, 0.00030669735861, 0.000185387107194, 0.000127916340716, 8.06468742667e-05, 0.000103065642179, 0.000111941284558, 5.53734353161e-05, 2.9806384191e-05, 1.10151916033e-06],
        "var": [2.98659692533e-08, 1.65347300936e-05, 4.50604284197e-06, 0.000193295389181, 0.00010244812438, 9.16190003863e-07, 5.45429656995e-07, 5.02359227994e-07, 1.33078160047e-07, 4.23843040664e-08, 1.57432765491e-07, 4.00164623215e-07, 4.61144225028e-08, 1.13667404378e-08, 3.32456835395e-08, 1.05218347812e-07, 4.67621283917e-08, 8.59996731606e-08, 9.40632673974e-08, 3.43683801418e-08, 1.63625912819e-08, 6.50391829282e-09, 1.06225268581e-08, 1.25308510235e-08, 3.06621750212e-09, 8.88420503831e-10, 1.2133444206e-12]
    },
    "erbbands": {
        "dmean": [0.0514798313379, 0.360931009054, 1.03306913376, 8.73464298248, 22.8664493561, 7.82922410965, 3.96899747849, 3.56176495552, 5.02947092056, 5.95558977127, 5.95681524277, 4.66555166245, 1.71470427513, 3.70808339119, 6.25499486923, 7.52190446854, 3.83162713051, 2.68926644325, 3.74357676506, 3.15955042839, 6.30070972443, 4.3015165329, 4.4046831131, 7.19648647308, 4.67403316498, 3.47276735306, 3.19679045677, 2.04624700546, 1.4590139389, 1.25259256363, 1.08875691891, 1.01461279392, 0.653420746326, 0.330262213945, 0.143272593617, 0.086206831038, 0.0238388590515, 0.0027062157169, 7.21574397176e-05, 1.67294110724e-05],
        "dmean2": [0.0738306939602, 0.597820043564, 1.73428344727, 15.4160957336, 41.5675849915, 14.3836765289, 7.6071562767, 6.60544538498, 8.76664638519, 11.3265028, 10.7446985245, 7.70727920532, 2.86394190788, 6.71196269989, 11.0550956726, 13.7878293991, 6.71842336655, 4.59726715088, 6.83442783356, 5.55633211136, 11.4724817276, 7.74146127701, 7.99765634537, 13.3613433838, 8.27147388458, 6.21434879303, 5.9890255928, 3.74351739883, 2.55385756493, 2.10436367989, 1.87339878082, 1.8420445919, 1.13759160042, 0.51740282774, 0.203641548753, 0.125600203872, 0.034281693399, 0.00402054609731, 0.00010651969933, 2.72508368653e-05],
        "dvar": [0.00827372446656, 0.56815880537, 5.53823041916, 690.918518066, 5554.72265625, 661.891723633, 128.996063232, 102.494010925, 135.673080444, 461.773071289, 232.245239258, 105.341972351, 25.8191928864, 168.511032104, 508.641601562, 1499.97216797, 218.888717651, 45.3244094849, 243.500488281, 110.923797607, 538.809692383, 192.430877686, 215.005325317, 1153.04003906, 181.966384888, 86.39793396, 67.4795227051, 26.815366745, 9.45622730255, 9.92580604553, 10.2172908783, 14.3612823486, 3.25179409981, 0.365116357803, 0.0712897628546, 0.0246447231621, 0.00186195608694, 2.48349533649e-05, 1.98408063312e-08, 1.37251510157e-09],
        "dvar2": [0.0154068171978, 1.49130022526, 14.0237598419, 1809.1027832, 15365.640625, 1881.07788086, 372.221130371, 295.014923096, 376.02520752, 1344.77404785, 664.463439941, 266.714050293, 70.6757354736, 478.563812256, 1436.45324707, 4336.63623047, 611.059631348, 117.755134583, 697.114440918, 308.176483154, 1535.89050293, 540.412414551, 607.985351562, 3358.97290039, 487.688659668, 232.682495117, 193.442077637, 75.0406799316, 25.0968399048, 26.9113578796, 28.3630180359, 41.3962478638, 9.15552043915, 0.84320384264, 0.143579497933, 0.0510612390935, 0.00406876485795, 5.65478912904e-05, 4.74584105348e-08, 3.48637740899e-09],
        "max": [0.64576202631, 5.12446451187, 14.9564628601, 165.36177063, 396.186157227, 157.742233276, 72.6015625, 63.3849372864, 82.1581497192, 136.122879028, 100.420516968, 116.401023865, 72.4262695312, 169.359558105, 265.031402588, 446.134887695, 167.188476562, 86.9693145752, 214.920303345, 115.704223633, 222.022949219, 128.421554565, 147.775756836, 402.419555664, 128.922470093, 69.2064285278, 58.4728775024, 30.8232059479, 26.1090183258, 42.836971283, 32.2305145264, 56.9375572205, 22.9065589905, 5.36352777481, 2.77836847305, 1.41532826424, 0.395987778902, 0.0540263019502, 0.0023826493416, 0.000190260514501],
        "mean": [0.110274627805, 0.496429502964, 1.09203743935, 6.51502513885, 14.8864336014, 5.36468696594, 2.54352760315, 2.76151132584, 4.63090705872, 3.54186558723, 4.26915121078, 3.59850549698, 1.49894154072, 2.52947473526, 4.39989519119, 4.94520378113, 2.81950378418, 2.22310781479, 2.59127283096, 2.30227565765, 4.1272816658, 3.00795912743, 3.06267738342, 4.63644123077, 3.54064512253, 2.72531509399, 2.45800280571, 1.57821702957, 1.24000942707, 1.10107183456, 0.914689183235, 0.762209415436, 0.537237644196, 0.321559965611, 0.159957289696, 0.0909265354276, 0.0236560236663, 0.00266118790023, 7.31491454644e-05, 1.62150772667e-05],
        "median": [0.0119778299704, 0.0473468154669, 0.105881527066, 0.0833822786808, 0.183808922768, 0.345028907061, 0.167124822736, 0.299374431372, 0.931298673153, 0.222524523735, 0.820516228676, 0.608623802662, 0.41491317749, 0.348403304815, 0.443735182285, 0.345456302166, 0.234443068504, 0.232312530279, 0.195858851075, 0.168348893523, 0.194943517447, 0.189899399877, 0.193059042096, 0.185270369053, 0.187735453248, 0.277280688286, 0.37261775136, 0.194149300456, 0.118193276227, 0.128831163049, 0.114207580686, 0.0749154239893, 0.0533156245947, 0.0328370705247, 0.0170492548496, 0.00792207848281, 0.00290320673957, 0.00050552218454, 1.61385323736e-05, 2.92958293358e-06],
        "min": [1.03983984212e-21, 2.44476764137e-21, 3.2297846609e-21, 2.77604527759e-20, 5.26983778937e-20, 2.27673217648e-19, 2.09629513357e-19, 2.25193743762e-19, 3.65458062299e-19, 1.02260192887e-18, 1.43945577286e-18, 2.33247313793e-18, 1.70220111244e-18, 1.01089773679e-18, 3.21149419345e-18, 3.10925735807e-18, 4.7011763731e-18, 5.16853879586e-18, 3.49473758559e-18, 4.31200361132e-18, 1.29798261774e-17, 5.78498356684e-18, 9.47905058695e-18, 9.91167431912e-18, 1.32004931494e-17, 1.595652412e-17, 1.40180991464e-17, 2.34434533039e-17, 1.7812283972e-17, 2.22044211187e-17, 2.38940549795e-17, 2.70441622385e-17, 1.68891355191e-17, 1.34628980008e-17, 7.3676555298e-18, 6.34273160155e-18, 4.46680674065e-18, 1.40054416287e-18, 3.16630056029e-19, 3.53192809122e-20],
        "stdev": [0.165459766984, 0.794240653515, 2.24528121948, 23.2104988098, 58.9047775269, 19.5920448303, 8.48507118225, 7.74955224991, 9.89231300354, 15.7550935745, 11.7836666107, 9.14345932007, 4.19745159149, 9.99377250671, 17.6896800995, 29.0537471771, 11.882727623, 6.05398511887, 11.9797506332, 8.55816268921, 17.8778934479, 11.0437870026, 11.5003757477, 25.2017993927, 11.5449075699, 8.00856113434, 6.56497049332, 4.30066728592, 2.93772768974, 2.91948008537, 2.73142433167, 2.93991971016, 1.52206337452, 0.674640119076, 0.333192795515, 0.181750565767, 0.0474738813937, 0.00518161104992, 0.000140726697282, 3.35084405378e-05],
        "var": [0.0273769367486, 0.630818247795, 5.04128742218, 538.727294922, 3469.77294922, 383.848236084, 71.9964294434, 60.055557251, 97.8578491211, 248.222976685, 138.854797363, 83.6028518677, 17.6186008453, 99.8754882812, 312.92477417, 844.120239258, 141.19921875, 36.6507339478, 143.514419556, 73.242149353, 319.61907959, 121.965232849, 132.258636475, 635.13067627, 133.284881592, 64.1370544434, 43.0988349915, 18.4957370758, 8.63024330139, 8.52336406708, 7.46067905426, 8.64312839508, 2.31667685509, 0.455139309168, 0.111017435789, 0.0330332703888, 0.00225376943126, 2.68490912276e-05, 1.98040037702e-08, 1.12281550724e-09]
    },
    "gfcc": {
        "mean": [-133.409439087, 79.1379089355, -81.9716796875, 37.5545196533, -61.0810623169, 20.5288906097, -28.880355835, 15.165014267, -24.4423313141, 11.4291000366, -15.7441129684, 4.77259254456, -11.0187854767],
        "cov": [[10839.6210938, -300.483978271, -425.613616943, 351.352722168, 111.602615356, 6.09254598618, -576.039672852, -101.630439758, -184.489883423, -296.453186035, 24.350938797, 34.7426185608, -264.819824219], [-300.483978271, 1520.88549805, 206.421127319, 266.87878418, 406.512908936, -77.9004135132, 268.588348389, -268.42880249, 67.0119934082, -88.5273742676, 100.287437439, -216.26020813, 40.5992164612], [-425.613616943, 206.421127319, 762.877380371, -60.4767150879, 127.86819458, -18.9373073578, 40.2126464844, 13.6283407211, -42.2951278687, 92.182723999, -31.0411186218, 21.141248703, -34.0485877991], [351.352722168, 266.87878418, -60.4767150879, 409.644775391, 176.97479248, 12.714091301, 94.0245056152, -100.355873108, 17.5479507446, -39.6007156372, 38.3738059998, -91.8158035278, 0.133201256394], [111.602615356, 406.512908936, 127.86819458, 176.97479248, 376.940765381, 37.8502311707, 107.808258057, -70.3725280762, 58.0017852783, -24.9892139435, 16.4802284241, -37.0246696472, -25.0537967682], [6.09254598618, -77.9004135132, -18.9373073578, 12.714091301, 37.8502311707, 130.102920532, -2.92039418221, 30.0079669952, 36.3693656921, -3.732888937, 16.4634952545, 40.5822792053, 8.54718112946], [-576.039672852, 268.588348389, 40.2126464844, 94.0245056152, 107.808258057, -2.92039418221, 212.279724121, -28.0462436676, 72.0512161255, 25.427280426, 23.6761398315, -47.2386131287, 25.8738079071], [-101.630439758, -268.42880249, 13.6283407211, -100.355873108, -70.3725280762, 30.0079669952, -28.0462436676, 122.394966125, 15.1637392044, 48.0536308289, -11.4977560043, 64.5261230469, 3.81657624245], [-184.489883423, 67.0119934082, -42.2951278687, 17.5479507446, 58.0017852783, 36.3693656921, 72.0512161255, 15.1637392044, 101.109329224, 4.62684488297, 26.2414474487, 8.08711624146, 7.47044181824], [-296.453186035, -88.5273742676, 92.182723999, -39.6007156372, -24.9892139435, -3.732888937, 25.427280426, 48.0536308289, 4.62684488297, 125.596809387, 0.277808248997, 39.0906600952, 28.3763961792], [24.350938797, 100.287437439, -31.0411186218, 38.3738059998, 16.4802284241, 16.4634952545, 23.6761398315, -11.4977560043, 26.2414474487, 0.277808248997, 58.4676971436, -1.41576814651, 10.6818370819], [34.7426185608, -216.26020813, 21.141248703, -91.8158035278, -37.0246696472, 40.5822792053, -47.2386131287, 64.5261230469, 8.08711624146, 39.0906600952, -1.41576814651, 88.1988754272, 7.32864904404], [-264.819824219, 40.5992164612, -34.0485877991, 0.133201256394, -25.0537967682, 8.54718112946, 25.8738079071, 3.81657624245, 7.47044181824, 28.3763961792, 10.6818370819, 7.32864904404, 58.4646339417]],
        "icov": [[0.000140516043757, -9.53829294303e-05, 0.000109061358671, -0.000236996944295, -2.77757749245e-06, 6.54950927128e-05, 0.00035630207276, -6.17182886344e-05, 0.000137971393997, 5.64640504308e-05, -4.20387877966e-05, -0.000447357771918, 0.000621072249487], [-9.53829294303e-05, 0.00321335578337, -0.00113845895976, 0.00158299750183, -0.00252994755283, 0.00108962575905, -0.000572187593207, 0.00288347224705, -0.00102628557943, 0.00129532720894, -0.00441953772679, 0.00571546144783, -0.00491508888081], [0.000109061358671, -0.00113845895976, 0.00240747421049, -3.54774419975e-05, -0.000156386769959, -0.000474438624224, -0.000443382014055, -0.000925603206269, 0.00227275420912, -0.00208911090158, 0.00164447794668, -0.00241725263186, 0.00367182213813], [-0.000236996944295, 0.00158299750183, -3.54774419975e-05, 0.00558322342113, -0.00284009356983, -0.00106546725146, -0.00122028798796, 0.00227779545821, 0.000754230015446, -0.00043737096712, -0.00388543959707, 0.00707992678508, -0.00293777510524], [-2.77757749245e-06, -0.00252994755283, -0.000156386769959, -0.00284009356983, 0.00718341721222, -0.00211189500988, -0.00108475168236, 0.00040011445526, -0.00171210919507, -0.000534714316018, 0.00476329308003, -0.00602459767833, 0.00586387002841], [6.54950927128e-05, 0.00108962575905, -0.000474438624224, -0.00106546725146, -0.00211189500988, 0.0122920572758, 0.000782963354141, -0.00118129630573, -0.00294132274576, 0.00363876088522, -0.0029488010332, -0.00466869771481, -0.003971577622], [0.00035630207276, -0.000572187593207, -0.000443382014055, -0.00122028798796, -0.00108475168236, 0.000782963354141, 0.0116179315373, -0.000870820251293, -0.00696197478101, -0.00270012859255, 0.000321771425661, 0.00537964981049, -0.00244125979953], [-6.17182886344e-05, 0.00288347224705, -0.000925603206269, 0.00227779545821, 0.00040011445526, -0.00118129630573, -0.000870820251293, 0.0199341382831, -0.00446982961148, -0.00281397229992, -0.000273922632914, -0.00291159003973, -0.00104595534503], [0.000137971393997, -0.00102628557943, 0.00227275420912, 0.000754230015446, -0.00171210919507, -0.00294132274576, -0.00696197478101, -0.00446982961148, 0.0205003395677, 0.000644833431579, -0.0044202147983, -0.00473967147991, 0.00419795233756], [5.64640504308e-05, 0.00129532720894, -0.00208911090158, -0.00043737096712, -0.000534714316018, 0.00363876088522, -0.00270012859255, -0.00281397229992, 0.000644833431579, 0.0150528075173, -0.00246673333459, -0.00422150082886, -0.00765042705461], [-4.20387877966e-05, -0.00441953772679, 0.00164447794668, -0.00388543959707, 0.00476329308003, -0.0029488010332, 0.000321771425661, -0.000273922632914, -0.0044202147983, -0.00246673333459, 0.0284536145627, -0.0099067222327, 0.00399819901213], [-0.000447357771918, 0.00571546144783, -0.00241725263186, 0.00707992678508, -0.00602459767833, -0.00466869771481, 0.00537964981049, -0.00291159003973, -0.00473967147991, -0.00422150082886, -0.0099067222327, 0.0412703305483, -0.0122178047895], [0.000621072249487, -0.00491508888081, 0.00367182213813, -0.00293777510524, 0.00586387002841, -0.003971577622, -0.00244125979953, -0.00104595534503, 0.00419795233756, -0.00765042705461, 0.00399819901213, -0.0122178047895, 0.0336957573891]]
    },
    "melbands": {
        "dmean": [0.000449701823527, 0.000538449618034, 0.00207845005207, 0.00108498428017, 0.000150472929818, 8.43872767291e-05, 7.42484626244e-05, 6.87564752297e-05, 4.77395951748e-05, 2.54916340054e-05, 7.74477848609e-06, 1.40120537253e-05, 2.07896609936e-05, 1.8106373318e-05, 1.62712167366e-05, 6.41420365355e-06, 4.54276732853e-06, 6.08308619121e-06, 3.46693150277e-06, 6.8350368565e-06, 7.11838038114e-06, 4.50353445558e-06, 3.4258055166e-06, 5.1377046475e-06, 6.15571343587e-06, 3.0982816952e-06, 3.10411246573e-06, 2.2355091005e-06, 2.28332828556e-06, 1.35673258228e-06, 1.18268792448e-06, 8.58497116951e-07, 6.84126462147e-07, 7.03998296103e-07, 5.9547443243e-07, 7.008392231e-07, 6.06977891948e-07, 4.62409502688e-07, 4.4154836587e-07, 2.23807830935e-07],
        "dmean2": [0.000679695222061, 0.000900563958567, 0.00371248461306, 0.00194883567747, 0.000290249445243, 0.000155048779561, 0.000131363674882, 0.000130890926812, 8.45058166306e-05, 4.17951196141e-05, 1.30140824695e-05, 2.54939241131e-05, 3.68591281585e-05, 3.26292574755e-05, 2.99228195217e-05, 1.07951746031e-05, 7.80430673331e-06, 1.11851604743e-05, 6.12853409621e-06, 1.2348978089e-05, 1.29537329485e-05, 8.12852977106e-06, 6.1169134824e-06, 9.46658201428e-06, 1.14866816148e-05, 5.47587751498e-06, 5.520891591e-06, 4.05677201343e-06, 4.28431667387e-06, 2.49909635386e-06, 2.16117041418e-06, 1.5100681594e-06, 1.17181286896e-06, 1.18101581847e-06, 1.01110879314e-06, 1.27273654016e-06, 1.10556811705e-06, 8.24721780646e-07, 7.41002395444e-07, 3.47373202203e-07],
        "dvar": [6.46389878511e-07, 1.51126175751e-06, 4.1137856897e-05, 1.21009543363e-05, 2.09268193885e-07, 5.19627540996e-08, 3.37646319792e-08, 6.00934342287e-08, 1.24317125483e-08, 3.21066950804e-09, 5.8853627527e-10, 2.41971198633e-09, 5.527389213e-09, 6.50645892719e-09, 7.43614902987e-09, 3.07652903153e-10, 1.17617915407e-10, 6.53917531235e-10, 1.29420613115e-10, 6.48767595202e-10, 6.70993371976e-10, 2.20804791118e-10, 9.66900517985e-11, 4.41080505453e-10, 9.12522890584e-10, 6.94932097978e-11, 7.79823428054e-11, 3.63254287761e-11, 3.30957275474e-11, 1.33815215853e-11, 8.96444810744e-12, 3.34725259662e-12, 2.35195001495e-12, 3.21091525764e-12, 2.52126531458e-12, 5.85510459561e-12, 5.73351782718e-12, 2.15905852224e-12, 7.74368525032e-13, 1.8495665069e-13],
        "dvar2": [1.38346183576e-06, 3.81506379199e-06, 0.000110149812826, 3.36310185958e-05, 6.07616925663e-07, 1.48722151039e-07, 9.50366612074e-08, 1.74752926796e-07, 3.49349846829e-08, 8.0513284928e-09, 1.63054680868e-09, 6.89390589059e-09, 1.56124233541e-08, 1.86205699748e-08, 2.15029185568e-08, 7.94625143463e-10, 3.07045805448e-10, 1.87607507307e-09, 3.60212887296e-10, 1.84335258169e-09, 1.90949100976e-09, 6.23700591174e-10, 2.67746491645e-10, 1.27580224163e-09, 2.6642943407e-09, 1.82480058841e-10, 2.02204392119e-10, 1.00036395834e-10, 9.52164666557e-11, 3.82345440031e-11, 2.49531523916e-11, 8.86826376223e-12, 6.27067451783e-12, 8.68976592072e-12, 6.84930020686e-12, 1.66972963234e-11, 1.66308564142e-11, 6.20166158011e-12, 1.94857975241e-12, 4.18542994316e-13],
        "max": [0.00486709596589, 0.00779307959601, 0.0340485274792, 0.0191652737558, 0.00297661358491, 0.00142647314351, 0.00129482755437, 0.00154991308227, 0.000701495097019, 0.000661741534714, 0.000357152195647, 0.000645370746497, 0.000908023619559, 0.000899728853256, 0.00101540260948, 0.000211969047086, 0.00013863069762, 0.000349779467797, 0.000146370977745, 0.00024911708897, 0.000245240400545, 0.000142573189805, 8.73377648531e-05, 0.000239870991209, 0.000360422942322, 7.1272799687e-05, 7.7633834735e-05, 4.40954972873e-05, 4.16296716139e-05, 2.53370872088e-05, 2.11717288039e-05, 1.81830473593e-05, 1.498799611e-05, 2.43893409788e-05, 1.49954430526e-05, 2.55372451647e-05, 3.82377002097e-05, 1.82934963959e-05, 7.66041921452e-06, 4.71062458018e-06],
        "mean": [0.000850584649015, 0.000608087750152, 0.00147142715286, 0.000725659599993, 9.53830676735e-05, 6.83686666889e-05, 6.48336645099e-05, 4.02400401072e-05, 3.50451700797e-05, 2.00174799829e-05, 6.78574724589e-06, 9.44212843024e-06, 1.44000696309e-05, 1.25631941046e-05, 1.05800299934e-05, 5.18074739375e-06, 3.77731544177e-06, 4.16018201577e-06, 2.59847365669e-06, 4.50956895293e-06, 4.67897370982e-06, 3.08965468321e-06, 2.47129719355e-06, 3.34958190251e-06, 3.89878687201e-06, 2.38838060795e-06, 2.38597954194e-06, 1.70112139131e-06, 1.72450745595e-06, 1.02379135569e-06, 9.01217731553e-07, 7.23001562619e-07, 5.87746910696e-07, 6.20166304088e-07, 5.22897380506e-07, 5.11149039539e-07, 4.53540906165e-07, 3.72160172901e-07, 3.75571204358e-07, 2.28932705681e-07],
        "median": [8.88066351763e-05, 5.15734282089e-05, 1.76826088136e-05, 2.2869950044e-05, 6.79107779433e-06, 7.96622862254e-06, 1.2401766071e-05, 2.31948683904e-06, 6.88169666319e-06, 3.61620482181e-06, 1.89272600437e-06, 1.3280885014e-06, 1.33321327667e-06, 1.15468787953e-06, 6.7311566454e-07, 4.38084640564e-07, 4.22192442784e-07, 2.91985287504e-07, 2.30962868386e-07, 2.09281267871e-07, 2.19695905912e-07, 1.85588589829e-07, 1.93882328858e-07, 1.66030432069e-07, 1.42373650647e-07, 1.37119343435e-07, 1.4833145201e-07, 1.61961565937e-07, 2.58364593719e-07, 1.59373570341e-07, 7.93241099473e-08, 6.18937363583e-08, 6.94762007925e-08, 7.18834556324e-08, 6.77669120819e-08, 4.90162932465e-08, 4.22918233767e-08, 3.659670611e-08, 3.27156968183e-08, 2.51588776479e-08],
        "min": [6.92226312078e-24, 2.48256104595e-24, 5.17460449971e-24, 8.49846164082e-24, 9.49766362895e-24, 4.49013631909e-24, 6.39805203306e-24, 1.35518919779e-23, 1.02081046604e-23, 1.55914445167e-23, 8.54989852728e-24, 3.89576670347e-24, 7.67708388908e-24, 1.11663592456e-23, 6.4753387081e-24, 1.38813266028e-23, 9.10129021193e-24, 5.74256778539e-24, 3.95729548749e-24, 1.03642754538e-23, 1.63263315588e-23, 5.62882784792e-24, 6.71730995786e-24, 1.1229439719e-23, 7.05312410091e-24, 9.29331710006e-24, 9.28766254509e-24, 1.09031068952e-23, 7.17077560517e-24, 1.24156561731e-23, 1.40633531012e-23, 9.2789432655e-24, 1.14605357323e-23, 1.21517230357e-23, 1.45479314226e-23, 1.39235117286e-23, 1.66862383027e-23, 1.18271012512e-23, 1.10231249821e-23, 1.1099326579e-23],
        "stdev": [0.00125792180188, 0.00118926097639, 0.00538284657523, 0.00273500243202, 0.000337121222401, 0.000178192320163, 0.0001497954363, 0.000180115559488, 8.87078931555e-05, 5.0998878578e-05, 1.97378994926e-05, 3.76839525416e-05, 5.80801533943e-05, 6.17230980424e-05, 6.47913329885e-05, 1.57046888489e-05, 9.81200901151e-06, 1.95639822778e-05, 9.26628035813e-06, 1.97935751203e-05, 1.99881324079e-05, 1.17075296657e-05, 8.07128526503e-06, 1.57925478561e-05, 2.23177885346e-05, 7.34058949092e-06, 7.78176308813e-06, 5.06868445882e-06, 4.61510262539e-06, 2.90193111141e-06, 2.51806864071e-06, 1.7822552536e-06, 1.41053897096e-06, 1.68618396401e-06, 1.4431453792e-06, 1.90019363799e-06, 1.83773522622e-06, 1.19862761494e-06, 8.42938277401e-07, 5.03752346503e-07],
        "var": [1.58236730385e-06, 1.41434168199e-06, 2.8975036912e-05, 7.4802387644e-06, 1.1365072794e-07, 3.17525028493e-08, 2.24386713654e-08, 3.24416156161e-08, 7.86909026829e-09, 2.60088550696e-09, 3.8958467008e-10, 1.42008027559e-09, 3.37330430256e-09, 3.80974096714e-09, 4.19791712503e-09, 2.4663723841e-10, 9.62755153378e-11, 3.82749415495e-10, 8.58639548351e-11, 3.91785631715e-10, 3.99525440509e-10, 1.37066261119e-10, 6.51456388834e-11, 2.49404580321e-10, 4.98083685407e-10, 5.38842512277e-11, 6.05558381217e-11, 2.56915599905e-11, 2.12991707604e-11, 8.42120383843e-12, 6.34066930905e-12, 3.17643372542e-12, 1.98962027409e-12, 2.84321654762e-12, 2.0826684561e-12, 3.61073584226e-12, 3.37727090217e-12, 1.43670806588e-12, 7.10544904164e-13, 2.53766436033e-13]
    },
    "melbands128": {
