{
"lowlevel": {
    "average_loudness": 0.895826339722,
    "barkbands_crest": {
        "dmean": 2.80372333527,
        "dmean2": 4.15720510483,
        "dvar": 7.18495893478,
        "dvar2": 16.2216625214,
        "max": 25.6144924164,
        "mean": 11.6553001404,
        "median": 11.0222444534,
        "min": 2.19243192673,
        "stdev": 4.74197101593,
        "var": 22.4862880707
    },
    "barkbands_flatness_db": {
        "dmean": 0.0342976637185,
        "dmean2": 0.0487006902695,
        "dvar": 0.000987456995063,
        "dvar2": 0.00194618967362,
        "max": 0.414093375206,
        "mean": 0.164548590779,
        "median": 0.161460891366,
        "min": 0.0271582584828,
        "stdev": 0.0615570656955,
        "var": 0.00378927215934
    },
    "barkbands_kurtosis": {
        "dmean": 5.82667207718,
        "dmean2": 8.58345603943,
        "dvar": 154.612350464,
        "dvar2": 358.742858887,
        "max": 185.357131958,
        "mean": 7.06211423874,
        "median": 2.40789031982,
        "min": -1.91635143757,
        "stdev": 14.5788536072,
        "var": 212.54296875
    },
    "barkbands_skewness": {
        "dmean": 0.852521181107,
        "dmean2": 1.18660509586,
        "dvar": 0.94987821579,
        "dvar2": 1.89428067207,
        "max": 11.8087081909,
        "mean": 1.81935667992,
        "median": 1.51822257042,
        "min": -4.14259958267,
        "stdev": 1.71649718285,
        "var": 2.94636249542
    },
    "barkbands_spread": {
        "dmean": 10.6674537659,
        "dmean2": 16.0076541901,
        "dvar": 177.099411011,
        "dvar2": 359.377105713,
        "max": 109.692901611,
        "mean": 25.3279247284,
        "median": 18.9575576782,
        "min": 0.498666703701,
        "stdev": 21.0638256073,
        "var": 443.684783936
    },
    "dissonance": {
        "dmean": 0.0305638425052,
        "dmean2": 0.0479803308845,
        "dvar": 0.00123599951621,
        "dvar2": 0.00293546356261,
        "max": 0.499965429306,
        "mean": 0.446334838867,
        "median": 0.462761044502,
        "min": 0.146668434143,
        "stdev": 0.0514334328473,
        "var": 0.00264539802447
    },
    "dynamic_complexity": 2.54396533966,
    "erbbands_crest": {
        "dmean": 3.32197737694,
        "dmean2": 5.46157407761,
        "dvar": 9.64039134979,
        "dvar2": 23.9813213348,
        "max": 26.8899230957,
        "mean": 9.14233493805,
        "median": 8.0885219574,
        "min": 2.78018784523,
        "stdev": 4.43100643158,
        "var": 19.6338195801
    },
    "erbbands_flatness_db": {
        "dmean": 0.027577040717,
        "dmean2": 0.0387818776071,
        "dvar": 0.000604438828304,
        "dvar2": 0.00118245801423,
        "max": 0.443607211113,
        "mean": 0.159814313054,
        "median": 0.151123061776,
        "min": 0.0640292167664,
        "stdev": 0.0563856624067,
        "var": 0.00317934295163
    },
    "erbbands_kurtosis": {
        "dmean": 1.97300183773,
        "dmean2": 3.00304079056,
        "dvar": 9.04108333588,
        "dvar2": 19.4892044067,
        "max": 43.2653007507,
        "mean": 1.49740028381,
        "median": -0.0326769351959,
        "min": -1.81966888905,
        "stdev": 4.1574754715,
        "var": 17.2846012115
    },
    "erbbands_skewness": {
        "dmean": 0.622795879841,
        "dmean2": 0.898059546947,
        "dvar": 0.352489590645,
        "dvar2": 0.728979349136,
        "max": 4.3102850914,
        "mean": 0.364200592041,
        "median": 0.345440924168,
        "min": -4.71694517136,
        "stdev": 1.06567764282,
        "var": 1.13566875458
    },
    "erbbands_spread": {
        "dmean": 14.0309381485,
        "dmean2": 20.8127975464,
        "dvar": 205.698791504,
        "dvar2": 469.124023438,
        "max": 168.457992554,
        "mean": 40.7797012329,
        "median": 37.0280647278,
        "min": 1.39826726913,
        "stdev": 24.8165130615,
        "var": 615.859313965
    },
    "hfc": {
        "dmean": 13.4336662292,
        "dmean2": 19.7202854156,
        "dvar": 340.892181396,
        "dvar2": 749.049499512,
        "max": 200.050964355,
        "mean": 28.8349170685,
        "median": 24.6083946228,
        "min": 1.25160102915e-16,
        "stdev": 25.7590408325,
        "var": 663.528198242
    },
    "loudness_ebu128": {
        "integrated": -9.57651805878,
        "loudness_range": 5.19945049286,
        "momentary": {
            "dmean": 0.57225561142,
            "dmean2": 0.754500031471,
            "dvar": 0.421144992113,
            "dvar2": 0.505652785301,
            "max": -6.13434314728,
            "mean": -10.1932020187,
            "median": -9.61657905579,
            "min": -23.1210041046,
            "stdev": 2.47168707848,
            "var": 6.10923671722
        },
        "short_term": {
            "dmean": 0.0767053514719,
            "dmean2": 0.0905950590968,
            "dvar": 0.00652908394113,
            "dvar2": 0.00875356141478,
            "max": -7.88319253922,
            "mean": -9.96727275848,
            "median": -8.97230815887,
            "min": -14.2107620239,
            "stdev": 1.94142985344,
            "var": 3.76915001869
        }
    },
    "melbands_crest": {
        "dmean": 3.99429702759,
        "dmean2": 5.89120912552,
        "dvar": 14.8508367538,
        "dvar2": 30.7222385406,
        "max": 37.8743247986,
        "mean": 20.9614524841,
        "median": 21.1030006409,
        "min": 3.00271463394,
        "stdev": 8.9101524353,
        "var": 79.3908157349
    },
    "melbands_flatness_db": {
        "dmean": 0.0385860465467,
        "dmean2": 0.0528356134892,
        "dvar": 0.00139683810994,
        "dvar2": 0.00271431729198,
        "max": 0.469868779182,
        "mean": 0.215206816792,
        "median": 0.212472587824,
        "min": 0.0134538887069,
        "stdev": 0.0785422548652,
        "var": 0.00616888562217
    },
    "melbands_kurtosis": {
        "dmean": 14.0852146149,
        "dmean2": 20.0812129974,
        "dvar": 815.116577148,
        "dvar2": 1614.17248535,
        "max": 340.856109619,
        "mean": 21.886888504,
        "median": 8.72506427765,
        "min": -1.84151422977,
        "stdev": 40.8904380798,
        "var": 1672.02807617
    },
    "melbands_skewness": {
        "dmean": 1.16151964664,
        "dmean2": 1.56525707245,
        "dvar": 1.71585285664,
        "dvar2": 3.16050052643,
        "max": 17.1346912384,
        "mean": 3.16529321671,
        "median": 2.4609439373,
        "min": -2.51757597923,
        "stdev": 2.57582974434,
        "var": 6.6348991394
    },
    "melbands_spread": {
        "dmean": 12.4081535339,
        "dmean2": 17.9445114136,
        "dvar": 436.082763672,
        "dvar2": 874.713378906,
        "max": 271.958648682,
        "mean": 26.838766098,
        "median": 18.4829654694,
        "min": 0.83777064085,
        "stdev": 31.0370826721,
        "var": 963.300537109
    },
    "pitch_salience": {
        "dmean": 0.088186621666,
        "dmean2": 0.132541462779,
        "dvar": 0.0076418328099,
        "dvar2": 0.0164766367525,
        "max": 0.872015714645,
        "mean": 0.474678188562,
        "median": 0.48333209753,
        "min": 0.0589558556676,
        "stdev": 0.17171177268,
        "var": 0.0294849313796
    },
    "silence_rate_20dB": {
        "dmean": 0,
        "dmean2": 0,
        "dvar": 0,
        "dvar2": 0,
        "max": 1,
        "mean": 1,
        "median": 1,
        "min": 1,
        "stdev": 0,
        "var": 0
    },
    "silence_rate_30dB": {
        "dmean": 0.0495356023312,
        "dmean2": 0.0991479456425,
        "dvar": 0.0470813885331,
        "dvar2": 0.0970624387264,
        "max": 1,
        "mean": 0.892498075962,
        "median": 1,
        "min": 0,
        "stdev": 0.309751749039,
        "var": 0.0959461480379
    },
    "silence_rate_60dB": {
        "dmean": 0.022445820272,
        "dmean2": 0.0449264124036,
        "dvar": 0.0219417978078,
        "dvar2": 0.0475552864373,
        "max": 1,
        "mean": 0.0456303171813,
        "median": 0,
        "min": 0,
        "stdev": 0.208683162928,
        "var": 0.0435486622155
    },
    "spectral_centroid": {
        "dmean": 503.933105469,
        "dmean2": 719.976379395,
        "dvar": 408321.3125,
        "dvar2": 711934.9375,
        "max": 11034.1679688,
        "mean": 1599.76660156,
        "median": 1300.43457031,
        "min": 193.477325439,
        "stdev": 974.59161377,
        "var": 949828.8125
    },
    "spectral_complexity": {
        "dmean": 4.92027854919,
        "dmean2": 6.7296667099,
        "dvar": 27.5641078949,
        "dvar2": 43.0306968689,
        "max": 62,
        "mean": 17.4725437164,
        "median": 16,
        "min": 0,
        "stdev": 10.4993076324,
        "var": 110.235466003
    },
    "spectral_decrease": {
        "dmean": 3.81658216142e-09,
        "dmean2": 4.88945239852e-09,
        "dvar": 3.38169764734e-17,
        "dvar2": 6.03738482674e-17,
        "max": 1.51287021217e-28,
        "mean": -1.2480660061e-08,
        "median": -9.62382529224e-09,
        "min": -7.15400503282e-08,
        "stdev": 1.22779786338e-08,
        "var": 1.50748769729e-16
    },
    "spectral_energy": {
        "dmean": 0.0150747830048,
        "dmean2": 0.0194847565144,
        "dvar": 0.00049152772408,
        "dvar2": 0.000879783299752,
        "max": 0.272595018148,
        "mean": 0.0497203208506,
        "median": 0.0389457792044,
        "min": 1.0781401826e-20,
        "stdev": 0.0470951981843,
        "var": 0.00221795774996
    },
    "spectral_energyband_high": {
        "dmean": 0.00143348728307,
        "dmean2": 0.00223938794807,
        "dvar": 5.94385164732e-06,
        "dvar2": 1.39612093335e-05,
        "max": 0.0197869110852,
        "mean": 0.00187246908899,
        "median": 0.000642934232019,
        "min": 7.99855541123e-21,
        "stdev": 0.0029178049881,
        "var": 8.51358618092e-06
    },
    "spectral_energyband_low": {
        "dmean": 0.0099055217579,
        "dmean2": 0.0117937335745,
        "dvar": 0.00052331056213,
        "dvar2": 0.000852970639244,
        "max": 0.266412049532,
        "mean": 0.0300847701728,
        "median": 0.0106966504827,
        "min": 5.16186368612e-23,
        "stdev": 0.0436843186617,
        "var": 0.00190831976943
    },
    "spectral_energyband_middle_high": {
        "dmean": 0.00285793910734,
        "dmean2": 0.00384633615613,
        "dvar": 1.60606396093e-05,
        "dvar2": 2.9770520996e-05,
        "max": 0.0410587787628,
        "mean": 0.00599409407005,
        "median": 0.00309347501025,
        "min": 1.26834919315e-21,
        "stdev": 0.00721871759742,
        "var": 5.21098845638e-05
    },
    "spectral_energyband_middle_low": {
        "dmean": 0.00679834419861,
        "dmean2": 0.0102086486295,
        "dvar": 0.000100186836789,
        "dvar2": 0.00024951263913,
        "max": 0.0875038281083,
        "mean": 0.0121247861534,
        "median": 0.00967216771096,
        "min": 2.92122791512e-22,
        "stdev": 0.011786127463,
        "var": 0.000138912801049
    },
    "spectral_entropy": {
        "dmean": 0.272290408611,
        "dmean2": 0.378029704094,
        "dvar": 0.0758629366755,
        "dvar2": 0.14785541594,
        "max": 9.78845882416,
        "mean": 7.73076868057,
        "median": 7.72760391235,
        "min": 5.28533315659,
        "stdev": 0.555301070213,
        "var": 0.30835929513
    },
    "spectral_flux": {
        "dmean": 0.0337846688926,
        "dmean2": 0.050781622529,
        "dvar": 0.00124470982701,
        "dvar2": 0.00231162388809,
        "max": 0.396284580231,
        "mean": 0.108536876738,
        "median": 0.0946874246001,
        "min": 1.0383353205e-10,
        "stdev": 0.0661559551954,
        "var": 0.00437661074102
    },
    "spectral_kurtosis": {
        "dmean": 1.84168326855,
        "dmean2": 2.78308105469,
        "dvar": 6.48538017273,
        "dvar2": 12.9118642807,
        "max": 48.5243721008,
        "mean": 3.64790534973,
        "median": 2.74598646164,
        "min": -1.13949334621,
        "stdev": 4.67585086823,
        "var": 21.8635826111
    },
    "spectral_rms": {
        "dmean": 0.0010171047179,
        "dmean2": 0.00130964140408,
        "dvar": 1.29113323055e-06,
        "dvar2": 2.13933299165e-06,
        "max": 0.0163078624755,
        "mean": 0.00624829065055,
        "median": 0.00616407999769,
        "min": 3.24321450772e-12,
        "stdev": 0.00307677360252,
        "var": 9.46653563005e-06
    },
    "spectral_rolloff": {
        "dmean": 918.328735352,
        "dmean2": 1507.4744873,
        "dvar": 3043748.5,
        "dvar2": 5936693,
        "max": 19293.75,
        "mean": 1769.68884277,
        "median": 839.794921875,
        "min": 43.06640625,
        "stdev": 2408.9050293,
        "var": 5802823.5
    },
    "spectral_skewness": {
        "dmean": 0.336180776358,
        "dmean2": 0.492329955101,
        "dvar": 0.12183945626,
        "dvar2": 0.244498044252,
        "max": 5.1157875061,
        "mean": 1.3772714138,
        "median": 1.32207155228,
        "min": -0.296426206827,
        "stdev": 0.670608580112,
        "var": 0.449715852737
    },
    "spectral_spread": {
        "dmean": 1062756.5,
        "dmean2": 1514106.625,
        "dvar": 2.21042992742e+12,
        "dvar2": 3.24440843878e+12,
        "max": 39506744,
        "mean": 5387341,
        "median": 4652621.5,
        "min": 1317489.5,
        "stdev": 2351366.25,
        "var": 5.52892366848e+12
    },
    "spectral_strongpeak": {
        "dmean": 0.447626590729,
        "dmean2": 0.719146072865,
        "dvar": 0.593801677227,
        "dvar2": 1.37484538555,
        "max": 6.67532777786,
        "mean": 0.787540853024,
        "median": 0.330293148756,
        "min": 0,
        "stdev": 0.99802929163,
        "var": 0.996062517166
    },
    "zerocrossingrate": {
        "dmean": 0.0201389566064,
        "dmean2": 0.022355414927,
        "dvar": 0.000816927582491,
        "dvar2": 0.000881640531588,
        "max": 0.50341796875,
        "mean": 0.0650596022606,
        "median": 0.04638671875,
        "min": 0.00341796875,
        "stdev": 0.0590057596564,
        "var": 0.00348167982884
    },
    "barkbands": {
        "dmean": [0.00175715819933, 0.00874614156783, 0.00234784884378, 0.00116682599764, 0.00130620133132, 0.00182634976227, 0.00153817189857, 0.00174938188866, 0.00197226088494, 0.00145805976354, 0.000588736264035, 0.00051188893849, 0.000369660934666, 0.000407490209909, 0.000281673914287, 0.000251626886893, 0.000253501813859, 0.000148007369717, 0.000154045337695, 0.000199939604499, 0.000500951951835, 0.000243315982516, 0.000256071914919, 0.000238285050727, 0.000163563687238, 6.58909775666e-05, 2.49920640272e-06],
        "dmean2": [0.00226882449351, 0.0114411106333, 0.00379914068617, 0.00203937152401, 0.00215807929635, 0.00285398284905, 0.00248357630335, 0.00271543092094, 0.00304164993577, 0.00218953099102, 0.00089340575505, 0.000766421551816, 0.000556620885618, 0.000628606067039, 0.000428973784437, 0.000370234047296, 0.000381346646463, 0.000225170515478, 0.000236179301282, 0.000305411347654, 0.000854108890053, 0.000373035960365, 0.000400335440645, 0.000356919656042, 0.000244843336986, 0.000102577621874, 4.44714714831e-06],
        "dvar": [1.0907210708e-05, 0.000568138901144, 9.67643718468e-05, 1.63404019986e-05, 1.07296900751e-05, 8.77134607435e-06, 1.32336917886e-05, 8.55450889503e-06, 1.36684320751e-05, 1.16620403787e-05, 2.13710609387e-06, 1.23386143969e-06, 5.17893909091e-07, 5.66326775697e-07, 4.31096168541e-07, 2.5139232207e-07, 1.60961747042e-07, 9.76195266844e-08, 1.24397075751e-07, 8.80818546989e-08, 1.46643014887e-06, 1.78331077905e-07, 1.71822691186e-07, 1.5850697821e-07, 1.10251392016e-07, 1.77511747523e-08, 5.68578933935e-11],
        "dvar2": [1.48129875015e-05, 0.00101668341085, 0.000193869345821, 4.63460346509e-05, 2.94993587886e-05, 2.09332847589e-05, 3.22442792822e-05, 1.96129167307e-05, 2.92630666081e-05, 2.39176497416e-05, 3.97650364903e-06, 2.69368047157e-06, 1.11441033823e-06, 1.23392590012e-06, 9.75302668849e-07, 5.17264766131e-07, 3.46039570331e-07, 2.09722159639e-07, 2.84024878283e-07, 1.92420571921e-07, 3.95871029468e-06, 3.99564356712e-07, 3.52349218247e-07, 3.13730566859e-07, 2.15728633179e-07, 3.86221508109e-08, 1.52476267723e-10],
        "max": [0.0491284020245, 0.244501814246, 0.0888445451856, 0.0371813774109, 0.0393695794046, 0.0283121429384, 0.037773989141, 0.0277478899807, 0.0363841205835, 0.0377271957695, 0.0236784350127, 0.0129308989272, 0.00856534764171, 0.00906236190349, 0.0107797859237, 0.00711833592504, 0.00546762300655, 0.00441641267389, 0.00468090036884, 0.00367425545119, 0.00856899283826, 0.00370950624347, 0.00423182873055, 0.00448205089197, 0.0041557373479, 0.00148599059321, 8.03521033959e-05],
        "mean": [0.00644793873653, 0.0212505478412, 0.00234346650541, 0.00106671708636, 0.00158572068904, 0.00241630175151, 0.00156816898379, 0.00213051214814, 0.00279144477099, 0.00198543351144, 0.00081997277448, 0.000722983852029, 0.00053173355991, 0.000519951165188, 0.000371609145077, 0.000355928641511, 0.000378547265427, 0.000210951329791, 0.00021280515648, 0.000291971198749, 0.000480647198856, 0.000305896304781, 0.000319633487379, 0.000318074482493, 0.000216173022636, 7.5574782386e-05, 1.65639175975e-06],
        "median": [0.00239630043507, 0.00717526255175, 0.000324499036651, 0.000329788133968, 0.000475090782857, 0.00102180894464, 0.000351720256731, 0.000681023462676, 0.000780803908128, 0.000265093083726, 0.000148208244354, 0.000147851038491, 0.000180103234015, 0.000183208001545, 0.000108724081656, 0.000140099495184, 0.000172174943145, 8.45676331664e-05, 8.63224995555e-05, 0.0001408711978, 0.000151916217874, 0.000103891536128, 7.44425633457e-05, 7.07800791133e-05, 3.82151520171e-05, 1.08849499156e-05, 1.63018096799e-08],
        "min": [1.15474043063e-23, 3.0661537172e-23, 1.1717468518e-23, 1.98780523556e-24, 9.16109659705e-23, 1.29808059074e-22, 3.46103634488e-23, 9.76283843338e-24, 2.07972370267e-23, 1.25854561163e-23, 4.80562104329e-23, 5.35259984003e-23, 4.79765765023e-23, 7.0953652358e-23, 9.76778680006e-23, 1.1152246524e-22, 1.49113164121e-22, 4.1039911779e-22, 2.13423326547e-22, 2.33510729176e-22, 3.78558142057e-22, 6.51591686109e-22, 6.25365304807e-22, 1.05145308633e-21, 1.08337234231e-21, 1.60516356765e-21, 2.60713657171e-21],
        "stdev": [0.00834293756634, 0.0365730002522, 0.0100834136829, 0.00319643644616, 0.00329804630019, 0.00350592634641, 0.00366502651013, 0.00346609181724, 0.00487595004961, 0.00473167886958, 0.00215290742926, 0.00152431987226, 0.000954718329012, 0.000927338493057, 0.000790549791418, 0.00065633666236, 0.000530359102413, 0.000402439618483, 0.000407064217143, 0.000424300757004, 0.00105413619895, 0.000516248459462, 0.000563166220672, 0.000579590036068, 0.0004608129384, 0.000166692814673, 6.23592404736e-06],
        "var": [6.9604611781e-05, 0.00133758422453, 0.000101675235783, 1.02172061816e-05, 1.08771091618e-05, 1.22915189422e-05, 1.34324200189e-05, 1.20137920021e-05, 2.37748899963e-05, 2.2388783691e-05, 4.63501010017e-06, 2.32355091612e-06, 9.11487063604e-07, 8.59956628574e-07, 6.24968947704e-07, 4.30777845395e-07, 2.81280762238e-07, 1.61957643741e-07, 1.65701266042e-07, 1.80031122454e-07, 1.11120300517e-06, 2.66512500957e-07, 3.17156178653e-07, 3.35924596584e-07, 2.12348552964e-07, 2.77864931064e-08, 3.88867479884e-11]
    },
    "erbbands": {
        "dmean": [0.339181274176, 1.91434156895, 2.78145885468, 3.80996370316, 4.51471090317, 3.96147108078, 6.5510134697, 18.4072628021, 24.4406433105, 20.6538143158, 39.8319511414, 43.0448760986, 47.9129257202, 32.7224845886, 21.2714576721, 18.6965923309, 16.8335876465, 17.8467006683, 16.3614177704, 13.857796669, 12.8801441193, 14.2900266647, 8.87471675873, 6.05330181122, 8.65945148468, 10.0972204208, 19.078327179, 17.1609306335, 9.11999607086, 8.17446804047, 6.99367570877, 5.72009897232, 3.68678808212, 2.18380212784, 0.962586402893, 0.394918173552, 0.102051191032, 0.014020989649, 0.000328984111547, 2.73309215117e-05],
        "dmean2": [0.416412711143, 2.58690476418, 3.98408985138, 6.40117645264, 7.34105157852, 6.75097131729, 11.051568985, 28.6842784882, 38.9930877686, 32.3570709229, 61.8746681213, 64.7957305908, 71.2204208374, 49.2025871277, 32.5129127502, 26.7952194214, 24.6396923065, 26.8274650574, 25.1475791931, 20.4892921448, 19.0214824677, 21.0216255188, 13.252904892, 9.06341266632, 12.6641521454, 15.6379652023, 32.2745361328, 28.9940757751, 14.0963411331, 12.6800498962, 10.8296670914, 8.66184806824, 5.52781438828, 3.28742623329, 1.41588687897, 0.592906534672, 0.165821626782, 0.0238839909434, 0.000557272462174, 3.90236382373e-05],
        "dvar": [0.588609099388, 41.4684104919, 114.707427979, 236.933486938, 120.720733643, 115.365455627, 211.813201904, 972.243103027, 2971.83154297, 1467.66003418, 4501.20263672, 6306.32666016, 10985.4443359, 6484.24902344, 2041.02124023, 1628.26184082, 1035.24304199, 1216.81274414, 836.867675781, 1123.48486328, 567.606323242, 545.714416504, 280.557739258, 233.877059937, 263.997406006, 261.186401367, 2065.00146484, 1568.67492676, 270.615203857, 183.910766602, 131.132476807, 82.1119003296, 43.7723693848, 18.5842113495, 3.84544420242, 0.65790694952, 0.0518299862742, 0.00098349689506, 6.0623671061e-07, 1.32692257182e-09],
        "dvar2": [0.949764966965, 79.2561340332, 220.181854248, 627.661193848, 331.197814941, 320.901611328, 575.929992676, 2253.31860352, 7034.12060547, 3522.06005859, 10505.6347656, 12881.7412109, 21675.2910156, 13652.6689453, 4816.96728516, 3164.09936523, 2253.19506836, 2446.36450195, 1868.84448242, 2475.13671875, 1181.60351562, 1178.06933594, 581.70300293, 503.571838379, 569.715942383, 596.38684082, 5547.16552734, 4203.8671875, 643.248901367, 398.503265381, 260.178588867, 173.149383545, 85.827255249, 36.9451522827, 7.45044136047, 1.33022856712, 0.125038281083, 0.00249936827458, 1.562128773e-06, 2.91053714463e-09],
        "max": [8.82282352448, 62.4826316833, 113.246307373, 146.584777832, 139.240707397, 83.3089523315, 130.464355469, 336.301239014, 539.901428223, 525.325378418, 766.820922852, 984.113586426, 1084.69592285, 1066.27929688, 713.984130859, 578.465148926, 416.048614502, 434.230316162, 404.395477295, 712.898498535, 272.050872803, 281.33404541, 216.707855225, 185.589416504, 199.980484009, 207.366348267, 367.436248779, 317.311187744, 146.619018555, 125.109542847, 110.327613831, 87.098526001, 83.6827774048, 44.8407173157, 27.4341125488, 10.5023574829, 2.91410422325, 0.328784734011, 0.00736497761682, 0.000401371740736],
        "mean": [1.12100148201, 2.73818421364, 3.02945280075, 3.41613078117, 5.39280462265, 4.40958833694, 7.66090536118, 24.291847229, 26.6420574188, 26.3186473846, 50.6428947449, 62.6890182495, 68.2427215576, 46.8479309082, 31.3498859406, 28.3694419861, 25.8780117035, 23.9486618042, 23.2682743073, 19.7097606659, 19.0638275146, 21.5342521667, 13.7843332291, 8.93360900879, 12.9584779739, 14.2753076553, 18.8596630096, 17.2726860046, 11.1918878555, 9.92154598236, 8.98378372192, 7.41393280029, 4.83085918427, 2.8207719326, 1.28353345394, 0.490028887987, 0.107472062111, 0.0117962686345, 0.000306973961415, 7.20044772606e-05],
        "median": [0.425883769989, 0.655332565308, 0.454802066088, 0.898259580135, 1.75367689133, 1.17206192017, 3.86094856262, 9.45620727539, 7.48964357376, 11.7039279938, 21.3325557709, 19.559469223, 11.8840579987, 7.7495765686, 7.43992519379, 6.08141803741, 9.28250026703, 7.98492288589, 8.18635940552, 6.57484197617, 8.53252410889, 9.86093235016, 5.92177772522, 3.94768667221, 5.58072710037, 6.5378484726, 6.04360723495, 5.9875626564, 3.94051814079, 2.57018947601, 2.07395887375, 1.70177078247, 0.99015390873, 0.520402729511, 0.207790136337, 0.0680258050561, 0.0158462841064, 0.00101675814949, 5.82789689361e-05, 5.37558153155e-05],
        "min": [1.63478000612e-21, 4.07721766792e-21, 1.25627296206e-20, 1.26034900761e-20, 1.74091301001e-19, 3.6914222135e-19, 2.11713581985e-19, 1.52744266442e-18, 8.33196955642e-19, 1.85887956361e-19, 3.79110988502e-19, 5.24588535302e-19, 4.07691810575e-19, 8.47750216243e-19, 2.94777495209e-18, 1.23534202907e-18, 1.68011156437e-18, 3.30341153709e-18, 5.71034706017e-18, 4.07706405143e-18, 6.60137278112e-18, 1.14726228648e-17, 1.86472946762e-17, 1.59221696548e-17, 9.20388482028e-18, 1.28169543148e-17, 1.28041330153e-17, 1.63831855343e-17, 2.35925542637e-17, 2.07209487907e-17, 1.89098963965e-17, 2.17742193714e-17, 1.73392640474e-17, 1.29745198138e-17, 6.89714444403e-18, 4.69140323416e-18, 3.19631687677e-18, 1.25379084507e-18, 3.68433275866e-19, 4.35728050537e-20],
        "stdev": [1.48740816116, 7.99242591858, 11.9244337082, 12.9911088943, 10.9584388733, 10.6243143082, 13.0876541138, 37.5567855835, 56.379573822, 44.0184860229, 79.1421051025, 108.020774841, 145.27053833, 106.529388428, 59.7282295227, 60.280582428, 44.520198822, 43.5099029541, 37.6380119324, 41.3163642883, 30.9680614471, 30.7092151642, 22.5739784241, 18.3349628448, 21.3734226227, 21.3665218353, 40.4585266113, 35.2506217957, 18.9630031586, 17.4470386505, 16.0820560455, 12.8674125671, 9.35826587677, 5.89769554138, 2.80642008781, 1.10025382042, 0.249083638191, 0.0293036941439, 0.000717807095498, 6.32885130472e-05],
        "var": [2.21238303185, 63.8788719177, 142.192123413, 168.768920898, 120.087379456, 112.876052856, 171.286682129, 1410.51208496, 3178.65649414, 1937.6270752, 6263.47265625, 11668.4873047, 21103.5273438, 11348.5107422, 3567.46142578, 3633.74853516, 1982.0480957, 1893.11181641, 1416.61987305, 1707.04199219, 959.020812988, 943.055908203, 509.584533691, 336.17086792, 456.823181152, 456.528289795, 1636.89233398, 1242.60632324, 359.59552002, 304.399139404, 258.632507324, 165.5703125, 87.5771484375, 34.7828102112, 7.8759932518, 1.21055841446, 0.0620426610112, 0.000858706480358, 5.15246995292e-07, 4.0054355388e-09]
    },
    "gfcc": {
        "mean": [5.30062437057, 74.5326004028, -115.07131958, 29.8857822418, -72.1273651123, 19.3925533295, -34.6543998718, 16.3005313873, -15.4609651566, 11.0145521164, -14.4415044785, 1.39118862152, -4.69546365738],
        "cov": [[7066.96679688, -656.57409668, 194.116256714, 785.896850586, 209.38999939, 722.991394043, 345.314849854, 544.580078125, 227.094650269, 414.104888916, 170.998336792, 319.867156982, 18.8626117706], [-656.57409668, 2194.26000977, -390.811981201, -334.61517334, 461.685424805, -118.490776062, 400.340087891, -2.01156258583, 230.763397217, -108.173324585, 229.670379639, -66.7525482178, 235.312286377], [194.116256714, -390.811981201, 1107.95410156, 455.173095703, 206.353179932, 435.516143799, 67.4691543579, 165.440734863, 83.4882659912, 110.337265015, 56.2243995667, 103.134506226, -66.8915405273], [785.896850586, -334.61517334, 455.173095703, 807.933410645, 254.600402832, 259.847320557, 40.067199707, 91.5847015381, 112.255455017, 117.217628479, 86.0660476685, 59.8303565979, 25.1238460541], [209.38999939, 461.685424805, 206.353179932, 254.600402832, 472.633117676, 234.196914673, 194.934326172, 134.85383606, 176.116363525, 76.7814254761, 151.340133667, 48.9373626709, 70.9301223755], [722.991394043, -118.490776062, 435.516143799, 259.847320557, 234.196914673, 506.85269165, 278.422119141, 227.768722534, 128.874465942, 109.835296631, 139.561889648, 111.741836548, 17.8345394135], [345.314849854, 400.340087891, 67.4691543579, 40.067199707, 194.934326172, 278.422119141, 500.724456787, 201.450439453, 152.003112793, 31.8187255859, 174.575164795, 89.4714508057, 95.0404281616], [544.580078125, -2.01156258583, 165.440734863, 91.5847015381, 134.85383606, 227.768722534, 201.450439453, 242.81048584, 147.528076172, 85.0641479492, 112.252113342, 86.0951385498, 43.4057121277], [227.094650269, 230.763397217, 83.4882659912, 112.255455017, 176.116363525, 128.874465942, 152.003112793, 147.528076172, 237.274520874, 94.4023590088, 116.206550598, 38.941822052, 61.805316925], [414.104888916, -108.173324585, 110.337265015, 117.217628479, 76.7814254761, 109.835296631, 31.8187255859, 85.0641479492, 94.4023590088, 171.41494751, 71.7496032715, 40.4075737, 0.725136339664], [170.998336792, 229.670379639, 56.2243995667, 86.0660476685, 151.340133667, 139.561889648, 174.575164795, 112.252113342, 116.206550598, 71.7496032715, 185.444915771, 70.9825515747, 57.8887329102], [319.867156982, -66.7525482178, 103.134506226, 59.8303565979, 48.9373626709, 111.741836548, 89.4714508057, 86.0951385498, 38.941822052, 40.4075737, 70.9825515747, 113.431098938, 28.1431789398], [18.8626117706, 235.312286377, -66.8915405273, 25.1238460541, 70.9301223755, 17.8345394135, 95.0404281616, 43.4057121277, 61.805316925, 0.725136339664, 57.8887329102, 28.1431789398, 113.278755188]],
        "icov": [[0.000283267727355, -0.000250450393651, 0.000357977900421, -0.000464638142148, 0.000348199275322, -0.000438215094618, 0.000147627521073, -0.000720398675185, 0.000295452191494, -0.000569312192965, 0.000673579517752, -0.000753004045691, 0.000475976557937], [-0.000250450393651, 0.00207486422732, -0.000568860035855, 0.00158447108697, -0.00231552030891, 0.00147168850526, -0.00122890388593, 0.00211599539034, -0.00123948941473, 0.00154803926125, -0.00226257648319, 0.00237823138013, -0.00228554010391], [0.000357977900421, -0.000568860035855, 0.0023204125464, -0.00131613586564, 0.000541139335837, -0.0021178543102, 0.00083944038488, -0.00123348878697, 0.000223736147746, -0.000562576984521, 0.00157975265756, -0.00202492508106, 0.00212445040233], [-0.000464638142148, 0.00158447108697, -0.00131613586564, 0.00349247874692, -0.0024556403514, 0.000847030081786, -0.000441710697487, 0.00272295880131, -0.00130080257077, 0.000978938885964, -0.00218213931657, 0.00225607003085, -0.00277623324655], [0.000348199275322, -0.00231552030891, 0.000541139335837, -0.0024556403514, 0.00661895610392, -0.00272457092069, 0.00126572547015, -0.00193649134599, -0.000232966413023, -0.00134208379313, 0.000946570595261, -0.0016854875721, 0.00165144784842], [-0.000438215094618, 0.00147168850526, -0.0021178543102, 0.000847030081786, -0.00272457092069, 0.00785679277033, -0.00318250572309, -0.000963454425801, 0.000545442046132, 0.000282614520984, -0.00212367530912, 0.00141814851668, -0.000480762537336], [0.000147627521073, -0.00122890388593, 0.00083944038488, -0.000441710697487, 0.00126572547015, -0.00318250572309, 0.00561539595947, -0.00261781085283, 8.00910493126e-05, 0.000997407129034, -0.000891493400559, -0.0013116246555, -0.000146482459968], [-0.000720398675185, 0.00211599539034, -0.00123348878697, 0.00272295880131, -0.00193649134599, -0.000963454425801, -0.00261781085283, 0.0150126134977, -0.00628767767921, 0.00120324618183, -0.00257739285007, -0.000512912403792, -0.00293234945275], [0.000295452191494, -0.00123948941473, 0.000223736147746, -0.00130080257077, -0.000232966413023, 0.000545442046132, 8.00910493126e-05, -0.00628767767921, 0.0113000143319, -0.00428001163527, -0.000303769746097, 0.00126317387912, -0.000948237080593], [-0.000569312192965, 0.00154803926125, -0.000562576984521, 0.000978938885964, -0.00134208379313, 0.000282614520984, 0.000997407129034, 0.00120324618183, -0.00428001163527, 0.0115731144324, -0.0048848586157, 0.00146052800119, 0.000222297399887], [0.000673579517752, -0.00226257648319, 0.00157975265756, -0.00218213931657, 0.000946570595261, -0.00212367530912, -0.000891493400559, -0.00257739285007, -0.000303769746097, -0.0048848586157, 0.0158757157624, -0.00762577401474, 0.00146049866453], [-0.000753004045691, 0.00237823138013, -0.00202492508106, 0.00225607003085, -0.0016854875721, 0.00141814851668, -0.0013116246555, -0.000512912403792, 0.00126317387912, 0.00146052800119, -0.00762577401474, 0.019028685987, -0.00591095583513], [0.000475976557937, -0.00228554010391, 0.00212445040233, -0.00277623324655, 0.00165144784842, -0.000480762537336, -0.000146482459968, -0.00293234945275, -0.000948237080593, 0.000222297399887, 0.00146049866453, -0.00591095583513, 0.0168927162886]]
    },
    "melbands": {
        "dmean": [0.00262313126586, 0.00167080271058, 0.000640415819362, 0.00030298170168, 0.000212500104681, 0.000399774406105, 0.000357385113603, 0.000265750859398, 0.000328870170051, 0.000276083213976, 0.000247601070441, 0.000147313709022, 7.67119345255e-05, 6.14153323113e-05, 4.29037791037e-05, 3.46933229594e-05, 3.5824799852e-05, 2.99538824038e-05, 2.0910614694e-05, 1.91053550225e-05, 1.47639666466e-05, 1.51907934196e-05, 1.30444886963e-05, 6.48221475785e-06, 4.84630891151e-06, 6.57070859233e-06, 6.69679593557e-06, 6.59243914924e-06, 1.19246997201e-05, 1.11670115075e-05, 9.41315011005e-06, 5.35505614607e-06, 4.38571441919e-06, 4.69936730951e-06, 4.05568107453e-06, 4.19491561843e-06, 3.29277236233e-06, 2.60614342551e-06, 2.33953232964e-06, 1.76457513135e-06],
        "dmean2": [0.00328635144979, 0.00210258364677, 0.00104445405304, 0.000503809307702, 0.000359633733751, 0.000621195416898, 0.000568818009924, 0.000414169044234, 0.000510654237587, 0.000418072799221, 0.000370963971363, 0.000223755370826, 0.000116124843771, 9.36364813242e-05, 6.2620601966e-05, 5.29064127477e-05, 5.53909922019e-05, 4.67370955448e-05, 3.14979151881e-05, 2.81305874523e-05, 2.23224797082e-05, 2.29361066886e-05, 1.94093772734e-05, 1.05257186078e-05, 7.46121304473e-06, 9.95076970867e-06, 1.01392470242e-05, 1.05407070805e-05, 2.01329294214e-05, 1.9026643713e-05, 1.58632628882e-05, 8.42971621751e-06, 6.66680307404e-06, 7.4617860264e-06, 6.25792335995e-06, 6.58028375256e-06, 5.02975626659e-06, 3.9765764086e-06, 3.53747736881e-06, 2.71552562481e-06],
        "dvar": [3.77199467039e-05, 3.26019326167e-05, 4.94152891406e-06, 5.81323263305e-07, 2.33975654851e-07, 4.25339493404e-07, 6.27357678695e-07, 2.01525466537e-07, 3.08107843239e-07, 2.76538031585e-07, 2.93684138342e-07, 1.36013809993e-07, 3.1230520392e-08, 1.95080271936e-08, 7.85466891529e-09, 5.48650236354e-09, 5.50634426943e-09, 2.8927893414e-09, 2.84392154271e-09, 1.86849713479e-09, 7.41553041195e-10, 6.25267726484e-10, 5.48729228722e-10, 2.22637408509e-10, 1.60490357115e-10, 2.41973108217e-10, 1.15548501323e-10, 1.1749123896e-10, 7.8459255759e-10, 7.04193536816e-10, 4.30421004394e-10, 9.84240050572e-11, 5.77846832883e-11, 6.05464081649e-11, 4.56802547177e-11, 4.6888770644e-11, 2.98964464296e-11, 2.10913491533e-11, 2.32947394013e-11, 1.20766790665e-11],
        "dvar2": [6.0643091274e-05, 6.06286448601e-05, 1.27040721054e-05, 1.6283433979e-06, 6.33653201021e-07, 9.79074457064e-07, 1.48514288867e-06, 4.68991572689e-07, 7.16399085832e-07, 5.68443908833e-07, 5.75410695092e-07, 2.94863355066e-07, 6.74426630098e-08, 4.44831940172e-08, 1.52151677923e-08, 1.21557297561e-08, 1.15265379463e-08, 6.71235467209e-09, 6.47576703372e-09, 3.93880750238e-09, 1.62997570996e-09, 1.3889830397e-09, 1.12946407782e-09, 5.56492518733e-10, 3.49352047291e-10, 5.67515312522e-10, 2.48615267262e-10, 2.76638767449e-10, 2.12188155935e-09, 1.88951254643e-09, 1.14377074478e-09, 2.4172755464e-10, 1.2030940133e-10, 1.35396555079e-10, 9.27676893636e-11, 1.00749290854e-10, 6.43799111244e-11, 4.1550721197e-11, 4.8395992075e-11, 2.45483980366e-11],
        "max": [0.0689812898636, 0.0658372789621, 0.0226831603795, 0.00934508163482, 0.0043286010623, 0.00692013744265, 0.00727636134252, 0.004720128607, 0.00637659849599, 0.00573965301737, 0.00530428998172, 0.00420468952507, 0.00333129358478, 0.00171600806061, 0.00117878452875, 0.000943536520936, 0.000983905629255, 0.000736573711038, 0.00092525355285, 0.000665449828375, 0.000318356440403, 0.00027552008396, 0.000332407042151, 0.000210521131521, 0.000151325395564, 0.000207837219932, 0.000161415344337, 0.000145611018525, 0.00024236695026, 0.000230992664001, 0.00016392962425, 9.37369841267e-05, 8.22101428639e-05, 7.73071369622e-05, 6.73792528687e-05, 5.94120356254e-05, 6.07437905273e-05, 5.53687968932e-05, 5.52336350665e-05, 3.68375986e-05],
        "mean": [0.00794811546803, 0.00214344682172, 0.000652179936878, 0.000363770843251, 0.000246589275775, 0.000531757017598, 0.000384654849768, 0.000336848606821, 0.000425196660217, 0.000391059293179, 0.000345555337844, 0.000203315503313, 0.000109920285468, 8.7761101895e-05, 6.22537627351e-05, 4.89304220537e-05, 4.51606647403e-05, 4.00390817958e-05, 2.77067301795e-05, 2.570730976e-05, 2.07884913834e-05, 2.17771121243e-05, 1.88337453437e-05, 8.98473535926e-06, 6.61072226649e-06, 8.90165119927e-06, 9.9133076219e-06, 9.04857733985e-06, 1.17311828944e-05, 1.06164534373e-05, 9.71073495748e-06, 6.40573944111e-06, 5.46209457752e-06, 5.50456206838e-06, 5.11847201778e-06, 5.12771657668e-06, 4.30232057624e-06, 3.40120163855e-06, 2.94067422146e-06, 2.21632967623e-06],
        "median": [0.00284703541547, 0.000405863538617, 0.000203934265301, 0.000108758191345, 0.000120286509627, 0.000226600852329, 0.000106217543362, 0.000136177390232, 0.00018505283515, 0.000109887841973, 5.60555417906e-05, 3.17254161928e-05, 2.3304075512e-05, 1.79203889275e-05, 1.72451109393e-05, 1.68473034137e-05, 1.42396293086e-05, 1.38764171425e-05, 8.01283749752e-06, 9.06375134946e-06, 9.3318594736e-06, 9.37883214647e-06, 7.27116321286e-06, 3.91460207538e-06, 2.69671909336e-06, 3.62128980669e-06, 4.26720862379e-06, 4.14505575463e-06, 3.60546755473e-06, 3.36304083248e-06, 3.39558482665e-06, 2.36997129832e-06, 1.37331107908e-06, 1.37396534683e-06, 1.16562489438e-06, 1.04143202861e-06, 9.60626948654e-07, 7.09564801582e-07, 5.10526319886e-07, 3.94131717485e-07],
        "min": [1.14194605338e-23, 5.65781888062e-24, 5.64890711897e-24, 2.30673657195e-23, 8.24945769609e-24, 3.15164383568e-23, 1.1367282907e-23, 1.57459792126e-24, 3.58756229767e-24, 2.8463975005e-24, 1.91545288549e-24, 2.94747720652e-24, 8.71591272706e-24, 6.60520414576e-24, 2.08164162075e-24, 5.02060820139e-24, 6.31744188703e-24, 9.63144970531e-24, 6.28440951991e-24, 5.60077398198e-24, 8.01135896451e-24, 9.42365190996e-24, 1.9161855795e-23, 1.47652436694e-23, 1.28798661059e-23, 8.10851112929e-24, 4.25283670361e-24, 9.94309315022e-24, 6.56576346708e-24, 1.03084288349e-23, 8.91711643411e-24, 1.22825011854e-23, 1.38614394194e-23, 1.01796670137e-23, 1.0424510506e-23, 1.16246795429e-23, 1.43672870085e-23, 1.38732739107e-23, 9.54052007534e-24, 1.14012528353e-23],
        "stdev": [0.0112044308335, 0.00716768018901, 0.0019590316806, 0.000761910167057, 0.000440107105533, 0.000788710080087, 0.000819583132397, 0.000537653104402, 0.000656872056425, 0.000712904904503, 0.000753836822696, 0.000476822344353, 0.000245008093771, 0.000187475030543, 0.000125658785691, 8.99500519154e-05, 8.91737872735e-05, 6.73119357089e-05, 6.39724676148e-05, 5.44712747796e-05, 3.33962379955e-05, 3.16634686897e-05, 3.08200324071e-05, 1.72204818227e-05, 1.47180262502e-05, 1.74835276994e-05, 1.51231506607e-05, 1.38863188113e-05, 2.51495530392e-05, 2.32211186812e-05, 1.88887370314e-05, 1.09562479338e-05, 9.89254294836e-06, 9.72160705714e-06, 9.35964635573e-06, 9.05325123313e-06, 7.67248093325e-06, 6.50551146464e-06, 6.30733529761e-06, 4.67234758617e-06],
        "var": [0.000125539270812, 5.13756385772e-05, 3.83780479751e-06, 5.80507105497e-07, 1.93694276618e-07, 6.2206356688e-07, 6.71716520628e-07, 2.89070840154e-07, 4.31480913221e-07, 5.08233370056e-07, 5.68269967971e-07, 2.27359535643e-07, 6.00289666863e-08, 3.51468862902e-08, 1.57901300923e-08, 8.09101141641e-09, 7.95196442027e-09, 4.53089699093e-09, 4.09247702393e-09, 2.96711988312e-09, 1.11530873426e-09, 1.00257524505e-09, 9.49874401357e-10, 2.96544983014e-10, 2.16620291149e-10, 3.05673736323e-10, 2.28709676198e-10, 1.9282984931e-10, 6.32500052333e-10, 5.39220390561e-10, 3.56784379818e-10, 1.20039367335e-10, 9.78623987402e-11, 9.45096362281e-11, 8.76029873642e-11, 8.19613543701e-11, 5.88669599177e-11, 4.23216774126e-11, 3.97824759246e-11, 2.18308322808e-11]
    },
    "melbands128": {
