{
"lowlevel": {
    "average_loudness": 0.970458745956,
    "barkbands_crest": {
        "dmean": 3.60403704643,
        "dmean2": 5.20568466187,
        "dvar": 11.3536605835,
        "dvar2": 25.5994529724,
        "max": 26.5254535675,
        "mean": 16.8122310638,
        "median": 16.6814117432,
        "min": 2.80755567551,
        "stdev": 5.93290615082,
        "var": 35.1993751526
    },
    "barkbands_flatness_db": {
        "dmean": 0.0530021488667,
        "dmean2": 0.0649291500449,
        "dvar": 0.00267203710973,
        "dvar2": 0.00455956440419,
        "max": 0.637630462646,
        "mean": 0.237168312073,
        "median": 0.223531022668,
        "min": 0.0380498766899,
        "stdev": 0.109246447682,
        "var": 0.011934787035
    },
    "barkbands_kurtosis": {
        "dmean": 25.5648517609,
        "dmean2": 37.852230072,
        "dvar": 3362.68701172,
        "dvar2": 7406.48486328,
        "max": 1190.45129395,
        "mean": 33.8177642822,
        "median": 10.0542087555,
        "min": -1.66162312031,
        "stdev": 70.8838882446,
        "var": 5024.52539062
    },
    "barkbands_skewness": {
        "dmean": 1.63524127007,
        "dmean2": 2.3224773407,
        "dvar": 4.17830896378,
        "dvar2": 8.65023612976,
        "max": 26.9278182983,
        "mean": 3.83068585396,
        "median": 3.00877928734,
        "min": -2.00195717812,
        "stdev": 3.24286556244,
        "var": 10.5161771774
    },
    "barkbands_spread": {
        "dmean": 7.79508209229,
        "dmean2": 11.5282344818,
        "dvar": 126.223213196,
        "dvar2": 284.947174072,
        "max": 102.942558289,
        "mean": 12.7662668228,
        "median": 7.89073467255,
        "min": 0.0478500090539,
        "stdev": 13.5115785599,
        "var": 182.562759399
    },
    "dissonance": {
        "dmean": 0.0281811505556,
        "dmean2": 0.0448839850724,
        "dvar": 0.00102431094274,
        "dvar2": 0.00239604641683,
        "max": 0.49999782443,
        "mean": 0.446467131376,
        "median": 0.464313358068,
        "min": 0.101811416447,
        "stdev": 0.052843067795,
        "var": 0.00279238983057
    },
    "dynamic_complexity": 3.35970163345,
    "erbbands_crest": {
        "dmean": 3.27079772949,
        "dmean2": 5.15657281876,
        "dvar": 9.1396856308,
        "dvar2": 20.9393348694,
        "max": 27.4568634033,
        "mean": 9.53692817688,
        "median": 8.37752628326,
        "min": 2.55861520767,
        "stdev": 4.99065303802,
        "var": 24.9066181183
    },
    "erbbands_flatness_db": {
        "dmean": 0.0272324793041,
        "dmean2": 0.0370986014605,
        "dvar": 0.000766190700233,
        "dvar2": 0.00136450934224,
        "max": 0.506936013699,
        "mean": 0.170172005892,
        "median": 0.155673220754,
        "min": 0.0414653681219,
        "stdev": 0.0868968516588,
        "var": 0.00755106331781
    },
    "erbbands_kurtosis": {
        "dmean": 1.80901587009,
        "dmean2": 2.85920071602,
        "dvar": 11.9632225037,
        "dvar2": 29.9039649963,
        "max": 47.5401916504,
        "mean": 1.09396421909,
        "median": -0.032630443573,
        "min": -1.88417208195,
        "stdev": 3.85113835335,
        "var": 14.8312673569
    },
    "erbbands_skewness": {
        "dmean": 0.599848628044,
        "dmean2": 0.895236551762,
        "dvar": 0.400093823671,
        "dvar2": 0.854867577553,
        "max": 5.86355066299,
        "mean": 0.37041130662,
        "median": 0.154277175665,
        "min": -3.6429567337,
        "stdev": 1.01596879959,
        "var": 1.03219270706
    },
    "erbbands_spread": {
        "dmean": 13.7022600174,
        "dmean2": 20.7416648865,
        "dvar": 274.033172607,
        "dvar2": 663.64263916,
        "max": 169.332717896,
        "mean": 42.1108627319,
        "median": 37.0597305298,
        "min": 3.21295666695,
        "stdev": 26.8800983429,
        "var": 722.539672852
    },
    "hfc": {
        "dmean": 9.42353439331,
        "dmean2": 14.2165203094,
        "dvar": 195.238952637,
        "dvar2": 507.175689697,
        "max": 85.5850524902,
        "mean": 17.6001358032,
        "median": 13.1803178787,
        "min": 0.000164893644978,
        "stdev": 15.8910560608,
        "var": 252.525650024
    },
    "loudness_ebu128": {
        "integrated": -5.00292396545,
        "loudness_range": 4.57956075668,
        "momentary": {
            "dmean": 0.509616613388,
            "dmean2": 0.733397185802,
            "dvar": 0.692152738571,
            "dvar2": 0.764806389809,
            "max": -3.47781634331,
            "mean": -6.73307800293,
            "median": -4.59923744202,
            "min": -25.6752090454,
            "stdev": 5.1549987793,
            "var": 26.5740127563
        },
        "short_term": {
            "dmean": 0.15902775526,
            "dmean2": 0.175638824701,
            "dvar": 0.0559693239629,
            "dvar2": 0.0598829686642,
            "max": -4.02914571762,
            "mean": -5.70865488052,
            "median": -4.46040153503,
            "min": -16.6285820007,
            "stdev": 2.46215176582,
            "var": 6.06219100952
        }
    },
    "melbands_crest": {
        "dmean": 4.59073019028,
        "dmean2": 7.17350435257,
        "dvar": 19.4224243164,
        "dvar2": 51.9400291443,
        "max": 37.0975379944,
        "mean": 22.8969421387,
        "median": 24.1835002899,
        "min": 3.78023457527,
        "stdev": 6.53851747513,
        "var": 42.7522087097
    },
    "melbands_flatness_db": {
        "dmean": 0.060757894069,
        "dmean2": 0.0775333344936,
        "dvar": 0.00393347581849,
        "dvar2": 0.00752295320854,
        "max": 0.782314181328,
        "mean": 0.330282956362,
        "median": 0.311847239733,
        "min": 0.0562245473266,
        "stdev": 0.124051906168,
        "var": 0.0153888752684
    },
    "melbands_kurtosis": {
        "dmean": 39.8445777893,
        "dmean2": 59.5798187256,
        "dvar": 4927.84619141,
        "dvar2": 11658.5898438,
        "max": 872.774841309,
        "mean": 62.5725975037,
        "median": 29.3485412598,
        "min": -1.72126436234,
        "stdev": 87.9495239258,
        "var": 7735.11914062
    },
    "melbands_skewness": {
        "dmean": 1.87541818619,
        "dmean2": 2.66560769081,
        "dvar": 4.21870040894,
        "dvar2": 9.43941879272,
        "max": 22.8328590393,
        "mean": 5.25278377533,
        "median": 4.59576129913,
        "min": -0.310135573149,
        "stdev": 3.63515925407,
        "var": 13.2143831253
    },
    "melbands_spread": {
        "dmean": 7.10232448578,
        "dmean2": 11.5433254242,
        "dvar": 174.209976196,
        "dvar2": 436.284118652,
        "max": 180.235702515,
        "mean": 10.6073980331,
        "median": 6.36681032181,
        "min": 0.132228001952,
        "stdev": 13.7518053055,
        "var": 189.112136841
    },
    "pitch_salience": {
        "dmean": 0.101733699441,
        "dmean2": 0.157746762037,
        "dvar": 0.0145397037268,
        "dvar2": 0.0351976528764,
        "max": 0.890182316303,
        "mean": 0.371901482344,
        "median": 0.368731409311,
        "min": 0.0330562740564,
        "stdev": 0.179830044508,
        "var": 0.0323388464749
    },
    "silence_rate_20dB": {
        "dmean": 0,
        "dmean2": 0,
        "dvar": 0,
        "dvar2": 0,
        "max": 1,
        "mean": 1,
        "median": 1,
        "min": 1,
        "stdev": 0,
        "var": 0
    },
    "silence_rate_30dB": {
        "dmean": 0.113003097475,
        "dmean2": 0.226181253791,
        "dvar": 0.100234769285,
        "dvar2": 0.179672628641,
        "max": 1,
        "mean": 0.751740157604,
        "median": 1,
        "min": 0,
        "stdev": 0.432001441717,
        "var": 0.186625242233
    },
    "silence_rate_60dB": {
        "dmean": 0.0170278642327,
        "dmean2": 0.0325329191983,
        "dvar": 0.0167378857732,
        "dvar2": 0.0361218042672,
        "max": 1,
        "mean": 0.102861560881,
        "median": 0,
        "min": 0,
        "stdev": 0.303777903318,
        "var": 0.0922810137272
    },
    "spectral_centroid": {
        "dmean": 399.796875,
        "dmean2": 604.405822754,
        "dvar": 301282.59375,
        "dvar2": 659713.5625,
        "max": 4528.34277344,
        "mean": 934.320861816,
        "median": 736.818847656,
        "min": 72.5522842407,
        "stdev": 699.531799316,
        "var": 489344.75
    },
    "spectral_complexity": {
        "dmean": 5.0208978653,
        "dmean2": 7.65453147888,
        "dvar": 45.5237846375,
        "dvar2": 105.815818787,
        "max": 47,
        "mean": 13.2289247513,
        "median": 11,
        "min": 0,
        "stdev": 9.5352268219,
        "var": 90.9205551147
    },
    "spectral_decrease": {
        "dmean": 3.93243348995e-09,
        "dmean2": 5.05940800366e-09,
        "dvar": 2.29742169034e-17,
        "dvar2": 3.34558989011e-17,
        "max": -4.1235766158e-14,
        "mean": -1.62931641512e-08,
        "median": -1.4386324132e-08,
        "min": -3.96605130959e-08,
        "stdev": 1.16085052682e-08,
        "var": 1.34757396489e-16
    },
    "spectral_energy": {
        "dmean": 0.014791900292,
        "dmean2": 0.0190942212939,
        "dvar": 0.00032308785012,
        "dvar2": 0.000480892107589,
        "max": 0.15081897378,
        "mean": 0.0630905553699,
        "median": 0.0565772354603,
        "min": 1.7058940216e-07,
        "stdev": 0.0440793223679,
        "var": 0.00194298662245
    },
    "spectral_energyband_high": {
        "dmean": 0.000613575219177,
        "dmean2": 0.000924010237213,
        "dvar": 1.01763828297e-06,
        "dvar2": 2.27051123147e-06,
        "max": 0.00736956903711,
        "mean": 0.000643245643005,
        "median": 0.000129397783894,
        "min": 3.38587213822e-10,
        "stdev": 0.00113914674148,
        "var": 1.29765533075e-06
    },
    "spectral_energyband_low": {
        "dmean": 0.0153031852096,
        "dmean2": 0.0204111225903,
        "dvar": 0.000467869802378,
        "dvar2": 0.000718077237252,
        "max": 0.146195620298,
        "mean": 0.0510762184858,
        "median": 0.0400258861482,
        "min": 4.82900075482e-09,
        "stdev": 0.0448714196682,
        "var": 0.00201344443485
    },
    "spectral_energyband_middle_high": {
        "dmean": 0.00264215865172,
        "dmean2": 0.00436880672351,
        "dvar": 2.7180674806e-05,
        "dvar2": 7.19485760783e-05,
        "max": 0.030920388177,
        "mean": 0.00363221438602,
        "median": 0.00141405663453,
        "min": 5.13656388534e-08,
        "stdev": 0.00539821758866,
        "var": 2.91407541226e-05
    },
    "spectral_energyband_middle_low": {
        "dmean": 0.00807665940374,
        "dmean2": 0.0131110893562,
        "dvar": 0.000216262473259,
        "dvar2": 0.000538510212209,
        "max": 0.0792763978243,
        "mean": 0.00980261620134,
        "median": 0.00526037672535,
        "min": 1.04101474108e-07,
        "stdev": 0.0139705417678,
        "var": 0.000195176035049
    },
    "spectral_entropy": {
        "dmean": 0.37492442131,
        "dmean2": 0.49882081151,
        "dvar": 0.139893844724,
        "dvar2": 0.241126284003,
        "max": 8.84210109711,
        "mean": 7.22374916077,
        "median": 7.33624219894,
        "min": 4.47039651871,
        "stdev": 0.857245445251,
        "var": 0.734869778156
    },
    "spectral_flux": {
        "dmean": 0.0431769602001,
        "dmean2": 0.0542135611176,
        "dvar": 0.00161130633205,
        "dvar2": 0.00244732527062,
        "max": 0.378551632166,
        "mean": 0.123933136463,
        "median": 0.101624555886,
        "min": 0.000413024710724,
        "stdev": 0.0870754793286,
        "var": 0.00758213875815
    },
    "spectral_kurtosis": {
        "dmean": 6.91875123978,
        "dmean2": 11.0169172287,
        "dvar": 286.823669434,
        "dvar2": 738.244873047,
        "max": 309.995635986,
        "mean": 14.9366617203,
        "median": 5.40584182739,
        "min": -1.30873310566,
        "stdev": 35.0713920593,
        "var": 1230.00256348
    },
    "spectral_rms": {
        "dmean": 0.00101139140315,
        "dmean2": 0.00133634207305,
        "dvar": 1.48417746004e-06,
        "dvar2": 2.44660304816e-06,
        "max": 0.0121301468462,
        "mean": 0.00709819654003,
        "median": 0.00742948893458,
        "min": 1.29007239593e-05,
        "stdev": 0.00334176351316,
        "var": 1.11673834908e-05
    },
    "spectral_rolloff": {
        "dmean": 457.14755249,
        "dmean2": 810.258544922,
        "dvar": 1251411.875,
        "dvar2": 3121485.25,
        "max": 10788.1347656,
        "mean": 604.311218262,
        "median": 236.865234375,
        "min": 64.599609375,
        "stdev": 1086.54907227,
        "var": 1180589
    },
    "spectral_skewness": {
        "dmean": 0.577829182148,
        "dmean2": 0.863530278206,
        "dvar": 0.642763435841,
        "dvar2": 1.62629544735,
        "max": 14.1893129349,
        "mean": 2.33592367172,
        "median": 1.85375952721,
        "min": -0.2708581388,
        "stdev": 1.88069450855,
        "var": 3.5370118618
    },
    "spectral_spread": {
        "dmean": 1020470.375,
        "dmean2": 1388911.125,
        "dvar": 2.0310959063e+12,
        "dvar2": 3.21840794829e+12,
        "max": 29510574,
        "mean": 4514806.5,
        "median": 3962300.5,
        "min": 271580.59375,
        "stdev": 2444493,
        "var": 5.9755462656e+12
    },
    "spectral_strongpeak": {
        "dmean": 0.27991694212,
        "dmean2": 0.41577783227,
        "dvar": 0.216652229428,
        "dvar2": 0.479610383511,
        "max": 7.38445472717,
        "mean": 0.658942699432,
        "median": 0.476583451033,
        "min": 0,
        "stdev": 0.615841567516,
        "var": 0.379260838032
    },
    "zerocrossingrate": {
        "dmean": 0.0123302349821,
        "dmean2": 0.014624231495,
        "dvar": 0.00030080525903,
        "dvar2": 0.000421311473474,
        "max": 0.24609375,
        "mean": 0.0286790654063,
        "median": 0.0205078125,
        "min": 0.001953125,
        "stdev": 0.0288395099342,
        "var": 0.000831717334222
    },
    "barkbands": {
        "dmean": [0.000970942433923, 0.015017433092, 0.00916447117925, 0.00424606865272, 0.00324653740972, 0.000812358688563, 0.00064726016717, 0.000749971135519, 0.000707819010131, 0.000312352582114, 0.000517431821208, 0.000308929913444, 0.000658921257127, 0.000522163987625, 0.000412014022004, 0.000233985439991, 0.000168531361851, 0.000139758718433, 0.000180623261258, 9.83089703368e-05, 0.000118005620607, 6.60846708342e-05, 9.2333109933e-05, 0.000135538037284, 6.8763984018e-05, 8.36790568428e-05, 1.55436100613e-05],
        "dmean2": [0.00135803094599, 0.0165714211762, 0.0133830495179, 0.00740521447733, 0.00583034288138, 0.00134160649031, 0.00102724367753, 0.00121622264851, 0.00116803788114, 0.000485657219542, 0.000900541606825, 0.000506080396008, 0.00108736858238, 0.000827314332128, 0.00072412652662, 0.000385424908018, 0.000282141496427, 0.000238260268816, 0.000330965413013, 0.000162362412084, 0.000206406155485, 0.000102572863398, 0.000142329692608, 0.000196209468413, 0.000100088320323, 0.000120145959954, 2.25418389164e-05],
        "dvar": [2.77761705547e-06, 0.000380511773983, 0.000358640274499, 0.000108792650281, 4.90163329232e-05, 2.48827132054e-06, 1.68817962276e-06, 5.28051896254e-06, 5.8608488871e-06, 7.22149195553e-07, 1.41840826018e-06, 3.67466640228e-07, 1.7980296434e-06, 9.68245217337e-07, 7.27148460555e-07, 2.23747719019e-07, 1.04869045003e-07, 8.8899128059e-08, 2.43906470132e-07, 3.44188215706e-08, 7.03359219756e-08, 1.05489732505e-08, 2.32415047208e-08, 6.44467377242e-08, 1.98138483398e-08, 3.16141282042e-08, 1.35474476082e-09],
        "dvar2": [5.17365015185e-06, 0.000387755630072, 0.000692220579367, 0.000281059968984, 0.000144200908835, 6.79423283145e-06, 4.15913245888e-06, 1.30155203806e-05, 1.58336188179e-05, 1.7544266484e-06, 3.78427444048e-06, 8.57279815136e-07, 4.38179677076e-06, 2.05861510949e-06, 2.00435465558e-06, 5.65473158076e-07, 2.80189311752e-07, 2.40971814947e-07, 6.99406655258e-07, 9.08511523789e-08, 1.96010887521e-07, 2.37420501037e-08, 5.3055483562e-08, 1.25685957642e-07, 4.36922604763e-08, 6.22231652869e-08, 2.80031087208e-09],
        "max": [0.0186472889036, 0.140213489532, 0.117503926158, 0.0605814009905, 0.0486474186182, 0.0138703444973, 0.0161627195776, 0.0373362749815, 0.0516375601292, 0.0185094512999, 0.00751914596185, 0.0085250204429, 0.012633047998, 0.0134293306619, 0.00676234159619, 0.00433001527563, 0.00461622700095, 0.00188989180606, 0.00315302354284, 0.00100546993781, 0.00156610948034, 0.0012458114652, 0.00108791957609, 0.00250631431118, 0.00180784007534, 0.00135039538145, 0.000247373944148],
        "mean": [0.00208346755244, 0.037725917995, 0.00927851907909, 0.00328929722309, 0.0029787463136, 0.00102942064404, 0.000829134194646, 0.000765293720178, 0.000735632202122, 0.000384774815757, 0.000494491076097, 0.000363173166988, 0.000759202754125, 0.000563461217098, 0.000394495611545, 0.000243393427809, 0.000196253065951, 0.000140628428198, 0.000142739372677, 0.000102796933788, 0.000103625658085, 7.60297916713e-05, 9.43601626204e-05, 0.000144522433402, 7.0063964813e-05, 8.54563477333e-05, 1.5689402062e-05],
        "median": [0.000367203145288, 0.0248162243515, 0.00129024474882, 0.000499102810863, 0.00135480903555, 0.000520496862009, 0.000311630748911, 0.000140927149914, 0.000130962042022, 0.000106156985566, 0.000100644705526, 8.80427469383e-05, 0.000136141490657, 9.44706989685e-05, 0.000105421167973, 7.28437516955e-05, 8.43929956318e-05, 4.3763902795e-05, 4.05368409702e-05, 3.44178952218e-05, 2.63266520051e-05, 2.37626081798e-05, 1.86474808288e-05, 1.16768724183e-05, 7.55544351705e-06, 2.92176559924e-06, 1.12372354977e-07],
        "min": [3.41252859304e-11, 2.1716230203e-10, 7.52160111972e-10, 3.60369356578e-09, 3.57366545245e-08, 1.42900997702e-08, 3.6006964077e-09, 1.94992342273e-08, 1.56943471552e-08, 4.25656399017e-09, 1.09956865835e-09, 3.19789417169e-09, 3.93668031506e-09, 6.56462795234e-09, 4.19706269739e-09, 1.43557699062e-09, 1.77289216641e-09, 1.80923798165e-09, 3.03829794657e-10, 5.22846071993e-11, 1.35066471896e-11, 1.69309948006e-11, 2.16005945769e-11, 3.23755605658e-11, 4.06239902828e-11, 1.13733406373e-11, 6.97941528248e-14],
        "stdev": [0.0033765884582, 0.0416807830334, 0.0209939330816, 0.00885143317282, 0.00538247125223, 0.00153354334179, 0.0015210066922, 0.00231419946067, 0.00225441809744, 0.00106397899799, 0.00109366478864, 0.000731988169719, 0.00158876541536, 0.00115455780178, 0.00077626912389, 0.000485625583678, 0.000322006468195, 0.000266216637101, 0.000382493395591, 0.00017287247465, 0.000216348140384, 0.000121624783787, 0.000166628757142, 0.000311256095301, 0.000156230991706, 0.00020852140733, 4.10704778915e-05],
        "var": [1.14013491839e-05, 0.00173728761729, 0.000440745265223, 7.83478681115e-05, 2.89709951176e-05, 2.35175525631e-06, 2.31346120927e-06, 5.35551907888e-06, 5.08240054842e-06, 1.13205135222e-06, 1.19610274396e-06, 5.3580669146e-07, 2.52417567026e-06, 1.33300375182e-06, 6.02593729582e-07, 2.35832203543e-07, 1.03688172715e-07, 7.08712946107e-08, 1.4630118983e-07, 2.9884894559e-08, 4.68065195491e-08, 1.47925875993e-08, 2.77651412972e-08, 9.68803490764e-08, 2.44081235223e-08, 4.34811795458e-08, 1.68678404577e-09]
    },
    "erbbands": {
        "dmean": [0.565738677979, 3.47581911087, 8.97065734863, 13.5805969238, 12.6933727264, 10.3282299042, 7.75175142288, 6.77932405472, 8.22811985016, 14.4825849533, 13.2473859787, 17.0986461639, 12.5582437515, 11.8299722672, 17.3139820099, 14.1953468323, 29.498708725, 26.0073070526, 27.8992137909, 13.1599159241, 12.6208772659, 8.86465644836, 7.02274894714, 12.2413854599, 4.90164470673, 4.68468761444, 4.05023241043, 4.68250083923, 2.35729694366, 2.77564787865, 2.95579600334, 2.73690414429, 2.09050154686, 0.954165875912, 0.432586729527, 0.261432051659, 0.155519574881, 0.05328919366, 0.0016714798985, 4.03378471674e-05],
        "dmean2": [0.637383878231, 3.54397583008, 11.4968156815, 21.8071022034, 22.5207481384, 18.3301391602, 13.405623436, 11.4515771866, 13.0709133148, 22.4398403168, 22.1708297729, 28.915145874, 19.1998672485, 20.2893791199, 29.0183963776, 22.9493179321, 48.0396080017, 42.3604812622, 46.7421073914, 22.2027339935, 20.8573875427, 14.853228569, 11.7459564209, 22.3051681519, 8.3974237442, 7.78143596649, 7.0991153717, 8.13816738129, 3.77061033249, 4.29261732101, 4.54151201248, 3.96742773056, 3.09083986282, 1.38865149021, 0.639551639557, 0.378392457962, 0.225385099649, 0.0762022659183, 0.00238964566961, 5.68473587919e-05],
        "dvar": [0.457480221987, 21.3571147919, 262.192932129, 970.816833496, 852.616760254, 438.622772217, 280.724182129, 154.512069702, 246.752761841, 1354.35986328, 1100.88000488, 4369.06054688, 1072.1072998, 645.796630859, 1257.93286133, 707.798400879, 3790.92407227, 2239.09716797, 3229.6496582, 609.517578125, 685.437011719, 362.231994629, 190.550674438, 1166.99938965, 109.784057617, 80.834274292, 82.4836959839, 103.272651672, 14.6967849731, 18.8883800507, 24.4538173676, 23.6617336273, 17.4929561615, 3.59621524811, 0.840248405933, 0.269080609083, 0.118596576154, 0.0152156297117, 1.53395139932e-05, 4.84941597989e-09],
        "dvar2": [0.82582449913, 18.957075119, 472.383666992, 2264.40405273, 2379.72729492, 1285.44372559, 795.970581055, 420.699462891, 608.422058105, 3105.90551758, 2843.71362305, 12308.1591797, 2247.08520508, 1741.51940918, 3195.01049805, 1719.02783203, 9000.58105469, 5342.11132812, 8342.96191406, 1599.23950195, 1803.24267578, 983.703125, 509.66229248, 3334.86645508, 310.203704834, 217.825042725, 227.865905762, 286.577880859, 35.4010734558, 43.0025520325, 54.8753700256, 45.9297866821, 36.6766967773, 7.67667150497, 1.87047028542, 0.542516171932, 0.235587239265, 0.0312898233533, 3.11749681714e-05, 1.02581383388e-08],
        "max": [5.26901245117, 36.7482833862, 117.130050659, 188.196670532, 167.030410767, 191.934875488, 170.078170776, 101.034873962, 249.386016846, 490.043212891, 393.04598999, 1478.89868164, 669.001525879, 183.037567139, 263.824920654, 324.235687256, 621.697021484, 377.750274658, 466.439025879, 220.028762817, 182.295898438, 315.549377441, 78.1307830811, 214.51083374, 64.0787506104, 48.3529624939, 50.6196517944, 61.8476829529, 47.6446228027, 29.9325790405, 36.7603263855, 50.2025604248, 36.4352684021, 23.6266479492, 11.5802240372, 6.25973415375, 2.94506120682, 0.976324379444, 0.0271792933345, 0.000603933585808],
        "mean": [1.22965955734, 7.80770254135, 11.695432663, 11.991024971, 10.2414169312, 9.24807739258, 8.36084461212, 8.2546453476, 10.4883880615, 18.401227951, 12.8429641724, 17.1295585632, 15.6319227219, 12.9317045212, 19.0704612732, 17.7297821045, 34.5836181641, 29.7312698364, 28.0494613647, 14.6154613495, 13.21342659, 10.4689445496, 7.75164747238, 9.45977401733, 5.14751815796, 4.75353050232, 3.63219404221, 4.26680469513, 2.60138201714, 3.00605511665, 3.00649809837, 2.91492724419, 2.15303945541, 0.989348828793, 0.429643541574, 0.261001646519, 0.159519121051, 0.0547788515687, 0.00174981495366, 0.00010478956392],
        "median": [0.883270144463, 3.23636078835, 3.46810507774, 2.17134475708, 3.40546345711, 3.66847300529, 3.70749425888, 3.74983024597, 4.80014371872, 4.26376771927, 3.45151138306, 3.41529750824, 3.18389821053, 3.98611235619, 4.6753282547, 4.67324399948, 6.82920646667, 5.58725595474, 6.23778009415, 5.14298629761, 4.37698602676, 4.67090368271, 3.10286617279, 2.02943706512, 2.16928625107, 1.59189260006, 1.05703735352, 1.04317772388, 0.842677474022, 0.685122907162, 0.482442617416, 0.304638832808, 0.163011074066, 0.099058188498, 0.0441716499627, 0.0159408506006, 0.00497735757381, 0.000737933267374, 6.22869483777e-05, 0.00010153844778],
        "min": [4.8040597278e-08, 2.82774863081e-07, 3.28399096361e-06, 2.95061836368e-05, 7.24962083041e-05, 0.000129476888105, 0.000156927126227, 9.62626218097e-05, 2.87555521936e-05, 0.00020129706536, 0.000467394129373, 0.00035686645424, 0.000225755720749, 5.34957471245e-05, 6.76289782859e-05, 0.000132628265419, 0.000151100146468, 0.000378221477149, 0.000269846903393, 0.000107427746116, 0.000163981865626, 0.00012615857122, 0.000100260876934, 4.22803495894e-05, 8.59215833771e-06, 2.91077276415e-06, 8.11383699784e-07, 5.79049128646e-07, 6.84768679093e-07, 5.04641832322e-07, 7.21645449175e-07, 7.09739708782e-07, 7.64828143929e-07, 6.16535601239e-07, 3.69752370943e-07, 2.38738692815e-07, 9.7831772905e-08, 1.0470367684e-08, 7.35345739855e-09, 9.34889943238e-10],
        "stdev": [1.29723227024, 9.92433643341, 20.8685855865, 29.7407836914, 23.1895942688, 16.6778526306, 14.5342226028, 12.3536758423, 17.2853469849, 45.5174179077, 30.8657398224, 56.0003013611, 45.7036437988, 25.2272644043, 36.4411010742, 31.6010780334, 72.3818664551, 52.7522621155, 56.6805839539, 25.0421485901, 24.7566890717, 18.1347637177, 12.9762392044, 26.5501365662, 8.92350769043, 8.12505149841, 7.43861532211, 8.49653148651, 4.20540046692, 4.97114801407, 5.47531890869, 6.0055475235, 4.83202886581, 2.16948103905, 0.994934856892, 0.604867219925, 0.396376520395, 0.140696138144, 0.00445332517847, 9.86464801827e-05],
        "var": [1.68281149864, 98.4924468994, 435.497833252, 884.514221191, 537.757263184, 278.150787354, 211.243637085, 152.613296509, 298.783203125, 2071.83544922, 952.693908691, 3136.03369141, 2088.82299805, 636.414855957, 1327.95373535, 998.628173828, 5239.13476562, 2782.80102539, 3212.68847656, 627.10925293, 612.893676758, 328.869659424, 168.382781982, 704.909790039, 79.6289901733, 66.0164642334, 55.3330001831, 72.1910400391, 17.6853923798, 24.7123146057, 29.9791183472, 36.0666007996, 23.3485012054, 4.70664787292, 0.989895343781, 0.365864336491, 0.157114341855, 0.0197954047471, 1.98321049538e-05, 9.73112790348e-09]
    },
    "gfcc": {
        "mean": [-46.5216712952, 113.224082947, -90.1539764404, 27.4277935028, -37.9733886719, 19.7330646515, -30.3871269226, 4.76691484451, -15.1313877106, 2.85312104225, -9.44432067871, 0.0190052650869, -8.87559318542],
        "cov": [[16971.125, -5828.19580078, -3.90450692177, 2549.19824219, -293.299041748, 2026.35778809, 211.792831421, 841.034912109, -28.4566478729, 1319.53979492, -130.985458374, 753.322509766, -448.958251953], [-5828.19580078, 3918.9230957, 104.798492432, -785.539306641, 547.989013672, -680.11730957, 269.087921143, -354.348571777, 159.39414978, -572.396179199, 208.665176392, -425.198760986, 181.84703064], [-3.90450692177, 104.798492432, 1782.72741699, 640.74621582, 276.820373535, 308.56161499, 282.346313477, 228.809082031, 179.582473755, 99.4979400635, 111.674308777, 104.204917908, 56.5260543823], [2549.19824219, -785.539306641, 640.74621582, 1178.09338379, 306.121124268, 526.584533691, 257.856842041, 252.812545776, 186.792663574, 265.91394043, 125.261573792, 166.182693481, 52.1559486389], [-293.299041748, 547.989013672, 276.820373535, 306.121124268, 606.123535156, 118.558547974, 208.163696289, 22.6126728058, 87.9563674927, -8.00294971466, 103.461166382, -61.890007019, 46.0430984497], [2026.35778809, -680.11730957, 308.56161499, 526.584533691, 118.558547974, 516.667602539, 200.037628174, 155.051422119, 88.9911499023, 214.538818359, 43.7600593567, 97.7445068359, -12.6256790161], [211.792831421, 269.087921143, 282.346313477, 257.856842041, 208.163696289, 200.037628174, 337.486541748, 70.1552200317, 71.7269134521, 28.3483695984, 117.476051331, 7.94209241867, 49.6700630188], [841.034912109, -354.348571777, 228.809082031, 252.812545776, 22.6126728058, 155.051422119, 70.1552200317, 184.276855469, 75.3749313354, 120.888458252, 25.0940914154, 80.0800323486, 0.829820454121], [-28.4566478729, 159.39414978, 179.582473755, 186.792663574, 87.9563674927, 88.9911499023, 71.7269134521, 75.3749313354, 236.623352051, 81.0879058838, 64.8013000488, 22.5559272766, 62.3480415344], [1319.53979492, -572.396179199, 99.4979400635, 265.91394043, -8.00294971466, 214.538818359, 28.3483695984, 120.888458252, 81.0879058838, 230.405883789, 24.1133327484, 83.7301025391, 0.409814417362], [-130.985458374, 208.665176392, 111.674308777, 125.261573792, 103.461166382, 43.7600593567, 117.476051331, 25.0940914154, 64.8013000488, 24.1133327484, 130.619155884, 19.6859302521, 53.1197509766], [753.322509766, -425.198760986, 104.204917908, 166.182693481, -61.890007019, 97.7445068359, 7.94209241867, 80.0800323486, 22.5559272766, 83.7301025391, 19.6859302521, 138.546966553, 8.11675357819], [-448.958251953, 181.84703064, 56.5260543823, 52.1559486389, 46.0430984497, -12.6256790161, 49.6700630188, 0.829820454121, 62.3480415344, 0.409814417362, 53.1197509766, 8.11675357819, 116.875991821]],
        "icov": [[0.00030599423917, -3.7587449242e-06, 0.000238607521169, -0.000456444919109, 0.000157035407028, -0.000525985844433, -5.00558271597e-05, -0.000133276800625, 0.000414039299358, -0.000774003216065, 0.000340193626471, -0.000482990319142, 0.000833862053696], [-3.7587449242e-06, 0.00133913836908, -0.000246618175879, 0.000596769677941, -0.000610532821156, 0.00106337259058, -0.00110622728243, 0.000715773901902, -0.00158158643171, 0.00157763820607, -0.00122392910998, 0.00171337195206, -0.000149145023897], [0.000238607521169, -0.000246618175879, 0.00103457900696, -0.000706130813342, 0.000119657364849, -0.000636807468254, -0.000108647735033, -0.000901661172975, 0.000373193615815, -0.000393414491555, 0.000571122916881, -0.000897923426237, 0.00065675372025], [-0.000456444919109, 0.000596769677941, -0.000706130813342, 0.00321546243504, -0.00130984769203, -0.000261850771494, -6.11158247921e-05, -0.000291224743705, -0.00143840676174, 0.00159045460168, -0.00154930504505, 0.000358680874342, -0.00181849231012], [0.000157035407028, -0.000610532821156, 0.000119657364849, -0.00130984769203, 0.00313882785849, -0.000731336127501, -0.000271843775408, -0.000205041738809, 0.000664004066493, -0.000622403924353, -0.000285474787233, 0.00108014489524, 0.000583943503443], [-0.000525985844433, 0.00106337259058, -0.000636807468254, -0.000261850771494, -0.000731336127501, 0.00799979735166, -0.00427604513243, 0.00167124986183, -0.00202174065635, -0.00144747819286, 0.000963471713476, 0.00127660040744, 0.00026455760235], [-5.00558271597e-05, -0.00110622728243, -0.000108647735033, -6.11158247921e-05, -0.000271843775408, -0.00427604513243, 0.00841427780688, -0.00265133217908, 0.00178491231054, 0.0016711371718, -0.00423661805689, 0.000358779041562, -0.00136061746161], [-0.000133276800625, 0.000715773901902, -0.000901661172975, -0.000291224743705, -0.000205041738809, 0.00167124986183, -0.00265133217908, 0.0124030206352, -0.00278302584775, -0.00270894658752, 0.00105081498623, -0.00248158047907, 0.0014292934211], [0.000414039299358, -0.00158158643171, 0.000373193615815, -0.00143840676174, 0.000664004066493, -0.00202174065635, 0.00178491231054, -0.00278302584775, 0.00902168359607, -0.00442647840828, 0.000219039080548, -0.00116688851267, -0.0015217900509], [-0.000774003216065, 0.00157763820607, -0.000393414491555, 0.00159045460168, -0.000622403924353, -0.00144747819286, 0.0016711371718, -0.00270894658752, -0.00442647840828, 0.0147905498743, -0.00437835836783, 0.0021965005435, -0.00240257452242], [0.000340193626471, -0.00122392910998, 0.000571122916881, -0.00154930504505, -0.000285474787233, 0.000963471713476, -0.00423661805689, 0.00105081498623, 0.000219039080548, -0.00437835836783, 0.0165887195617, -0.00499848695472, -0.00165805662982], [-0.000482990319142, 0.00171337195206, -0.000897923426237, 0.000358680874342, 0.00108014489524, 0.00127660040744, 0.000358779041562, -0.00248158047907, -0.00116688851267, 0.0021965005435, -0.00499848695472, 0.0160856842995, -0.00289994594641], [0.000833862053696, -0.000149145023897, 0.00065675372025, -0.00181849231012, 0.000583943503443, 0.00026455760235, -0.00136061746161, 0.0014292934211, -0.0015217900509, -0.00240257452242, -0.00165805662982, -0.00289994594641, 0.0146269630641]]
    },
    "melbands": {
        "dmean": [0.00450616609305, 0.00354378065094, 0.00203754031099, 0.000801287591457, 0.000292119832011, 0.000149468556629, 0.000126774262753, 0.000165940073202, 0.000106248844531, 0.000108374311822, 6.12099975115e-05, 4.57399510196e-05, 6.72247188049e-05, 3.08756207232e-05, 5.94347584411e-05, 6.57747805235e-05, 4.86129392812e-05, 4.91864084324e-05, 2.35457264353e-05, 1.47661694427e-05, 1.59566498041e-05, 9.58343844104e-06, 7.68572681409e-06, 6.40537291474e-06, 1.09733200588e-05, 4.42431837655e-06, 3.18550632983e-06, 3.32703893946e-06, 2.37203812503e-06, 2.58056115854e-06, 3.01179693452e-06, 1.28171416236e-06, 1.26787381305e-06, 1.62439596352e-06, 1.75806292191e-06, 1.96128144125e-06, 1.49232494095e-06, 1.47519301663e-06, 1.10541407139e-06, 7.72465512e-07],
        "dmean2": [0.00478515680879, 0.00375317782164, 0.0031402411405, 0.00145598023664, 0.000503191549797, 0.000247474585194, 0.000201448507141, 0.000258268875768, 0.000180717222975, 0.000180671791895, 9.33096307563e-05, 7.75165462983e-05, 0.000114955531899, 4.8027952289e-05, 9.87055464066e-05, 0.00010566682613, 7.82084680395e-05, 8.12187063275e-05, 4.04731144954e-05, 2.43033227889e-05, 2.70098153123e-05, 1.61841999216e-05, 1.27076837089e-05, 1.09707434603e-05, 2.01766961254e-05, 7.98570818006e-06, 5.03968021803e-06, 5.67853294342e-06, 4.17743422076e-06, 4.49975323136e-06, 5.30999750481e-06, 2.05889523386e-06, 1.99547935154e-06, 2.53291796071e-06, 2.77739786725e-06, 2.87141278932e-06, 2.2025551516e-06, 2.19931234824e-06, 1.65248150097e-06, 1.15071134132e-06],
        "dvar": [2.89234685624e-05, 2.66099395958e-05, 1.89921065612e-05, 3.10187965624e-06, 3.98606545104e-07, 7.42194430359e-08, 5.89290998221e-08, 2.13008121364e-07, 7.06444893694e-08, 1.54156921894e-07, 2.69306870138e-08, 9.80622161251e-09, 2.1566687991e-08, 3.50510398484e-09, 1.490240642e-08, 2.00256486949e-08, 7.59797469385e-09, 1.02700283833e-08, 2.01745198325e-09, 7.57883089619e-10, 1.16173337616e-09, 4.6679693444e-10, 2.0180301874e-10, 1.80514519998e-10, 9.68456426165e-10, 1.17769932695e-10, 2.81026053123e-11, 4.76077337275e-11, 2.87433063462e-11, 2.98625013606e-11, 4.62347694852e-11, 4.76697847862e-12, 3.88153138103e-12, 6.61943503483e-12, 9.35345897957e-12, 1.09281706948e-11, 8.04473154759e-12, 9.01880046339e-12, 4.85486303936e-12, 2.55539816738e-12],
        "dvar2": [3.5305009078e-05, 3.8918798964e-05, 4.08037667512e-05, 8.91952186066e-06, 1.15514842491e-06, 2.00510626769e-07, 1.46781303556e-07, 4.9934379831e-07, 1.84601006481e-07, 4.29394305002e-07, 5.69311211507e-08, 2.60238941507e-08, 5.62041400087e-08, 7.15745862578e-09, 3.68127253125e-08, 4.79852104718e-08, 1.75269505576e-08, 2.52298146819e-08, 5.49851852938e-09, 1.75505587841e-09, 3.13059955737e-09, 1.26912969023e-09, 5.29723265252e-10, 4.87675844152e-10, 2.77025291595e-09, 3.38405636846e-10, 6.74922270849e-11, 1.31016933413e-10, 7.95699131584e-11, 8.26940113607e-11, 1.29266167215e-10, 1.13850665007e-11, 8.95351674746e-12, 1.52147357213e-11, 2.22346238643e-11, 2.21828076741e-11, 1.58704889508e-11, 1.92046725744e-11, 9.86576011858e-12, 5.72612530308e-12],
        "max": [0.0412848293781, 0.0430858694017, 0.0256464183331, 0.00953414663672, 0.00718509731814, 0.00228881253861, 0.00369520275854, 0.00710475305095, 0.00354691175744, 0.00826329551637, 0.00334174116142, 0.000900161510799, 0.000936132157221, 0.000738321687095, 0.00108338519931, 0.00162713380996, 0.000765526201576, 0.00107294076588, 0.000290115276584, 0.000454821798485, 0.000225960087846, 0.000398707954446, 0.000143120836583, 9.07829380594e-05, 0.000199122165213, 6.37683842797e-05, 4.4182761485e-05, 3.82310463465e-05, 3.08555936499e-05, 2.94977980957e-05, 4.16767179559e-05, 3.21198349411e-05, 1.9886312657e-05, 1.7918238882e-05, 2.43098584178e-05, 2.36706146097e-05, 3.6428180465e-05, 2.53661728493e-05, 1.99590103875e-05, 2.16357930185e-05],
        "mean": [0.010876884684, 0.00741724437103, 0.00199657259509, 0.000692477799021, 0.000315137469443, 0.000188801743207, 0.000161989446497, 0.000201478542294, 9.89550389932e-05, 0.000109736516606, 7.54762513679e-05, 4.8785146646e-05, 6.79029762978e-05, 3.90751702071e-05, 6.83817270328e-05, 7.21143078408e-05, 5.28242126165e-05, 4.80373200844e-05, 2.39541204792e-05, 1.6701846107e-05, 1.54729968926e-05, 1.11479812404e-05, 8.34905222291e-06, 6.50524771117e-06, 8.07813830761e-06, 4.0042150431e-06, 3.7014060581e-06, 3.10120162794e-06, 2.09745326174e-06, 2.28319709095e-06, 2.63422566604e-06, 1.40726285736e-06, 1.42655244417e-06, 1.70821306256e-06, 1.69564202679e-06, 2.01976217795e-06, 1.58637487857e-06, 1.5031065459e-06, 1.17145248169e-06, 7.68778306792e-07],
        "median": [0.0080902595073, 0.00291067920625, 0.00046060650493, 0.000267249561148, 0.00015854810772, 8.65835754666e-05, 6.94272894179e-05, 4.12292756664e-05, 2.42067144427e-05, 2.03263007279e-05, 1.43374436448e-05, 1.39177000165e-05, 1.51196409206e-05, 9.71663212113e-06, 1.52003885887e-05, 1.2038355635e-05, 8.94911954674e-06, 8.91308809514e-06, 7.33171100364e-06, 5.06858259541e-06, 4.78011315863e-06, 4.83415260533e-06, 3.06426227326e-06, 1.96277915165e-06, 1.3780320387e-06, 1.50902531004e-06, 1.39837698043e-06, 8.68887582328e-07, 5.98572057697e-07, 6.01938722866e-07, 5.68163272874e-07, 4.50639248584e-07, 4.00841997816e-07, 3.67737897022e-07, 2.75430437569e-07, 2.30387357192e-07, 1.55248272904e-07, 1.12732585933e-07, 8.70528893415e-08, 8.10677107665e-08],
        "min": [9.32220828309e-11, 6.68402666548e-10, 6.27002094689e-09, 7.32573957052e-09, 5.74419045662e-09, 2.1852590848e-09, 4.93741991736e-10, 2.6786992624e-09, 3.84588494384e-09, 2.10983164273e-09, 1.07733022503e-09, 2.11904521707e-10, 1.81835851931e-10, 3.27452454041e-10, 2.68474048548e-10, 5.22770104983e-10, 7.00198454773e-10, 4.26995772074e-10, 2.75511641279e-10, 5.77055174478e-11, 2.06087188981e-10, 9.80439202047e-11, 8.12266226502e-11, 7.96534643799e-11, 2.9230888543e-11, 7.9974369141e-12, 2.51561141709e-12, 1.22784388993e-12, 4.19729057283e-13, 3.19081105938e-13, 3.00710113277e-13, 3.95515949636e-13, 2.83757501003e-13, 2.48083617451e-13, 3.07611602206e-13, 3.71769509708e-13, 4.16713782621e-13, 3.97718587664e-13, 3.81821175155e-13, 3.91335157638e-13],
        "stdev": [0.0115570770577, 0.00945757422596, 0.00446908455342, 0.00135660008527, 0.000533385726158, 0.000273381039733, 0.000268263363978, 0.000533661863301, 0.000241385278059, 0.000344729953213, 0.000227832308155, 0.000101075558632, 0.000141181822983, 7.81332491897e-05, 0.00013720872812, 0.000164016455528, 9.85900114756e-05, 0.00010641929839, 4.21856311732e-05, 3.32487543346e-05, 3.04825152853e-05, 2.05103242479e-05, 1.42749440784e-05, 1.20089543998e-05, 2.40270819631e-05, 8.65167112352e-06, 5.73237275603e-06, 5.88906550547e-06, 4.37652897745e-06, 4.53464690509e-06, 5.55799533686e-06, 2.39670271185e-06, 2.29728220802e-06, 2.87130137622e-06, 3.16374621434e-06, 4.03561625717e-06, 3.39685243489e-06, 3.40736710314e-06, 2.58659656538e-06, 1.74459978552e-06],
        "var": [0.00013356601994, 8.94457043614e-05, 1.99727164727e-05, 1.84036366591e-06, 2.8450034506e-07, 7.47371942111e-08, 7.19652319958e-08, 2.847949645e-07, 5.82668491234e-08, 1.18838741514e-07, 5.19075591399e-08, 1.02162678317e-08, 1.9932306472e-08, 6.10480466179e-09, 1.88262347933e-08, 2.69013984422e-08, 9.71999103427e-09, 1.13250671063e-08, 1.77962755643e-09, 1.10547970777e-09, 9.29183729959e-10, 4.20673385015e-10, 2.03774025431e-10, 1.44214987174e-10, 5.77300707238e-10, 7.48514097926e-11, 3.28600965882e-11, 3.46810913321e-11, 1.91540065059e-11, 2.05630217714e-11, 3.08913138125e-11, 5.74418420815e-12, 5.2775054292e-12, 8.24437133146e-12, 1.00092894043e-11, 1.62861998193e-11, 1.15386068755e-11, 1.16101503411e-11, 6.69048193583e-12, 3.04362850027e-12]
    },
    "melbands128": {
