{
"lowlevel": {
    "average_loudness": 0.970992922783,
    "barkbands_crest": {
        "dmean": 3.30286431313,
        "dmean2": 5.37744617462,
        "dvar": 9.39882946014,
        "dvar2": 19.6774520874,
        "max": 25.6926059723,
        "mean": 10.4637613297,
        "median": 9.46152210236,
        "min": 2.40188622475,
        "stdev": 4.38782167435,
        "var": 19.2529773712
    },
    "barkbands_flatness_db": {
        "dmean": 0.0273287389427,
        "dmean2": 0.0406754650176,
        "dvar": 0.000560135231353,
        "dvar2": 0.0012711972231,
        "max": 0.277367413044,
        "mean": 0.119850426912,
        "median": 0.116592980921,
        "min": 0.019686318934,
        "stdev": 0.0398035310209,
        "var": 0.00158432114404
    },
    "barkbands_kurtosis": {
        "dmean": 4.49494552612,
        "dmean2": 6.75264835358,
        "dvar": 44.6439971924,
        "dvar2": 103.424949646,
        "max": 89.305267334,
        "mean": 4.1503534317,
        "median": 1.54977035522,
        "min": -1.94202077389,
        "stdev": 7.96901369095,
        "var": 63.5051765442
    },
    "barkbands_skewness": {
        "dmean": 1.07765209675,
        "dmean2": 1.61230146885,
        "dvar": 1.18808603287,
        "dvar2": 2.85813212395,
        "max": 7.88077497482,
        "mean": 1.61827492714,
        "median": 1.60907030106,
        "min": -3.90979671478,
        "stdev": 1.46723866463,
        "var": 2.15278935432
    },
    "barkbands_spread": {
        "dmean": 18.5965652466,
        "dmean2": 27.0418701172,
        "dvar": 287.257843018,
        "dvar2": 571.003173828,
        "max": 124.024810791,
        "mean": 45.0046005249,
        "median": 41.4212913513,
        "min": 1.85104608536,
        "stdev": 26.0046272278,
        "var": 676.240600586
    },
    "dissonance": {
        "dmean": 0.0192855559289,
        "dmean2": 0.0301818884909,
        "dvar": 0.000348711007973,
        "dvar2": 0.00077830866212,
        "max": 0.499980866909,
        "mean": 0.461203128099,
        "median": 0.467799335718,
        "min": 0.306574016809,
        "stdev": 0.0284633506089,
        "var": 0.000810162280686
    },
    "dynamic_complexity": 2.28583598137,
    "erbbands_crest": {
        "dmean": 2.97429180145,
        "dmean2": 4.77724599838,
        "dvar": 6.77991533279,
        "dvar2": 16.8583621979,
        "max": 25.6778202057,
        "mean": 8.19347190857,
        "median": 7.2885684967,
        "min": 2.19575166702,
        "stdev": 3.8009827137,
        "var": 14.4474697113
    },
    "erbbands_flatness_db": {
        "dmean": 0.0244119986892,
        "dmean2": 0.035975728184,
        "dvar": 0.00056144798873,
        "dvar2": 0.00124099291861,
        "max": 0.242261812091,
        "mean": 0.110991381109,
        "median": 0.105309531093,
        "min": 0.0491923689842,
        "stdev": 0.0341141968966,
        "var": 0.00116377836093
    },
    "erbbands_kurtosis": {
        "dmean": 2.48524284363,
        "dmean2": 4.24460506439,
        "dvar": 22.691362381,
        "dvar2": 62.7695236206,
        "max": 38.8731079102,
        "mean": 0.873273849487,
        "median": -0.568768501282,
        "min": -1.83828532696,
        "stdev": 4.33122062683,
        "var": 18.7594718933
    },
    "erbbands_skewness": {
        "dmean": 0.849440336227,
        "dmean2": 1.26547050476,
        "dvar": 0.97046738863,
        "dvar2": 2.432066679,
        "max": 4.37431335449,
        "mean": 0.131095543504,
        "median": 0.229569301009,
        "min": -4.83476877213,
        "stdev": 1.29630589485,
        "var": 1.68040895462
    },
    "erbbands_spread": {
        "dmean": 22.5832290649,
        "dmean2": 34.7283248901,
        "dvar": 472.109863281,
        "dvar2": 1119.54003906,
        "max": 153.497268677,
        "mean": 72.5272827148,
        "median": 72.7399902344,
        "min": 4.54407072067,
        "stdev": 30.2803459167,
        "var": 916.899353027
    },
    "hfc": {
        "dmean": 46.7434921265,
        "dmean2": 70.7165985107,
        "dvar": 4407.64648438,
        "dvar2": 10916.8681641,
        "max": 462.430480957,
        "mean": 54.1511688232,
        "median": 25.9391841888,
        "min": 1.17813362647e-16,
        "stdev": 69.8876266479,
        "var": 4884.28027344
    },
    "loudness_ebu128": {
        "integrated": -6.77542686462,
        "loudness_range": 1.30678033829,
        "momentary": {
            "dmean": 0.613031327724,
            "dmean2": 0.900982141495,
            "dvar": 0.256397724152,
            "dvar2": 0.557942390442,
            "max": -4.04805278778,
            "mean": -6.92496013641,
            "median": -6.98265218735,
            "min": -10.8845825195,
            "stdev": 1.14679658413,
            "var": 1.3151422739
        },
        "short_term": {
            "dmean": 0.0872351750731,
            "dmean2": 0.130855217576,
            "dvar": 0.00488020014018,
            "dvar2": 0.00858627445996,
            "max": -5.50452852249,
            "mean": -6.72203493118,
            "median": -6.76386070251,
            "min": -7.57800149918,
            "stdev": 0.399830341339,
            "var": 0.15986430645
        }
    },
    "melbands_crest": {
        "dmean": 4.02561950684,
        "dmean2": 6.31892061234,
        "dvar": 13.5995159149,
        "dvar2": 32.013420105,
        "max": 33.6068687439,
        "mean": 14.9448204041,
        "median": 13.9611024857,
        "min": 2.42877650261,
        "stdev": 5.28880119324,
        "var": 27.9714202881
    },
    "melbands_flatness_db": {
        "dmean": 0.0395955108106,
        "dmean2": 0.0598110854626,
        "dvar": 0.00134492048528,
        "dvar2": 0.00316778430715,
        "max": 0.364655643702,
        "mean": 0.179615423083,
        "median": 0.176949799061,
        "min": 0.0058769127354,
        "stdev": 0.0556576028466,
        "var": 0.00309776864015
    },
    "melbands_kurtosis": {
        "dmean": 17.0472259521,
        "dmean2": 27.7469768524,
        "dvar": 577.420043945,
        "dvar2": 1377.01367188,
        "max": 217.434570312,
        "mean": 27.1083755493,
        "median": 18.7807445526,
        "min": -1.9085817337,
        "stdev": 29.0655422211,
        "var": 844.805786133
    },
    "melbands_skewness": {
        "dmean": 1.41418528557,
        "dmean2": 2.29304671288,
        "dvar": 2.68221330643,
        "dvar2": 6.52989673615,
        "max": 12.5552110672,
        "mean": 4.04796171188,
        "median": 3.78398919106,
        "min": -0.726471960545,
        "stdev": 2.04711723328,
        "var": 4.19068908691
    },
    "melbands_spread": {
        "dmean": 26.0941333771,
        "dmean2": 43.859577179,
        "dvar": 1552.90649414,
        "dvar2": 3915.5534668,
        "max": 267.293457031,
        "mean": 35.8375473022,
        "median": 21.1126613617,
        "min": 1.62126529217,
        "stdev": 40.4821968079,
        "var": 1638.80822754
    },
    "pitch_salience": {
        "dmean": 0.100952327251,
        "dmean2": 0.167579993606,
        "dvar": 0.0117012439296,
        "dvar2": 0.0290978066623,
        "max": 0.879573762417,
        "mean": 0.551197707653,
        "median": 0.565679371357,
        "min": 0.113535679877,
        "stdev": 0.131654918194,
        "var": 0.0173330157995
    },
    "silence_rate_20dB": {
        "dmean": 0,
        "dmean2": 0,
        "dvar": 0,
        "dvar2": 0,
        "max": 1,
        "mean": 1,
        "median": 1,
        "min": 1,
        "stdev": 0,
        "var": 0
    },
    "silence_rate_30dB": {
        "dmean": 0.0061919502914,
        "dmean2": 0.0123934932053,
        "dvar": 0.00615347735584,
        "dvar2": 0.0184372626245,
        "max": 1,
        "mean": 0.996906399727,
        "median": 1,
        "min": 0,
        "stdev": 0.0555336512625,
        "var": 0.00308398646303
    },
    "silence_rate_60dB": {
        "dmean": 0.0232198145241,
        "dmean2": 0.0457010082901,
        "dvar": 0.0226809140295,
        "dvar2": 0.0575561597943,
        "max": 1,
        "mean": 0.0208816714585,
        "median": 0,
        "min": 0,
        "stdev": 0.142989844084,
        "var": 0.0204460974783
    },
    "spectral_centroid": {
        "dmean": 691.851806641,
        "dmean2": 1061.13977051,
        "dvar": 752833.8125,
        "dvar2": 1666828.875,
        "max": 11119.9833984,
        "mean": 1687.22375488,
        "median": 1351.78710938,
        "min": 279.633514404,
        "stdev": 1086.67919922,
        "var": 1180871.625
    },
    "spectral_complexity": {
        "dmean": 5.85448932648,
        "dmean2": 8.26800918579,
        "dvar": 48.2401885986,
        "dvar2": 96.4856948853,
        "max": 56,
        "mean": 14.156999588,
        "median": 11,
        "min": 0,
        "stdev": 9.49135780334,
        "var": 90.0858688354
    },
    "spectral_decrease": {
        "dmean": 3.35021654863e-09,
        "dmean2": 4.9177031336e-09,
        "dvar": 2.17278542437e-17,
        "dvar2": 4.69132175687e-17,
        "max": -7.15646858941e-29,
        "mean": -6.09235106808e-09,
        "median": -3.86610121694e-09,
        "min": -3.48458257804e-08,
        "stdev": 5.91228577207e-09,
        "var": 3.4955120748e-17
    },
    "spectral_energy": {
        "dmean": 0.01515691448,
        "dmean2": 0.0220729708672,
        "dvar": 0.00039473126526,
        "dvar2": 0.000797379645519,
        "max": 0.139378041029,
        "mean": 0.027905613184,
        "median": 0.0183740090579,
        "min": 1.09561251511e-20,
        "stdev": 0.0259298887104,
        "var": 0.000672359135933
    },
    "spectral_energyband_high": {
        "dmean": 0.00601907167584,
        "dmean2": 0.00981746613979,
        "dvar": 0.000112435729534,
        "dvar2": 0.000299001374515,
        "max": 0.0665043517947,
        "mean": 0.00571074150503,
        "median": 0.00204191310331,
        "min": 8.45497089345e-21,
        "stdev": 0.00963921193033,
        "var": 9.29144152906e-05
    },
    "spectral_energyband_low": {
        "dmean": 0.00892601907253,
        "dmean2": 0.0143050672486,
        "dvar": 0.000321375206113,
        "dvar2": 0.000747679441702,
        "max": 0.126571491361,
        "mean": 0.0106854531914,
        "median": 0.00287216925062,
        "min": 3.50742168165e-23,
        "stdev": 0.0196164343506,
        "var": 0.000384804501664
    },
    "spectral_energyband_middle_high": {
        "dmean": 0.00125794485211,
        "dmean2": 0.00179104250856,
        "dvar": 3.34636138177e-06,
        "dvar2": 6.68658867653e-06,
        "max": 0.0187383666635,
        "mean": 0.00201789219864,
        "median": 0.00097162136808,
        "min": 1.43875253928e-21,
        "stdev": 0.00254653627053,
        "var": 6.48484683552e-06
    },
    "spectral_energyband_middle_low": {
        "dmean": 0.00398908136413,
        "dmean2": 0.00613424321637,
        "dvar": 2.82223354588e-05,
        "dvar2": 6.7238950578e-05,
        "max": 0.0556158982217,
        "mean": 0.00991163402796,
        "median": 0.00837994646281,
        "min": 3.99670609479e-22,
        "stdev": 0.00753416726366,
        "var": 5.67636743654e-05
    },
    "spectral_entropy": {
        "dmean": 0.26635324955,
        "dmean2": 0.342794805765,
        "dvar": 0.0540398582816,
        "dvar2": 0.0917650386691,
        "max": 9.8028717041,
        "mean": 7.98350811005,
        "median": 8.04052829742,
        "min": 6.45763015747,
        "stdev": 0.402437597513,
        "var": 0.16195602715
    },
    "spectral_flux": {
        "dmean": 0.0427804030478,
        "dmean2": 0.0624848715961,
        "dvar": 0.00203682831489,
        "dvar2": 0.00407929439098,
        "max": 0.334648907185,
        "mean": 0.102547675371,
        "median": 0.0812605321407,
        "min": 1.04671507573e-10,
        "stdev": 0.0654243379831,
        "var": 0.00428034365177
    },
    "spectral_kurtosis": {
        "dmean": 0.848360538483,
        "dmean2": 1.27650725842,
        "dvar": 0.785598278046,
        "dvar2": 1.82285928726,
        "max": 10.5580558777,
        "mean": 1.21666002274,
        "median": 1.08814096451,
        "min": -1.20523846149,
        "stdev": 1.28772878647,
        "var": 1.65824556351
    },
    "spectral_rms": {
        "dmean": 0.00130707921926,
        "dmean2": 0.00183793297037,
        "dvar": 2.07842140298e-06,
        "dvar2": 3.73160605704e-06,
        "max": 0.0116609856486,
        "mean": 0.00474895210937,
        "median": 0.00423389440402,
        "min": 3.26938866604e-12,
        "stdev": 0.00216158037074,
        "var": 4.67242944069e-06
    },
    "spectral_rolloff": {
        "dmean": 2522.25097656,
        "dmean2": 4156.05615234,
        "dvar": 8478794,
        "dvar2": 14478825,
        "max": 18367.8222656,
        "mean": 3949.93432617,
        "median": 2045.65429688,
        "min": 86.1328125,
        "stdev": 3972.23364258,
        "var": 15778641
    },
    "spectral_skewness": {
        "dmean": 0.22895668447,
        "dmean2": 0.327589720488,
        "dvar": 0.0508975572884,
        "dvar2": 0.102884247899,
        "max": 2.79030323029,
        "mean": 1.05629646778,
        "median": 1.06328761578,
        "min": -0.398482501507,
        "stdev": 0.368531703949,
        "var": 0.135815620422
    },
    "spectral_spread": {
        "dmean": 1683652.75,
        "dmean2": 2420085,
        "dvar": 3.2279649321e+12,
        "dvar2": 6.10281455616e+12,
        "max": 41071636,
        "mean": 8963257,
        "median": 8622036,
        "min": 3365265,
        "stdev": 2682387.25,
        "var": 7.19520111002e+12
    },
    "spectral_strongpeak": {
        "dmean": 0.463623911142,
        "dmean2": 0.8190985322,
        "dvar": 2.90956521034,
        "dvar2": 8.59501457214,
        "max": 25.4912834167,
        "mean": 0.671839058399,
        "median": 0.406516462564,
        "min": 0,
        "stdev": 1.30066943169,
        "var": 1.69174098969
    },
    "zerocrossingrate": {
        "dmean": 0.0380655303597,
        "dmean2": 0.0426514223218,
        "dvar": 0.00115268037189,
        "dvar2": 0.00146987917833,
        "max": 0.48828125,
        "mean": 0.134448409081,
        "median": 0.11865234375,
        "min": 0.0048828125,
        "stdev": 0.0733259692788,
        "var": 0.00537669798359
    },
    "barkbands": {
        "dmean": [0.000335140997777, 0.00769402645528, 0.00135228817817, 0.000720591517165, 0.0021571542602, 0.000825167284347, 0.000970134220552, 0.000717443064786, 0.000436836766312, 0.000229829718592, 0.000111508379632, 7.3772163887e-05, 7.62933923397e-05, 0.000170217623236, 0.000164440905792, 0.000254228390986, 9.51208421611e-05, 0.00016053559375, 0.000205742922844, 0.000529019103851, 0.00213122041896, 0.00121652183589, 0.000402268022299, 0.000617638463154, 0.000935420335736, 0.000606413523201, 0.000137787792482],
        "dmean2": [0.000560110493097, 0.0124159622937, 0.00226431596093, 0.00114291382488, 0.00337360450067, 0.00129228609148, 0.00149067572784, 0.00110426964238, 0.000708674313501, 0.000353710813215, 0.000171737745404, 0.000118246141938, 0.000121462748211, 0.000264531758148, 0.000252785364864, 0.000370668829419, 0.000144801349961, 0.000251039484283, 0.00034465175122, 0.000941614038311, 0.00395662570372, 0.00222876807675, 0.000607501773629, 0.000933937204536, 0.00134499149863, 0.000901407387573, 0.000210316648008],
        "dvar": [5.01600482039e-07, 0.000266477523837, 7.65051117924e-06, 1.85633837191e-06, 1.2285297089e-05, 1.17114825571e-06, 2.11382985071e-06, 3.19535774906e-06, 3.05679895973e-06, 3.798914463e-07, 2.09014515917e-07, 3.9650846162e-08, 4.26838724366e-08, 1.49067844291e-07, 1.13600357565e-07, 3.00490711425e-07, 4.03371949176e-08, 1.06868249361e-07, 1.65323626788e-07, 1.20367849377e-06, 3.16596087941e-05, 9.25831318455e-06, 3.6144592741e-07, 7.47008414237e-07, 1.66043753325e-06, 6.26236442258e-07, 4.14994616449e-08],
        "dvar2": [1.27165139929e-06, 0.000619287777226, 2.05399283004e-05, 4.5515880629e-06, 3.01449690596e-05, 2.6309412533e-06, 5.11077723786e-06, 8.00738598628e-06, 9.34014133236e-06, 6.59272757275e-07, 4.29355253573e-07, 8.15300538193e-08, 1.11428917648e-07, 3.53103530415e-07, 2.36824561739e-07, 6.36030449641e-07, 8.85881235035e-08, 2.41378131705e-07, 4.24213737915e-07, 3.29352860717e-06, 8.97809077287e-05, 2.61768873315e-05, 7.88573743193e-07, 1.5987812958e-06, 3.45127546098e-06, 1.36675896556e-06, 8.86432545144e-08],
        "max": [0.00631289742887, 0.115171723068, 0.0257028453052, 0.013823508285, 0.0400544591248, 0.00920935627073, 0.0187436137348, 0.0376788713038, 0.0346816405654, 0.0160832423717, 0.0107748508453, 0.00539276516065, 0.00514163216576, 0.0054025859572, 0.00578614929691, 0.00728482566774, 0.00260217487812, 0.00390670308843, 0.00363044207916, 0.00625248719007, 0.0303595829755, 0.0224059987813, 0.00857741106302, 0.0134271392599, 0.0176467653364, 0.0111021706834, 0.00202795048244],
        "mean": [0.000346525252098, 0.00832327920943, 0.00166451500263, 0.0010636576917, 0.00380983715877, 0.00146710919216, 0.00171795138158, 0.00112629053183, 0.000621200189926, 0.000308221322484, 0.00015610299306, 0.000113261470688, 0.000105676277599, 0.000212009370443, 0.000200551105081, 0.000323658314301, 0.000111512359581, 0.000174093540409, 0.000195749351406, 0.000440100149717, 0.00139264785685, 0.000871668569744, 0.000513138249516, 0.000709008832928, 0.00115494686179, 0.000651121372357, 0.000131777444039],
        "median": [2.38088268816e-05, 0.000487863842864, 0.000568160612602, 0.000478326168377, 0.00251585850492, 0.00100536260288, 0.000859256950207, 0.000275207305094, 0.000181058596354, 5.44200338481e-05, 3.94164126192e-05, 5.09149613208e-05, 4.7473822633e-05, 6.66012274451e-05, 5.74866389798e-05, 7.43986092857e-05, 3.0108511055e-05, 4.91760438308e-05, 5.97461003053e-05, 0.000121230244986, 0.000131725493702, 0.000172820247826, 0.000261666689767, 0.000311791198328, 0.000499591173138, 0.000275738944765, 3.48630019289e-05],
        "min": [1.08356269445e-23, 8.18668330069e-24, 1.44072838341e-23, 6.10974348815e-24, 3.09970902021e-23, 6.39618519373e-23, 8.32277726852e-23, 5.27234050045e-23, 8.23600572439e-23, 1.60389078791e-22, 1.19028003436e-22, 6.10432432928e-23, 6.8178969808e-23, 9.16696446001e-23, 7.63608268576e-23, 1.73526061488e-22, 2.18769102425e-22, 1.65138412716e-22, 1.61598333139e-22, 3.24211179268e-22, 5.87964715092e-22, 4.5984769612e-22, 7.30565624182e-22, 1.08307467038e-21, 1.58655119608e-21, 1.74023412414e-21, 2.30946787346e-21],
        "stdev": [0.000752985710278, 0.0174833554775, 0.00275957048871, 0.00156395765953, 0.00454147579148, 0.00151132815517, 0.00227238470688, 0.00226508360356, 0.00175583921373, 0.0009080611635, 0.000647012493573, 0.000258709362242, 0.000205948657822, 0.00042951508658, 0.000420301046688, 0.000678207899909, 0.000234056293266, 0.000346810935298, 0.000375568517484, 0.00090796186123, 0.00433348212391, 0.00237057800405, 0.000755612156354, 0.00108687591273, 0.00170861044899, 0.000928140420001, 0.000222479837248],
        "var": [5.66987466755e-07, 0.000305667723296, 7.61522960602e-06, 2.44596344601e-06, 2.06250042538e-05, 2.28411272474e-06, 5.16373211212e-06, 5.13060376761e-06, 3.08297126139e-06, 8.24575124625e-07, 4.1862517719e-07, 6.6930539333e-08, 4.24148502987e-08, 1.84483212706e-07, 1.76652974915e-07, 4.59965974642e-07, 5.47823510999e-08, 1.20277832139e-07, 1.41051714309e-07, 8.24394760457e-07, 1.87790665223e-05, 5.6196395235e-06, 5.70949737266e-07, 1.18129935345e-06, 2.91934952656e-06, 8.61444675593e-07, 4.94972809406e-08]
    },
    "erbbands": {
        "dmean": [0.19713845849, 1.93677020073, 2.39383482933, 1.56196177006, 5.81478071213, 6.893222332, 8.468708992, 6.59913110733, 12.2970380783, 14.2565393448, 13.981762886, 9.62506389618, 8.12482357025, 5.53564167023, 3.68724370003, 2.5708732605, 3.37403774261, 7.30160188675, 8.24751091003, 10.9341697693, 11.5541400909, 5.51964378357, 8.80665016174, 8.25018501282, 12.9109621048, 22.030412674, 63.5703849792, 91.0289306641, 51.8712615967, 18.7788124084, 11.050447464, 10.8541431427, 11.1329078674, 11.2983589172, 6.04454946518, 2.42340540886, 1.11621665955, 0.360545188189, 0.0137057127431, 0.000275509955827],
        "dmean2": [0.290511637926, 3.19298911095, 4.06191921234, 2.47526264191, 9.52702045441, 10.8794298172, 13.1875152588, 10.2335443497, 19.2120456696, 22.1036682129, 21.4650592804, 15.405081749, 12.5258131027, 8.74417209625, 5.55990171432, 4.05142593384, 5.28615236282, 11.4380989075, 12.120885849, 16.4384841919, 16.5965137482, 8.123462677, 13.5268440247, 13.1374006271, 22.1137161255, 38.6482620239, 117.423919678, 169.5703125, 95.8988113403, 31.8100128174, 16.3876953125, 16.3648662567, 16.7126293182, 16.2554244995, 8.78737163544, 3.59123754501, 1.67106199265, 0.541937947273, 0.0206031873822, 0.000400427932618],
        "dvar": [0.173341408372, 18.3495044708, 27.0611000061, 6.66079187393, 166.924133301, 107.876731873, 180.381256104, 77.1685714722, 350.357116699, 784.554504395, 1420.17346191, 1360.00256348, 968.553100586, 291.539459229, 110.410675049, 43.9786300659, 107.882644653, 243.175888062, 493.947998047, 416.254547119, 579.49395752, 127.181114197, 326.254425049, 241.446395874, 625.915100098, 1903.78601074, 26061.6992188, 59752.890625, 17474.1035156, 1295.66601562, 257.45715332, 229.00769043, 238.009597778, 219.680480957, 80.026260376, 10.3026046753, 2.37963962555, 0.250219136477, 0.00036956628901, 1.28399065602e-07],
        "dvar2": [0.344324856997, 46.8477210999, 72.1553649902, 16.0180130005, 436.896636963, 262.037322998, 400.146392822, 174.026016235, 828.520996094, 1903.88708496, 3658.21801758, 3988.63549805, 2407.69458008, 594.006774902, 211.112747192, 94.4663925171, 284.017272949, 564.815673828, 893.198303223, 937.734619141, 1105.55419922, 289.913452148, 751.770690918, 572.70703125, 1642.88049316, 5118.66552734, 73335.3828125, 170037.546875, 49597.2617188, 3425.84423828, 537.826782227, 452.160491943, 518.710021973, 460.699890137, 170.245666504, 23.1036052704, 5.34799337387, 0.535329461098, 0.000701514421962, 2.49911863648e-07],
        "max": [2.82540559769, 29.6053543091, 40.6622695923, 32.4463310242, 142.779174805, 110.387779236, 206.350769043, 105.979789734, 231.345016479, 616.799804688, 811.000732422, 642.673522949, 656.800598145, 351.715576172, 266.276153564, 174.777938843, 272.150604248, 197.627502441, 663.826538086, 240.557434082, 298.973907471, 167.052383423, 224.718704224, 212.670013428, 275.458862305, 266.540130615, 912.163452148, 1444.78430176, 800.401245117, 296.558563232, 201.700332642, 226.372512817, 244.857315063, 215.70640564, 128.971466064, 51.8390922546, 19.8472919464, 4.90892267227, 0.200680762529, 0.00352109316736],
        "mean": [0.220697149634, 1.88766717911, 2.56671333313, 2.64530611038, 8.24597072601, 11.9672231674, 14.8371200562, 12.7401275635, 22.9005947113, 24.671037674, 21.5950737, 14.0980215073, 11.8271207809, 7.60506534576, 5.51423692703, 4.00734519958, 4.91769170761, 9.5591135025, 10.3684873581, 14.4051685333, 15.2862167358, 6.60864639282, 9.60676193237, 8.52010154724, 12.3575792313, 19.0406475067, 43.6267929077, 58.1358337402, 35.6876716614, 18.7248840332, 14.0746603012, 12.9116392136, 13.0169725418, 13.5844507217, 7.46290493011, 2.79701805115, 1.1555416584, 0.353981286287, 0.0138283791021, 0.000306683126837],
        "median": [0.00872162450105, 0.095657736063, 0.885106623173, 1.40787112713, 4.13563013077, 7.34415197372, 8.98082351685, 8.65358161926, 12.5177307129, 10.4444141388, 7.0211482048, 4.66899776459, 3.14020657539, 1.57843470573, 2.30842065811, 1.93020403385, 2.35737991333, 3.34728884697, 3.60504722595, 4.07694482803, 3.67004442215, 2.04649162292, 2.80358719826, 2.79117083549, 4.13488197327, 5.34117126465, 5.67732810974, 5.12453508377, 6.38132047653, 7.21286535263, 7.39129304886, 5.64395570755, 5.88144922256, 5.37320613861, 3.45168185234, 1.37043499947, 0.450229912996, 0.108622908592, 0.0041627488099, 0.00012921243615],
        "min": [3.61640521385e-22, 1.87637339151e-21, 1.48050353154e-20, 1.66278699669e-20, 4.43609853929e-20, 1.40841057294e-19, 3.39557822399e-19, 4.83158780732e-19, 9.35944109756e-19, 1.34186417701e-18, 1.72148538085e-18, 1.55378660917e-18, 4.98674021366e-18, 3.87710347811e-18, 3.99471036324e-18, 2.28309624562e-18, 2.66655029423e-18, 5.00035229782e-18, 4.52168521121e-18, 6.40920962584e-18, 7.88506279321e-18, 1.24961711917e-17, 1.07045567148e-17, 7.53762129334e-18, 9.54787532264e-18, 1.67064278654e-17, 2.09809432378e-17, 2.18211072772e-17, 1.42512863242e-17, 2.02921185088e-17, 1.99127387383e-17, 1.95052497162e-17, 1.93424307932e-17, 1.49074440363e-17, 1.20343496383e-17, 6.24556186781e-18, 3.52244813611e-18, 1.142913798e-18, 2.92210340178e-19, 3.78551743322e-20],
        "stdev": [0.484320998192, 4.14985990524, 4.76885843277, 3.3141579628, 13.2785491943, 14.0811796188, 20.2095031738, 13.2148618698, 29.0306358337, 39.1867523193, 44.8429908752, 39.7867698669, 33.9331932068, 25.0305728912, 14.3532304764, 8.4640712738, 9.98581218719, 18.253616333, 27.8523769379, 25.305891037, 31.8824329376, 12.6097345352, 19.2280368805, 15.7422761917, 22.3058109283, 37.2591514587, 125.611968994, 187.299179077, 102.057449341, 33.3201255798, 20.4175796509, 19.6210784912, 19.5643615723, 20.0141448975, 11.2774620056, 3.94079017639, 1.7411699295, 0.552077710629, 0.0223148781806, 0.000426118291216],
        "var": [0.234566837549, 17.2213382721, 22.7420101166, 10.9836425781, 176.319869995, 198.279632568, 408.42401123, 174.632583618, 842.777832031, 1535.60168457, 2010.89379883, 1582.98718262, 1151.46154785, 626.529602051, 206.015228271, 71.6405029297, 99.7164382935, 333.194519043, 775.754882812, 640.388122559, 1016.48956299, 159.005401611, 369.717407227, 247.819259644, 497.549194336, 1388.2442627, 15778.3662109, 35080.984375, 10415.7226562, 1110.23071289, 416.877563477, 384.986724854, 382.764221191, 400.566009521, 127.181144714, 15.5298271179, 3.03167271614, 0.30478978157, 0.000497953791637, 1.81576794489e-07]
    },
    "gfcc": {
        "mean": [25.6546497345, 24.0455780029, -67.1839828491, 29.8218021393, -75.4415512085, 8.3421421051, -52.4947013855, 7.3096909523, -27.9084339142, 13.3596076965, -23.1742763519, 0.0103506967425, -13.7744617462],
        "cov": [[4835.59521484, -809.637390137, 179.135559082, 229.046218872, 364.279754639, 69.977684021, 209.807800293, 65.7342758179, 117.506530762, 191.759368896, -122.335975647, 151.852371216, 44.5464401245], [-809.637390137, 1269.40698242, -318.592041016, 38.6166610718, -65.8963546753, 38.324836731, -8.66033744812, 44.9554748535, 35.1051101685, -9.03821182251, 108.424949646, -88.5898590088, 18.6663703918], [179.135559082, -318.592041016, 694.283508301, 191.380157471, 194.812667847, 163.5284729, 153.448303223, 74.1449279785, 63.4647903442, 85.0625305176, 42.7267990112, 78.1833190918, -12.618013382], [229.046218872, 38.6166610718, 191.380157471, 633.065307617, 323.02822876, 176.212509155, 235.101974487, 69.0931777954, 71.0244445801, 123.044662476, 81.5114974976, 79.5547561646, 50.4912223816], [364.279754639, -65.8963546753, 194.812667847, 323.02822876, 484.088226318, 206.39881897, 172.255157471, 89.7069091797, 111.122543335, 91.788192749, 11.7913417816, 42.8987770081, 28.7612533569], [69.977684021, 38.324836731, 163.5284729, 176.212509155, 206.39881897, 285.987884521, 177.233032227, 125.556427002, 71.9753952026, 61.4412918091, 44.1404266357, 24.1274280548, 17.7210884094], [209.807800293, -8.66033744812, 153.448303223, 235.101974487, 172.255157471, 177.233032227, 400.473327637, 140.031143188, 82.4197158813, 105.88659668, 45.2574768066, 68.074005127, 35.2678375244], [65.7342758179, 44.9554748535, 74.1449279785, 69.0931777954, 89.7069091797, 125.556427002, 140.031143188, 188.266235352, 111.456344604, 61.2810401917, 43.8433456421, 35.428237915, 29.328289032], [117.506530762, 35.1051101685, 63.4647903442, 71.0244445801, 111.122543335, 71.9753952026, 82.4197158813, 111.456344604, 174.304885864, 93.3828887939, 21.3604183197, 29.6640815735, 19.6215362549], [191.759368896, -9.03821182251, 85.0625305176, 123.044662476, 91.788192749, 61.4412918091, 105.88659668, 61.2810401917, 93.3828887939, 135.284469604, 68.5503463745, 43.1759719849, 15.127081871], [-122.335975647, 108.424949646, 42.7267990112, 81.5114974976, 11.7913417816, 44.1404266357, 45.2574768066, 43.8433456421, 21.3604183197, 68.5503463745, 128.200515747, 58.4990615845, 12.3224592209], [151.852371216, -88.5898590088, 78.1833190918, 79.5547561646, 42.8987770081, 24.1274280548, 68.074005127, 35.428237915, 29.6640815735, 43.1759719849, 58.4990615845, 121.285896301, 51.8432426453], [44.5464401245, 18.6663703918, -12.618013382, 50.4912223816, 28.7612533569, 17.7210884094, 35.2678375244, 29.328289032, 19.6215362549, 15.127081871, 12.3224592209, 51.8432426453, 93.8105697632]],
        "icov": [[0.000293065822916, 6.18316480541e-05, 9.08460424398e-05, -6.80244193063e-06, -0.000133572204504, -3.13673666597e-07, 0.000104058541183, -0.00024989125086, 0.000426940299803, -0.000945212319493, 0.000971965491772, -0.000653800263535, 0.000241187895881], [6.18316480541e-05, 0.00145125051495, 0.000550346798263, -0.000224234259804, 0.000109186439659, -0.000144989855471, -0.000406311854022, 0.000542124733329, -0.00150418421254, 0.00179741973989, -0.00293110031635, 0.00244045699947, -0.00108513119631], [9.08460424398e-05, 0.000550346798263, 0.00221357797273, -0.00022886156512, -0.000204722426133, -0.000906795496121, -5.96360514464e-05, -5.15733245265e-06, -8.5587889771e-05, -0.000405673898058, -3.19159807987e-05, -0.00102442980278, 0.00118001259398], [-6.80244193063e-06, -0.000224234259804, -0.00022886156512, 0.00313808047213, -0.00167649239302, -9.29702218855e-05, -0.000972789945081, 0.000926224864088, 0.000589456467424, -0.000977928400971, -0.000940217112657, -0.000175876673893, -0.000809125252999], [-0.000133572204504, 0.000109186439659, -0.000204722426133, -0.00167649239302, 0.00457252841443, -0.00230740220286, 0.000214795320062, 0.000711912114639, -0.00175463524647, -0.000140557487612, 0.00143311393913, -0.000203602830879, -3.88941953133e-05], [-3.13673666597e-07, -0.000144989855471, -0.000906795496121, -9.29702218855e-05, -0.00230740220286, 0.00784665346146, -0.00150959310122, -0.00324298511259, 0.000693795853294, 0.00123463314958, -0.00210241298191, 0.00222224229947, -0.000532505335286], [0.000104058541183, -0.000406311854022, -5.96360514464e-05, -0.000972789945081, 0.000214795320062, -0.00150959310122, 0.0053954324685, -0.00347221433185, 0.00297474209219, -0.00466503854841, 0.00416759122163, -0.00309431809001, 0.00111608346924], [-0.00024989125086, 0.000542124733329, -5.15733245265e-06, 0.000926224864088, 0.000711912114639, -0.00324298511259, -0.00347221433185, 0.0145987970755, -0.00978685449809, 0.00622446695343, -0.00673019327223, 0.00290096271783, -0.00302858417854], [0.000426940299803, -0.00150418421254, -8.5587889771e-05, 0.000589456467424, -0.00175463524647, 0.000693795853294, 0.00297474209219, -0.00978685449809, 0.0186555553228, -0.0150237493217, 0.0108869075775, -0.00578616978601, 0.00240422273055], [-0.000945212319493, 0.00179741973989, -0.000405673898058, -0.000977928400971, -0.000140557487612, 0.00123463314958, -0.00466503854841, 0.00622446695343, -0.0150237493217, 0.0277939904481, -0.0182291343808, 0.00791841559112, -0.00314029189758], [0.000971965491772, -0.00293110031635, -3.19159807987e-05, -0.000940217112657, 0.00143311393913, -0.00210241298191, 0.00416759122163, -0.00673019327223, 0.0108869075775, -0.0182291343808, 0.0276255104691, -0.0155679341406, 0.00675554107875], [-0.000653800263535, 0.00244045699947, -0.00102442980278, -0.000175876673893, -0.000203602830879, 0.00222224229947, -0.00309431809001, 0.00290096271783, -0.00578616978601, 0.00791841559112, -0.0155679341406, 0.0229610539973, -0.0110301040113], [0.000241187895881, -0.00108513119631, 0.00118001259398, -0.000809125252999, -3.88941953133e-05, -0.000532505335286, 0.00111608346924, -0.00302858417854, 0.00240422273055, -0.00314029189758, 0.00675554107875, -0.0110301040113, 0.0172069258988]]
    },
    "melbands": {
        "dmean": [0.0018653201405, 0.00169206049759, 0.00038415324525, 0.000461146701127, 0.000296886457363, 0.000150746418512, 0.000189476224477, 0.000160861061886, 0.000106210929516, 6.21477738605e-05, 4.10169486713e-05, 2.40558147198e-05, 1.27405292005e-05, 9.63503771345e-06, 5.84295139561e-06, 9.22866274777e-06, 1.46852244143e-05, 1.35892942126e-05, 1.31890456032e-05, 1.94395124709e-05, 1.24528305605e-05, 5.37878304385e-06, 7.02007446307e-06, 7.83241102909e-06, 6.47722936264e-06, 8.76947069628e-06, 1.09279426397e-05, 1.54875015141e-05, 3.13244418066e-05, 5.18098095199e-05, 5.8096855355e-05, 3.17415251629e-05, 1.52864631673e-05, 9.12071300263e-06, 6.74093098496e-06, 5.76260481466e-06, 7.52921096137e-06, 7.63982552598e-06, 9.12934774533e-06, 9.96678681986e-06],
        "dmean2": [0.00297871651128, 0.00284022907726, 0.000615953758825, 0.000729669001885, 0.00046413304517, 0.000233425249462, 0.000295168138109, 0.000250328710536, 0.000162885829923, 9.91712295217e-05, 6.36950862827e-05, 3.8015699829e-05, 1.94204239961e-05, 1.51737094711e-05, 9.46632371779e-06, 1.44610530697e-05, 2.31504782278e-05, 1.99824335141e-05, 2.04888892767e-05, 2.94680339721e-05, 1.80513907253e-05, 8.036872714e-06, 1.07906544144e-05, 1.22022183859e-05, 1.0455994925e-05, 1.49072875502e-05, 1.88348403753e-05, 2.73538262263e-05, 5.77954706387e-05, 9.56121293711e-05, 0.000109203407192, 5.89840637986e-05, 2.72243632935e-05, 1.48491226355e-05, 1.02314197648e-05, 8.57931354403e-06, 1.17306944958e-05, 1.14964868771e-05, 1.38674722621e-05, 1.44119649121e-05],
        "dvar": [1.58424754773e-05, 1.39204712468e-05, 5.05771993176e-07, 6.54580503578e-07, 2.1370453851e-07, 3.73658508579e-08, 7.69952848145e-08, 1.0444567522e-07, 8.02531161526e-08, 6.30828793646e-08, 2.58125378849e-08, 4.82307482841e-09, 1.73791858682e-09, 7.9198692049e-10, 2.30571034487e-10, 4.82981321603e-10, 1.06189268489e-09, 1.82903325818e-09, 5.9794619256e-10, 1.91577487207e-09, 6.78936851184e-10, 1.3560852441e-10, 2.43087078244e-10, 2.39831016158e-10, 1.63614996551e-10, 3.19751169986e-10, 4.49336484687e-10, 9.52755097039e-10, 6.11939299233e-09, 1.8142984004e-08, 2.54099870034e-08, 6.57167342766e-09, 1.26918597854e-09, 2.42804720774e-10, 9.93609569622e-11, 7.84951686983e-11, 1.15862493211e-10, 1.07718611808e-10, 1.63241406503e-10, 1.98441138521e-10],
        "dvar2": [3.2397609175e-05, 3.69250192307e-05, 1.26205600282e-06, 1.66232928223e-06, 4.65628204438e-07, 8.42037906068e-08, 1.82480306421e-07, 2.55395718796e-07, 2.10718582139e-07, 1.87894414694e-07, 6.33207335454e-08, 9.80288561436e-09, 3.51978335367e-09, 1.63054103552e-09, 5.87703108401e-10, 1.23522603257e-09, 2.47739762038e-09, 3.42492834093e-09, 1.41741995918e-09, 4.4437444835e-09, 1.28140076328e-09, 3.07953107459e-10, 5.58547375018e-10, 5.51161338791e-10, 3.94937416104e-10, 8.26553325783e-10, 1.21010645948e-09, 2.56618748473e-09, 1.71481620015e-08, 5.11643811762e-08, 7.26322753053e-08, 1.86486026621e-08, 3.54932105928e-09, 5.99235383536e-10, 2.15738468756e-10, 1.60299939989e-10, 2.4275173538e-10, 2.40690606335e-10, 3.49475337558e-10, 4.21989859722e-10],
        "max": [0.0264289230108, 0.0244860388339, 0.00898205954581, 0.00903591606766, 0.00715885031968, 0.00233752490021, 0.00312549294904, 0.00594579614699, 0.0053474418819, 0.00462900195271, 0.00337824854068, 0.00129485200159, 0.000824632414151, 0.000816525425762, 0.000325891713146, 0.000514115614351, 0.0004080128856, 0.00133653916419, 0.000259404769167, 0.000569589203224, 0.000317324447678, 0.000200842070626, 0.000220434507355, 0.000184620948858, 0.000188603706192, 0.000147963626659, 0.000236930020037, 0.000172340980498, 0.000475970649859, 0.000810910249129, 0.000967200205196, 0.000489882251713, 0.000297546968795, 0.000223995433771, 0.000125409598695, 0.000155963629368, 0.000168267506524, 0.000145856785821, 0.000215889333049, 0.000171696141479],
        "mean": [0.00220208987594, 0.00173269328661, 0.000621805957053, 0.000755099696107, 0.000538701191545, 0.000290863972623, 0.000350036891177, 0.000278200343018, 0.000157061818754, 8.70628064149e-05, 5.86306341575e-05, 3.19123573718e-05, 1.82220464922e-05, 1.47826185639e-05, 7.87080534792e-06, 1.29521167764e-05, 1.84068958333e-05, 1.65246856341e-05, 1.60795461852e-05, 2.39118035097e-05, 1.6142586901e-05, 6.27487179372e-06, 7.62568288337e-06, 8.382510714e-06, 6.49930279906e-06, 8.07718242868e-06, 1.03333959487e-05, 1.30291364258e-05, 2.22655999096e-05, 3.40966616932e-05, 3.60446829291e-05, 2.13115145016e-05, 1.24111420519e-05, 9.93179219222e-06, 8.30865701573e-06, 7.35657749829e-06, 8.38571941131e-06, 8.80585321283e-06, 1.02732938103e-05, 1.20689774121e-05],
        "median": [0.000137270923005, 0.000465790915769, 0.000397632102249, 0.000471738458145, 0.000331657996867, 0.000199415226234, 0.000198903100681, 0.000106028011942, 4.87666475237e-05, 2.46374438575e-05, 1.42286462506e-05, 6.18395870333e-06, 6.03953913014e-06, 6.33503896097e-06, 3.16241516884e-06, 5.72181579628e-06, 5.45163948118e-06, 5.03430055687e-06, 4.90529737363e-06, 5.3559351727e-06, 3.54636767952e-06, 1.70174018876e-06, 2.07122707252e-06, 2.31925650951e-06, 2.14927786146e-06, 2.3915397378e-06, 3.74879004994e-06, 3.38063182426e-06, 3.55472207048e-06, 3.28540795635e-06, 2.78965444522e-06, 3.34471928909e-06, 3.15080978908e-06, 4.32815068052e-06, 4.19946536567e-06, 3.479358611e-06, 3.46812953467e-06, 3.99850478061e-06, 4.42113150712e-06, 4.60708042738e-06],
        "min": [4.09753326277e-24, 5.59674171946e-24, 3.82685418137e-24, 6.10179847555e-24, 1.13112169847e-23, 1.14357378898e-23, 1.56636347558e-23, 1.29908809234e-23, 1.63482271821e-23, 9.15305684225e-24, 2.57400438213e-23, 1.5796032437e-23, 1.45744103278e-23, 7.37532487131e-24, 6.22870489595e-24, 6.58350455441e-24, 9.34559491225e-24, 7.47724333369e-24, 5.16805261546e-24, 1.45349309949e-23, 6.85356990202e-24, 1.15882933336e-23, 1.28929469974e-23, 8.4351287319e-24, 5.57031369585e-24, 6.78680860361e-24, 8.16226174479e-24, 1.13939456167e-23, 1.1074191104e-23, 1.50444325878e-23, 1.16170275921e-23, 6.795965701e-24, 1.08440646007e-23, 1.1735537377e-23, 1.11168929336e-23, 1.12429789387e-23, 1.36419499166e-23, 1.4762744558e-23, 1.21192677203e-23, 1.28900037574e-23],
        "stdev": [0.00458957254887, 0.00343753723428, 0.000782214978244, 0.000961131183431, 0.00071625347482, 0.000291606469546, 0.000430072279414, 0.000445333949756, 0.000328090623952, 0.000264629168669, 0.000175388748175, 9.98233372229e-05, 5.65202462894e-05, 3.69536028302e-05, 1.59103110491e-05, 2.29115485126e-05, 3.78909280698e-05, 5.18348169862e-05, 2.81921602436e-05, 5.03284645674e-05, 3.47311761288e-05, 1.31670512928e-05, 1.63069471455e-05, 1.64223565662e-05, 1.26434351841e-05, 1.61724128702e-05, 1.84671225725e-05, 2.6256633646e-05, 6.12769363215e-05, 0.000104667218693, 0.000120951815916, 6.24382810201e-05, 2.87557559204e-05, 1.68049955391e-05, 1.20943668662e-05, 1.14172034955e-05, 1.31449160108e-05, 1.30182042994e-05, 1.61092430062e-05, 1.85020089702e-05],
        "var": [2.10641755984e-05, 1.1816661754e-05, 6.11860230038e-07, 9.23773143313e-07, 5.1301901749e-07, 8.50343369052e-08, 1.84962175354e-07, 1.98322325673e-07, 1.07643451486e-07, 7.00285909261e-08, 3.07612104677e-08, 9.96469839976e-09, 3.19453818953e-09, 1.36556876917e-09, 2.53138010553e-10, 5.24939092195e-10, 1.43572254085e-09, 2.6868482994e-09, 7.94797949677e-10, 2.53295429076e-09, 1.20625465172e-09, 1.73371234036e-10, 2.65916511033e-10, 2.69693767319e-10, 1.59856461401e-10, 2.61546923008e-10, 3.41034589457e-10, 6.89410806221e-10, 3.75486308712e-09, 1.09552260597e-08, 1.46293412939e-08, 3.89853926919e-09, 8.26893498118e-10, 2.82407847108e-10, 1.46273715362e-10, 1.30352534322e-10, 1.72788811037e-10, 1.69473643452e-10, 2.59507720868e-10, 3.42324335545e-10]
    },
    "melbands128": {
