{
"lowlevel": {
    "average_loudness": 0.985545635223,
    "barkbands_crest": {
        "dmean": 2.83059930801,
        "dmean2": 4.30120611191,
        "dvar": 9.08049201965,
        "dvar2": 21.0890769958,
        "max": 24.2821826935,
        "mean": 10.494011879,
        "median": 9.28709697723,
        "min": 2.20016479492,
        "stdev": 5.51786136627,
        "var": 30.4467926025
    },
    "barkbands_flatness_db": {
        "dmean": 0.0364949852228,
        "dmean2": 0.0494692772627,
        "dvar": 0.00134982785676,
        "dvar2": 0.00228521670215,
        "max": 0.403641015291,
        "mean": 0.166551411152,
        "median": 0.152507632971,
        "min": 0.0219319276512,
        "stdev": 0.0728218108416,
        "var": 0.0053030163981
    },
    "barkbands_kurtosis": {
        "dmean": 15.75340271,
        "dmean2": 21.6298503876,
        "dvar": 898.881408691,
        "dvar2": 1423.41223145,
        "max": 326.628387451,
        "mean": 18.7739009857,
        "median": 5.6034860611,
        "min": -1.89925456047,
        "stdev": 41.9242744446,
        "var": 1757.64477539
    },
    "barkbands_skewness": {
        "dmean": 1.50486004353,
        "dmean2": 1.93686664104,
        "dvar": 2.9509036541,
        "dvar2": 4.83193588257,
        "max": 15.3837280273,
        "mean": 1.54082989693,
        "median": 0.774736642838,
        "min": -3.35863471031,
        "stdev": 3.69763803482,
        "var": 13.6725263596
    },
    "barkbands_spread": {
        "dmean": 14.8073348999,
        "dmean2": 20.7096843719,
        "dvar": 226.072662354,
        "dvar2": 494.550537109,
        "max": 113.530937195,
        "mean": 33.8792037964,
        "median": 27.2919635773,
        "min": 0.858443856239,
        "stdev": 25.8509559631,
        "var": 668.271911621
    },
    "dissonance": {
        "dmean": 0.0168770756572,
        "dmean2": 0.0248545221984,
        "dvar": 0.000672914728057,
        "dvar2": 0.00138845155016,
        "max": 0.499989718199,
        "mean": 0.470190823078,
        "median": 0.484909325838,
        "min": 0.110433734953,
        "stdev": 0.0383598953485,
        "var": 0.00147148163524
    },
    "dynamic_complexity": 5.82465839386,
    "erbbands_crest": {
        "dmean": 2.39157533646,
        "dmean2": 3.73389816284,
        "dvar": 7.03265523911,
        "dvar2": 14.3559131622,
        "max": 27.6605892181,
        "mean": 7.61746072769,
        "median": 5.98504447937,
        "min": 2.49931669235,
        "stdev": 4.5291223526,
        "var": 20.5129489899
    },
    "erbbands_flatness_db": {
        "dmean": 0.0206550080329,
        "dmean2": 0.0285690929741,
        "dvar": 0.000423052726546,
        "dvar2": 0.000939682126045,
        "max": 0.321579545736,
        "mean": 0.136257067323,
        "median": 0.125217154622,
        "min": 0.0527993887663,
        "stdev": 0.0481598749757,
        "var": 0.00231937342323
    },
    "erbbands_kurtosis": {
        "dmean": 2.59620094299,
        "dmean2": 3.85804247856,
        "dvar": 18.2284030914,
        "dvar2": 42.2171630859,
        "max": 62.3716049194,
        "mean": 2.55231046677,
        "median": 1.19466114044,
        "min": -1.82493162155,
        "stdev": 5.14573097229,
        "var": 26.4785480499
    },
    "erbbands_skewness": {
        "dmean": 0.747614681721,
        "dmean2": 1.06945824623,
        "dvar": 0.804204583168,
        "dvar2": 1.97505128384,
        "max": 5.75659751892,
        "mean": -0.334994643927,
        "median": -0.551366090775,
        "min": -2.82266569138,
        "stdev": 1.47576153278,
        "var": 2.17787194252
    },
    "erbbands_spread": {
        "dmean": 20.971616745,
        "dmean2": 28.9508228302,
        "dvar": 477.083557129,
        "dvar2": 1047.92749023,
        "max": 178.863372803,
        "mean": 61.7981491089,
        "median": 52.4794616699,
        "min": 3.11140489578,
        "stdev": 42.0196456909,
        "var": 1765.65075684
    },
    "hfc": {
        "dmean": 47.2723083496,
        "dmean2": 70.9846725464,
        "dvar": 9534.99414062,
        "dvar2": 21855.3261719,
        "max": 593.760192871,
        "mean": 47.9139404297,
        "median": 7.09238624573,
        "min": 1.1814265994e-16,
        "stdev": 102.251144409,
        "var": 10455.296875
    },
    "loudness_ebu128": {
        "integrated": -14.6690893173,
        "loudness_range": 0.916044235229,
        "momentary": {
            "dmean": 1.88688910007,
            "dmean2": 3.43162631989,
            "dvar": 1.26192820072,
            "dvar2": 3.66745400429,
            "max": -12.1460933685,
            "mean": -14.8775482178,
            "median": -14.6704883575,
            "min": -18.5995445251,
            "stdev": 1.39948892593,
            "var": 1.95856940746
        },
        "short_term": {
            "dmean": 0.192256629467,
            "dmean2": 0.362099379301,
            "dvar": 0.0184251461178,
            "dvar2": 0.0340620949864,
            "max": -13.807050705,
            "mean": -14.6745147705,
            "median": -14.7211694717,
            "min": -15.1851024628,
            "stdev": 0.282940715551,
            "var": 0.0800554454327
        }
    },
    "melbands_crest": {
        "dmean": 4.2418961525,
        "dmean2": 6.15772819519,
        "dvar": 23.1384143829,
        "dvar2": 36.2380523682,
        "max": 38.5273475647,
        "mean": 16.6248588562,
        "median": 14.0660438538,
        "min": 2.38552093506,
        "stdev": 10.6338043213,
        "var": 113.077796936
    },
    "melbands_flatness_db": {
        "dmean": 0.0467653870583,
        "dmean2": 0.0604714863002,
        "dvar": 0.0027565760538,
        "dvar2": 0.0046176831238,
        "max": 0.514570057392,
        "mean": 0.186073422432,
        "median": 0.154391795397,
        "min": 0.0105801271275,
        "stdev": 0.119366131723,
        "var": 0.0142482733354
    },
    "melbands_kurtosis": {
        "dmean": 75.042175293,
        "dmean2": 97.4396820068,
        "dvar": 34968.2617188,
        "dvar2": 53656.4882812,
        "max": 2392.01904297,
        "mean": 94.9443817139,
        "median": 12.4288253784,
        "min": -1.84268629551,
        "stdev": 255.81690979,
        "var": 65442.2890625
    },
    "melbands_skewness": {
        "dmean": 2.63354086876,
        "dmean2": 3.28669929504,
        "dvar": 12.3803033829,
        "dvar2": 16.6939907074,
        "max": 42.4340171814,
        "mean": 5.0340051651,
        "median": 3.22947311401,
        "min": -2.08608031273,
        "stdev": 6.83262014389,
        "var": 46.6847000122
    },
    "melbands_spread": {
        "dmean": 27.0045623779,
        "dmean2": 36.3734283447,
        "dvar": 1120.0065918,
        "dvar2": 2300.17089844,
        "max": 247.248077393,
        "mean": 69.6133422852,
        "median": 37.7840538025,
        "min": 0.300758600235,
        "stdev": 72.3351669312,
        "var": 5232.37646484
    },
    "pitch_salience": {
        "dmean": 0.0837473347783,
        "dmean2": 0.118266843259,
        "dvar": 0.0111006842926,
        "dvar2": 0.0148680601269,
        "max": 0.935189247131,
        "mean": 0.565120577812,
        "median": 0.65954464674,
        "min": 0.0363206900656,
        "stdev": 0.224518015981,
        "var": 0.0504083372653
    },
    "silence_rate_20dB": {
        "dmean": 0,
        "dmean2": 0,
        "dvar": 0,
        "dvar2": 0,
        "max": 1,
        "mean": 1,
        "median": 1,
        "min": 1,
        "stdev": 0,
        "var": 0
    },
    "silence_rate_30dB": {
        "dmean": 0.0866873040795,
        "dmean2": 0.173508912325,
        "dvar": 0.0791727602482,
        "dvar2": 0.183682903647,
        "max": 1,
        "mean": 0.93348801136,
        "median": 1,
        "min": 0,
        "stdev": 0.249176010489,
        "var": 0.0620886869729
    },
    "silence_rate_60dB": {
        "dmean": 0.173374608159,
        "dmean2": 0.34701782465,
        "dvar": 0.14331638813,
        "dvar2": 0.226597934961,
        "max": 1,
        "mean": 0.493426144123,
        "median": 0,
        "min": 0,
        "stdev": 0.499958068132,
        "var": 0.249958083034
    },
    "spectral_centroid": {
        "dmean": 548.175109863,
        "dmean2": 771.821289062,
        "dvar": 635365.75,
        "dvar2": 1009097.25,
        "max": 11258.1953125,
        "mean": 2517.60644531,
        "median": 2629.89526367,
        "min": 236.655136108,
        "stdev": 1491.52380371,
        "var": 2224643.25
    },
    "spectral_complexity": {
        "dmean": 6.08049535751,
        "dmean2": 8.62509727478,
        "dvar": 98.171043396,
        "dvar2": 175.141723633,
        "max": 58,
        "mean": 8.58855342865,
        "median": 3,
        "min": 0,
        "stdev": 12.3901796341,
        "var": 153.516540527
    },
    "spectral_decrease": {
        "dmean": 4.01859479027e-09,
        "dmean2": 5.37431654735e-09,
        "dvar": 6.80038151772e-17,
        "dvar2": 1.31063565216e-16,
        "max": -3.64366866735e-29,
        "mean": -4.52222836955e-09,
        "median": -2.72131345236e-10,
        "min": -4.66001957022e-08,
        "stdev": 1.00176418272e-08,
        "var": 1.00353148251e-16
    },
    "spectral_energy": {
        "dmean": 0.0193463601172,
        "dmean2": 0.0264498777688,
        "dvar": 0.00113924941979,
        "dvar2": 0.00227473326959,
        "max": 0.1914845258,
        "mean": 0.0214138925076,
        "median": 0.00287011195906,
        "min": 1.08534125835e-20,
        "stdev": 0.0403315834701,
        "var": 0.00162663648371
    },
    "spectral_energyband_high": {
        "dmean": 0.00505180936307,
        "dmean2": 0.00751414895058,
        "dvar": 0.000121545817819,
        "dvar2": 0.000276181468507,
        "max": 0.0689978301525,
        "mean": 0.00518786301836,
        "median": 0.000673775386531,
        "min": 7.76020137901e-21,
        "stdev": 0.0116392616183,
        "var": 0.000135472408147
    },
    "spectral_energyband_low": {
        "dmean": 0.0122799305245,
        "dmean2": 0.0161908362061,
        "dvar": 0.000834711536299,
        "dvar2": 0.00156895210966,
        "max": 0.165109708905,
        "mean": 0.0136317554861,
        "median": 5.83781184105e-05,
        "min": 8.74807805716e-23,
        "stdev": 0.0352740809321,
        "var": 0.00124426081311
    },
    "spectral_energyband_middle_high": {
        "dmean": 0.00213176198304,
        "dmean2": 0.00333805358969,
        "dvar": 2.42457899731e-05,
        "dvar2": 5.95031742705e-05,
        "max": 0.0390577688813,
        "mean": 0.00184180121869,
        "median": 0.000129950494738,
        "min": 1.52008230632e-21,
        "stdev": 0.004611346405,
        "var": 2.12645154534e-05
    },
    "spectral_energyband_middle_low": {
        "dmean": 0.00031282773125,
        "dmean2": 0.00056079874048,
        "dvar": 5.21966057931e-07,
        "dvar2": 1.4313200154e-06,
        "max": 0.00571369612589,
        "mean": 0.000540478096809,
        "median": 0.000381530117011,
        "min": 4.95500977862e-22,
        "stdev": 0.000629566260614,
        "var": 3.96353641463e-07
    },
    "spectral_entropy": {
        "dmean": 0.24589368701,
        "dmean2": 0.357030838728,
        "dvar": 0.134646594524,
        "dvar2": 0.295610100031,
        "max": 9.80124282837,
        "mean": 8.2129240036,
        "median": 8.40212440491,
        "min": 5.44933891296,
        "stdev": 0.525726318359,
        "var": 0.276388138533
    },
    "spectral_flux": {
        "dmean": 0.0453324876726,
        "dmean2": 0.0661449953914,
        "dvar": 0.00496262358502,
        "dvar2": 0.0118358042091,
        "max": 0.402394533157,
        "mean": 0.0796053037047,
        "median": 0.0392508246005,
        "min": 1.04179713467e-10,
        "stdev": 0.0827359333634,
        "var": 0.0068452344276
    },
    "spectral_kurtosis": {
        "dmean": 0.709663212299,
        "dmean2": 1.02828299999,
        "dvar": 1.34682154655,
        "dvar2": 3.49306464195,
        "max": 15.3522052765,
        "mean": 1.08208692074,
        "median": 0.765558719635,
        "min": -1.1701464653,
        "stdev": 1.32343888283,
        "var": 1.75149047375
    },
    "spectral_rms": {
        "dmean": 0.00166122720111,
        "dmean2": 0.00198558857664,
        "dvar": 5.5000273278e-06,
        "dvar2": 9.88464580587e-06,
        "max": 0.0136679979041,
        "mean": 0.00312388013117,
        "median": 0.00167335267179,
        "min": 3.25402747282e-12,
        "stdev": 0.00333660491742,
        "var": 1.1132932741e-05
    },
    "spectral_rolloff": {
        "dmean": 1651.9576416,
        "dmean2": 2521.70410156,
        "dvar": 7381827.5,
        "dvar2": 11135746,
        "max": 18669.2871094,
        "mean": 6114.12158203,
        "median": 7730.41992188,
        "min": 43.06640625,
        "stdev": 5262.70458984,
        "var": 27696062
    },
    "spectral_skewness": {
        "dmean": 0.213146835566,
        "dmean2": 0.2946806252,
        "dvar": 0.0688783600926,
        "dvar2": 0.173242241144,
        "max": 3.5871784687,
        "mean": 1.00207281113,
        "median": 0.95907074213,
        "min": -0.033727042377,
        "stdev": 0.372264951468,
        "var": 0.138581201434
    },
    "spectral_spread": {
        "dmean": 1066682,
        "dmean2": 1425058.125,
        "dvar": 1.43485199974e+12,
        "dvar2": 2.95464337408e+12,
        "max": 40412044,
        "mean": 8811796,
        "median": 8806377,
        "min": 3686940.75,
        "stdev": 2264261.5,
        "var": 5.12687970714e+12
    },
    "spectral_strongpeak": {
        "dmean": 0.68276911974,
        "dmean2": 1.06919538975,
        "dvar": 2.09750628471,
        "dvar2": 4.57138776779,
        "max": 11.9738445282,
        "mean": 0.803240418434,
        "median": 0.159481942654,
        "min": 0,
        "stdev": 1.62983775139,
        "var": 2.65637111664
    },
    "zerocrossingrate": {
        "dmean": 0.0403890237212,
        "dmean2": 0.0377829819918,
        "dvar": 0.00170827982947,
        "dvar2": 0.00134460942354,
        "max": 0.5009765625,
        "mean": 0.193409219384,
        "median": 0.1787109375,
        "min": 0.00537109375,
        "stdev": 0.128657951951,
        "var": 0.0165528692305
    },
    "barkbands": {
        "dmean": [0.00175999500789, 0.010883343406, 0.00042264565127, 9.23181578401e-05, 0.000124416867038, 4.9602418585e-05, 3.56285454473e-05, 1.33320554596e-05, 4.19474308728e-05, 5.77904465899e-05, 7.08208972355e-05, 0.000120486380183, 0.000147636397742, 0.000260315136984, 0.000231846104725, 0.00016148010036, 0.000172912652488, 0.000345254404237, 0.000375128671294, 0.000575913116336, 0.000650368514471, 0.00104509131052, 0.000720617244951, 0.00077744043665, 0.000904764456209, 0.000731023494154, 5.90891831962e-05],
        "dmean2": [0.0018601489719, 0.0150194969028, 0.000820950779598, 0.000173442313098, 0.000223700160859, 8.57682607602e-05, 6.08324444329e-05, 2.49787408393e-05, 7.65196018619e-05, 0.000104601531348, 0.000118759504403, 0.000204678915907, 0.000251049117651, 0.000435644033132, 0.000395854614908, 0.000266938324785, 0.0002819148649, 0.00052942649927, 0.000596641970333, 0.00090527033899, 0.000956384639721, 0.00156337826047, 0.0011010953458, 0.00118962745182, 0.00142961146776, 0.00112720392644, 9.44126804825e-05],
        "dvar": [1.22160554383e-05, 0.000705391808879, 2.39485120801e-06, 7.82491724749e-08, 4.4582858294e-08, 1.63083893057e-08, 1.06540261058e-08, 2.90777046885e-09, 2.82227841097e-08, 5.43735474423e-08, 6.15618063193e-08, 1.5174302348e-07, 2.51909995086e-07, 1.09863117359e-06, 7.64433480072e-07, 2.16536875541e-07, 2.13862293208e-07, 5.16284444529e-07, 6.07098002092e-07, 1.43603506331e-06, 2.00070235223e-06, 6.27874624115e-06, 2.82212681668e-06, 3.01899353872e-06, 3.87944237445e-06, 2.67067616733e-06, 1.84341359954e-08],
        "dvar2": [1.42954231706e-05, 0.00142560701352, 6.96570259606e-06, 2.28417505355e-07, 1.30768327722e-07, 4.29690274473e-08, 2.8930143614e-08, 8.31687430036e-09, 8.00866999384e-08, 1.54200947122e-07, 1.39438668612e-07, 3.66692006537e-07, 6.24196104582e-07, 2.83892745756e-06, 2.06143204196e-06, 5.56185284495e-07, 5.67692723052e-07, 1.22388723867e-06, 1.43878366998e-06, 3.15603006129e-06, 4.42133659817e-06, 1.44288487718e-05, 6.75304954711e-06, 6.8977351475e-06, 9.56555959419e-06, 6.43965631753e-06, 4.36622649147e-08],
        "max": [0.0244638379663, 0.152744174004, 0.010491926223, 0.00274993292987, 0.00196974887513, 0.00117971864529, 0.000896390236448, 0.000510326528456, 0.00178079493344, 0.00271130958572, 0.0024423385039, 0.00384533172473, 0.00434486893937, 0.0117279049009, 0.00837118551135, 0.00469451909885, 0.00541829783469, 0.00525907380506, 0.00553187774494, 0.00782932434231, 0.0120957326144, 0.0194649975747, 0.0127602703869, 0.0121354004368, 0.0132459141314, 0.0117183700204, 0.00109824363608],
        "mean": [0.00258898735046, 0.0110313137993, 0.000238691063714, 7.70098922658e-05, 0.000234720966546, 9.6031690191e-05, 8.72278105817e-05, 1.0164251762e-05, 2.79159776255e-05, 4.08698142564e-05, 5.73939541937e-05, 9.16145436349e-05, 0.000110736626084, 0.000193844694877, 0.000167927777511, 0.000136105023557, 0.000142154254718, 0.000310359144351, 0.000326997309458, 0.000528387783561, 0.000641318853013, 0.00107740086969, 0.000715335423592, 0.000838041189127, 0.000866211310495, 0.00071525934618, 6.18341000518e-05],
        "median": [4.98453459841e-07, 1.38742043418e-05, 1.44486084537e-05, 3.46968954545e-05, 0.000178136775503, 4.04826532758e-05, 5.28095142727e-06, 1.39634278185e-06, 1.12925226858e-06, 7.10703761797e-06, 1.42818475979e-06, 2.0596169179e-06, 2.2155879833e-06, 4.17236742578e-06, 5.40559040019e-06, 9.23203060665e-06, 9.63649199548e-06, 1.67688122019e-05, 2.00892791327e-05, 4.61681229353e-05, 6.31526054349e-05, 8.4451836301e-05, 9.31457689148e-05, 0.000128456958919, 0.000125124075566, 9.79878750513e-05, 6.98098710927e-06],
        "min": [2.99956375938e-23, 1.46930155649e-23, 3.12818027246e-23, 3.60000555293e-23, 1.05043998698e-22, 9.99969076472e-24, 4.98944235806e-23, 2.10075123186e-22, 7.67639789564e-23, 1.90260956731e-22, 6.86418229e-23, 7.63859126344e-23, 4.92458189889e-23, 6.52312679733e-23, 1.02747025069e-22, 2.1493114897e-22, 2.06785699429e-22, 1.24826888396e-22, 2.5988157931e-22, 3.69484853252e-22, 2.87145874371e-22, 6.38426670452e-22, 5.22314372652e-22, 8.85919927619e-22, 1.35015777983e-21, 1.9583842295e-21, 2.11853091973e-21],
        "stdev": [0.00575568433851, 0.0302120242268, 0.00113165238872, 0.00020759893232, 0.00019874991267, 0.000142723030876, 0.000176962901605, 4.13793277403e-05, 0.000133451831061, 0.000181762312423, 0.000237987493165, 0.00035537473741, 0.000448783335742, 0.000902803905774, 0.000725349644199, 0.00041293312097, 0.000398321921239, 0.000729184015654, 0.000767621386331, 0.00123925844673, 0.00151785009075, 0.00265912641771, 0.00168730830774, 0.00181283801794, 0.00191811448894, 0.00162137032021, 0.000138521427289],
        "var": [3.31279006787e-05, 0.00091276637977, 1.28063709326e-06, 4.30973159382e-08, 3.95015291588e-08, 2.03698640178e-08, 3.13158707854e-08, 1.7122487872e-09, 1.78093895187e-08, 3.30375407032e-08, 5.66380471412e-08, 1.26291212155e-07, 2.01406493261e-07, 8.15054931991e-07, 5.261321121e-07, 1.7051375778e-07, 1.58660341754e-07, 5.31709304141e-07, 5.89242631577e-07, 1.53576138473e-06, 2.30386899602e-06, 7.07095341568e-06, 2.84700945485e-06, 3.28638157043e-06, 3.6791632283e-06, 2.62884168478e-06, 1.91881870393e-08]
    },
    "erbbands": {
        "dmean": [0.588627517223, 1.47400557995, 0.769318938255, 0.356233149767, 0.367290318012, 0.413435906172, 0.462465703487, 0.427861690521, 0.548579752445, 0.371878057718, 0.328158706427, 0.888209223747, 1.41993975639, 2.13904953003, 3.6067481041, 5.14525413513, 6.63039970398, 11.9199895859, 14.2971248627, 8.95121002197, 8.99829006195, 10.5269451141, 16.2825126648, 18.049911499, 23.4864406586, 25.0700645447, 29.6228961945, 26.0953826904, 41.4707832336, 25.084356308, 21.1831169128, 15.6765518188, 13.5839252472, 9.96428394318, 6.53862333298, 3.79916143417, 1.18104946613, 0.216046124697, 0.00675325188786, 0.00019526379765],
        "dmean2": [0.780439853668, 2.27208471298, 1.42330980301, 0.683351635933, 0.679368793964, 0.751581549644, 0.758205473423, 0.75515717268, 0.911700308323, 0.68005490303, 0.604990184307, 1.62388026714, 2.60514354706, 3.60421156883, 6.02791547775, 8.77082061768, 11.173740387, 20.0775814056, 23.9041061401, 15.0538740158, 15.0260000229, 17.0968475342, 25.2375526428, 28.299703598, 36.2575912476, 39.0737953186, 44.360786438, 39.0304222107, 62.3234519958, 37.9774436951, 32.6861953735, 24.0776157379, 20.9806919098, 15.9384269714, 10.2454881668, 5.89056396484, 1.82879769802, 0.334273576736, 0.0106090325862, 0.000296398211503],
        "dvar": [1.89963531494, 15.9121665955, 6.9000043869, 1.4920450449, 0.540958583355, 0.67262917757, 0.64353954792, 1.89846873283, 2.23155975342, 1.95018112659, 1.57390975952, 13.0579395294, 31.9780979156, 47.2820739746, 165.657577515, 270.587524414, 517.442199707, 2113.31323242, 3475.27246094, 748.235656738, 648.72845459, 704.590515137, 1164.83483887, 1402.87512207, 2404.60083008, 2588.38110352, 4509.37304688, 3238.96606445, 10151.5732422, 3393.66845703, 2497.40844727, 1201.6595459, 934.887573242, 495.604522705, 202.766174316, 71.433921814, 7.1980471611, 0.231636017561, 0.000235183280893, 1.58724020594e-07],
        "dvar2": [3.57267832756, 37.6109657288, 19.614528656, 4.33231496811, 1.59394228458, 1.95436894894, 1.61840593815, 5.32980108261, 5.98629617691, 5.59304428101, 4.43348741531, 36.9717674255, 90.1220626831, 120.419540405, 384.819549561, 652.977111816, 1292.71032715, 5396.5546875, 9263.37304688, 1959.80407715, 1634.99108887, 1852.06140137, 2823.59033203, 3430.85449219, 5366.50878906, 5799.54882812, 9954.48925781, 7518.54589844, 23403.3574219, 8110.81884766, 5955.92871094, 2875.63037109, 2125.00415039, 1252.11425781, 489.424102783, 172.782501221, 17.3003063202, 0.54699742794, 0.000549256044906, 3.6820955529e-07],
        "max": [7.86998128891, 25.0290317535, 18.1175823212, 9.38785648346, 7.15385055542, 8.50312423706, 9.2955493927, 13.6808137894, 13.8637475967, 13.3727426529, 16.0447597504, 40.7788314819, 52.555103302, 73.5367202759, 120.862579346, 168.85446167, 219.873809814, 527.150817871, 654.48614502, 243.974761963, 219.537643433, 281.915466309, 240.378540039, 231.813598633, 388.680114746, 371.222412109, 487.737060547, 487.133514404, 853.409484863, 391.774780273, 388.626464844, 266.586700439, 212.593475342, 150.097488403, 98.8741989136, 64.0040893555, 18.8015022278, 3.44303274155, 0.146989658475, 0.00311872921884],
        "mean": [0.625209748745, 1.24497377872, 0.471432954073, 0.26533895731, 0.642109036446, 0.625751614571, 1.02159142494, 0.582800984383, 1.42480027676, 0.511901080608, 0.271441757679, 0.604227721691, 0.962099969387, 1.70523989201, 2.86091661453, 3.90505433083, 4.96399259567, 8.92212867737, 10.4570837021, 6.9352350235, 7.71768283844, 8.74372577667, 14.4210863113, 15.7237434387, 21.3378257751, 23.079832077, 27.3362064362, 26.9049243927, 42.2779922485, 25.4483356476, 20.6360244751, 16.3941268921, 14.4717197418, 9.54146194458, 6.29342651367, 3.63853597641, 1.16477334499, 0.222409233451, 0.00716304546222, 0.000205706674024],
        "median": [0.000234616702073, 0.00374218448997, 0.014262907207, 0.0847810655832, 0.47805762291, 0.455372482538, 0.333814650774, 0.25198161602, 0.0943199545145, 0.0419914387167, 0.0532180853188, 0.0379541628063, 0.0901298373938, 0.249244913459, 0.0720650851727, 0.0884508267045, 0.112179115415, 0.193988442421, 0.261490792036, 0.33487918973, 0.543462574482, 0.560189664364, 0.798112928867, 0.88634455204, 1.45075023174, 2.45784187317, 2.30274796486, 2.774289608, 2.87290620804, 3.00133037567, 2.75543642044, 2.17861557007, 2.2845556736, 1.49045681953, 0.921158313751, 0.496617555618, 0.14671894908, 0.0290257949382, 0.00089446734637, 4.24715581175e-05],
        "min": [5.74409888552e-22, 3.61307765971e-21, 2.50383984816e-20, 1.00117075195e-19, 1.66775612266e-19, 5.33138532607e-19, 1.98975103949e-19, 6.21636634715e-20, 5.75564316032e-19, 1.22099757988e-18, 5.62744991431e-18, 1.66133084215e-18, 2.08930892121e-18, 7.8570577664e-18, 2.94021638245e-18, 3.09436645268e-18, 2.6854399975e-18, 3.48715151219e-18, 4.89873109161e-18, 8.93289052544e-18, 1.13357815489e-17, 1.07820817361e-17, 7.1026028733e-18, 1.10081121472e-17, 1.35560583901e-17, 1.66362829494e-17, 1.24162514825e-17, 1.61339080393e-17, 2.37644820996e-17, 1.5451978688e-17, 1.51873900798e-17, 1.52597882357e-17, 1.61960375751e-17, 1.38679178887e-17, 1.13766947292e-17, 5.91688371937e-18, 3.68805755296e-18, 1.35452200493e-18, 3.00187359813e-19, 3.32027486757e-20],
        "stdev": [1.65778589249, 3.87943649292, 2.01191854477, 0.902818739414, 0.630321979523, 0.686842739582, 1.31961882114, 1.19821989536, 2.68845200539, 1.27281832695, 0.990825593472, 2.86786532402, 4.45785474777, 6.11545467377, 12.1724052429, 15.0030117035, 20.2332649231, 40.0529708862, 49.2879333496, 23.6297245026, 22.8919525146, 23.2592353821, 33.7580108643, 36.6826248169, 50.5988616943, 52.4249229431, 69.8562240601, 60.9470062256, 106.211250305, 59.7408866882, 49.8663787842, 35.6109466553, 31.651512146, 21.1824092865, 14.0558328629, 8.31296443939, 2.66964840889, 0.491171270609, 0.0157997105271, 0.000413491448853],
        "var": [2.74825406075, 15.0500278473, 4.04781627655, 0.815081715584, 0.39730578661, 0.471752941608, 1.74139392376, 1.43573093414, 7.22777414322, 1.62006640434, 0.981735408306, 8.22465133667, 19.872467041, 37.3987884521, 148.167449951, 225.09034729, 409.385040283, 1604.24035645, 2429.30029297, 558.363891602, 524.041503906, 540.992004395, 1139.60339355, 1345.61499023, 2560.24487305, 2748.37255859, 4879.89208984, 3714.53759766, 11280.8291016, 3568.97338867, 2486.65576172, 1268.13952637, 1001.8182373, 448.694458008, 197.566436768, 69.1053771973, 7.12702322006, 0.241249203682, 0.000249630829785, 1.70975184233e-07]
    },
    "gfcc": {
        "mean": [-95.302192688, -24.392168045, -64.0332946777, 47.9306983948, -63.035358429, 12.5663604736, -53.636932373, -1.60413873196, -43.259967804, 1.60487926006, -24.931268692, 9.74516010284, -9.25457954407],
        "cov": [[12568.6552734, -3671.23657227, -2357.35473633, 872.136108398, 1184.90576172, 779.903991699, 431.907806396, 510.924346924, 454.510894775, 669.288574219, 350.362823486, 192.621627808, -124.182998657], [-3671.23657227, 3526.71289062, 1090.92236328, -366.650817871, 162.868408203, 475.145080566, 420.860717773, 268.123352051, 243.720184326, 140.128692627, 233.296463013, 119.832542419, 269.513214111], [-2357.35473633, 1090.92236328, 1061.91577148, 14.1689434052, -66.3700561523, 0.575486004353, 119.556770325, 86.541557312, 19.2669410706, -48.1273231506, 10.8668556213, 49.4843978882, 117.722053528], [872.136108398, -366.650817871, 14.1689434052, 421.639801025, 345.154571533, 203.951675415, 149.128585815, 89.3604354858, 63.8343887329, 45.1486053467, 40.5212860107, 48.4011421204, 56.5680618286], [1184.90576172, 162.868408203, -66.3700561523, 345.154571533, 765.014160156, 585.742858887, 393.403320312, 245.6849823, 197.538726807, 163.981506348, 159.173843384, 124.745117188, 127.583999634], [779.903991699, 475.145080566, 0.575486004353, 203.951675415, 585.742858887, 609.566650391, 410.694458008, 246.818191528, 157.26348877, 131.908325195, 143.573776245, 112.627975464, 140.93711853], [431.907806396, 420.860717773, 119.556770325, 149.128585815, 393.403320312, 410.694458008, 364.355865479, 229.157867432, 153.73866272, 119.548751831, 132.207595825, 95.808555603, 111.492584229], [510.924346924, 268.123352051, 86.541557312, 89.3604354858, 245.6849823, 246.818191528, 229.157867432, 203.393234253, 158.228179932, 131.235961914, 112.068946838, 71.8833694458, 67.9479827881], [454.510894775, 243.720184326, 19.2669410706, 63.8343887329, 197.538726807, 157.26348877, 153.73866272, 158.228179932, 207.046630859, 170.772216797, 137.325744629, 63.4844665527, 45.7212562561], [669.288574219, 140.128692627, -48.1273231506, 45.1486053467, 163.981506348, 131.908325195, 119.548751831, 131.235961914, 170.772216797, 183.373687744, 134.284500122, 55.5203895569, 23.9607963562], [350.362823486, 233.296463013, 10.8668556213, 40.5212860107, 159.173843384, 143.573776245, 132.207595825, 112.068946838, 137.325744629, 134.284500122, 142.607849121, 66.6791000366, 37.956489563], [192.621627808, 119.832542419, 49.4843978882, 48.4011421204, 124.745117188, 112.627975464, 95.808555603, 71.8833694458, 63.4844665527, 55.5203895569, 66.6791000366, 69.6410446167, 51.3931884766], [-124.182998657, 269.513214111, 117.722053528, 56.5680618286, 127.583999634, 140.93711853, 111.492584229, 67.9479827881, 45.7212562561, 23.9607963562, 37.956489563, 51.3931884766, 98.7143554688]],
        "icov": [[0.000402419798775, 0.000255763297901, 0.000646003463771, -0.000391258043237, 0.000140846619615, -0.000291188422125, 0.000353243900463, -0.00154710467905, 0.00100858451333, -0.00141680450179, 0.000286515714834, -0.000684917846229, 0.000284588808427], [0.000255763297901, 0.00130271259695, -0.000761772156693, 0.00136181153357, 0.000290849275189, -0.00184893154074, 0.000432617001934, 0.000339684513165, -0.000699969823472, -0.000518963264767, -0.00145729409996, 0.00166598765645, -0.00142230512574], [0.000646003463771, -0.000761772156693, 0.00371119845659, -0.00239003659226, 0.000342416286003, 0.00238613574766, -0.0006080698804, -0.00511252414435, 0.0028535630554, -0.000949642155319, 0.00142775394488, -0.00317282741889, 0.000204571042559], [-0.000391258043237, 0.00136181153357, -0.00239003659226, 0.00702993338928, -0.00339456042275, 0.000380827841582, -0.000857732258737, 0.00294011808001, -0.00198330357671, 0.00160595378838, -0.00166126841214, 0.00379425357096, -0.00340773793869], [0.000140846619615, 0.000290849275189, 0.000342416286003, -0.00339456042275, 0.0088615976274, -0.00807988084853, 0.00028093365836, 0.00265504349954, -0.00445498013869, -0.00026140754926, 0.00169124826789, -0.00374109460972, 0.0022820471786], [-0.000291188422125, -0.00184893154074, 0.00238613574766, 0.000380827841582, -0.00807988084853, 0.0183103289455, -0.0103228725493, -0.00338022434153, 0.00767323141918, -0.00107306998689, 0.00052455230616, 0.00095195916947, -0.00408637197688], [0.000353243900463, 0.000432617001934, -0.0006080698804, -0.000857732258737, 0.00028093365836, -0.0103228725493, 0.0253335852176, -0.0182708948851, 0.00232916441746, 0.00604622624815, -0.00887769646943, 0.00210042227991, -0.00140784587711], [-0.00154710467905, 0.000339684513165, -0.00511252414435, 0.00294011808001, 0.00265504349954, -0.00338022434153, -0.0182708948851, 0.0443446077406, -0.0202358774841, -0.00377191323787, 0.00958593189716, -0.00341911776923, 0.00142761378083], [0.00100858451333, -0.000699969823472, 0.0028535630554, -0.00198330357671, -0.00445498013869, 0.00767323141918, 0.00232916441746, -0.0202358774841, 0.0380746461451, -0.0211759228259, -0.0070406193845, 0.00321619166061, -0.0044479216449], [-0.00141680450179, -0.000518963264767, -0.000949642155319, 0.00160595378838, -0.00026140754926, -0.00107306998689, 0.00604622624815, -0.00377191323787, -0.0211759228259, 0.0428432971239, -0.0202440321445, 0.00524309370667, 0.0019471058622], [0.000286515714834, -0.00145729409996, 0.00142775394488, -0.00166126841214, 0.00169124826789, 0.00052455230616, -0.00887769646943, 0.00958593189716, -0.0070406193845, -0.0202440321445, 0.0419171266258, -0.0234359875321, 0.00834100320935], [-0.000684917846229, 0.00166598765645, -0.00317282741889, 0.00379425357096, -0.00374109460972, 0.00095195916947, 0.00210042227991, -0.00341911776923, 0.00321619166061, 0.00524309370667, -0.0234359875321, 0.0483522973955, -0.0192678421736], [0.000284588808427, -0.00142230512574, 0.000204571042559, -0.00340773793869, 0.0022820471786, -0.00408637197688, -0.00140784587711, 0.00142761378083, -0.0044479216449, 0.0019471058622, 0.00834100320935, -0.0192678421736, 0.0279841609299]]
    },
    "melbands": {
        "dmean": [0.00390437594615, 0.000800839799922, 6.18494523223e-05, 2.74336725852e-05, 1.68188907992e-05, 9.39979418035e-06, 8.18338230602e-06, 3.74348178411e-06, 2.79617188426e-06, 6.23160758551e-06, 7.28919712856e-06, 8.56117276271e-06, 1.04706259663e-05, 1.30395774249e-05, 1.48963199536e-05, 1.57853664859e-05, 2.30583136727e-05, 2.43230915657e-05, 1.58794082381e-05, 1.07032010419e-05, 1.00760098576e-05, 9.75643524725e-06, 1.31925489768e-05, 1.72668296727e-05, 1.38366985993e-05, 1.66381141753e-05, 1.85220360436e-05, 1.64378889167e-05, 1.79535672942e-05, 1.76285811904e-05, 1.49334473463e-05, 2.4422950446e-05, 1.92834031623e-05, 1.26689756144e-05, 1.32400382427e-05, 9.44641942624e-06, 1.01100395113e-05, 9.91379965853e-06, 8.82887979969e-06, 8.32875684864e-06],
        "dmean2": [0.00521475076675, 0.00130216393154, 0.00011799056665, 5.07201475557e-05, 2.77988801827e-05, 1.63943223015e-05, 1.36883581945e-05, 6.88995260134e-06, 5.14374096383e-06, 1.13561018225e-05, 1.34476676976e-05, 1.46357006088e-05, 1.75914865395e-05, 2.17915076064e-05, 2.58965192188e-05, 2.68680396402e-05, 3.88614826079e-05, 4.08485284424e-05, 2.76077826129e-05, 1.76727498911e-05, 1.66847585206e-05, 1.60475265147e-05, 2.11690221477e-05, 2.70202926913e-05, 2.21413301915e-05, 2.65201833827e-05, 2.80502954411e-05, 2.61015920842e-05, 2.69058236881e-05, 2.69810825557e-05, 2.33847731579e-05, 3.75819690817e-05, 2.88370101771e-05, 1.96740347747e-05, 2.06886033993e-05, 1.42010085256e-05, 1.59821283887e-05, 1.53071523528e-05, 1.41155906022e-05, 1.34434558277e-05],
        "dvar": [8.50152064231e-05, 5.45591274204e-06, 3.84302829559e-08, 2.56052246073e-09, 8.73347838493e-10, 8.09265154889e-10, 5.14947695596e-10, 2.09917735972e-10, 1.14922772687e-10, 6.53078924273e-10, 8.82782513756e-10, 7.97572285993e-10, 1.35278266367e-09, 1.99165195447e-09, 2.27558683008e-09, 3.24033599952e-09, 7.9847239931e-09, 1.1068861383e-08, 3.36701599934e-09, 9.82185333065e-10, 7.55677354025e-10, 6.61334986773e-10, 8.53862702765e-10, 1.4135680404e-09, 8.67193594711e-10, 1.27629695701e-09, 1.46627454622e-09, 1.15145915025e-09, 1.66482228003e-09, 1.68042746385e-09, 1.12131737229e-09, 3.58942719991e-09, 2.1280261997e-09, 9.09463448995e-10, 1.0259976202e-09, 4.23747592571e-10, 5.21297505163e-10, 5.05696540198e-10, 3.93123089637e-10, 3.63447744123e-10],
        "dvar2": [0.000162683732924, 1.39624280564e-05, 1.11834566496e-07, 7.61964624729e-09, 2.34031927171e-09, 2.24058060994e-09, 1.38215938694e-09, 6.03385563736e-10, 3.2415037321e-10, 1.85601789493e-09, 2.50109044586e-09, 2.08689288073e-09, 3.05221248276e-09, 4.67426763961e-09, 5.85464343672e-09, 8.12401701467e-09, 2.03556798084e-08, 2.95242728043e-08, 9.17673492751e-09, 2.55166354712e-09, 1.87105020366e-09, 1.74629233296e-09, 2.14490403216e-09, 3.41802630643e-09, 2.16750861703e-09, 2.9642583943e-09, 3.20601456494e-09, 2.68449751317e-09, 3.67115426947e-09, 3.87602039353e-09, 2.74952793866e-09, 8.58905124801e-09, 4.65251392967e-09, 2.27457008783e-09, 2.48459697261e-09, 9.9540431453e-10, 1.28052202175e-09, 1.12708486988e-09, 9.79320291528e-10, 9.29772703273e-10],
        "max": [0.0524784252048, 0.0156137524173, 0.00155119656119, 0.000446177582489, 0.000289848190732, 0.000273183744866, 0.000203122312087, 0.000148803155753, 0.000144038145663, 0.00027330048033, 0.000288390263449, 0.000317658210406, 0.000356249103788, 0.0003327303275, 0.000530868535861, 0.000576982274652, 0.00103609776124, 0.00120562547818, 0.00065373245161, 0.000373106711777, 0.000256930565229, 0.000305061956169, 0.00019410479581, 0.000261262175627, 0.000186457735253, 0.000301859312458, 0.000243804504862, 0.000254759914242, 0.000333358766511, 0.000385884690331, 0.00024279752688, 0.000491256243549, 0.000364685838576, 0.000244762195507, 0.000263045018073, 0.00016228511231, 0.000182318253792, 0.000168173544807, 0.000154335604748, 0.000142952922033],
        "mean": [0.0041764928028, 0.000613132258877, 5.58758292755e-05, 4.80601338495e-05, 3.28953392454e-05, 1.40933807415e-05, 2.12924060179e-05, 4.36500931755e-06, 2.20122979044e-06, 4.14561236539e-06, 4.89476087751e-06, 6.70883946441e-06, 8.47702358442e-06, 1.02262974906e-05, 1.05734616227e-05, 1.17717836474e-05, 1.72758227563e-05, 1.76903540705e-05, 1.14435842988e-05, 8.67549533723e-06, 8.70293388289e-06, 8.0521685959e-06, 1.11781118903e-05, 1.5434479792e-05, 1.18350753837e-05, 1.46400425365e-05, 1.72239997482e-05, 1.46238344314e-05, 1.66070494743e-05, 1.60019590112e-05, 1.53897981363e-05, 2.4150536774e-05, 2.0239935111e-05, 1.24594780573e-05, 1.2503295693e-05, 9.59500539466e-06, 1.02357780634e-05, 1.05838253148e-05, 8.81170672073e-06, 7.77133936936e-06],
        "median": [3.1098211366e-06, 8.51399909152e-06, 2.73110272246e-05, 3.78654476663e-05, 1.50396153913e-05, 5.80393862037e-06, 1.24283656078e-06, 3.50543416516e-07, 3.30941560378e-07, 1.9360336978e-07, 4.79181210267e-07, 1.04815194391e-06, 2.18550226805e-07, 1.99726827077e-07, 2.50286603887e-07, 2.26550369575e-07, 3.77384367312e-07, 3.95185765001e-07, 4.0413874558e-07, 4.91238893119e-07, 6.48738989639e-07, 5.5229179452e-07, 5.15920305588e-07, 8.32241596527e-07, 6.47244576157e-07, 8.10339713553e-07, 1.16069099931e-06, 1.63121853802e-06, 1.25209260204e-06, 1.22026415283e-06, 1.69292138708e-06, 1.48439175973e-06, 1.79926450983e-06, 1.44000784985e-06, 1.65112749073e-06, 1.39246139952e-06, 1.27389603222e-06, 1.52676796006e-06, 1.6364780322e-06, 1.17155286716e-06],
        "min": [7.40632000514e-24, 1.13023746428e-23, 1.77532704958e-23, 2.50327180015e-23, 1.03873015148e-23, 1.5466254066e-24, 8.94836005912e-24, 1.76807000257e-23, 4.3977935237e-23, 8.80443317582e-24, 1.02630835324e-23, 3.30985052131e-23, 9.62362420513e-24, 5.70768593388e-24, 1.12003867607e-23, 4.43160560093e-24, 6.34697486717e-24, 7.23381348011e-24, 8.59867931908e-24, 1.24513505513e-23, 1.48436611765e-23, 1.24341431284e-23, 6.78750280121e-24, 6.41134591703e-24, 8.89659973968e-24, 1.05188164606e-23, 9.81269759803e-24, 1.16897037696e-23, 8.61059585191e-24, 6.40917654955e-24, 1.09025681032e-23, 1.45129438638e-23, 1.06042059204e-23, 8.24173395896e-24, 9.33078325989e-24, 6.43534740451e-24, 1.10920485483e-23, 1.22505586296e-23, 9.13887627862e-24, 1.24092466782e-23],
        "stdev": [0.0110305603594, 0.0020822621882, 0.000144672216265, 4.30288346251e-05, 4.02079240303e-05, 2.61676250375e-05, 4.09301283071e-05, 1.21317634694e-05, 8.46282182465e-06, 2.02292121685e-05, 2.31926860579e-05, 2.44007424044e-05, 3.54293479177e-05, 4.16534821852e-05, 4.11597320635e-05, 5.03040719195e-05, 7.79853580752e-05, 8.75677724252e-05, 4.76932800666e-05, 2.74265494227e-05, 2.52139270742e-05, 2.22582857532e-05, 2.7212943678e-05, 3.74341434508e-05, 2.80523145193e-05, 3.54783769581e-05, 4.04223574151e-05, 3.37081874022e-05, 4.25803227699e-05, 4.1198451072e-05, 3.4760163544e-05, 6.15139870206e-05, 4.98213812534e-05, 2.95008885587e-05, 3.13163982355e-05, 2.12965296669e-05, 2.27574855671e-05, 2.35859788518e-05, 1.9079176127e-05, 1.7805796233e-05],
        "var": [0.000121673270769, 4.33581544712e-06, 2.09300488052e-08, 1.85148063547e-09, 1.6166771255e-09, 6.84744594359e-10, 1.67527536288e-09, 1.47179685106e-10, 7.16193562789e-11, 4.09220990427e-10, 5.37900668451e-10, 5.95396232317e-10, 1.25523869077e-09, 1.73501268907e-09, 1.69412361917e-09, 2.53049980969e-09, 6.08171601968e-09, 7.66811503183e-09, 2.27464891367e-09, 7.52215623123e-10, 6.3574212561e-10, 4.9543130709e-10, 7.40544348066e-10, 1.40131506399e-09, 7.86932352614e-10, 1.25871513212e-09, 1.63396685071e-09, 1.13624187836e-09, 1.81308401626e-09, 1.69731251276e-09, 1.20826904038e-09, 3.78397091438e-09, 2.48217002508e-09, 8.70302441225e-10, 9.8071684107e-10, 4.53542203793e-10, 5.17903109287e-10, 5.56298396237e-10, 3.64014984822e-10, 3.17046361387e-10]
    },
    "melbands128": {
