{
"lowlevel": {
    "average_loudness": 0.979979217052,
    "barkbands_crest": {
        "dmean": 2.7897336483,
        "dmean2": 4.16218757629,
        "dvar": 7.3319773674,
        "dvar2": 14.1329927444,
        "max": 25.0705299377,
        "mean": 9.90752601624,
        "median": 8.72528266907,
        "min": 3.30892801285,
        "stdev": 4.37187480927,
        "var": 19.1132888794
    },
    "barkbands_flatness_db": {
        "dmean": 0.0300774909556,
        "dmean2": 0.0435450486839,
        "dvar": 0.00120392208919,
        "dvar2": 0.00259428541176,
        "max": 0.388164371252,
        "mean": 0.161198079586,
        "median": 0.13667267561,
        "min": 0.0356303602457,
        "stdev": 0.0773324146867,
        "var": 0.0059803025797
    },
    "barkbands_kurtosis": {
        "dmean": 3.44579172134,
        "dmean2": 5.43700647354,
        "dvar": 25.3313846588,
        "dvar2": 57.8832015991,
        "max": 50.7289657593,
        "mean": 4.84686660767,
        "median": 2.97294521332,
        "min": -1.68654918671,
        "stdev": 6.55555677414,
        "var": 42.9753265381
    },
    "barkbands_skewness": {
        "dmean": 0.599537372589,
        "dmean2": 0.883149087429,
        "dvar": 0.386561155319,
        "dvar2": 0.825985968113,
        "max": 6.22268009186,
        "mean": 1.73102140427,
        "median": 1.52520859241,
        "min": -1.92487835884,
        "stdev": 1.01128351688,
        "var": 1.02269434929
    },
    "barkbands_spread": {
        "dmean": 7.11995458603,
        "dmean2": 10.8920221329,
        "dvar": 88.8520355225,
        "dvar2": 205.044570923,
        "max": 96.5086975098,
        "mean": 21.4616279602,
        "median": 17.0347862244,
        "min": 1.41891598701,
        "stdev": 16.3734970093,
        "var": 268.091430664
    },
    "dissonance": {
        "dmean": 0.0286490432918,
        "dmean2": 0.0460342206061,
        "dvar": 0.000966051942669,
        "dvar2": 0.00220789690502,
        "max": 0.499906480312,
        "mean": 0.436980009079,
        "median": 0.453736752272,
        "min": 0.192667126656,
        "stdev": 0.0518936887383,
        "var": 0.00269295508042
    },
    "dynamic_complexity": 1.6524425745,
    "erbbands_crest": {
        "dmean": 2.61724257469,
        "dmean2": 4.21891927719,
        "dvar": 6.46521425247,
        "dvar2": 15.8622493744,
        "max": 26.3604259491,
        "mean": 8.7109375,
        "median": 7.93851423264,
        "min": 2.61963844299,
        "stdev": 3.66413402557,
        "var": 13.4258775711
    },
    "erbbands_flatness_db": {
        "dmean": 0.0227449983358,
        "dmean2": 0.0312752351165,
        "dvar": 0.000785689509939,
        "dvar2": 0.00137298495974,
        "max": 0.355970650911,
        "mean": 0.15583191812,
        "median": 0.139107137918,
        "min": 0.0530953072011,
        "stdev": 0.0607836917043,
        "var": 0.00369465700351
    },
    "erbbands_kurtosis": {
        "dmean": 1.25593495369,
        "dmean2": 1.95064425468,
        "dvar": 2.66976618767,
        "dvar2": 5.82492113113,
        "max": 15.1131324768,
        "mean": 1.04138982296,
        "median": 0.224618911743,
        "min": -1.80511558056,
        "stdev": 2.62527298927,
        "var": 6.89205789566
    },
    "erbbands_skewness": {
        "dmean": 0.429241687059,
        "dmean2": 0.651322007179,
        "dvar": 0.181877031922,
        "dvar2": 0.4097635746,
        "max": 2.95973014832,
        "mean": 0.549704432487,
        "median": 0.551208376884,
        "min": -1.81757593155,
        "stdev": 0.833451032639,
        "var": 0.694640576839
    },
    "erbbands_spread": {
        "dmean": 11.6457386017,
        "dmean2": 16.5912075043,
        "dvar": 210.134353638,
        "dvar2": 359.558105469,
        "max": 139.043746948,
        "mean": 43.6095046997,
        "median": 39.4534606934,
        "min": 3.62881970406,
        "stdev": 27.1593780518,
        "var": 737.631835938
    },
    "hfc": {
        "dmean": 8.36170768738,
        "dmean2": 12.1911334991,
        "dvar": 124.092041016,
        "dvar2": 263.600494385,
        "max": 106.928665161,
        "mean": 26.975610733,
        "median": 23.2351264954,
        "min": 1.1631901124e-16,
        "stdev": 19.4000358582,
        "var": 376.36138916
    },
    "loudness_ebu128": {
        "integrated": -6.6386089325,
        "loudness_range": 1.4740562439,
        "momentary": {
            "dmean": 0.46415540576,
            "dmean2": 0.779635369778,
            "dvar": 0.136749476194,
            "dvar2": 0.346594363451,
            "max": -5.00959062576,
            "mean": -6.71593809128,
            "median": -6.62570762634,
            "min": -9.58143901825,
            "stdev": 0.835964798927,
            "var": 0.698837161064
        },
        "short_term": {
            "dmean": 0.0727478340268,
            "dmean2": 0.105203934014,
            "dvar": 0.00229673064314,
            "dvar2": 0.00530967675149,
            "max": -5.75467252731,
            "mean": -6.68477678299,
            "median": -6.57369613647,
            "min": -7.79364967346,
            "stdev": 0.49584338069,
            "var": 0.245860666037
        }
    },
    "melbands_crest": {
        "dmean": 3.09326171875,
        "dmean2": 4.90774440765,
        "dvar": 9.75056743622,
        "dvar2": 20.65691185,
        "max": 27.3455924988,
        "mean": 13.0711860657,
        "median": 11.933221817,
        "min": 2.29773712158,
        "stdev": 4.85333490372,
        "var": 23.5548591614
    },
    "melbands_flatness_db": {
        "dmean": 0.0373550318182,
        "dmean2": 0.0530938729644,
        "dvar": 0.00186685693916,
        "dvar2": 0.0039257965982,
        "max": 0.528650701046,
        "mean": 0.242981731892,
        "median": 0.218976527452,
        "min": 0.00794065091759,
        "stdev": 0.0998314023018,
        "var": 0.00996630825102
    },
    "melbands_kurtosis": {
        "dmean": 8.71569538116,
        "dmean2": 13.1705675125,
        "dvar": 162.972930908,
        "dvar2": 366.388763428,
        "max": 174.214172363,
        "mean": 15.5489597321,
        "median": 9.8371181488,
        "min": -1.32520592213,
        "stdev": 16.75157547,
        "var": 280.615264893
    },
    "melbands_skewness": {
        "dmean": 0.857042074203,
        "dmean2": 1.20292007923,
        "dvar": 0.830697178841,
        "dvar2": 1.52948486805,
        "max": 10.5641279221,
        "mean": 2.88527965546,
        "median": 2.5687122345,
        "min": -0.351484596729,
        "stdev": 1.60110998154,
        "var": 2.56355309486
    },
    "melbands_spread": {
        "dmean": 6.18840932846,
        "dmean2": 9.29332351685,
        "dvar": 77.7689285278,
        "dvar2": 148.869125366,
        "max": 171.321670532,
        "mean": 18.0366172791,
        "median": 13.1840715408,
        "min": 1.27257370949,
        "stdev": 15.7699995041,
        "var": 248.692871094
    },
    "pitch_salience": {
        "dmean": 0.0864185616374,
        "dmean2": 0.134062692523,
        "dvar": 0.00742522906512,
        "dvar2": 0.0155966570601,
        "max": 0.826276838779,
        "mean": 0.552967011929,
        "median": 0.574562370777,
        "min": 0.143754586577,
        "stdev": 0.133229345083,
        "var": 0.0177500601858
    },
    "silence_rate_20dB": {
        "dmean": 0,
        "dmean2": 0,
        "dvar": 0,
        "dvar2": 0,
        "max": 1,
        "mean": 1,
        "median": 1,
        "min": 1,
        "stdev": 0,
        "var": 0
    },
    "silence_rate_30dB": {
        "dmean": 0.0526315793395,
        "dmean2": 0.105344690382,
        "dvar": 0.0498610585928,
        "dvar2": 0.106642082334,
        "max": 1,
        "mean": 0.951276123524,
        "median": 1,
        "min": 0,
        "stdev": 0.215288966894,
        "var": 0.0463493391871
    },
    "silence_rate_60dB": {
        "dmean": 0.000773993786424,
        "dmean2": 0.00154918665066,
        "dvar": 0.000773391744588,
        "dvar2": 0.00154677091632,
        "max": 1,
        "mean": 0.00154679035768,
        "median": 0,
        "min": 0,
        "stdev": 0.0392987206578,
        "var": 0.00154438940808
    },
    "spectral_centroid": {
        "dmean": 283.936553955,
        "dmean2": 427.767669678,
        "dvar": 198593.359375,
        "dvar2": 340771.0625,
        "max": 11012.4433594,
        "mean": 1189.61853027,
        "median": 1050.53845215,
        "min": 227.158004761,
        "stdev": 787.67565918,
        "var": 620432.9375
    },
    "spectral_complexity": {
        "dmean": 4.38080501556,
        "dmean2": 6.5778465271,
        "dvar": 28.9708938599,
        "dvar2": 53.9635467529,
        "max": 52,
        "mean": 19.6411437988,
        "median": 18,
        "min": 0,
        "stdev": 10.0058526993,
        "var": 100.117088318
    },
    "spectral_decrease": {
        "dmean": 3.57341733981e-09,
        "dmean2": 4.86544005085e-09,
        "dvar": 2.27647234871e-17,
        "dvar2": 3.70740795447e-17,
        "max": -4.53660652583e-29,
        "mean": -1.10411200183e-08,
        "median": -8.34531732608e-09,
        "min": -4.24803303645e-08,
        "stdev": 7.45779527023e-09,
        "var": 5.56187045632e-17
    },
    "spectral_energy": {
        "dmean": 0.0138554098085,
        "dmean2": 0.0186925344169,
        "dvar": 0.000328397465637,
        "dvar2": 0.000524343980942,
        "max": 0.162029728293,
        "mean": 0.0441185124218,
        "median": 0.0341703556478,
        "min": 1.07217066892e-20,
        "stdev": 0.028804089874,
        "var": 0.000829675642308
    },
    "spectral_energyband_high": {
        "dmean": 0.000836333550978,
        "dmean2": 0.00127614231315,
        "dvar": 1.60016190875e-06,
        "dvar2": 3.68292489838e-06,
        "max": 0.0102831171826,
        "mean": 0.00174408173189,
        "median": 0.000983722042292,
        "min": 7.90128414107e-21,
        "stdev": 0.00205097184516,
        "var": 4.20648575528e-06
    },
    "spectral_energyband_low": {
        "dmean": 0.0120708225295,
        "dmean2": 0.016864484176,
        "dvar": 0.000374975439627,
        "dvar2": 0.000632308132481,
        "max": 0.151754200459,
        "mean": 0.0229541510344,
        "median": 0.0130891194567,
        "min": 1.29655070546e-22,
        "stdev": 0.0275382939726,
        "var": 0.000758357637096
    },
    "spectral_energyband_middle_high": {
        "dmean": 0.00172649580054,
        "dmean2": 0.00248796725646,
        "dvar": 5.34593800694e-06,
        "dvar2": 1.14605982162e-05,
        "max": 0.0275469180197,
        "mean": 0.00427313148975,
        "median": 0.00279477820732,
        "min": 1.58888380098e-21,
        "stdev": 0.00452864309773,
        "var": 2.05086089409e-05
    },
    "spectral_energyband_middle_low": {
        "dmean": 0.00574890617281,
        "dmean2": 0.00958114676178,
        "dvar": 5.92601027165e-05,
        "dvar2": 0.000165029996424,
        "max": 0.0790089890361,
        "mean": 0.0170939974487,
        "median": 0.0144962919876,
        "min": 2.40202718277e-22,
        "stdev": 0.00958970654756,
        "var": 9.1962479928e-05
    },
    "spectral_entropy": {
        "dmean": 0.272165119648,
        "dmean2": 0.377016216516,
        "dvar": 0.126083925366,
        "dvar2": 0.236041203141,
        "max": 9.7925825119,
        "mean": 7.29897022247,
        "median": 7.53568649292,
        "min": 5.24496269226,
        "stdev": 0.750517725945,
        "var": 0.563276827335
    },
    "spectral_flux": {
        "dmean": 0.0368440896273,
        "dmean2": 0.0536523014307,
        "dvar": 0.00144319678657,
        "dvar2": 0.00314353872091,
        "max": 0.31164264679,
        "mean": 0.10593251884,
        "median": 0.0963865593076,
        "min": 1.03545672037e-10,
        "stdev": 0.0593928173184,
        "var": 0.00352750672027
    },
    "spectral_kurtosis": {
        "dmean": 4.78026008606,
        "dmean2": 7.14432907104,
        "dvar": 132.323181152,
        "dvar2": 274.832214355,
        "max": 137.84022522,
        "mean": 9.19494152069,
        "median": 3.13414525986,
        "min": -1.2439289093,
        "stdev": 16.8421173096,
        "var": 283.656890869
    },
    "spectral_rms": {
        "dmean": 0.000955524446908,
        "dmean2": 0.00126999651548,
        "dvar": 1.2443176729e-06,
        "dvar2": 1.85016767773e-06,
        "max": 0.0125728994608,
        "mean": 0.00626259064302,
        "median": 0.00577381439507,
        "min": 3.23422343594e-12,
        "stdev": 0.00195509870537,
        "var": 3.82241069019e-06
    },
    "spectral_rolloff": {
        "dmean": 608.096435547,
        "dmean2": 1009.79248047,
        "dvar": 1549520.125,
        "dvar2": 3208069.75,
        "max": 18432.421875,
        "mean": 1294.15771484,
        "median": 559.86328125,
        "min": 86.1328125,
        "stdev": 1580.78320312,
        "var": 2498875.5
    },
    "spectral_skewness": {
        "dmean": 0.466821104288,
        "dmean2": 0.664720833302,
        "dvar": 0.582259535789,
        "dvar2": 1.13220977783,
        "max": 9.86058235168,
        "mean": 1.98371589184,
        "median": 1.44245398045,
        "min": 0.00913848914206,
        "stdev": 1.41995096207,
        "var": 2.01626062393
    },
    "spectral_spread": {
        "dmean": 800998.25,
        "dmean2": 1117952.75,
        "dvar": 2.04929551565e+12,
        "dvar2": 2.66195566592e+12,
        "max": 41211436,
        "mean": 4938488,
        "median": 4896261.5,
        "min": 579298.625,
        "stdev": 2369937.75,
        "var": 5.61660454502e+12
    },
    "spectral_strongpeak": {
        "dmean": 0.493857830763,
        "dmean2": 0.831223249435,
        "dvar": 0.573965609074,
        "dvar2": 1.40552175045,
        "max": 7.7708272934,
        "mean": 0.836009442806,
        "median": 0.479119300842,
        "min": 0,
        "stdev": 0.968681931496,
        "var": 0.938344657421
    },
    "zerocrossingrate": {
        "dmean": 0.0124810282141,
        "dmean2": 0.0147516913712,
        "dvar": 0.000368402717868,
        "dvar2": 0.000409833766753,
        "max": 0.4951171875,
        "mean": 0.051455706358,
        "median": 0.04443359375,
        "min": 0.00341796875,
        "stdev": 0.0382676869631,
        "var": 0.00146441592369
    },
    "barkbands": {
        "dmean": [9.59386889008e-05, 0.00748470751569, 0.00656655197963, 0.00258237612434, 0.00185296940617, 0.00132082088385, 0.0013340926962, 0.00178457098082, 0.000737092515919, 0.00058627355611, 0.000386850879295, 0.000346815795638, 0.000352012284566, 0.000417754927184, 0.000173251362867, 0.000148081497173, 0.000176495334017, 0.00028979947092, 0.000161826232215, 0.000252675497904, 0.000251527875662, 0.000157978778589, 0.000135686146677, 0.000164862241945, 9.66498628259e-05, 5.08418852405e-05, 5.87475460634e-06],
        "dmean2": [0.000167770253029, 0.0108021143824, 0.0103195114061, 0.00452933972701, 0.00314676319249, 0.00205544033088, 0.00210117991082, 0.00282169994898, 0.00109649519436, 0.00093943515094, 0.000624694512226, 0.000511581485625, 0.000571092765313, 0.000657163211145, 0.000265778566245, 0.000229066819884, 0.000276505539659, 0.0004608760064, 0.000259235210251, 0.000380727025913, 0.000386166124372, 0.000259305175859, 0.000205063319299, 0.00024297341588, 0.000144529796671, 7.56596564315e-05, 9.55517043622e-06],
        "dvar": [3.11175263334e-08, 0.000236858875724, 0.000179269147338, 3.19604732795e-05, 5.78855633648e-06, 3.66071435565e-06, 7.49777518649e-06, 8.75086516317e-06, 2.68120243163e-06, 2.15715795093e-06, 1.03276022401e-06, 7.90333615441e-07, 8.07511526091e-07, 1.30080286453e-06, 1.51528368519e-07, 1.38435055419e-07, 1.37868667593e-07, 2.07931734053e-07, 6.7071880494e-08, 1.81334826266e-07, 1.53508011635e-07, 1.42390433666e-07, 5.26710586257e-08, 7.91520662347e-08, 4.31713012006e-08, 1.84306898632e-08, 2.28536786717e-10],
        "dvar2": [8.59071391801e-08, 0.000393681053538, 0.000413312780438, 9.03733962332e-05, 1.68721780938e-05, 8.08068671176e-06, 1.61873576872e-05, 2.1649448172e-05, 5.63234152651e-06, 5.48191928829e-06, 2.54763881458e-06, 1.75151581061e-06, 2.04289449357e-06, 3.02253010886e-06, 3.0648445204e-07, 3.13638736316e-07, 3.3051611581e-07, 5.10210838911e-07, 1.69445812048e-07, 4.07631716826e-07, 3.42523833297e-07, 3.95093849193e-07, 1.08750981553e-07, 1.7073239178e-07, 9.49414413753e-08, 4.02145658995e-08, 5.40007871752e-10],
        "max": [0.00200407346711, 0.128449842334, 0.0893611982465, 0.0427814722061, 0.0322726294398, 0.0330626107752, 0.0531770884991, 0.0346681587398, 0.0277556236833, 0.0177973471582, 0.0168699286878, 0.0175925027579, 0.0152615811676, 0.0161497294903, 0.00696167023852, 0.00744333863258, 0.0066402675584, 0.00467574549839, 0.0033666472882, 0.00659532472491, 0.00481421407312, 0.00277863722295, 0.00284831039608, 0.00326725537889, 0.00293050706387, 0.00285526714288, 0.000199283604161],
        "mean": [0.000106457213406, 0.0129773244262, 0.00813098903745, 0.00344180571847, 0.00362285762094, 0.00284749479033, 0.00214915955439, 0.00341585720889, 0.0012544374913, 0.000744436227251, 0.000491413404234, 0.000507511373144, 0.000464516924694, 0.000609022623394, 0.000239680943196, 0.000215836029383, 0.000266826944426, 0.000473291729577, 0.000263628287939, 0.000485621858388, 0.000488543242682, 0.000193367421161, 0.000227110780543, 0.000279847648926, 0.000143431534525, 7.16067588655e-05, 6.45265390631e-06],
        "median": [5.81399363e-05, 0.00591001380235, 0.00367720029317, 0.00232148170471, 0.00293976976536, 0.00219792430289, 0.0011980131967, 0.00242769997567, 0.000370529131033, 0.000177051057108, 0.000170695246197, 0.000173009699211, 0.000117925927043, 0.000133815599838, 7.09126761649e-05, 6.5258689574e-05, 9.56035582931e-05, 0.000190215476323, 0.000130095970235, 0.00016614786, 0.000131745633553, 5.27844058524e-05, 9.10502349143e-05, 0.000135811045766, 4.52833082818e-05, 1.71699994098e-05, 7.82052211434e-07],
        "min": [2.72876453447e-23, 8.19362622329e-23, 2.66181233172e-23, 8.9700458454e-24, 3.45715420259e-23, 9.56061709577e-24, 2.65661531608e-23, 2.44348923863e-23, 1.31607166809e-22, 6.23829247474e-23, 9.91088932371e-23, 6.64413932237e-23, 1.28487947681e-22, 6.78600301885e-23, 1.95931440379e-22, 8.82886372474e-23, 2.21940626186e-22, 3.23996078987e-22, 2.37420879181e-22, 2.33561569684e-22, 4.45601398286e-22, 6.14328421301e-22, 5.47698578674e-22, 8.21574272763e-22, 1.32117010768e-21, 2.11888150214e-21, 2.00501209367e-21],
        "stdev": [0.000165032266523, 0.0210506338626, 0.0141769023612, 0.00503064133227, 0.00280864676461, 0.00277528818697, 0.00334750069305, 0.003937874455, 0.00260847411118, 0.00177713320591, 0.00118533696514, 0.00127065042034, 0.00110338930972, 0.00153292855248, 0.000531933794264, 0.000558578118216, 0.000484267628053, 0.000672499940265, 0.000360743521014, 0.000782645132858, 0.000697660027072, 0.000386386789614, 0.000362639955711, 0.000408983614761, 0.000281682179775, 0.000167707781657, 1.74547858478e-05],
        "var": [2.72356484032e-08, 0.00044312918908, 0.00020098456298, 2.5307352189e-05, 7.88849683886e-06, 7.70222413848e-06, 1.12057605293e-05, 1.55068537424e-05, 6.8041376835e-06, 3.15820238939e-06, 1.40502379509e-06, 1.61455261605e-06, 1.21746802506e-06, 2.34987010117e-06, 2.8295357879e-07, 3.12009518666e-07, 2.34515127318e-07, 4.52256159633e-07, 1.30135887844e-07, 6.12533426647e-07, 4.86729504701e-07, 1.49294749008e-07, 1.31507746914e-07, 1.67267600659e-07, 7.93448577951e-08, 2.8125898055e-08, 3.04669539597e-10]
    },
    "erbbands": {
        "dmean": [0.153115659952, 2.01523637772, 6.42882204056, 8.36419677734, 6.11161518097, 7.43522500992, 9.93404960632, 9.6621761322, 17.9394416809, 31.0847454071, 24.6332817078, 16.528175354, 20.2841701508, 13.5189628601, 14.0428886414, 13.2580480576, 15.5591545105, 21.1898574829, 10.8887271881, 6.88637781143, 8.03858757019, 9.71208095551, 15.9173126221, 10.4545383453, 7.57240867615, 11.6216192245, 13.5454721451, 7.20231533051, 5.25724124908, 5.06123924255, 3.94462800026, 3.87421774864, 2.41260457039, 1.10249555111, 0.713942825794, 0.278730750084, 0.0798540040851, 0.0176668204367, 0.000583811954129, 2.40337813011e-05],
        "dmean2": [0.21179305017, 2.84540319443, 9.80960941315, 13.3067464828, 10.7585096359, 12.4933404922, 15.9723567963, 14.8193635941, 29.2416152954, 48.001865387, 38.7964324951, 24.0101051331, 30.5519161224, 21.4610729218, 21.7684783936, 19.467256546, 24.8233375549, 32.9375534058, 16.3839931488, 9.63073348999, 12.5612392426, 15.0831708908, 25.286283493, 16.6979179382, 11.6228618622, 17.4291915894, 20.9094219208, 10.8191137314, 8.32632732391, 8.20792484283, 5.91373205185, 5.85343408585, 3.5285346508, 1.62604558468, 1.11046111584, 0.407734930515, 0.12290777266, 0.0276956129819, 0.000908511516172, 3.28190035361e-05],
        "dvar": [0.0823105350137, 16.843208313, 147.418228149, 307.830932617, 118.806686401, 102.282943726, 206.609527588, 294.73348999, 986.134399414, 3887.82592773, 1858.08630371, 1649.85546875, 2921.07373047, 1096.82592773, 1103.5090332, 1219.30102539, 1354.82336426, 3250.89477539, 484.839019775, 210.395370483, 437.469818115, 406.315582275, 715.67565918, 274.986694336, 139.761962891, 453.653106689, 446.749176025, 171.899887085, 126.586227417, 140.241516113, 44.5645904541, 47.9684448242, 17.3168468475, 5.41667938232, 2.69652843475, 0.631426274776, 0.0395305119455, 0.00164456502534, 2.02702494789e-06, 1.23120202922e-09],
        "dvar2": [0.135013207793, 29.2792339325, 333.822052002, 710.901000977, 342.296600342, 291.037506104, 510.629852295, 589.448913574, 2471.73510742, 8820.68652344, 4118.02880859, 3526.44726562, 7019.27099609, 2645.48510742, 2422.90625, 2686.84741211, 3366.19897461, 7350.33300781, 1107.74072266, 364.709106445, 1141.08447266, 975.094238281, 1813.27575684, 692.573608398, 326.89151001, 1061.44873047, 956.629455566, 376.544769287, 339.013824463, 371.059875488, 89.6662139893, 106.606552124, 36.8290367126, 11.895822525, 6.04414892197, 1.34924829006, 0.0901677235961, 0.00381603650749, 4.46497006124e-06, 2.35179808961e-09],
        "max": [2.58343625069, 35.1941108704, 77.2457275391, 136.437316895, 99.8357086182, 174.449310303, 279.77911377, 428.541381836, 408.471191406, 1057.96264648, 619.711914062, 846.846496582, 684.799743652, 552.266723633, 802.692443848, 677.43963623, 606.465148926, 821.095031738, 336.476287842, 440.747344971, 315.970123291, 361.25479126, 324.677459717, 223.147171021, 130.834197998, 357.881256104, 225.977722168, 246.435501099, 84.3446578979, 95.8028259277, 92.6969604492, 79.0945281982, 49.9699211121, 32.6288452148, 26.5200958252, 16.812921524, 3.72494983673, 0.508209228516, 0.0197617076337, 0.000425989273936],
        "mean": [0.27630931139, 3.29113054276, 8.5434513092, 11.5855760574, 11.1899347305, 12.8291215897, 20.7935791016, 20.7723236084, 30.5717926025, 57.6973953247, 50.1325645447, 28.7826156616, 29.4003791809, 18.5656986237, 21.1869392395, 20.0782604218, 22.3781929016, 30.1972484589, 17.6646175385, 11.6061410904, 12.3333873749, 16.0041904449, 26.8942165375, 17.5111045837, 13.3210191727, 22.473443985, 27.2535400391, 12.4237241745, 6.85902833939, 6.60435914993, 6.59139299393, 6.40937757492, 4.12103509903, 1.74006485939, 0.980237185955, 0.393599689007, 0.112170271575, 0.0223286822438, 0.000732814194635, 7.07032813807e-05],
        "median": [0.165984630585, 1.50154864788, 4.13854169846, 6.36397457123, 9.11387825012, 9.21696090698, 16.2398014069, 15.5957593918, 19.8606472015, 39.0577468872, 29.4465045929, 8.85955905914, 6.71154546738, 4.52262735367, 9.8796710968, 5.96266794205, 5.81323099136, 6.42699718475, 6.05173015594, 3.31772422791, 4.30261993408, 6.38977909088, 10.9763746262, 8.99118995667, 6.42717027664, 8.24894428253, 7.21010971069, 3.89146661758, 2.02440738678, 2.05313324928, 2.47280859947, 2.75828933716, 1.84273779392, 0.669899463654, 0.234604269266, 0.0960243344307, 0.0260137207806, 0.00375118339434, 0.000134070010972, 5.21309229953e-05],
        "min": [2.5014143672e-21, 1.77832942642e-20, 3.8476364354e-20, 3.05794422982e-20, 6.23007363463e-20, 1.53087065598e-19, 3.36249920667e-20, 1.18617169928e-19, 4.26620649822e-19, 2.91858400677e-19, 6.96731955207e-19, 2.01630713022e-18, 2.87724188165e-18, 2.60591299225e-18, 5.45634140075e-18, 2.28729915032e-18, 6.72562192657e-18, 3.82770301115e-18, 5.13588418682e-18, 1.00462152458e-17, 7.30176480374e-18, 1.44458226606e-17, 1.63209021429e-17, 1.60664365711e-17, 1.00581680056e-17, 9.96479585806e-18, 1.70953566089e-17, 1.67155467045e-17, 1.89523985908e-17, 2.01656095059e-17, 1.77282275325e-17, 1.73559151931e-17, 1.48185800231e-17, 1.234790403e-17, 9.513010487e-18, 9.18476371324e-18, 3.67662674408e-18, 1.30085173506e-18, 2.63921073422e-19, 3.06850532292e-20],
        "stdev": [0.394056081772, 5.48334598541, 13.1019382477, 18.9996833801, 10.5152206421, 12.6307411194, 18.6080646515, 23.9364414215, 36.3494262695, 79.3501281738, 65.7620620728, 64.2071914673, 69.4780883789, 42.1411132812, 43.3124504089, 48.6378593445, 50.1235351562, 75.0364608765, 31.9618053436, 29.7281475067, 24.9576663971, 26.5681877136, 39.0094261169, 23.6863327026, 17.2383613586, 37.1841621399, 38.8018760681, 20.8382377625, 12.7437343597, 12.5278501511, 10.5703821182, 9.90251922607, 6.06274557114, 3.13791966438, 2.12778329849, 0.983369588852, 0.244443491101, 0.0492827259004, 0.00178032950498, 5.50729673705e-05],
        "var": [0.155280187726, 30.0670852661, 171.66078186, 360.987945557, 110.569862366, 159.535614014, 346.260101318, 572.953186035, 1321.28076172, 6296.44238281, 4324.6484375, 4122.56298828, 4827.20458984, 1775.87341309, 1875.96850586, 2365.64135742, 2512.36889648, 5630.47021484, 1021.5569458, 883.762756348, 622.885131836, 705.868591309, 1521.73547363, 561.042358398, 297.161102295, 1382.6619873, 1505.58569336, 434.232177734, 162.402755737, 156.947021484, 111.73298645, 98.0598831177, 36.7568855286, 9.84653949738, 4.52746152878, 0.96701580286, 0.0597526207566, 0.00242878706194, 3.16957311952e-06, 3.03303160365e-09]
    },
    "gfcc": {
        "mean": [16.8299808502, 105.767051697, -87.6079025269, 34.7718963623, -62.6465415955, 9.59864425659, -37.307258606, 13.1851787567, -21.5183410645, 7.57122659683, -7.94775438309, -3.75973653793, -14.5372543335],
        "cov": [[6739.72753906, -3417.3034668, -815.824523926, 1030.38293457, -510.809356689, 540.359985352, -233.17477417, 337.176818848, -475.259490967, 186.408218384, -418.104400635, 80.6228713989, -293.300323486], [-3417.3034668, 2983.609375, 345.494781494, -711.581054688, 470.949829102, -304.039031982, 263.069793701, -198.440856934, 389.74029541, -168.449935913, 318.677642822, -136.282241821, 222.877319336], [-815.824523926, 345.494781494, 730.239440918, -67.4736633301, 89.2892379761, 34.2842063904, -18.5299930573, -54.807559967, 38.8464698792, -20.1499729156, 15.4410390854, 32.9639968872, -32.4869155884], [1030.38293457, -711.581054688, -67.4736633301, 522.164733887, -7.18076705933, 37.2993736267, -48.1269111633, 64.1620559692, -60.2281227112, 47.1205368042, -85.5456085205, 7.67481517792, -41.8695907593], [-510.809356689, 470.949829102, 89.2892379761, -7.18076705933, 305.432312012, -29.5377445221, 50.0060806274, -27.3711872101, 77.9987411499, -11.7409820557, 25.4176063538, -33.8136901855, 26.4405593872], [540.359985352, -304.039031982, 34.2842063904, 37.2993736267, -29.5377445221, 219.184860229, 32.0657730103, 33.2209396362, -49.8521003723, 15.9858579636, -16.9700222015, 9.41811656952, -42.4639129639], [-233.17477417, 263.069793701, -18.5299930573, -48.1269111633, 50.0060806274, 32.0657730103, 200.315505981, -1.83340799809, 11.0347528458, -20.6776885986, 40.1826553345, 11.0754833221, 15.3549880981], [337.176818848, -198.440856934, -54.807559967, 64.1620559692, -27.3711872101, 33.2209396362, -1.83340799809, 121.604766846, -2.32300567627, 7.33446121216, -10.1908502579, 1.08111274242, 1.58901548386], [-475.259490967, 389.74029541, 38.8464698792, -60.2281227112, 77.9987411499, -49.8521003723, 11.0347528458, -2.32300567627, 146.967803955, -5.1819767952, 38.381652832, -22.7993278503, 36.7143554688], [186.408218384, -168.449935913, -20.1499729156, 47.1205368042, -11.7409820557, 15.9858579636, -20.6776885986, 7.33446121216, -5.1819767952, 90.0521316528, 5.61089372635, -11.6616353989, -10.7327737808], [-418.104400635, 318.677642822, 15.4410390854, -85.5456085205, 25.4176063538, -16.9700222015, 40.1826553345, -10.1908502579, 38.381652832, 5.61089372635, 122.165328979, -4.44275283813, 28.7483825684], [80.6228713989, -136.282241821, 32.9639968872, 7.67481517792, -33.8136901855, 9.41811656952, 11.0754833221, 1.08111274242, -22.7993278503, -11.6616353989, -4.44275283813, 96.8577423096, 1.08750271797], [-293.300323486, 222.877319336, -32.4869155884, -41.8695907593, 26.4405593872, -42.4639129639, 15.3549880981, 1.58901548386, 36.7143554688, -10.7327737808, 28.7483825684, 1.08750271797, 91.2046661377]],
        "icov": [[0.000594128156081, -5.24813185621e-05, 0.000596452620812, -0.000645949039608, 0.000296339159831, -0.00105048343539, 0.000460647599539, -0.000656530319247, 0.000576210790314, -0.000461323361378, 0.00087437563343, -0.000448245875305, 0.000757167988922], [-5.24813185621e-05, 0.00288246781565, -0.000977783696726, 0.00190304243006, -0.00177665660158, 0.00200440874323, -0.00219006580301, 0.0019014327554, -0.00288774818182, 0.00322153582238, -0.00327989459038, 0.00327971740626, -0.00236714235507], [0.000596452620812, -0.000977783696726, 0.00255357613787, -0.00108221150003, 0.00030448907637, -0.00216734083369, 0.0016680060653, -0.000624363543466, 0.000940096389968, -0.00114751432557, 0.00166532269213, -0.00238908291794, 0.00234306720085], [-0.000645949039608, 0.00190304243006, -0.00108221150003, 0.00446162372828, -0.00201461440884, 0.00245840265416, -0.00160277646501, 0.000666191568598, -0.00175819115248, 0.00126665423159, -0.00158713548444, 0.0021490403451, -0.00174666941166], [0.000296339159831, -0.00177665660158, 0.00030448907637, -0.00201461440884, 0.00564874196425, -0.00151993124746, 0.000327757181367, -0.000522706308402, 0.000150606923853, -0.00179492507596, 0.00242264475673, -0.00068374699913, 0.0010595502099], [-0.00105048343539, 0.00200440874323, -0.00216734083369, 0.00245840265416, -0.00151993124746, 0.00910966750234, -0.00370491831563, 0.000590513227507, -0.00133184134029, 0.0018569676904, -0.00333548872732, 0.00300481915474, -0.000854138226714], [0.000460647599539, -0.00219006580301, 0.0016680060653, -0.00160277646501, 0.000327757181367, -0.00370491831563, 0.00822318252176, -0.00181249075104, 0.00269481725991, -0.00127924769185, 0.00112527993042, -0.00384125392884, 0.00197452283464], [-0.000656530319247, 0.0019014327554, -0.000624363543466, 0.000666191568598, -0.000522706308402, 0.000590513227507, -0.00181249075104, 0.0117431571707, -0.00382159720175, 0.00277160713449, -0.00293110311031, 0.00255559687503, -0.003389416961], [0.000576210790314, -0.00288774818182, 0.000940096389968, -0.00175819115248, 0.000150606923853, -0.00133184134029, 0.00269481725991, -0.00382159720175, 0.0132526801899, -0.00383353885263, 0.00247244187631, -0.00204493058845, 0.000845745147672], [-0.000461323361378, 0.00322153582238, -0.00114751432557, 0.00126665423159, -0.00179492507596, 0.0018569676904, -0.00127924769185, 0.00277160713449, -0.00383353885263, 0.0167089775205, -0.00653539504856, 0.00534861395136, -0.00212556938641], [0.00087437563343, -0.00327989459038, 0.00166532269213, -0.00158713548444, 0.00242264475673, -0.00333548872732, 0.00112527993042, -0.00293110311031, 0.00247244187631, -0.00653539504856, 0.0158250387758, -0.00420652050525, 0.0015954823466], [-0.000448245875305, 0.00327971740626, -0.00238908291794, 0.0021490403451, -0.00068374699913, 0.00300481915474, -0.00384125392884, 0.00255559687503, -0.00204493058845, 0.00534861395136, -0.00420652050525, 0.0158553943038, -0.00453169317916], [0.000757167988922, -0.00236714235507, 0.00234306720085, -0.00174666941166, 0.0010595502099, -0.000854138226714, 0.00197452283464, -0.003389416961, 0.000845745147672, -0.00212556938641, 0.0015954823466, -0.00453169317916, 0.0171989556402]]
    },
    "melbands": {
        "dmean": [0.00171694776509, 0.0028988821432, 0.00129588705022, 0.000410144857597, 0.000334205105901, 0.000231438534684, 0.00026604955201, 0.000384713464882, 0.000180247574463, 0.000103860715171, 0.000103195721749, 5.67031856917e-05, 4.84994779981e-05, 3.6620433093e-05, 4.385059583e-05, 2.95273912343e-05, 4.44068027718e-05, 2.06114855246e-05, 1.3459783986e-05, 8.86706311576e-06, 9.8699629234e-06, 9.83154313872e-06, 1.38294017233e-05, 1.47547680172e-05, 8.87142778083e-06, 5.67345978197e-06, 6.40116877548e-06, 8.95785615285e-06, 9.39596156968e-06, 7.01151611793e-06, 3.77658807338e-06, 3.2235514027e-06, 2.90046091322e-06, 2.6976576919e-06, 2.36993923863e-06, 2.50697053161e-06, 2.47473485615e-06, 1.9595829599e-06, 1.22317942441e-06, 8.71665747582e-07],
        "dmean2": [0.00243820040487, 0.00417121779174, 0.00206072768196, 0.000703626021277, 0.000540229375474, 0.000357536249794, 0.000426606100518, 0.000596525846049, 0.00028457964072, 0.000151104832185, 0.000156148787937, 9.04921980691e-05, 7.64867727412e-05, 5.48818898096e-05, 6.76595591358e-05, 4.79744776385e-05, 6.94185000611e-05, 3.19997125189e-05, 2.04691932595e-05, 1.31060833155e-05, 1.57606173161e-05, 1.5455419998e-05, 2.21934915317e-05, 2.34148847085e-05, 1.45831827467e-05, 8.96429901331e-06, 9.91446086118e-06, 1.36272747113e-05, 1.44032637763e-05, 1.0835708963e-05, 5.80457299293e-06, 5.27131260242e-06, 4.7680678108e-06, 4.30359796155e-06, 3.55952784048e-06, 3.78824984182e-06, 3.7898755636e-06, 2.89891613647e-06, 1.78644586413e-06, 1.30411535793e-06],
        "dvar": [1.15625625767e-05, 2.48778815148e-05, 6.40439247945e-06, 3.36631444497e-07, 1.9690604347e-07, 1.32244309725e-07, 2.2840212921e-07, 4.79860830183e-07, 1.05582806498e-07, 6.34047125914e-08, 7.40418784062e-08, 1.90816429324e-08, 1.46702507919e-08, 7.31516358599e-09, 1.44132776825e-08, 6.20696694043e-09, 1.56532404816e-08, 2.19835039061e-09, 1.07327713383e-09, 4.50292803045e-10, 7.91156029578e-10, 4.98846519648e-10, 5.33578625728e-10, 6.42251252181e-10, 2.23412149891e-10, 1.05363523462e-10, 1.15238457665e-10, 3.18324505644e-10, 2.48385312318e-10, 1.47406448159e-10, 6.14075040817e-11, 5.11941600223e-11, 5.40102025604e-11, 3.26332745548e-11, 1.63222820676e-11, 2.21306653558e-11, 1.96775425815e-11, 1.11967960945e-11, 5.86241602138e-12, 3.90888059768e-12],
        "dvar2": [1.70211060322e-05, 4.92865838169e-05, 1.48124436237e-05, 9.78742832558e-07, 5.07545848905e-07, 2.73936535677e-07, 5.43468900105e-07, 1.14167823995e-06, 2.32059022665e-07, 1.34344389835e-07, 1.79260666755e-07, 4.682553012e-08, 3.56032785476e-08, 1.74094125782e-08, 3.11501509032e-08, 1.54799710828e-08, 3.55816673903e-08, 5.25254817418e-09, 2.07851291734e-09, 8.25203683164e-10, 2.11732120725e-09, 1.1887358875e-09, 1.35916111699e-09, 1.554175455e-09, 5.89698401221e-10, 2.53642523651e-10, 2.81226930632e-10, 7.60951801571e-10, 5.44775002886e-10, 3.42225275896e-10, 1.37291802926e-10, 1.39416908573e-10, 1.47342027468e-10, 8.30443006028e-11, 3.47457999872e-11, 5.08395270327e-11, 4.43240687209e-11, 2.50837180887e-11, 1.24375319072e-11, 9.0314630774e-12],
        "max": [0.0285933949053, 0.0378999076784, 0.0199226699769, 0.00632698880509, 0.00756755284965, 0.00818480085582, 0.00622407440096, 0.00945489108562, 0.00542456796393, 0.00477287685499, 0.00339302024804, 0.00206216075458, 0.002374434378, 0.00169481569901, 0.00200979085639, 0.00140016002115, 0.00186907954048, 0.000708134786692, 0.00052154622972, 0.00058820436243, 0.000485140219098, 0.000397568335757, 0.000283911416773, 0.00031271998887, 0.000207218065043, 0.000134420333779, 0.000183513606316, 0.000280706008198, 0.000190144448425, 0.000211354898056, 0.00016093661543, 5.81459207751e-05, 5.82891225349e-05, 5.87236536376e-05, 5.72479475522e-05, 7.00183736626e-05, 5.28075506736e-05, 4.29215178883e-05, 3.1529853004e-05, 2.82752534986e-05],
        "mean": [0.00317691196688, 0.00446584587917, 0.00204293290153, 0.000790964171756, 0.000712893903255, 0.000508125347551, 0.000443168828497, 0.000717372226063, 0.000364407955203, 0.000174134780536, 0.00014381390065, 7.30878455215e-05, 6.66055857437e-05, 5.61143715458e-05, 6.11333816778e-05, 3.81024765375e-05, 6.17462283117e-05, 3.10565483232e-05, 1.91135804926e-05, 1.39960839078e-05, 1.40726069731e-05, 1.50635696627e-05, 2.20826423174e-05, 2.32974962273e-05, 1.32630402732e-05, 8.98248254089e-06, 1.04513228507e-05, 1.62047745107e-05, 1.81456616701e-05, 1.2876396795e-05, 5.33298771188e-06, 3.89329807149e-06, 3.50953632733e-06, 3.64778588846e-06, 3.7269837776e-06, 3.94927246816e-06, 3.92115225623e-06, 3.22815208165e-06, 1.90789273802e-06, 1.2918712855e-06],
        "median": [0.0016011283733, 0.00221135956235, 0.00136322167236, 0.000643011706416, 0.000581774162129, 0.000392322748667, 0.000271946482826, 0.000493907253258, 0.000199341258849, 4.65894772788e-05, 3.12595147989e-05, 1.75758104888e-05, 2.79714131466e-05, 2.26480806305e-05, 1.4453620679e-05, 9.10038852453e-06, 1.15748689495e-05, 1.04024675238e-05, 4.94395317219e-06, 4.19005027652e-06, 4.42537793788e-06, 5.2357822824e-06, 8.34806996863e-06, 8.29224609333e-06, 6.00250223215e-06, 4.01089027946e-06, 4.03892227041e-06, 4.86162070956e-06, 4.60335650132e-06, 2.84644352178e-06, 1.16265107408e-06, 9.34775641781e-07, 9.55571067607e-07, 1.22551352888e-06, 1.35201571538e-06, 1.44191255913e-06, 1.71557508111e-06, 1.4033946627e-06, 7.64300807532e-07, 4.36579853158e-07],
        "min": [2.38276272615e-23, 2.0671432645e-23, 5.44086319902e-24, 8.61758515953e-24, 2.07433578269e-24, 2.72870063673e-24, 6.16779457888e-24, 3.49874957595e-24, 5.81827121659e-24, 1.65306891317e-23, 1.46280686466e-23, 9.80635357863e-24, 1.59696670331e-23, 1.05433295244e-23, 8.10822003961e-24, 1.31809403924e-23, 6.41609170424e-24, 6.81152124919e-24, 1.47257122717e-23, 7.93687077353e-24, 8.94269998212e-24, 1.63129729882e-23, 1.00534776678e-23, 1.83187338813e-23, 1.29930794787e-23, 6.57946085341e-24, 6.71589316367e-24, 6.6328655534e-24, 1.02926602943e-23, 1.0655636496e-23, 9.15042125796e-24, 9.39210930666e-24, 1.33929980366e-23, 9.19666980626e-24, 8.71380725731e-24, 1.20956334476e-23, 1.05238872585e-23, 9.62363761576e-24, 1.16628548887e-23, 1.0049342459e-23],
        "stdev": [0.00486007006839, 0.00616283947602, 0.0027952180244, 0.000644164334517, 0.000577154161874, 0.000521895301063, 0.000568047747947, 0.000887813512236, 0.000496793130878, 0.000394179747673, 0.00034861950553, 0.000173092921614, 0.00014530585031, 0.000116189439723, 0.000163364456967, 9.2117676104e-05, 0.00016486896493, 6.33382296655e-05, 4.62335228804e-05, 4.05444516218e-05, 3.0380586395e-05, 2.85849637294e-05, 3.17552694469e-05, 3.5646789911e-05, 1.96828204935e-05, 1.34196943691e-05, 1.53189994307e-05, 2.94785422739e-05, 2.79064734059e-05, 2.02299524972e-05, 1.12317029561e-05, 7.80513983045e-06, 7.25095378584e-06, 6.65383322485e-06, 6.12856456428e-06, 6.65795823807e-06, 6.08619029663e-06, 4.6877562454e-06, 3.31699288836e-06, 2.56956855083e-06],
        "var": [2.36202831729e-05, 3.79805896955e-05, 7.81324342825e-06, 4.14947692207e-07, 3.33106953576e-07, 2.72374677479e-07, 3.22678232578e-07, 7.88212787484e-07, 2.46803438131e-07, 1.55377676947e-07, 1.21535549624e-07, 2.99611571108e-08, 2.1113791604e-08, 1.34999851298e-08, 2.66879460753e-08, 8.48566639178e-09, 2.71817768294e-08, 4.01173139153e-09, 2.13753859057e-09, 1.64385260959e-09, 9.22980081253e-10, 8.17100165307e-10, 1.00839703254e-09, 1.2706936614e-09, 3.87413434666e-10, 1.80088208235e-10, 2.34671754251e-10, 8.68984495472e-10, 7.78771214183e-10, 4.09250994204e-10, 1.26151145086e-10, 6.09202133184e-11, 5.25763321768e-11, 4.42734945927e-11, 3.75593028901e-11, 4.43284055296e-11, 3.70417099771e-11, 2.197506066e-11, 1.1002442013e-11, 6.60268281022e-12]
    },
    "melbands128": {
