{
"lowlevel": {
    "average_loudness": 0.916923642159,
    "barkbands_crest": {
        "dmean": 2.70132184029,
        "dmean2": 4.1323261261,
        "dvar": 7.75260019302,
        "dvar2": 16.0150413513,
        "max": 26.4696292877,
        "mean": 12.9964914322,
        "median": 12.0115747452,
        "min": 2.9067697525,
        "stdev": 5.30883789062,
        "var": 28.1837596893
    },
    "barkbands_flatness_db": {
        "dmean": 0.0317968353629,
        "dmean2": 0.0448920913041,
        "dvar": 0.00116882822476,
        "dvar2": 0.00222488678992,
        "max": 0.495480269194,
        "mean": 0.196093276143,
        "median": 0.189340874553,
        "min": 0.0372238382697,
        "stdev": 0.0718271881342,
        "var": 0.00515914475545
    },
    "barkbands_kurtosis": {
        "dmean": 12.0733747482,
        "dmean2": 17.6434631348,
        "dvar": 969.617675781,
        "dvar2": 2213.91699219,
        "max": 533.473388672,
        "mean": 16.7067584991,
        "median": 5.49771690369,
        "min": -1.91194272041,
        "stdev": 35.8828659058,
        "var": 1287.58007812
    },
    "barkbands_skewness": {
        "dmean": 1.04196536541,
        "dmean2": 1.42645764351,
        "dvar": 1.8231344223,
        "dvar2": 3.62968397141,
        "max": 21.6256694794,
        "mean": 2.58424448967,
        "median": 2.08821368217,
        "min": -4.03728675842,
        "stdev": 2.37275147438,
        "var": 5.62994909286
    },
    "barkbands_spread": {
        "dmean": 5.69994497299,
        "dmean2": 8.63371753693,
        "dvar": 87.4214859009,
        "dvar2": 178.820922852,
        "max": 96.1736831665,
        "mean": 15.1318845749,
        "median": 11.5414609909,
        "min": 0.218553423882,
        "stdev": 15.1741695404,
        "var": 230.255432129
    },
    "dissonance": {
        "dmean": 0.032390601933,
        "dmean2": 0.0518571026623,
        "dvar": 0.00107220734935,
        "dvar2": 0.00247901421972,
        "max": 0.500000119209,
        "mean": 0.432267129421,
        "median": 0.445506900549,
        "min": 0.159170582891,
        "stdev": 0.0544264763594,
        "var": 0.0029622411821
    },
    "dynamic_complexity": 3.59012269974,
    "erbbands_crest": {
        "dmean": 2.54855799675,
        "dmean2": 3.95753550529,
        "dvar": 5.12243509293,
        "dvar2": 11.7002658844,
        "max": 23.9836292267,
        "mean": 9.33303546906,
        "median": 8.47012805939,
        "min": 2.4345562458,
        "stdev": 3.94972157478,
        "var": 15.6003007889
    },
    "erbbands_flatness_db": {
        "dmean": 0.0225325059146,
        "dmean2": 0.0304055567831,
        "dvar": 0.000457956455648,
        "dvar2": 0.000769311445765,
        "max": 0.336301803589,
        "mean": 0.160951137543,
        "median": 0.161926686764,
        "min": 0.0478282794356,
        "stdev": 0.051205702126,
        "var": 0.00262202392332
    },
    "erbbands_kurtosis": {
        "dmean": 1.60767126083,
        "dmean2": 2.44957447052,
        "dvar": 3.94138765335,
        "dvar2": 8.19724655151,
        "max": 26.1608314514,
        "mean": 2.1857509613,
        "median": 1.47159147263,
        "min": -1.82423651218,
        "stdev": 3.15619945526,
        "var": 9.9615945816
    },
    "erbbands_skewness": {
        "dmean": 0.464779645205,
        "dmean2": 0.683994948864,
        "dvar": 0.209863260388,
        "dvar2": 0.409240663052,
        "max": 4.91244697571,
        "mean": 0.748135685921,
        "median": 0.773784041405,
        "min": -3.15272164345,
        "stdev": 0.883260190487,
        "var": 0.780148565769
    },
    "erbbands_spread": {
        "dmean": 10.8336114883,
        "dmean2": 15.3467550278,
        "dvar": 176.846633911,
        "dvar2": 340.613372803,
        "max": 153.960647583,
        "mean": 34.1594390869,
        "median": 26.7755336761,
        "min": 4.08145999908,
        "stdev": 24.1361198425,
        "var": 582.552246094
    },
    "hfc": {
        "dmean": 7.7410402298,
        "dmean2": 11.5594053268,
        "dvar": 190.916183472,
        "dvar2": 447.375915527,
        "max": 113.814308167,
        "mean": 17.2821884155,
        "median": 11.2166414261,
        "min": 1.1477206438e-16,
        "stdev": 17.8494758606,
        "var": 318.603759766
    },
    "loudness_ebu128": {
        "integrated": -9.92915630341,
        "loudness_range": 6.95354366302,
        "momentary": {
            "dmean": 0.90250647068,
            "dmean2": 1.22026264668,
            "dvar": 1.12832069397,
            "dvar2": 1.25048685074,
            "max": -6.549741745,
            "mean": -11.4006814957,
            "median": -9.95157051086,
            "min": -26.8496932983,
            "stdev": 4.07592344284,
            "var": 16.6131534576
        },
        "short_term": {
            "dmean": 0.12349870801,
            "dmean2": 0.153045982122,
            "dvar": 0.0169652309269,
            "dvar2": 0.0221200007945,
            "max": -7.95445108414,
            "mean": -10.6174869537,
            "median": -9.42318344116,
            "min": -16.6255607605,
            "stdev": 2.57676529884,
            "var": 6.63971996307
        }
    },
    "melbands_crest": {
        "dmean": 3.54352927208,
        "dmean2": 5.4750123024,
        "dvar": 12.4795818329,
        "dvar2": 29.127374649,
        "max": 35.4565467834,
        "mean": 20.1856460571,
        "median": 20.3359203339,
        "min": 2.23719668388,
        "stdev": 8.09576892853,
        "var": 65.5414733887
    },
    "melbands_flatness_db": {
        "dmean": 0.0371347740293,
        "dmean2": 0.0510363765061,
        "dvar": 0.00161841302179,
        "dvar2": 0.00293999514543,
        "max": 0.64306885004,
        "mean": 0.276247292757,
        "median": 0.269518882036,
        "min": 0.00450961431488,
        "stdev": 0.093390583992,
        "var": 0.00872180052102
    },
    "melbands_kurtosis": {
        "dmean": 20.4326858521,
        "dmean2": 29.1222438812,
        "dvar": 1683.5423584,
        "dvar2": 3345.38232422,
        "max": 696.252563477,
        "mean": 32.0822906494,
        "median": 11.1381645203,
        "min": -1.78131878376,
        "stdev": 58.7824745178,
        "var": 3455.37939453
    },
    "melbands_skewness": {
        "dmean": 1.19051468372,
        "dmean2": 1.64956915379,
        "dvar": 1.90622258186,
        "dvar2": 3.40485334396,
        "max": 17.8516807556,
        "mean": 3.49428606033,
        "median": 2.72237896919,
        "min": -1.54722833633,
        "stdev": 2.80734848976,
        "var": 7.88120508194
    },
    "melbands_spread": {
        "dmean": 7.18479633331,
        "dmean2": 10.6670875549,
        "dvar": 351.66696167,
        "dvar2": 693.86505127,
        "max": 225.319396973,
        "mean": 17.7297782898,
        "median": 10.7385463715,
        "min": 0.263280689716,
        "stdev": 28.4197025299,
        "var": 807.679504395
    },
    "pitch_salience": {
        "dmean": 0.0834925472736,
        "dmean2": 0.131484508514,
        "dvar": 0.0072887185961,
        "dvar2": 0.0174182932824,
        "max": 0.955606937408,
        "mean": 0.45637819171,
        "median": 0.451792150736,
        "min": 0.0541360974312,
        "stdev": 0.162697196007,
        "var": 0.0264703799039
    },
    "silence_rate_20dB": {
        "dmean": 0.0030959751457,
        "dmean2": 0.00619674660265,
        "dvar": 0.00308636552654,
        "dvar2": 0.009256798774,
        "max": 1,
        "mean": 0.998453199863,
        "median": 1,
        "min": 0,
        "stdev": 0.0392987728119,
        "var": 0.00154439348262
    },
    "silence_rate_30dB": {
        "dmean": 0.0541795678437,
        "dmean2": 0.108443066478,
        "dvar": 0.0512448586524,
        "dvar2": 0.102879367769,
        "max": 1,
        "mean": 0.90023201704,
        "median": 1,
        "min": 0,
        "stdev": 0.299691617489,
        "var": 0.0898150727153
    },
    "silence_rate_60dB": {
        "dmean": 0.0270897839218,
        "dmean2": 0.0542215332389,
        "dvar": 0.0263560526073,
        "dvar2": 0.0590257048607,
        "max": 1,
        "mean": 0.105181746185,
        "median": 0,
        "min": 0,
        "stdev": 0.306786596775,
        "var": 0.0941180214286
    },
    "spectral_centroid": {
        "dmean": 261.905151367,
        "dmean2": 366.063659668,
        "dvar": 237635.71875,
        "dvar2": 355802.40625,
        "max": 10904.8154297,
        "mean": 950.823364258,
        "median": 758.553894043,
        "min": 126.930656433,
        "stdev": 797.741088867,
        "var": 636390.875
    },
    "spectral_complexity": {
        "dmean": 3.25,
        "dmean2": 4.9457783699,
        "dvar": 26.9800701141,
        "dvar2": 53.8994483948,
        "max": 53,
        "mean": 12.9829854965,
        "median": 12,
        "min": 0,
        "stdev": 8.19756031036,
        "var": 67.1999893188
    },
    "spectral_decrease": {
        "dmean": 5.39059952231e-09,
        "dmean2": 7.84072184956e-09,
        "dvar": 1.22447387258e-16,
        "dvar2": 2.28209469534e-16,
        "max": 4.36292887179e-29,
        "mean": -1.33002124869e-08,
        "median": -9.21027254464e-09,
        "min": -9.56685184406e-08,
        "stdev": 1.63684106269e-08,
        "var": 2.67924885667e-16
    },
    "spectral_energy": {
        "dmean": 0.0208451468498,
        "dmean2": 0.0303054619581,
        "dvar": 0.00178210600279,
        "dvar2": 0.00333842635155,
        "max": 0.364463120699,
        "mean": 0.0517656467855,
        "median": 0.0362776406109,
        "min": 1.02454873399e-20,
        "stdev": 0.0624292306602,
        "var": 0.00389740872197
    },
    "spectral_energyband_high": {
        "dmean": 0.000448348728241,
        "dmean2": 0.000661545665935,
        "dvar": 1.19183982861e-06,
        "dvar2": 2.3707782475e-06,
        "max": 0.0122990580276,
        "mean": 0.000612271658611,
        "median": 0.000127190593048,
        "min": 7.60122114269e-21,
        "stdev": 0.00138236337807,
        "var": 1.91092840396e-06
    },
    "spectral_energyband_low": {
        "dmean": 0.017516516149,
        "dmean2": 0.0255830083042,
        "dvar": 0.00164094055071,
        "dvar2": 0.00309972558171,
        "max": 0.349009662867,
        "mean": 0.0356720909476,
        "median": 0.0170429870486,
        "min": 4.85763095832e-23,
        "stdev": 0.0569393932819,
        "var": 0.00324209430255
    },
    "spectral_energyband_middle_high": {
        "dmean": 0.00188291678205,
        "dmean2": 0.00281342351809,
        "dvar": 1.32755376399e-05,
        "dvar2": 3.09872957587e-05,
        "max": 0.0570042878389,
        "mean": 0.0045851119794,
        "median": 0.0017801693175,
        "min": 1.45308855269e-21,
        "stdev": 0.00731796771288,
        "var": 5.3552652389e-05
    },
    "spectral_energyband_middle_low": {
        "dmean": 0.00798686593771,
        "dmean2": 0.0140675175935,
        "dvar": 0.00056123745162,
        "dvar2": 0.00162378884852,
        "max": 0.189346596599,
        "mean": 0.0115423491225,
        "median": 0.00760349771008,
        "min": 3.16512578409e-22,
        "stdev": 0.0188258364797,
        "var": 0.000354412128218
    },
    "spectral_entropy": {
        "dmean": 0.26378044486,
        "dmean2": 0.360311388969,
        "dvar": 0.0773192048073,
        "dvar2": 0.134655758739,
        "max": 9.80613422394,
        "mean": 7.27398443222,
        "median": 7.20930194855,
        "min": 5.63698196411,
        "stdev": 0.605351090431,
        "var": 0.366449952126
    },
    "spectral_flux": {
        "dmean": 0.0403940230608,
        "dmean2": 0.0618785507977,
        "dvar": 0.00438450835645,
        "dvar2": 0.00745347095653,
        "max": 0.609314501286,
        "mean": 0.10032633692,
        "median": 0.068652741611,
        "min": 1.01219997661e-10,
        "stdev": 0.100049301982,
        "var": 0.0100098634139
    },
    "spectral_kurtosis": {
        "dmean": 2.58308053017,
        "dmean2": 3.91451668739,
        "dvar": 10.9061508179,
        "dvar2": 27.5782794952,
        "max": 53.1457443237,
        "mean": 6.86464071274,
        "median": 6.01663684845,
        "min": -1.18010854721,
        "stdev": 5.39965677261,
        "var": 29.1562957764
    },
    "spectral_rms": {
        "dmean": 0.00116891460493,
        "dmean2": 0.00168359209783,
        "dvar": 3.07451341541e-06,
        "dvar2": 5.45963121112e-06,
        "max": 0.0188566632569,
        "mean": 0.00613230559975,
        "median": 0.00594918662682,
        "min": 3.1615814567e-12,
        "stdev": 0.00359136261977,
        "var": 1.28978854264e-05
    },
    "spectral_rolloff": {
        "dmean": 427.914031982,
        "dmean2": 687.947753906,
        "dvar": 1673284.75,
        "dvar2": 3032383.75,
        "max": 18906.1523438,
        "mean": 1115.58227539,
        "median": 559.86328125,
        "min": 43.06640625,
        "stdev": 2231.83081055,
        "var": 4981068.5
    },
    "spectral_skewness": {
        "dmean": 0.355853199959,
        "dmean2": 0.5000898242,
        "dvar": 0.132339194417,
        "dvar2": 0.279753565788,
        "max": 5.85176944733,
        "mean": 2.11048817635,
        "median": 2.13135051727,
        "min": 0.00203695311211,
        "stdev": 0.751504719257,
        "var": 0.56475931406
    },
    "spectral_spread": {
        "dmean": 941918,
        "dmean2": 1229598.75,
        "dvar": 1.58029211238e+12,
        "dvar2": 1.96887012966e+12,
        "max": 40348380,
        "mean": 5128376.5,
        "median": 4447380.5,
        "min": 1084114.625,
        "stdev": 2431667.5,
        "var": 5.91300657152e+12
    },
    "spectral_strongpeak": {
        "dmean": 0.31639572978,
        "dmean2": 0.521037101746,
        "dvar": 0.296587646008,
        "dvar2": 0.697662115097,
        "max": 6.26610422134,
        "mean": 0.673960447311,
        "median": 0.325255632401,
        "min": 0,
        "stdev": 0.91565066576,
        "var": 0.838416099548
    },
    "zerocrossingrate": {
        "dmean": 0.0135396011174,
        "dmean2": 0.0146654574201,
        "dvar": 0.000654434843455,
        "dvar2": 0.0006365510053,
        "max": 0.48681640625,
        "mean": 0.0466484203935,
        "median": 0.03173828125,
        "min": 0.00048828125,
        "stdev": 0.0604149028659,
        "var": 0.00364996050484
    },
    "barkbands": {
        "dmean": [0.00189021462575, 0.0150330970064, 0.00488676503301, 0.0032990204636, 0.00212664017454, 0.00125054211821, 0.000942741287872, 0.000980322249234, 0.00105282349978, 0.000795621541329, 0.000483729527332, 0.000505901291035, 0.000416645314544, 0.000194297506823, 8.84907494765e-05, 0.000113582558697, 9.96546878014e-05, 6.61153026158e-05, 8.62895321916e-05, 9.06073182705e-05, 9.51991532929e-05, 6.30859503872e-05, 8.39097629068e-05, 8.71304655448e-05, 8.28623451525e-05, 4.09148778999e-05, 2.61327932094e-06],
        "dmean2": [0.00330633413978, 0.0227451194078, 0.00901881605387, 0.00630840426311, 0.00370302423835, 0.00217170617543, 0.00157720525749, 0.00154478789773, 0.00153788528405, 0.00122774462216, 0.000741828233004, 0.000747694866732, 0.00062041397905, 0.000300051178783, 0.000141011434607, 0.000175088629476, 0.000164571989444, 0.000104372949863, 0.000137420327519, 0.000143631157698, 0.000145793499541, 9.4241790066e-05, 0.000125446094899, 0.000130145999719, 0.000122809768072, 5.6978831708e-05, 3.95934102926e-06],
        "dvar": [9.11366623768e-06, 0.00134273979347, 0.00040631138836, 0.000201631584787, 4.86900680698e-05, 1.1803093912e-05, 3.8540897549e-06, 4.48298669653e-06, 3.9701822061e-06, 4.00771477871e-06, 1.04082630514e-06, 1.2796339206e-06, 8.36364620227e-07, 3.146896006e-07, 4.54909425684e-08, 8.22832362246e-08, 3.91151111501e-08, 2.75589933096e-08, 4.89481557508e-08, 7.91321497218e-08, 7.05215867924e-08, 2.26381224877e-08, 3.77154165676e-08, 4.85505999848e-08, 4.45028369711e-08, 8.29200086372e-09, 5.53230239397e-11],
        "dvar2": [2.51094952546e-05, 0.00267813284881, 0.00116076809354, 0.000592371623497, 0.000136535280035, 3.36180746672e-05, 1.00787938209e-05, 1.06217712528e-05, 7.94753123046e-06, 8.61575153976e-06, 2.49485924542e-06, 2.75513980341e-06, 1.84291855021e-06, 6.7271912485e-07, 1.07431297636e-07, 2.14926686226e-07, 1.11229667255e-07, 6.6470967397e-08, 1.25809620499e-07, 1.90970311564e-07, 1.54566151878e-07, 4.77348649497e-08, 8.010243846e-08, 9.85094672501e-08, 9.45880600511e-08, 1.60851296727e-08, 1.20111254276e-10],
        "max": [0.0371208004653, 0.30570602417, 0.153473198414, 0.111073419452, 0.0699172392488, 0.0329185351729, 0.018945818767, 0.0225508566946, 0.025819323957, 0.0346619896591, 0.0180851798505, 0.018263630569, 0.0139257358387, 0.0129485428333, 0.00345035479404, 0.00428230362013, 0.00280360598117, 0.00173364323564, 0.00209220871329, 0.00230567576364, 0.00208429829217, 0.00166588649154, 0.00275585544296, 0.00305522885174, 0.00307120545767, 0.00128052348737, 0.000128013460198],
        "mean": [0.00537820486352, 0.0260770190507, 0.00365924765356, 0.00233169598505, 0.00251774862409, 0.00163761537988, 0.00137918768451, 0.00157537299674, 0.00194797548465, 0.0012972507393, 0.00083511963021, 0.00088865426369, 0.000659383251332, 0.000265781389317, 0.000123874095152, 0.000170149636688, 0.00016006010992, 9.623546066e-05, 0.000106234328996, 8.37213738123e-05, 9.77528761723e-05, 7.87281387602e-05, 0.00011543295841, 0.000116778326628, 0.000106484068965, 5.71067648707e-05, 2.83943245449e-06],
        "median": [0.001156126149, 0.0122132888064, 0.000694180314895, 0.000529796932824, 0.00123029458337, 0.000722557364497, 0.000431034830399, 0.000340165483067, 0.000595410936512, 0.000157447211677, 0.000186665783986, 0.000195508851903, 0.000147678540088, 6.8302731961e-05, 3.25615801557e-05, 5.44269641978e-05, 5.78607468924e-05, 3.11948751914e-05, 4.36543559772e-05, 6.77751722833e-06, 6.90714614393e-06, 1.84212985914e-05, 3.64923325833e-05, 2.36004980252e-05, 1.21950297398e-05, 7.59844306231e-06, 5.76217260573e-08],
        "min": [4.50867928353e-24, 2.7901543212e-23, 1.09286312786e-23, 9.78666045499e-24, 5.54261245073e-23, 1.36492658126e-23, 9.27773315288e-23, 7.14373629324e-23, 4.74141786303e-23, 7.85347634294e-23, 7.65596576711e-23, 9.71237342355e-23, 7.60527293425e-23, 9.31964438614e-23, 1.92796103245e-22, 1.38663584404e-22, 1.70490587833e-22, 2.57290934853e-22, 1.89058505519e-22, 2.46706971104e-22, 3.53669997016e-22, 4.54655199072e-22, 5.04075302678e-22, 7.7133122946e-22, 1.55676936188e-21, 1.64616333209e-21, 2.50403161836e-21],
        "stdev": [0.0078814662993, 0.0463583245873, 0.0154370134696, 0.0103681869805, 0.00569273484871, 0.00299839745276, 0.00229276670143, 0.00307275587693, 0.00331505457871, 0.00350781576708, 0.00163566193078, 0.00192993332166, 0.00136341329198, 0.000732650281861, 0.000285924994387, 0.000336963770678, 0.00026660002186, 0.000197244618903, 0.000215688021854, 0.000271570577752, 0.000286590395262, 0.000190988081158, 0.000254106184002, 0.000282083259663, 0.000262321147602, 0.000132124609081, 9.08411402634e-06],
        "var": [6.21175058768e-05, 0.00214909412898, 0.000238301392528, 0.000107499305159, 3.24072279909e-05, 8.99038695934e-06, 5.25677887708e-06, 9.44182920648e-06, 1.09895872811e-05, 1.2304772099e-05, 2.67539007837e-06, 3.72464251086e-06, 1.85889575732e-06, 5.36776440185e-07, 8.17531073949e-08, 1.13544587066e-07, 7.10755685418e-08, 3.89054406469e-08, 4.65213219059e-08, 7.37505843063e-08, 8.21340506718e-08, 3.6476446752e-08, 6.45699458346e-08, 7.95709667045e-08, 6.88123904524e-08, 1.74569141365e-08, 8.25211288191e-11]
    },
    "erbbands": {
        "dmean": [0.573590040207, 3.20838356018, 5.78659105301, 8.93798446655, 10.2387561798, 6.08372116089, 6.01711750031, 11.2126703262, 12.1942625046, 16.9949321747, 21.1648216248, 23.1862297058, 24.0877513885, 21.3747406006, 17.3582344055, 17.2800979614, 17.4255161285, 10.3599529266, 6.70562934875, 4.69444465637, 5.81718492508, 5.86701011658, 3.44704341888, 4.30611848831, 3.97655010223, 4.3862991333, 3.75458884239, 3.72777795792, 2.22915649414, 2.23819518089, 2.43784165382, 1.92106902599, 1.47982549667, 1.00543379784, 0.551703214645, 0.253221154213, 0.0629580691457, 0.00814653746784, 0.000262123823632, 2.86999184027e-05],
        "dmean2": [0.876365482807, 4.72437095642, 10.0392398834, 16.9476795197, 18.7844314575, 10.1290912628, 10.536948204, 19.3993911743, 19.8898353577, 28.346572876, 32.360244751, 34.1858291626, 35.8876228333, 33.9716529846, 24.8276481628, 25.398273468, 25.7698135376, 15.691534996, 10.8479833603, 7.41057443619, 8.87954330444, 9.6749124527, 5.48183202744, 6.75017404556, 6.33072948456, 6.93589019775, 5.79494190216, 5.77812719345, 3.35997247696, 3.30067944527, 3.61769175529, 2.90476608276, 2.23730707169, 1.47168290615, 0.825883686543, 0.365143299103, 0.0903054699302, 0.0117050679401, 0.000378474593163, 4.10613465647e-05],
        "dvar": [1.18148601055, 89.8602905273, 487.81829834, 1440.19934082, 1547.22387695, 331.843811035, 267.428344727, 840.936706543, 561.468322754, 1432.52282715, 1782.26293945, 2546.83886719, 2694.32861328, 1900.50170898, 1561.37036133, 1441.72644043, 1269.87670898, 1087.07507324, 258.647918701, 140.774963379, 181.136749268, 160.512329102, 77.8293228149, 103.02494812, 124.019096375, 191.386108398, 109.477638245, 117.539283752, 30.1234645844, 23.3733577728, 32.7029190063, 20.5798034668, 17.7164077759, 7.60939216614, 1.75472104549, 0.343193441629, 0.019368134439, 0.000385976454709, 4.24045509817e-07, 2.457657855e-09],
        "dvar2": [2.49823975563, 190.373504639, 1331.0246582, 4202.52929688, 4498.18066406, 891.413146973, 751.997741699, 2394.12084961, 1381.51428223, 3998.84960938, 4060.48144531, 5131.00927734, 5713.79101562, 4644.56347656, 3003.78027344, 2909.41430664, 2630.96191406, 2457.32861328, 650.123718262, 359.338226318, 463.532592773, 472.737030029, 188.885650635, 253.308288574, 315.688140869, 456.830413818, 244.108200073, 272.565643311, 64.2401809692, 47.8546867371, 68.9050140381, 41.6257553101, 39.1234855652, 15.903342247, 3.86874127388, 0.702975451946, 0.0380865670741, 0.000716597540304, 8.05263653092e-07, 4.74591921318e-09],
        "max": [10.722992897, 77.8123168945, 164.855651855, 282.876861572, 319.579589844, 209.95149231, 147.065887451, 288.018890381, 281.721282959, 367.108215332, 538.635070801, 788.932312012, 830.905517578, 560.286254883, 649.615356445, 528.223632812, 525.867492676, 758.032287598, 189.851165771, 153.642318726, 162.902664185, 195.21295166, 86.4842224121, 90.9354858398, 110.079093933, 124.218482971, 89.8016357422, 91.9415817261, 60.5191268921, 71.0214004517, 74.9565048218, 49.4487533569, 68.2047042847, 43.9744949341, 17.0079154968, 7.24433231354, 2.06920313835, 0.361854672432, 0.0123031139374, 0.00040860590525],
        "mean": [1.119602561, 4.3781170845, 4.88725376129, 6.51144075394, 9.11968994141, 8.26115989685, 8.48950386047, 14.0550336838, 17.1689033508, 25.7311191559, 37.5268936157, 42.4489135742, 41.9266433716, 38.5263404846, 33.1106338501, 32.9047889709, 30.1895904541, 15.9626493454, 9.8375453949, 6.92002391815, 9.97186660767, 9.55291748047, 5.21862888336, 5.98527097702, 4.52949810028, 4.08031702042, 3.82532906532, 3.71014070511, 2.71417069435, 3.18836593628, 3.24341130257, 2.62970471382, 1.88927006721, 1.28130352497, 0.686982214451, 0.337392985821, 0.0875638872385, 0.0114246439189, 0.000361274491297, 6.88889267622e-05],
        "median": [0.5713519454, 1.43392419815, 1.0826177597, 1.58305311203, 3.36451935768, 3.18424272537, 3.42296719551, 5.85619926453, 7.04514932632, 7.49349927902, 11.2413253784, 14.201965332, 10.0838851929, 10.1176023483, 7.58651208878, 8.57837963104, 7.34202432632, 4.69702243805, 2.4512386322, 2.14396619797, 3.74064970016, 3.33945941925, 1.83174586296, 2.34851360321, 1.53867685795, 0.338987976313, 0.230217471719, 0.291387081146, 0.554112434387, 1.13425600529, 0.878554522991, 0.660436630249, 0.28751668334, 0.11472633481, 0.0921404287219, 0.0428127124906, 0.0128848478198, 0.00109110202175, 5.38253079867e-05, 4.9380108976e-05],
        "min": [5.98130090313e-22, 7.66622509882e-21, 1.43810858644e-20, 2.51522052861e-20, 1.57402544401e-19, 1.67537109568e-19, 1.42073569332e-19, 8.17946110366e-20, 7.00768648295e-19, 2.03810726847e-18, 1.40918530514e-18, 1.3651640971e-18, 1.77540256414e-18, 2.64881264677e-18, 3.45834929006e-18, 4.60449302156e-18, 3.83100801129e-18, 4.51364253411e-18, 7.76444331629e-18, 1.05036477789e-17, 5.76069092661e-18, 9.54440778151e-18, 1.5067829394e-17, 9.64322939493e-18, 1.09177501099e-17, 1.13712113489e-17, 1.29322285506e-17, 1.6335457213e-17, 1.42207319267e-17, 1.60454046768e-17, 1.39105061098e-17, 1.45041422025e-17, 1.42683676038e-17, 1.44428596997e-17, 1.16810153037e-17, 6.90150079073e-18, 2.91815444154e-18, 1.18686107677e-18, 2.77882512144e-19, 4.15163597339e-20],
        "stdev": [1.52331352234, 10.6666088104, 18.2668495178, 28.1120834351, 29.3567276001, 17.6387939453, 15.7214670181, 25.1220474243, 27.4493427277, 42.0190734863, 61.4412727356, 77.5957794189, 88.3936004639, 69.129119873, 73.0161361694, 65.4838027954, 59.4012489319, 40.3180656433, 20.8294677734, 14.0671367645, 17.4654045105, 16.797542572, 10.2017765045, 11.2374315262, 10.5992021561, 13.348156929, 11.1987724304, 11.2433195114, 6.80540418625, 6.65310907364, 7.43490791321, 5.89405155182, 5.06499528885, 3.49167370796, 1.57552480698, 0.783413112164, 0.202056720853, 0.0294475313276, 0.00094117608387, 7.25664067431e-05],
        "var": [2.32048392296, 113.776550293, 333.67779541, 790.28918457, 861.817504883, 311.127044678, 247.164535522, 631.117248535, 753.466369629, 1765.60241699, 3775.02978516, 6021.10498047, 7813.42919922, 4778.83496094, 5331.35644531, 4288.12890625, 3528.50854492, 1625.54626465, 433.866699219, 197.884338379, 305.040344238, 282.157409668, 104.076248169, 126.27986908, 112.343093872, 178.173294067, 125.412506104, 126.412231445, 46.3135261536, 44.2638587952, 55.2778587341, 34.7398452759, 25.654176712, 12.1917848587, 2.48227858543, 0.613736093044, 0.0408269204199, 0.000867157068569, 8.85812369233e-07, 5.26588328498e-09]
    },
    "gfcc": {
        "mean": [-29.6380729675, 104.034805298, -88.629196167, 16.8647480011, -58.1802597046, 25.1901073456, -37.2249336243, 16.0457420349, -16.4276657104, 0.0968894958496, -10.2405042648, 6.44830465317, -16.6609077454],
        "cov": [[8578.70605469, -1067.08239746, -350.038360596, -112.220527649, 93.1560745239, 696.902404785, 344.085906982, 750.56262207, 27.4505996704, 236.751480103, -43.5533103943, 521.012268066, 27.6170310974], [-1067.08239746, 2276.96411133, -218.980499268, -341.764251709, 455.957824707, 0.247922256589, 265.368865967, -19.1389312744, 462.544555664, -261.688964844, 272.089447021, 27.4670391083, 33.1926040649], [-350.038360596, -218.980499268, 910.241210938, 383.57925415, 156.042739868, 76.7896575928, 91.1469955444, 27.1556854248, -56.9546127319, 195.780914307, -30.6096076965, -50.7039260864, 86.9701843262], [-112.220527649, -341.764251709, 383.57925415, 637.023376465, 127.592277527, 20.3874588013, 54.9149627686, -11.2774124146, -25.090921402, 162.430770874, -11.8038730621, -54.728477478, 134.357727051], [93.1560745239, 455.957824707, 156.042739868, 127.592277527, 429.987670898, 144.480438232, 178.724411011, 102.847175598, 186.310958862, 71.5388641357, 77.1178588867, 38.1398735046, 77.9082870483], [696.902404785, 0.247922256589, 76.7896575928, 20.3874588013, 144.480438232, 270.529571533, 186.238021851, 152.085540771, 71.0108032227, 58.6855583191, 38.9096260071, 60.7751808167, 33.4445953369], [344.085906982, 265.368865967, 91.1469955444, 54.9149627686, 178.724411011, 186.238021851, 356.949798584, 170.432235718, 109.375274658, 29.2928543091, 81.1827850342, 61.2771873474, 86.8213272095], [750.56262207, -19.1389312744, 27.1556854248, -11.2774124146, 102.847175598, 152.085540771, 170.432235718, 246.023147583, 74.39012146, 42.9280776978, 40.9820365906, 92.5024337769, 35.4298248291], [27.4505996704, 462.544555664, -56.9546127319, -25.090921402, 186.310958862, 71.0108032227, 109.375274658, 74.39012146, 242.149139404, -11.2948703766, 84.5518417358, 38.9810523987, 19.6529521942], [236.751480103, -261.688964844, 195.780914307, 162.430770874, 71.5388641357, 58.6855583191, 29.2928543091, 42.9280776978, -11.2948703766, 196.425933838, -6.75759840012, -13.7849178314, 45.8913345337], [-43.5533103943, 272.089447021, -30.6096076965, -11.8038730621, 77.1178588867, 38.9096260071, 81.1827850342, 40.9820365906, 84.5518417358, -6.75759840012, 119.64655304, 35.3868713379, 25.3102054596], [521.012268066, 27.4670391083, -50.7039260864, -54.728477478, 38.1398735046, 60.7751808167, 61.2771873474, 92.5024337769, 38.9810523987, -13.7849178314, 35.3868713379, 144.337615967, 30.5026092529], [27.6170310974, 33.1926040649, 86.9701843262, 134.357727051, 77.9082870483, 33.4445953369, 86.8213272095, 35.4298248291, 19.6529521942, 45.8913345337, 25.3102054596, 30.5026092529, 133.041549683]],
        "icov": [[0.000234864972299, -2.65321323241e-05, 0.000187848039786, -0.000115528397146, 9.06665009097e-05, -0.000436905218521, 0.000105344624899, -0.000427702150773, 0.000140746138641, -0.000308889197186, 0.000366244610632, -0.00063391571166, 0.000215050618863], [-2.65321323241e-05, 0.00188428035472, -0.000321220693877, 0.00120992620941, -0.00162241305225, 0.001077878871, -0.00094287696993, 0.00125404715072, -0.00185952801257, 0.00207973085344, -0.00205489690416, 0.00102905288804, -0.000803746806923], [0.000187848039786, -0.000321220693877, 0.00196462194435, -0.000942825630773, -0.000235327563132, -0.000552032142878, -0.000156027803314, -0.000466095050797, 0.00114513223525, -0.00149876927026, 0.000930758542381, -0.000405760656577, 0.00047532323515], [-0.000115528397146, 0.00120992620941, -0.000942825630773, 0.00372565933503, -0.00144000980072, 0.00107339769602, -0.000564722926356, 0.00123703281861, -0.00106389541179, 0.000348874134943, -0.00129413162358, 0.00190847541671, -0.00296608335339], [9.06665009097e-05, -0.00162241305225, -0.000235327563132, -0.00144000980072, 0.00630561681464, -0.00216916110367, 0.000369867106201, -0.000870341376867, -0.00172950699925, -0.0024558340665, 0.00165556080174, -0.00114904576913, -0.000111698507681], [-0.000436905218521, 0.001077878871, -0.000552032142878, 0.00107339769602, -0.00216916110367, 0.00886816065758, -0.00336399744265, -0.000601774838287, -0.000957692041993, 0.000194259453565, -0.00129960849881, 0.000694861344527, 0.000657505181152], [0.000105344624899, -0.00094287696993, -0.000156027803314, -0.000564722926356, 0.000369867106201, -0.00336399744265, 0.00722531042993, -0.00347738014534, 0.000614792283159, 0.000424850237323, -0.0008339836495, 0.000616209523287, -0.00249434472062], [-0.000427702150773, 0.00125404715072, -0.000466095050797, 0.00123703281861, -0.000870341376867, -0.000601774838287, -0.00347738014534, 0.0104498537257, -0.00236719707027, 1.69046124938e-05, -0.00114952202421, -0.00221446459182, 4.89594276587e-05], [0.000140746138641, -0.00185952801257, 0.00114513223525, -0.00106389541179, -0.00172950699925, -0.000957692041993, 0.000614792283159, -0.00236719707027, 0.0102195683867, -0.00148244644515, -0.00106830406003, -0.00103482860141, 0.00168549874797], [-0.000308889197186, 0.00207973085344, -0.00149876927026, 0.000348874134943, -0.0024558340665, 0.000194259453565, 0.000424850237323, 1.69046124938e-05, -0.00148244644515, 0.0108418669552, -0.00276853819378, 0.00333950994536, -0.00247955368832], [0.000366244610632, -0.00205489690416, 0.000930758542381, -0.00129413162358, 0.00165556080174, -0.00129960849881, -0.0008339836495, -0.00114952202421, -0.00106830406003, -0.00276853819378, 0.0151905547827, -0.00368087552488, 0.000409545114962], [-0.00063391571166, 0.00102905288804, -0.000405760656577, 0.00190847541671, -0.00114904576913, 0.000694861344527, 0.000616209523287, -0.00221446459182, -0.00103482860141, 0.00333950994536, -0.00368087552488, 0.0132069978863, -0.00442825537175], [0.000215050618863, -0.000803746806923, 0.00047532323515, -0.00296608335339, -0.000111698507681, 0.000657505181152, -0.00249434472062, 4.89594276587e-05, 0.00168549874797, -0.00247955368832, 0.000409545114962, -0.00442825537175, 0.0134155778214]]
    },
    "melbands": {
        "dmean": [0.00445438595489, 0.00314334081486, 0.00155957764946, 0.000566217990126, 0.000204847165151, 0.000247388496064, 0.00019015550788, 0.000201541013666, 0.00016686291201, 0.000152721535414, 0.00012770043395, 9.63041384239e-05, 5.72371536691e-05, 5.48547905055e-05, 4.64757067675e-05, 4.04234378948e-05, 1.7951879272e-05, 1.33297735374e-05, 6.8042318162e-06, 7.21210562915e-06, 6.79606864651e-06, 6.82776362737e-06, 3.51545941157e-06, 3.14466751661e-06, 3.62021228284e-06, 3.44271938957e-06, 3.04336253976e-06, 2.75951106232e-06, 2.31048920796e-06, 2.1356936486e-06, 2.23298115998e-06, 1.22970823213e-06, 1.24985274397e-06, 1.29468412524e-06, 1.43037880207e-06, 1.44347848163e-06, 1.11532108349e-06, 1.08778601771e-06, 1.03165689325e-06, 7.86389080076e-07],
        "dmean2": [0.00675055524334, 0.00477168010548, 0.00294584501535, 0.000999681302346, 0.000355853524525, 0.000427432794822, 0.000313124182867, 0.000333406555001, 0.000255604332779, 0.000225799594773, 0.000190579521586, 0.000152492037159, 8.51370277815e-05, 7.9345125414e-05, 7.01803073753e-05, 5.96516911173e-05, 2.80071108136e-05, 2.19915054913e-05, 1.05962199086e-05, 1.1483983144e-05, 1.0321665286e-05, 1.12411144073e-05, 5.75368221689e-06, 5.02694274473e-06, 5.67252618566e-06, 5.62112791158e-06, 4.82789118905e-06, 4.39294308308e-06, 3.62193259207e-06, 3.28216287926e-06, 3.54983558282e-06, 1.87428270237e-06, 1.88288231584e-06, 1.93763276002e-06, 2.15686623051e-06, 2.18981881517e-06, 1.68640031006e-06, 1.64521088664e-06, 1.55637019361e-06, 1.16365072245e-06],
        "dvar": [8.97325153346e-05, 0.000105226790765, 4.26324368163e-05, 3.81921518056e-06, 2.56561833112e-07, 4.18577741357e-07, 1.3574540958e-07, 1.84674220804e-07, 1.00243120471e-07, 1.06129085964e-07, 7.82892115581e-08, 4.07084854714e-08, 1.50803582954e-08, 1.77275154556e-08, 1.15577680759e-08, 9.78859304723e-09, 4.39370495542e-09, 1.08703968049e-09, 3.02477293213e-10, 4.34773633762e-10, 2.02788133508e-10, 2.25063065407e-10, 6.24782309222e-11, 7.43847622386e-11, 6.81536563296e-11, 8.85590351052e-11, 8.96853424859e-11, 7.43502551193e-11, 4.37762187611e-11, 3.38247103937e-11, 4.57953362731e-11, 9.69460883099e-12, 8.49305781953e-12, 7.69298166836e-12, 1.10512658053e-11, 1.32079833182e-11, 6.61219560008e-12, 9.41583269687e-12, 9.74470504289e-12, 4.57648936109e-12],
        "dvar2": [0.000172209300217, 0.000254154816503, 0.000123982841615, 1.08122421807e-05, 7.11894870165e-07, 1.1908906572e-06, 3.46051876932e-07, 4.97253097365e-07, 2.1774874881e-07, 2.11873341982e-07, 1.64785006973e-07, 9.66446336292e-08, 3.33843921396e-08, 3.68797437034e-08, 2.35979715768e-08, 2.09081232327e-08, 9.81887460227e-09, 2.75391287552e-09, 6.39431618765e-10, 1.16150300489e-09, 4.92290652687e-10, 6.62245036587e-10, 1.57898416564e-10, 1.80801276728e-10, 1.66808539204e-10, 2.33700309105e-10, 2.19227649922e-10, 1.77896322673e-10, 1.02561577286e-10, 7.0514122319e-11, 1.10890241434e-10, 2.09870332918e-11, 1.86778613409e-11, 1.59938052385e-11, 2.3133215829e-11, 2.98777287633e-11, 1.32256809671e-11, 2.15035263901e-11, 2.20452371635e-11, 9.38662342298e-12],
        "max": [0.0874918103218, 0.0796302855015, 0.0489331781864, 0.0182471685112, 0.00413594627753, 0.00632029492408, 0.003758441424, 0.00391426915303, 0.00447027338669, 0.00465002562851, 0.00451778201386, 0.00305457552895, 0.00217904918827, 0.00260289339349, 0.00132748135366, 0.00150297419168, 0.00163917813916, 0.000401989556849, 0.000339310470736, 0.000325915694702, 0.0001875525777, 0.000242274050834, 8.48619238241e-05, 8.96811470739e-05, 7.66512093833e-05, 9.44587081904e-05, 8.12113648863e-05, 8.04455848993e-05, 6.1354439822e-05, 4.65236553282e-05, 5.96972713538e-05, 3.65292544302e-05, 3.14436147164e-05, 4.38710849266e-05, 4.42940290668e-05, 5.37115956831e-05, 2.48808555625e-05, 4.80330199935e-05, 4.98871049786e-05, 3.49884394382e-05],
        "mean": [0.00878329202533, 0.00353280385025, 0.00120593456086, 0.000625898712315, 0.000291019823635, 0.00031591829611, 0.00027663007495, 0.00031433836557, 0.000301460037008, 0.000273527606623, 0.000216000757064, 0.000167864214745, 0.00010460048361, 0.000106403866084, 7.4755094829e-05, 6.30657013971e-05, 2.49731074291e-05, 1.77817455551e-05, 9.7367728813e-06, 1.01454252217e-05, 1.16128767331e-05, 1.08869553515e-05, 5.18216484124e-06, 4.39340828962e-06, 4.95996164318e-06, 3.93515165342e-06, 2.92696017823e-06, 2.50643347499e-06, 2.26039378504e-06, 2.31346666624e-06, 2.117299573e-06, 1.45376657201e-06, 1.59398143751e-06, 1.86108559319e-06, 1.86857300832e-06, 1.82553810646e-06, 1.51601591369e-06, 1.33054641083e-06, 1.25487213154e-06, 1.0006777984e-06],
        "median": [0.00444952724501, 0.00107787456363, 0.000355193566065, 0.000288173439912, 0.000129073596327, 0.000140344738611, 0.000112381138024, 7.79379770393e-05, 8.26889154268e-05, 7.75054941187e-05, 4.70666163892e-05, 3.86811661883e-05, 2.36451396631e-05, 2.33689115703e-05, 1.7608565031e-05, 1.38741952469e-05, 6.74004559187e-06, 4.20982132709e-06, 2.64827644969e-06, 2.80121071228e-06, 4.17237970396e-06, 3.46714318766e-06, 1.78905645498e-06, 1.36982669119e-06, 1.89197305644e-06, 1.44881198594e-06, 4.88307307478e-07, 1.23017002807e-07, 1.22486326859e-07, 1.58801654493e-07, 1.67440475707e-07, 2.44586999543e-07, 4.49500532795e-07, 6.53418624097e-07, 4.73600948681e-07, 4.50590079026e-07, 3.70782146319e-07, 2.0463998851e-07, 1.06790601251e-07, 8.77600143667e-08],
        "min": [8.33801601017e-24, 7.87572222046e-24, 7.71544461718e-24, 1.31222199532e-23, 4.595613333e-24, 2.32516889865e-24, 1.26282691754e-23, 2.14725350937e-23, 1.03455991719e-23, 7.81362545659e-24, 8.80506899771e-24, 1.04223687486e-23, 1.07023607274e-23, 1.15536426184e-23, 8.03335161768e-24, 9.41268910996e-24, 8.07723752756e-24, 1.10025720001e-23, 1.55504411046e-23, 1.18141284336e-23, 5.31953008091e-24, 6.85847898343e-24, 1.97887051807e-23, 9.52283854701e-24, 7.35199194346e-24, 8.34589594175e-24, 6.98994265329e-24, 7.84203943753e-24, 7.61784911257e-24, 8.60886587995e-24, 9.96711869795e-24, 8.58771336364e-24, 7.49301818521e-24, 9.22066537727e-24, 7.79105220178e-24, 8.43211607211e-24, 9.18289392827e-24, 9.79275282776e-24, 1.10505726085e-23, 1.25485445257e-23],
        "stdev": [0.0130881667137, 0.0101975062862, 0.00484758615494, 0.00156079547014, 0.000479042006191, 0.000558589119464, 0.000424074300099, 0.000529153214302, 0.000488128687721, 0.000506982265506, 0.000483864540001, 0.000332392839482, 0.000218516404857, 0.000249645585427, 0.000167404985405, 0.000146615508129, 7.80716509325e-05, 4.00773133151e-05, 2.40009994741e-05, 2.20479541895e-05, 2.02194823942e-05, 1.98272337002e-05, 9.21798527997e-06, 9.57890642894e-06, 9.28379085963e-06, 8.71323845786e-06, 9.04701482796e-06, 8.32995192468e-06, 6.80534321873e-06, 6.6167717705e-06, 6.68508073431e-06, 3.85476505471e-06, 3.63322760677e-06, 3.82358302886e-06, 4.38168899564e-06, 4.32539309259e-06, 3.37302208209e-06, 3.58094030162e-06, 3.69550161849e-06, 2.71808380603e-06],
        "var": [0.000171300096554, 0.000103989128547, 2.34990930039e-05, 2.43608246819e-06, 2.29481230463e-07, 3.12021796844e-07, 1.79839005909e-07, 2.80003149555e-07, 2.38269620922e-07, 2.57031018691e-07, 2.34124897247e-07, 1.10485004257e-07, 4.77494204176e-08, 6.23229112762e-08, 2.8024430776e-08, 2.14961080047e-08, 6.09518302497e-09, 1.60619118006e-09, 5.76047987089e-10, 4.86112261555e-10, 4.08827444121e-10, 3.93119231612e-10, 8.49712591955e-11, 9.17554435209e-11, 8.61887783365e-11, 7.59205198708e-11, 8.1848479383e-11, 6.93880994329e-11, 4.63126932637e-11, 4.37816692622e-11, 4.46903035412e-11, 1.48592128185e-11, 1.3200343596e-11, 1.46197862844e-11, 1.91991995219e-11, 1.87090256482e-11, 1.13772784596e-11, 1.28231340477e-11, 1.36567319953e-11, 7.38797911737e-12]
    },
    "melbands128": {
