{
"lowlevel": {
    "average_loudness": 0.81963378191,
    "barkbands_crest": {
        "dmean": 1.33799350262,
        "dmean2": 2.10590219498,
        "dvar": 1.93307673931,
        "dvar2": 4.86744260788,
        "max": 26.4238491058,
        "mean": 13.9409036636,
        "median": 13.761554718,
        "min": 4.85221481323,
        "stdev": 3.79066824913,
        "var": 14.3691663742
    },
    "barkbands_flatness_db": {
        "dmean": 0.0140031781048,
        "dmean2": 0.0226045716554,
        "dvar": 0.00020623121236,
        "dvar2": 0.000463404838229,
        "max": 0.486368298531,
        "mean": 0.351070553064,
        "median": 0.354485869408,
        "min": 0.0796476453543,
        "stdev": 0.0467614233494,
        "var": 0.00218663061969
    },
    "barkbands_kurtosis": {
        "dmean": 5.25608205795,
        "dmean2": 8.78733444214,
        "dvar": 123.154632568,
        "dvar2": 385.694885254,
        "max": 206.763259888,
        "mean": 16.8888645172,
        "median": 8.4033946991,
        "min": -1.70535707474,
        "stdev": 20.6664218903,
        "var": 427.101013184
    },
    "barkbands_skewness": {
        "dmean": 0.415565848351,
        "dmean2": 0.639375984669,
        "dvar": 0.239773854613,
        "dvar2": 0.563607394695,
        "max": 6.52683830261,
        "mean": 1.55851078033,
        "median": 1.64085459709,
        "min": -6.11894273758,
        "stdev": 1.82724273205,
        "var": 3.33881592751
    },
    "barkbands_spread": {
        "dmean": 0.418577730656,
        "dmean2": 0.630298674107,
        "dvar": 0.668621838093,
        "dvar2": 0.990309715271,
        "max": 28.7077865601,
        "mean": 2.98072099686,
        "median": 2.52968096733,
        "min": 0.222782939672,
        "stdev": 1.92378818989,
        "var": 3.70096111298
    },
    "dissonance": {
        "dmean": 0.0525418817997,
        "dmean2": 0.09105386585,
        "dvar": 0.00310682482086,
        "dvar2": 0.00903897453099,
        "max": 0.499344974756,
        "mean": 0.367519974709,
        "median": 0.398085415363,
        "min": 0.0434112027287,
        "stdev": 0.0919751897454,
        "var": 0.00845943484455
    },
    "dynamic_complexity": 2.85282039642,
    "erbbands_crest": {
        "dmean": 1.30611431599,
        "dmean2": 1.93293166161,
        "dvar": 2.2851793766,
        "dvar2": 4.76687383652,
        "max": 32.6553649902,
        "mean": 18.1516437531,
        "median": 17.5477466583,
        "min": 3.69681358337,
        "stdev": 5.97456645966,
        "var": 35.6954421997
    },
    "erbbands_flatness_db": {
        "dmean": 0.0123006012291,
        "dmean2": 0.0188742894679,
        "dvar": 0.000253536709351,
        "dvar2": 0.00044106200221,
        "max": 0.504380881786,
        "mean": 0.306937336922,
        "median": 0.29312813282,
        "min": 0.0997512191534,
        "stdev": 0.0609403513372,
        "var": 0.00371372653171
    },
    "erbbands_kurtosis": {
        "dmean": 3.11115479469,
        "dmean2": 4.81751012802,
        "dvar": 54.9090080261,
        "dvar2": 139.562347412,
        "max": 183.995758057,
        "mean": 10.9645996094,
        "median": 6.00524044037,
        "min": -1.50831544399,
        "stdev": 17.3808250427,
        "var": 302.093078613
    },
    "erbbands_skewness": {
        "dmean": 0.312936753035,
        "dmean2": 0.452668488026,
        "dvar": 0.21033591032,
        "dvar2": 0.48409512639,
        "max": 7.23612260818,
        "mean": 0.517851173878,
        "median": 0.739164710045,
        "min": -5.39058589935,
        "stdev": 1.81801342964,
        "var": 3.30517268181
    },
    "erbbands_spread": {
        "dmean": 1.08424305916,
        "dmean2": 1.57192802429,
        "dvar": 2.51220059395,
        "dvar2": 3.9538602829,
        "max": 42.883644104,
        "mean": 8.9332857132,
        "median": 8.95818519592,
        "min": 0.370456814766,
        "stdev": 5.09572696686,
        "var": 25.9664325714
    },
    "hfc": {
        "dmean": 1.28763902187,
        "dmean2": 1.65261876583,
        "dvar": 15.3451633453,
        "dvar2": 26.4871807098,
        "max": 88.7931747437,
        "mean": 7.63920879364,
        "median": 4.32707023621,
        "min": 1.14897544371e-16,
        "stdev": 10.2140445709,
        "var": 104.326713562
    },
    "loudness_ebu128": {
        "integrated": -18.2338275909,
        "loudness_range": 4.67033863068,
        "momentary": {
            "dmean": 0.430219322443,
            "dmean2": 0.367961972952,
            "dvar": 0.267172157764,
            "dvar2": 0.286198765039,
            "max": -12.205988884,
            "mean": -18.8678874969,
            "median": -18.8146533966,
            "min": -24.3492736816,
            "stdev": 2.29836368561,
            "var": 5.2824754715
        },
        "short_term": {
            "dmean": 0.0922856628895,
            "dmean2": 0.0486435368657,
            "dvar": 0.0126421554014,
            "dvar2": 0.00686365831643,
            "max": -15.2357311249,
            "mean": -18.3344993591,
            "median": -18.1624069214,
            "min": -21.301486969,
            "stdev": 1.44493663311,
            "var": 2.08784174919
        }
    },
    "melbands_crest": {
        "dmean": 1.54200696945,
        "dmean2": 2.39407658577,
        "dvar": 2.81098175049,
        "dvar2": 7.31342458725,
        "max": 29.8411445618,
        "mean": 20.1651115417,
        "median": 21.1253490448,
        "min": 2.53271508217,
        "stdev": 5.0861620903,
        "var": 25.8690433502
    },
    "melbands_flatness_db": {
        "dmean": 0.0145456278697,
        "dmean2": 0.0232764370739,
        "dvar": 0.000264275382506,
        "dvar2": 0.000475082400953,
        "max": 0.60557359457,
        "mean": 0.481874644756,
        "median": 0.48632055521,
        "min": 0.0119216889143,
        "stdev": 0.0483976788819,
        "var": 0.00234233518131
    },
    "melbands_kurtosis": {
        "dmean": 3.46583819389,
        "dmean2": 5.29657030106,
        "dvar": 27.3947963715,
        "dvar2": 62.7992095947,
        "max": 105.693656921,
        "mean": 14.2471647263,
        "median": 6.32378005981,
        "min": -1.87613117695,
        "stdev": 17.8555145264,
        "var": 318.819396973
    },
    "melbands_skewness": {
        "dmean": 0.338299870491,
        "dmean2": 0.495236754417,
        "dvar": 0.143541395664,
        "dvar2": 0.263014137745,
        "max": 6.3771739006,
        "mean": 1.97073030472,
        "median": 1.9678375721,
        "min": -4.32901620865,
        "stdev": 1.85064983368,
        "var": 3.4249048233
    },
    "melbands_spread": {
        "dmean": 0.619502604008,
        "dmean2": 0.897284686565,
        "dvar": 10.0607271194,
        "dvar2": 10.3292016983,
        "max": 117.27167511,
        "mean": 4.3796672821,
        "median": 3.25321483612,
        "min": 0.576555609703,
        "stdev": 4.50451183319,
        "var": 20.2906265259
    },
    "pitch_salience": {
        "dmean": 0.0473096631467,
        "dmean2": 0.0770102217793,
        "dvar": 0.00269430922344,
        "dvar2": 0.00751457456499,
        "max": 0.825939118862,
        "mean": 0.380486726761,
        "median": 0.384309619665,
        "min": 0.117034345865,
        "stdev": 0.115929104388,
        "var": 0.0134395575151
    },
    "silence_rate_20dB": {
        "dmean": 0,
        "dmean2": 0,
        "dvar": 0,
        "dvar2": 0,
        "max": 1,
        "mean": 1,
        "median": 1,
        "min": 1,
        "stdev": 0,
        "var": 0
    },
    "silence_rate_30dB": {
        "dmean": 0.00773993786424,
        "dmean2": 0.0154918665066,
        "dvar": 0.0076801283285,
        "dvar2": 0.0168012268841,
        "max": 1,
        "mean": 0.986852288246,
        "median": 1,
        "min": 0,
        "stdev": 0.113907985389,
        "var": 0.012975028716
    },
    "silence_rate_60dB": {
        "dmean": 0.0061919502914,
        "dmean2": 0.0116189001128,
        "dvar": 0.00615361286327,
        "dvar2": 0.0130330873653,
        "max": 1,
        "mean": 0.0131477182731,
        "median": 0,
        "min": 0,
        "stdev": 0.113907404244,
        "var": 0.0129748973995
    },
    "spectral_centroid": {
        "dmean": 24.5821228027,
        "dmean2": 32.1107635498,
        "dvar": 81051.3359375,
        "dvar2": 77443.96875,
        "max": 10886.8544922,
        "mean": 321.787963867,
        "median": 277.882751465,
        "min": 167.052093506,
        "stdev": 319.97833252,
        "var": 102386.125
    },
    "spectral_complexity": {
        "dmean": 0.628482997417,
        "dmean2": 1.10766851902,
        "dvar": 0.52606344223,
        "dvar2": 1.20529735088,
        "max": 10,
        "mean": 4.97679805756,
        "median": 5,
        "min": 0,
        "stdev": 1.27844238281,
        "var": 1.63441479206
    },
    "spectral_decrease": {
        "dmean": 1.0025018593e-09,
        "dmean2": 1.44274836522e-09,
        "dvar": 3.93029284585e-18,
        "dvar2": 7.54532896229e-18,
        "max": -1.95787104113e-29,
        "mean": -6.31408569873e-09,
        "median": -5.27482280077e-09,
        "min": -4.89814908633e-08,
        "stdev": 5.05789277128e-09,
        "var": 2.55822793245e-17
    },
    "spectral_energy": {
        "dmean": 0.00389734026976,
        "dmean2": 0.00558972591534,
        "dvar": 6.1087506765e-05,
        "dvar2": 0.000116608593089,
        "max": 0.192920893431,
        "mean": 0.0245236996561,
        "median": 0.020356984809,
        "min": 1.04954332098e-20,
        "stdev": 0.019946238026,
        "var": 0.000397852389142
    },
    "spectral_energyband_high": {
        "dmean": 9.01749046989e-07,
        "dmean2": 1.57779629717e-06,
        "dvar": 4.9341157245e-13,
        "dvar2": 1.52291092063e-12,
        "max": 1.010881806e-05,
        "mean": 4.61839135824e-06,
        "median": 4.32328170064e-06,
        "min": 7.6327880997e-21,
        "stdev": 1.37075267048e-06,
        "var": 1.87896291408e-12
    },
    "spectral_energyband_low": {
        "dmean": 0.00183297274634,
        "dmean2": 0.00312078138813,
        "dvar": 4.47688171334e-06,
        "dvar2": 1.31154065457e-05,
        "max": 0.0356263443828,
        "mean": 0.0108870053664,
        "median": 0.00952129531652,
        "min": 4.08768125781e-23,
        "stdev": 0.00765170762315,
        "var": 5.85486268392e-05
    },
    "spectral_energyband_middle_high": {
        "dmean": 1.3359285731e-05,
        "dmean2": 2.03298241104e-05,
        "dvar": 2.37424524485e-09,
        "dvar2": 5.63328539371e-09,
        "max": 0.00112028734293,
        "mean": 5.03474402649e-05,
        "median": 2.43569866143e-05,
        "min": 1.52577412076e-21,
        "stdev": 0.000109927255835,
        "var": 1.20840022433e-08
    },
    "spectral_energyband_middle_low": {
        "dmean": 0.00319506879896,
        "dmean2": 0.00429228460416,
        "dvar": 5.6820732425e-05,
        "dvar2": 0.00010401961481,
        "max": 0.176868647337,
        "mean": 0.0203063841909,
        "median": 0.0151989692822,
        "min": 3.81497627117e-22,
        "stdev": 0.0189267937094,
        "var": 0.00035822353675
    },
    "spectral_entropy": {
        "dmean": 0.115165263414,
        "dmean2": 0.180437326431,
        "dvar": 0.0246886666864,
        "dvar2": 0.0434142760932,
        "max": 9.79369068146,
        "mean": 5.18398571014,
        "median": 5.19193124771,
        "min": 4.08305692673,
        "stdev": 0.428140252829,
        "var": 0.183304086328
    },
    "spectral_flux": {
        "dmean": 0.010864764452,
        "dmean2": 0.0173916332424,
        "dvar": 0.000370634719729,
        "dvar2": 0.0008104929002,
        "max": 0.352403908968,
        "mean": 0.0320420749485,
        "median": 0.0278562605381,
        "min": 1.02447224315e-10,
        "stdev": 0.0225522480905,
        "var": 0.000508603872731
    },
    "spectral_kurtosis": {
        "dmean": 7.69652795792,
        "dmean2": 13.0308456421,
        "dvar": 74.3848953247,
        "dvar2": 196.988006592,
        "max": 158.663604736,
        "mean": 34.2109565735,
        "median": 29.4748268127,
        "min": -1.19275557995,
        "stdev": 17.2896709442,
        "var": 298.932739258
    },
    "spectral_rms": {
        "dmean": 0.000367970875232,
        "dmean2": 0.000535067054443,
        "dvar": 2.59294296256e-07,
        "dvar2": 4.83736585011e-07,
        "max": 0.0137191656977,
        "mean": 0.00460184831172,
        "median": 0.0044565089047,
        "min": 3.19991364135e-12,
        "stdev": 0.00165786826983,
        "var": 2.74852732218e-06
    },
    "spectral_rolloff": {
        "dmean": 38.2162475586,
        "dmean2": 56.8267211914,
        "dvar": 261093.46875,
        "dvar2": 271339.6875,
        "max": 18518.5546875,
        "mean": 410.948760986,
        "median": 344.53125,
        "min": 150.732421875,
        "stdev": 541.914001465,
        "var": 293670.78125
    },
    "spectral_skewness": {
        "dmean": 0.483450502157,
        "dmean2": 0.812047243118,
        "dvar": 0.232128962874,
        "dvar2": 0.573934733868,
        "max": 10.6799354553,
        "mean": 4.86634922028,
        "median": 4.62664079666,
        "min": 0.020395629108,
        "stdev": 1.11025583744,
        "var": 1.23266804218
    },
    "spectral_spread": {
        "dmean": 406952.03125,
        "dmean2": 680484.1875,
        "dvar": 947046121472,
        "dvar2": 1.31468505907e+12,
        "max": 40403416,
        "mean": 2397895.75,
        "median": 2307338.25,
        "min": 889648.25,
        "stdev": 1506998.375,
        "var": 2.27104417382e+12
    },
    "spectral_strongpeak": {
        "dmean": 0.220543026924,
        "dmean2": 0.33677354455,
        "dvar": 0.222369879484,
        "dvar2": 0.351803481579,
        "max": 8.47174263,
        "mean": 1.2734888792,
        "median": 0.730543136597,
        "min": 0,
        "stdev": 1.48730134964,
        "var": 2.21206521988
    },
    "zerocrossingrate": {
        "dmean": 0.00190361659043,
        "dmean2": 0.00242438632995,
        "dvar": 0.000187044410268,
        "dvar2": 0.000197017376195,
        "max": 0.490234375,
        "mean": 0.0155895026401,
        "median": 0.013671875,
        "min": 0.00048828125,
        "stdev": 0.0150113580748,
        "var": 0.000225340874749
    },
    "barkbands": {
        "dmean": [0.000125446429593, 0.000360705336789, 0.00102631642949, 0.00131503434386, 0.00066676188726, 0.000526378396899, 0.000181293071364, 0.000871324155014, 0.00061485619517, 9.55661380431e-06, 5.50140157429e-06, 5.03941782881e-06, 5.72104568164e-07, 3.45756205888e-07, 1.7591152357e-07, 1.46400270751e-06, 9.6565521801e-08, 1.6699860339e-07, 2.5805269388e-07, 1.5190114766e-07, 1.6476883502e-07, 4.55431518276e-07, 1.30236017526e-07, 5.41621318462e-07, 2.99948368365e-07, 4.22653045007e-07, 1.11567075578e-07],
        "dmean2": [0.000212720231502, 0.000650417525321, 0.00182519492228, 0.0018851486966, 0.00114190916065, 0.000792730075773, 0.000283773639239, 0.000941107922699, 0.000774242100306, 1.59557148436e-05, 8.25245115266e-06, 7.11756183591e-06, 9.21132198073e-07, 6.05375078067e-07, 2.95615194545e-07, 2.28880298891e-06, 1.58680109053e-07, 2.75507915148e-07, 4.00280612212e-07, 2.45235440843e-07, 2.90217144538e-07, 7.64936146425e-07, 2.37505631162e-07, 9.6735925581e-07, 5.4052378573e-07, 8.12773066627e-07, 2.05815325671e-07],
        "dvar": [5.68469786799e-08, 4.9691317372e-07, 1.47334355916e-06, 1.6946892174e-06, 8.74054592259e-07, 1.29367799673e-05, 9.80095023806e-07, 2.42838723352e-05, 1.34249958137e-05, 5.06469177708e-09, 2.61364707654e-10, 9.31832722095e-10, 7.07622491419e-13, 1.62428867557e-13, 5.48543313908e-14, 8.01087581687e-12, 1.20981334692e-14, 7.03801031126e-14, 2.63069188829e-13, 1.69676267801e-14, 1.66057184008e-14, 1.90187031705e-13, 6.54214028328e-15, 1.97659597023e-13, 6.68858753648e-14, 9.49280869298e-14, 7.83414928388e-15],
        "dvar2": [1.44673734326e-07, 1.40055715292e-06, 4.64929553345e-06, 3.66805716112e-06, 2.52082509178e-06, 2.89513682219e-05, 2.69600695901e-06, 3.75845447707e-05, 2.19623052544e-05, 1.52537165121e-08, 5.61507673691e-10, 1.53879797793e-09, 1.74436192487e-12, 4.895785383e-13, 1.21055834627e-13, 1.63512085816e-11, 3.40791780104e-14, 1.7339733436e-13, 5.99470288947e-13, 4.64347222511e-14, 4.82838053394e-14, 5.37916987429e-13, 2.14135536424e-14, 5.0689080754e-13, 2.15160463231e-13, 3.15974704084e-13, 2.62040314848e-14],
        "max": [0.00480285659432, 0.00827593542635, 0.017378995195, 0.0279701538384, 0.0196845401078, 0.107566602528, 0.0280205979943, 0.134931951761, 0.110644206405, 0.00171228672843, 0.000291095930152, 0.00109189294744, 1.7178383132e-05, 7.01885619492e-06, 5.34231958227e-06, 5.86716632824e-05, 2.03355330086e-06, 4.12567578678e-06, 9.47940134211e-06, 1.45017145314e-06, 1.15335137707e-06, 4.70646409667e-06, 7.07266792688e-07, 2.36967593992e-06, 3.46009323948e-06, 3.35224376613e-06, 7.84143765031e-07],
        "mean": [0.000137980066938, 0.000325978122419, 0.00369929894805, 0.00834987591952, 0.00235187774524, 0.00157087936532, 0.00050119595835, 0.00394123978913, 0.00357766984962, 2.21213158511e-05, 9.55792256718e-06, 2.44747716351e-05, 2.07882771974e-06, 8.52688003761e-07, 3.90062467659e-07, 2.4071482585e-06, 2.07875970659e-07, 3.09800839204e-07, 5.35132130608e-07, 4.49607711062e-07, 4.60896671939e-07, 1.37973256642e-06, 1.66340583974e-07, 6.69146345444e-07, 5.4311334452e-07, 9.95270738713e-07, 1.3878954519e-07],
        "median": [6.73760223435e-05, 0.000165551609825, 0.00325686624274, 0.00732283946127, 0.00160346226767, 0.000342068087775, 0.000121355442388, 0.000470420112833, 4.00291210099e-05, 6.19925003775e-06, 3.78494132747e-06, 2.27705754696e-06, 1.33796925184e-06, 6.3515221882e-07, 3.26766496528e-07, 1.41926682318e-06, 1.81045862746e-07, 2.01898927799e-07, 3.61996654874e-07, 4.24882642847e-07, 4.4274580091e-07, 1.23856966638e-06, 1.49837092067e-07, 5.37113294286e-07, 4.83060034639e-07, 9.29010354866e-07, 1.16874723233e-07],
        "min": [2.84675722108e-24, 3.37079160396e-23, 5.68744573521e-24, 3.27621881712e-24, 7.94315799495e-24, 9.86067043849e-23, 3.68005379334e-23, 6.79066424017e-23, 1.28830149231e-22, 2.05301795268e-22, 1.12316955456e-22, 9.93863513947e-23, 1.09748033074e-22, 1.20342384544e-22, 1.25660241056e-22, 1.82442221822e-22, 2.91021339739e-22, 9.40519540467e-23, 1.2322351914e-22, 3.8031484063e-22, 5.70994739299e-22, 3.16252847534e-22, 5.90266876271e-22, 7.54684522555e-22, 1.21858295e-21, 1.64368754578e-21, 2.46734708715e-21],
        "stdev": [0.000238715176238, 0.000589577597566, 0.00271033495665, 0.00598128326237, 0.00229096761905, 0.00620075315237, 0.00135758321267, 0.0132794063538, 0.010922672227, 8.95828634384e-05, 2.01483289857e-05, 0.000102464400697, 2.10286134461e-06, 7.40674238386e-07, 3.35033774945e-07, 3.79387370231e-06, 1.39914732245e-07, 3.31863077463e-07, 6.63369235099e-07, 1.73424254513e-07, 1.59206706485e-07, 7.19442937225e-07, 1.18278812522e-07, 4.46594441428e-07, 3.28177918618e-07, 4.00027175829e-07, 9.72813438693e-08],
        "var": [5.69849341048e-08, 3.47601712747e-07, 7.34591594664e-06, 3.57757489837e-05, 5.24853248862e-06, 3.84493396268e-05, 1.84303212336e-06, 0.000176342626219, 0.000119304771943, 8.02508992592e-09, 4.05955158378e-10, 1.04989537064e-08, 4.42202611334e-12, 5.48598330392e-13, 1.122476271e-13, 1.43934777291e-11, 1.95761325038e-14, 1.10133107603e-13, 4.40058715379e-13, 3.00759715527e-14, 2.5346776544e-14, 5.17598171355e-13, 1.39898782188e-14, 1.99446592596e-13, 1.07700754239e-13, 1.60021748998e-13, 9.46366025638e-15]
    },
    "erbbands": {
        "dmean": [0.0108023202047, 0.0855913981795, 0.703226447105, 3.30385446548, 3.21138715744, 1.91169154644, 2.63168501854, 4.14434957504, 2.02780079842, 15.906463623, 9.89938640594, 15.6113433838, 2.98365306854, 0.20475384593, 0.26369151473, 0.249544739723, 0.0350883193314, 0.0255441982299, 0.00736672943458, 0.0387657023966, 0.0550223253667, 0.00566601473838, 0.00672771036625, 0.0175121445209, 0.00981351546943, 0.00535996397957, 0.00763311702758, 0.00672066118568, 0.023426650092, 0.00658183125779, 0.00441377889365, 0.0191684942693, 0.00357422418892, 0.00295999017544, 0.00287804543041, 0.00147742859554, 0.00184834888205, 0.000257758307271, 6.91907598593e-06, 4.31833177572e-06],
        "dmean2": [0.0195544175804, 0.154343232512, 1.24433887005, 5.30891656876, 4.71214199066, 3.38674664497, 4.1713848114, 6.1812005043, 2.89107298851, 17.6908245087, 12.2173271179, 19.9108905792, 3.51212835312, 0.28326806426, 0.392811387777, 0.343331158161, 0.0546163879335, 0.0432353802025, 0.0117191644385, 0.0599745996296, 0.0901933461428, 0.00902348663658, 0.0110498843715, 0.0277454406023, 0.0138627728447, 0.00875805411488, 0.0131604541093, 0.0117692286149, 0.0394889824092, 0.0115166297182, 0.00804400909692, 0.0345497839153, 0.00635635666549, 0.00524705089629, 0.00529605615884, 0.00271842232905, 0.00357200484723, 0.000483309413539, 1.25587121147e-05, 6.17205296294e-06],
        "dvar": [0.000691363413353, 0.0245221871883, 0.781458735466, 11.6091909409, 13.9910707474, 9.83847618103, 263.490905762, 743.08984375, 90.3003311157, 8134.70361328, 2066.22705078, 9591.19238281, 404.712402344, 0.694750607014, 0.673351585865, 2.37884521484, 0.014817439951, 0.000805176561698, 0.000127054940094, 0.00595908425748, 0.00734914140776, 3.987564196e-05, 7.72869025241e-05, 0.00231458083726, 7.06532082404e-05, 2.34437447943e-05, 3.75953241019e-05, 2.89016752504e-05, 0.00060164736351, 2.41553807427e-05, 8.8321921794e-06, 0.000261383422185, 6.76542913425e-06, 4.33718560089e-06, 7.07890922058e-06, 9.25124709283e-07, 2.07298558053e-06, 3.65220564902e-08, 4.26740483228e-11, 7.70948860307e-11],
        "dvar2": [0.00196136999875, 0.069294527173, 2.40856742859, 30.6509151459, 31.0858135223, 31.2084655762, 637.155822754, 1528.38500977, 212.310302734, 12829.2558594, 3885.18701172, 15657.5302734, 718.702087402, 1.58586597443, 1.45291078091, 3.81509876251, 0.0299708172679, 0.0021888660267, 0.000254784565186, 0.0120421759784, 0.0156904943287, 0.000109478205559, 0.000172123283846, 0.00519550777972, 0.000163700780831, 6.31376824458e-05, 0.000110230466817, 8.44855239848e-05, 0.00167620519642, 7.03097466612e-05, 2.9176744647e-05, 0.000656225893181, 2.08112815017e-05, 1.36545668283e-05, 2.25176827371e-05, 3.06796709992e-06, 6.99556721884e-06, 1.23671298979e-07, 1.22180585094e-10, 1.46328824058e-10],
        "max": [0.419056117535, 1.64932179451, 11.9226570129, 71.1971817017, 88.3149414062, 34.8648147583, 468.799346924, 841.193359375, 211.741470337, 2470.76953125, 1183.55419922, 3021.265625, 868.121826172, 28.9087905884, 14.6469316483, 55.8768997192, 3.7848405838, 0.546851575375, 0.294427216053, 1.62505710125, 1.7203938961, 0.124342083931, 0.131799072027, 0.806744396687, 0.105029471219, 0.0668442845345, 0.0624917447567, 0.0522439517081, 0.250137239695, 0.0563589297235, 0.0206773653626, 0.0711859092116, 0.0206407997757, 0.0198479462415, 0.0363686941564, 0.0112190116197, 0.00914325471967, 0.00161010492593, 9.40848331084e-05, 0.000216493135667],
        "mean": [0.0111586526036, 0.100572131574, 2.49329280853, 23.3632049561, 14.5516214371, 4.6380147934, 6.79712867737, 12.2944755554, 7.30870103836, 69.1615142822, 48.8779640198, 91.3385391235, 15.1483488083, 0.871917188168, 0.546224236488, 1.26038920879, 0.159273505211, 0.0791306570172, 0.0204755328596, 0.0709771290421, 0.0917879268527, 0.0152147635818, 0.0140467910096, 0.0300683733076, 0.024152893573, 0.0181562677026, 0.0241378471255, 0.0205055736005, 0.0620683059096, 0.0163776893169, 0.00619021290913, 0.0199652686715, 0.00677257031202, 0.00502556189895, 0.00393432239071, 0.00262056896463, 0.00263716257177, 0.000473148946185, 2.24233735935e-05, 2.73940240731e-05],
        "median": [0.00634630024433, 0.0656798705459, 2.29028940201, 20.6225414276, 11.8403558731, 3.10842990875, 2.31716108322, 2.30974340439, 1.73710596561, 3.15019059181, 16.9560508728, 2.56457185745, 0.399334609509, 0.374468743801, 0.202231168747, 0.119994871318, 0.0697166398168, 0.0566142909229, 0.0167384091765, 0.0428462699056, 0.0626482143998, 0.0139044104144, 0.0103437369689, 0.00976280495524, 0.0230212174356, 0.0172289907932, 0.0233101882041, 0.0194958895445, 0.0530492551625, 0.0150768179446, 0.00567108253017, 0.0143445776775, 0.00641902629286, 0.00457799667493, 0.00329885841347, 0.00248793885112, 0.0022093965672, 0.000433035049355, 1.98071047635e-05, 2.25784206123e-05],
        "min": [1.32813449991e-21, 5.95745251463e-21, 7.85292638698e-21, 7.16653611521e-21, 2.01751225483e-20, 3.44295803088e-20, 2.3858750394e-19, 1.02146683028e-18, 7.20690879758e-19, 3.5912302203e-19, 2.51057608395e-18, 2.46302994914e-18, 5.16822239928e-18, 5.85593457029e-18, 3.69459724288e-18, 3.97283515835e-18, 4.75426606558e-18, 7.24643800129e-18, 6.05607629617e-18, 9.71808924037e-18, 9.44856070957e-18, 1.50792395234e-17, 5.35794206303e-18, 6.97794592781e-18, 6.17721731047e-18, 1.98542769214e-17, 1.76925280716e-17, 2.43552544931e-17, 1.35492664101e-17, 1.12508028031e-17, 1.79959577726e-17, 1.63333892615e-17, 1.2919480043e-17, 1.16790284159e-17, 1.02355552336e-17, 5.90527134434e-18, 2.99937778743e-18, 1.48849755362e-18, 3.36125100405e-19, 3.44396131049e-20],
        "stdev": [0.0218238662928, 0.131895616651, 1.7808907032, 16.7285289764, 10.9567298889, 4.4688076973, 26.4792022705, 49.0929031372, 17.2881336212, 245.707077026, 106.441871643, 291.095855713, 66.2083358765, 2.24508953094, 1.08525598049, 5.25160312653, 0.356916189194, 0.0719979777932, 0.0170509014279, 0.104741871357, 0.116083547473, 0.00904307514429, 0.0124307116494, 0.0607741214335, 0.0129359262064, 0.00654270965606, 0.00773214409128, 0.00731505360454, 0.0396474376321, 0.00753840059042, 0.00355595559813, 0.0157259069383, 0.0032189686317, 0.00272503588349, 0.00328710465692, 0.00142044830136, 0.00147094775457, 0.000226790216402, 1.15229659059e-05, 2.24265095312e-05],
        "var": [0.000476281129522, 0.0173964556307, 3.17157149315, 279.843688965, 120.049934387, 19.9702415466, 701.148132324, 2410.11328125, 298.879577637, 60371.9648438, 11329.8720703, 84736.7890625, 4383.54345703, 5.04042720795, 1.1777806282, 27.5793361664, 0.127389162779, 0.00518370931968, 0.000290733238216, 0.010970858857, 0.0134753901511, 8.1777201558e-05, 0.000154522582307, 0.00369349401444, 0.000167338177562, 4.28070525231e-05, 5.97860525886e-05, 5.35100116394e-05, 0.00157191918697, 5.68274808757e-05, 1.26448194351e-05, 0.000247304124059, 1.0361758541e-05, 7.42582005842e-06, 1.08050571725e-05, 2.01767352337e-06, 2.1636872134e-06, 5.14338012181e-08, 1.32778746331e-10, 5.02948349634e-10]
    },
    "gfcc": {
        "mean": [-159.478347778, 151.58052063, -19.772321701, 3.91944336891, -71.0975189209, -7.6764793396, -26.5455360413, 0.823654949665, -21.0031986237, -4.72050714493, -37.8085289001, -16.525144577, -24.7067127228],
        "cov": [[1646.23303223, 240.265579224, -40.9884300232, -142.943161011, -121.979667664, -13.6465873718, 36.9053459167, 76.5250930786, 42.9562797546, -5.53942012787, -50.4737625122, -54.0569419861, -34.2606201172], [240.265579224, 190.092163086, -5.18581628799, -129.749343872, -43.6814079285, -21.1317443848, 55.5301055908, 21.0725440979, 55.441368103, -7.67234754562, -25.5783901215, -51.8212928772, 50.8999137878], [-40.9884300232, -5.18581628799, 171.444488525, 105.117996216, 17.3630599976, -37.9612808228, -38.3228683472, -24.4185161591, 19.6402816772, 15.9666452408, -14.2137794495, -43.3494644165, -24.2186851501], [-142.943161011, -129.749343872, 105.117996216, 270.694580078, 129.764816284, 10.8042020798, -119.776107788, -102.073822021, -72.9887313843, 25.5643234253, 52.3514099121, 54.3787612915, -49.6042747498], [-121.979667664, -43.6814079285, 17.3630599976, 129.764816284, 169.024307251, 62.8604202271, -44.6319389343, -90.9430236816, -66.1468811035, -1.47137415409, 27.4737377167, 36.17786026, -14.328871727], [-13.6465873718, -21.1317443848, -37.9612808228, 10.8042020798, 62.8604202271, 118.652885437, 50.1735229492, -11.0456876755, -36.5467948914, -31.333442688, -13.1817626953, 0.973465979099, 1.69039535522], [36.9053459167, 55.5301055908, -38.3228683472, -119.776107788, -44.6319389343, 50.1735229492, 170.171615601, 110.152297974, 37.0017585754, -56.3758163452, -77.1783599854, -66.4537506104, 8.58866500854], [76.5250930786, 21.0725440979, -24.4185161591, -102.073822021, -90.9430236816, -11.0456876755, 110.152297974, 190.993408203, 101.098114014, -25.2893791199, -81.4344558716, -76.882522583, -0.591365277767], [42.9562797546, 55.441368103, 19.6402816772, -72.9887313843, -66.1468811035, -36.5467948914, 37.0017585754, 101.098114014, 148.95904541, 33.9847602844, -57.3289604187, -83.5151901245, -2.76876521111], [-5.53942012787, -7.67234754562, 15.9666452408, 25.5643234253, -1.47137415409, -31.333442688, -56.3758163452, -25.2893791199, 33.9847602844, 91.0017089844, 45.7968444824, 24.1718425751, -22.7015323639], [-50.4737625122, -25.5783901215, -14.2137794495, 52.3514099121, 27.4737377167, -13.1817626953, -77.1783599854, -81.4344558716, -57.3289604187, 45.7968444824, 138.296630859, 99.2035598755, -10.5443763733], [-54.0569419861, -51.8212928772, -43.3494644165, 54.3787612915, 36.17786026, 0.973465979099, -66.4537506104, -76.882522583, -83.5151901245, 24.1718425751, 99.2035598755, 152.097885132, 24.4284667969], [-34.2606201172, 50.8999137878, -24.2186851501, -49.6042747498, -14.328871727, 1.69039535522, 8.58866500854, -0.591365277767, -2.76876521111, -22.7015323639, -10.5443763733, 24.4284667969, 97.2578125]],
        "icov": [[0.0012374764774, -0.00362501712516, 0.000388456886867, -0.000769427919295, 0.00163595820777, -0.0016901625786, 0.00219738995656, -0.00157228461467, 0.0012787001906, 9.92052900983e-06, 0.00171843369026, -0.00147639506031, 0.00270002288744], [-0.00362501712516, 0.0238419547677, -0.00355245475657, 0.00879338290542, -0.00826785247773, 0.00860647298396, -0.010606797412, 0.00908187869936, -0.00688405754045, -1.0786088751e-05, -0.00899063143879, 0.00886970758438, -0.013931248337], [0.000388456886867, -0.00355245475657, 0.0140332970768, -0.0105672571808, 0.00363673968241, 0.00393668422475, -0.00296652084216, 0.00293203792535, -0.00118025625125, -0.000800023553893, 0.000724472280126, 0.00509998900816, -0.000574678066187], [-0.000769427919295, 0.00879338290542, -0.0105672571808, 0.0195515155792, -0.0101859122515, -0.00044536817586, 0.00586148863658, -0.00163281382993, 0.00121465860866, 0.000807765813079, -0.00104984454811, -0.00206752633676, 0.00107548781671], [0.00163595820777, -0.00826785247773, 0.00363673968241, -0.0101859122515, 0.0182051472366, -0.00884380657226, 0.0024482361041, 0.00217157555744, 0.00118667935021, 0.000309961294988, 0.00381033401936, -0.00224175280891, 0.00432893214747], [-0.0016901625786, 0.00860647298396, 0.00393668422475, -0.00044536817586, -0.00884380657226, 0.0210618004203, -0.0131135191768, 0.00597202405334, -0.00134208775125, -0.000191546903807, -0.00339328707196, 0.00544394925237, -0.00663928780705], [0.00219738995656, -0.010606797412, -0.00296652084216, 0.00586148863658, 0.0024482361041, -0.0131135191768, 0.0262347646058, -0.0134088052437, 0.00605844240636, 0.00431210082024, 0.00666658114642, -0.00488398736343, 0.00989477336407], [-0.00157228461467, 0.00908187869936, 0.00293203792535, -0.00163281382993, 0.00217157555744, 0.00597202405334, -0.0134088052437, 0.0213919822127, -0.0137038687244, 0.00483565311879, -0.00142190128099, 0.00158217875287, -0.0036921731662], [0.0012787001906, -0.00688405754045, -0.00118025625125, 0.00121465860866, 0.00118667935021, -0.00134208775125, 0.00605844240636, -0.0137038687244, 0.0269084032625, -0.0155057674274, 0.00497536035255, 0.00678854063153, -6.02900363447e-05], [9.92052900983e-06, -1.0786088751e-05, -0.000800023553893, 0.000807765813079, 0.000309961294988, -0.000191546903807, 0.00431210082024, 0.00483565311879, -0.0155057674274, 0.0267284717411, -0.00507748359814, -0.00681595318019, 0.00687843421474], [0.00171843369026, -0.00899063143879, 0.000724472280126, -0.00104984454811, 0.00381033401936, -0.00339328707196, 0.00666658114642, -0.00142190128099, 0.00497536035255, -0.00507748359814, 0.022421605885, -0.0132015505806, 0.00968175474554], [-0.00147639506031, 0.00886970758438, 0.00509998900816, -0.00206752633676, -0.00224175280891, 0.00544394925237, -0.00488398736343, 0.00158217875287, 0.00678854063153, -0.00681595318019, -0.0132015505806, 0.0261514447629, -0.014328029938], [0.00270002288744, -0.013931248337, -0.000574678066187, 0.00107548781671, 0.00432893214747, -0.00663928780705, 0.00989477336407, -0.0036921731662, -6.02900363447e-05, 0.00687843421474, 0.00968175474554, -0.014328029938, 0.0250386465341]]
    },
    "melbands": {
        "dmean": [9.86261511571e-05, 0.000303158944007, 0.000514584127814, 0.000181895127753, 8.31963625387e-05, 9.51858892222e-05, 2.94123892672e-05, 0.000198115434614, 8.58754647197e-05, 8.88969589141e-05, 1.20223194244e-05, 5.16159218478e-07, 7.65810057146e-07, 7.18280489309e-07, 2.82335776092e-07, 5.71174680886e-08, 4.24224673168e-08, 1.17687832812e-08, 1.12859712686e-08, 1.23516045392e-07, 5.4281048989e-08, 5.71514835457e-09, 5.60033663888e-09, 8.50307380063e-09, 1.60683146788e-08, 5.74295944133e-09, 7.83999887233e-09, 4.09744460583e-09, 6.4994329918e-09, 5.78131231777e-09, 4.14959933082e-09, 1.59461759353e-08, 6.24719254105e-09, 2.86395729354e-09, 4.089371064e-09, 1.60246804715e-09, 1.75756813547e-08, 1.69165692565e-09, 5.49285550377e-09, 1.53781243295e-09],
        "dmean2": [0.000176925226697, 0.000533491780516, 0.000796323991381, 0.000298877275782, 0.000132746616146, 0.000141077049193, 4.5223707275e-05, 0.000216121639824, 0.000109859232907, 0.000112325462396, 1.36896569529e-05, 8.01658245564e-07, 1.15919783639e-06, 1.01447449197e-06, 4.00105477638e-07, 9.45358493709e-08, 7.20998940551e-08, 1.87696045373e-08, 1.91112441428e-08, 1.89378440041e-07, 9.48752969521e-08, 9.18706888342e-09, 9.35625976695e-09, 1.40134028825e-08, 2.54116123699e-08, 8.64716032112e-09, 1.10238680406e-08, 7.01958002836e-09, 1.11959330695e-08, 1.04549222613e-08, 7.16235248888e-09, 2.70316817819e-08, 1.07220508028e-08, 5.05625141756e-09, 7.5138890665e-09, 2.69105226991e-09, 3.18686872447e-08, 2.96717228565e-09, 9.74935598919e-09, 2.74519695864e-09],
        "dvar": [4.45501946444e-08, 1.44402250157e-07, 2.73453508726e-07, 5.77788874523e-08, 2.23661018595e-07, 3.96853153006e-07, 2.28636967137e-08, 1.29323552756e-06, 1.51986384367e-07, 2.85208926698e-07, 9.71826175089e-09, 4.6034356882e-12, 5.14649000499e-12, 1.19424730521e-11, 3.18168581759e-12, 4.95778844885e-15, 2.27384279449e-15, 2.63364407339e-16, 2.17211156995e-16, 7.32673538268e-14, 3.94854191593e-15, 3.9205905963e-17, 9.54768391305e-17, 2.00959268185e-16, 2.02414552845e-15, 3.02337954959e-17, 4.30362286551e-17, 1.39624398173e-17, 3.01928235858e-17, 1.94087392455e-17, 1.31928541365e-17, 2.60106400987e-16, 3.98341827254e-17, 4.16130702015e-18, 7.2733470138e-18, 1.65659564674e-18, 2.25647565445e-16, 2.0992162702e-18, 1.37304355079e-17, 1.34240577351e-18],
        "dvar2": [1.24503671373e-07, 4.39099522964e-07, 6.5899035917e-07, 1.68619578744e-07, 5.29751503109e-07, 8.39751351123e-07, 5.94507838514e-08, 2.02035312213e-06, 2.78019172129e-07, 4.70420104648e-07, 1.68558837998e-08, 1.37632214653e-11, 1.12953492046e-11, 1.99130486406e-11, 5.46894170575e-12, 1.18514910274e-14, 6.34759841464e-15, 5.47995059127e-16, 5.24472371847e-16, 1.48198822463e-13, 1.01125865968e-14, 1.08274348911e-16, 2.15501473931e-16, 4.67735087485e-16, 4.55543170528e-15, 7.35839888244e-17, 1.00219846441e-16, 3.97909509579e-17, 8.73412663431e-17, 5.72911909699e-17, 3.82521402469e-17, 7.12275246363e-16, 1.12042791875e-16, 1.21925214607e-17, 2.35996944867e-17, 4.86762000159e-18, 5.66113411506e-16, 6.291402563e-18, 4.28578421929e-17, 4.22055010921e-18],
        "max": [0.00302051869221, 0.00527237169445, 0.0109020294622, 0.00454165088013, 0.0138874305412, 0.0192463640124, 0.0033996431157, 0.0311663709581, 0.00932746008039, 0.0161906350404, 0.00440833577886, 5.223172775e-05, 4.00364260713e-05, 0.000120341253933, 6.26406181254e-05, 1.41004522902e-06, 8.29882651487e-07, 3.97130065721e-07, 3.28509344172e-07, 5.63931689612e-06, 9.69514417193e-07, 1.01923731677e-07, 1.53149073867e-07, 2.35036864638e-07, 7.53649999297e-07, 7.45401820268e-08, 6.82512677486e-08, 4.93982632577e-08, 5.66349918074e-08, 3.64613725878e-08, 3.45959030312e-08, 1.45613213931e-07, 7.52276605454e-08, 2.01610159678e-08, 1.50546473066e-08, 1.17985443637e-08, 6.48490185995e-08, 1.18172271968e-08, 2.95622797353e-08, 1.16412222084e-08],
        "mean": [9.90648768493e-05, 0.00127087894361, 0.00340049364604, 0.000626534456387, 0.000210627942579, 0.000289792165859, 8.87712158146e-05, 0.000867405033205, 0.000456675101304, 0.000510125770234, 5.66633934795e-05, 1.45782291838e-06, 1.36932374062e-06, 2.9748371162e-06, 1.45912883909e-06, 2.01919590381e-07, 1.23245044392e-07, 2.65162682922e-08, 2.59552042081e-08, 1.9593106515e-07, 8.19686789555e-08, 1.31830280026e-08, 1.03759365544e-08, 1.552749751e-08, 2.5816147442e-08, 1.35060354012e-08, 1.68863483196e-08, 1.12936353602e-08, 1.77351093811e-08, 1.01741326475e-08, 1.1322118354e-08, 4.01445028331e-08, 1.84583104357e-08, 5.1283977065e-09, 3.76664699431e-09, 2.42162778719e-09, 1.73188325903e-08, 2.5352842048e-09, 7.47046335903e-09, 2.70618127907e-09],
        "median": [5.50232362002e-05, 0.00116374099161, 0.00312322867103, 0.000453104585176, 7.88316319813e-05, 5.37729138159e-05, 2.07912435144e-05, 3.16688565363e-05, 0.000125266364194, 6.70680901749e-06, 8.67778908287e-07, 9.39841982017e-07, 5.63108358165e-07, 3.14777793164e-07, 1.90795063304e-07, 1.37201467965e-07, 8.68197034265e-08, 2.03137258126e-08, 2.24351293099e-08, 9.56794465878e-08, 5.99234155629e-08, 1.18923697556e-08, 6.80037448575e-09, 9.48154532665e-09, 6.72694966397e-09, 1.22499193012e-08, 1.56467372392e-08, 1.05067448075e-08, 1.68836358228e-08, 9.22594356467e-09, 1.0590816224e-08, 3.55509541805e-08, 1.46576644156e-08, 4.66349447947e-09, 2.99642133328e-09, 1.97539518076e-09, 1.20826957328e-08, 2.15466955389e-09, 6.92847912376e-09, 2.49735632174e-09],
        "min": [1.0096613371e-23, 5.16581382821e-24, 1.81899334058e-24, 1.60830131318e-24, 6.960589139e-24, 2.13960408295e-23, 1.05324700652e-23, 3.98732229456e-24, 2.3456737996e-23, 1.54733047075e-23, 2.75686218219e-23, 2.59508905641e-23, 1.40280058218e-23, 1.03048355735e-23, 1.03099513365e-23, 1.07389149641e-23, 1.42568007279e-23, 9.24072374351e-24, 1.0119888712e-23, 1.63876860045e-23, 9.88165745178e-24, 1.82759460658e-23, 6.59348601144e-24, 4.83083863874e-24, 5.77634207619e-24, 4.20559931817e-24, 5.04770517905e-24, 1.62867370522e-23, 1.0854935104e-23, 1.2510833819e-23, 1.39972670678e-23, 6.92520162766e-24, 6.64218910044e-24, 5.9352588944e-24, 9.18382399527e-24, 1.2167039559e-23, 9.21532873325e-24, 7.89149628312e-24, 1.04393213695e-23, 9.33684092278e-24],
        "stdev": [0.000179963622941, 0.000895971199498, 0.0022697977256, 0.000546144321561, 0.0007834242424, 0.00112470658496, 0.000231687823543, 0.00308984937146, 0.000996341579594, 0.00158756109886, 0.000332273746608, 2.04727984965e-06, 2.78873153547e-06, 1.13707128548e-05, 5.87535942032e-06, 1.91749848e-07, 1.14842030996e-07, 2.43101787589e-08, 2.07064960733e-08, 3.57955286745e-07, 8.00084762886e-08, 8.26687340805e-09, 1.26273933532e-08, 1.87328605961e-08, 5.66569795524e-08, 7.88865328616e-09, 9.77159952953e-09, 4.61930360629e-09, 6.6769509921e-09, 5.04117725342e-09, 4.55278170719e-09, 2.41976838566e-08, 1.19361311945e-08, 2.7625113308e-09, 2.93369573079e-09, 1.82541060045e-09, 1.44597613883e-08, 1.67485902924e-09, 4.60081661657e-09, 1.41509293172e-09],
