{
"lowlevel": {
    "average_loudness": 0.824819147587,
    "barkbands_crest": {
        "dmean": 3.36348342896,
        "dmean2": 5.24033021927,
        "dvar": 10.7893714905,
        "dvar2": 21.9869556427,
        "max": 26.9956378937,
        "mean": 15.4811420441,
        "median": 14.539522171,
        "min": 2.79235959053,
        "stdev": 7.20614528656,
        "var": 51.9285316467
    },
    "barkbands_flatness_db": {
        "dmean": 0.0445405319333,
        "dmean2": 0.0575615316629,
        "dvar": 0.00254304520786,
        "dvar2": 0.00407027034089,
        "max": 0.884917318821,
        "mean": 0.292481958866,
        "median": 0.198402330279,
        "min": 0.0445441827178,
        "stdev": 0.209360867739,
        "var": 0.0438319705427
    },
    "barkbands_kurtosis": {
        "dmean": 525.68939209,
        "dmean2": 825.439758301,
        "dvar": 5249854,
        "dvar2": 13379275,
        "max": 26973.9960938,
        "mean": 533.064208984,
        "median": 2.8014497757,
        "min": -1.89946210384,
        "stdev": 2429.01855469,
        "var": 5900131.5
    },
    "barkbands_skewness": {
        "dmean": 4.32290458679,
        "dmean2": 7.0310254097,
        "dvar": 164.243759155,
        "dvar2": 447.689483643,
        "max": 122.215454102,
        "mean": 1.78514099121,
        "median": 0.315198272467,
        "min": -47.6360549927,
        "stdev": 12.619055748,
        "var": 159.240570068
    },
    "barkbands_spread": {
        "dmean": 4.82107257843,
        "dmean2": 7.21572113037,
        "dvar": 51.8010826111,
        "dvar2": 111.051727295,
        "max": 65.4412078857,
        "mean": 13.9108190536,
        "median": 10.6110954285,
        "min": 0.00331699615344,
        "stdev": 14.542678833,
        "var": 211.489517212
    },
    "dissonance": {
        "dmean": 0.0535984113812,
        "dmean2": 0.0937864482403,
        "dvar": 0.00548456655815,
        "dvar2": 0.0152446283028,
        "max": 0.500000119209,
        "mean": 0.443511664867,
        "median": 0.474161356688,
        "min": 0.114890158176,
        "stdev": 0.0773468464613,
        "var": 0.00598253449425
    },
    "dynamic_complexity": 4.41632890701,
    "erbbands_crest": {
        "dmean": 3.55425214767,
        "dmean2": 5.21415662766,
        "dvar": 16.5135498047,
        "dvar2": 32.6413421631,
        "max": 35.2649841309,
        "mean": 21.932510376,
        "median": 23.4769706726,
        "min": 2.89546322823,
        "stdev": 9.61387729645,
        "var": 92.4266281128
    },
    "erbbands_flatness_db": {
        "dmean": 0.0418915711343,
        "dmean2": 0.0540315434337,
        "dvar": 0.00233737565577,
        "dvar2": 0.00359237473458,
        "max": 0.829133749008,
        "mean": 0.357717812061,
        "median": 0.270530849695,
        "min": 0.0721043646336,
        "stdev": 0.206911668181,
        "var": 0.0428124405444
    },
    "erbbands_kurtosis": {
        "dmean": 16.9545783997,
        "dmean2": 26.6317806244,
        "dvar": 1170.6439209,
        "dvar2": 2860.83496094,
        "max": 322.407287598,
        "mean": 26.1660480499,
        "median": 5.69415187836,
        "min": -1.8797031641,
        "stdev": 46.586566925,
        "var": 2170.30810547
    },
    "erbbands_skewness": {
        "dmean": 1.07494294643,
        "dmean2": 1.67265450954,
        "dvar": 2.56501340866,
        "dvar2": 5.9791021347,
        "max": 14.0277061462,
        "mean": 0.929879784584,
        "median": 0.413887798786,
        "min": -9.70886993408,
        "stdev": 2.47355675697,
        "var": 6.11848306656
    },
    "erbbands_spread": {
        "dmean": 6.34846258163,
        "dmean2": 9.37449741364,
        "dvar": 98.5355453491,
        "dvar2": 207.719696045,
        "max": 108.398590088,
        "mean": 16.634847641,
        "median": 10.2042760849,
        "min": 0.134549289942,
        "stdev": 19.7997512817,
        "var": 392.03012085
    },
    "hfc": {
        "dmean": 12.7902736664,
        "dmean2": 17.2595825195,
        "dvar": 833.671813965,
        "dvar2": 1297.60180664,
        "max": 488.778167725,
        "mean": 34.5590705872,
        "median": 22.1308727264,
        "min": 1.07182713691e-05,
        "stdev": 52.5426254272,
        "var": 2760.72729492
    },
    "loudness_ebu128": {
        "integrated": -11.5526657104,
        "loudness_range": 5.48945808411,
        "momentary": {
            "dmean": 1.11507344246,
            "dmean2": 1.37090325356,
            "dvar": 3.20578622818,
            "dvar2": 4.52723264694,
            "max": -7.16547346115,
            "mean": -13.2603445053,
            "median": -12.5436763763,
            "min": -44.1566390991,
            "stdev": 4.94351816177,
            "var": 24.4383735657
        },
        "short_term": {
            "dmean": 0.0464625842869,
            "dmean2": 0.0510896444321,
            "dvar": 0.00355173600838,
            "dvar2": 0.00392424734309,
            "max": -8.94380283356,
            "mean": -12.2829408646,
            "median": -11.7468967438,
            "min": -14.9235782623,
            "stdev": 1.86731541157,
            "var": 3.48686671257
        }
    },
    "melbands_crest": {
        "dmean": 3.68615674973,
        "dmean2": 5.63512229919,
        "dvar": 14.7792654037,
        "dvar2": 34.2511024475,
        "max": 37.917842865,
        "mean": 18.0044136047,
        "median": 17.050535202,
        "min": 3.03051948547,
        "stdev": 8.3413066864,
        "var": 69.5773925781
    },
    "melbands_flatness_db": {
        "dmean": 0.0443493239582,
        "dmean2": 0.0582315698266,
        "dvar": 0.00252692261711,
        "dvar2": 0.00404125778005,
        "max": 0.907333254814,
        "mean": 0.30670362711,
        "median": 0.20994360745,
        "min": 0.0195672884583,
        "stdev": 0.206101179123,
        "var": 0.042477697134
    },
    "melbands_kurtosis": {
        "dmean": 27.0533237457,
        "dmean2": 44.1266326904,
        "dvar": 4152.52832031,
        "dvar2": 10643.8945312,
        "max": 780.276855469,
        "mean": 39.5597991943,
        "median": 5.94991588593,
        "min": -1.90851712227,
        "stdev": 85.1022720337,
        "var": 7242.39697266
    },
    "melbands_skewness": {
        "dmean": 1.36144900322,
        "dmean2": 2.06770563126,
        "dvar": 4.01940536499,
        "dvar2": 9.28771972656,
        "max": 17.9246845245,
        "mean": 0.536206662655,
        "median": 0.544227778912,
        "min": -17.0287513733,
        "stdev": 3.45341777802,
        "var": 11.9260950089
    },
    "melbands_spread": {
        "dmean": 8.7744474411,
        "dmean2": 13.1253385544,
        "dvar": 222.001937866,
        "dvar2": 430.207733154,
        "max": 179.521408081,
        "mean": 23.7358474731,
        "median": 18.3938274384,
        "min": 0.0644537508488,
        "stdev": 27.2924613953,
        "var": 744.878417969
    },
    "pitch_salience": {
        "dmean": 0.0848212689161,
        "dmean2": 0.12575045228,
        "dvar": 0.0113246403635,
        "dvar2": 0.0230398178101,
        "max": 0.894709348679,
        "mean": 0.371074408293,
        "median": 0.407041013241,
        "min": 0.00494907982647,
        "stdev": 0.259984433651,
        "var": 0.0675918981433
    },
    "silence_rate_20dB": {
        "dmean": 0,
        "dmean2": 0,
        "dvar": 0,
        "dvar2": 0,
        "max": 1,
        "mean": 1,
        "median": 1,
        "min": 1,
        "stdev": 0,
        "var": 0
    },
    "silence_rate_30dB": {
        "dmean": 0,
        "dmean2": 0,
        "dvar": 0,
        "dvar2": 0,
        "max": 1,
        "mean": 1,
        "median": 1,
        "min": 1,
        "stdev": 0,
        "var": 0
    },
    "silence_rate_60dB": {
        "dmean": 0.0565015487373,
        "dmean2": 0.113090626895,
        "dvar": 0.0533087775111,
        "dvar2": 0.112692914903,
        "max": 1,
        "mean": 0.165506571531,
        "median": 0,
        "min": 0,
        "stdev": 0.371634662151,
        "var": 0.138112321496
    },
    "spectral_centroid": {
        "dmean": 222.005249023,
        "dmean2": 326.201904297,
        "dvar": 118512.679688,
        "dvar2": 224550.21875,
        "max": 5729.11035156,
        "mean": 1731.18371582,
        "median": 1534.00708008,
        "min": 433.64630127,
        "stdev": 623.492248535,
        "var": 388742.59375
    },
    "spectral_complexity": {
        "dmean": 2.78018569946,
        "dmean2": 3.78621220589,
        "dvar": 13.8495168686,
        "dvar2": 23.8613319397,
        "max": 46,
        "mean": 10.4663572311,
        "median": 6,
        "min": 0,
        "stdev": 10.8733787537,
        "var": 118.230361938
    },
    "spectral_decrease": {
        "dmean": 1.33494115762e-09,
        "dmean2": 1.81345283234e-09,
        "dvar": 2.74231155974e-18,
        "dvar2": 5.36992915088e-18,
        "max": -1.08027765708e-15,
        "mean": -3.98321153838e-09,
        "median": -3.3577636227e-09,
        "min": -1.85048332213e-08,
        "stdev": 3.28965987784e-09,
        "var": 1.0821861679e-17
    },
    "spectral_energy": {
        "dmean": 0.00606331415474,
        "dmean2": 0.0082388324663,
        "dvar": 5.87719550822e-05,
        "dvar2": 0.000109120017441,
        "max": 0.0795982182026,
        "mean": 0.0181681644171,
        "median": 0.0146105429158,
        "min": 5.04939734469e-09,
        "stdev": 0.0155577315018,
        "var": 0.000242043010076
    },
    "spectral_energyband_high": {
        "dmean": 0.00101991125848,
        "dmean2": 0.00130956538487,
        "dvar": 1.3682599274e-05,
        "dvar2": 1.93146479432e-05,
        "max": 0.0574763938785,
        "mean": 0.00192598288413,
        "median": 0.000182699775905,
        "min": 7.95708332557e-10,
        "stdev": 0.00647999066859,
        "var": 4.19902789872e-05
    },
    "spectral_energyband_low": {
        "dmean": 0.000247952324571,
        "dmean2": 0.00036388693843,
        "dvar": 8.1995688106e-07,
        "dvar2": 2.04410707738e-06,
        "max": 0.0178450029343,
        "mean": 0.000443725322839,
        "median": 2.13134007936e-05,
        "min": 1.37353019583e-13,
        "stdev": 0.000969926884864,
        "var": 9.40758184242e-07
    },
    "spectral_energyband_middle_high": {
        "dmean": 0.00442171702161,
        "dmean2": 0.00603562965989,
        "dvar": 3.82047292078e-05,
        "dvar2": 7.23407283658e-05,
        "max": 0.0621383823454,
        "mean": 0.0121893743053,
        "median": 0.0106161646545,
        "min": 3.43027073413e-09,
        "stdev": 0.0110094761476,
        "var": 0.000121208569908
    },
    "spectral_energyband_middle_low": {
        "dmean": 0.00185039092321,
        "dmean2": 0.00262071820907,
        "dvar": 1.39438880069e-05,
        "dvar2": 2.85452770186e-05,
        "max": 0.0497095286846,
        "mean": 0.0036721827928,
        "median": 0.000336615979904,
        "min": 2.18191385098e-11,
        "stdev": 0.00621870812029,
        "var": 3.86723331758e-05
    },
    "spectral_entropy": {
        "dmean": 0.372127145529,
        "dmean2": 0.493833601475,
        "dvar": 0.256049692631,
        "dvar2": 0.395883232355,
        "max": 8.88592433929,
        "mean": 6.550303936,
        "median": 7.43069076538,
        "min": 2.25372433662,
        "stdev": 1.74590051174,
        "var": 3.04816865921
    },
    "spectral_flux": {
        "dmean": 0.0228612888604,
        "dmean2": 0.037853281945,
        "dvar": 0.000591271673329,
        "dvar2": 0.00146172079258,
        "max": 0.205949127674,
        "mean": 0.0686699897051,
        "median": 0.0631635636091,
        "min": 7.10591120878e-05,
        "stdev": 0.0432259477675,
        "var": 0.00186848256271
    },
    "spectral_kurtosis": {
        "dmean": 7.16344118118,
        "dmean2": 11.1321086884,
        "dvar": 150.274398804,
        "dvar2": 370.458496094,
        "max": 239.956008911,
        "mean": 21.3699073792,
        "median": 5.02180099487,
        "min": -0.878589630127,
        "stdev": 36.4719772339,
        "var": 1330.2052002
    },
    "spectral_rms": {
        "dmean": 0.000729823601432,
        "dmean2": 0.000954786140937,
        "dvar": 6.65984941861e-07,
        "dvar2": 1.15609304885e-06,
        "max": 0.00881230924278,
        "mean": 0.00373072572984,
        "median": 0.00377547205426,
        "min": 2.21951381718e-06,
        "stdev": 0.00195109343622,
        "var": 3.8067657897e-06
    },
    "spectral_rolloff": {
        "dmean": 597.946472168,
        "dmean2": 985.274597168,
        "dvar": 2005508.75,
        "dvar2": 4018462.75,
        "max": 14900.9765625,
        "mean": 2374.34643555,
        "median": 1507.32421875,
        "min": 366.064453125,
        "stdev": 2120.10888672,
        "var": 4494861.5
    },
    "spectral_skewness": {
        "dmean": 0.55764901638,
        "dmean2": 0.805302202702,
        "dvar": 0.471424639225,
        "dvar2": 0.915783286095,
        "max": 13.3949575424,
        "mean": 2.97190332413,
        "median": 1.78731834888,
        "min": 0.0154687035829,
        "stdev": 2.55079722404,
        "var": 6.50656652451
    },
    "spectral_spread": {
        "dmean": 858229.1875,
        "dmean2": 1225148.5,
        "dvar": 975696625664,
        "dvar2": 1.83746874573e+12,
        "max": 17374062,
        "mean": 4467823.5,
        "median": 4355242,
        "min": 388748.34375,
        "stdev": 2517429.5,
        "var": 6.33745073766e+12
    },
    "spectral_strongpeak": {
        "dmean": 1.47189080715,
        "dmean2": 2.26908278465,
        "dvar": 2.66705083847,
        "dvar2": 5.08836555481,
        "max": 14.0721931458,
        "mean": 4.13875246048,
        "median": 4.53488683701,
        "min": 0.00020475051133,
        "stdev": 3.03733682632,
        "var": 9.22541427612
    },
    "zerocrossingrate": {
        "dmean": 0.0124889649451,
        "dmean2": 0.0132304932922,
        "dvar": 0.000480738119222,
        "dvar2": 0.000452100211987,
        "max": 0.41552734375,
        "mean": 0.0919694527984,
        "median": 0.072265625,
        "min": 0.01904296875,
        "stdev": 0.0502849370241,
        "var": 0.00252857478335
    },
    "barkbands": {
        "dmean": [5.15364035891e-06, 0.000121052820759, 0.000128333675093, 8.67093112902e-05, 0.000267970608547, 0.00109078537207, 0.000390922039514, 0.000289282033918, 0.00023201352451, 0.00021194855799, 0.000331231916789, 0.000555984210223, 0.00159257149789, 0.00340579869226, 7.46573059587e-05, 0.000178375426913, 0.000144783931319, 0.000120422104374, 9.18147052289e-05, 0.00019879276806, 0.00015732855536, 0.000179953858606, 0.000284345034743, 0.000324399879901, 0.000120367891213, 3.53273644578e-05, 5.63255707675e-06],
        "dmean2": [8.78427454154e-06, 0.000191168888705, 0.0001808974921, 0.000131469321786, 0.000389638880733, 0.00158939929679, 0.000583082903177, 0.000433661363786, 0.00033843590063, 0.000345732551068, 0.000526832067408, 0.000875847530551, 0.00224277633242, 0.00475348625332, 0.000117883675557, 0.000280794687569, 0.000228988283197, 0.000189960628632, 0.000139421361382, 0.00029506010469, 0.0002105061576, 0.000241645888309, 0.000377928896341, 0.000487093406264, 0.000187380923308, 5.28260534338e-05, 9.23065090319e-06],
        "dvar": [7.04405256347e-10, 2.0774845666e-07, 2.23566644308e-07, 8.12339351342e-08, 7.31467764581e-07, 8.4178554971e-06, 1.46962054259e-06, 8.09426069281e-07, 4.04129394838e-07, 4.71839172178e-07, 7.41736300824e-07, 3.38602399097e-06, 9.71202098299e-06, 3.23853746522e-05, 3.77684656883e-08, 1.93022884787e-07, 9.8030191964e-08, 1.12105205119e-07, 5.26405514734e-08, 2.95289936503e-07, 3.51178982783e-07, 3.31039984758e-07, 1.40223619383e-06, 1.95061556951e-06, 2.38535164954e-07, 7.67507746247e-09, 8.74283367924e-10],
        "dvar2": [1.85330295555e-09, 5.23088942828e-07, 5.5038458413e-07, 2.08422747505e-07, 1.8004498088e-06, 1.88093781617e-05, 3.08100197799e-06, 1.68626286268e-06, 8.39143524445e-07, 1.25101610138e-06, 1.89084596514e-06, 8.49513980938e-06, 1.82539315574e-05, 5.91952084505e-05, 8.88060895932e-08, 4.53377765552e-07, 2.24826663953e-07, 2.77840371155e-07, 1.07836903851e-07, 6.61054968987e-07, 6.3306760012e-07, 4.93960214953e-07, 2.17211254494e-06, 3.83949372917e-06, 5.03860121626e-07, 1.79947807766e-08, 2.43485476226e-09],
        "max": [0.000547143048607, 0.00718036293983, 0.00867972057313, 0.00571562536061, 0.014229231514, 0.0421207211912, 0.0219014175236, 0.0226205140352, 0.0101257059723, 0.00972552690655, 0.0102857761085, 0.0244292039424, 0.0360034108162, 0.0600215643644, 0.00314207468182, 0.00650261342525, 0.00435416027904, 0.00505330739543, 0.00658824620768, 0.0111141745001, 0.0126356584951, 0.00909248460084, 0.0190995018929, 0.0247894562781, 0.0113983033225, 0.00135237281211, 0.000608946662396],
        "mean": [4.15681961385e-06, 0.000213892621105, 0.000191247381736, 0.000154947992996, 0.000460258597741, 0.0016077774344, 0.00054755579913, 0.000514822546393, 0.000348614907125, 0.000232637161389, 0.000504026305862, 0.000722108292393, 0.00276529300027, 0.00681760441512, 0.000110686778498, 0.000261393841356, 0.000254739046795, 0.000210057973163, 0.000177147754584, 0.00030226277886, 0.000237143598497, 0.000287289352855, 0.000476816378068, 0.00051230203826, 0.000190074468264, 5.74560181121e-05, 5.87330578128e-06],
        "median": [2.67196583081e-07, 1.24074276755e-05, 2.58100658357e-06, 1.58124703376e-06, 8.52036919241e-06, 2.06465301744e-05, 2.5696846933e-05, 2.03485797101e-05, 1.44338473547e-05, 1.21986249724e-05, 1.87065998034e-05, 2.6991170671e-05, 0.000553455203772, 0.00311036175117, 9.25295262277e-06, 1.79706366907e-05, 1.71752653841e-05, 1.41753507705e-05, 2.09843310586e-05, 2.58716936514e-05, 1.35088748721e-05, 1.30320695462e-05, 7.88921261119e-06, 1.58461025421e-05, 1.24255584524e-05, 6.22026846031e-06, 8.99010004218e-08],
        "min": [1.21740462559e-14, 2.22095833478e-14, 2.58046080163e-14, 2.82293685769e-14, 2.30476309695e-13, 1.93497805669e-13, 2.07315311836e-13, 5.60541576263e-13, 1.11653026234e-12, 2.41897734482e-11, 6.12940698197e-10, 6.94657109612e-10, 2.60640328764e-11, 1.32840960454e-09, 2.19809045965e-10, 6.65636712416e-11, 1.52779983109e-10, 1.88370014031e-10, 1.16358117586e-10, 3.04542918661e-10, 1.25049470778e-10, 1.30922647723e-10, 4.38077213394e-11, 1.01870782643e-10, 1.61830965295e-11, 7.39766720104e-11, 3.29645698962e-15],
        "stdev": [2.27801519941e-05, 0.000480581744341, 0.000518845336046, 0.000333424803102, 0.000986268394627, 0.00410338956863, 0.00154158193618, 0.00155191624071, 0.000877651036717, 0.000687443185598, 0.00125702575315, 0.00229763565585, 0.00470525352284, 0.00945404358208, 0.000278008723399, 0.000583736458793, 0.000490520906169, 0.000429766223533, 0.000403890880989, 0.000756663444918, 0.000878888356965, 0.000996901886538, 0.00202931230888, 0.00205116719007, 0.000693520647474, 0.000126573504531, 2.79244704871e-05],
        "var": [5.18935283633e-10, 2.30958818292e-07, 2.69200512548e-07, 1.11172099082e-07, 9.72725274551e-07, 1.683780647e-05, 2.37647486756e-06, 2.40844406107e-06, 7.70271299189e-07, 4.72578108202e-07, 1.58011368967e-06, 5.27912925463e-06, 2.21394111577e-05, 8.93789401744e-05, 7.72888526512e-08, 3.40748243843e-07, 2.4061074555e-07, 1.84699018746e-07, 1.63127850783e-07, 5.72539534005e-07, 7.72444764152e-07, 9.93813273453e-07, 4.11810879086e-06, 4.20728656536e-06, 4.80970868466e-07, 1.60208522004e-08, 7.79776021531e-10]
    },
    "erbbands": {
        "dmean": [0.00167647644412, 0.033313665539, 0.147925466299, 0.169783473015, 0.603522181511, 0.934647202492, 3.02489924431, 11.7681884766, 6.31676006317, 6.67171621323, 6.35496664047, 4.69921779633, 4.65643310547, 8.65382480621, 17.1906375885, 22.9075202942, 51.2028656006, 176.699325562, 16.516582489, 5.79569530487, 9.33962249756, 7.7329750061, 6.75245809555, 4.55297136307, 5.60695123672, 9.15930557251, 7.21785449982, 5.62805271149, 6.42299461365, 7.08106279373, 8.81453895569, 6.85627365112, 5.48974704742, 2.10333967209, 0.524252712727, 0.167871311307, 0.065671607852, 0.0154572594911, 0.000549296848476, 1.94349231606e-05],
        "dmean2": [0.00279688136652, 0.0522438958287, 0.211012691259, 0.258609563112, 0.846589028835, 1.40060126781, 4.72402715683, 17.174823761, 9.08319568634, 10.3424186707, 9.49106788635, 6.91537570953, 7.16423416138, 12.2788696289, 27.8412895203, 36.0757484436, 70.7403259277, 242.887420654, 23.4203910828, 8.76288509369, 14.176232338, 12.1259965897, 10.730635643, 7.21664953232, 8.20760059357, 13.4770345688, 10.1523551941, 7.41570186615, 8.63454055786, 9.37202358246, 12.2753629684, 9.41191005707, 8.6260843277, 3.34200716019, 0.754392683506, 0.251368969679, 0.09964261204, 0.0238165296614, 0.000860901316628, 2.76377704722e-05],
        "dvar": [7.34167042538e-05, 0.0154783315957, 0.283143341541, 0.429872632027, 2.80621933937, 14.0109186172, 134.053909302, 1107.57348633, 252.931671143, 902.420959473, 326.968566895, 184.383911133, 173.478439331, 592.375366211, 2024.44604492, 5694.02050781, 21601.3691406, 103438.703125, 1388.22949219, 161.791107178, 541.487976074, 285.89654541, 358.526397705, 114.930496216, 317.943572998, 618.627807617, 462.268432617, 585.709533691, 393.313018799, 729.216796875, 1410.04174805, 967.85925293, 504.639648438, 79.9686965942, 4.28942584991, 0.18587385118, 0.0275400914252, 0.00560503685847, 7.33223214411e-06, 3.10606229625e-09],
        "dvar2": [0.000202582319616, 0.0381718836725, 0.712064385414, 1.10327851772, 6.373960495, 35.6466407776, 349.806640625, 2454.33056641, 460.738372803, 2208.81738281, 677.678039551, 410.135803223, 426.569091797, 1333.7109375, 5513.15673828, 14099.4423828, 41199.8203125, 183582.65625, 3123.61523438, 378.124969482, 1163.96789551, 655.801147461, 904.220947266, 286.396057129, 603.566467285, 1359.9576416, 787.014526367, 1077.65698242, 617.065246582, 1051.29541016, 2374.81152344, 1719.06347656, 1059.83520508, 177.593215942, 8.56875038147, 0.402226209641, 0.0652436986566, 0.0158029366285, 2.01621678571e-05, 7.32763050237e-09],
        "max": [0.175628378987, 2.10552406311, 10.209151268, 13.3910245895, 26.2447795868, 66.2422714233, 287.904541016, 528.716308594, 220.464080811, 777.709350586, 404.438781738, 225.673690796, 190.153594971, 369.37512207, 517.544494629, 938.494628906, 1832.94787598, 3459.65429688, 421.238220215, 169.28793335, 428.344543457, 223.996902466, 305.046691895, 167.042495728, 513.244262695, 539.110961914, 387.819366455, 523.302001953, 328.111114502, 442.431335449, 610.217224121, 522.112670898, 371.04498291, 185.937271118, 51.3009147644, 9.47668743134, 2.02506828308, 1.76024138927, 0.0583913251758, 0.00103510799818],
        "mean": [0.00206907908432, 0.0621609799564, 0.247028931975, 0.298325538635, 1.19892311096, 1.35673260689, 4.1955332756, 17.1085319519, 9.8293170929, 10.0239095688, 11.3317832947, 7.266913414, 6.15179109573, 12.0803747177, 25.5547504425, 30.4374332428, 105.853843689, 445.13848877, 32.2323913574, 9.41599464417, 14.7545375824, 14.8547468185, 12.8259887695, 9.45999526978, 10.170539856, 14.0551691055, 11.3875617981, 8.64742469788, 9.90604305267, 12.3184051514, 14.1106557846, 10.9829015732, 8.08119487762, 3.18599700928, 0.858958482742, 0.286367952824, 0.0979795381427, 0.0198770593852, 0.000676911033224, 4.41330921603e-05],
        "median": [0.00023371988209, 0.0028097871691, 0.00361312436871, 0.00529996212572, 0.0142149571329, 0.0562572851777, 0.106483869255, 0.186528742313, 0.34879052639, 0.721213817596, 0.546280801296, 0.413835376501, 0.541278123856, 0.630965709686, 1.42884075642, 3.53465628624, 75.073677063, 348.565582275, 14.7616138458, 1.95032632351, 1.20665168762, 1.05898427963, 0.850231587887, 0.849644482136, 1.44241082668, 1.20490515232, 0.823349058628, 0.42779520154, 0.418481320143, 0.297084480524, 0.273934394121, 0.324037969112, 0.255931615829, 0.177275463939, 0.0700894892216, 0.0306458212435, 0.00973662734032, 0.00135391403455, 4.95967178722e-05, 2.55342529272e-05],
        "min": [1.44346600645e-12, 1.17742543146e-11, 2.86139497513e-11, 1.09081556288e-10, 2.28104840572e-10, 8.63276283791e-10, 1.11834663752e-09, 2.18249152084e-09, 4.17496837102e-09, 1.24806582846e-08, 2.5004474935e-08, 2.22560217367e-07, 6.03462467552e-07, 1.01604191514e-05, 2.4910985303e-05, 2.82257333311e-05, 5.51108450964e-06, 5.79288753215e-05, 3.52606257366e-05, 3.53035875378e-06, 3.58985812454e-06, 1.08372360046e-05, 8.15082876215e-06, 4.97419387102e-06, 7.67086294218e-06, 1.58828206622e-05, 8.86281122803e-06, 4.2310975914e-06, 4.53660368294e-06, 3.52407369064e-06, 6.26995813491e-07, 1.19336652915e-06, 2.24278937822e-06, 1.59020444812e-07, 2.01284123591e-07, 2.54514475273e-07, 1.73075989096e-07, 1.64536881897e-08, 2.83023160463e-10, 1.92838835178e-11],
        "stdev": [0.0071779936552, 0.135436743498, 0.582944571972, 0.674668252468, 2.37208485603, 3.70574569702, 13.9652271271, 45.5822563171, 22.8675403595, 35.6038703918, 30.0360965729, 17.6704082489, 15.3318309784, 31.7119255066, 64.7294540405, 92.3028335571, 182.040420532, 537.354370117, 48.419380188, 18.737323761, 32.1266555786, 28.0244903564, 25.4693279266, 17.7670059204, 29.4960670471, 35.0308876038, 33.1845474243, 35.9606323242, 33.4753036499, 49.9657440186, 60.6855163574, 47.4283332825, 31.5030860901, 12.0083799362, 3.02868366241, 0.686806738377, 0.220046460629, 0.0735349208117, 0.00267244828865, 7.45299112168e-05],
        "var": [5.15235951752e-05, 0.0183431115001, 0.339824408293, 0.455177217722, 5.62678623199, 13.732550621, 195.027572632, 2077.7421875, 522.924377441, 1267.63549805, 902.167053223, 312.24331665, 235.065032959, 1005.64624023, 4189.90185547, 8519.8125, 33138.7148438, 288749.75, 2344.43652344, 351.087280273, 1032.12194824, 785.372070312, 648.686706543, 315.666503906, 870.018005371, 1227.16320801, 1101.21411133, 1293.16711426, 1120.59594727, 2496.57568359, 3682.73168945, 2249.44677734, 992.444396973, 144.201187134, 9.17292404175, 0.471703529358, 0.0484204441309, 0.00540738506243, 7.14197949492e-06, 5.55470780483e-09]
    },
    "gfcc": {
        "mean": [-147.165786743, 3.03340411186, -168.719543457, -17.4711551666, -43.4477653503, 34.2885322571, -43.3953056335, -11.1990327835, -24.829826355, 22.8352947235, 0.344514816999, -5.62611055374, -19.4525775909],
        "cov": [[36253.9375, 7147.9765625, 8120.57128906, 6501.74902344, -4800.2265625, -3722.16333008, -2131.72192383, 2847.54858398, -1109.29504395, -1102.68103027, -1268.72106934, 446.853820801, -105.749771118], [7147.9765625, 3918.80371094, 2128.09667969, 881.747314453, -657.365539551, -1005.65142822, -511.68536377, 537.908691406, -168.841247559, -282.690124512, -266.133331299, -96.9371337891, -43.6126289368], [8120.57128906, 2128.09667969, 3598.10449219, 2034.06445312, -1126.43237305, -763.692321777, -738.258605957, 802.493591309, -363.071472168, -205.732147217, -395.719970703, 6.64962863922, -218.738891602], [6501.74902344, 881.747314453, 2034.06445312, 2022.31384277, -915.068664551, -608.762268066, -512.453796387, 628.559509277, -274.321166992, -214.436477661, -307.950622559, 153.338882446, -42.1865158081], [-4800.2265625, -657.365539551, -1126.43237305, -915.068664551, 1476.140625, 820.377807617, 222.619674683, -744.499755859, 198.879089355, 302.962036133, 254.128509521, -295.759613037, -64.1927185059], [-3722.16333008, -1005.65142822, -763.692321777, -608.762268066, 820.377807617, 819.468444824, 309.904541016, -464.670379639, 103.610862732, 209.233764648, 183.611495972, -135.612670898, -49.225189209], [-2131.72192383, -511.68536377, -738.258605957, -512.453796387, 222.619674683, 309.904541016, 436.555541992, -70.639213562, 60.3469772339, 10.8908214569, 22.5062026978, 19.8032302856, 45.1749725342], [2847.54858398, 537.908691406, 802.493591309, 628.559509277, -744.499755859, -464.670379639, -70.639213562, 654.75982666, -93.3963699341, -205.300918579, -232.498260498, 179.628707886, 69.3921966553], [-1109.29504395, -168.841247559, -363.071472168, -274.321166992, 198.879089355, 103.610862732, 60.3469772339, -93.3963699341, 252.735290527, 115.439727783, 71.579826355, -77.1888504028, -8.3530292511], [-1102.68103027, -282.690124512, -205.732147217, -214.436477661, 302.962036133, 209.233764648, 10.8908214569, -205.300918579, 115.439727783, 230.472503662, 126.15801239, -115.169456482, -59.2517967224], [-1268.72106934, -266.133331299, -395.719970703, -307.950622559, 254.128509521, 183.611495972, 22.5062026978, -232.498260498, 71.579826355, 126.15801239, 236.818862915, -12.405087471, -25.1801280975], [446.853820801, -96.9371337891, 6.64962863922, 153.338882446, -295.759613037, -135.612670898, 19.8032302856, 179.628707886, -77.1888504028, -115.169456482, -12.405087471, 254.346343994, 97.9482879639], [-105.749771118, -43.6126289368, -218.738891602, -42.1865158081, -64.1927185059, -49.225189209, 45.1749725342, 69.3921966553, -8.3530292511, -59.2517967224, -25.1801280975, 97.9482879639, 137.424713135]],
        "icov": [[0.00013730788487, -0.00014454027405, 4.05229839089e-05, -0.00029569194885, 0.000231929472648, 5.2871848311e-05, 4.50100560556e-05, -5.14541261509e-06, 0.000126880579046, -7.40156538086e-05, -3.35816475854e-05, 0.000188437887118, -1.60648887686e-05], [-0.00014454027405, 0.000941947160754, -0.000818848842755, 0.000537516025361, -0.00082516373368, 0.00139318814036, -0.00076892337529, 0.000198791662115, -0.000298586848658, 0.000942164042499, -0.000785573734902, 0.000662146485411, -0.000912475457881], [4.05229839089e-05, -0.000818848842755, 0.00199172226712, -0.000778177694883, 0.000781816022936, -0.00188984442502, 0.00200785533525, -0.00135373941157, 0.000927074230276, -0.00105629838072, 0.00124920415692, -0.000365627143765, 0.00250485329889], [-0.00029569194885, 0.000537516025361, -0.000778177694883, 0.00220529362559, -0.000527696975041, -5.99997838435e-05, 0.000742254022043, -0.000332022522343, -9.23289335333e-05, 0.000229781129747, 0.000650487316307, -0.000905617023818, -0.000104810678749], [0.000231929472648, -0.00082516373368, 0.000781816022936, -0.000527696975041, 0.00344357639551, -0.00268302974291, 0.00115443766117, 0.00110924465116, 9.24611504161e-06, -0.000816893996671, 0.000760251074098, 0.00104163109791, -0.000247858581133], [5.2871848311e-05, 0.00139318814036, -0.00188984442502, -5.99997838435e-05, -0.00268302974291, 0.00743194157258, -0.00476425047964, 0.00188441935461, 8.23468726594e-05, 0.000156487702043, -0.00218904786743, 0.000995724229142, -0.00155854946934], [4.50100560556e-05, -0.00076892337529, 0.00200785533525, 0.000742254022043, 0.00115443766117, -0.00476425047964, 0.00782849825919, -0.00284345634282, 0.000447077618446, -0.000142603588756, 0.00273612048477, -0.0013739092974, 0.00235571828671], [-5.14541261509e-06, 0.000198791662115, -0.00135373941157, -0.000332022522343, 0.00110924465116, 0.00188441935461, -0.00284345634282, 0.00678567774594, -0.00186290952843, 0.000363220548024, 0.00185581215192, -0.00147153274156, -0.00206386530772], [0.000126880579046, -0.000298586848658, 0.000927074230276, -9.23289335333e-05, 9.24611504161e-06, 8.23468726594e-05, 0.000447077618446, -0.00186290952843, 0.00674063991755, -0.00305386958644, -0.000484071817482, 0.00162055087276, 0.00012696167687], [-7.40156538086e-05, 0.000942164042499, -0.00105629838072, 0.000229781129747, -0.000816893996671, 0.000156487702043, -0.000142603588756, 0.000363220548024, -0.00305386958644, 0.0113615393639, -0.00467247143388, 0.0034126653336, -0.000406262144679], [-3.35816475854e-05, -0.000785573734902, 0.00124920415692, 0.000650487316307, 0.000760251074098, -0.00218904786743, 0.00273612048477, 0.00185581215192, -0.000484071817482, -0.00467247143388, 0.011267490685, -0.00559211755171, 0.00365364970639], [0.000188437887118, 0.000662146485411, -0.000365627143765, -0.000905617023818, 0.00104163109791, 0.000995724229142, -0.0013739092974, -0.00147153274156, 0.00162055087276, 0.0034126653336, -0.00559211755171, 0.0113859726116, -0.00603691348806], [-1.60648887686e-05, -0.000912475457881, 0.00250485329889, -0.000104810678749, -0.000247858581133, -0.00155854946934, 0.00235571828671, -0.00206386530772, 0.00012696167687, -0.000406262144679, 0.00365364970639, -0.00603691348806, 0.0153280468658]]
    },
    "melbands": {
        "dmean": [2.39624878304e-05, 6.19763959548e-05, 4.12814515585e-05, 5.26956318936e-05, 8.7803338829e-05, 0.00024065868638, 9.45181309362e-05, 6.92751200404e-05, 5.20544199389e-05, 3.00910705846e-05, 2.53299931501e-05, 3.67789943994e-05, 4.96119573654e-05, 7.80710179242e-05, 3.94947965106e-05, 0.000197427536477, 0.00033602444455, 2.2048714527e-05, 5.9473481997e-06, 1.22859555631e-05, 1.15257280413e-05, 8.58921521285e-06, 7.13953750164e-06, 6.26205746812e-06, 3.8688181121e-06, 3.3791648093e-06, 6.21765002506e-06, 6.33318813925e-06, 4.88155910716e-06, 4.22753828389e-06, 2.98700479107e-06, 3.66490894521e-06, 4.15736894865e-06, 4.30818272434e-06, 5.63930871067e-06, 4.37120843344e-06, 4.3957033995e-06, 4.37098788098e-06, 2.86429713015e-06, 1.62253604685e-06],
        "dmean2": [3.83018668799e-05, 8.87497371878e-05, 6.06444882578e-05, 7.36284127925e-05, 0.000137727867696, 0.00034882206819, 0.000136633316288, 0.0001071949373, 7.44945355109e-05, 4.41040174337e-05, 3.96439972974e-05, 5.26152725797e-05, 7.85601660027e-05, 0.000122238940094, 5.91484931647e-05, 0.000283164175926, 0.000460352079244, 3.47618370142e-05, 9.43373470363e-06, 2.01485381695e-05, 1.75800942088e-05, 1.37599472509e-05, 1.15590228233e-05, 9.93392859527e-06, 6.32717410554e-06, 5.07816457684e-06, 9.53945800575e-06, 9.45764440985e-06, 7.2823154369e-06, 6.01059764449e-06, 3.95659753849e-06, 5.16638965564e-06, 5.81713948122e-06, 5.64556057725e-06, 7.79285164754e-06, 6.28490579402e-06, 5.997207154e-06, 6.87043302605e-06, 4.48438231615e-06, 2.56732869275e-06],
        "dvar": [9.57836210347e-09, 5.00937922254e-08, 1.87467499302e-08, 3.17352117918e-08, 1.01529636254e-07, 4.34622137391e-07, 5.31513215662e-08, 8.94445975064e-08, 2.21581011317e-08, 6.99382063374e-09, 5.05819297558e-09, 1.08814575128e-08, 1.62000954873e-08, 6.66182131681e-08, 1.52674051179e-08, 1.7587362322e-07, 4.00467484951e-07, 7.34022620463e-09, 2.52102089204e-10, 9.74763936235e-10, 9.80922343352e-10, 3.61347091138e-10, 4.2810147094e-10, 2.70441946615e-10, 8.82895631604e-11, 9.14643638605e-11, 3.92092663892e-10, 2.89966828326e-10, 1.79455741933e-10, 3.33473998415e-10, 1.68763947261e-10, 1.29728269793e-10, 1.89602458733e-10, 2.86924650705e-10, 5.71966862761e-10, 4.42982206472e-10, 3.92283205919e-10, 3.1683267121e-10, 1.41875955428e-10, 4.372095741e-11],
        "dvar2": [2.506802943e-08, 1.24944406821e-07, 4.68853933455e-08, 7.71559953705e-08, 2.6717594892e-07, 9.59392764344e-07, 9.64837596484e-08, 2.20982997234e-07, 4.49979751238e-08, 1.54292187915e-08, 1.2612896505e-08, 2.51490632763e-08, 4.19708392485e-08, 1.69213507206e-07, 3.28326947852e-08, 3.47429789826e-07, 7.21496178357e-07, 1.76115211303e-08, 6.44273245864e-10, 2.58023646893e-09, 2.14352624539e-09, 8.62712901117e-10, 1.06187691973e-09, 6.72789990386e-10, 2.37196540187e-10, 1.77352049713e-10, 8.88909001961e-10, 6.52048970373e-10, 3.4562130935e-10, 7.13115400064e-10, 2.9301563953e-10, 2.36562824885e-10, 3.35156929987e-10, 4.35928348974e-10, 1.03002850693e-09, 8.64061877603e-10, 7.14587222728e-10, 6.6749383798e-10, 3.4561722928e-10, 9.49715930898e-11],
        "max": [0.00167875271291, 0.00441374629736, 0.00287925475277, 0.00310003594495, 0.00774742662907, 0.0102712428197, 0.00309312040918, 0.00786527898163, 0.00340447900817, 0.00162874069065, 0.000988151412457, 0.00158871593885, 0.00148265925236, 0.0032930241432, 0.00206898129545, 0.00458274781704, 0.00656994897872, 0.00109048269223, 0.000260209897533, 0.000300639454508, 0.000573815195821, 0.000278907798929, 0.000398463540478, 0.000219860623474, 0.000163047923706, 0.000297712191241, 0.000359753059456, 0.000389931577956, 0.000205669857678, 0.000360128266038, 0.000306644506054, 0.00018451656797, 0.000218826418859, 0.000296700483887, 0.000378362223273, 0.000313765311148, 0.000344777159626, 0.000315520068398, 0.000221912021516, 0.000143043725984],
        "mean": [3.82209618692e-05, 0.000111622684926, 8.47652117955e-05, 9.08865040401e-05, 0.00012633096776, 0.000353999930667, 0.000148661827552, 0.000108460466436, 9.1099718702e-05, 4.34283501818e-05, 3.10957620968e-05, 4.57769965578e-05, 7.52210326027e-05, 9.84389698715e-05, 4.56610432593e-05, 0.000515692692716, 0.000808846903965, 2.40694935201e-05, 8.24962171464e-06, 1.63134172908e-05, 1.68149945239e-05, 1.50347659655e-05, 1.22439951156e-05, 1.10549426608e-05, 7.21647802493e-06, 6.24007361694e-06, 9.36096421356e-06, 9.29005818762e-06, 7.49399623601e-06, 5.84138615523e-06, 4.64741560791e-06, 5.35838307769e-06, 6.07253787166e-06, 7.21507285562e-06, 8.6104419097e-06, 6.79556842442e-06, 6.73525300954e-06, 6.20015725872e-06, 3.88076477975e-06, 2.32422621593e-06],
        "median": [3.39610187439e-06, 2.65418361778e-06, 1.20033234907e-06, 1.73306420947e-06, 4.04670845455e-06, 4.03017338613e-06, 5.65696927879e-06, 5.66926519241e-06, 3.51350513483e-06, 1.90088996987e-06, 2.19896423914e-06, 2.12604163607e-06, 3.09248048325e-06, 3.45398620993e-06, 1.62372509749e-06, 0.000432000786532, 0.000592411553953, 1.32740581194e-06, 6.73495492265e-07, 1.07033235963e-06, 1.1520779708e-06, 1.02089893517e-06, 7.64457354308e-07, 6.47482124805e-07, 6.02501643243e-07, 8.54990730659e-07, 9.12901384709e-07, 7.61213925671e-07, 5.67078473068e-07, 2.44688408202e-07, 1.55592474016e-07, 2.17813365566e-07, 2.02505560765e-07, 8.7097539847e-08, 1.30976886226e-07, 1.38069594868e-07, 1.62161242656e-07, 1.49166211827e-07, 1.68996621142e-07, 1.36976723297e-07],
        "min": [7.3989700136e-15, 1.59901304301e-14, 2.00942134297e-14, 3.81924174361e-14, 3.8708260501e-14, 4.57365265452e-14, 5.3337983173e-14, 8.15928000077e-14, 1.0117191915e-13, 2.35126967809e-13, 1.50165090865e-12, 3.43654618651e-11, 8.59064833159e-11, 8.69990676722e-11, 2.95654264959e-11, 1.24611328201e-11, 1.24892235442e-10, 6.87429280166e-11, 6.7854771281e-12, 5.20697937892e-12, 2.53089324671e-12, 1.30729446365e-11, 4.39967680343e-12, 1.11307213446e-11, 2.66057727065e-12, 5.96295669092e-12, 2.26315038758e-12, 1.47677686052e-11, 6.52908846779e-12, 4.82221901299e-12, 1.39077052826e-12, 3.61450192693e-12, 1.46172613943e-12, 1.85510721368e-12, 2.97217464399e-13, 2.18702931199e-13, 9.34694379187e-13, 1.94329556787e-12, 5.0180047834e-13, 5.88609071338e-16],
        "stdev": [9.44315106608e-05, 0.000245933857514, 0.000163612610777, 0.000203475021408, 0.000383479578886, 0.000920196645893, 0.000338286074111, 0.00037666267599, 0.000242726047873, 0.000108216998342, 8.05673989817e-05, 0.000127018007333, 0.00018894430832, 0.000315886863973, 0.000145466314279, 0.000602607324254, 0.0010482914513, 8.24607996037e-05, 2.05391024792e-05, 3.81373356504e-05, 3.98796837544e-05, 2.93761077046e-05, 2.58065592789e-05, 2.2771075237e-05, 1.4153462871e-05, 1.68535607372e-05, 2.74916019407e-05, 2.29770703299e-05, 2.02677856578e-05, 2.32099300774e-05, 2.02080864256e-05, 1.80217139132e-05, 2.22804319492e-05, 3.08208072965e-05, 3.76809002773e-05, 3.05151625071e-05, 2.94857200061e-05, 2.48889209615e-05, 1.50457835844e-05, 8.82387303136e-06],
        "var": [8.91731044561e-09, 6.04834653473e-08, 2.6769086503e-08, 4.14020853157e-08, 1.47056596234e-07, 8.46761906814e-07, 1.14437462173e-07, 1.41874764381e-07, 5.89159334652e-08, 1.17109193454e-08, 6.49110587503e-09, 1.61335744764e-08, 3.56999514395e-08, 9.97845077677e-08, 2.11604476164e-08, 3.63135569614e-07, 1.09891504962e-06, 6.7997838471e-09, 4.2185474558e-10, 1.45445633315e-09, 1.59038904268e-09, 8.62955706893e-10, 6.65978494574e-10, 5.1852189209e-10, 2.0032051018e-10, 2.84042539489e-10, 7.55788154283e-10, 5.27945742679e-10, 4.1078315749e-10, 5.38700861696e-10, 4.08366757076e-10, 3.24782145622e-10, 4.96417684737e-10, 9.49922251969e-10, 1.41985023738e-09, 9.31175136998e-10, 8.69407656978e-10, 6.19458373485e-10, 2.263756127e-10, 7.78607317509e-11]
    },
    "melbands128": {
