{
"lowlevel": {
    "average_loudness": 0.807504832745,
    "barkbands_crest": {
        "dmean": 3.02010631561,
        "dmean2": 4.95245742798,
        "dvar": 7.94016122818,
        "dvar2": 19.6048755646,
        "max": 25.658197403,
        "mean": 12.4923458099,
        "median": 12.0011606216,
        "min": 3.00309586525,
        "stdev": 4.89633083344,
        "var": 23.9740543365
    },
    "barkbands_flatness_db": {
        "dmean": 0.0352114103734,
        "dmean2": 0.0537078715861,
        "dvar": 0.00119310279842,
        "dvar2": 0.00247176270932,
        "max": 0.459092438221,
        "mean": 0.184619352221,
        "median": 0.170993998647,
        "min": 0.0503078885376,
        "stdev": 0.0682312846184,
        "var": 0.0046555083245
    },
    "barkbands_kurtosis": {
        "dmean": 11.7408895493,
        "dmean2": 19.7008361816,
        "dvar": 630.440673828,
        "dvar2": 1810.48291016,
        "max": 334.997375488,
        "mean": 16.5238399506,
        "median": 6.12849712372,
        "min": -1.90709769726,
        "stdev": 32.1379737854,
        "var": 1032.84924316
    },
    "barkbands_skewness": {
        "dmean": 1.05592823029,
        "dmean2": 1.69767391682,
        "dvar": 1.47317385674,
        "dvar2": 3.91172814369,
        "max": 15.2257137299,
        "mean": 2.72779178619,
        "median": 2.19412970543,
        "min": -1.91186606884,
        "stdev": 2.20598983765,
        "var": 4.86639118195
    },
    "barkbands_spread": {
        "dmean": 9.69911575317,
        "dmean2": 16.0060920715,
        "dvar": 188.238952637,
        "dvar2": 462.640380859,
        "max": 91.1192550659,
        "mean": 17.041179657,
        "median": 11.7321605682,
        "min": 0.404653996229,
        "stdev": 16.3306655884,
        "var": 266.690643311
    },
    "dissonance": {
        "dmean": 0.0313785523176,
        "dmean2": 0.0506103485823,
        "dvar": 0.0011182440212,
        "dvar2": 0.00253686867654,
        "max": 0.499573171139,
        "mean": 0.43808722496,
        "median": 0.452089905739,
        "min": 0,
        "stdev": 0.0506228245795,
        "var": 0.00256267050281
    },
    "dynamic_complexity": 2.5496866703,
    "erbbands_crest": {
        "dmean": 2.97209191322,
        "dmean2": 4.88625049591,
        "dvar": 7.26150274277,
        "dvar2": 17.8214645386,
        "max": 25.9641284943,
        "mean": 9.64472579956,
        "median": 8.92276096344,
        "min": 3.17089867592,
        "stdev": 3.77178668976,
        "var": 14.2263755798
    },
    "erbbands_flatness_db": {
        "dmean": 0.0241060853004,
        "dmean2": 0.0363378860056,
        "dvar": 0.000513704668265,
        "dvar2": 0.0010335756233,
        "max": 0.338959515095,
        "mean": 0.161134541035,
        "median": 0.157715499401,
        "min": 0.0427880659699,
        "stdev": 0.0450980588794,
        "var": 0.0020338348113
    },
    "erbbands_kurtosis": {
        "dmean": 1.69464111328,
        "dmean2": 2.76432132721,
        "dvar": 4.48073530197,
        "dvar2": 10.6155023575,
        "max": 21.3102931976,
        "mean": 1.24295222759,
        "median": 0.535168409348,
        "min": -1.8588758707,
        "stdev": 2.86729049683,
        "var": 8.22135448456
    },
    "erbbands_skewness": {
        "dmean": 0.615309894085,
        "dmean2": 0.978917002678,
        "dvar": 0.382190167904,
        "dvar2": 1.00879478455,
        "max": 4.31745815277,
        "mean": 0.745633721352,
        "median": 0.771637201309,
        "min": -2.50598239899,
        "stdev": 0.802398920059,
        "var": 0.64384406805
    },
    "erbbands_spread": {
        "dmean": 17.4561100006,
        "dmean2": 27.5828399658,
        "dvar": 427.313903809,
        "dvar2": 930.672180176,
        "max": 160.733840942,
        "mean": 45.3466262817,
        "median": 36.7475395203,
        "min": 4.64096069336,
        "stdev": 29.1057376862,
        "var": 847.143920898
    },
    "hfc": {
        "dmean": 12.7878112793,
        "dmean2": 21.1115131378,
        "dvar": 445.849945068,
        "dvar2": 1145.5078125,
        "max": 198.912490845,
        "mean": 20.0192298889,
        "median": 13.9245948792,
        "min": 1.15773747015e-16,
        "stdev": 21.5659656525,
        "var": 465.090881348
    },
    "loudness_ebu128": {
        "integrated": -10.9423809052,
        "loudness_range": 2.33989429474,
        "momentary": {
            "dmean": 0.86874216795,
            "dmean2": 1.0629799366,
            "dvar": 0.596030294895,
            "dvar2": 0.923242688179,
            "max": -5.84065151215,
            "mean": -11.5979566574,
            "median": -11.9871749878,
            "min": -17.6729354858,
            "stdev": 2.31674814224,
            "var": 5.36732196808
        },
        "short_term": {
            "dmean": 0.111411556602,
            "dmean2": 0.132880672812,
            "dvar": 0.019214162603,
            "dvar2": 0.0217393543571,
            "max": -9.05677318573,
            "mean": -10.8700771332,
            "median": -10.9148292542,
            "min": -14.21159935,
            "stdev": 0.85964179039,
            "var": 0.738983988762
        }
    },
    "melbands_crest": {
        "dmean": 3.49651169777,
        "dmean2": 5.48813295364,
        "dvar": 11.3124456406,
        "dvar2": 26.489906311,
        "max": 38.3651542664,
        "mean": 18.2876472473,
        "median": 15.9634122849,
        "min": 2.20268297195,
        "stdev": 8.81991004944,
        "var": 77.7908096313
    },
    "melbands_flatness_db": {
        "dmean": 0.0453405156732,
        "dmean2": 0.0687586292624,
        "dvar": 0.00194785743952,
        "dvar2": 0.00396512495354,
        "max": 0.586610734463,
        "mean": 0.253979206085,
        "median": 0.244985073805,
        "min": 0.0036426933948,
        "stdev": 0.0889939442277,
        "var": 0.00791992153972
    },
    "melbands_kurtosis": {
        "dmean": 24.1828479767,
        "dmean2": 40.5243301392,
        "dvar": 3517.91650391,
        "dvar2": 9718.00585938,
        "max": 976.170837402,
        "mean": 38.8912582397,
        "median": 14.2398452759,
        "min": -1.76688766479,
        "stdev": 80.1474380493,
        "var": 6423.61230469
    },
    "melbands_skewness": {
        "dmean": 1.31835961342,
        "dmean2": 2.03845071793,
        "dvar": 2.69227862358,
        "dvar2": 6.40872716904,
        "max": 24.7679481506,
        "mean": 3.89949297905,
        "median": 3.09085083008,
        "min": -0.46867582202,
        "stdev": 3.20451784134,
        "var": 10.2689342499
    },
    "melbands_spread": {
        "dmean": 9.39957046509,
        "dmean2": 15.5717220306,
        "dvar": 262.002716064,
        "dvar2": 662.305847168,
        "max": 166.702285767,
        "mean": 16.4698143005,
        "median": 11.4548597336,
        "min": 0.308819204569,
        "stdev": 18.2635498047,
        "var": 333.557281494
    },
    "pitch_salience": {
        "dmean": 0.0859139636159,
        "dmean2": 0.139575958252,
        "dvar": 0.00740566942841,
        "dvar2": 0.0183342602104,
        "max": 0.941798329353,
        "mean": 0.483373522758,
        "median": 0.518602669239,
        "min": 0.0877421051264,
        "stdev": 0.175514131784,
        "var": 0.0308052115142
    },
    "silence_rate_20dB": {
        "dmean": 0.0154798757285,
        "dmean2": 0.0309837330133,
        "dvar": 0.0152403311804,
        "dvar2": 0.0377698875964,
        "max": 1,
        "mean": 0.987625658512,
        "median": 1,
        "min": 0,
        "stdev": 0.110550113022,
        "var": 0.0122213279828
    },
    "silence_rate_30dB": {
        "dmean": 0.0201238393784,
        "dmean2": 0.0402788519859,
        "dvar": 0.019718779251,
        "dvar2": 0.038656335324,
        "max": 1,
        "mean": 0.787316322327,
        "median": 1,
        "min": 0,
        "stdev": 0.409204035997,
        "var": 0.167447954416
    },
    "silence_rate_60dB": {
        "dmean": 0.0255417954177,
        "dmean2": 0.0511231608689,
        "dvar": 0.0248893760145,
        "dvar2": 0.0609030164778,
        "max": 1,
        "mean": 0.0224284604192,
        "median": 0,
        "min": 0,
        "stdev": 0.148072585464,
        "var": 0.0219254884869
    },
    "spectral_centroid": {
        "dmean": 395.745178223,
        "dmean2": 618.052429199,
        "dvar": 261760.5625,
        "dvar2": 487773,
        "max": 11284.8652344,
        "mean": 1056.52307129,
        "median": 909.759277344,
        "min": 182.232040405,
        "stdev": 655.496643066,
        "var": 429675.84375
    },
    "spectral_complexity": {
        "dmean": 4.03792572021,
        "dmean2": 5.88458538055,
        "dvar": 25.6803646088,
        "dvar2": 52.2368431091,
        "max": 62,
        "mean": 13.0425367355,
        "median": 12,
        "min": 0,
        "stdev": 7.06026744843,
        "var": 49.8473739624
    },
    "spectral_decrease": {
        "dmean": 4.99694996492e-09,
        "dmean2": 7.97130983443e-09,
        "dvar": 1.36815607142e-16,
        "dvar2": 3.64207570768e-16,
        "max": -2.54007650358e-29,
        "mean": -1.54427031163e-08,
        "median": -5.27946664164e-09,
        "min": -1.15183020455e-07,
        "stdev": 2.17090381227e-08,
        "var": 4.71282355589e-16
    },
    "spectral_energy": {
        "dmean": 0.0195760857314,
        "dmean2": 0.0311474911869,
        "dvar": 0.00197460176423,
        "dvar2": 0.00523027824238,
        "max": 0.438468396664,
        "mean": 0.0601001754403,
        "median": 0.021978829056,
        "min": 1.05968953129e-20,
        "stdev": 0.0825999453664,
        "var": 0.006822750438
    },
    "spectral_energyband_high": {
        "dmean": 0.00112022901885,
        "dmean2": 0.0019547152333,
        "dvar": 3.96251789425e-06,
        "dvar2": 1.05294229797e-05,
        "max": 0.0134047809988,
        "mean": 0.00101843592711,
        "median": 0.000278774794424,
        "min": 7.6541219278e-21,
        "stdev": 0.00185806467198,
        "var": 3.4524041439e-06
    },
    "spectral_energyband_low": {
        "dmean": 0.0130974752828,
        "dmean2": 0.0214490648359,
        "dvar": 0.00207565026358,
        "dvar2": 0.00579143920913,
        "max": 0.416130065918,
        "mean": 0.0405147820711,
        "median": 0.00263958144933,
        "min": 4.25119066644e-23,
        "stdev": 0.0759744495153,
        "var": 0.00577211705968
    },
    "spectral_energyband_middle_high": {
        "dmean": 0.00245962338522,
        "dmean2": 0.00369499553926,
        "dvar": 3.56572454621e-05,
        "dvar2": 8.86214256752e-05,
        "max": 0.0594172254205,
        "mean": 0.003758383682,
        "median": 0.00181535049342,
        "min": 1.55312641484e-21,
        "stdev": 0.00621210504323,
        "var": 3.859024946e-05
    },
    "spectral_energyband_middle_low": {
        "dmean": 0.00737540051341,
        "dmean2": 0.0117259984836,
        "dvar": 0.00026109375176,
        "dvar2": 0.000740483461414,
        "max": 0.212570682168,
        "mean": 0.013483138755,
        "median": 0.010322467424,
        "min": 2.9270404947e-22,
        "stdev": 0.014874891378,
        "var": 0.000221262394916
    },
    "spectral_entropy": {
        "dmean": 0.364384561777,
        "dmean2": 0.54751175642,
        "dvar": 0.122852280736,
        "dvar2": 0.261756420135,
        "max": 9.79974365234,
        "mean": 7.40323877335,
        "median": 7.39395046234,
        "min": 5.93734073639,
        "stdev": 0.535350680351,
        "var": 0.286600351334
    },
    "spectral_flux": {
        "dmean": 0.0403428450227,
        "dmean2": 0.061486531049,
        "dvar": 0.00288371625356,
        "dvar2": 0.0054993708618,
        "max": 0.630305945873,
        "mean": 0.103360369802,
        "median": 0.0854857414961,
        "min": 1.02941224989e-10,
        "stdev": 0.0833641812205,
        "var": 0.00694958632812
    },
    "spectral_kurtosis": {
        "dmean": 2.58571910858,
        "dmean2": 4.0464425087,
        "dvar": 8.51855278015,
        "dvar2": 18.9550304413,
        "max": 25.859375,
        "mean": 4.76625919342,
        "median": 4.2116932869,
        "min": -1.20724415779,
        "stdev": 4.01871061325,
        "var": 16.1500358582
    },
    "spectral_rms": {
        "dmean": 0.00115488120355,
        "dmean2": 0.00171510537621,
        "dvar": 2.80263202512e-06,
        "dvar2": 6.39247127765e-06,
        "max": 0.0206826981157,
        "mean": 0.00631378637627,
        "median": 0.00463063269854,
        "min": 3.21534357299e-12,
        "stdev": 0.00433249026537,
        "var": 1.87704717973e-05
    },
    "spectral_rolloff": {
        "dmean": 897.02923584,
        "dmean2": 1570.34082031,
        "dvar": 3435792.75,
        "dvar2": 8311954,
        "max": 18561.6210938,
        "mean": 1298.64038086,
        "median": 624.462890625,
        "min": 43.06640625,
        "stdev": 1971.62585449,
        "var": 3887308.75
    },
    "spectral_skewness": {
        "dmean": 0.465195924044,
        "dmean2": 0.708322227001,
        "dvar": 0.205880433321,
        "dvar2": 0.420882940292,
        "max": 3.99250531197,
        "mean": 1.72682774067,
        "median": 1.73282396793,
        "min": -0.0266982875764,
        "stdev": 0.692320346832,
        "var": 0.479307442904
    },
    "spectral_spread": {
        "dmean": 1303239.625,
        "dmean2": 1952807.625,
        "dvar": 2.38087726694e+12,
        "dvar2": 4.29106947686e+12,
        "max": 41461424,
        "mean": 5735693.5,
        "median": 5065822,
        "min": 2042301.5,
        "stdev": 2405474.25,
        "var": 5.78630660915e+12
    },
    "spectral_strongpeak": {
        "dmean": 0.425478875637,
        "dmean2": 0.689068734646,
        "dvar": 0.283019393682,
        "dvar2": 0.65504950285,
        "max": 6.24889707565,
        "mean": 0.798580288887,
        "median": 0.574401915073,
        "min": 0,
        "stdev": 0.748051524162,
        "var": 0.559581041336
    },
    "zerocrossingrate": {
        "dmean": 0.0169484987855,
        "dmean2": 0.0208678767085,
        "dvar": 0.000592419528402,
        "dvar2": 0.000751241052058,
        "max": 0.5068359375,
        "mean": 0.0520874857903,
        "median": 0.04248046875,
        "min": 0.0009765625,
        "stdev": 0.0432039052248,
        "var": 0.00186657754239
    },
    "barkbands": {
        "dmean": [0.00404641171917, 0.011178098619, 0.00259538763203, 0.0018845963059, 0.00294198445044, 0.00116462248843, 0.00240798015147, 0.00110908248462, 0.000612713804003, 0.00031814959948, 0.000464737095172, 0.00069647032069, 0.000580368738156, 0.000454462540802, 0.000289999210509, 0.000125046426547, 0.00011983015429, 0.00013463992218, 0.000137223876663, 0.000147405444295, 0.000107026957266, 0.000175684370333, 0.000487813580548, 0.000241991423536, 8.36994950077e-05, 2.73996247415e-05, 1.82183305242e-06],
        "dmean2": [0.00609462801367, 0.0185226481408, 0.00473040528595, 0.00326999556273, 0.0048645650968, 0.00197407533415, 0.00385563238524, 0.00167013157625, 0.000910925446078, 0.000510162499268, 0.000711423985194, 0.00108775508124, 0.000941944075748, 0.000712033943273, 0.000490479345899, 0.000208945115446, 0.000186687509995, 0.000221423470066, 0.000213344479562, 0.000228688688367, 0.000175278066308, 0.000305718975142, 0.000897451653145, 0.000430881016655, 0.000138772258651, 4.55531335319e-05, 3.14971384796e-06],
        "dvar": [0.0001249343768, 0.00177661713678, 0.000206181342946, 5.43939568161e-05, 4.63469004899e-05, 6.17190198682e-06, 1.66422451002e-05, 6.4970722633e-06, 1.45418789543e-06, 5.00752776134e-07, 1.08361132334e-06, 2.21631967179e-06, 2.08197684515e-06, 2.0007985313e-06, 2.17236902245e-06, 4.10404993545e-07, 6.03235861263e-08, 1.09441145923e-07, 4.16499759126e-08, 7.27989899474e-08, 9.04587125206e-08, 2.37658909441e-07, 1.0008557183e-06, 2.20440654175e-07, 1.53754768917e-08, 1.38677691552e-09, 1.40982512123e-11],
        "dvar2": [0.000277306389762, 0.00499786622822, 0.000592321623117, 0.000162054158864, 0.00012694815814, 1.64882076206e-05, 3.69355620933e-05, 1.41014006658e-05, 2.98198801829e-06, 1.15669251954e-06, 2.24477685151e-06, 5.34204582436e-06, 4.90203638037e-06, 4.92550361741e-06, 5.75588455831e-06, 1.00634588307e-06, 1.42446239693e-07, 2.78531842923e-07, 9.03250025885e-08, 1.68882110074e-07, 2.31152696983e-07, 6.54967720948e-07, 2.76934542853e-06, 6.026302799e-07, 3.81985536535e-08, 3.53027407307e-09, 3.90027905806e-11],
        "max": [0.183809265494, 0.411292374134, 0.176604837179, 0.0966325178742, 0.0860841944814, 0.0329670533538, 0.04103859514, 0.0417660959065, 0.0151332272217, 0.00879737082869, 0.0162553470582, 0.016317974776, 0.0146156270057, 0.0129506113008, 0.0166338905692, 0.00751611497253, 0.00249109021388, 0.0029603256844, 0.00270023220219, 0.00364285171963, 0.00568151008338, 0.00512631749734, 0.0051349052228, 0.0035349666141, 0.000930248468649, 0.000275301455986, 3.68028813682e-05],
        "mean": [0.0141092417762, 0.0256195161492, 0.00218966696411, 0.0020876142662, 0.00405080150813, 0.00167113495991, 0.00304192025214, 0.00152779195923, 0.000925778353121, 0.000445441459306, 0.000616288045421, 0.00081567838788, 0.000613637734205, 0.00045873329509, 0.000230369972996, 0.000109814332973, 0.000134968257044, 0.000136492366437, 0.000178915142897, 0.000184289179742, 0.000113447989861, 0.000166275363881, 0.000339634745615, 0.000197046203539, 9.85253136605e-05, 3.5426368413e-05, 1.71111275904e-06],
        "median": [2.16232365347e-06, 1.38283394335e-05, 0.000651512295008, 0.00089839217253, 0.00177584704943, 0.00108442921191, 0.0011844036635, 0.000368436391, 0.000320048653521, 0.000170012557646, 0.000160190451425, 0.000194337131688, 9.10377420951e-05, 5.43742607988e-05, 3.1539646443e-05, 1.91507406271e-05, 3.89108317904e-05, 4.70487138955e-05, 8.54279132909e-05, 6.6732209234e-05, 1.70060156961e-05, 3.30430884787e-05, 3.69512817997e-05, 3.10503673973e-05, 4.17967930844e-05, 1.81876621355e-05, 4.23211105272e-07],
        "min": [5.98078934261e-23, 2.13482737239e-23, 8.17569446828e-24, 9.73559985518e-24, 4.83900342799e-23, 6.37295797323e-23, 5.00483208769e-23, 3.84209024089e-23, 5.33432666602e-23, 1.01539506215e-22, 6.43016679717e-23, 8.58271892747e-23, 5.08444298361e-23, 2.32771850498e-22, 9.67767237896e-23, 1.45976097804e-22, 1.5518446484e-22, 2.11634366719e-22, 2.37858072205e-22, 3.88961538701e-22, 3.4327846484e-22, 4.68555862233e-22, 7.3857590714e-22, 8.2959222976e-22, 1.50452894801e-21, 1.59946205968e-21, 2.15478570476e-21],
        "stdev": [0.0341998413205, 0.0569798462093, 0.0109702330083, 0.00560132553801, 0.0068521364592, 0.00236992537975, 0.00481269741431, 0.00285323662683, 0.00161498365924, 0.000804123294074, 0.00135780277196, 0.00156756315846, 0.00159235671163, 0.00150149664842, 0.00122300582007, 0.000566587958019, 0.000276331644272, 0.000301748485072, 0.000248190801358, 0.000336477009114, 0.00034288468305, 0.000455736211734, 0.000805218878668, 0.000411761808209, 0.000140087737236, 4.39547075075e-05, 3.59411592399e-06],
        "var": [0.00116962916218, 0.00324670271948, 0.000120346005133, 3.1374846003e-05, 4.69517726742e-05, 5.61654587727e-06, 2.31620579143e-05, 8.14095983515e-06, 2.60817228082e-06, 6.46614239486e-07, 1.84362852451e-06, 2.45725436798e-06, 2.53559983321e-06, 2.25449230129e-06, 1.49574327679e-06, 3.21021929039e-07, 7.63591856412e-08, 9.10521436026e-08, 6.15986692765e-08, 1.13216771069e-07, 1.17569896929e-07, 2.07695492804e-07, 6.48377408652e-07, 1.69547789142e-07, 1.96245721895e-08, 1.9320163247e-09, 1.29176686708e-11]
    },
    "erbbands": {
        "dmean": [0.481001824141, 2.10136151314, 2.96325922012, 4.93838262558, 6.13165330887, 11.9795656204, 10.939499855, 10.0948600769, 30.0621013641, 29.0792503357, 25.0664348602, 12.7924671173, 9.83832263947, 14.4685382843, 20.2647037506, 26.2572383881, 26.7176742554, 23.3962688446, 16.694486618, 11.2230043411, 5.43841362, 6.68803215027, 7.35511112213, 5.58652877808, 8.60652256012, 5.90979290009, 5.14630746841, 4.18394041061, 6.01265001297, 9.08491039276, 13.8929109573, 7.55125570297, 2.91791701317, 1.28187787533, 0.466260880232, 0.153967037797, 0.0466102175415, 0.00779103115201, 0.000203035029699, 2.74044414255e-05],
        "dmean2": [0.788290381432, 3.43961000443, 5.35320520401, 8.70090103149, 10.6580657959, 19.6304988861, 17.4768943787, 17.0774517059, 48.2575912476, 45.2118110657, 36.2758903503, 19.1873226166, 15.639213562, 20.9581718445, 31.5080089569, 40.2741012573, 41.51171875, 35.4319839478, 28.3345794678, 18.3866405487, 8.9595785141, 10.2363653183, 11.9008512497, 9.12832736969, 13.0406417847, 9.14360809326, 8.3968372345, 6.87430095673, 10.392791748, 16.2765369415, 25.5330867767, 13.7651844025, 5.071393013, 2.14098477364, 0.772525727749, 0.254821568727, 0.0785557180643, 0.0133102554828, 0.000342585670296, 4.40694020654e-05],
        "dvar": [3.4230632782, 78.5369949341, 272.731567383, 451.463226318, 526.732421875, 678.59979248, 427.93963623, 501.660858154, 2910.70947266, 2862.23339844, 2375.82324219, 655.374389648, 497.336791992, 1366.01184082, 1978.36706543, 3001.41845703, 4133.27539062, 4165.78857422, 5458.91210938, 3210.02783203, 637.040710449, 180.702194214, 236.135818481, 202.245040894, 158.826751709, 108.986839294, 245.478515625, 121.249977112, 287.046539307, 305.154205322, 814.383728027, 234.613601685, 27.5111656189, 4.08706474304, 0.419242501259, 0.0418127961457, 0.00448035215959, 0.000172528452822, 1.13718556349e-07, 2.45869413718e-09],
        "dvar2": [9.57702922821, 212.274078369, 755.647277832, 1329.48706055, 1579.85498047, 1736.06176758, 1104.04797363, 1304.87731934, 6517.86376953, 6576.87597656, 4953.73388672, 1464.98535156, 1239.30761719, 2713.42626953, 4671.50878906, 6982.58007812, 9890.96582031, 9530.50292969, 14484.5234375, 7541.56689453, 1575.95202637, 419.815216064, 586.144714355, 531.854064941, 333.579071045, 262.179779053, 636.414001465, 306.918029785, 790.50189209, 825.187927246, 2251.58056641, 649.428466797, 72.7317276001, 10.4087438583, 1.0397503376, 0.102060519159, 0.0117104938254, 0.000465142424218, 3.03259668044e-07, 6.26503116052e-09],
        "max": [19.8763561249, 98.4341201782, 213.481292725, 268.151794434, 316.762176514, 272.084991455, 250.044799805, 326.727081299, 495.754821777, 669.333740234, 561.508666992, 312.532897949, 321.322357178, 585.862304688, 389.286224365, 703.481750488, 680.703918457, 641.87109375, 672.655334473, 649.573059082, 298.83895874, 147.78755188, 125.716514587, 157.05267334, 169.999649048, 137.271759033, 317.187072754, 139.965545654, 173.648529053, 104.760765076, 150.319854736, 99.2214660645, 41.0386962891, 16.7808361053, 4.32427310944, 1.44522082806, 0.542458295822, 0.120679959655, 0.00316267996095, 0.000487565208459],
        "mean": [1.28353822231, 3.74562501907, 3.18027853966, 5.58563327789, 7.66875219345, 15.4787530899, 15.4742116928, 14.5174198151, 38.0631713867, 38.2751998901, 36.6233062744, 19.405374527, 14.3816347122, 20.4494876862, 26.2385082245, 32.7726860046, 30.0854682922, 26.3326148987, 14.8026857376, 10.1550445557, 5.2172164917, 7.8184876442, 8.14840221405, 6.30019950867, 12.0027751923, 7.48629188538, 5.5021147728, 4.3643784523, 5.76648330688, 7.27193450928, 9.64301109314, 5.59200334549, 2.59390664101, 1.36840701103, 0.574020087719, 0.201066702604, 0.0566909052432, 0.00863796658814, 0.000251807534369, 7.60544789955e-05],
        "median": [0.000412277760915, 0.0159000623971, 0.58788228035, 2.70365786552, 2.88046216965, 5.20871639252, 8.75290298462, 8.31647872925, 17.0627670288, 16.2755832672, 10.0963172913, 7.01657485962, 6.29233264923, 5.83539533615, 5.71734762192, 9.45566940308, 6.26614046097, 3.7405166626, 1.95444107056, 1.52776765823, 1.30240345001, 2.43488955498, 3.10621070862, 2.79839539528, 5.79241037369, 3.0240111351, 0.96007168293, 0.709778547287, 1.24234080315, 1.10950219631, 1.0466029644, 0.668196618557, 0.514401733875, 0.487404495478, 0.280487418175, 0.100436061621, 0.0279442220926, 0.00341150839813, 0.000124345751829, 3.47454442817e-05],
        "min": [9.02623180073e-22, 3.64047034346e-21, 7.13295613663e-21, 2.07840841911e-20, 7.03861877271e-20, 1.61211219984e-19, 2.76672010865e-19, 6.84690066644e-19, 6.01909398156e-19, 8.93805461401e-19, 9.60525746212e-19, 1.60529349155e-18, 2.19219261182e-18, 3.02180306742e-18, 3.88548116335e-18, 2.21245874362e-18, 2.58491770074e-18, 1.11076625068e-17, 6.71510680663e-18, 5.79321897702e-18, 9.7423645098e-18, 8.9951631635e-18, 1.21937283172e-17, 1.08342098312e-17, 1.37290822404e-17, 1.57254346723e-17, 1.30639487914e-17, 1.39001531172e-17, 1.65069896566e-17, 2.04244128129e-17, 2.18289969259e-17, 1.70790396441e-17, 1.3587585552e-17, 1.63638410885e-17, 1.06568267391e-17, 5.4008268283e-18, 3.62602893319e-18, 1.21992493342e-18, 3.0548873451e-19, 3.05732610619e-20],
        "stdev": [2.67736363411, 11.0435380936, 13.8035068512, 16.1064567566, 18.2731685638, 29.5035457611, 22.0620708466, 22.0574512482, 60.5513572693, 63.36769104, 61.8928756714, 31.9070854187, 24.5396137238, 47.3219070435, 55.6607246399, 59.0230560303, 71.1075210571, 76.908782959, 62.7590637207, 51.8087921143, 22.3156394958, 15.3441162109, 14.9818487167, 12.7311143875, 16.5393295288, 12.6372852325, 18.0261650085, 12.1736326218, 15.8807277679, 15.2884206772, 23.0617523193, 12.7127428055, 4.96787309647, 2.15988397598, 0.757047653198, 0.25340166688, 0.0732777640224, 0.0133033776656, 0.000360161589924, 9.27332730498e-05],
        "var": [7.16827630997, 121.959724426, 190.53678894, 259.417938232, 333.908721924, 870.459228516, 486.734954834, 486.531188965, 3666.46704102, 4015.46411133, 3830.72827148, 1018.06207275, 602.192687988, 2239.36303711, 3098.11645508, 3483.72119141, 5056.27929688, 5914.9609375, 3938.69995117, 2684.15112305, 497.987731934, 235.441894531, 224.455795288, 162.081283569, 273.549407959, 159.700973511, 324.942626953, 148.197341919, 252.197525024, 233.735794067, 531.844421387, 161.613830566, 24.6797637939, 4.66509866714, 0.573121190071, 0.0642124041915, 0.00536963017657, 0.000176979869138, 1.29716369202e-07, 8.59945981091e-09]
    },
    "gfcc": {
        "mean": [-14.0795917511, 82.7755279541, -94.6765975952, 17.1063194275, -74.9719848633, 8.3484916687, -44.2359962463, 6.54010343552, -35.0039291382, 2.28250551224, -9.34085178375, -1.22859823704, -22.2253055573],
        "cov": [[5516.73583984, -744.90020752, 34.0188751221, 507.175689697, -79.8022079468, 529.963012695, 134.930328369, 322.931213379, 221.815155029, 182.996932983, 88.594581604, 245.001144409, -117.136734009], [-744.90020752, 1497.16259766, 114.320068359, -55.8173370361, 502.314300537, -108.575775146, 330.729675293, 79.3817977905, 106.833648682, 0.479784190655, 202.215789795, 2.52592110634, 188.823608398], [34.0188751221, 114.320068359, 1119.38818359, 494.754394531, 237.996520996, 373.069580078, 217.714370728, 170.980194092, 239.138931274, 118.699028015, 189.012863159, 160.578948975, 190.829360962], [507.175689697, -55.8173370361, 494.754394531, 766.13470459, 221.894424438, 259.989318848, 127.324195862, 32.6475982666, 226.087799072, 137.827957153, 173.010238647, 69.9891357422, 226.979507446], [-79.8022079468, 502.314300537, 237.996520996, 221.894424438, 619.050231934, 195.725418091, 200.986297607, 136.829498291, 196.835617065, 149.707931519, 200.213867188, 71.4593505859, 174.824050903], [529.963012695, -108.575775146, 373.069580078, 259.989318848, 195.725418091, 432.820617676, 185.074752808, 132.62612915, 204.781494141, 102.458183289, 116.160140991, 119.013366699, 89.4273529053], [134.930328369, 330.729675293, 217.714370728, 127.324195862, 200.986297607, 185.074752808, 420.942047119, 157.837768555, 165.990737915, 55.2728614807, 122.576164246, 134.455780029, 68.6117553711], [322.931213379, 79.3817977905, 170.980194092, 32.6475982666, 136.829498291, 132.62612915, 157.837768555, 243.218704224, 113.865226746, 71.7859191895, 104.271080017, 77.1207504272, -10.7982616425], [221.815155029, 106.833648682, 239.138931274, 226.087799072, 196.835617065, 204.781494141, 165.990737915, 113.865226746, 284.715667725, 118.020774841, 116.914894104, 91.9226989746, 93.8314590454], [182.996932983, 0.479784190655, 118.699028015, 137.827957153, 149.707931519, 102.458183289, 55.2728614807, 71.7859191895, 118.020774841, 194.817108154, 108.060928345, 40.6993904114, 65.4172515869], [88.594581604, 202.215789795, 189.012863159, 173.010238647, 200.213867188, 116.160140991, 122.576164246, 104.271080017, 116.914894104, 108.060928345, 209.883224487, 70.8759155273, 90.4117355347], [245.001144409, 2.52592110634, 160.578948975, 69.9891357422, 71.4593505859, 119.013366699, 134.455780029, 77.1207504272, 91.9226989746, 40.6993904114, 70.8759155273, 167.803787231, 33.1050376892], [-117.136734009, 188.823608398, 190.829360962, 226.979507446, 174.824050903, 89.4273529053, 68.6117553711, -10.7982616425, 93.8314590454, 65.4172515869, 90.4117355347, 33.1050376892, 230.961975098]],
        "icov": [[0.000303374807118, -0.00013153385953, 0.000300171173876, -0.000458528549643, 0.000253617065027, -0.000496922584716, 0.000258426327491, -0.000532392412424, 0.000208017998375, -0.00024399610993, 0.000300660583889, -0.000496016000398, 0.000300779240206], [-0.00013153385953, 0.00226436904632, -0.00060625578044, 0.00131253118161, -0.0016570930602, 0.00211658538319, -0.00192661699839, 0.000905454624444, -0.000910580332857, 0.00162299198564, -0.00194905232638, 0.001693236758, -0.00122696871404], [0.000300171173876, -0.00060625578044, 0.00203670444898, -0.00137759500649, 0.000706659862772, -0.00159299990628, 0.000763556454331, -0.0014452583855, 0.000492006714921, -0.000251731544267, 0.000577294384129, -0.00136419117916, -5.26061157871e-05], [-0.000458528549643, 0.00131253118161, -0.00137759500649, 0.00396314635873, -0.000933424511459, 0.00114513246808, -0.00129264360294, 0.00217967992648, -0.00174064491875, 0.000816866348032, -0.00238920375705, 0.00213447702117, -0.00220801890828], [0.000253617065027, -0.0016570930602, 0.000706659862772, -0.000933424511459, 0.00426999060437, -0.00208653579466, 0.0010016139131, -0.00150653580204, 0.000238100808929, -0.00181285431609, 0.000131977285491, -0.000727614795323, -0.000505993142724], [-0.000496922584716, 0.00211658538319, -0.00159299990628, 0.00114513246808, -0.00208653579466, 0.0070266155526, -0.00233643548563, 0.000781487673521, -0.00245971861295, 0.00137348135468, -0.00143240869511, 0.00100972363725, -0.00117603677791], [0.000258426327491, -0.00192661699839, 0.000763556454331, -0.00129264360294, 0.0010016139131, -0.00233643548563, 0.00602259999141, -0.00255563342944, -0.000119121643365, -0.000240972280153, 0.00129355525132, -0.00352092646062, 0.000698483083397], [-0.000532392412424, 0.000905454624444, -0.0014452583855, 0.00217967992648, -0.00150653580204, 0.000781487673521, -0.00255563342944, 0.00945579633117, -0.00182225857861, -8.07043670648e-06, -0.00360042252578, 0.00113949517254, 0.00206950376742], [0.000208017998375, -0.000910580332857, 0.000492006714921, -0.00174064491875, 0.000238100808929, -0.00245971861295, -0.000119121643365, -0.00182225857861, 0.00827190373093, -0.00283267907798, 0.00135233975016, -0.00188589992467, 5.91005664319e-05], [-0.00024399610993, 0.00162299198564, -0.000251731544267, 0.000816866348032, -0.00181285431609, 0.00137348135468, -0.000240972280153, -8.07043670648e-06, -0.00283267907798, 0.00987597834319, -0.00420421222225, 0.00142286985647, -0.00133841577917], [0.000300660583889, -0.00194905232638, 0.000577294384129, -0.00238920375705, 0.000131977285491, -0.00143240869511, 0.00129355525132, -0.00360042252578, 0.00135233975016, -0.00420421222225, 0.0122453868389, -0.00324780493975, -0.000167554215295], [-0.000496016000398, 0.001693236758, -0.00136419117916, 0.00213447702117, -0.000727614795323, 0.00100972363725, -0.00352092646062, 0.00113949517254, -0.00188589992467, 0.00142286985647, -0.00324780493975, 0.0112867569551, -0.00133062049281], [0.000300779240206, -0.00122696871404, -5.26061157871e-05, -0.00220801890828, -0.000505993142724, -0.00117603677791, 0.000698483083397, 0.00206950376742, 5.91005664319e-05, -0.00133841577917, -0.000167554215295, -0.00133062049281, 0.00903780106455]]
    },
    "melbands": {
        "dmean": [0.00356242572889, 0.00174656242598, 0.00083769048797, 0.00060024112463, 0.000447239901405, 0.000240624067374, 0.000479921203805, 0.000299892795738, 0.000204616357223, 7.35065696063e-05, 4.84833435621e-05, 5.54739890504e-05, 6.14458404016e-05, 7.38941889722e-05, 6.79627191857e-05, 5.92045289523e-05, 4.3383515731e-05, 2.92274435196e-05, 2.22666130867e-05, 1.07246187326e-05, 5.40210612598e-06, 6.2279436861e-06, 9.51461970544e-06, 5.09929259351e-06, 4.54033579445e-06, 5.70062866245e-06, 6.99911606716e-06, 3.43295346283e-06, 3.43523061019e-06, 2.67193536274e-06, 2.58597765423e-06, 3.34022183779e-06, 3.54012945536e-06, 6.40801181362e-06, 8.84529072209e-06, 6.97200994182e-06, 3.75487275051e-06, 2.2501778858e-06, 1.32222089633e-06, 1.03033380583e-06],
        "dmean2": [0.00582133233547, 0.00287579419091, 0.00146943249274, 0.000991010922007, 0.000723486475181, 0.000406908249715, 0.000763920717873, 0.000463569100248, 0.000295047531836, 0.000112374524178, 7.82846327638e-05, 8.08791446616e-05, 9.60209508776e-05, 0.000116038507258, 0.000107324660348, 9.31429676712e-05, 6.59424767946e-05, 4.97118853673e-05, 3.69341723854e-05, 1.8001317585e-05, 8.99705264601e-06, 9.56537132879e-06, 1.52721131599e-05, 8.47372211865e-06, 7.47609783502e-06, 8.76293688634e-06, 1.07219102574e-05, 5.45079137737e-06, 5.67937922824e-06, 4.28918065154e-06, 4.40067651652e-06, 5.78455046707e-06, 6.15325052422e-06, 1.16327828437e-05, 1.62339947565e-05, 1.28973779283e-05, 6.7841820055e-06, 3.92517449654e-06, 2.22665607907e-06, 1.72613033556e-06],
        "dvar": [0.000171913765371, 6.81164456182e-05, 1.33968478622e-05, 2.6105356028e-06, 6.68311542995e-07, 2.74510995268e-07, 6.66499772706e-07, 3.20861914815e-07, 1.51193503939e-07, 2.24544294269e-08, 1.26289618763e-08, 1.99230534292e-08, 1.70664318233e-08, 2.68533852932e-08, 2.18335536317e-08, 2.50146232617e-08, 1.52141694798e-08, 1.56974309107e-08, 1.36864422018e-08, 2.86676438144e-09, 5.61509394537e-10, 1.78034392784e-10, 3.19859139175e-10, 2.01901703689e-10, 1.44600928453e-10, 8.0644754763e-11, 1.3148920841e-10, 4.965972078e-11, 1.12037996935e-10, 7.5119070686e-11, 5.81103186403e-11, 1.04396588596e-10, 7.72569716534e-11, 1.60494076362e-10, 3.35455385692e-10, 2.11210715584e-10, 5.78755550429e-11, 1.66990709455e-11, 4.69046849971e-12, 2.62631973461e-12],
        "dvar2": [0.000485289579956, 0.000181213952601, 3.96354225813e-05, 7.33787055651e-06, 1.70030341451e-06, 7.09766652562e-07, 1.48996207372e-06, 7.29956468604e-07, 3.05684665136e-07, 5.139101944e-08, 3.16372741338e-08, 3.97706436672e-08, 3.91818986145e-08, 6.70019915106e-08, 5.13638305222e-08, 6.01874248218e-08, 3.47905988463e-08, 4.20184775862e-08, 3.59022038765e-08, 6.46366338231e-09, 1.44096257149e-09, 4.08318073797e-10, 7.93136445409e-10, 5.26373111764e-10, 3.81699033492e-10, 1.65321298318e-10, 3.04884978375e-10, 1.19536935905e-10, 2.81006024005e-10, 1.950761358e-10, 1.56088975078e-10, 2.88282148153e-10, 2.12505152364e-10, 4.39216024661e-10, 9.2461893697e-10, 5.90559934288e-10, 1.59200944094e-10, 4.40236250232e-11, 1.20886920266e-11, 6.66678301106e-12],
        "max": [0.125979706645, 0.0994568318129, 0.0453893952072, 0.0215929970145, 0.00781441107392, 0.00789332576096, 0.00688061583787, 0.00833576451987, 0.00457012047991, 0.00179388618562, 0.00161885016132, 0.0021834212821, 0.0013736813562, 0.00150231085718, 0.00132895621937, 0.00183397205546, 0.00119815743528, 0.00108710839413, 0.00138023658656, 0.000605044362601, 0.000272200326435, 0.000189511934877, 0.000155517045641, 0.00013179416419, 0.000133502966492, 0.00013691445929, 0.000134427624289, 0.000111830886453, 0.000216230357182, 0.000160059571499, 7.94209772721e-05, 0.000107364699943, 9.33698975132e-05, 7.21545875422e-05, 0.000110049375508, 7.06530627212e-05, 5.81284766668e-05, 3.25711735059e-05, 1.46722668433e-05, 1.49232691911e-05],
        "mean": [0.0102184265852, 0.00267158006318, 0.000984899583273, 0.000789593497757, 0.00062715500826, 0.000338590412866, 0.00061472656671, 0.000390258705011, 0.000301122956444, 0.000110123924969, 6.72785099596e-05, 7.71334889578e-05, 8.06549796835e-05, 8.93929609447e-05, 7.51497354941e-05, 6.46954867989e-05, 4.62930802314e-05, 2.46130475716e-05, 1.75435143319e-05, 9.90680473478e-06, 5.06054766447e-06, 7.11907068762e-06, 1.03491993286e-05, 5.18748993272e-06, 4.76429022456e-06, 7.46672185414e-06, 9.34067429625e-06, 3.91918638343e-06, 3.55573638444e-06, 2.91554897558e-06, 2.49830804933e-06, 3.17982585329e-06, 3.29094973495e-06, 4.76481682199e-06, 6.09696417087e-06, 4.7272123993e-06, 2.92143431579e-06, 1.93130108528e-06, 1.30773207729e-06, 1.11265592295e-06],
        "median": [2.50691687143e-06, 0.000310994510073, 0.000507198856212, 0.000310281233396, 0.000315344339469, 0.000201530870982, 0.00027159077581, 0.000165669887792, 7.93556318968e-05, 3.89782544516e-05, 2.90289735858e-05, 2.24844716286e-05, 1.80932911462e-05, 1.99541809707e-05, 2.1096702767e-05, 8.13530641608e-06, 5.91410753259e-06, 2.76332480098e-06, 2.17059141505e-06, 1.73952275873e-06, 1.22685321458e-06, 2.03560239243e-06, 2.77798335446e-06, 1.86530337487e-06, 1.73437888407e-06, 3.29026715917e-06, 3.96191944674e-06, 1.32717048018e-06, 5.57793725875e-07, 3.77223386749e-07, 3.32351646648e-07, 6.13360839452e-07, 6.68750260502e-07, 5.97018754434e-07, 5.9911678818e-07, 4.87159809381e-07, 3.39570334518e-07, 3.37490661195e-07, 3.51088800699e-07, 4.04653917485e-07],
        "min": [7.97505085248e-24, 4.51727510638e-24, 5.53782800934e-24, 7.52767994452e-24, 9.89114744847e-24, 1.43797683658e-23, 1.01561976129e-23, 9.32668039432e-24, 7.81836256632e-24, 9.53940462602e-24, 1.13877854019e-23, 1.26702775963e-23, 1.18741615373e-23, 1.01516829619e-23, 2.92294580173e-24, 8.91047974731e-24, 2.20510004847e-23, 1.09146345196e-23, 7.4250160086e-24, 8.18180419599e-24, 1.1784572182e-23, 9.35027285742e-24, 8.35790398245e-24, 1.16948408318e-23, 8.16990659582e-24, 1.03220335301e-23, 1.16000355282e-23, 1.04592811281e-23, 8.96981076485e-24, 9.04828349226e-24, 7.35491861742e-24, 7.38691639346e-24, 1.22680618754e-23, 1.19513720873e-23, 1.25696844202e-23, 1.05845112191e-23, 1.07457883091e-23, 9.48562640039e-24, 8.85532338168e-24, 1.63206422939e-23],
        "stdev": [0.0203239079565, 0.00864915829152, 0.00277078594081, 0.00154113140889, 0.000912389892619, 0.000514024461154, 0.000942130456679, 0.00066132133361, 0.000521476264112, 0.000183766082046, 0.00012004916789, 0.00017969464534, 0.000167211372172, 0.00017456941714, 0.000151822168846, 0.000178422196768, 0.000143845929415, 0.000106170686195, 9.7976946563e-05, 5.01753420394e-05, 2.04305542866e-05, 1.52443153638e-05, 1.89382571989e-05, 1.24902699099e-05, 1.06685429273e-05, 1.12325469672e-05, 1.44039186125e-05, 8.32214300317e-06, 1.23664212879e-05, 9.92312288872e-06, 7.58615351515e-06, 9.60207853495e-06, 8.1314756244e-06, 1.05717736005e-05, 1.47852733789e-05, 1.16107912618e-05, 6.49147295917e-06, 3.84763961847e-06, 2.24792938752e-06, 1.75177922301e-06],
        "var": [0.000413061236031, 7.48079401092e-05, 7.67725487094e-06, 2.37508584178e-06, 8.32455327782e-07, 2.64221171165e-07, 8.87609758138e-07, 4.37345931914e-07, 2.71937494745e-07, 3.37699717079e-08, 1.44118024181e-08, 3.22901669847e-08, 2.79596452657e-08, 3.04744816049e-08, 2.30499708209e-08, 3.18344781647e-08, 2.06916528356e-08, 1.12722151613e-08, 9.59948209811e-09, 2.51756482328e-09, 4.17407552966e-10, 2.3238914959e-10, 3.58657575861e-10, 1.5600684633e-10, 1.13817802405e-10, 1.26170116022e-10, 2.07472872216e-10, 6.92580645612e-11, 1.52928364416e-10, 9.84683654059e-11, 5.75497254018e-11, 9.2199907431e-11, 6.61208934827e-11, 1.11762404886e-10, 2.18604315205e-10, 1.34810468344e-10, 4.21392191974e-11, 1.48043313719e-11, 5.05318703548e-12, 3.06873059949e-12]
    },
    "melbands128": {
