{
"lowlevel": {
    "average_loudness": 0.955809116364,
    "barkbands_crest": {
        "dmean": 3.08578276634,
        "dmean2": 4.45109415054,
        "dvar": 9.64163303375,
        "dvar2": 19.6300945282,
        "max": 26.2890796661,
        "mean": 12.8976173401,
        "median": 11.7647771835,
        "min": 2.64551877975,
        "stdev": 5.5203166008,
        "var": 30.4738941193
    },
    "barkbands_flatness_db": {
        "dmean": 0.0424001291394,
        "dmean2": 0.0583277978003,
        "dvar": 0.00172598659992,
        "dvar2": 0.00299457530491,
        "max": 0.492852240801,
        "mean": 0.19950504601,
        "median": 0.192284449935,
        "min": 0.0358127839863,
        "stdev": 0.0786530375481,
        "var": 0.00618629995733
    },
    "barkbands_kurtosis": {
        "dmean": 17.644367218,
        "dmean2": 27.6930580139,
        "dvar": 1785.98974609,
        "dvar2": 4322.90673828,
        "max": 479.182739258,
        "mean": 22.1045398712,
        "median": 7.95939350128,
        "min": -1.9295746088,
        "stdev": 47.0970802307,
        "var": 2218.13500977
    },
    "barkbands_skewness": {
        "dmean": 1.27355468273,
        "dmean2": 1.85344171524,
        "dvar": 2.62805485725,
        "dvar2": 5.42394065857,
        "max": 17.4863166809,
        "mean": 3.07691407204,
        "median": 2.4318125248,
        "min": -5.05163002014,
        "stdev": 2.66724705696,
        "var": 7.11420631409
    },
    "barkbands_spread": {
        "dmean": 8.74696540833,
        "dmean2": 13.3257770538,
        "dvar": 139.346740723,
        "dvar2": 297.770477295,
        "max": 116.421386719,
        "mean": 18.6493339539,
        "median": 13.6959676743,
        "min": 0.255206853151,
        "stdev": 16.6474723816,
        "var": 277.138305664
    },
    "dissonance": {
        "dmean": 0.0326702594757,
        "dmean2": 0.0520352721214,
        "dvar": 0.00126115500461,
        "dvar2": 0.00308342231438,
        "max": 0.499993771315,
        "mean": 0.433525532484,
        "median": 0.440815776587,
        "min": 0,
        "stdev": 0.0477969907224,
        "var": 0.00228455220349
    },
    "dynamic_complexity": 2.53827261925,
    "erbbands_crest": {
        "dmean": 3.1100332737,
        "dmean2": 4.84804725647,
        "dvar": 7.93774700165,
        "dvar2": 19.3040370941,
        "max": 28.3119888306,
        "mean": 10.2655363083,
        "median": 9.67159748077,
        "min": 2.51366662979,
        "stdev": 4.25620222092,
        "var": 18.1152591705
    },
    "erbbands_flatness_db": {
        "dmean": 0.0257270261645,
        "dmean2": 0.0373135395348,
        "dvar": 0.000673209491652,
        "dvar2": 0.00139031454455,
        "max": 0.330393821001,
        "mean": 0.158463597298,
        "median": 0.153858453035,
        "min": 0.0549895130098,
        "stdev": 0.0464129112661,
        "var": 0.00215415819548
    },
    "erbbands_kurtosis": {
        "dmean": 2.18748903275,
        "dmean2": 3.47955203056,
        "dvar": 11.9238328934,
        "dvar2": 25.3891811371,
        "max": 41.2556610107,
        "mean": 2.17934346199,
        "median": 0.817311525345,
        "min": -1.88132882118,
        "stdev": 4.40562200546,
        "var": 19.4095039368
    },
    "erbbands_skewness": {
        "dmean": 0.607955813408,
        "dmean2": 0.925108015537,
        "dvar": 0.420403599739,
        "dvar2": 0.836127579212,
        "max": 5.53821754456,
        "mean": 0.940291762352,
        "median": 0.905595719814,
        "min": -5.63186883926,
        "stdev": 1.09712016582,
        "var": 1.20367252827
    },
    "erbbands_spread": {
        "dmean": 16.7599201202,
        "dmean2": 25.9775009155,
        "dvar": 401.140563965,
        "dvar2": 816.593139648,
        "max": 224.437408447,
        "mean": 46.4739570618,
        "median": 38.0664100647,
        "min": 3.95709466934,
        "stdev": 30.7011413574,
        "var": 942.560058594
    },
    "hfc": {
        "dmean": 12.4473495483,
        "dmean2": 19.3764743805,
        "dvar": 369.69934082,
        "dvar2": 768.295593262,
        "max": 148.687835693,
        "mean": 22.3176231384,
        "median": 16.7256622314,
        "min": 1.14956783737e-16,
        "stdev": 22.211605072,
        "var": 493.355377197
    },
    "loudness_ebu128": {
        "integrated": -9.40276622772,
        "loudness_range": 1.57740592957,
        "momentary": {
            "dmean": 0.721184194088,
            "dmean2": 0.982821822166,
            "dvar": 0.610301852226,
            "dvar2": 0.960501968861,
            "max": -6.5504026413,
            "mean": -9.68992042542,
            "median": -9.25234413147,
            "min": -18.6419143677,
            "stdev": 1.74620771408,
            "var": 3.04924154282
        },
        "short_term": {
            "dmean": 0.081886716187,
            "dmean2": 0.107081018388,
            "dvar": 0.00761257437989,
            "dvar2": 0.0125925820321,
            "max": -8.38145828247,
            "mean": -9.46953392029,
            "median": -9.50454425812,
            "min": -10.9151115417,
            "stdev": 0.525762915611,
            "var": 0.276426643133
        }
    },
    "melbands_crest": {
        "dmean": 4.08077907562,
        "dmean2": 6.10138607025,
        "dvar": 17.2069377899,
        "dvar2": 35.8770904541,
        "max": 38.7679824829,
        "mean": 20.7945957184,
        "median": 20.4804611206,
        "min": 1.77307617664,
        "stdev": 8.38634204865,
        "var": 70.3307342529
    },
    "melbands_flatness_db": {
        "dmean": 0.0502772368491,
        "dmean2": 0.0667014420033,
        "dvar": 0.00248568458483,
        "dvar2": 0.00403734249994,
        "max": 0.644594013691,
        "mean": 0.263301193714,
        "median": 0.255810290575,
        "min": 0.00429775286466,
        "stdev": 0.107498884201,
        "var": 0.0115560106933
    },
    "melbands_kurtosis": {
        "dmean": 35.7615509033,
        "dmean2": 54.1417617798,
        "dvar": 8273.49023438,
        "dvar2": 16354.6289062,
        "max": 1499.35168457,
        "mean": 54.1441421509,
        "median": 19.4033412933,
        "min": -1.91052770615,
        "stdev": 129.026626587,
        "var": 16647.8691406
    },
    "melbands_skewness": {
        "dmean": 1.59192669392,
        "dmean2": 2.28656435013,
        "dvar": 4.9037270546,
        "dvar2": 9.08220100403,
        "max": 36.7461433411,
        "mean": 4.43129730225,
        "median": 3.39220237732,
        "min": -1.21904754639,
        "stdev": 3.95543193817,
        "var": 15.6454410553
    },
    "melbands_spread": {
        "dmean": 9.07176113129,
        "dmean2": 13.57122612,
        "dvar": 310.907928467,
        "dvar2": 586.127380371,
        "max": 287.279327393,
        "mean": 17.8898525238,
        "median": 10.4529924393,
        "min": 0.33884754777,
        "stdev": 24.8889369965,
        "var": 619.45916748
    },
    "pitch_salience": {
        "dmean": 0.0987339988351,
        "dmean2": 0.151891216636,
        "dvar": 0.0132627896965,
        "dvar2": 0.029906142503,
        "max": 0.863562881947,
        "mean": 0.455882489681,
        "median": 0.465268790722,
        "min": 0.0634269118309,
        "stdev": 0.185149922967,
        "var": 0.0342804938555
    },
    "silence_rate_20dB": {
        "dmean": 0,
        "dmean2": 0,
        "dvar": 0,
        "dvar2": 0,
        "max": 1,
        "mean": 1,
        "median": 1,
        "min": 1,
        "stdev": 0,
        "var": 0
    },
    "silence_rate_30dB": {
        "dmean": 0.0650154799223,
        "dmean2": 0.130131676793,
        "dvar": 0.0607881993055,
        "dvar2": 0.122494004667,
        "max": 1,
        "mean": 0.847641170025,
        "median": 1,
        "min": 0,
        "stdev": 0.359368741512,
        "var": 0.129145890474
    },
    "silence_rate_60dB": {
        "dmean": 0.0317337475717,
        "dmean2": 0.0635166540742,
        "dvar": 0.0307267550379,
        "dvar2": 0.0672288611531,
        "max": 1,
        "mean": 0.0525908730924,
        "median": 0,
        "min": 0,
        "stdev": 0.223215192556,
        "var": 0.0498250201344
    },
    "spectral_centroid": {
        "dmean": 400.31817627,
        "dmean2": 579.504699707,
        "dvar": 329231.96875,
        "dvar2": 561882,
        "max": 10710.8447266,
        "mean": 1174.59521484,
        "median": 917.095581055,
        "min": 127.66444397,
        "stdev": 854.429748535,
        "var": 730050.1875
    },
    "spectral_complexity": {
        "dmean": 4.39705896378,
        "dmean2": 6.32610368729,
        "dvar": 47.2578849792,
        "dvar2": 76.3111572266,
        "max": 60,
        "mean": 12.7370452881,
        "median": 10,
        "min": 0,
        "stdev": 9.93298149109,
        "var": 98.6641235352
    },
    "spectral_decrease": {
        "dmean": 4.64533744804e-09,
        "dmean2": 6.2561134051e-09,
        "dvar": 6.25394666681e-17,
        "dvar2": 9.92935629733e-17,
        "max": -6.98381619213e-29,
        "mean": -1.3784022812e-08,
        "median": -9.83321157833e-09,
        "min": -6.25288549827e-08,
        "stdev": 1.3946057642e-08,
        "var": 1.9449251574e-16
    },
    "spectral_energy": {
        "dmean": 0.0181524790823,
        "dmean2": 0.02452111803,
        "dvar": 0.000907592358999,
        "dvar2": 0.00144419609569,
        "max": 0.237977981567,
        "mean": 0.054048396647,
        "median": 0.0395682901144,
        "min": 1.0690508086e-20,
        "stdev": 0.0529497601092,
        "var": 0.00280367699452
    },
    "spectral_energyband_high": {
        "dmean": 0.0010040133493,
        "dmean2": 0.00161287304945,
        "dvar": 3.04318632516e-06,
        "dvar2": 6.87183683112e-06,
        "max": 0.0164835751057,
        "mean": 0.00125340151135,
        "median": 0.000538838328794,
        "min": 7.72584511082e-21,
        "stdev": 0.00187433639076,
        "var": 3.51313701685e-06
    },
    "spectral_energyband_low": {
        "dmean": 0.015349782072,
        "dmean2": 0.0207089297473,
        "dvar": 0.00107402470894,
        "dvar2": 0.00187187688425,
        "max": 0.235004216433,
        "mean": 0.0362220853567,
        "median": 0.016875160858,
        "min": 6.0914450706e-23,
        "stdev": 0.0525238662958,
        "var": 0.00275875651278
    },
    "spectral_energyband_middle_high": {
        "dmean": 0.00227724667639,
        "dmean2": 0.00324863940477,
        "dvar": 2.02638730116e-05,
        "dvar2": 3.550413021e-05,
        "max": 0.0443971715868,
        "mean": 0.00369269214571,
        "median": 0.00152644922491,
        "min": 1.80216806081e-21,
        "stdev": 0.00589699437842,
        "var": 3.47745408362e-05
    },
    "spectral_energyband_middle_low": {
        "dmean": 0.0074619287625,
        "dmean2": 0.0126856919378,
        "dvar": 0.000288758048555,
        "dvar2": 0.000819570501335,
        "max": 0.122911937535,
        "mean": 0.0129047613591,
        "median": 0.00908931717277,
        "min": 3.07197229213e-22,
        "stdev": 0.0150714917108,
        "var": 0.000227149866987
    },
    "spectral_entropy": {
        "dmean": 0.357966959476,
        "dmean2": 0.508490383625,
        "dvar": 0.136044755578,
        "dvar2": 0.254086613655,
        "max": 9.80548667908,
        "mean": 7.46107053757,
        "median": 7.50824403763,
        "min": 4.54274940491,
        "stdev": 0.637425482273,
        "var": 0.406311273575
    },
    "spectral_flux": {
        "dmean": 0.0454592965543,
        "dmean2": 0.0654934495687,
        "dvar": 0.00363779067993,
        "dvar2": 0.00539982831106,
        "max": 0.507651031017,
        "mean": 0.116772718728,
        "median": 0.0920061022043,
        "min": 1.03394910689e-10,
        "stdev": 0.0954384282231,
        "var": 0.00910849310458
    },
    "spectral_kurtosis": {
        "dmean": 2.033005476,
        "dmean2": 3.05941557884,
        "dvar": 14.3569135666,
        "dvar2": 35.129234314,
        "max": 46.7003555298,
        "mean": 3.59395885468,
        "median": 2.86474084854,
        "min": -1.65722727776,
        "stdev": 4.13035011292,
        "var": 17.0597934723
    },
    "spectral_rms": {
        "dmean": 0.00119668443222,
        "dmean2": 0.00158314127475,
        "dvar": 2.69228326033e-06,
        "dvar2": 4.19301022703e-06,
        "max": 0.0152372447774,
        "mean": 0.00643915077671,
        "median": 0.00621314812452,
        "min": 3.22951452907e-12,
        "stdev": 0.0033567044884,
        "var": 1.12674642878e-05
    },
    "spectral_rolloff": {
        "dmean": 735.363464355,
        "dmean2": 1211.54663086,
        "dvar": 2708110.75,
        "dvar2": 5544503.5,
        "max": 18583.1542969,
        "mean": 1318.10522461,
        "median": 559.86328125,
        "min": 43.06640625,
        "stdev": 2165.81103516,
        "var": 4690737
    },
    "spectral_skewness": {
        "dmean": 0.378431349993,
        "dmean2": 0.544786930084,
        "dvar": 0.211727529764,
        "dvar2": 0.440800815821,
        "max": 5.82221746445,
        "mean": 1.58894729614,
        "median": 1.5469878912,
        "min": -0.624444305897,
        "stdev": 0.677128970623,
        "var": 0.458503603935
    },
    "spectral_spread": {
        "dmean": 1289856.125,
        "dmean2": 1857975.25,
        "dvar": 2.81201475584e+12,
        "dvar2": 4.27361671578e+12,
        "max": 40547832,
        "mean": 6886089.5,
        "median": 6468333.5,
        "min": 1511948.25,
        "stdev": 2830171.75,
        "var": 8.00987231027e+12
    },
    "spectral_strongpeak": {
        "dmean": 0.348860323429,
        "dmean2": 0.571023285389,
        "dvar": 0.210778489709,
        "dvar2": 0.500233054161,
        "max": 5.64853668213,
        "mean": 0.754137158394,
        "median": 0.523217141628,
        "min": 0,
        "stdev": 0.70143777132,
        "var": 0.492014974356
    },
    "zerocrossingrate": {
        "dmean": 0.0183596778661,
        "dmean2": 0.0200248267502,
        "dvar": 0.000661923375446,
        "dvar2": 0.000680458440911,
        "max": 0.4853515625,
        "mean": 0.0589974410832,
        "median": 0.04541015625,
        "min": 0.00146484375,
        "stdev": 0.0548894815147,
        "var": 0.00301285507157
    },
    "barkbands": {
        "dmean": [0.00297237606719, 0.0131925474852, 0.00624962057918, 0.00224433769472, 0.00315963523462, 0.0016295206733, 0.000774385407567, 0.00115552521311, 0.000786502670962, 0.000566924281884, 0.000327413785271, 0.000488693884108, 0.000380740500987, 0.000289418647299, 0.000264288624749, 0.000191468323465, 0.000157048765686, 0.000173415246536, 0.00017025017587, 0.000165130200912, 0.000151369051309, 0.000162640033523, 0.000196115477593, 0.000241463378188, 0.000172475702129, 9.09340524231e-05, 5.14234216098e-06],
        "dmean2": [0.00356844440103, 0.0166716463864, 0.0116168428212, 0.00417725089937, 0.00535624241456, 0.00273678195663, 0.00130018335767, 0.00181672337931, 0.00128379813395, 0.000878678169101, 0.000483949726913, 0.000744479591958, 0.000614006421529, 0.000440674950369, 0.000404752878239, 0.000305317982566, 0.000235077444813, 0.000270779622952, 0.000249953067396, 0.000250548822805, 0.000230963865761, 0.000271684170002, 0.00032546807779, 0.00040449318476, 0.000283164670691, 0.000149753599544, 9.21769151319e-06],
        "dvar": [2.72844990832e-05, 0.000798632099759, 0.000475089153042, 5.47391973669e-05, 5.25659670529e-05, 1.31388951559e-05, 2.50727453022e-06, 4.42327700512e-06, 3.28520582116e-06, 1.80107315373e-06, 5.65265509067e-07, 1.44401928992e-06, 1.00894135358e-06, 4.07809409353e-07, 2.93017649255e-07, 1.97997181317e-07, 1.48327757188e-07, 1.84935544212e-07, 1.33116984102e-07, 1.11369651279e-07, 6.69104807116e-08, 7.51299324975e-08, 1.53957785187e-07, 2.73933352446e-07, 1.08647192576e-07, 3.3418832146e-08, 2.43527920052e-10],
        "dvar2": [3.79449229513e-05, 0.00136573263444, 0.00134475145023, 0.000157926799147, 0.000150256761117, 3.59431032848e-05, 6.59686429572e-06, 1.04524469862e-05, 8.15489875094e-06, 3.89585056837e-06, 1.08134463517e-06, 3.46138835994e-06, 1.9130286546e-06, 8.3692481212e-07, 6.02666091254e-07, 4.00782568022e-07, 3.22700259403e-07, 3.73704239109e-07, 2.58989814483e-07, 2.30767085441e-07, 1.3810404198e-07, 1.72096164874e-07, 2.93201566137e-07, 7.05884417584e-07, 2.74190597338e-07, 8.75255281585e-08, 6.98289981393e-10],
        "max": [0.0906704515219, 0.223468855023, 0.134888336062, 0.0578476861119, 0.0549685284495, 0.029734460637, 0.02627312392, 0.0192153993994, 0.0186615474522, 0.0169044472277, 0.0104363495484, 0.0192510467023, 0.00813679117709, 0.00693356618285, 0.00778464553878, 0.00395506899804, 0.0044298521243, 0.00431805662811, 0.00468014879152, 0.00302054337226, 0.00281314714812, 0.00365299149416, 0.00287120323628, 0.00399861531332, 0.00284593855031, 0.00162110326346, 0.000189728947589],
        "mean": [0.00712291896343, 0.025004060939, 0.0041515477933, 0.0015045828186, 0.00412871036679, 0.00333642819896, 0.00108175585046, 0.00158620800357, 0.00110101548489, 0.000665308150928, 0.000432228669524, 0.000689722539391, 0.000451329047792, 0.000348708126694, 0.000309402181301, 0.000211999911699, 0.000161241332535, 0.000192798528587, 0.000214681756916, 0.000212975719478, 0.000193764441065, 0.000167436111951, 0.000197307570488, 0.000251675344771, 0.000226557895076, 0.000100238408777, 3.78402728529e-06],
        "median": [0.000696118688211, 0.00801763683558, 0.000299020757666, 9.45531865e-05, 0.00159724219702, 0.000504540978, 0.000417302915594, 0.000593489210587, 0.000345829495927, 0.000133949739393, 7.28402956156e-05, 0.000172277708771, 5.50058066437e-05, 4.69463739137e-05, 5.30574652657e-05, 2.26153078984e-05, 1.85148564924e-05, 2.21086902457e-05, 5.44548238395e-05, 7.98647961346e-05, 6.70291119604e-05, 4.98660592712e-05, 3.72555659851e-05, 7.94016523287e-05, 0.000105267761683, 2.95522950182e-05, 1.70915399167e-07],
        "min": [1.46764983953e-23, 2.6253879416e-23, 2.51359388733e-23, 3.35035758216e-23, 7.72473361211e-23, 2.36684777293e-23, 5.77769741811e-23, 6.57524084199e-23, 3.81245084342e-23, 2.07379651737e-23, 6.38149597258e-23, 1.84354609983e-22, 1.28512396058e-22, 9.91870220212e-23, 2.4201533131e-22, 1.89201043219e-22, 2.56118674926e-22, 2.28387500426e-22, 2.61668014783e-22, 2.378422445e-22, 4.63324187197e-22, 6.16295953995e-22, 4.5944339544e-22, 9.81297830629e-22, 1.27439401339e-21, 1.56596760625e-21, 2.42840335929e-21],
        "stdev": [0.0117635047063, 0.0425500832498, 0.0171682722867, 0.00561919761822, 0.00660674646497, 0.00601559272036, 0.00188599037938, 0.00256403442472, 0.00211019301787, 0.00160102895461, 0.0010353915859, 0.00143138132989, 0.00113406509627, 0.000776108703576, 0.000713779416401, 0.000509177451022, 0.000423208868597, 0.000483448471641, 0.000442491815193, 0.000383928563679, 0.000330360082444, 0.000288420327706, 0.000426874466939, 0.000482836010633, 0.000339651247486, 0.000180264891242, 1.2652303667e-05],
        "var": [0.00013838004088, 0.00181050959509, 0.000294749595923, 3.15753823088e-05, 4.36490990978e-05, 3.61873535439e-05, 3.55695965482e-06, 6.57427290207e-06, 4.45291470896e-06, 2.5632937195e-06, 1.07203561583e-06, 2.04885259336e-06, 1.28610372485e-06, 6.02344755407e-07, 5.09481026256e-07, 2.59261668134e-07, 1.79105754228e-07, 2.3372241742e-07, 1.95799003677e-07, 1.47401138406e-07, 1.09137779702e-07, 8.31862863038e-08, 1.82221810974e-07, 2.33130620586e-07, 1.15362979614e-07, 3.24954285702e-08, 1.60080781964e-10]
    },
    "erbbands": {
        "dmean": [0.515705227852, 2.9630856514, 7.08909845352, 6.96549081802, 7.61460781097, 10.994843483, 15.9113550186, 11.4912528992, 9.68069839478, 17.7192993164, 24.1331939697, 14.5838680267, 20.2744121552, 13.3307113647, 14.2543525696, 19.1773681641, 18.2266216278, 14.0970573425, 14.705206871, 12.1082868576, 10.4219150543, 9.25159454346, 9.316157341, 8.91278266907, 8.20164299011, 7.54271841049, 6.47668266296, 6.05270051956, 5.44346523285, 5.3214840889, 6.22585391998, 5.4497551918, 3.96877455711, 2.27920198441, 1.01946997643, 0.491524845362, 0.138044446707, 0.0258960835636, 0.000715715577826, 3.69257395505e-05],
        "dmean2": [0.628786563873, 4.02023983002, 12.4843912125, 12.9601659775, 13.7985544205, 18.6322860718, 24.978521347, 20.0375232697, 16.7623538971, 28.1196651459, 37.993144989, 24.0074253082, 30.8161468506, 20.007194519, 20.9390182495, 28.6640300751, 29.4312934875, 21.4745407104, 22.0216407776, 18.6131095886, 16.3290996552, 13.2936105728, 13.9885396957, 13.0877408981, 12.6917467117, 11.4363861084, 9.79108810425, 9.2364692688, 8.92249488831, 8.93760681152, 10.120557785, 9.11123657227, 6.56661367416, 3.73542881012, 1.61676311493, 0.790496766567, 0.230051621795, 0.0460602939129, 0.00128627428785, 5.6682194554e-05],
        "dvar": [0.973851442337, 53.6970100403, 555.534484863, 574.365539551, 514.901489258, 611.762329102, 858.5390625, 798.790100098, 385.720184326, 1383.22546387, 2126.88012695, 1301.32287598, 1893.30615234, 913.203552246, 908.803100586, 2456.75219727, 2348.48168945, 1022.89465332, 993.451416016, 667.56628418, 670.25592041, 485.529205322, 558.805175781, 398.851226807, 325.191741943, 232.807281494, 138.769958496, 101.296836853, 79.3720016479, 93.7219543457, 172.057220459, 118.562957764, 81.374710083, 20.449842453, 3.08130741119, 0.763035476208, 0.0914637967944, 0.00574727309868, 4.90015509058e-06, 3.75267328323e-09],
        "dvar2": [1.5423732996, 99.2554550171, 1514.8112793, 1623.16027832, 1478.0994873, 1721.5526123, 2238.2121582, 2243.18164062, 1027.48364258, 3457.29711914, 5262.0546875, 3494.25976562, 4320.30810547, 2119.80224609, 1779.97790527, 5894.39746094, 4392.55712891, 2074.86474609, 1921.25036621, 1485.72338867, 1343.53466797, 978.744262695, 1152.66967773, 830.271179199, 583.738708496, 482.19317627, 286.89050293, 210.967437744, 178.217803955, 202.350448608, 337.881744385, 287.028961182, 217.922348022, 52.9700431824, 7.18808460236, 1.83714532852, 0.246456161141, 0.0164429489523, 1.41748287206e-05, 9.24915344314e-09],
        "max": [8.96472644806, 54.4181900024, 143.566833496, 198.164886475, 175.755630493, 189.488815308, 235.892776489, 290.049163818, 270.500091553, 506.039123535, 431.69128418, 404.17855835, 499.46295166, 504.060882568, 401.721374512, 815.778015137, 399.272460938, 389.212677002, 416.428527832, 428.912200928, 250.376434326, 269.310668945, 256.054351807, 280.204223633, 165.576522827, 152.702194214, 126.36101532, 114.561134338, 95.0286254883, 132.988311768, 111.234588623, 84.1319046021, 70.286605835, 34.519744873, 20.6236076355, 8.14500808716, 2.81777119637, 0.593778550625, 0.0184464305639, 0.000477867230074],
        "mean": [1.1311763525, 4.00138139725, 5.50334978104, 4.95903921127, 6.30100870132, 13.7860298157, 34.4640960693, 20.6280593872, 13.4455242157, 25.5654239655, 34.9464454651, 19.5133419037, 26.035736084, 17.59998703, 20.2474994659, 25.6937408447, 23.6322364807, 17.7196350098, 18.479434967, 13.3002529144, 11.8327159882, 10.1794891357, 10.0371522903, 11.1741437912, 10.6620607376, 9.85145187378, 8.44807052612, 7.52923202515, 5.88397741318, 5.14619016647, 6.2122387886, 5.67438650131, 3.93764019012, 2.79594564438, 1.39711833, 0.602955698967, 0.14129434526, 0.0207304079086, 0.000585498695727, 8.08220283943e-05],
        "median": [0.357192695141, 0.59771835804, 0.738946259022, 0.446041822433, 0.980062127113, 5.78301477432, 6.89144325256, 4.12061691284, 5.17554998398, 11.2011594772, 14.8763198853, 7.64429330826, 7.46836709976, 5.21930646896, 4.78646373749, 5.92015218735, 3.34906744957, 2.61585187912, 2.47744321823, 2.7222058773, 1.3579968214, 1.17947101593, 1.10291278362, 2.33706092834, 2.81439137459, 3.73880815506, 3.18050551414, 2.46295785904, 1.77125167847, 0.985035657883, 1.21508896351, 1.7854180336, 1.16936564445, 1.24380624294, 0.632412075996, 0.229301840067, 0.0295595340431, 0.00247568800114, 0.000101313933556, 5.86284622841e-05],
        "min": [5.63683096802e-22, 6.91375650548e-21, 2.97795877265e-20, 5.19484158838e-20, 1.64311622167e-19, 2.56694590946e-19, 3.30362960258e-19, 2.78917289241e-19, 7.88290250765e-19, 6.08034463797e-19, 1.68810936692e-18, 8.64434449198e-19, 1.07752765212e-18, 1.045857905e-18, 3.42289322708e-18, 8.38525642808e-18, 5.27797189577e-18, 5.45376307878e-18, 1.10200384373e-17, 9.57205877503e-18, 1.05013283644e-17, 1.34052054618e-17, 1.41587843706e-17, 1.31494627231e-17, 1.33397622404e-17, 1.11354706646e-17, 1.38193714858e-17, 2.40038598971e-17, 2.38186806277e-17, 1.50952223072e-17, 1.40691576969e-17, 1.73995258094e-17, 1.59839186876e-17, 1.24761774091e-17, 9.78202285709e-18, 4.80138268686e-18, 3.14991721429e-18, 1.41193144137e-18, 3.20441006358e-19, 3.68940777022e-20],
        "stdev": [1.7060649395, 9.17637825012, 19.4641933441, 19.1080627441, 17.8434734344, 22.5152893066, 49.991443634, 40.9036369324, 24.9379463196, 42.8567047119, 53.0148010254, 35.942779541, 53.7257995605, 35.9037361145, 41.8958511353, 54.5282363892, 55.3356361389, 39.3620605469, 42.7190666199, 28.9493541718, 29.751991272, 25.870973587, 26.0981082916, 23.9732131958, 21.794670105, 17.4345836639, 14.422082901, 12.9005174637, 9.90602779388, 10.0242452621, 14.1378030777, 10.6426954269, 8.04951667786, 4.4594502449, 2.03915596008, 0.972896456718, 0.28145557642, 0.0607680641115, 0.00174399989191, 7.34739369364e-05],
        "var": [2.91065740585, 84.2059249878, 378.854797363, 365.118041992, 318.389526367, 506.938232422, 2499.14428711, 1673.10754395, 621.901123047, 1836.69702148, 2810.5690918, 1291.88342285, 2886.46142578, 1289.07824707, 1755.2623291, 2973.32861328, 3062.0324707, 1549.37182617, 1824.9185791, 838.065063477, 885.180969238, 669.307250977, 681.11126709, 574.71496582, 475.007629395, 303.964691162, 207.99647522, 166.423339844, 98.1293945312, 100.485488892, 199.877487183, 113.266975403, 64.7947158813, 19.8866977692, 4.1581568718, 0.946527540684, 0.0792172402143, 0.00369275780395, 3.04153559227e-06, 5.39841948921e-09]
    },
    "gfcc": {
        "mean": [-13.0474443436, 63.815322876, -89.5322570801, 17.7546520233, -78.063369751, 16.1272583008, -42.4375686646, 14.5026807785, -31.1568546295, 14.2879276276, -13.2806930542, 0.302304297686, -3.84379529953],
        "cov": [[6168.85449219, -355.064727783, -329.711791992, 759.249694824, 331.954803467, 561.550720215, 337.75958252, 266.169616699, 33.219783783, 187.181182861, 89.4829330444, 117.037155151, -134.44682312], [-355.064727783, 1950.30395508, 750.200134277, 250.659057617, 574.043334961, 247.32862854, 494.681152344, 148.0990448, 189.570907593, 103.067436218, 252.227218628, -107.488945007, 184.756607056], [-329.711791992, 750.200134277, 2317.46679688, 838.731201172, 588.202880859, 502.304718018, 489.475616455, 298.790252686, 293.59197998, 167.467346191, 186.238082886, 86.0382614136, 81.2945709229], [759.249694824, 250.659057617, 838.731201172, 982.577392578, 576.848815918, 331.96774292, 354.575531006, 250.162628174, 248.527481079, 68.6465835571, 74.469871521, 72.1407012939, 2.57052493095], [331.954803467, 574.043334961, 588.202880859, 576.848815918, 960.982971191, 407.881774902, 480.492950439, 336.210296631, 267.089111328, 115.968833923, 42.9970207214, 39.8344802856, 66.1817398071], [561.550720215, 247.32862854, 502.304718018, 331.96774292, 407.881774902, 597.044433594, 362.851745605, 160.745346069, 171.879638672, 101.636161804, 138.680007935, 18.3137264252, 12.8731632233], [337.75958252, 494.681152344, 489.475616455, 354.575531006, 480.492950439, 362.851745605, 560.187927246, 249.703735352, 141.928482056, 167.345184326, 121.263389587, 21.3680095673, 49.1112594604], [266.169616699, 148.0990448, 298.790252686, 250.162628174, 336.210296631, 160.745346069, 249.703735352, 319.395690918, 160.816207886, 102.34160614, 38.3803596497, 42.010925293, 48.2643737793], [33.219783783, 189.570907593, 293.59197998, 248.527481079, 267.089111328, 171.879638672, 141.928482056, 160.816207886, 266.414337158, 54.8969421387, 18.863445282, 22.1722431183, 38.1160430908], [187.181182861, 103.067436218, 167.467346191, 68.6465835571, 115.968833923, 101.636161804, 167.345184326, 102.34160614, 54.8969421387, 210.438705444, 108.258720398, 24.3655738831, 54.0629768372], [89.4829330444, 252.227218628, 186.238082886, 74.469871521, 42.9970207214, 138.680007935, 121.263389587, 38.3803596497, 18.863445282, 108.258720398, 260.210021973, 43.5149765015, 42.4834709167], [117.037155151, -107.488945007, 86.0382614136, 72.1407012939, 39.8344802856, 18.3137264252, 21.3680095673, 42.010925293, 22.1722431183, 24.3655738831, 43.5149765015, 123.968505859, 28.0281448364], [-134.44682312, 184.756607056, 81.2945709229, 2.57052493095, 66.1817398071, 12.8731632233, 49.1112594604, 48.2643737793, 38.1160430908, 54.0629768372, 42.4834709167, 28.0281448364, 140.136611938]],
        "icov": [[0.000269274838502, -0.000124605357996, 0.000224499686738, -0.000394061236875, 0.000197076282348, -0.000462073134258, 0.000219916328206, -0.000312106974889, 0.000400903460104, -0.000435257039499, 0.000300419313135, -0.000380671204766, 0.000323348795064], [-0.000124605357996, 0.001542311511, -0.000444562581833, 0.000600753061008, -0.000907890906092, 0.00118637236301, -0.00143946020398, 0.000997829250991, -0.000979669508524, 0.00150047207717, -0.00194966653362, 0.00237150024623, -0.00162113411352], [0.000224499686738, -0.000444562581833, 0.000964628416114, -0.00089691724861, 0.000447561265901, -0.000823839625809, 0.000344131811289, -0.000469491089461, 0.000377412798116, -0.000724178564269, 0.000556380895432, -0.000865739828441, 0.000344973930623], [-0.000394061236875, 0.000600753061008, -0.00089691724861, 0.00288960151374, -0.00127700914163, 0.00105642480776, -0.0010114540346, 0.000634092313703, -0.00159842439461, 0.00147522927728, -0.0011907692533, 0.000444075732958, 7.71383929532e-05], [0.000197076282348, -0.000907890906092, 0.000447561265901, -0.00127700914163, 0.00336485216394, -0.00147826771718, -0.000309176073642, -0.00165644835215, 0.000149023457197, -0.000716009933967, 0.00195409194566, -0.00142966769636, 0.000304608809529], [-0.000462073134258, 0.00118637236301, -0.000823839625809, 0.00105642480776, -0.00147826771718, 0.00498733483255, -0.00283988937736, 0.0017996977549, -0.00248060654849, 0.00200557452627, -0.00299988687038, 0.00227284664288, -0.000577650207561], [0.000219916328206, -0.00143946020398, 0.000344131811289, -0.0010114540346, -0.000309176073642, -0.00283988937736, 0.0066352491267, -0.00278985803016, 0.00235473713838, -0.00340832723305, 0.00148639804684, -0.00139119976666, 0.00147215416655], [-0.000312106974889, 0.000997829250991, -0.000469491089461, 0.000634092313703, -0.00165644835215, 0.0017996977549, -0.00278985803016, 0.00776139972731, -0.00322683947161, 3.63664803444e-05, -0.000859577558003, 0.000420290336479, -0.001392504666], [0.000400903460104, -0.000979669508524, 0.000377412798116, -0.00159842439461, 0.000149023457197, -0.00248060654849, 0.00235473713838, -0.00322683947161, 0.00795223191381, -0.00186292477883, 0.00208165729418, -0.00136943114921, 0.000128802435938], [-0.000435257039499, 0.00150047207717, -0.000724178564269, 0.00147522927728, -0.000716009933967, 0.00200557452627, -0.00340832723305, 3.63664803444e-05, -0.00186292477883, 0.00992123875767, -0.00447995448485, 0.00252966606058, -0.00313553237356], [0.000300419313135, -0.00194966653362, 0.000556380895432, -0.0011907692533, 0.00195409194566, -0.00299988687038, 0.00148639804684, -0.000859577558003, 0.00208165729418, -0.00447995448485, 0.00857086572796, -0.00458079576492, 0.00116558768786], [-0.000380671204766, 0.00237150024623, -0.000865739828441, 0.000444075732958, -0.00142966769636, 0.00227284664288, -0.00139119976666, 0.000420290336479, -0.00136943114921, 0.00252966606058, -0.00458079576492, 0.0133209237829, -0.00406753737479], [0.000323348795064, -0.00162113411352, 0.000344973930623, 7.71383929532e-05, 0.000304608809529, -0.000577650207561, 0.00147215416655, -0.001392504666, 0.000128802435938, -0.00313553237356, 0.00116558768786, -0.00406753737479, 0.0108895553276]]
    },
    "melbands": {
        "dmean": [0.003963642288, 0.00328329019248, 0.00120256002992, 0.000636099895928, 0.000545944960322, 0.000265984999714, 0.000150128020323, 0.000215896114241, 0.00018370046746, 9.76625597104e-05, 0.000104312399344, 5.95482742938e-05, 4.64449112769e-05, 5.06542601215e-05, 5.38120075362e-05, 3.35776057909e-05, 2.65585076704e-05, 2.56129860645e-05, 1.81265495485e-05, 1.3521244e-05, 1.25929918795e-05, 9.89135332929e-06, 8.22705078463e-06, 8.31457782624e-06, 7.3042438089e-06, 6.664150078e-06, 5.75987814955e-06, 5.07405957251e-06, 4.43265025751e-06, 3.5960877085e-06, 3.59510886483e-06, 3.03663250634e-06, 3.66003132513e-06, 2.73675095741e-06, 3.72528120351e-06, 3.28228634316e-06, 3.54021517524e-06, 3.10211862597e-06, 2.19675303015e-06, 1.90439538983e-06],
        "dmean2": [0.00505181029439, 0.00497552705929, 0.00219788355753, 0.00111475691665, 0.000866397691425, 0.000462855823571, 0.000257802661508, 0.000339773570886, 0.000286631548079, 0.000161865449627, 0.000158782640938, 9.03654799913e-05, 6.72849273542e-05, 7.81362105045e-05, 8.16653264337e-05, 5.41106746823e-05, 4.03341000492e-05, 3.9723192458e-05, 2.82412129309e-05, 2.12309205381e-05, 2.00565173145e-05, 1.44659907164e-05, 1.24138023239e-05, 1.2819245967e-05, 1.08589410956e-05, 9.90814169199e-06, 9.1905158115e-06, 7.73551801103e-06, 6.75855972077e-06, 5.47794843442e-06, 5.59242380405e-06, 4.75181423099e-06, 6.28180805506e-06, 4.54475912193e-06, 5.95507935941e-06, 5.45632519788e-06, 6.04301112617e-06, 5.20741286891e-06, 3.63513777302e-06, 3.14530279866e-06],
        "dvar": [6.20423525106e-05, 8.69257273735e-05, 1.58258553711e-05, 2.65337575911e-06, 1.04260209355e-06, 4.02661044063e-07, 8.52298995824e-08, 1.65267522334e-07, 1.22410099834e-07, 6.04601524401e-08, 4.92984995049e-08, 1.97335374708e-08, 1.08394093701e-08, 1.90886026985e-08, 1.89549780316e-08, 7.07929759258e-09, 4.0183629757e-09, 3.29288951662e-09, 1.57784962873e-09, 8.61486271209e-10, 1.10301501266e-09, 5.84748971466e-10, 3.79334424983e-10, 4.70828154242e-10, 2.79652301316e-10, 2.0555057656e-10, 1.63104890705e-10, 9.74844718837e-11, 6.96759455687e-11, 4.03400611526e-11, 3.5388747488e-11, 2.5052142652e-11, 4.05094673084e-11, 2.62437467591e-11, 5.97812355174e-11, 5.0766221088e-11, 5.62693190653e-11, 5.85251638818e-11, 1.76457910783e-11, 1.39046630113e-11],
        "dvar2": [0.000100435143395, 0.000205121701583, 4.46046506113e-05, 7.62099625717e-06, 2.78583820545e-06, 1.12582006295e-06, 2.30773693488e-07, 4.01447863396e-07, 3.08555485162e-07, 1.55807200031e-07, 1.10786309904e-07, 4.58020537053e-08, 2.09305497378e-08, 4.5047134023e-08, 3.96167756378e-08, 1.38450593212e-08, 8.48683967547e-09, 6.64920163373e-09, 3.47716877513e-09, 2.06861283658e-09, 2.22561280516e-09, 1.20079268751e-09, 7.99946553443e-10, 9.47901535042e-10, 6.14331807647e-10, 4.01288641205e-10, 3.16987019966e-10, 2.08583622596e-10, 1.47123160876e-10, 8.53970852366e-11, 7.60807319922e-11, 5.77662778722e-11, 1.00084100729e-10, 5.55738371988e-11, 1.20908796863e-10, 1.089754606e-10, 1.44948539282e-10, 1.59666543875e-10, 4.58309952489e-11, 3.56252284617e-11],
        "max": [0.0649398192763, 0.0606640577316, 0.0276128910482, 0.0121611095965, 0.00839185155928, 0.00602085562423, 0.00350066041574, 0.00455261953175, 0.00346443848684, 0.00277352100238, 0.00249356520362, 0.00237753847614, 0.00168845814187, 0.0023520453833, 0.0016510754358, 0.000693481706548, 0.000880067993421, 0.000622150138952, 0.000667696993332, 0.000298011291306, 0.000297439924907, 0.000321236875607, 0.000162279015058, 0.000235234896536, 0.000255099206697, 0.000155102534336, 9.87857347354e-05, 9.7337848274e-05, 8.94359473023e-05, 7.64700380387e-05, 8.0422971223e-05, 6.24645472271e-05, 7.15393107384e-05, 6.82264580973e-05, 6.86265848344e-05, 5.54314501642e-05, 5.86477872275e-05, 6.38511410216e-05, 3.13946693495e-05, 2.78859188256e-05],
        "mean": [0.00877313874662, 0.0035351102706, 0.000896820041817, 0.000669856148306, 0.00112264801282, 0.000499878486153, 0.000207785735256, 0.000311910698656, 0.000266491959337, 0.000127102728584, 0.000133421242936, 7.39420574973e-05, 6.43792300252e-05, 6.76411291352e-05, 7.16285649105e-05, 4.11367254856e-05, 3.12327283609e-05, 3.08327253151e-05, 2.07355733437e-05, 1.38910036185e-05, 1.3672654859e-05, 1.05340805021e-05, 8.50429569255e-06, 9.28537065192e-06, 9.02409283299e-06, 8.03641160019e-06, 7.1902613854e-06, 6.40601911073e-06, 5.59106774745e-06, 4.4267899284e-06, 4.34512594438e-06, 3.35789354722e-06, 3.13142368213e-06, 2.67276641353e-06, 3.60182912118e-06, 3.365440989e-06, 3.58848456017e-06, 2.86005092676e-06, 2.41294605985e-06, 2.36008918364e-06],
        "median": [0.00327575905249, 0.000501489674207, 8.78949067555e-05, 0.000259148306213, 0.000291380041745, 9.25454223761e-05, 8.09448829386e-05, 0.00013045797823, 0.000107629843114, 3.99324380851e-05, 3.70234229194e-05, 2.04221214517e-05, 1.36048256536e-05, 1.68748283613e-05, 6.63259834255e-06, 4.73668751511e-06, 3.97201438318e-06, 3.26190524902e-06, 4.87697570861e-06, 1.73679234194e-06, 1.12465136226e-06, 1.16286901175e-06, 9.56922008299e-07, 9.83843506219e-07, 1.79101925823e-06, 2.1283121896e-06, 1.66287259162e-06, 2.52203562923e-06, 1.99409328161e-06, 1.37622066632e-06, 1.27753435208e-06, 1.02366652754e-06, 6.17592604613e-07, 4.32773504144e-07, 5.93107301938e-07, 8.66977359237e-07, 1.13678572689e-06, 7.51117454456e-07, 8.46866385018e-07, 1.07687571926e-06],
        "min": [6.73711509975e-24, 1.28335560265e-23, 1.46007977251e-23, 1.28917305739e-23, 1.37330949055e-23, 6.38504884433e-24, 1.13656649533e-23, 7.32009829706e-24, 1.24324857316e-23, 5.68165746831e-24, 5.34569265283e-24, 3.56499614262e-24, 9.40979714588e-24, 1.77934676921e-23, 1.71920732701e-23, 1.37256275482e-23, 9.0052345638e-24, 1.52413149148e-23, 1.95083708362e-23, 1.11672656467e-23, 1.20142766447e-23, 1.18173880068e-23, 1.49225961764e-23, 1.35726169316e-23, 1.00744479573e-23, 9.72506461779e-24, 9.29322559219e-24, 6.9155798912e-24, 7.24059452845e-24, 1.09179595683e-23, 1.49679683002e-23, 1.44573481026e-23, 9.19292113923e-24, 7.98329444894e-24, 8.14181920329e-24, 7.52839859681e-24, 1.23237128568e-23, 1.02910959831e-23, 1.29714623233e-23, 9.81535290384e-24],
        "stdev": [0.0131223192438, 0.0094798495993, 0.00317145581357, 0.00133692589588, 0.00151894218288, 0.00093355512945, 0.000355205935193, 0.000484764197608, 0.000406214268878, 0.00026091185282, 0.000278517109109, 0.000163163553225, 0.00014589165221, 0.000159748829901, 0.000165668869158, 9.69794709818e-05, 7.54951979616e-05, 7.41817857488e-05, 4.55060180684e-05, 3.10161303787e-05, 3.74146038666e-05, 2.81372922473e-05, 2.13306975638e-05, 2.45537466981e-05, 1.9513296138e-05, 1.68336682691e-05, 1.49398420035e-05, 1.11280987767e-05, 9.81378980214e-06, 8.08372988104e-06, 7.47667809264e-06, 5.84105873713e-06, 6.01726515015e-06, 5.38901940672e-06, 8.30068165669e-06, 7.33415299692e-06, 6.86907060299e-06, 6.56231441098e-06, 4.11663449995e-06, 3.72534100279e-06],
        "var": [0.000172195272171, 8.98675571079e-05, 1.00581319202e-05, 1.78737082024e-06, 2.30718546845e-06, 8.7152523065e-07, 1.2617125833e-07, 2.34996321069e-07, 1.65010035857e-07, 6.80749892012e-08, 7.75717836632e-08, 2.66223434409e-08, 2.12843733749e-08, 2.55196876964e-08, 2.74461751104e-08, 9.40501809765e-09, 5.69952529617e-09, 5.50293721702e-09, 2.07079753345e-09, 9.62000257232e-10, 1.39985245617e-09, 7.91707199799e-10, 4.54998649868e-10, 6.02886462975e-10, 3.80768749864e-10, 2.83372408871e-10, 2.23198889926e-10, 1.23834581478e-10, 9.63104665463e-11, 6.53466933342e-11, 5.59007146128e-11, 3.41179688668e-11, 3.6207477988e-11, 2.90415278631e-11, 6.89013152089e-11, 5.37897990038e-11, 4.71841316019e-11, 4.30639690574e-11, 1.69466801703e-11, 1.38781651102e-11]
    },
    "melbands128": {
