{
"lowlevel": {
    "average_loudness": 0.949429392815,
    "barkbands_crest": {
        "dmean": 1.04153990746,
        "dmean2": 1.47581112385,
        "dvar": 2.00771093369,
        "dvar2": 4.59861516953,
        "max": 22.425453186,
        "mean": 11.5187339783,
        "median": 10.7734031677,
        "min": 3.48570418358,
        "stdev": 3.55298161507,
        "var": 12.6236782074
    },
    "barkbands_flatness_db": {
        "dmean": 0.0319561548531,
        "dmean2": 0.0487541854382,
        "dvar": 0.00219859951176,
        "dvar2": 0.00436704512686,
        "max": 0.643231332302,
        "mean": 0.444327831268,
        "median": 0.454263716936,
        "min": 0.0774489939213,
        "stdev": 0.0838806927204,
        "var": 0.00703597068787
    },
    "barkbands_kurtosis": {
        "dmean": 0.992775559425,
        "dmean2": 1.44738769531,
        "dvar": 6.9661564827,
        "dvar2": 15.5125541687,
        "max": 75.3295898438,
        "mean": 1.52659356594,
        "median": -0.201817989349,
        "min": -1.78283309937,
        "stdev": 5.11096286774,
        "var": 26.1219425201
    },
    "barkbands_skewness": {
        "dmean": 0.209455668926,
        "dmean2": 0.271393120289,
        "dvar": 0.111845970154,
        "dvar2": 0.222217395902,
        "max": 7.0461602211,
        "mean": 0.473880201578,
        "median": 0.311559438705,
        "min": -1.98986375332,
        "stdev": 0.95137655735,
        "var": 0.90511739254
    },
    "barkbands_spread": {
        "dmean": 0.608343660831,
        "dmean2": 0.790304660797,
        "dvar": 0.995905995369,
        "dvar2": 1.76635158062,
        "max": 23.9605064392,
        "mean": 5.79642677307,
        "median": 5.85694932938,
        "min": 0.450055480003,
        "stdev": 2.80612277985,
        "var": 7.87432479858
    },
    "dissonance": {
        "dmean": 0.0558189935982,
        "dmean2": 0.0947352349758,
        "dvar": 0.00262527633458,
        "dvar2": 0.0067718247883,
        "max": 0.492793560028,
        "mean": 0.271018922329,
        "median": 0.273189216852,
        "min": 0.00832313857973,
        "stdev": 0.0809092000127,
        "var": 0.0065462985076
    },
    "dynamic_complexity": 3.22066283226,
    "erbbands_crest": {
        "dmean": 1.50782728195,
        "dmean2": 2.0220644474,
        "dvar": 4.20221042633,
        "dvar2": 9.16484737396,
        "max": 28.9815979004,
        "mean": 16.5182571411,
        "median": 15.9392766953,
        "min": 4.27898311615,
        "stdev": 4.48823785782,
        "var": 20.14427948
    },
    "erbbands_flatness_db": {
        "dmean": 0.0233207307756,
        "dmean2": 0.0337828248739,
        "dvar": 0.00142398895696,
        "dvar2": 0.00296509382315,
        "max": 0.598837137222,
        "mean": 0.449816167355,
        "median": 0.461036175489,
        "min": 0.105104640126,
        "stdev": 0.0619899369776,
        "var": 0.00384275242686
    },
    "erbbands_kurtosis": {
        "dmean": 1.26250660419,
        "dmean2": 1.87117528915,
        "dvar": 10.7153263092,
        "dvar2": 24.0617351532,
        "max": 46.8560752869,
        "mean": 1.79438471794,
        "median": 0.396821975708,
        "min": -1.58832681179,
        "stdev": 4.56222009659,
        "var": 20.8138504028
    },
    "erbbands_skewness": {
        "dmean": 0.271539598703,
        "dmean2": 0.383315682411,
        "dvar": 0.245172783732,
        "dvar2": 0.582625567913,
        "max": 4.99041652679,
        "mean": -0.0402331538498,
        "median": -0.193321570754,
        "min": -2.79024791718,
        "stdev": 1.07139205933,
        "var": 1.14788091183
    },
    "erbbands_spread": {
        "dmean": 0.919865965843,
        "dmean2": 1.20681929588,
        "dvar": 2.06845068932,
        "dvar2": 3.8791975975,
        "max": 32.6980247498,
        "mean": 8.47300624847,
        "median": 8.18566608429,
        "min": 1.30693256855,
        "stdev": 3.44640731812,
        "var": 11.8777236938
    },
    "hfc": {
        "dmean": 4.27472782135,
        "dmean2": 5.04756689072,
        "dvar": 68.4207229614,
        "dvar2": 130.384094238,
        "max": 79.0913467407,
        "mean": 17.5571708679,
        "median": 13.7589979172,
        "min": 1.18830913915e-16,
        "stdev": 15.4688043594,
        "var": 239.283905029
    },
    "loudness_ebu128": {
        "integrated": -14.4964981079,
        "loudness_range": 3.28328323364,
        "momentary": {
            "dmean": 1.07147610188,
            "dmean2": 1.02708637714,
            "dvar": 1.22847640514,
            "dvar2": 2.1304974556,
            "max": -11.1239776611,
            "mean": -15.2626132965,
            "median": -14.5213413239,
            "min": -26.2898216248,
            "stdev": 2.86600399017,
            "var": 8.2139787674
        },
        "short_term": {
            "dmean": 0.098902836442,
            "dmean2": 0.107146576047,
            "dvar": 0.00884342473,
            "dvar2": 0.0130444662645,
            "max": -12.769118309,
            "mean": -14.7204332352,
            "median": -14.8184604645,
            "min": -16.7329025269,
            "stdev": 1.09536933899,
            "var": 1.19983386993
        }
    },
    "melbands_crest": {
        "dmean": 1.23154842854,
        "dmean2": 1.83801198006,
        "dvar": 3.23371624947,
        "dvar2": 7.59071588516,
        "max": 30.4599151611,
        "mean": 13.2562265396,
        "median": 12.4887189865,
        "min": 2.45473909378,
        "stdev": 4.36149549484,
        "var": 19.022644043
    },
    "melbands_flatness_db": {
        "dmean": 0.0353785790503,
        "dmean2": 0.053015653044,
        "dvar": 0.00328829605132,
        "dvar2": 0.00653036590666,
        "max": 0.748741149902,
        "mean": 0.52873814106,
        "median": 0.541009783745,
        "min": 0.00907164439559,
        "stdev": 0.0977272465825,
        "var": 0.00955061428249
    },
    "melbands_kurtosis": {
        "dmean": 0.954770028591,
        "dmean2": 1.38439536095,
        "dvar": 12.7651729584,
        "dvar2": 29.5385875702,
        "max": 121.779144287,
        "mean": 1.7421489954,
        "median": -0.0760314464569,
        "min": -1.8068921566,
        "stdev": 6.27072238922,
        "var": 39.3219604492
    },
    "melbands_skewness": {
        "dmean": 0.194239571691,
        "dmean2": 0.255398929119,
        "dvar": 0.0931624025106,
        "dvar2": 0.173484280705,
        "max": 7.56860160828,
        "mean": 0.645911574364,
        "median": 0.522191524506,
        "min": -1.96566438675,
        "stdev": 0.863062441349,
        "var": 0.744876742363
    },
    "melbands_spread": {
        "dmean": 1.23539996147,
        "dmean2": 1.57483577728,
        "dvar": 14.3722047806,
        "dvar2": 15.3818502426,
        "max": 137.939056396,
        "mean": 10.818230629,
        "median": 10.8728561401,
        "min": 0.723483085632,
        "stdev": 6.58409357071,
        "var": 43.3502883911
    },
    "pitch_salience": {
        "dmean": 0.0296196062118,
        "dmean2": 0.044571172446,
        "dvar": 0.00211186055094,
        "dvar2": 0.00502345710993,
        "max": 0.981043994427,
        "mean": 0.453720331192,
        "median": 0.439640522003,
        "min": 0.213028132915,
        "stdev": 0.0979355499148,
        "var": 0.00959137175232
    },
    "silence_rate_20dB": {
        "dmean": 0,
        "dmean2": 0,
        "dvar": 0,
        "dvar2": 0,
        "max": 1,
        "mean": 1,
        "median": 1,
        "min": 1,
        "stdev": 0,
        "var": 0
    },
    "silence_rate_30dB": {
        "dmean": 0,
        "dmean2": 0,
        "dvar": 0,
        "dvar2": 0,
        "max": 1,
        "mean": 1,
        "median": 1,
        "min": 1,
        "stdev": 0,
        "var": 0
    },
    "silence_rate_60dB": {
        "dmean": 0.0131578948349,
        "dmean2": 0.0263361725956,
        "dvar": 0.012985127978,
        "dvar2": 0.0256431344897,
        "max": 1,
        "mean": 0.0657385960221,
        "median": 0,
        "min": 0,
        "stdev": 0.247820198536,
        "var": 0.0614148490131
    },
    "spectral_centroid": {
        "dmean": 45.0497550964,
        "dmean2": 56.3908729553,
        "dvar": 87629.09375,
        "dvar2": 88254.9453125,
        "max": 11192.9443359,
        "mean": 640.966552734,
        "median": 627.635498047,
        "min": 277.704528809,
        "stdev": 346.324737549,
        "var": 119940.828125
    },
    "spectral_complexity": {
        "dmean": 0.791795670986,
        "dmean2": 1.37412858009,
        "dvar": 2.1339070797,
        "dvar2": 5.09085130692,
        "max": 18,
        "mean": 7.20417642593,
        "median": 7,
        "min": 0,
        "stdev": 2.20140004158,
        "var": 4.84616184235
    },
    "spectral_decrease": {
        "dmean": 1.19877696658e-09,
        "dmean2": 1.45853684685e-09,
        "dvar": 4.56991232246e-18,
        "dvar2": 8.13230128804e-18,
        "max": -2.23486520704e-29,
        "mean": -6.27753715676e-09,
        "median": -5.36264943563e-09,
        "min": -2.2795578758e-08,
        "stdev": 4.55317827885e-09,
        "var": 2.07314341322e-17
    },
    "spectral_energy": {
        "dmean": 0.00490228878334,
        "dmean2": 0.00595030374825,
        "dvar": 7.72742860136e-05,
        "dvar2": 0.000138115807204,
        "max": 0.092716678977,
        "mean": 0.0252853389829,
        "median": 0.0215552970767,
        "min": 1.08626755523e-20,
        "stdev": 0.0185259934515,
        "var": 0.000343212450389
    },
    "spectral_energyband_high": {
        "dmean": 1.32615723487e-05,
        "dmean2": 2.06117128982e-05,
        "dvar": 1.04608555151e-09,
        "dvar2": 2.53245957538e-09,
        "max": 0.000252345547779,
        "mean": 1.28804877022e-05,
        "median": 3.24175289279e-07,
        "min": 8.19811758077e-21,
        "stdev": 3.30538750859e-05,
        "var": 1.09255871017e-09
    },
    "spectral_energyband_low": {
        "dmean": 9.62803096627e-05,
        "dmean2": 0.000132027227664,
        "dvar": 1.1113665721e-07,
        "dvar2": 2.10447481663e-07,
        "max": 0.00963182747364,
        "mean": 0.000718681025319,
        "median": 0.000147217899212,
        "min": 1.09202696686e-22,
        "stdev": 0.00151693308726,
        "var": 2.30108594224e-06
    },
    "spectral_energyband_middle_high": {
        "dmean": 0.00247384537943,
        "dmean2": 0.00292854150757,
        "dvar": 2.49195963988e-05,
        "dvar2": 4.78645015392e-05,
        "max": 0.0514794178307,
        "mean": 0.00821744743735,
        "median": 0.00482274778187,
        "min": 1.50983191082e-21,
        "stdev": 0.00917594041675,
        "var": 8.41978835524e-05
    },
    "spectral_energyband_middle_low": {
        "dmean": 0.00293096457608,
        "dmean2": 0.00374460523017,
        "dvar": 2.781666808e-05,
        "dvar2": 4.91975333716e-05,
        "max": 0.0669427290559,
        "mean": 0.0175684578717,
        "median": 0.0153743792325,
        "min": 2.8089708626e-22,
        "stdev": 0.0122582027689,
        "var": 0.000150263542309
    },
    "spectral_entropy": {
        "dmean": 0.236557289958,
        "dmean2": 0.381213486195,
        "dvar": 0.214383453131,
        "dvar2": 0.459392696619,
        "max": 9.78700256348,
        "mean": 4.9623003006,
        "median": 4.85668420792,
        "min": 3.86508226395,
        "stdev": 0.574237704277,
        "var": 0.329748928547
    },
    "spectral_flux": {
        "dmean": 0.0192791447043,
        "dmean2": 0.0308224782348,
        "dvar": 0.00130082049873,
        "dvar2": 0.00283840554766,
        "max": 0.238253429532,
        "mean": 0.0298265833408,
        "median": 0.0159156452864,
        "min": 1.04224157083e-10,
        "stdev": 0.0395835489035,
        "var": 0.00156685744878
    },
    "spectral_kurtosis": {
        "dmean": 56.285446167,
        "dmean2": 91.3494262695,
        "dvar": 3565.90063477,
        "dvar2": 9217.97167969,
        "max": 638.409545898,
        "mean": 169.765014648,
        "median": 160.280776978,
        "min": -1.24125540257,
        "stdev": 104.429962158,
        "var": 10905.6162109
    },
    "spectral_rms": {
        "dmean": 0.000445904064691,
        "dmean2": 0.000524264178239,
        "dvar": 5.66207063457e-07,
        "dvar2": 9.24174344163e-07,
        "max": 0.00951079837978,
        "mean": 0.00459857983515,
        "median": 0.00458579976112,
        "min": 3.25541590213e-12,
        "stdev": 0.00187661207747,
        "var": 3.52167307938e-06
    },
    "spectral_rolloff": {
        "dmean": 67.1494140625,
        "dmean2": 106.314682007,
        "dvar": 252575.453125,
        "dvar2": 260491.078125,
        "max": 18453.9550781,
        "mean": 958.217712402,
        "median": 925.927734375,
        "min": 301.46484375,
        "stdev": 602.395568848,
        "var": 362880.40625
    },
    "spectral_skewness": {
        "dmean": 2.11661911011,
        "dmean2": 3.49691677094,
        "dvar": 4.34437847137,
        "dvar2": 10.1340894699,
        "max": 19.9469394684,
        "mean": 9.69009304047,
        "median": 9.82018470764,
        "min": -0.0107440650463,
        "stdev": 3.67374372482,
        "var": 13.4963932037
    },
    "spectral_spread": {
        "dmean": 479675.25,
        "dmean2": 758816.125,
        "dvar": 1.11076940186e+12,
        "dvar2": 797189079040,
        "max": 41433156,
        "mean": 976078.5,
        "median": 769746.375,
        "min": 168140.40625,
        "stdev": 1486436.875,
        "var": 2.20949459763e+12
    },
    "spectral_strongpeak": {
        "dmean": 0.643231809139,
        "dmean2": 0.982313334942,
        "dvar": 1.38785588741,
        "dvar2": 2.67792963982,
        "max": 9.42606925964,
        "mean": 2.40880250931,
        "median": 1.75355160236,
        "min": 1.43578837708e-09,
        "stdev": 1.88925218582,
        "var": 3.56927371025
    },
    "zerocrossingrate": {
        "dmean": 0.002896807855,
        "dmean2": 0.00323339761235,
        "dvar": 0.000208586759982,
        "dvar2": 0.000221887865337,
        "max": 0.51513671875,
        "mean": 0.0328122749925,
        "median": 0.03173828125,
        "min": 0.00390625,
        "stdev": 0.0172055643052,
        "var": 0.000296031445032
    },
    "barkbands": {
        "dmean": [3.70354484858e-07, 6.03922728715e-07, 3.2728912629e-05, 0.000297578575555, 0.000477921479614, 0.000528957985807, 0.000539838336408, 0.00076034234371, 0.000697848736309, 0.00058874610113, 0.000730347179342, 0.000401550816605, 0.000818759319372, 0.000353386101779, 0.000127906576381, 1.08904378067e-05, 5.30477109351e-06, 4.35752417616e-06, 2.11230667446e-06, 2.7409539598e-06, 1.00051045138e-06, 2.79365235656e-06, 2.66750657829e-06, 1.99881674234e-06, 2.13208272726e-06, 2.13856560549e-06, 2.05178380952e-08],
        "dmean2": [6.61016031245e-07, 1.06780998976e-06, 4.01008364861e-05, 0.000462386669824, 0.000638044555672, 0.000774236337747, 0.000788804260083, 0.000967088155448, 0.000806429539807, 0.000683239253704, 0.000893659482244, 0.000575219339225, 0.000974314229097, 0.00050637347158, 0.000170852072188, 1.99569658434e-05, 9.90891840047e-06, 7.78442063165e-06, 3.51292351297e-06, 4.77428284285e-06, 1.66606866969e-06, 4.65320408694e-06, 4.20654214395e-06, 3.12904512612e-06, 3.49565652868e-06, 3.62424293598e-06, 3.6599907105e-08],
        "dvar": [2.91635639249e-13, 4.69469471978e-12, 3.4522610548e-08, 5.76936997732e-07, 8.42931626721e-07, 2.48905462286e-06, 1.90956825463e-06, 5.20038793184e-06, 4.64837194158e-06, 4.2597571337e-06, 6.90167098583e-06, 3.320443966e-06, 8.54688460095e-06, 3.81208087674e-06, 8.32050602639e-07, 1.61142466037e-09, 4.86047202486e-10, 3.89721643845e-10, 1.21200410819e-10, 1.20568249828e-10, 1.562153705e-11, 1.21064894221e-10, 1.17825513235e-10, 7.24339616065e-11, 8.56813509031e-11, 8.23359574964e-11, 6.05449325115e-15],
        "dvar2": [8.71622273056e-13, 1.34344185082e-11, 6.26250198366e-08, 1.12148211429e-06, 1.738616902e-06, 5.55104497835e-06, 4.42008513346e-06, 9.27872315515e-06, 7.64145715948e-06, 7.77845798439e-06, 1.35965228765e-05, 6.54752147966e-06, 1.5460409486e-05, 8.73696080816e-06, 1.6316583924e-06, 4.56039872532e-09, 1.41009603993e-09, 1.09727626985e-09, 3.19606452415e-10, 3.22822629739e-10, 3.79749738599e-11, 3.26682764173e-10, 3.00007602094e-10, 1.78515369154e-10, 2.1554397156e-10, 2.1584678489e-10, 1.65097292391e-14],
        "max": [5.89287037656e-06, 3.81569407182e-05, 0.00740008149296, 0.0148204434663, 0.0221380405128, 0.0238018073142, 0.0152964796871, 0.0281988531351, 0.026058467105, 0.0244472380728, 0.0308742355555, 0.0257410723716, 0.032669365406, 0.0248994603753, 0.0189489070326, 0.00029118245584, 0.000222388771363, 0.000258993095485, 0.00016985637194, 0.00011125398305, 6.76477866364e-05, 0.000100667908555, 9.98618052108e-05, 9.80417971732e-05, 8.05052841315e-05, 7.50344115659e-05, 8.27045937513e-07],
        "mean": [3.45664602719e-07, 1.15593775263e-06, 0.00038480659714, 0.00100510031916, 0.00276751536876, 0.00305442162789, 0.00211431854405, 0.00337843666784, 0.00327576650307, 0.00252911425196, 0.00240630540065, 0.000965049082879, 0.00232855393551, 0.000773405830842, 0.00026889066794, 8.71281099535e-06, 4.01770466851e-06, 3.66042650057e-06, 2.22083144763e-06, 2.7409928407e-06, 8.80292077454e-07, 2.61849595518e-06, 2.35366860579e-06, 1.71019041773e-06, 1.70654720932e-06, 1.56308738042e-06, 1.72872027804e-08],
        "median": [1.75570562533e-07, 2.28042722483e-07, 4.79902200823e-06, 0.000288307957817, 0.000984204933047, 0.00142777804285, 0.00121103646234, 0.000698732386809, 0.000528113509063, 0.000324399530655, 0.000107391751953, 3.52552488039e-05, 7.09875384928e-05, 3.70854058929e-06, 4.18297730675e-07, 2.53738448919e-07, 1.71509157099e-07, 7.92800207705e-08, 2.21633129627e-08, 1.71019660655e-08, 8.12339528977e-09, 4.81063899826e-09, 5.21115106622e-09, 6.3385958704e-09, 4.7262207481e-09, 3.80831322033e-09, 7.68040242516e-10],
        "min": [9.42951156876e-24, 3.85119495792e-23, 5.46092053974e-23, 1.07747592259e-23, 1.02692658353e-23, 3.6360202087e-23, 7.25379690456e-23, 3.42590079571e-23, 8.43267316568e-23, 5.05657631436e-23, 6.74569475095e-23, 5.98344622614e-23, 8.64636738075e-23, 6.43080924549e-23, 6.7448749667e-23, 2.60403944068e-22, 1.80154222275e-22, 1.99801554115e-22, 3.39491351893e-22, 3.44473873101e-22, 4.48459624362e-22, 5.60008948737e-22, 9.10858736463e-22, 5.61641398562e-22, 1.58936938588e-21, 1.45114540526e-21, 2.60327895353e-21],
        "stdev": [5.01744182202e-07, 2.937320005e-06, 0.00110416801181, 0.00193452194799, 0.00383902108297, 0.00370591995306, 0.00242858170532, 0.00526548689231, 0.00532946037129, 0.00457570655271, 0.00487353326753, 0.003109755693, 0.00518024386838, 0.00281569897197, 0.00154042104259, 3.26164517901e-05, 1.69268059835e-05, 1.61780826602e-05, 1.05074204839e-05, 1.0642678717e-05, 4.23767460234e-06, 1.04056525743e-05, 1.03526399471e-05, 8.12866528577e-06, 8.45760951051e-06, 7.82362985774e-06, 6.98959041756e-08],
        "var": [2.51747245012e-13, 8.62784930306e-12, 1.21918697005e-06, 3.74237538381e-06, 1.47380824274e-05, 1.37338420245e-05, 5.89800902162e-06, 2.7725351174e-05, 2.84031466435e-05, 2.09370900848e-05, 2.37513286265e-05, 9.6705798569e-06, 2.68349249382e-05, 7.9281608123e-06, 2.37289714278e-06, 1.06383291065e-09, 2.86516782522e-10, 2.61730387363e-10, 1.10405885823e-10, 1.13266611368e-10, 1.79578869136e-11, 1.08277602162e-10, 1.07177156039e-10, 6.60752008663e-11, 7.15311559984e-11, 6.12091904939e-11, 4.88543701208e-15]
    },
    "erbbands": {
        "dmean": [2.46542876994e-05, 0.000581666652579, 0.0267740786076, 0.434409171343, 1.79795134068, 1.2290033102, 1.89776420593, 4.98885917664, 6.52302122116, 18.0992698669, 10.2017602921, 19.6410865784, 20.8853302002, 9.1121006012, 34.7089767456, 21.4489307404, 39.5013694763, 22.5652351379, 10.9398450851, 1.47985911369, 0.564361333847, 0.309081763029, 0.272670358419, 0.143728733063, 0.0961888954043, 0.0988406464458, 0.0839582830667, 0.0546322055161, 0.116216689348, 0.0457832887769, 0.0888676270843, 0.0512298904359, 0.0303010400385, 0.0108597911894, 0.0231876522303, 0.00709069380537, 0.00452196691185, 0.000909473572392, 1.79267444764e-05, 6.17415753368e-06],
        "dmean2": [3.88277439924e-05, 0.000783272727858, 0.0341980718076, 0.658926427364, 2.82739830017, 1.51443099976, 2.3991997242, 7.53557252884, 8.83754348755, 25.5610141754, 12.4009847641, 21.8748645782, 24.9950370789, 10.8046245575, 42.8909263611, 27.6161346436, 46.7193222046, 30.650510788, 14.8596429825, 2.30761957169, 1.01452839375, 0.577230632305, 0.478716403246, 0.246659353375, 0.161834001541, 0.170541420579, 0.145714357495, 0.087159730494, 0.19495883584, 0.0765878260136, 0.134916320443, 0.081759147346, 0.0477635487914, 0.0182852838188, 0.0375613644719, 0.0116939013824, 0.00773830758408, 0.00154871982522, 2.9274251574e-05, 7.63635034673e-06],
        "dvar": [3.08976000341e-09, 6.09614426139e-06, 0.0147843230516, 1.22949576378, 14.1333141327, 8.66480255127, 36.0317764282, 246.631484985, 365.685852051, 2497.08178711, 1093.21484375, 3518.2824707, 5481.91064453, 1572.70117188, 15265.4199219, 8036.76220703, 19293.1074219, 10535.0566406, 3428.19360352, 62.3367843628, 4.2453827858, 1.60890698433, 1.38754701614, 0.515577554703, 0.273152202368, 0.121730878949, 0.0886324346066, 0.0449418388307, 0.267632216215, 0.0629988610744, 0.153405234218, 0.0315056070685, 0.0159882064909, 0.00336310081184, 0.0119202109054, 0.00185514916666, 0.000637385528535, 2.3643100576e-05, 6.29666763174e-09, 1.29880939337e-10],
        "dvar2": [6.43186126581e-09, 1.09720085675e-05, 0.0265824031085, 2.30385518074, 36.7411575317, 11.8789463043, 63.5438613892, 569.414916992, 808.979980469, 5148.20654297, 1962.71166992, 5629.04980469, 10671.5859375, 2602.56518555, 31172.625, 15047.1337891, 34251.2578125, 23902.2265625, 6920.89599609, 133.12802124, 12.0190153122, 4.66418075562, 3.83286857605, 1.38981735706, 0.724416613579, 0.322266936302, 0.236772939563, 0.113231398165, 0.729065954685, 0.170041784644, 0.374807476997, 0.08137370646, 0.0390900932252, 0.00881448481232, 0.0294246003032, 0.00482548214495, 0.00170103751589, 6.01610081503e-05, 1.59543080969e-08, 2.46430320594e-10],
        "max": [0.00166886055376, 0.0936468392611, 4.74060964584, 23.512172699, 49.7896156311, 101.787689209, 91.4806060791, 286.39755249, 223.097091675, 567.317382812, 684.783081055, 724.306762695, 955.641479492, 902.239929199, 1482.3717041, 1309.61804199, 1621.23950195, 1306.87036133, 1153.18908691, 165.230026245, 15.9501981735, 12.6005563736, 13.8153743744, 11.2520990372, 11.4490919113, 3.53162956238, 2.96330952644, 2.96853327751, 5.46862888336, 4.39214801788, 4.61637020111, 1.7016710043, 1.2968031168, 0.914366543293, 1.06474375725, 0.599780023098, 0.281543880701, 0.0585233829916, 0.000948362983763, 0.000115622475278],
        "mean": [0.000126299724798, 0.00547841982916, 0.272344827652, 1.97836387157, 6.5387506485, 8.53380584717, 11.9623985291, 27.4743213654, 34.2974700928, 72.2461013794, 47.1161804199, 95.4120025635, 91.7097015381, 34.6596755981, 114.98223877, 62.6897659302, 114.071342468, 55.1647033691, 23.6244373322, 2.54730129242, 0.499242991209, 0.226824015379, 0.245974302292, 0.132564365864, 0.101485215127, 0.0976542532444, 0.0809916108847, 0.0551487915218, 0.108712665737, 0.0383605696261, 0.0829866752028, 0.0430789217353, 0.0260426290333, 0.00826579146087, 0.0188489630818, 0.0053639812395, 0.00324446824379, 0.000687731429935, 2.47456882789e-05, 2.9580145565e-05],
        "median": [4.19912212237e-05, 0.000603395339567, 0.0247839894146, 0.707258880138, 2.90554356575, 1.70967674255, 4.57334709167, 12.6918067932, 17.7708377838, 27.1229953766, 24.2790431976, 21.537776947, 24.1621837616, 8.11236763, 11.8772888184, 10.2314662933, 8.24292182922, 3.9600186348, 0.422766268253, 0.0989128574729, 0.0367676280439, 0.0151922032237, 0.0138753140345, 0.00533218728378, 0.00157518358901, 0.00147838040721, 0.000722177501302, 0.000721375399735, 0.00035985984141, 0.000228898396017, 0.000267401890596, 0.000224655508646, 9.85923979897e-05, 8.07518081274e-05, 5.21578331245e-05, 3.2505224226e-05, 1.45290860019e-05, 3.91354888052e-06, 1.12990546768e-05, 2.49486329267e-05],
        "min": [8.25803375008e-22, 9.98738356273e-21, 6.21174641418e-20, 4.65559382289e-20, 1.50400870875e-20, 4.69408583259e-20, 1.10350107166e-19, 3.39130635311e-19, 6.44102175143e-19, 1.58945505078e-18, 4.49122469874e-19, 1.82668693494e-18, 2.48881358242e-18, 1.48872926759e-18, 2.85420593556e-18, 2.78106476465e-18, 3.61564740291e-18, 2.69907793105e-18, 2.78563224919e-18, 1.03109089059e-17, 1.16341398056e-17, 1.27145940227e-17, 1.21163248914e-17, 8.91229538255e-18, 2.12201754514e-17, 1.3019806298e-17, 2.26671674601e-17, 1.67903999325e-17, 1.61414833594e-17, 2.04423444342e-17, 3.02064058915e-17, 1.49875267002e-17, 1.02314424916e-17, 1.61917511252e-17, 1.06221289939e-17, 6.21931170466e-18, 2.39070830741e-18, 1.27377346072e-18, 3.86054471811e-19, 3.77056420495e-20],
        "stdev": [0.000235102852457, 0.0141673535109, 0.708998084068, 3.27611470222, 8.88573074341, 15.9884738922, 16.557756424, 36.4546012878, 40.6158981323, 98.0711517334, 71.5006713867, 148.252456665, 158.839401245, 95.0490646362, 224.524353027, 157.570266724, 247.378326416, 149.857620239, 96.4593582153, 11.7849092484, 1.69082176685, 0.9634745121, 1.00703656673, 0.641450166702, 0.518170058727, 0.340440243483, 0.284968018532, 0.219002664089, 0.479925006628, 0.22917188704, 0.391970157623, 0.163122043014, 0.121236331761, 0.0507930144668, 0.101557344198, 0.0377854816616, 0.0212450008839, 0.00429469533265, 7.17905495549e-05, 2.22817398026e-05],
        "var": [5.52733503412e-08, 0.000200713911909, 0.502678275108, 10.7329282761, 78.9562149048, 255.631286621, 274.15927124, 1328.93798828, 1649.65124512, 9617.95019531, 5112.34570312, 21978.7890625, 25229.9550781, 9034.32519531, 50411.1835938, 24828.3886719, 61196.0351562, 22457.3046875, 9304.40722656, 138.884078979, 2.85887813568, 0.928283154964, 1.01412260532, 0.411458283663, 0.268500179052, 0.115899555385, 0.0812067687511, 0.047962166369, 0.230328008533, 0.0525197535753, 0.15364061296, 0.0266088005155, 0.0146982483566, 0.00257993047126, 0.0103138936684, 0.0014277426526, 0.000451350031653, 1.84444070328e-05, 5.15388309807e-09, 4.96475915934e-10]
    },
    "gfcc": {
        "mean": [-206.22795105, 208.887588501, -107.678016663, -92.316192627, -75.830619812, -13.9528875351, -34.5038299561, -33.0988998413, -26.010591507, -14.8262081146, -7.61921596527, -20.1882820129, -18.0441169739],
        "cov": [[10906.2626953, -2671.92871094, -1857.78833008, 1403.6496582, -4.26445007324, 1244.8112793, -251.294433594, 419.300842285, -88.8674621582, -30.4616756439, -690.122680664, -33.4194908142, -348.547210693], [-2671.92871094, 1718.11401367, 750.188110352, -478.464782715, 271.290283203, -332.217285156, 189.597381592, -143.097473145, 94.8175125122, -105.285362244, 125.353729248, -206.886779785, 91.6323318481], [-1857.78833008, 750.188110352, 1150.08508301, 8.45508766174, -170.040145874, -154.234207153, 241.418609619, 64.0760955811, -19.2558898926, -76.3609695435, 73.1955490112, 61.0760917664, 97.1011657715], [1403.6496582, -478.464782715, 8.45508766174, 729.861022949, -146.657211304, 63.5902900696, 158.727371216, 112.671134949, 6.00140571594, 38.6223716736, -142.948425293, -29.8957862854, 15.0159454346], [-4.26445007324, 271.290283203, -170.040145874, -146.657211304, 496.274780273, 79.9843063354, -128.330078125, -13.7319307327, 15.3134040833, -12.4891023636, -54.9080886841, -140.229568481, -74.0416488647], [1244.8112793, -332.217285156, -154.234207153, 63.5902900696, 79.9843063354, 621.858581543, -101.286888123, 128.525360107, 71.7795715332, -194.377120972, -134.824035645, 23.2259788513, -78.1128082275], [-251.294433594, 189.597381592, 241.418609619, 158.727371216, -128.330078125, -101.286888123, 345.466644287, 31.7927150726, -13.9163379669, 61.3130073547, 33.3226737976, 36.0883979797, 51.4995269775], [419.300842285, -143.097473145, 64.0760955811, 112.671134949, -13.7319307327, 128.525360107, 31.7927150726, 226.4009552, -42.6871604919, -91.1131286621, 2.93746137619, 44.7948493958, 20.2232074738], [-88.8674621582, 94.8175125122, -19.2558898926, 6.00140571594, 15.3134040833, 71.7795715332, -13.9163379669, -42.6871604919, 267.174255371, -32.4379692078, -103.669090271, -85.1797637939, -93.8159408569], [-30.4616756439, -105.285362244, -76.3609695435, 38.6223716736, -12.4891023636, -194.377120972, 61.3130073547, -91.1131286621, -32.4379692078, 330.233612061, 41.1221313477, -20.9781551361, 0.722950160503], [-690.122680664, 125.353729248, 73.1955490112, -142.948425293, -54.9080886841, -134.824035645, 33.3226737976, 2.93746137619, -103.669090271, 41.1221313477, 234.460571289, 90.1327133179, 56.1443481445], [-33.4194908142, -206.886779785, 61.0760917664, -29.8957862854, -140.229568481, 23.2259788513, 36.0883979797, 44.7948493958, -85.1797637939, -20.9781551361, 90.1327133179, 262.698242188, 21.8801307678], [-348.547210693, 91.6323318481, 97.1011657715, 15.0159454346, -74.0416488647, -78.1128082275, 51.4995269775, 20.2232074738, -93.8159408569, 0.722950160503, 56.1443481445, 21.8801307678, 243.441497803]],
        "icov": [[0.000353505922249, -0.00026064994745, 0.000625388638582, -0.000583773944527, 0.000386073894333, -0.000516777858138, 0.000233149970882, -0.000444550183602, 0.000659799028654, -0.000327326968545, 0.000702565768734, -0.000166332174558, 0.000438173825387], [-0.00026064994745, 0.00408325763419, -0.00257136649452, 0.00239473534748, -0.00289580738172, 0.00152603292372, -0.0029819663614, 0.00226868595928, -0.00194779760204, 0.0026307113003, -0.0021461606957, 0.00283476128243, -0.0014992026845], [0.000625388638582, -0.00257136649452, 0.00341479619965, -0.00191154971253, 0.00228046113625, -0.00120668113232, 0.00116022955626, -0.00212971121073, 0.00185490143485, -0.00137437763624, 0.00213064183481, -0.00177212688141, 0.00124380912166], [-0.000583773944527, 0.00239473534748, -0.00191154971253, 0.00426692795008, -0.00116229965352, 0.00140138552524, -0.00270611024462, 0.000451075844467, -0.00136362051126, 0.00120692781638, -0.000213813196751, 0.00212621153332, -0.00127766514197], [0.000386073894333, -0.00289580738172, 0.00228046113625, -0.00116229965352, 0.00524023873731, -0.00163408031221, 0.00246509700082, -0.00225792825222, 0.00253116618842, -0.00212813145481, 0.0023264256306, -0.000220274727326, 0.00200542202219], [-0.000516777858138, 0.00152603292372, -0.00120668113232, 0.00140138552524, -0.00163408031221, 0.00384312612005, -0.000856828584801, -2.59437911154e-05, -0.00181934225839, 0.0022196653299, -0.000277419138001, 0.000223976225243, -0.000663745624479], [0.000233149970882, -0.0029819663614, 0.00116022955626, -0.00270611024462, 0.00246509700082, -0.000856828584801, 0.00654857186601, -0.0021155315917, 0.000972499256022, -0.00274916854687, 0.00109430891462, -0.00238759140484, 0.000770753948018], [-0.000444550183602, 0.00226868595928, -0.00212971121073, 0.000451075844467, -0.00225792825222, -2.59437911154e-05, -0.0021155315917, 0.00829244405031, -0.000600821396802, 0.00308393733576, -0.00284368614666, 0.00108460418414, -0.0012875222601], [0.000659799028654, -0.00194779760204, 0.00185490143485, -0.00136362051126, 0.00253116618842, -0.00181934225839, 0.000972499256022, -0.000600821396802, 0.00761200068519, -0.000987741863355, 0.00365914637223, 0.000318670412526, 0.00311618414707], [-0.000327326968545, 0.0026307113003, -0.00137437763624, 0.00120692781638, -0.00212813145481, 0.0022196653299, -0.00274916854687, 0.00308393733576, -0.000987741863355, 0.00627394020557, -0.00222481810488, 0.00200575380586, -0.000661209167447], [0.000702565768734, -0.0021461606957, 0.00213064183481, -0.000213813196751, 0.0023264256306, -0.000277419138001, 0.00109430891462, -0.00284368614666, 0.00365914637223, -0.00222481810488, 0.00986156146973, -0.00297845178284, 0.00101044785697], [-0.000166332174558, 0.00283476128243, -0.00177212688141, 0.00212621153332, -0.000220274727326, 0.000223976225243, -0.00238759140484, 0.00108460418414, 0.000318670412526, 0.00200575380586, -0.00297845178284, 0.00798164866865, -0.000223217124585], [0.000438173825387, -0.0014992026845, 0.00124380912166, -0.00127766514197, 0.00200542202219, -0.000663745624479, 0.000770753948018, -0.0012875222601, 0.00311618414707, -0.000661209167447, 0.00101044785697, -0.000223217124585, 0.00621287105605]]
    },
    "melbands": {
        "dmean": [1.58155614827e-07, 1.14232252599e-05, 0.000128261759528, 0.000102770216472, 6.90739834681e-05, 0.000115346141683, 9.82667188509e-05, 0.000201956776436, 8.68952993187e-05, 0.000116302326205, 0.000101938348962, 3.15500001307e-05, 0.000101384604932, 6.80762605043e-05, 6.55235926388e-05, 7.51526313252e-05, 4.22968223575e-05, 1.76659686986e-05, 5.31692376171e-06, 8.18374189748e-07, 5.82999234666e-07, 3.22924819329e-07, 2.65679176437e-07, 1.98821126673e-07, 1.13745201702e-07, 5.53931620573e-08, 6.99738080812e-08, 7.5589262849e-08, 7.15261663231e-08, 3.34413812197e-08, 3.4371517188e-08, 7.95709311774e-08, 2.96169453406e-08, 2.04181311858e-08, 4.82484701081e-08, 4.73376857713e-08, 3.16695292213e-08, 3.00525364594e-08, 1.0847463372e-08, 7.72919950265e-09],
        "dmean2": [2.76276722389e-07, 1.45796866491e-05, 0.000198339766939, 0.000150834428496, 8.03381262813e-05, 0.000170997009263, 0.000133424677188, 0.000277969549643, 0.000100895776995, 0.000132244749693, 0.000123130113934, 3.84968298022e-05, 0.000125385224237, 8.80017396412e-05, 7.83545401646e-05, 9.11425740924e-05, 5.99452760071e-05, 2.43163121922e-05, 7.35393587092e-06, 1.48779588471e-06, 1.07315747755e-06, 6.06762057487e-07, 4.81759002469e-07, 3.50904514335e-07, 1.94066188897e-07, 9.41247364494e-08, 1.2167780028e-07, 1.3172548563e-07, 1.26953167978e-07, 5.4166918062e-08, 5.63778606022e-08, 1.32542908204e-07, 5.21195850922e-08, 3.46927784278e-08, 7.16412884572e-08, 7.64805463405e-08, 4.97923657861e-08, 4.63941844941e-08, 1.85134929609e-08, 1.31895649957e-08],
        "dvar": [1.72782767911e-13, 2.49673925978e-09, 7.97940629127e-08, 3.92734555987e-08, 3.73324162695e-08, 1.22657738189e-07, 7.22154069877e-08, 3.19654674286e-07, 7.22832282918e-08, 1.24913697164e-07, 1.33961606252e-07, 2.79973022543e-08, 1.3614494776e-07, 5.88110644628e-08, 5.86432058469e-08, 7.55392477458e-08, 5.3160853497e-08, 8.10916578331e-09, 1.26686061641e-09, 9.6919269485e-12, 5.24372949576e-12, 1.8303340614e-12, 1.65379233745e-12, 8.27947085891e-13, 4.45118144817e-13, 1.13245093099e-13, 1.35557377498e-13, 9.93443608627e-14, 9.95203336515e-14, 3.48910692547e-14, 3.68463939915e-14, 1.2509202116e-13, 1.6153968625e-14, 1.87452406164e-14, 5.96454309554e-14, 6.14521928895e-14, 1.89662670877e-14, 2.02032468988e-14, 9.65582069189e-15, 2.41648060171e-15],
        "dvar2": [4.89197658077e-13, 4.61932492257e-09, 1.73269739889e-07, 9.72295879365e-08, 5.94975908541e-08, 2.79060770936e-07, 1.59026328106e-07, 6.31100760984e-07, 1.25686227648e-07, 2.07593856771e-07, 2.60299373167e-07, 4.4412519884e-08, 2.7108814038e-07, 1.1798756816e-07, 9.94282061129e-08, 1.4904888701e-07, 1.20405104553e-07, 1.66667604162e-08, 2.50091658494e-09, 2.75608581096e-11, 1.50479021604e-11, 5.30360260917e-12, 4.77028442789e-12, 2.32066666231e-12, 1.18139395835e-12, 3.01829768861e-13, 3.64038036911e-13, 2.65792813106e-13, 2.72409536334e-13, 8.32019932009e-14, 9.66109042267e-14, 3.38861967999e-13, 4.51450603788e-14, 5.08543538226e-14, 1.43360123035e-13, 1.62378492813e-13, 4.73798382255e-14, 4.94413876701e-14, 2.46221466339e-14, 6.39774954138e-15],
        "max": [7.43973396311e-06, 0.00188051536679, 0.00470444187522, 0.00347225693986, 0.00392839498818, 0.00562669476494, 0.00310973776504, 0.00680223572999, 0.00510561047122, 0.00436265673488, 0.0046648606658, 0.00401357235387, 0.00455006258562, 0.00293190055527, 0.00300389365293, 0.0033936095424, 0.0029691294767, 0.00170234346297, 0.000715769361705, 3.16661462421e-05, 2.03666895686e-05, 1.43529468914e-05, 1.75178302015e-05, 1.38303576023e-05, 1.14485719678e-05, 7.4971740105e-06, 6.9189536589e-06, 3.51127687281e-06, 3.40323595083e-06, 3.52247843693e-06, 2.93437005894e-06, 3.51805852006e-06, 1.43458339608e-06, 2.45860610448e-06, 3.08227959067e-06, 3.3253543279e-06, 1.65665755958e-06, 1.57195836437e-06, 2.04160255635e-06, 7.66453297274e-07],
        "mean": [2.47590634217e-07, 0.000111636320071, 0.00050037674373, 0.000515235180501, 0.000463804841274, 0.000647414010018, 0.000495236366987, 0.000828914635349, 0.000405852362746, 0.000557138002478, 0.000433645123849, 0.00011332417489, 0.000330170500092, 0.000204282812774, 0.00018692118465, 0.000211848484469, 9.61472760537e-05, 3.67223619833e-05, 1.04564169305e-05, 6.93241588579e-07, 4.34011212747e-07, 2.25825900202e-07, 2.24666933946e-07, 1.71493070411e-07, 1.05570585163e-07, 5.87965978127e-08, 6.49355271776e-08, 7.6029031959e-08, 7.01247486745e-08, 3.29771019381e-08, 3.27019478163e-08, 7.57407860874e-08, 2.32348291718e-08, 1.64314553075e-08, 4.64112801524e-08, 3.96436199424e-08, 2.67898769835e-08, 2.61308112925e-08, 8.34809732453e-09, 5.58554358321e-09],
        "median": [8.12849521026e-08, 1.1576844372e-05, 0.000211116566788, 0.000223314142204, 0.000183797834325, 0.000313528988045, 0.000262984220171, 0.000288050214294, 0.000184817879926, 0.000136009402922, 7.18705632607e-05, 7.10451331543e-06, 1.65490164363e-05, 1.76005632966e-05, 9.40313202591e-06, 6.95046355759e-06, 1.06192237581e-06, 1.32493966021e-07, 2.62768864445e-08, 2.54939269695e-08, 1.41173837065e-08, 6.64031407638e-09, 1.01149781884e-08, 4.02183930603e-09, 1.31150612592e-09, 2.63089938723e-10, 4.78379280633e-10, 5.41733935489e-10, 2.00435390507e-10, 1.75766012855e-10, 1.49903769953e-10, 1.10399488162e-10, 7.60848675729e-11, 7.03632915822e-11, 7.94094373591e-11, 1.00404982939e-10, 7.36188054962e-11, 3.54818917303e-11, 3.96201058073e-11, 4.03080589739e-11],
        "min": [9.05855761669e-24, 2.51750237757e-23, 7.27604120437e-24, 1.78719159648e-24, 3.38923438306e-24, 7.58924422729e-24, 1.2089755645e-23, 1.60273406539e-23, 2.78475314836e-24, 1.35071288547e-23, 1.22036900367e-23, 5.18814569158e-24, 9.78439326875e-24, 6.54676769648e-24, 1.14420227446e-23, 5.25479497174e-24, 5.35006688655e-24, 4.43827265888e-24, 7.91500907126e-24, 1.76759195286e-23, 1.21447337281e-23, 1.28618690332e-23, 1.31368556896e-23, 7.14001712962e-24, 6.25560268624e-24, 1.67656923731e-23, 1.140979541e-23, 7.56084444584e-24, 1.76941737699e-23, 7.71374619965e-24, 1.09941351327e-23, 9.69291538046e-24, 9.50542365367e-24, 1.09362548304e-23, 1.87492831193e-23, 1.32029227904e-23, 8.20087333065e-24, 6.82412172443e-24, 9.3666054336e-24, 1.55880476816e-23],
        "stdev": [4.99180771385e-07, 0.000280559790554, 0.000690911721904, 0.000628655951004, 0.000719558622222, 0.000812444486655, 0.000579060055315, 0.00118513451889, 0.000593998876866, 0.000867961905897, 0.000787494180258, 0.000414200418163, 0.000673514907248, 0.000412993598729, 0.000439428491518, 0.000475675362395, 0.000338429148542, 0.00014566705795, 5.8701094531e-05, 2.5223407647e-06, 1.78656159733e-06, 1.0340688732e-06, 9.94117954178e-07, 7.56007239033e-07, 6.1083591163e-07, 3.32589252139e-07, 3.56577714911e-07, 3.06812410145e-07, 2.94576750548e-07, 2.09718720612e-07, 1.89124946814e-07, 3.31638545958e-07, 1.09282410676e-07, 1.24069700291e-07, 2.48645392276e-07, 2.23292573764e-07, 1.30017539846e-07, 1.3684027067e-07, 8.92408777986e-08, 4.22974828496e-08],
