{
"lowlevel": {
    "average_loudness": 0.981557667255,
    "barkbands_crest": {
        "dmean": 3.24615907669,
        "dmean2": 4.88678789139,
        "dvar": 10.3727626801,
        "dvar2": 23.340013504,
        "max": 26.2698707581,
        "mean": 14.7196092606,
        "median": 14.560344696,
        "min": 2.69576907158,
        "stdev": 5.38575172424,
        "var": 29.0063228607
    },
    "barkbands_flatness_db": {
        "dmean": 0.0387131646276,
        "dmean2": 0.0551153384149,
        "dvar": 0.00171720318031,
        "dvar2": 0.0033908218611,
        "max": 0.498549282551,
        "mean": 0.203685507178,
        "median": 0.195051118731,
        "min": 0.0268847569823,
        "stdev": 0.0768856108189,
        "var": 0.00591139728203
    },
    "barkbands_kurtosis": {
        "dmean": 9.9904460907,
        "dmean2": 15.3347978592,
        "dvar": 346.379058838,
        "dvar2": 753.361450195,
        "max": 305.922851562,
        "mean": 13.7437286377,
        "median": 3.56389570236,
        "min": -1.91972053051,
        "stdev": 27.0383872986,
        "var": 731.074401855
    },
    "barkbands_skewness": {
        "dmean": 1.0982863903,
        "dmean2": 1.58533453941,
        "dvar": 1.47124314308,
        "dvar2": 3.03911304474,
        "max": 13.3945045471,
        "mean": 2.3602604866,
        "median": 1.74722015858,
        "min": -1.95775747299,
        "stdev": 2.27428126335,
        "var": 5.17235517502
    },
    "barkbands_spread": {
        "dmean": 7.85446882248,
        "dmean2": 12.6097202301,
        "dvar": 129.030410767,
        "dvar2": 303.088226318,
        "max": 123.487945557,
        "mean": 16.3969097137,
        "median": 13.5890350342,
        "min": 0.216786295176,
        "stdev": 14.4897317886,
        "var": 209.952316284
    },
    "dissonance": {
        "dmean": 0.0352188646793,
        "dmean2": 0.0562778487802,
        "dvar": 0.0013799474109,
        "dvar2": 0.00310934241861,
        "max": 0.499916315079,
        "mean": 0.429303973913,
        "median": 0.44242733717,
        "min": 0.024895183742,
        "stdev": 0.0535985901952,
        "var": 0.0028728088364
    },
    "dynamic_complexity": 3.02170968056,
    "erbbands_crest": {
        "dmean": 3.96029996872,
        "dmean2": 6.19818735123,
        "dvar": 12.6958608627,
        "dvar2": 28.0315799713,
        "max": 28.5676002502,
        "mean": 11.7095041275,
        "median": 10.5933628082,
        "min": 2.54042077065,
        "stdev": 5.64044427872,
        "var": 31.8146095276
    },
    "erbbands_flatness_db": {
        "dmean": 0.0310476049781,
        "dmean2": 0.0428277291358,
        "dvar": 0.000871692260262,
        "dvar2": 0.00156392261852,
        "max": 0.363018214703,
        "mean": 0.176282703876,
        "median": 0.17513987422,
        "min": 0.0427056998014,
        "stdev": 0.0590843372047,
        "var": 0.00349095882848
    },
    "erbbands_kurtosis": {
        "dmean": 2.23562860489,
        "dmean2": 3.35551905632,
        "dvar": 8.81450080872,
        "dvar2": 18.0757198334,
        "max": 33.9265823364,
        "mean": 2.59331917763,
        "median": 0.981370210648,
        "min": -1.7871658802,
        "stdev": 4.64478206635,
        "var": 21.5740013123
    },
    "erbbands_skewness": {
        "dmean": 0.623647928238,
        "dmean2": 0.956266701221,
        "dvar": 0.329958260059,
        "dvar2": 0.699570775032,
        "max": 4.59390735626,
        "mean": 0.631305098534,
        "median": 0.559519529343,
        "min": -3.056163311,
        "stdev": 0.943349838257,
        "var": 0.889908909798
    },
    "erbbands_spread": {
        "dmean": 13.8777561188,
        "dmean2": 19.9485569,
        "dvar": 317.433258057,
        "dvar2": 646.943908691,
        "max": 187.595825195,
        "mean": 33.044052124,
        "median": 25.3735637665,
        "min": 1.83463585377,
        "stdev": 26.8922557831,
        "var": 723.19342041
    },
    "hfc": {
        "dmean": 11.2499752045,
        "dmean2": 16.9708423615,
        "dvar": 340.870788574,
        "dvar2": 702.943908691,
        "max": 246.390670776,
        "mean": 20.0403003693,
        "median": 14.6693229675,
        "min": 1.17277654013e-16,
        "stdev": 23.6799678802,
        "var": 560.740844727
    },
    "loudness_ebu128": {
        "integrated": -8.33249950409,
        "loudness_range": 0.902680397034,
        "momentary": {
            "dmean": 0.852922856808,
            "dmean2": 1.10088503361,
            "dvar": 0.573539674282,
            "dvar2": 0.890299022198,
            "max": -6.08059453964,
            "mean": -8.58326053619,
            "median": -8.13932418823,
            "min": -16.6837844849,
            "stdev": 1.63507533073,
            "var": 2.67347145081
        },
        "short_term": {
            "dmean": 0.0998016744852,
            "dmean2": 0.135286539793,
            "dvar": 0.00671851402149,
            "dvar2": 0.0129382964224,
            "max": -7.71601772308,
            "mean": -8.32551670074,
            "median": -8.31866073608,
            "min": -9.12263011932,
            "stdev": 0.322927802801,
            "var": 0.104282356799
        }
    },
    "melbands_crest": {
        "dmean": 4.18872880936,
        "dmean2": 6.47569561005,
        "dvar": 18.8348350525,
        "dvar2": 40.9389419556,
        "max": 37.0426864624,
        "mean": 21.6518821716,
        "median": 21.0259780884,
        "min": 2.2583591938,
        "stdev": 7.61756181717,
        "var": 58.0272445679
    },
    "melbands_flatness_db": {
        "dmean": 0.0461253635585,
        "dmean2": 0.064711458981,
        "dvar": 0.00243091909215,
        "dvar2": 0.00476120552048,
        "max": 0.62237149477,
        "mean": 0.285266011953,
        "median": 0.281087517738,
        "min": 0.00645415484905,
        "stdev": 0.0963476449251,
        "var": 0.00928286928684
    },
    "melbands_kurtosis": {
        "dmean": 22.8753910065,
        "dmean2": 35.8425178528,
        "dvar": 1571.47143555,
        "dvar2": 3590.50927734,
        "max": 630.362304688,
        "mean": 32.4268875122,
        "median": 10.2142381668,
        "min": -1.58025121689,
        "stdev": 55.1066246033,
        "var": 3036.73999023
    },
    "melbands_skewness": {
        "dmean": 1.50551867485,
        "dmean2": 2.18731474876,
        "dvar": 3.11195755005,
        "dvar2": 6.36293029785,
        "max": 15.3202810287,
        "mean": 3.5715970993,
        "median": 2.66607093811,
        "min": -1.40098810196,
        "stdev": 3.16941690445,
        "var": 10.0452032089
    },
    "melbands_spread": {
        "dmean": 7.35374975204,
        "dmean2": 11.3746795654,
        "dvar": 138.968170166,
        "dvar2": 322.927001953,
        "max": 156.42149353,
        "mean": 16.2333526611,
        "median": 13.4338912964,
        "min": 0.12820187211,
        "stdev": 15.3118944168,
        "var": 234.454101562
    },
    "pitch_salience": {
        "dmean": 0.0971067994833,
        "dmean2": 0.150266394019,
        "dvar": 0.0129002286121,
        "dvar2": 0.0299299135804,
        "max": 0.925260066986,
        "mean": 0.404076337814,
        "median": 0.407438963652,
        "min": 0.0687275603414,
        "stdev": 0.172976702452,
        "var": 0.0299209393561
    },
    "silence_rate_20dB": {
        "dmean": 0,
        "dmean2": 0,
        "dvar": 0,
        "dvar2": 0,
        "max": 1,
        "mean": 1,
        "median": 1,
        "min": 1,
        "stdev": 0,
        "var": 0
    },
    "silence_rate_30dB": {
        "dmean": 0.061919502914,
        "dmean2": 0.123934932053,
        "dvar": 0.0580857396126,
        "dvar2": 0.119418814778,
        "max": 1,
        "mean": 0.917246699333,
        "median": 1,
        "min": 0,
        "stdev": 0.275510638952,
        "var": 0.0759061202407
    },
    "silence_rate_60dB": {
        "dmean": 0.022445820272,
        "dmean2": 0.0449264124036,
        "dvar": 0.0219418667257,
        "dvar2": 0.0506537184119,
        "max": 1,
        "mean": 0.0355761796236,
        "median": 0,
        "min": 0,
        "stdev": 0.185231938958,
        "var": 0.0343108735979
    },
    "spectral_centroid": {
        "dmean": 323.432983398,
        "dmean2": 498.738342285,
        "dvar": 257352.046875,
        "dvar2": 479416.625,
        "max": 11314.8173828,
        "mean": 1024.97473145,
        "median": 862.449890137,
        "min": 132.748382568,
        "stdev": 664.940063477,
        "var": 442145.3125
    },
    "spectral_complexity": {
        "dmean": 4.46749210358,
        "dmean2": 6.69248628616,
        "dvar": 46.8417892456,
        "dvar2": 99.2476730347,
        "max": 58,
        "mean": 12.8112916946,
        "median": 11,
        "min": 0,
        "stdev": 9.45351028442,
        "var": 89.3688583374
    },
    "spectral_decrease": {
        "dmean": 3.62839225332e-09,
        "dmean2": 5.15315301541e-09,
        "dvar": 2.92727505905e-17,
        "dvar2": 5.53445041163e-17,
        "max": -8.26830794631e-29,
        "mean": -1.04808774992e-08,
        "median": -7.7152533251e-09,
        "min": -4.41319265576e-08,
        "stdev": 8.99362362361e-09,
        "var": 8.08852738633e-17
    },
    "spectral_energy": {
        "dmean": 0.0143091063946,
        "dmean2": 0.0203436166048,
        "dvar": 0.000433810171671,
        "dvar2": 0.000819732318632,
        "max": 0.169313967228,
        "mean": 0.0413749217987,
        "median": 0.0308182500303,
        "min": 1.09494947815e-20,
        "stdev": 0.0346408300102,
        "var": 0.00119998701848
    },
    "spectral_energyband_high": {
        "dmean": 0.000748834863771,
        "dmean2": 0.00119676196482,
        "dvar": 2.57516558122e-06,
        "dvar2": 5.77121136303e-06,
        "max": 0.0171657968313,
        "mean": 0.00078208069317,
        "median": 0.000120686774608,
        "min": 8.08760899743e-21,
        "stdev": 0.00176576490048,
        "var": 3.11792564389e-06
    },
    "spectral_energyband_low": {
        "dmean": 0.0101968403906,
        "dmean2": 0.0149211008102,
        "dvar": 0.000461039628135,
        "dvar2": 0.000918636040296,
        "max": 0.162774592638,
        "mean": 0.0256845131516,
        "median": 0.0168026536703,
        "min": 1.06143632935e-22,
        "stdev": 0.0321171656251,
        "var": 0.00103151227813
    },
    "spectral_energyband_middle_high": {
        "dmean": 0.00302084791474,
        "dmean2": 0.00441459612921,
        "dvar": 2.59147109318e-05,
        "dvar2": 4.35649453721e-05,
        "max": 0.0541664101183,
        "mean": 0.00502157676965,
        "median": 0.00209268624894,
        "min": 1.59703181274e-21,
        "stdev": 0.00745810801163,
        "var": 5.56233717361e-05
    },
    "spectral_energyband_middle_low": {
        "dmean": 0.0074659907259,
        "dmean2": 0.0120177892968,
        "dvar": 0.000196540364414,
        "dvar2": 0.000536384759471,
        "max": 0.129501968622,
        "mean": 0.0112614817917,
        "median": 0.00698504038155,
        "min": 3.57194299374e-22,
        "stdev": 0.013787727803,
        "var": 0.000190101447515
    },
    "spectral_entropy": {
        "dmean": 0.339191824198,
        "dmean2": 0.481677025557,
        "dvar": 0.119140543044,
        "dvar2": 0.226086348295,
        "max": 9.80490970612,
        "mean": 7.28074836731,
        "median": 7.2042632103,
        "min": 5.57121944427,
        "stdev": 0.622305691242,
        "var": 0.387264341116
    },
    "spectral_flux": {
        "dmean": 0.0425134561956,
        "dmean2": 0.0625851675868,
        "dvar": 0.00224014581181,
        "dvar2": 0.00338744418696,
        "max": 0.43065944314,
        "mean": 0.103714331985,
        "median": 0.0807846784592,
        "min": 1.04639831522e-10,
        "stdev": 0.0843819230795,
        "var": 0.00712030939758
    },
    "spectral_kurtosis": {
        "dmean": 3.43966937065,
        "dmean2": 5.34252691269,
        "dvar": 18.5278568268,
        "dvar2": 45.5583763123,
        "max": 51.9139900208,
        "mean": 7.25499534607,
        "median": 5.92873096466,
        "min": -1.43447029591,
        "stdev": 6.16297960281,
        "var": 37.9823150635
    },
    "spectral_rms": {
        "dmean": 0.00104452192318,
        "dmean2": 0.00144354288932,
        "dvar": 1.5997106857e-06,
        "dvar2": 2.77401022686e-06,
        "max": 0.0128524070606,
        "mean": 0.00585833517835,
        "median": 0.00548330042511,
        "min": 3.26839922314e-12,
        "stdev": 0.00245881127194,
        "var": 6.04575279795e-06
    },
    "spectral_rolloff": {
        "dmean": 584.997924805,
        "dmean2": 1002.50476074,
        "dvar": 2046178.125,
        "dvar2": 4498689,
        "max": 18346.2890625,
        "mean": 997.741210938,
        "median": 689.0625,
        "min": 43.06640625,
        "stdev": 1627.07116699,
        "var": 2647360.5
    },
    "spectral_skewness": {
        "dmean": 0.462629854679,
        "dmean2": 0.683377385139,
        "dvar": 0.211945921183,
        "dvar2": 0.448713034391,
        "max": 4.87393426895,
        "mean": 2.0641875267,
        "median": 2.04705810547,
        "min": -0.0563653931022,
        "stdev": 0.788952887058,
        "var": 0.622446656227
    },
    "spectral_spread": {
        "dmean": 1261237.5,
        "dmean2": 1829355.625,
        "dvar": 3.55983976038e+12,
        "dvar2": 6.44512953139e+12,
        "max": 40285760,
        "mean": 5046839.5,
        "median": 4381760,
        "min": 1049592.625,
        "stdev": 2813818.25,
        "var": 7.91757298074e+12
    },
    "spectral_strongpeak": {
        "dmean": 0.484600991011,
        "dmean2": 0.804756641388,
        "dvar": 0.759930312634,
        "dvar2": 1.74083077908,
        "max": 7.08330154419,
        "mean": 0.846961140633,
        "median": 0.363526314497,
        "min": 0,
        "stdev": 1.14121210575,
        "var": 1.30236518383
    },
    "zerocrossingrate": {
        "dmean": 0.013168098405,
        "dmean2": 0.0160281825811,
        "dvar": 0.000551834586076,
        "dvar2": 0.000669719476718,
        "max": 0.48876953125,
        "mean": 0.0398257002234,
        "median": 0.0322265625,
        "min": 0.00146484375,
        "stdev": 0.0385591499507,
        "var": 0.0014868080616
    },
    "barkbands": {
        "dmean": [0.000706876104232, 0.00839998666197, 0.00527912378311, 0.0024413713254, 0.00186900794506, 0.000784496893175, 0.00159306509886, 0.000916463555768, 0.00198844610713, 0.000835966144223, 0.000623925356194, 0.000671225483529, 0.000760770402849, 0.000511617108714, 0.000281509885099, 0.000171875799424, 0.000148591236211, 0.000144632504089, 0.000111645567813, 0.000111437351734, 0.000116798844829, 0.000122913304949, 0.000169384191395, 0.000134213958518, 0.000133418638143, 7.70064507378e-05, 4.85772716274e-06],
        "dmean2": [0.000913844734896, 0.0123682217672, 0.00930578447878, 0.00460183341056, 0.00334008294158, 0.00135964946821, 0.00252035516314, 0.00147725339048, 0.00274272845127, 0.00115240120795, 0.00101055798586, 0.00102690351196, 0.00115289585665, 0.000806042167824, 0.00044130923925, 0.000258883694187, 0.000224226459977, 0.000224966759561, 0.000182581236004, 0.000163112825248, 0.000180484188604, 0.000191787548829, 0.000296965590678, 0.000221492504352, 0.000212878978346, 0.00011630555673, 7.77335299063e-06],
        "dvar": [2.02461569643e-06, 0.000338396610459, 0.000326645938912, 8.36885155877e-05, 2.74312333204e-05, 5.28010878043e-06, 1.21782477436e-05, 7.80274967838e-06, 1.51584399646e-05, 5.43449232282e-06, 2.11459519051e-06, 3.05284106616e-06, 2.3504019282e-06, 1.429747158e-06, 3.96680036374e-07, 2.42828576802e-07, 7.38399066336e-08, 1.39610051519e-07, 7.0556993137e-08, 6.49182538837e-08, 7.7070062332e-08, 7.20300548096e-08, 1.74297468902e-07, 8.58460325048e-08, 9.90056321371e-08, 7.54709859052e-08, 5.39648770115e-10],
        "dvar2": [3.13226360049e-06, 0.000734670902602, 0.000866429298185, 0.000239513756242, 7.93708823039e-05, 1.33692974487e-05, 2.89262134174e-05, 1.86581037269e-05, 2.7925514587e-05, 8.54229529068e-06, 5.54490816285e-06, 6.06417324889e-06, 5.24646020494e-06, 3.16640330311e-06, 9.04885382624e-07, 4.6885392635e-07, 1.48643152897e-07, 3.07655881215e-07, 1.63650426543e-07, 1.33320369855e-07, 1.82622329703e-07, 1.70345060724e-07, 4.71994241025e-07, 2.06287722904e-07, 2.13176051034e-07, 1.31209631604e-07, 1.12060449808e-09],
        "max": [0.0189578998834, 0.159644931555, 0.131855070591, 0.0663076937199, 0.0475223958492, 0.0372056774795, 0.0361582897604, 0.034938197583, 0.0420375242829, 0.0475542023778, 0.0243068411946, 0.0173569526523, 0.0131887523457, 0.0134182693437, 0.00755814323202, 0.00668732775375, 0.00280844280496, 0.00380753143691, 0.0025280371774, 0.0040474710986, 0.0017419566866, 0.00178065954242, 0.00350485066883, 0.00287830946036, 0.00553677557036, 0.00576494028792, 0.000509916455485],
        "mean": [0.00191463925876, 0.01863155514, 0.00418567750603, 0.0014834884787, 0.00193127791863, 0.000881052343175, 0.00187408027705, 0.00100598856807, 0.00326926633716, 0.00118910742458, 0.000801110407338, 0.000839327636641, 0.000983203179203, 0.000589703384321, 0.000311972922646, 0.000203168601729, 0.000181895316928, 0.000132360088173, 0.000121150718769, 0.000119645847008, 0.00011478945089, 0.000121466648125, 0.000138761519338, 0.000129629101139, 0.000134423404234, 8.14922677819e-05, 4.72890042147e-06],
        "median": [0.000978842028417, 0.0128514487296, 0.000419534248067, 8.46260227263e-05, 0.000483823736431, 0.000226320888032, 0.000510987942107, 0.000136093934998, 0.000424534053309, 0.000172549000126, 0.000193514759303, 0.000148069666466, 0.00014661125897, 8.18379994598e-05, 5.82162574574e-05, 3.78993681807e-05, 5.3738218412e-05, 1.83545289474e-05, 2.21227910515e-05, 1.95750490093e-05, 1.37217984957e-05, 2.173285975e-05, 1.2243569472e-05, 1.26508875837e-05, 1.27365246954e-05, 8.48782110552e-06, 1.74021664634e-07],
        "min": [8.13424645414e-23, 3.44846000879e-23, 3.06183391488e-23, 7.09984044372e-24, 5.36391589195e-23, 1.29796522772e-22, 3.59418723044e-23, 1.39559591553e-23, 7.44202416526e-23, 1.2372825128e-22, 4.35989065047e-23, 6.93689065301e-23, 1.18102082682e-22, 4.97485253339e-23, 1.12422852144e-22, 1.04567570888e-22, 2.75883515487e-22, 2.8905547312e-22, 2.89274789074e-22, 3.58828692952e-22, 4.54360051497e-22, 5.56403463125e-22, 7.37800728238e-22, 8.93999983746e-22, 1.10445555246e-21, 2.10878791957e-21, 2.20957793851e-21],
        "stdev": [0.00250237993896, 0.0244199987501, 0.0149740520865, 0.00688595417887, 0.00441314186901, 0.00223375391215, 0.00384041713551, 0.00295329536311, 0.0065029207617, 0.00352695584297, 0.00157482537907, 0.00207846285775, 0.00199876725674, 0.00139247707557, 0.00070848147152, 0.000589576608036, 0.000344652478816, 0.000403838290367, 0.000300205691019, 0.00030490118661, 0.000285326590529, 0.000276975304587, 0.000361051555956, 0.000308705755742, 0.00038061075611, 0.000332434399752, 2.54627157119e-05],
        "var": [6.26190558251e-06, 0.000596336321905, 0.00022422222537, 4.74163680337e-05, 1.94758213183e-05, 4.98965664519e-06, 1.47488044604e-05, 8.72195323609e-06, 4.2287978431e-05, 1.24394182421e-05, 2.48007495429e-06, 4.32000797446e-06, 3.99507098336e-06, 1.9389924546e-06, 5.01945976339e-07, 3.47600575878e-07, 1.18785322911e-07, 1.63085360327e-07, 9.0123464247e-08, 9.29647399062e-08, 8.14112581793e-08, 7.67153238712e-08, 1.30358230876e-07, 9.52992422754e-08, 1.44864557683e-07, 1.10512623053e-07, 6.483499293e-10]
    },
    "erbbands": {
        "dmean": [0.324432998896, 1.84260106087, 4.8677072525, 8.5040807724, 5.23420000076, 7.48670244217, 6.58665847778, 6.92945384979, 14.5127677917, 27.5400848389, 17.4312286377, 54.0864524841, 36.6184539795, 19.1374168396, 22.0473632812, 29.4880161285, 33.4502601624, 25.6646251678, 18.7231330872, 11.3976783752, 7.77094459534, 8.01874637604, 8.01557064056, 5.26560783386, 5.73250389099, 4.95036697388, 5.30080080032, 4.29835176468, 4.51864099503, 4.03916788101, 4.76943206787, 3.24366927147, 2.17547369003, 1.53748452663, 0.968128323555, 0.438871443272, 0.114574797451, 0.0196666195989, 0.000529963173904, 2.94641722576e-05],
        "dmean2": [0.42004904151, 2.68390703201, 7.89315986633, 15.6155443192, 9.60713100433, 13.026304245, 11.6157741547, 11.7121257782, 23.5669193268, 43.3857879639, 27.6242713928, 73.5078353882, 46.8224716187, 28.8711242676, 35.9632492065, 43.6960906982, 50.9825248718, 40.5580253601, 29.3588485718, 16.5971946716, 11.7595033646, 12.1378536224, 12.6453666687, 8.17768478394, 8.97572135925, 7.10816717148, 8.19907474518, 6.64805984497, 7.1699795723, 6.55564451218, 8.3255777359, 5.45728397369, 3.59423589706, 2.53462719917, 1.53894913197, 0.66504329443, 0.174865067005, 0.0297267660499, 0.000808754528407, 4.19689022237e-05],
        "dvar": [0.453199416399, 19.7216663361, 221.458206177, 973.257446289, 337.035949707, 349.558197021, 283.08001709, 516.036254883, 860.896972656, 3338.54907227, 3336.09912109, 11873.1210938, 7314.18798828, 1126.86096191, 3071.68432617, 5531.44189453, 4659.61035156, 3478.43920898, 1277.44641113, 771.056396484, 329.148376465, 252.839691162, 362.369934082, 195.527526855, 170.156066895, 133.174179077, 162.812576294, 100.165725708, 101.025856018, 79.3829574585, 133.982833862, 51.3936309814, 24.8820552826, 12.9639749527, 6.01456546783, 1.94104480743, 0.187086850405, 0.00706310989335, 5.2962400332e-06, 3.8201637409e-09],
        "dvar2": [0.781174659729, 44.9170837402, 527.511352539, 2727.42089844, 968.94909668, 990.821960449, 805.745666504, 1175.77746582, 2115.78466797, 7766.17041016, 8140.546875, 21690.7265625, 10672.9746094, 2726.8671875, 7363.91699219, 10951.5791016, 9680.51855469, 7695.78076172, 2911.21728516, 1589.9753418, 588.774719238, 517.676147461, 862.552062988, 378.069702148, 360.696350098, 266.381195068, 385.615783691, 232.069076538, 245.21697998, 194.34173584, 361.268096924, 132.048522949, 59.40366745, 30.7636375427, 12.0023183823, 3.51003336906, 0.319132208824, 0.0128688225523, 9.69103075477e-06, 6.74610811657e-09],
        "max": [6.62444925308, 37.3385810852, 115.702781677, 192.263076782, 202.496246338, 165.280563354, 128.020431519, 478.871154785, 316.539123535, 622.312805176, 886.226013184, 1176.96643066, 1776.50415039, 504.527984619, 994.240356445, 785.078125, 679.344970703, 711.019714355, 341.262390137, 297.276489258, 179.624862671, 182.754974365, 170.271484375, 150.178253174, 120.941650391, 184.419494629, 107.253372192, 67.6196289062, 71.5038146973, 72.9210586548, 88.1837844849, 59.1511230469, 45.4253425598, 58.4433097839, 38.6110877991, 26.9170837402, 10.1601428986, 2.01592826843, 0.0541787929833, 0.00137529720087],
        "mean": [0.760029315948, 3.24763703346, 5.02273225784, 5.60259342194, 3.93135404587, 8.27216434479, 6.60551786423, 8.60046386719, 17.3656349182, 32.1061134338, 21.5752334595, 91.5391921997, 58.4625854492, 28.4444732666, 29.2570896149, 39.2509994507, 45.0568008423, 33.3055076599, 22.6400604248, 13.5514945984, 10.4283437729, 9.33887958527, 7.5871052742, 5.83507728577, 6.60615825653, 5.47417116165, 5.07670116425, 4.26682758331, 4.45898532867, 3.91092848778, 3.86324620247, 2.91363525391, 2.11850309372, 1.48251152039, 0.98226326704, 0.457622289658, 0.122565768659, 0.020125919953, 0.000573892262764, 6.39966674498e-05],
        "median": [0.584019064903, 1.74564278126, 1.10133373737, 0.395455181599, 0.639055728912, 1.94214975834, 1.57325673103, 2.13243412971, 6.12979125977, 9.8486328125, 7.17548370361, 13.3971509933, 11.5448732376, 9.14864730835, 6.90589141846, 7.86658096313, 7.80497312546, 6.24831342697, 4.19601297379, 2.68613767624, 2.8292953968, 2.64491224289, 1.32662844658, 0.933345377445, 1.30635774136, 0.884635567665, 0.595621883869, 0.540005326271, 0.763356804848, 0.600015282631, 0.295694231987, 0.257618397474, 0.182229474187, 0.106962017715, 0.098816677928, 0.050182312727, 0.0116908848286, 0.0012831655331, 5.77322134632e-05, 4.3140098569e-05],
        "min": [1.41902995642e-21, 6.92288861175e-21, 3.1437238287e-20, 3.08641442941e-20, 3.09192713583e-20, 2.74774329293e-19, 6.26191129942e-19, 1.14419789251e-18, 7.91535021814e-19, 2.29784725409e-19, 6.54208461072e-19, 1.8154674707e-18, 3.31606967521e-18, 2.32977714952e-18, 2.47494300432e-18, 2.79137536419e-18, 5.28428866052e-18, 3.42914691931e-18, 5.98086324462e-18, 6.2083193015e-18, 5.09888315725e-18, 1.74571621001e-17, 1.55669369408e-17, 1.47901928389e-17, 1.49943922993e-17, 1.62921890495e-17, 1.74087836148e-17, 1.91837477732e-17, 1.72388095794e-17, 1.97224524559e-17, 2.17801469476e-17, 2.10608290326e-17, 1.31112155459e-17, 1.05838164695e-17, 8.54960315373e-18, 5.99651515617e-18, 4.94681261908e-18, 1.13477671892e-18, 3.02402549494e-19, 3.58175473714e-20],
        "stdev": [0.99309527874, 5.16275501251, 13.9550790787, 24.1971759796, 14.0690565109, 17.5335578918, 14.4997520447, 24.2154998779, 31.2108764648, 63.4707984924, 60.8311576843, 183.27571106, 136.950134277, 44.3703079224, 64.176109314, 90.5014343262, 90.3776550293, 70.0049285889, 42.8293495178, 32.9738807678, 23.7583255768, 19.4572963715, 19.8360023499, 17.197675705, 15.5351667404, 14.1233673096, 12.9911422729, 10.607717514, 10.127825737, 8.89038944244, 10.0759820938, 6.97019815445, 5.26881313324, 4.04774713516, 2.99385356903, 1.68792819977, 0.524367511272, 0.0983995273709, 0.00272301398218, 8.2304890384e-05],
        "var": [0.986238241196, 26.6540412903, 194.744232178, 585.503356934, 197.938339233, 307.425628662, 210.242797852, 586.390441895, 974.118835449, 4028.54223633, 3700.42993164, 33589.984375, 18755.3398438, 1968.72424316, 4118.57324219, 8190.51025391, 8168.12011719, 4900.68994141, 1834.35327148, 1087.27685547, 564.458068848, 378.586395264, 393.46697998, 295.760040283, 241.341400146, 199.469512939, 168.769775391, 112.523674011, 102.572845459, 79.0390167236, 101.525413513, 48.5836601257, 27.760389328, 16.3842582703, 8.96315860748, 2.84910154343, 0.274961292744, 0.00968246627599, 7.41480562283e-06, 6.77409461858e-09]
    },
    "gfcc": {
        "mean": [-28.460357666, 100.89641571, -100.396522522, 13.7074165344, -50.4613571167, 29.1316833496, -23.2538089752, 18.5688858032, -13.731464386, 13.7075119019, -10.7904720306, 5.95776367188, -7.07075500488],
        "cov": [[7026.85351562, -2075.72265625, -171.78302002, 199.731582642, -666.306152344, 334.402374268, -559.51159668, 168.944824219, -362.387481689, 174.394195557, -362.462860107, 113.782592773, -387.475799561], [-2075.72265625, 2261.32055664, -16.2548465729, -70.7342529297, 539.43927002, -179.977874756, 571.806640625, -13.7992963791, 383.340911865, -68.7704086304, 243.328201294, -96.7909469604, 184.506851196], [-171.78302002, -16.2548465729, 984.661560059, 416.38079834, 119.451019287, 131.724700928, -47.2123222351, 76.9710845947, 34.5405921936, 31.6951198578, 26.0407409668, 15.384519577, 5.14686870575], [199.731582642, -70.7342529297, 416.38079834, 773.832641602, 154.392410278, 24.3168983459, -37.2509307861, -63.9519042969, 27.036939621, -42.47215271, 52.3137512207, -13.1358633041, 58.2078170776], [-666.306152344, 539.43927002, 119.451019287, 154.392410278, 547.686706543, 89.1232299805, 245.484863281, 80.0817947388, 140.748474121, 26.0555152893, 96.9487609863, -10.2246875763, 66.8956375122], [334.402374268, -179.977874756, 131.724700928, 24.3168983459, 89.1232299805, 361.771759033, 127.782203674, 98.0761184692, 19.925453186, 60.0404472351, 22.4358119965, 16.718755722, -32.2274360657], [-559.51159668, 571.806640625, -47.2123222351, -37.2509307861, 245.484863281, 127.782203674, 494.103424072, 88.6447067261, 114.968383789, 6.05653333664, 97.3657836914, 16.9608535767, 40.8354911804], [168.944824219, -13.7992963791, 76.9710845947, -63.9519042969, 80.0817947388, 98.0761184692, 88.6447067261, 193.505157471, 58.2538833618, 70.0781097412, -3.7229218483, 27.3165550232, -10.1667785645], [-362.387481689, 383.340911865, 34.5405921936, 27.036939621, 140.748474121, 19.925453186, 114.968383789, 58.2538833618, 226.275634766, 57.5343589783, 82.858253479, -17.8459281921, 43.9717025757], [174.394195557, -68.7704086304, 31.6951198578, -42.47215271, 26.0555152893, 60.0404472351, 6.05653333664, 70.0781097412, 57.5343589783, 161.803314209, 37.5183448792, 22.7894763947, -3.92425751686], [-362.462860107, 243.328201294, 26.0407409668, 52.3137512207, 96.9487609863, 22.4358119965, 97.3657836914, -3.7229218483, 82.858253479, 37.5183448792, 145.313339233, 29.9129829407, 52.4264221191], [113.782592773, -96.7909469604, 15.384519577, -13.1358633041, -10.2246875763, 16.718755722, 16.9608535767, 27.3165550232, -17.8459281921, 22.7894763947, 29.9129829407, 115.506858826, 17.3196163177], [-387.475799561, 184.506851196, 5.14686870575, 58.2078170776, 66.8956375122, -32.2274360657, 40.8354911804, -10.1667785645, 43.9717025757, -3.92425751686, 52.4264221191, 17.3196163177, 126.139053345]],
        "icov": [[0.000298877246678, -5.23345734109e-05, 0.000270711461781, -0.00040442601312, 0.000275290280115, -0.000328059133608, 0.000243638278334, -0.000383183680242, 0.000171371677425, -0.000369813933503, 0.000485049095005, -0.000411916174926, 0.000614371674601], [-5.23345734109e-05, 0.0015765784774, -0.000487622775836, 0.00079116190318, -0.000795562227722, 0.00129457912408, -0.00138168327976, 0.000782991060987, -0.0015102630714, 0.000985479447991, -0.00108422967605, 0.00124734966084, -0.00071248668246], [0.000270711461781, -0.000487622775836, 0.00188642169815, -0.00140739942435, 0.000382708356483, -0.00100886204746, 0.000992010813206, -0.00138469890226, 0.000548912852537, -0.000544587906916, 0.000526709132828, -0.000805057643447, 0.000907179201022], [-0.00040442601312, 0.00079116190318, -0.00140739942435, 0.00292388605885, -0.00124755350407, 0.000817746622488, -0.00061659241328, 0.00182570540346, -0.00100508774631, 0.00142156961374, -0.00140876963269, 0.00118886015844, -0.00165721133817], [0.000275290280115, -0.000795562227722, 0.000382708356483, -0.00124755350407, 0.00357684213668, -0.000998882111162, -0.000176940346137, -0.00154494505841, 0.000266883434961, -0.000690424407367, 0.000255339808064, -0.000190121223568, 0.000155510540935], [-0.000328059133608, 0.00129457912408, -0.00100886204746, 0.000817746622488, -0.000998882111162, 0.00519997114316, -0.00229141837917, -0.000251338438829, -0.000548912910745, 0.000132917091832, -0.00176514836494, 0.0015270068543, 6.17532496108e-05], [0.000243638278334, -0.00138168327976, 0.000992010813206, -0.00061659241328, -0.000176940346137, -0.00229141837917, 0.00487642316148, -0.00205155741423, 0.000774536572862, 0.000444148230599, -0.000461657269625, -0.00150122994091, 0.000919690297451], [-0.000383183680242, 0.000782991060987, -0.00138469890226, 0.00182570540346, -0.00154494505841, -0.000251338438829, -0.00205155741423, 0.0102746784687, -0.00310634286143, -0.00191013771109, 0.00291416724212, -0.00153549620882, -0.000837869767565], [0.000171371677425, -0.0015102630714, 0.000548912852537, -0.00100508774631, 0.000266883434961, -0.000548912910745, 0.000774536572862, -0.00310634286143, 0.00930812675506, -0.0027302657254, -0.00235946290195, 0.00171866733581, -0.000191022190847], [-0.000369813933503, 0.000985479447991, -0.000544587906916, 0.00142156961374, -0.000690424407367, 0.000132917091832, 0.000444148230599, -0.00191013771109, -0.0027302657254, 0.0101799769327, -0.00394929759204, 0.000360126490705, -0.000248445227044], [0.000485049095005, -0.00108422967605, 0.000526709132828, -0.00140876963269, 0.000255339808064, -0.00176514836494, -0.000461657269625, 0.00291416724212, -0.00235946290195, -0.00394929759204, 0.0146607793868, -0.00516483141109, -0.00118212646339], [-0.000411916174926, 0.00124734966084, -0.000805057643447, 0.00118886015844, -0.000190121223568, 0.0015270068543, -0.00150122994091, -0.00153549620882, 0.00171866733581, 0.000360126490705, -0.00516483141109, 0.0126684866846, -0.00293316389434], [0.000614371674601, -0.00071248668246, 0.000907179201022, -0.00165721133817, 0.000155510540935, 6.17532496108e-05, 0.000919690297451, -0.000837869767565, -0.000191022190847, -0.000248445227044, -0.00118212646339, -0.00293316389434, 0.0121058430523]]
    },
    "melbands": {
        "dmean": [0.00247075385414, 0.00205372390337, 0.00128617684823, 0.000420948024839, 0.000260959524894, 0.000149839470396, 0.000266282091616, 0.000286110676825, 0.000131000037072, 0.000364050676581, 0.00017696521536, 7.36436704756e-05, 7.3463015724e-05, 8.52154698805e-05, 5.91910284129e-05, 8.55602993397e-05, 4.89287594974e-05, 3.41848281096e-05, 2.11293263419e-05, 1.45161993714e-05, 8.56864335219e-06, 7.92530590843e-06, 9.82858546195e-06, 5.77410446567e-06, 4.2430715439e-06, 4.50273773822e-06, 3.99128293793e-06, 3.05026128444e-06, 3.70611087419e-06, 2.7345554372e-06, 2.51832511822e-06, 2.63122137767e-06, 2.38845609601e-06, 2.33977993958e-06, 2.66925076176e-06, 2.89952299681e-06, 1.70993405391e-06, 1.54974668476e-06, 1.45401850205e-06, 1.25943847706e-06],
        "dmean2": [0.00341758015566, 0.00299029098824, 0.00232047075406, 0.000755926244892, 0.000455330533441, 0.000255837629084, 0.000425555452239, 0.000454011023976, 0.000210188052733, 0.000498431909364, 0.000230379067943, 0.000112382316729, 0.000119951102533, 0.000127468214487, 8.90611845534e-05, 0.000130345506477, 7.80113550718e-05, 5.37225023436e-05, 3.24311440636e-05, 2.15633226617e-05, 1.31569422592e-05, 1.18184270832e-05, 1.61736679729e-05, 8.79823437572e-06, 6.84231144987e-06, 7.22014692656e-06, 6.17516661805e-06, 4.32907290815e-06, 5.84967119721e-06, 4.16952480009e-06, 3.97812573283e-06, 4.21661434302e-06, 3.76029311155e-06, 3.88091166315e-06, 4.66225765194e-06, 5.13196073371e-06, 2.82534369944e-06, 2.55878444477e-06, 2.40911253968e-06, 2.0876061626e-06],
        "dvar": [2.53106627497e-05, 2.8543136068e-05, 2.06980566873e-05, 1.53722521645e-06, 4.11864249372e-07, 2.2142070577e-07, 3.08361876478e-07, 3.53775504891e-07, 1.80638338065e-07, 5.38877145573e-07, 1.84315595675e-07, 1.7679255393e-08, 3.60762619778e-08, 4.5816488381e-08, 2.21773106546e-08, 3.28301617003e-08, 1.453556564e-08, 4.59856996926e-09, 2.71675704155e-09, 2.08118455802e-09, 3.51346535199e-10, 2.55684140527e-10, 5.08719510961e-10, 2.82425666187e-10, 1.35791461409e-10, 1.21548729415e-10, 7.26395887884e-11, 5.99994637307e-11, 8.40413780234e-11, 3.9950698999e-11, 3.65328670093e-11, 3.52207499277e-11, 2.68742632314e-11, 2.85916654935e-11, 4.12678571871e-11, 5.56075324676e-11, 1.24613522626e-11, 1.19071141835e-11, 1.24739584981e-11, 8.84072069024e-12],
        "dvar2": [4.76332206745e-05, 5.63549619983e-05, 5.69378753426e-05, 4.44633724328e-06, 1.17504953323e-06, 5.24210349795e-07, 7.40089831197e-07, 8.11298207282e-07, 4.3118228632e-07, 9.75101215772e-07, 2.69840114697e-07, 4.23466808286e-08, 9.3484828767e-08, 9.55140393444e-08, 5.06725967853e-08, 7.183228945e-08, 3.28866960331e-08, 1.04106483434e-08, 5.90565152336e-09, 4.41667991069e-09, 6.86280754447e-10, 4.86660656218e-10, 1.338203659e-09, 5.91052762289e-10, 2.96940583233e-10, 2.69340966197e-10, 1.60545743366e-10, 1.16273386752e-10, 2.05599301473e-10, 9.11097308709e-11, 8.80296599504e-11, 8.67374436164e-11, 6.40860975398e-11, 7.30634927559e-11, 1.11139993042e-10, 1.53423510008e-10, 3.00074028126e-11, 2.81446532746e-11, 3.03872864371e-11, 2.1228071384e-11],
        "max": [0.0474592000246, 0.0438053533435, 0.0285356473178, 0.0119870379567, 0.00487524457276, 0.00915377028286, 0.00615795562044, 0.0063119949773, 0.00629347236827, 0.00806818250567, 0.00895610824227, 0.00186530465726, 0.00368926068768, 0.00234481785446, 0.00149363931268, 0.00182067509741, 0.00157071370631, 0.000776440429036, 0.000676950032357, 0.000699258642271, 0.000179711641977, 0.000202336770599, 0.000168683603988, 0.00020014862821, 0.000125799531816, 0.000107407286123, 7.76851957198e-05, 0.000147575701703, 8.22126166895e-05, 4.78270085296e-05, 4.9059803132e-05, 4.54072433058e-05, 4.00788267143e-05, 5.03541014041e-05, 4.72136562166e-05, 6.64079198032e-05, 3.78854492737e-05, 3.36877637892e-05, 4.18533600168e-05, 5.08136145072e-05],
        "mean": [0.00587414158508, 0.00310671166517, 0.000889849499799, 0.000423432997195, 0.000273545418167, 0.000178547183168, 0.00031931171543, 0.00033157269354, 0.00015262857778, 0.000616658944637, 0.000270099844784, 0.000103605540062, 9.28769077291e-05, 0.000110184177174, 7.36992442398e-05, 0.000108407628431, 5.78090766794e-05, 3.9807138819e-05, 2.39456712734e-05, 1.60948857229e-05, 1.12327079478e-05, 9.5830673672e-06, 9.14247175388e-06, 5.52239998797e-06, 4.45939349447e-06, 4.89300418849e-06, 4.47894308309e-06, 3.34625565301e-06, 3.35731920131e-06, 2.73414161711e-06, 2.38288134824e-06, 2.53506391346e-06, 2.33104492509e-06, 2.1786427169e-06, 2.16366970562e-06, 2.25575968216e-06, 1.62176752383e-06, 1.50555899836e-06, 1.36246683269e-06, 1.204164505e-06],
        "median": [0.00426867976785, 0.00115187629126, 7.64350115787e-05, 9.77425224846e-05, 6.80450830259e-05, 4.56949564978e-05, 9.74655195023e-05, 9.5382652944e-05, 4.24257559644e-05, 7.71831837483e-05, 5.06433170813e-05, 3.38007994287e-05, 2.20366473513e-05, 2.1389378162e-05, 1.30742018882e-05, 1.66897516465e-05, 8.59215379023e-06, 6.95108565196e-06, 4.15322301706e-06, 2.80179324363e-06, 3.33979869538e-06, 2.77953904515e-06, 1.66453799011e-06, 7.61737680932e-07, 5.83547375754e-07, 8.83291875198e-07, 8.08180459444e-07, 4.88878526994e-07, 3.64337211067e-07, 3.07386414988e-07, 2.68298009587e-07, 4.2498012931e-07, 4.06155578503e-07, 2.87152630563e-07, 1.74798927333e-07, 1.2401248739e-07, 1.61703709978e-07, 1.36966576747e-07, 7.92266021676e-08, 8.68549179245e-08],
        "min": [1.55328037524e-23, 1.40457031273e-23, 5.34573959006e-24, 9.31672654742e-24, 2.01859471335e-23, 2.48954214942e-23, 1.11964464005e-23, 1.98010161439e-24, 7.44898081403e-24, 1.0808786741e-23, 1.71432270028e-23, 1.02755222911e-23, 6.63690215465e-24, 7.78507815815e-24, 7.4114965104e-24, 1.42308188051e-23, 4.8283020565e-24, 8.4955160342e-24, 8.28695698808e-24, 9.25082431854e-24, 4.91449970432e-24, 1.83632414135e-23, 1.24502848002e-23, 1.52432286913e-23, 1.12664727942e-23, 1.20259628302e-23, 1.03115227474e-23, 1.11627060307e-23, 1.29472821589e-23, 7.73604335314e-24, 1.2209563895e-23, 7.96066045185e-24, 1.29370774542e-23, 9.85046904703e-24, 1.0414006823e-23, 1.91517978184e-23, 1.00069435519e-23, 8.68925632822e-24, 9.77148908206e-24, 8.43333565107e-24],
        "stdev": [0.00739409821108, 0.00617977231741, 0.0036148338113, 0.00103906611912, 0.000558435858693, 0.00048661508481, 0.000608778209426, 0.000656154763419, 0.000451392639661, 0.0012473105453, 0.000679491960909, 0.000170990402694, 0.000200006921659, 0.000254137179581, 0.000170281113242, 0.000237489497522, 0.000137618844747, 8.0954610894e-05, 5.91015232203e-05, 5.11867037858e-05, 2.43922604568e-05, 2.0148781914e-05, 2.15597865463e-05, 1.85292028618e-05, 1.34986130433e-05, 1.23321196952e-05, 1.00963688965e-05, 9.43258146435e-06, 8.9605764515e-06, 6.79431741446e-06, 6.16419993094e-06, 5.8633718254e-06, 5.3075013966e-06, 5.09748633704e-06, 5.61881779504e-06, 6.25708480584e-06, 3.79494167646e-06, 3.66908579963e-06, 3.76539924218e-06, 3.32518857249e-06],
        "var": [5.46726878383e-05, 3.818958794e-05, 1.30670232465e-05, 1.07965843199e-06, 3.11850584467e-07, 2.36794249986e-07, 3.70610933942e-07, 4.30539103036e-07, 2.03755305961e-07, 1.55578368322e-06, 4.61709333877e-07, 2.92377180244e-08, 4.00027673209e-08, 6.45857127779e-08, 2.89956556543e-08, 5.64012587745e-08, 1.89389481875e-08, 6.5536491789e-09, 3.49299011937e-09, 2.62007859853e-09, 5.94982396684e-10, 4.05973421547e-10, 4.64824428947e-10, 3.43331391095e-10, 1.82212550603e-10, 1.52081180982e-10, 1.0193666744e-10, 8.89735993215e-11, 8.02919258858e-11, 4.61627472359e-11, 3.79973622011e-11, 3.43791314861e-11, 2.81695691079e-11, 2.59843691702e-11, 3.15711137788e-11, 3.91511129072e-11, 1.44015814899e-11, 1.34621914311e-11, 1.41782315055e-11, 1.10568785031e-11]
    },
    "melbands128": {
