{
"lowlevel": {
    "average_loudness": 0.954409837723,
    "barkbands_crest": {
        "dmean": 3.01774716377,
        "dmean2": 4.63125753403,
        "dvar": 7.32419919968,
        "dvar2": 16.4921970367,
        "max": 26.1552753448,
        "mean": 11.6011199951,
        "median": 10.5941619873,
        "min": 3.13924407959,
        "stdev": 4.70138120651,
        "var": 22.1029853821
    },
    "barkbands_flatness_db": {
        "dmean": 0.0359785780311,
        "dmean2": 0.0483309924603,
        "dvar": 0.00158586667385,
        "dvar2": 0.00228815083392,
        "max": 0.579325258732,
        "mean": 0.181030184031,
        "median": 0.160822242498,
        "min": 0.0394123606384,
        "stdev": 0.0806178078055,
        "var": 0.00649923086166
    },
    "barkbands_kurtosis": {
        "dmean": 12.671541214,
        "dmean2": 19.1609210968,
        "dvar": 1314.59277344,
        "dvar2": 3044.79614258,
        "max": 638.380004883,
        "mean": 16.0283489227,
        "median": 6.67636585236,
        "min": -1.94473028183,
        "stdev": 38.8538856506,
        "var": 1509.62451172
    },
    "barkbands_skewness": {
        "dmean": 1.051410079,
        "dmean2": 1.50610721111,
        "dvar": 2.02721166611,
        "dvar2": 4.02279758453,
        "max": 20.6201820374,
        "mean": 2.56763458252,
        "median": 2.20545983315,
        "min": -2.02406215668,
        "stdev": 2.26213216782,
        "var": 5.11724233627
    },
    "barkbands_spread": {
        "dmean": 7.4472117424,
        "dmean2": 11.1395578384,
        "dvar": 113.276062012,
        "dvar2": 233.308380127,
        "max": 93.7829055786,
        "mean": 18.5222625732,
        "median": 13.3030061722,
        "min": 0.102306760848,
        "stdev": 17.6535282135,
        "var": 311.647064209
    },
    "dissonance": {
        "dmean": 0.0307306554168,
        "dmean2": 0.0494613163173,
        "dvar": 0.00100063567515,
        "dvar2": 0.00249766628258,
        "max": 0.499999970198,
        "mean": 0.439324676991,
        "median": 0.449840605259,
        "min": 0.125423058867,
        "stdev": 0.0451182723045,
        "var": 0.0020356583409
    },
    "dynamic_complexity": 2.73594236374,
    "erbbands_crest": {
        "dmean": 3.16165447235,
        "dmean2": 5.13186407089,
        "dvar": 7.85367822647,
        "dvar2": 19.8440990448,
        "max": 26.5567035675,
        "mean": 10.2008399963,
        "median": 9.44307804108,
        "min": 2.73398089409,
        "stdev": 4.08703756332,
        "var": 16.7038764954
    },
    "erbbands_flatness_db": {
        "dmean": 0.0245607234538,
        "dmean2": 0.0360945574939,
        "dvar": 0.000731672800612,
        "dvar2": 0.00139586511068,
        "max": 0.359810471535,
        "mean": 0.155655920506,
        "median": 0.145728871226,
        "min": 0.0613699033856,
        "stdev": 0.050812497735,
        "var": 0.00258190976456
    },
    "erbbands_kurtosis": {
        "dmean": 1.96091628075,
        "dmean2": 3.0910859108,
        "dvar": 7.53799819946,
        "dvar2": 18.2173461914,
        "max": 37.7567253113,
        "mean": 1.76971232891,
        "median": 0.919625997543,
        "min": -1.90586173534,
        "stdev": 3.40129184723,
        "var": 11.5687866211
    },
    "erbbands_skewness": {
        "dmean": 0.565624535084,
        "dmean2": 0.829921245575,
        "dvar": 0.347149282694,
        "dvar2": 0.733395338058,
        "max": 4.58608341217,
        "mean": 0.784522116184,
        "median": 0.818674921989,
        "min": -3.90429615974,
        "stdev": 1.03827881813,
        "var": 1.07802295685
    },
    "erbbands_spread": {
        "dmean": 15.2008647919,
        "dmean2": 23.4812335968,
        "dvar": 366.970031738,
        "dvar2": 809.500610352,
        "max": 184.364120483,
        "mean": 46.0867424011,
        "median": 39.3278617859,
        "min": 2.50061225891,
        "stdev": 30.1755218506,
        "var": 910.562133789
    },
    "hfc": {
        "dmean": 10.8728265762,
        "dmean2": 15.6238021851,
        "dvar": 241.660217285,
        "dvar2": 522.482299805,
        "max": 173.785873413,
        "mean": 23.8950023651,
        "median": 17.4605693817,
        "min": 1.1898225488e-16,
        "stdev": 23.3127307892,
        "var": 543.483459473
    },
    "loudness_ebu128": {
        "integrated": -11.7537631989,
        "loudness_range": 3.26806735992,
        "momentary": {
            "dmean": 1.02718806267,
            "dmean2": 1.27655851841,
            "dvar": 1.2075535059,
            "dvar2": 1.45941877365,
            "max": -8.37505245209,
            "mean": -12.430226326,
            "median": -11.6344871521,
            "min": -21.3248214722,
            "stdev": 2.60672593117,
            "var": 6.79501962662
        },
        "short_term": {
            "dmean": 0.127795651555,
            "dmean2": 0.158816844225,
            "dvar": 0.0204775333405,
            "dvar2": 0.0226236339658,
            "max": -9.84526252747,
            "mean": -11.9569349289,
            "median": -12.3731107712,
            "min": -14.0760335922,
            "stdev": 1.19864356518,
            "var": 1.43674647808
        }
    },
    "melbands_crest": {
        "dmean": 3.72731161118,
        "dmean2": 5.61516904831,
        "dvar": 11.3310165405,
        "dvar2": 24.6577625275,
        "max": 36.5140571594,
        "mean": 16.2923870087,
        "median": 14.5274114609,
        "min": 1.85910654068,
        "stdev": 6.91502141953,
        "var": 47.8175201416
    },
    "melbands_flatness_db": {
        "dmean": 0.0435095466673,
        "dmean2": 0.0580793134868,
        "dvar": 0.00235399324447,
        "dvar2": 0.00342490524054,
        "max": 0.738968014717,
        "mean": 0.261713713408,
        "median": 0.245206668973,
        "min": 0.00418762862682,
        "stdev": 0.101150460541,
        "var": 0.0102314157411
    },
    "melbands_kurtosis": {
        "dmean": 25.8661746979,
        "dmean2": 37.6280479431,
        "dvar": 3903.23217773,
        "dvar2": 7404.73144531,
        "max": 806.609191895,
        "mean": 38.0390396118,
        "median": 15.9589290619,
        "min": -1.84968149662,
        "stdev": 81.5649719238,
        "var": 6652.84521484
    },
    "melbands_skewness": {
        "dmean": 1.34783315659,
        "dmean2": 1.91668522358,
        "dvar": 3.24457383156,
        "dvar2": 5.66839313507,
        "max": 24.9181423187,
        "mean": 3.79350113869,
        "median": 3.03166770935,
        "min": -0.56987541914,
        "stdev": 3.08596110344,
        "var": 9.52315616608
    },
    "melbands_spread": {
        "dmean": 9.01164150238,
        "dmean2": 13.2731227875,
        "dvar": 351.337860107,
        "dvar2": 732.721130371,
        "max": 223.296691895,
        "mean": 18.8048992157,
        "median": 10.3652210236,
        "min": 0.197739824653,
        "stdev": 28.7928123474,
        "var": 829.026000977
    },
    "pitch_salience": {
        "dmean": 0.0823920071125,
        "dmean2": 0.124643400311,
        "dvar": 0.00610670587048,
        "dvar2": 0.0119128199294,
        "max": 0.889368057251,
        "mean": 0.533953249454,
        "median": 0.564009547234,
        "min": 0.052805904299,
        "stdev": 0.155701830983,
        "var": 0.0242430623621
    },
    "silence_rate_20dB": {
        "dmean": 0.0479876175523,
        "dmean2": 0.0960495769978,
        "dvar": 0.0456852465868,
        "dvar2": 0.0868229866028,
        "max": 1,
        "mean": 0.942768752575,
        "median": 1,
        "min": 0,
        "stdev": 0.232284501195,
        "var": 0.0539560876787
    },
    "silence_rate_30dB": {
        "dmean": 0.0588235296309,
        "dmean2": 0.117738187313,
        "dvar": 0.0553634874523,
        "dvar2": 0.111621513963,
        "max": 1,
        "mean": 0.872389793396,
        "median": 1,
        "min": 0,
        "stdev": 0.333652615547,
        "var": 0.111324064434
    },
    "silence_rate_60dB": {
        "dmean": 0.0123839005828,
        "dmean2": 0.0232378002256,
        "dvar": 0.0122305974364,
        "dvar2": 0.0288946796209,
        "max": 1,
        "mean": 0.0139211136848,
        "median": 0,
        "min": 0,
        "stdev": 0.117163784802,
        "var": 0.0137273520231
    },
    "spectral_centroid": {
        "dmean": 303.267791748,
        "dmean2": 434.171508789,
        "dvar": 274420.96875,
        "dvar2": 465897.9375,
        "max": 11262.7695312,
        "mean": 928.696533203,
        "median": 753.403625488,
        "min": 94.0750961304,
        "stdev": 762.39654541,
        "var": 581248.5
    },
    "spectral_complexity": {
        "dmean": 3.75387001038,
        "dmean2": 5.82649087906,
        "dvar": 31.2133312225,
        "dvar2": 69.4695129395,
        "max": 53,
        "mean": 14.2791957855,
        "median": 13,
        "min": 0,
        "stdev": 7.81784343719,
        "var": 61.1186752319
    },
    "spectral_decrease": {
        "dmean": 9.28987287097e-09,
        "dmean2": 1.23644445793e-08,
        "dvar": 4.93222361807e-16,
        "dvar2": 8.33422080704e-16,
        "max": -7.8951626307e-29,
        "mean": -1.74171415068e-08,
        "median": -7.52565476603e-09,
        "min": -1.78056936306e-07,
        "stdev": 3.09186063419e-08,
        "var": 9.55960219601e-16
    },
    "spectral_energy": {
        "dmean": 0.0357460193336,
        "dmean2": 0.0476929470897,
        "dvar": 0.00711766863242,
        "dvar2": 0.0120394201949,
        "max": 0.677313923836,
        "mean": 0.0679035931826,
        "median": 0.0303627867252,
        "min": 1.10900314751e-20,
        "stdev": 0.117584340274,
        "var": 0.013826077804
    },
    "spectral_energyband_high": {
        "dmean": 0.0007463277434,
        "dmean2": 0.00108237029053,
        "dvar": 2.44112197834e-06,
        "dvar2": 4.49998287877e-06,
        "max": 0.0184936746955,
        "mean": 0.00129420496523,
        "median": 0.000572523043957,
        "min": 8.41082174385e-21,
        "stdev": 0.00243302388117,
        "var": 5.91960497331e-06
    },
    "spectral_energyband_low": {
        "dmean": 0.0313846729696,
        "dmean2": 0.0412232503295,
        "dvar": 0.0072955400683,
        "dvar2": 0.0124765168875,
        "max": 0.661526322365,
        "mean": 0.0479593351483,
        "median": 0.00443158624694,
        "min": 6.89332028749e-23,
        "stdev": 0.115876153111,
        "var": 0.0134272826836
    },
    "spectral_energyband_middle_high": {
        "dmean": 0.00191089021973,
        "dmean2": 0.00285233417526,
        "dvar": 1.23206382341e-05,
        "dvar2": 2.97868791677e-05,
        "max": 0.0396084412932,
        "mean": 0.00345836742781,
        "median": 0.0015080946032,
        "min": 1.40324082336e-21,
        "stdev": 0.00494412193075,
        "var": 2.44443435804e-05
    },
    "spectral_energyband_middle_low": {
        "dmean": 0.00773659348488,
        "dmean2": 0.0123607683927,
        "dvar": 0.000136481103254,
        "dvar2": 0.000372409442207,
        "max": 0.111415036023,
        "mean": 0.0166436433792,
        "median": 0.0127769168466,
        "min": 3.46363807126e-22,
        "stdev": 0.01394899562,
        "var": 0.000194574473426
    },
    "spectral_entropy": {
        "dmean": 0.296678602695,
        "dmean2": 0.42036435008,
        "dvar": 0.130188286304,
        "dvar2": 0.202375158668,
        "max": 9.79686546326,
        "mean": 7.33433008194,
        "median": 7.45311784744,
        "min": 4.82954740524,
        "stdev": 0.68414825201,
        "var": 0.468058824539
    },
    "spectral_flux": {
        "dmean": 0.0502459108829,
        "dmean2": 0.0732576102018,
        "dvar": 0.00738932704553,
        "dvar2": 0.0120880771428,
        "max": 0.733227968216,
        "mean": 0.124119050801,
        "median": 0.0899743363261,
        "min": 1.05309219678e-10,
        "stdev": 0.12660074234,
        "var": 0.0160277485847
    },
    "spectral_kurtosis": {
        "dmean": 3.58664798737,
        "dmean2": 5.40486478806,
        "dvar": 69.9812774658,
        "dvar2": 142.094055176,
        "max": 139.930740356,
        "mean": 6.70627355576,
        "median": 3.32766103745,
        "min": -1.29033541679,
        "stdev": 12.2612504959,
        "var": 150.338256836
    },
    "spectral_rms": {
        "dmean": 0.0016557937488,
        "dmean2": 0.00218730908819,
        "dvar": 7.3126807365e-06,
        "dvar2": 1.15935999929e-05,
        "max": 0.0257059149444,
        "mean": 0.00660687126219,
        "median": 0.00544263096526,
        "min": 3.28930741152e-12,
        "stdev": 0.00475360220298,
        "var": 2.25967360166e-05
    },
    "spectral_rolloff": {
        "dmean": 634.663146973,
        "dmean2": 1096.4934082,
        "dvar": 2364042.25,
        "dvar2": 5117095,
        "max": 18389.3554688,
        "mean": 1242.19885254,
        "median": 495.263671875,
        "min": 64.599609375,
        "stdev": 2021.36523438,
        "var": 4085917.25
    },
    "spectral_skewness": {
        "dmean": 0.443199455738,
        "dmean2": 0.636188089848,
        "dvar": 0.408917725086,
        "dvar2": 0.729945957661,
        "max": 9.88779067993,
        "mean": 1.92368233204,
        "median": 1.68982791901,
        "min": -0.26722240448,
        "stdev": 1.16731894016,
        "var": 1.36263346672
    },
    "spectral_spread": {
        "dmean": 1025865.625,
        "dmean2": 1507085.875,
        "dvar": 2.58671797862e+12,
        "dvar2": 3.94290764186e+12,
        "max": 39949296,
        "mean": 5987018.5,
        "median": 5874673,
        "min": 556620.5625,
        "stdev": 2476706.5,
        "var": 6.13407470387e+12
    },
    "spectral_strongpeak": {
        "dmean": 0.455669730902,
        "dmean2": 0.735310435295,
        "dvar": 0.481580615044,
        "dvar2": 1.08244526386,
        "max": 6.21824645996,
        "mean": 0.764920830727,
        "median": 0.428864359856,
        "min": 0,
        "stdev": 0.86751306057,
        "var": 0.752578914165
    },
    "zerocrossingrate": {
        "dmean": 0.0158751867712,
        "dmean2": 0.0171635970473,
        "dvar": 0.000583191751502,
        "dvar2": 0.000648884219117,
        "max": 0.48193359375,
        "mean": 0.0569363124669,
        "median": 0.04248046875,
        "min": 0.001953125,
        "stdev": 0.0535115860403,
        "var": 0.00286349002272
    },
    "barkbands": {
        "dmean": [0.00224260683171, 0.0282369386405, 0.00831726193428, 0.00281196925789, 0.00205674953759, 0.0020269525703, 0.00219635502435, 0.00100173137616, 0.00074491777923, 0.000407921819715, 0.00021321082022, 0.000389954890124, 0.000573044351768, 0.00043579551857, 0.000173742926563, 0.000123094709124, 0.000241249057581, 0.000111849178211, 0.000100758239569, 7.39229144529e-05, 0.00011955795344, 0.000185449389392, 0.000254464976024, 0.000157178539666, 9.05922424863e-05, 4.29060673923e-05, 2.19158550863e-06],
        "dmean2": [0.00290497485548, 0.0375120677054, 0.0156007166952, 0.00515778642148, 0.00333523470908, 0.00319138797931, 0.0034174900502, 0.0015322570689, 0.00100938300602, 0.00062320753932, 0.000339389836881, 0.000676849798765, 0.000878983177245, 0.000659265497234, 0.000277685932815, 0.000193560714251, 0.000398357136874, 0.000190906328498, 0.000165675388416, 0.000120213924674, 0.000184834992979, 0.000290164520266, 0.000368965091184, 0.000232871127082, 0.000138178380439, 6.41021324554e-05, 3.60337185157e-06],
        "dvar": [2.98995237245e-05, 0.00653384253383, 0.00107762159314, 5.91469579376e-05, 8.88983140612e-06, 1.20623444673e-05, 2.27112232096e-05, 6.52269136481e-06, 3.96011955672e-06, 8.72970133514e-07, 2.32302127756e-07, 1.26461327454e-06, 1.94873564396e-06, 1.05688491203e-06, 1.45335249613e-07, 7.44661576846e-08, 4.20919747057e-07, 9.3135390955e-08, 5.88626214437e-08, 3.69549617574e-08, 1.18499734469e-07, 1.77705331339e-07, 5.21829520039e-07, 1.47194000988e-07, 3.13079766556e-08, 6.78680223132e-09, 2.82140352748e-11],
        "dvar2": [6.20676437393e-05, 0.012329004705, 0.00313391233794, 0.000172327534528, 2.29317920457e-05, 2.93802568194e-05, 4.81431488879e-05, 1.56759069796e-05, 6.5112253651e-06, 2.01748116524e-06, 5.90604486206e-07, 3.54327949026e-06, 4.26811448051e-06, 2.42197779698e-06, 3.50099526258e-07, 1.72386066311e-07, 1.17335332561e-06, 2.59528604829e-07, 1.55160535087e-07, 8.74557244401e-08, 2.68815227855e-07, 4.1510719484e-07, 1.06002789835e-06, 2.73449614951e-07, 7.05028639914e-08, 1.42058214081e-08, 7.12652367674e-11],
        "max": [0.0584556087852, 0.61793756485, 0.241194307804, 0.0815376639366, 0.0349927693605, 0.0408699437976, 0.0567559190094, 0.0350773856044, 0.0345543399453, 0.0158885829151, 0.00686727277935, 0.00887139048427, 0.0233474820852, 0.0113016385585, 0.00509368581697, 0.00368667975999, 0.00600481126457, 0.00394079880789, 0.00229992740788, 0.00514175649732, 0.00628660200164, 0.00573692657053, 0.0103845214471, 0.00630798190832, 0.00242108944803, 0.00100757414475, 7.83346986282e-05],
        "mean": [0.00385492783971, 0.0364603586495, 0.00641788868234, 0.00285067642108, 0.00411885092035, 0.00350717827678, 0.00296490616165, 0.00152226653881, 0.00122897943947, 0.00073688395787, 0.000320551247569, 0.000378014054149, 0.00072061055107, 0.000583172135521, 0.000225939700613, 0.000157582573593, 0.000282108754618, 0.000116310824524, 0.000113916757982, 0.000107165833469, 0.000144759163959, 0.000257076811977, 0.000365783373127, 0.00026453382452, 0.000138324103318, 6.24451204203e-05, 2.47658613262e-06],
        "median": [6.55689973428e-06, 0.00100402382668, 0.00124186789617, 0.00124054879416, 0.00310347764753, 0.00161710963584, 0.00096519140061, 0.000401320401579, 0.00027404204593, 0.000189129845239, 7.37734444556e-05, 5.70647316636e-05, 6.01127794653e-05, 5.68830109842e-05, 5.15975552844e-05, 5.44303948118e-05, 9.50757603277e-05, 3.87313739338e-05, 4.25694524893e-05, 3.19525424857e-05, 3.04142595269e-05, 9.51093097683e-05, 9.33375631575e-05, 0.000100051722256, 6.78426513332e-05, 2.36002779275e-05, 5.37258813438e-07],
        "min": [2.89747663855e-24, 3.73610583164e-23, 1.44860105748e-23, 2.19650966875e-23, 3.68884896134e-23, 5.3138213312e-23, 5.35173272413e-23, 9.25354415317e-23, 8.20471697653e-23, 3.22403917867e-23, 2.61082036281e-23, 1.201917058e-22, 1.4811955279e-22, 5.4681313595e-23, 1.30103875603e-22, 1.91846390446e-22, 1.75731502008e-22, 1.40385017739e-22, 2.866423413e-22, 2.20420964538e-22, 5.41718129488e-22, 4.98737251326e-22, 8.60872066643e-22, 1.17149787468e-21, 1.59210528172e-21, 1.63667640249e-21, 2.15296655365e-21],
        "stdev": [0.00775097496808, 0.100375019014, 0.0245016701519, 0.00612872326747, 0.00380308227614, 0.00525043811649, 0.00589134218171, 0.00323873758316, 0.00312246754766, 0.00155462126713, 0.000647111271974, 0.000942962476984, 0.00188638176769, 0.00134522095323, 0.000443535856903, 0.000309390190523, 0.000564514659345, 0.00026476860512, 0.000238120206632, 0.000271959113888, 0.000450961000752, 0.000543417991139, 0.000996890710667, 0.000558567000553, 0.000235584753682, 0.000111490226118, 5.81361518925e-06],
        "var": [6.00776147621e-05, 0.0100751444697, 0.000600331812166, 3.75612507924e-05, 1.44634350363e-05, 2.75670990959e-05, 3.47079148924e-05, 1.04894206743e-05, 9.74980321189e-06, 2.41684733737e-06, 4.18753018039e-07, 8.89178181751e-07, 3.55843621946e-06, 1.80961956175e-06, 1.96724045054e-07, 9.57222923148e-08, 3.18676796951e-07, 7.01024092109e-08, 5.6701232154e-08, 7.39617647127e-08, 2.03365814855e-07, 2.95303124176e-07, 9.93790990833e-07, 3.11997098379e-07, 5.5500173346e-08, 1.24300703064e-08, 3.37981240217e-11]
    },
    "erbbands": {
        "dmean": [1.01970589161, 6.26951694489, 10.7465610504, 8.85377407074, 7.93022727966, 7.1411895752, 12.4474973679, 15.153260231, 24.9000434875, 32.7042694092, 20.709438324, 17.2148475647, 14.2639636993, 7.24492883682, 9.62884235382, 16.9142093658, 24.4802074432, 23.6097335815, 10.7156620026, 9.06846427917, 6.00817728043, 13.7179613113, 7.52237176895, 4.28291082382, 4.97518730164, 3.64063549042, 4.00388717651, 5.44520282745, 7.38583755493, 6.03107595444, 7.80863142014, 4.49803638458, 2.11088061333, 1.11544489861, 0.630469620228, 0.245082274079, 0.0708298012614, 0.00867005996406, 0.000249997945502, 4.49521648989e-05],
        "dmean2": [1.34347522259, 9.48516845703, 19.2730903625, 16.3898048401, 13.9202728271, 11.4493875504, 20.1538639069, 23.5190353394, 39.1855583191, 51.0329246521, 29.647151947, 23.7741298676, 21.5624370575, 11.025932312, 15.2913742065, 28.7522239685, 37.8123893738, 35.418006897, 15.7711896896, 14.5016355515, 9.34111118317, 22.9570045471, 12.7303266525, 6.80041599274, 8.21615886688, 5.95460224152, 6.11476707458, 8.47394943237, 11.9999799728, 9.01533889771, 11.3049860001, 6.64134216309, 3.23946857452, 1.72279334068, 0.977449715137, 0.375382274389, 0.108403377235, 0.0132871316746, 0.000385421881219, 6.03840235271e-05],
        "dvar": [7.89914941788, 413.535461426, 1689.00793457, 835.701171875, 312.442565918, 87.0630950928, 568.630737305, 801.480224609, 2732.69433594, 7256.96972656, 2637.19628906, 2141.09936523, 1067.50012207, 220.856735229, 519.785766602, 2210.76391602, 3225.59301758, 3008.7199707, 498.522216797, 460.485473633, 138.383483887, 1507.22546387, 443.865142822, 101.329711914, 159.036407471, 107.643562317, 111.41973114, 272.377502441, 297.821563721, 197.647384644, 557.574951172, 118.6876297, 32.7335472107, 5.94068527222, 1.41542136669, 0.249451681972, 0.0169175881892, 0.000254331505857, 2.43913717668e-07, 8.33692226365e-09],
        "dvar2": [13.6576824188, 908.765808105, 4702.79248047, 2432.91430664, 879.723754883, 215.832809448, 1385.6340332, 1963.55175781, 5512.75244141, 17604.4785156, 5318.77636719, 3885.06884766, 2417.31079102, 505.193023682, 1306.13708496, 6186.22021484, 6973.1640625, 6361.8671875, 1074.03149414, 1131.98718262, 357.321350098, 4194.57958984, 1232.33874512, 258.379760742, 426.891265869, 267.993164062, 245.83946228, 608.367370605, 751.142028809, 415.631530762, 1138.04467773, 207.761062622, 65.7139053345, 13.7755508423, 3.18607640266, 0.500981926918, 0.0363383218646, 0.000568966439459, 5.57739383567e-07, 1.42121168167e-08],
        "max": [22.8376789093, 148.157485962, 300.62802124, 262.850189209, 152.768966675, 143.629257202, 424.838470459, 342.570068359, 994.668212891, 1063.90148926, 854.34942627, 764.292297363, 505.765350342, 273.323486328, 321.307617188, 384.728149414, 1018.08905029, 629.205505371, 287.521820068, 318.065979004, 100.125907898, 355.731872559, 230.091522217, 100.438972473, 152.997634888, 298.54296875, 242.495941162, 296.719238281, 210.051818848, 185.693313599, 341.141052246, 183.763504028, 99.7241744995, 37.1392593384, 16.9799919128, 6.84697961807, 1.59746134281, 0.228601366282, 0.00690810009837, 0.00073166389484],
        "mean": [1.41450917721, 6.59759140015, 8.96127033234, 8.48129081726, 11.2832994461, 15.1388788223, 21.2713737488, 26.912612915, 37.2692108154, 43.1563873291, 34.8280220032, 29.409986496, 27.1087284088, 13.154923439, 13.3329992294, 17.3680324554, 30.8024539948, 35.6947822571, 16.1217212677, 11.6177663803, 8.73730945587, 15.7572879791, 8.20316982269, 5.14928674698, 5.83530235291, 5.19084596634, 5.13311767578, 6.65848255157, 9.47150039673, 9.06515979767, 10.9701490402, 7.42085409164, 3.38702583313, 1.67005348206, 0.941357135773, 0.365007817745, 0.100356079638, 0.0122856302187, 0.000364749284927, 8.93338146852e-05],
        "median": [0.0106733916327, 0.282163798809, 1.41779625416, 3.45784902573, 6.54272842407, 10.6646823883, 10.9764652252, 10.1256866455, 13.1668739319, 13.7205581665, 9.42413234711, 6.57480621338, 7.17257404327, 3.78907036781, 2.46659135818, 2.58794379234, 3.13333368301, 3.66329193115, 2.68880867958, 3.23061394691, 4.2870631218, 5.49788856506, 2.84162735939, 1.89885723591, 2.35770368576, 1.53096485138, 1.40933048725, 1.44672489166, 3.30901646614, 3.06719756126, 2.52916717529, 2.38113880157, 1.14353907108, 0.722868561745, 0.443235307932, 0.140454292297, 0.0370939671993, 0.00475926324725, 0.00015691119188, 5.11951693625e-05],
        "min": [5.18437821811e-22, 9.79500025462e-21, 2.01993757423e-20, 5.54067610897e-20, 7.30450822579e-20, 1.84999874576e-19, 2.06964518369e-19, 5.30346901437e-19, 7.13602097005e-19, 9.59607989322e-19, 2.45449179086e-18, 1.48772961982e-18, 1.20326293094e-18, 1.7410538892e-18, 1.20912826187e-18, 5.43898549714e-18, 5.04654950785e-18, 5.00369989776e-18, 5.24265293798e-18, 9.62258627557e-18, 8.38740544332e-18, 1.05361841011e-17, 7.0405883156e-18, 1.37274278791e-17, 1.30585406845e-17, 1.08010283081e-17, 2.34487820014e-17, 1.99170119534e-17, 1.66661176998e-17, 2.43194789316e-17, 2.26432900645e-17, 2.28893183941e-17, 2.20891303393e-17, 1.6873197403e-17, 1.17578380488e-17, 5.55526062148e-18, 3.20920248956e-18, 1.24875610687e-18, 2.83283665502e-19, 3.32222617371e-20],
        "stdev": [3.74467635155, 21.1180019379, 32.7002601624, 22.0911445618, 15.8507299423, 14.6111555099, 31.3213825226, 46.709022522, 76.2691345215, 89.5687561035, 77.6794128418, 69.4471435547, 54.7372131348, 25.6321125031, 28.1655368805, 40.5506515503, 76.0795822144, 78.6648178101, 30.1733589172, 24.8678607941, 13.0214834213, 33.1630477905, 18.207036972, 10.6246652603, 12.8304586411, 13.7977056503, 13.9901151657, 21.4745979309, 20.2862968445, 19.711479187, 31.9631843567, 16.210269928, 7.86331987381, 3.11735796928, 1.58559429646, 0.692995667458, 0.168713957071, 0.0203797388822, 0.000597634061705, 0.000129947016831],
        "var": [14.0226011276, 445.969970703, 1069.30712891, 488.018707275, 251.245651245, 213.485855103, 981.028991699, 2181.73291016, 5816.98095703, 8022.56152344, 6034.09082031, 4822.90625, 2996.16259766, 657.005187988, 793.297485352, 1644.35534668, 5788.10302734, 6188.15380859, 910.43157959, 618.410461426, 169.559036255, 1099.78771973, 331.49621582, 112.883506775, 164.620666504, 190.376678467, 195.723312378, 461.158355713, 411.533874512, 388.542419434, 1021.64520264, 262.772827148, 61.8317985535, 9.71792125702, 2.51410913467, 0.48024302721, 0.0284644011408, 0.000415333750425, 3.57166470621e-07, 1.6886225751e-08]
    },
    "gfcc": {
        "mean": [-5.25264358521, 91.7022857666, -74.6244125366, 29.3490829468, -68.3693466187, 16.3529167175, -48.5084724426, 7.53633165359, -19.5797424316, 1.6743260622, -18.6636924744, 3.17860603333, -16.2655658722],
        "cov": [[7370.47070312, -1903.65637207, -831.220214844, 316.156158447, -96.1978302002, 697.327148438, -92.1923141479, 360.304992676, -48.4881057739, 738.647033691, 45.2958641052, 202.95362854, -99.4437332153], [-1903.65637207, 2112.9128418, 80.1146316528, -456.153259277, 506.921966553, -99.4625473022, 306.048370361, -1.11187946796, 273.912139893, -173.582489014, 146.70803833, -127.365699768, 155.744903564], [-831.220214844, 80.1146316528, 799.767822266, 240.565719604, -36.4624328613, 52.7286376953, 145.104751587, 56.4618453979, 52.1620063782, -80.3918914795, 50.4475212097, -0.93103313446, 90.6104354858], [316.156158447, -456.153259277, 240.565719604, 662.442993164, -87.9492340088, 44.7150993347, -10.6501092911, 38.861289978, 46.8126182556, -21.7667121887, 88.9443664551, 30.4919071198, 111.29750061], [-96.1978302002, 506.921966553, -36.4624328613, -87.9492340088, 450.12097168, 55.4545707703, 72.3809890747, 48.2268943787, 135.408050537, 85.13646698, 65.465171814, -9.00816631317, 61.863155365], [697.327148438, -99.4625473022, 52.7286376953, 44.7150993347, 55.4545707703, 384.056152344, 169.786056519, 58.8786582947, 58.5603599548, 150.993362427, 75.2534866333, -38.6595687866, 48.360912323], [-92.1923141479, 306.048370361, 145.104751587, -10.6501092911, 72.3809890747, 169.786056519, 352.53213501, 62.3197250366, 78.1805648804, 46.6162223816, 55.7555999756, -39.3449325562, 52.7514381409], [360.304992676, -1.11187946796, 56.4618453979, 38.861289978, 48.2268943787, 58.8786582947, 62.3197250366, 161.386672974, 68.4313583374, 53.907623291, 42.9948921204, 19.175239563, 33.5446662903], [-48.4881057739, 273.912139893, 52.1620063782, 46.8126182556, 135.408050537, 58.5603599548, 78.1805648804, 68.4313583374, 224.060852051, 77.7060623169, 64.3623962402, -26.3879642487, 79.1695022583], [738.647033691, -173.582489014, -80.3918914795, -21.7667121887, 85.13646698, 150.993362427, 46.6162223816, 53.907623291, 77.7060623169, 267.921813965, 19.9768257141, -24.2793579102, -2.07846879959], [45.2958641052, 146.70803833, 50.4475212097, 88.9443664551, 65.465171814, 75.2534866333, 55.7555999756, 42.9948921204, 64.3623962402, 19.9768257141, 160.468902588, 25.0745983124, 53.857875824], [202.95362854, -127.365699768, -0.93103313446, 30.4919071198, -9.00816631317, -38.6595687866, -39.3449325562, 19.175239563, -26.3879642487, -24.2793579102, 25.0745983124, 151.350036621, -7.26315927505], [-99.4437332153, 155.744903564, 90.6104354858, 111.29750061, 61.863155365, 48.360912323, 52.7514381409, 33.5446662903, 79.1695022583, -2.07846879959, 53.857875824, -7.26315927505, 141.18989563]],
        "icov": [[0.000390656321542, 1.68921360455e-05, 0.000436589558376, -0.000310377916321, 0.000127698178403, -0.000624152075034, 0.000203952207812, -0.000790399208199, 0.000319632992614, -0.000685905397404, 0.000274684221949, -0.000534800987225, 0.000168799320818], [1.68921360455e-05, 0.00240444811061, -8.35893006297e-05, 0.00196885201149, -0.00166221661493, 0.0013168011792, -0.00157920562197, 0.000843680289108, -0.00184613966849, 0.00237796083093, -0.00220820843242, 0.0016783362953, -0.00147306849249], [0.000436589558376, -8.35893006297e-05, 0.00215522269718, -0.000933483359404, 0.000348925939761, -0.000827571784612, -0.000359718542313, -0.00126943853684, 0.000267344090389, -0.000192005347344, 0.000549000513274, -0.000656604883261, -7.69401012803e-05], [-0.000310377916321, 0.00196885201149, -0.000933483359404, 0.00406931340694, -0.000771336257458, 0.00147978507448, -0.000893989985343, 0.00128014700022, -0.00190585048404, 0.00238191243261, -0.00291116721928, 0.00158067035954, -0.00284261303023], [0.000127698178403, -0.00166221661493, 0.000348925939761, -0.000771336257458, 0.00431872624904, -0.00093619414838, 0.00101382960565, -0.000841793604195, 8.3021557657e-05, -0.00246459897608, 0.000841354660224, -0.00154110486619, 7.41672774893e-05], [-0.000624152075034, 0.0013168011792, -0.000827571784612, 0.00147978507448, -0.00093619414838, 0.0064440779388, -0.00289718993008, 0.00157581886742, -0.000490645819809, -0.000102012592833, -0.00317011959851, 0.00260670669377, -0.00199955375865], [0.000203952207812, -0.00157920562197, -0.000359718542313, -0.000893989985343, 0.00101382960565, -0.00289718993008, 0.0055080591701, -0.00175341800787, 0.000805909687188, -0.00144275592174, 0.00120805681217, -0.000704923644662, 0.000757804838941], [-0.000790399208199, 0.000843680289108, -0.00126943853684, 0.00128014700022, -0.000841793604195, 0.00157581886742, -0.00175341800787, 0.0100941862911, -0.00295421178453, 0.00109574536327, -0.00190693512559, 4.12258741562e-05, -0.00119364715647], [0.000319632992614, -0.00184613966849, 0.000267344090389, -0.00190585048404, 8.3021557657e-05, -0.000490645819809, 0.000805909687188, -0.00295421178453, 0.00971326883882, -0.00434144120663, 0.000503044284414, -0.000295894802548, -0.00159273727331], [-0.000685905397404, 0.00237796083093, -0.000192005347344, 0.00238191243261, -0.00246459897608, -0.000102012592833, -0.00144275592174, 0.00109574536327, -0.00434144120663, 0.00983460340649, -0.0019103451632, 0.00288991606794, -1.05350000013e-05], [0.000274684221949, -0.00220820843242, 0.000549000513274, -0.00291116721928, 0.000841354660224, -0.00317011959851, 0.00120805681217, -0.00190693512559, 0.000503044284414, -0.0019103451632, 0.0113454107195, -0.0039174859412, 0.000451205560239], [-0.000534800987225, 0.0016783362953, -0.000656604883261, 0.00158067035954, -0.00154110486619, 0.00260670669377, -0.000704923644662, 4.12258741562e-05, -0.000295894802548, 0.00288991606794, -0.0039174859412, 0.00982208456844, -0.000808608427178], [0.000168799320818, -0.00147306849249, -7.69401012803e-05, -0.00284261303023, 7.41672774893e-05, -0.00199955375865, 0.000757804838941, -0.00119364715647, -0.00159273727331, -1.05350000013e-05, 0.000451205560239, -0.000808608427178, 0.0124487215653]]
    },
    "melbands": {
        "dmean": [0.00821939110756, 0.00590225402266, 0.00149917718954, 0.000488705176394, 0.00038103989209, 0.000364376814105, 0.000402336852858, 0.000326889829012, 0.000169847800862, 0.000102470352431, 7.06766732037e-05, 2.99056300719e-05, 2.87646034849e-05, 3.72756803699e-05, 4.90363127028e-05, 6.50677684462e-05, 4.58345675725e-05, 1.96915916604e-05, 1.31908709591e-05, 1.07427713374e-05, 6.70629742672e-06, 1.46687689266e-05, 1.05849385363e-05, 4.80925018564e-06, 3.35766844728e-06, 4.27962504546e-06, 2.68628514277e-06, 2.50006200986e-06, 2.56101452578e-06, 2.73348837254e-06, 3.34116339218e-06, 4.5431415856e-06, 3.57922772309e-06, 3.54619919563e-06, 4.76616969536e-06, 3.97014127884e-06, 2.54157225754e-06, 1.72083719008e-06, 1.07629466584e-06, 9.42220538036e-07],
        "dmean2": [0.0105825187638, 0.00950629077852, 0.0027586016804, 0.000809492950793, 0.000612801406533, 0.000569636002183, 0.000623141822871, 0.000510150857735, 0.000241164991166, 0.000141755808727, 0.000107865445898, 4.52068670711e-05, 4.59558796138e-05, 6.36283075437e-05, 8.17788168206e-05, 0.000100452569313, 6.87552528689e-05, 2.94274268526e-05, 2.09574882319e-05, 1.73301832547e-05, 1.06076895463e-05, 2.44271031988e-05, 1.76202011062e-05, 8.24698054203e-06, 5.31272144144e-06, 7.16479007679e-06, 4.28675321018e-06, 4.15503882323e-06, 4.04938464271e-06, 4.29367355537e-06, 5.24101687915e-06, 7.41186386222e-06, 5.64801030123e-06, 5.32922558705e-06, 6.90675551596e-06, 5.90327408645e-06, 3.82035386792e-06, 2.68124472314e-06, 1.67972814324e-06, 1.49604238686e-06],
        "dvar": [0.000516242405865, 0.000409840897191, 2.26513275265e-05, 5.99592681283e-07, 4.5240224722e-07, 4.21169403353e-07, 6.70974600325e-07, 6.94670575285e-07, 1.78702791231e-07, 7.08381975301e-08, 2.6988995927e-08, 4.21300594411e-09, 4.93459184625e-09, 1.02308774785e-08, 1.59280766354e-08, 3.04858751576e-08, 1.21290595345e-08, 1.85689230658e-09, 8.67984406572e-10, 6.61234567101e-10, 1.52512530383e-10, 1.57663437861e-09, 8.0201600916e-10, 2.01695604662e-10, 5.84708115259e-11, 1.22520868451e-10, 4.04846434154e-11, 5.38769515113e-11, 5.03172885302e-11, 6.21051057803e-11, 1.0925142041e-10, 1.19240020635e-10, 6.26664206638e-11, 7.52992251885e-11, 2.19367857213e-10, 1.36685759933e-10, 3.31088455263e-11, 2.38657687363e-11, 7.4543305556e-12, 3.85041477868e-12],
        "dvar2": [0.000920098857023, 0.00100288609974, 6.5671018092e-05, 1.62128287684e-06, 1.07457424292e-06, 1.01658338281e-06, 1.35368929932e-06, 1.71370891167e-06, 3.29029631985e-07, 1.27565243702e-07, 6.10671690993e-08, 9.28002918954e-09, 1.27453843035e-08, 2.837714419e-08, 4.15067162862e-08, 6.64780444026e-08, 2.62085126934e-08, 4.18012469083e-09, 1.9772108395e-09, 1.6403446379e-09, 3.82246151398e-10, 4.39883640624e-09, 2.17280571313e-09, 5.68733005135e-10, 1.43436970634e-10, 3.32822935878e-10, 9.77866190799e-11, 1.39154951451e-10, 1.19084200834e-10, 1.42485787058e-10, 2.40332059809e-10, 3.06111858084e-10, 1.4890959299e-10, 1.6691928395e-10, 4.81989725909e-10, 2.51371978788e-10, 6.32948693458e-11, 4.8800269381e-11, 1.71971673013e-11, 9.02639595013e-12],
        "max": [0.186585098505, 0.14525744319, 0.0422940738499, 0.00754270050675, 0.0122308572754, 0.00781938992441, 0.0128436377272, 0.0094473734498, 0.00720995059237, 0.00410663336515, 0.00251485430636, 0.00142069603316, 0.00108342745807, 0.000994422822259, 0.00122976116836, 0.00321495579556, 0.00116298522335, 0.000560213986319, 0.000424232304795, 0.000328718189849, 0.000136082016979, 0.000355969212251, 0.000248243421083, 0.000168790080352, 9.51418769546e-05, 0.000111449473479, 0.000148581937538, 0.000201551854843, 0.000151496104081, 0.000146833554027, 0.000189384736586, 0.00013308916823, 0.000102987942228, 0.000123875506688, 0.000221496607992, 0.000191654922673, 8.94905679161e-05, 9.75341608864e-05, 5.65277368878e-05, 2.45853098022e-05],
        "mean": [0.0112686855718, 0.00588448671624, 0.00155261962209, 0.000946195912547, 0.000712752924301, 0.000641061575152, 0.000593425298575, 0.000436511589214, 0.000283007451799, 0.000173837819602, 0.000130844418891, 5.13570994372e-05, 4.0784740122e-05, 4.12575427617e-05, 4.94247760798e-05, 7.96000094851e-05, 6.6366068495e-05, 2.73680288956e-05, 1.70521525433e-05, 1.32686845973e-05, 9.52491427597e-06, 1.68025471794e-05, 1.16415776574e-05, 4.83671919937e-06, 3.96584255213e-06, 4.55065628557e-06, 3.6142503177e-06, 3.41235931955e-06, 3.10172708851e-06, 3.18825891554e-06, 4.06582557844e-06, 5.520934792e-06, 4.84840302306e-06, 5.07489539814e-06, 6.37350649413e-06, 5.806019999e-06, 4.1115026761e-06, 2.57983469965e-06, 1.58942509643e-06, 1.33178343731e-06],
        "median": [0.000181500654435, 0.000718384573702, 0.000679787015542, 0.000685510982294, 0.000434163725004, 0.000253258709563, 0.000211626873352, 0.000136756629217, 6.70049194014e-05, 3.77297910745e-05, 3.36218363373e-05, 1.42909257193e-05, 8.31124543765e-06, 6.89097487339e-06, 5.79310562898e-06, 6.46970875096e-06, 6.29719215794e-06, 3.94527114622e-06, 3.86746432923e-06, 3.69900590158e-06, 4.08350251746e-06, 5.72230374019e-06, 3.21518837154e-06, 1.53438531925e-06, 1.27487192003e-06, 1.58175566867e-06, 1.22947756154e-06, 8.82760900822e-07, 7.72823398165e-07, 5.5525811149e-07, 7.88558281783e-07, 1.70042721948e-06, 1.68579833826e-06, 1.51577046381e-06, 1.29768500301e-06, 1.3632441096e-06, 1.40500173984e-06, 7.9917651874e-07, 5.11051609919e-07, 5.60582577691e-07],
        "min": [7.82458983431e-24, 1.26284782235e-23, 9.27996799582e-24, 9.19541236197e-24, 7.52563206161e-24, 1.10349736729e-23, 1.11720540324e-23, 1.19953258392e-23, 2.00444633525e-23, 9.25071940004e-24, 5.854092207e-24, 6.84239489844e-24, 2.89772552416e-24, 1.27340924992e-23, 1.00870302887e-23, 1.52507891343e-23, 7.99231270681e-24, 7.15136726032e-24, 1.14126810632e-23, 1.49151382854e-23, 8.5226394387e-24, 1.18779220373e-23, 6.69425944221e-24, 6.4126692312e-24, 1.1778861618e-23, 9.68946884716e-24, 8.27087921397e-24, 6.29848832049e-24, 1.54969989337e-23, 1.07931586176e-23, 1.25427022218e-23, 1.02459202857e-23, 8.37335145669e-24, 1.59652809665e-23, 1.38960451696e-23, 1.30161252612e-23, 1.26253638007e-23, 1.37957998812e-23, 1.55479057056e-23, 1.43377804552e-23],
        "stdev": [0.0297766700387, 0.018929509446, 0.00366117688827, 0.00090263976017, 0.000912860268727, 0.00107560574543, 0.00115968449973, 0.000874803867191, 0.000668130582199, 0.000405322847655, 0.000271223310847, 0.000109196771518, 8.4822975623e-05, 9.00966915651e-05, 0.000121702672914, 0.000224450152018, 0.000153192624566, 5.52878918825e-05, 3.5148281313e-05, 2.92957720376e-05, 1.4207879758e-05, 3.42442508554e-05, 2.55225040746e-05, 1.18767293316e-05, 8.63612785906e-06, 1.03738866528e-05, 8.73494718689e-06, 9.30771693675e-06, 8.5534493337e-06, 9.79668038781e-06, 1.37390607051e-05, 1.24753860291e-05, 9.89090131043e-06, 1.16468872875e-05, 1.93973064597e-05, 1.6133140889e-05, 8.31720353744e-06, 6.59031456962e-06, 3.41568465956e-06, 2.44779607783e-06],
        "var": [0.000886650115717, 0.000358326331479, 1.34042165882e-05, 8.14758493561e-07, 8.33313833937e-07, 1.15692773761e-06, 1.34486811021e-06, 7.65281811255e-07, 4.46398473741e-07, 1.64286603876e-07, 7.35620844239e-08, 1.19239356167e-08, 7.19493753465e-09, 8.11741340812e-09, 1.48115413268e-08, 5.03778707639e-08, 2.3467981336e-08, 3.05675085244e-09, 1.23540155883e-09, 8.58242255042e-10, 2.01863858962e-10, 1.17266873989e-09, 6.51398213147e-10, 1.41056707981e-10, 7.4582708065e-11, 1.07617519063e-10, 7.62993071501e-11, 8.66335891914e-11, 7.31614907545e-11, 9.59749502094e-11, 1.88761783981e-10, 1.55635254684e-10, 9.78299316556e-11, 1.35649977362e-10, 3.76255526735e-10, 2.60278243402e-10, 6.91758803018e-11, 4.34322473819e-11, 1.16669018196e-11, 5.99170539572e-12]
    },
    "melbands128": {
