{
"lowlevel": {
    "average_loudness": 0.936669230461,
    "barkbands_crest": {
        "dmean": 3.14589595795,
        "dmean2": 4.76539564133,
        "dvar": 9.59857940674,
        "dvar2": 21.5280017853,
        "max": 25.877614975,
        "mean": 12.5086431503,
        "median": 12.297545433,
        "min": 2.99129033089,
        "stdev": 5.08853530884,
        "var": 25.8931903839
    },
    "barkbands_flatness_db": {
        "dmean": 0.0283767040819,
        "dmean2": 0.0408599004149,
        "dvar": 0.000743973068893,
        "dvar2": 0.00142170826439,
        "max": 0.312250733376,
        "mean": 0.156261533499,
        "median": 0.152543246746,
        "min": 0.0394063256681,
        "stdev": 0.0517585575581,
        "var": 0.00267894822173
    },
    "barkbands_kurtosis": {
        "dmean": 5.9861330986,
        "dmean2": 8.7744436264,
        "dvar": 156.00189209,
        "dvar2": 317.780395508,
        "max": 196.711639404,
        "mean": 7.66918992996,
        "median": 1.71343421936,
        "min": -1.88632750511,
        "stdev": 17.6009120941,
        "var": 309.792114258
    },
    "barkbands_skewness": {
        "dmean": 0.826935768127,
        "dmean2": 1.18113994598,
        "dvar": 0.99758541584,
        "dvar2": 1.77190756798,
        "max": 12.4610424042,
        "mean": 1.92131257057,
        "median": 1.43716287613,
        "min": -2.95091485977,
        "stdev": 1.91539502144,
        "var": 3.66873788834
    },
    "barkbands_spread": {
        "dmean": 8.28435516357,
        "dmean2": 12.3881912231,
        "dvar": 101.70514679,
        "dvar2": 204.082565308,
        "max": 115.56161499,
        "mean": 27.3961105347,
        "median": 25.6988677979,
        "min": 1.36373794079,
        "stdev": 16.0285625458,
        "var": 256.914794922
    },
    "dissonance": {
        "dmean": 0.0239026676863,
        "dmean2": 0.0404498875141,
        "dvar": 0.000589674978983,
        "dvar2": 0.00155349168926,
        "max": 0.499436199665,
        "mean": 0.457571744919,
        "median": 0.466185927391,
        "min": 0.193700179458,
        "stdev": 0.0333358235657,
        "var": 0.00111127702985
    },
    "dynamic_complexity": 2.04254388809,
    "erbbands_crest": {
        "dmean": 2.91649913788,
        "dmean2": 4.70967531204,
        "dvar": 7.83979463577,
        "dvar2": 18.5438537598,
        "max": 29.475063324,
        "mean": 10.1068277359,
        "median": 9.06807422638,
        "min": 2.43474698067,
        "stdev": 4.73062372208,
        "var": 22.3788013458
    },
    "erbbands_flatness_db": {
        "dmean": 0.0183668378741,
        "dmean2": 0.0255656521767,
        "dvar": 0.000317712838296,
        "dvar2": 0.000540738576092,
        "max": 0.32507455349,
        "mean": 0.153011769056,
        "median": 0.146451964974,
        "min": 0.0558433867991,
        "stdev": 0.0508000068367,
        "var": 0.00258064060472
    },
    "erbbands_kurtosis": {
        "dmean": 1.25523281097,
        "dmean2": 1.90902781487,
        "dvar": 2.95199346542,
        "dvar2": 6.47953128815,
        "max": 35.762588501,
        "mean": 1.01480615139,
        "median": 0.0647423267365,
        "min": -1.83396351337,
        "stdev": 2.92560887337,
        "var": 8.55918693542
    },
    "erbbands_skewness": {
        "dmean": 0.441893458366,
        "dmean2": 0.660115659237,
        "dvar": 0.194349780679,
        "dvar2": 0.400529384613,
        "max": 3.9396340847,
        "mean": 0.388272255659,
        "median": 0.346588820219,
        "min": -2.71014475822,
        "stdev": 0.898435354233,
        "var": 0.807186126709
    },
    "erbbands_spread": {
        "dmean": 12.5026054382,
        "dmean2": 18.4944667816,
        "dvar": 175.364944458,
        "dvar2": 386.125701904,
        "max": 161.71635437,
        "mean": 49.1051139832,
        "median": 42.4696121216,
        "min": 5.61056518555,
        "stdev": 27.4865951538,
        "var": 755.512878418
    },
    "hfc": {
        "dmean": 10.9751691818,
        "dmean2": 16.7381744385,
        "dvar": 207.529510498,
        "dvar2": 512.475219727,
        "max": 158.22203064,
        "mean": 32.9288101196,
        "median": 30.7403888702,
        "min": 0.000225494193728,
        "stdev": 20.2893733978,
        "var": 411.658691406
    },
    "loudness_ebu128": {
        "integrated": -7.20929956436,
        "loudness_range": 2.22836303711,
        "momentary": {
            "dmean": 0.602947294712,
            "dmean2": 0.871298789978,
            "dvar": 0.344874203205,
            "dvar2": 0.728016257286,
            "max": -5.03993320465,
            "mean": -7.47622871399,
            "median": -7.13042926788,
            "min": -12.9127063751,
            "stdev": 1.63143134117,
            "var": 2.66156840324
        },
        "short_term": {
            "dmean": 0.0860088095069,
            "dmean2": 0.104330711067,
            "dvar": 0.00364593882114,
            "dvar2": 0.00627248222008,
            "max": -5.96117305756,
            "mean": -7.3146944046,
            "median": -7.39436149597,
            "min": -9.23562145233,
            "stdev": 0.814743995667,
            "var": 0.663807749748
        }
    },
    "melbands_crest": {
        "dmean": 3.61453700066,
        "dmean2": 5.76062870026,
        "dvar": 12.8725328445,
        "dvar2": 33.452167511,
        "max": 32.5609397888,
        "mean": 16.6078739166,
        "median": 16.6635818481,
        "min": 4.06314516068,
        "stdev": 5.8300614357,
        "var": 33.989616394
    },
    "melbands_flatness_db": {
        "dmean": 0.0335687063634,
        "dmean2": 0.047103587538,
        "dvar": 0.00125265156385,
        "dvar2": 0.00221242220141,
        "max": 0.420572757721,
        "mean": 0.200784400105,
        "median": 0.19577357173,
        "min": 0.0336530432105,
        "stdev": 0.0792362987995,
        "var": 0.0062783905305
    },
    "melbands_kurtosis": {
        "dmean": 17.6974239349,
        "dmean2": 26.3614635468,
        "dvar": 1176.5333252,
        "dvar2": 2445.64697266,
        "max": 386.691040039,
        "mean": 30.8489398956,
        "median": 9.11095619202,
        "min": -1.88083982468,
        "stdev": 55.2901077271,
        "var": 3056.99584961
    },
    "melbands_skewness": {
        "dmean": 1.22502446175,
        "dmean2": 1.77073395252,
        "dvar": 2.34970355034,
        "dvar2": 4.35615634918,
        "max": 16.5287055969,
        "mean": 3.65652728081,
        "median": 2.63179540634,
        "min": -1.0317325592,
        "stdev": 3.01703095436,
        "var": 9.10247516632
    },
    "melbands_spread": {
        "dmean": 10.8599395752,
        "dmean2": 16.3490257263,
        "dvar": 267.743377686,
        "dvar2": 518.908447266,
        "max": 232.990097046,
        "mean": 28.8786258698,
        "median": 22.7649688721,
        "min": 0.857008039951,
        "stdev": 27.5041904449,
        "var": 756.48046875
    },
    "pitch_salience": {
        "dmean": 0.0880787447095,
        "dmean2": 0.134636074305,
        "dvar": 0.00866760034114,
        "dvar2": 0.0187454391271,
        "max": 0.855346620083,
        "mean": 0.481281191111,
        "median": 0.464404672384,
        "min": 0.104612126946,
        "stdev": 0.161264762282,
        "var": 0.0260063223541
    },
    "silence_rate_20dB": {
        "dmean": 0,
        "dmean2": 0,
        "dvar": 0,
        "dvar2": 0,
        "max": 1,
        "mean": 1,
        "median": 1,
        "min": 1,
        "stdev": 0,
        "var": 0
    },
    "silence_rate_30dB": {
        "dmean": 0.0510835908353,
        "dmean2": 0.102246321738,
        "dvar": 0.0484738685191,
        "dvar2": 0.0933407992125,
        "max": 1,
        "mean": 0.928847670555,
        "median": 1,
        "min": 0,
        "stdev": 0.257079988718,
        "var": 0.0660901218653
    },
    "silence_rate_60dB": {
        "dmean": 0.0239938087761,
        "dmean2": 0.0472501926124,
        "dvar": 0.0234182979912,
        "dvar2": 0.0481158904731,
        "max": 1,
        "mean": 0.0464037135243,
        "median": 0,
        "min": 0,
        "stdev": 0.21035592258,
        "var": 0.044249612838
    },
    "spectral_centroid": {
        "dmean": 346.018432617,
        "dmean2": 511.636901855,
        "dvar": 173617.65625,
        "dvar2": 324617.75,
        "max": 5380.46337891,
        "mean": 1606.05102539,
        "median": 1574.23669434,
        "min": 219.160766602,
        "stdev": 734.841430664,
        "var": 539991.9375
    },
    "spectral_complexity": {
        "dmean": 4.16873073578,
        "dmean2": 6.26878404617,
        "dvar": 30.7036895752,
        "dvar2": 60.9570274353,
        "max": 54,
        "mean": 15.3341064453,
        "median": 14,
        "min": 0,
        "stdev": 8.06228923798,
        "var": 65.0005111694
    },
    "spectral_decrease": {
        "dmean": 3.94690591321e-09,
        "dmean2": 5.74704150935e-09,
        "dvar": 4.82123708952e-17,
        "dvar2": 7.75040374519e-17,
        "max": -3.34852263105e-13,
        "mean": -1.12846132438e-08,
        "median": -7.34532346058e-09,
        "min": -5.66810953728e-08,
        "stdev": 1.10558673327e-08,
        "var": 1.22232201184e-16
    },
    "spectral_energy": {
        "dmean": 0.0154145527631,
        "dmean2": 0.0224870387465,
        "dvar": 0.000700895674527,
        "dvar2": 0.00113930238876,
        "max": 0.21740989387,
        "mean": 0.0455774888396,
        "median": 0.031761072576,
        "min": 1.28425756429e-06,
        "stdev": 0.0420886836946,
        "var": 0.00177145726047
    },
    "spectral_energyband_high": {
        "dmean": 0.000841483881231,
        "dmean2": 0.00125376554206,
        "dvar": 1.33333901431e-06,
        "dvar2": 3.01880891129e-06,
        "max": 0.0124692572281,
        "mean": 0.00193423277233,
        "median": 0.00137640023604,
        "min": 1.32292727884e-08,
        "stdev": 0.00175636750646,
        "var": 3.08482663058e-06
    },
    "spectral_energyband_low": {
        "dmean": 0.0122529352084,
        "dmean2": 0.0178775675595,
        "dvar": 0.000775851949584,
        "dvar2": 0.00137570418883,
        "max": 0.205825224519,
        "mean": 0.0283552762121,
        "median": 0.00635546073318,
        "min": 1.57732902295e-08,
        "stdev": 0.0408034175634,
        "var": 0.00166491884738
    },
    "spectral_energyband_middle_high": {
        "dmean": 0.00290572061203,
        "dmean2": 0.00445067929104,
        "dvar": 1.74286305992e-05,
        "dvar2": 4.17492083216e-05,
        "max": 0.0366730801761,
        "mean": 0.00712214363739,
        "median": 0.00479542650282,
        "min": 8.29116775236e-09,
        "stdev": 0.00692273164168,
        "var": 4.79242116853e-05
    },
    "spectral_energyband_middle_low": {
        "dmean": 0.00719507690519,
        "dmean2": 0.0122844018042,
        "dvar": 0.000264600617811,
        "dvar2": 0.000715002068318,
        "max": 0.128986433148,
        "mean": 0.0100146839395,
        "median": 0.00681712012738,
        "min": 1.93687270666e-07,
        "stdev": 0.0138595821336,
        "var": 0.000192088016775
    },
    "spectral_entropy": {
        "dmean": 0.222363188863,
        "dmean2": 0.310597121716,
        "dvar": 0.0437382906675,
        "dvar2": 0.0822456032038,
        "max": 8.84306335449,
        "mean": 7.66696357727,
        "median": 7.65518045425,
        "min": 6.39858579636,
        "stdev": 0.444723457098,
        "var": 0.197778955102
    },
    "spectral_flux": {
        "dmean": 0.0407064594328,
        "dmean2": 0.0599874407053,
        "dvar": 0.00314145232551,
        "dvar2": 0.00525763491169,
        "max": 0.512544810772,
        "mean": 0.107756249607,
        "median": 0.0808394625783,
        "min": 0.00113325088751,
        "stdev": 0.0855956599116,
        "var": 0.00732661643997
    },
    "spectral_kurtosis": {
        "dmean": 0.903736233711,
        "dmean2": 1.35701572895,
        "dvar": 1.06537854671,
        "dvar2": 2.42132782936,
        "max": 11.9869165421,
        "mean": 2.30309939384,
        "median": 2.03162288666,
        "min": -1.356731534,
        "stdev": 1.82180047035,
        "var": 3.31895709038
    },
    "spectral_rms": {
        "dmean": 0.00107560900506,
        "dmean2": 0.00153294741176,
        "dvar": 2.18548075281e-06,
        "dvar2": 3.62749278793e-06,
        "max": 0.0145639013499,
        "mean": 0.006003504619,
        "median": 0.00556654389948,
        "min": 3.53968098352e-05,
        "stdev": 0.00290236668661,
        "var": 8.42373265186e-06
    },
    "spectral_rolloff": {
        "dmean": 891.062866211,
        "dmean2": 1456.45349121,
        "dvar": 2589596.5,
        "dvar2": 5204625,
        "max": 11563.3300781,
        "mean": 2211.4140625,
        "median": 1528.85742188,
        "min": 64.599609375,
        "stdev": 2476.57348633,
        "var": 6133416.5
    },
    "spectral_skewness": {
        "dmean": 0.193654790521,
        "dmean2": 0.282082259655,
        "dvar": 0.0393948704004,
        "dvar2": 0.0772963538766,
        "max": 2.62972736359,
        "mean": 1.38380181789,
        "median": 1.39999186993,
        "min": -0.0918168872595,
        "stdev": 0.409839451313,
        "var": 0.167968377471
    },
    "spectral_spread": {
        "dmean": 872958.625,
        "dmean2": 1286771.75,
        "dvar": 824855822336,
        "dvar2": 1.68374501376e+12,
        "max": 15140900,
        "mean": 7063507.5,
        "median": 6845429.5,
        "min": 2224299.5,
        "stdev": 1932588.125,
        "var": 3.73489664e+12
    },
    "spectral_strongpeak": {
        "dmean": 0.683584094048,
        "dmean2": 1.17221856117,
        "dvar": 1.61260056496,
        "dvar2": 4.06093502045,
        "max": 12.1479873657,
        "mean": 1.31133985519,
        "median": 0.589589893818,
        "min": 0,
        "stdev": 1.71073281765,
        "var": 2.92660665512
    },
    "zerocrossingrate": {
        "dmean": 0.0183657240123,
        "dmean2": 0.0206496454775,
        "dvar": 0.000473925378174,
        "dvar2": 0.000482915493194,
        "max": 0.41748046875,
        "mean": 0.0900087729096,
        "median": 0.07958984375,
        "min": 0.0068359375,
        "stdev": 0.0588681474328,
        "var": 0.00346545875072
    },
    "barkbands": {
        "dmean": [0.000377598888008, 0.0102559039369, 0.00649566110224, 0.00276891561225, 0.00162579619791, 0.00164318783209, 0.00112207280472, 0.000790988444351, 0.000772197556216, 0.000559916894417, 0.000656071060803, 0.000699505326338, 0.000537777435966, 0.000568258052226, 0.000647934619337, 0.000311263662297, 0.000370205409126, 0.00020530524489, 0.00017765146913, 0.000178599439096, 0.000135679496452, 0.000151510801516, 0.000174905391759, 0.00023799345945, 0.000233054641285, 6.55634867144e-05, 1.6831567109e-06],
        "dmean2": [0.00062181497924, 0.0160745605826, 0.0119425337762, 0.00508283078671, 0.00291965715587, 0.00272369477898, 0.00191426125821, 0.00138281018008, 0.00123503257055, 0.000875878205989, 0.000955264666118, 0.00105705158785, 0.000790391175542, 0.000914738106076, 0.00107201992068, 0.00049681199016, 0.000575355254114, 0.00032871356234, 0.000289447401883, 0.000280996668153, 0.000212977087358, 0.000238853695919, 0.000265490758466, 0.000354284537025, 0.000356110307621, 0.000107175808807, 2.95265294881e-06],
        "dvar": [1.04427795122e-06, 0.000573902216274, 0.000564064423088, 0.000100816461782, 2.80999593087e-05, 1.10360660983e-05, 7.59388376537e-06, 3.75941158381e-06, 3.16221894536e-06, 1.59307592185e-06, 1.52074619564e-06, 2.32931029132e-06, 1.90855098481e-06, 1.74334650183e-06, 2.43650833909e-06, 9.42069561916e-07, 6.99707868534e-07, 1.30946546051e-07, 6.56633005747e-08, 8.36567224383e-08, 5.56323271894e-08, 8.6357829332e-08, 6.83041605498e-08, 9.40176292374e-08, 1.12019776566e-07, 1.40103431079e-08, 2.73865721767e-11],
        "dvar2": [2.71085468739e-06, 0.0014040004462, 0.00159741542302, 0.000285702641122, 8.07686374173e-05, 2.88208339043e-05, 2.00809390662e-05, 1.02236390376e-05, 8.06846037449e-06, 3.23830840898e-06, 2.9540099149e-06, 5.05785828864e-06, 3.67849224858e-06, 3.92737092625e-06, 6.49471758152e-06, 2.03335707738e-06, 1.60204729127e-06, 3.16797269306e-07, 1.5376629392e-07, 1.99770681775e-07, 1.36511204119e-07, 2.09428961284e-07, 1.63130223996e-07, 1.89411650808e-07, 2.43645217779e-07, 3.54475702125e-08, 7.57010079622e-11],
        "max": [0.0150078348815, 0.174403578043, 0.167706161737, 0.0781043544412, 0.0535513460636, 0.0331398248672, 0.0342099368572, 0.0347176790237, 0.0281007420272, 0.0249970182776, 0.0183221958578, 0.0243231114, 0.028254494071, 0.0179407969117, 0.0223705563694, 0.0207808446139, 0.0134467929602, 0.00497679784894, 0.00283484347165, 0.00294923386537, 0.00227458588779, 0.00376734230667, 0.00344395264983, 0.00384354358539, 0.00384888215922, 0.00111443037167, 6.10332281212e-05],
        "mean": [0.00050243572332, 0.0195427257568, 0.00669206911698, 0.00241026328877, 0.00161677389406, 0.00209675217047, 0.00121989194304, 0.00106609624345, 0.0011307754321, 0.000828950607684, 0.00118340936024, 0.00107060850132, 0.000821438501589, 0.000738508766517, 0.000796493142843, 0.000416777300416, 0.000744473247323, 0.000303820648696, 0.000312777527142, 0.000271922559477, 0.000223462775466, 0.000237437314354, 0.000337770121405, 0.000493458413985, 0.000416856782977, 0.000100195589766, 1.37604763495e-06],
        "median": [3.74658120563e-05, 0.00374409812503, 0.000479790993268, 0.000234084873227, 0.000340461701853, 0.000700954697095, 0.000234741863096, 0.000140691001434, 0.000265735550784, 0.000118681942695, 0.000223434835789, 0.000254566140939, 0.000133614274091, 0.000101136422018, 0.000167654405232, 0.000106567211333, 0.000172428612132, 0.000148982668179, 0.000169795428519, 0.000144397403346, 6.37244229438e-05, 8.57875784277e-05, 0.00021957262652, 0.000317982863635, 0.000288540672045, 5.13770137331e-05, 1.42547847304e-07],
        "min": [1.32664479402e-09, 2.58885224369e-09, 3.82278209088e-10, 2.82082668335e-09, 7.2286923114e-08, 3.63076235743e-09, 6.84287404518e-10, 4.98384444825e-09, 9.18836384756e-09, 2.43566833369e-10, 9.47314449107e-10, 4.28905844174e-09, 7.94460774944e-10, 3.51665696563e-10, 3.31010607812e-10, 1.24321275496e-10, 3.14488296516e-10, 2.86495216439e-10, 6.6567451551e-10, 2.3714313846e-10, 1.62972829676e-10, 1.15565113035e-09, 2.87643220354e-09, 6.33882457635e-09, 1.98102068083e-09, 5.37313138427e-10, 2.75435029602e-13],
        "stdev": [0.00112441275269, 0.0286910440773, 0.0190634205937, 0.00779086444527, 0.00425869924948, 0.00341297336854, 0.00266927690245, 0.00243899412453, 0.00223911833018, 0.00209051300772, 0.00231021619402, 0.00230664410628, 0.00213833712041, 0.00187375594396, 0.00174220092595, 0.00134309264831, 0.00171368615702, 0.000452848733403, 0.000374522584025, 0.000352829461917, 0.000383358186809, 0.000404043967137, 0.000382196391001, 0.000557716935873, 0.000460655079223, 0.000139619718539, 4.34607454736e-06],
        "var": [1.26430416003e-06, 0.000823176000267, 0.000363413972082, 6.06975700066e-05, 1.81365212484e-05, 1.16483870443e-05, 7.1250392466e-06, 5.94869243287e-06, 5.01365093442e-06, 4.3702448238e-06, 5.33709862793e-06, 5.32060676051e-06, 4.57248597741e-06, 3.51096150553e-06, 3.03526417156e-06, 1.8038978169e-06, 2.93672019325e-06, 2.05071984283e-07, 1.40267175652e-07, 1.24488636288e-07, 1.46963500924e-07, 1.63251527852e-07, 1.4607408616e-07, 3.11048182766e-07, 2.12203090655e-07, 1.94936653486e-08, 1.88883648305e-11]
    },
    "erbbands": {
        "dmean": [0.252566963434, 2.39814949036, 5.93282604218, 9.89585208893, 5.87754297256, 5.13300800323, 9.43779087067, 13.3956737518, 16.3918037415, 15.9773406982, 16.9355449677, 18.0919780731, 20.0786247253, 15.7997703552, 26.5459499359, 28.2069473267, 24.0345993042, 27.2531776428, 34.2538909912, 22.2249031067, 17.9845066071, 15.1382789612, 11.7413663864, 9.23114299774, 8.8769865036, 7.97138929367, 6.25683689117, 5.04405927658, 5.73342323303, 4.63623857498, 5.24538946152, 4.23689222336, 4.59135532379, 3.30315423012, 1.27565693855, 0.422114878893, 0.0969311669469, 0.00930841639638, 0.000228726130445, 2.51035235124e-05],
        "dmean2": [0.400367021561, 3.72440743446, 10.054608345, 17.94373703, 10.4855556488, 9.27901744843, 16.5275802612, 22.0346260071, 27.8376617432, 27.6192092896, 28.7520236969, 28.608757019, 30.8512802124, 23.4185161591, 38.2589416504, 42.1509971619, 35.7909126282, 43.1069030762, 57.0062980652, 35.4521827698, 28.0055522919, 23.2075023651, 18.6452617645, 15.2384748459, 14.0410823822, 12.6702060699, 9.67725944519, 8.04209423065, 9.06845664978, 7.0531835556, 8.02620029449, 6.27227735519, 6.8454375267, 5.1209821701, 1.93997871876, 0.668913662434, 0.160029783845, 0.0158115141094, 0.000387297768611, 3.73276125174e-05],
        "dvar": [0.264673501253, 34.4512214661, 373.055633545, 1323.43688965, 373.404785156, 289.729003906, 556.31262207, 771.845581055, 1428.68884277, 1876.23718262, 1742.66540527, 1851.69482422, 2170.44702148, 1443.00366211, 2571.33251953, 4200.5546875, 3219.76342773, 3706.28955078, 6562.29736328, 3141.65869141, 1888.98901367, 822.876037598, 463.910644531, 205.979858398, 156.333282471, 180.924697876, 118.848983765, 87.2905273438, 134.361572266, 53.9415893555, 70.3435592651, 32.6841201782, 36.8845367432, 20.3123569489, 4.48745155334, 0.448726415634, 0.0429238080978, 0.000635832664557, 4.09761668152e-07, 1.28531896237e-09],
        "dvar2": [0.67851215601, 80.6923980713, 992.396911621, 3718.52636719, 1053.54833984, 834.268981934, 1525.15637207, 1956.70141602, 3775.45922852, 5111.26855469, 4581.86962891, 4656.20947266, 4737.50634766, 3129.35131836, 4722.58789062, 8171.87695312, 6546.25, 7754.10693359, 17160.3378906, 7873.98828125, 4482.72607422, 1876.66687012, 1105.27929688, 491.419830322, 365.634613037, 432.780548096, 287.300048828, 216.470275879, 336.757263184, 117.593727112, 169.947967529, 72.1808700562, 74.347038269, 43.0692825317, 9.98236179352, 1.04564583302, 0.113465845585, 0.00173509446904, 1.12020632059e-06, 2.66939559346e-09],
        "max": [4.27051734924, 44.005657196, 152.904769897, 247.22958374, 210.982818604, 171.223922729, 208.737518311, 342.197235107, 394.210113525, 548.963562012, 924.75970459, 775.05670166, 932.546020508, 730.488647461, 938.10748291, 983.854492188, 1117.57434082, 1034.88037109, 774.434020996, 862.230712891, 841.780822754, 505.943054199, 316.926757812, 179.504608154, 151.589355469, 138.291046143, 117.357276917, 121.483680725, 147.207794189, 117.452384949, 115.860496521, 81.7670211792, 80.0651626587, 56.8438796997, 28.8553142548, 5.98305416107, 2.10797524452, 0.30817759037, 0.00804349407554, 0.000347003224306],
        "mean": [0.537208855152, 4.45026159286, 7.69516468048, 9.34765434265, 5.8115940094, 4.95154380798, 11.0224761963, 16.7932739258, 19.0143871307, 17.2888717651, 26.0502681732, 28.6164226532, 31.2927055359, 27.4709129333, 47.6448440552, 48.242855072, 39.2899551392, 39.7341918945, 43.4619064331, 32.2276802063, 34.2184104919, 28.8937225342, 17.9745159149, 15.5128107071, 16.0759849548, 12.4937973022, 9.52628707886, 8.59506702423, 8.69588470459, 8.42802429199, 10.0383090973, 8.32778072357, 9.3089389801, 6.20287942886, 2.17874407768, 0.701430141926, 0.136688932776, 0.0110947154462, 0.000314577948302, 7.27591905161e-05],
        "median": [0.117454662919, 0.668481588364, 0.776490986347, 0.842856526375, 0.94855684042, 1.22182309628, 2.17079639435, 6.44810295105, 5.06691551208, 3.11770820618, 4.44626426697, 7.48384237289, 7.15027427673, 6.72079753876, 11.030046463, 12.4967212677, 9.45357894897, 8.69382762909, 9.29935646057, 10.6477966309, 8.41929149628, 9.36310768127, 8.50724029541, 8.89814853668, 9.3563709259, 6.56149673462, 3.43379211426, 2.36295080185, 2.8199775219, 4.36700153351, 6.39535093307, 5.63310241699, 5.63342571259, 4.14633846283, 1.36696577072, 0.393150448799, 0.0635392591357, 0.00435679266229, 0.000160450872499, 6.2888393586e-05],
        "min": [2.76845582903e-07, 1.43559441312e-06, 6.62790534989e-06, 3.45046864823e-05, 0.000310410017846, 0.000214654632146, 9.23373518162e-05, 1.7450121959e-05, 5.8605742197e-06, 3.61847014574e-05, 0.000156670575961, 0.000219255889533, 4.93240258947e-05, 8.52650828165e-06, 8.84707114892e-05, 0.000162390337209, 4.23550445703e-05, 2.95553727483e-05, 1.34450647238e-05, 1.24079306261e-05, 7.02507850292e-06, 1.93234754988e-05, 1.32277427838e-05, 3.91580651922e-05, 2.21516529564e-05, 8.88028625923e-06, 7.60094371799e-06, 1.21052426039e-05, 5.01261856698e-05, 2.29321358347e-05, 7.28468512534e-05, 8.71785814525e-05, 0.000147476690472, 2.64187983703e-05, 1.36640283017e-05, 4.06598928748e-06, 6.31804539353e-07, 5.35300443971e-08, 6.7203593801e-09, 2.01090633034e-09],
        "stdev": [0.747896075249, 6.94781970978, 17.6202831268, 28.7150859833, 15.6840028763, 13.4829940796, 24.0095462799, 28.0980052948, 37.1308746338, 40.2849655151, 61.4614295959, 55.8596878052, 74.863243103, 65.1934967041, 98.4098892212, 106.201400757, 86.3888092041, 87.5571212769, 88.4059295654, 70.246635437, 73.4123764038, 51.7233085632, 27.4624958038, 19.053068161, 19.3910617828, 16.419008255, 14.6977109909, 15.7766590118, 14.987364769, 11.7220869064, 11.8741912842, 9.09061813354, 11.3133449554, 6.84074926376, 2.69275712967, 0.879725515842, 0.218020647764, 0.0226337686181, 0.000568107469007, 5.26855183125e-05],
        "var": [0.559348523617, 48.2721977234, 310.474395752, 824.556152344, 245.987960815, 181.791122437, 576.458312988, 789.497924805, 1378.7019043, 1622.87841797, 3777.50732422, 3120.30493164, 5604.50488281, 4250.19189453, 9684.50683594, 11278.7382812, 7463.02685547, 7666.25, 7815.60791016, 4934.58984375, 5389.37646484, 2675.30053711, 754.188720703, 363.019439697, 376.013305664, 269.583831787, 216.022720337, 248.90296936, 224.621109009, 137.407318115, 140.996429443, 82.6393356323, 127.991767883, 46.7958488464, 7.25094127655, 0.773917019367, 0.047533005476, 0.000512287486345, 3.22746075199e-07, 2.775763841e-09]
    },
    "gfcc": {
        "mean": [19.5099258423, 44.6968765259, -112.727729797, 25.9459438324, -65.8151550293, 31.2551441193, -49.725151062, 22.4956684113, -26.0310935974, 8.33908367157, -7.94505119324, 3.58503460884, -7.99592590332],
        "cov": [[3068.15844727, 197.835388184, 713.559692383, 672.065185547, 405.078582764, 475.705291748, 354.582672119, 89.1998825073, 47.3631134033, 50.7394294739, -148.646987915, 10.0483474731, -133.251434326], [197.835388184, 1563.88647461, 854.586608887, 649.919555664, 642.33996582, 277.823486328, 453.361663818, 56.1790046692, 46.625869751, -45.727306366, -28.4657745361, -198.339111328, -64.035446167], [713.559692383, 854.586608887, 1850.88000488, 1060.2911377, 601.871826172, 534.215881348, 463.943603516, 31.5433502197, 11.0725660324, -9.56754970551, -170.37512207, 2.12152147293, -106.094726562], [672.065185547, 649.919555664, 1060.2911377, 1201.05053711, 568.919372559, 271.378326416, 379.931549072, 91.1309967041, 163.495880127, 51.0921554565, -159.175872803, -49.3259735107, -33.7055473328], [405.078582764, 642.33996582, 601.871826172, 568.919372559, 712.570800781, 414.465209961, 343.479248047, 85.8706893921, 21.8282260895, 2.265666008, -20.6860351562, -74.2404556274, -48.5462989807], [475.705291748, 277.823486328, 534.215881348, 271.378326416, 414.465209961, 595.507141113, 313.589202881, 42.0708122253, -26.1633453369, -1.94132947922, 30.1241779327, -11.3193597794, -40.8623390198], [354.582672119, 453.361663818, 463.943603516, 379.931549072, 343.479248047, 313.589202881, 403.145904541, 97.4858169556, 34.3461418152, 33.4998626709, -20.3916149139, -47.7058029175, -35.8089408875], [89.1998825073, 56.1790046692, 31.5433502197, 91.1309967041, 85.8706893921, 42.0708122253, 97.4858169556, 226.882614136, 132.728469849, 28.1749134064, 17.3993396759, -12.9512500763, 3.56355023384], [47.3631134033, 46.625869751, 11.0725660324, 163.495880127, 21.8282260895, -26.1633453369, 34.3461418152, 132.728469849, 260.694458008, 79.7506256104, -32.5557060242, 14.039727211, -0.735710680485], [50.7394294739, -45.727306366, -9.56754970551, 51.0921554565, 2.265666008, -1.94132947922, 33.4998626709, 28.1749134064, 79.7506256104, 128.553588867, 20.2685966492, 26.207403183, 1.2138222456], [-148.646987915, -28.4657745361, -170.37512207, -159.175872803, -20.6860351562, 30.1241779327, -20.3916149139, 17.3993396759, -32.5557060242, 20.2685966492, 180.733413696, 42.5230712891, 18.3393611908], [10.0483474731, -198.339111328, 2.12152147293, -49.3259735107, -74.2404556274, -11.3193597794, -47.7058029175, -12.9512500763, 14.039727211, 26.207403183, 42.5230712891, 161.653579712, 25.1235313416], [-133.251434326, -64.035446167, -106.094726562, -33.7055473328, -48.5462989807, -40.8623390198, -35.8089408875, 3.56355023384, -0.735710680485, 1.2138222456, 18.3393611908, 25.1235313416, 118.183082581]],
        "icov": [[0.000458366819657, -5.22439731867e-05, 0.000177018009708, -0.000342851155438, 0.000190598206245, -0.000479366426589, 8.49091593409e-05, -0.000340522674378, 0.000398172764108, -0.000269017822575, 0.000511595397256, -0.000350823160261, 0.000498608627822], [-5.22439731867e-05, 0.00224624108523, -0.00114004476927, 0.000770650687627, -0.00171048741322, 0.00192657869775, -0.00224231090397, 0.00188048253767, -0.00210343440995, 0.00181725632865, -0.00211734208278, 0.00239050481468, -0.00062944641104], [0.000177018009708, -0.00114004476927, 0.0022930286359, -0.00185421120841, 0.00121614651289, -0.00203248788603, 0.000936242635362, -0.00126293976791, 0.00205629039556, -0.00074292224599, 0.00203446019441, -0.00222649215721, 0.0014081588015], [-0.000342851155438, 0.000770650687627, -0.00185421120841, 0.00357716251165, -0.00232378067449, 0.00218404200859, -0.00174450187478, 0.00165376719087, -0.00272937235422, 0.00052727595903, -0.000437194365077, 0.00130492984317, -0.00162316649221], [0.000190598206245, -0.00171048741322, 0.00121614651289, -0.00232378067449, 0.00530775543302, -0.00343144056387, 0.00115748133976, -0.00218366296031, 0.00239298376255, -0.00111712503713, 0.001177168102, -0.000991638051346, 0.00118201808073], [-0.000479366426589, 0.00192657869775, -0.00203248788603, 0.00218404200859, -0.00343144056387, 0.00641723396257, -0.00419747224078, 0.00266472087242, -0.0026413849555, 0.00232090381905, -0.00332814897411, 0.00184331147466, -0.00115690939128], [8.49091593409e-05, -0.00224231090397, 0.000936242635362, -0.00174450187478, 0.00115748133976, -0.00419747224078, 0.00888422038406, -0.00422240467742, 0.00346911186352, -0.00384449725971, 0.00256087328307, -0.00128761760425, 0.00100450578611], [-0.000340522674378, 0.00188048253767, -0.00126293976791, 0.00165376719087, -0.00218366296031, 0.00266472087242, -0.00422240467742, 0.00991641264409, -0.00702600600198, 0.00346556468867, -0.00402185833082, 0.00294647039846, -0.0016627619043], [0.000398172764108, -0.00210343440995, 0.00205629039556, -0.00272937235422, 0.00239298376255, -0.0026413849555, 0.00346911186352, -0.00702600600198, 0.0110188154504, -0.00596402632073, 0.00461948802695, -0.00358871370554, 0.00188536301721], [-0.000269017822575, 0.00181725632865, -0.00074292224599, 0.00052727595903, -0.00111712503713, 0.00232090381905, -0.00384449725971, 0.00346556468867, -0.00596402632073, 0.012749010697, -0.00410093786195, 0.000811753910966, -0.000465264572995], [0.000511595397256, -0.00211734208278, 0.00203446019441, -0.000437194365077, 0.001177168102, -0.00332814897411, 0.00256087328307, -0.00402185833082, 0.00461948802695, -0.00410093786195, 0.0108531052247, -0.00475795986131, 0.000759458285756], [-0.000350823160261, 0.00239050481468, -0.00222649215721, 0.00130492984317, -0.000991638051346, 0.00184331147466, -0.00128761760425, 0.00294647039846, -0.00358871370554, 0.000811753910966, -0.00475795986131, 0.0109325544909, -0.00259228982031], [0.000498608627822, -0.00062944641104, 0.0014081588015, -0.00162316649221, 0.00118201808073, -0.00115690939128, 0.00100450578611, -0.0016627619043, 0.00188536301721, -0.000465264572995, 0.000759458285756, -0.00259228982031, 0.0103735448793]]
    },
    "melbands": {
        "dmean": [0.00263551087119, 0.00255845300853, 0.00148902786896, 0.000364836363588, 0.000303551292745, 0.000311985466396, 0.000248501164606, 0.000171138468431, 0.000134053057991, 0.000117295341624, 0.000100018623925, 6.15542667219e-05, 8.28057745821e-05, 7.8574019426e-05, 6.09608068771e-05, 6.35789619992e-05, 5.43027890672e-05, 5.67363713344e-05, 4.58311114926e-05, 2.72657052847e-05, 2.37592994381e-05, 2.01243656193e-05, 1.17519966807e-05, 9.25624135562e-06, 7.93566596258e-06, 7.29853354642e-06, 6.78028800394e-06, 5.31452496944e-06, 4.21317145083e-06, 3.37653727911e-06, 2.89683725896e-06, 3.31848718815e-06, 3.23185372508e-06, 2.61350919573e-06, 3.28139731209e-06, 3.11367580252e-06, 2.66122924586e-06, 3.24129882756e-06, 3.59217528967e-06, 2.81968300442e-06],
        "dmean2": [0.00409978674725, 0.00370950764045, 0.00267980946228, 0.000657643948216, 0.000536332139745, 0.000513755891006, 0.00041979047819, 0.000297723425319, 0.000227202748647, 0.000184777803952, 0.000154098597704, 9.22198742046e-05, 0.000118816038594, 0.00011759751942, 9.30876558414e-05, 9.21057144296e-05, 8.60566215124e-05, 9.39516612561e-05, 7.59977629059e-05, 4.21621080022e-05, 3.72659851564e-05, 3.11052681354e-05, 1.89522106666e-05, 1.481023628e-05, 1.31168844746e-05, 1.18645930343e-05, 1.07448913695e-05, 8.50398555485e-06, 6.59687975713e-06, 5.37102005183e-06, 4.63961987407e-06, 5.32823332833e-06, 5.24813322045e-06, 3.97639496441e-06, 5.03212822878e-06, 4.84686961499e-06, 3.97917619921e-06, 4.88256728204e-06, 5.40629571333e-06, 4.42197278971e-06],
        "dvar": [3.37223209499e-05, 4.49816907349e-05, 2.81420634565e-05, 1.5369898847e-06, 5.97695134275e-07, 4.00527000011e-07, 3.26958371488e-07, 2.11237647818e-07, 1.05984248933e-07, 8.35443927372e-08, 5.51992336284e-08, 2.29645955585e-08, 2.328471993e-08, 3.45614132868e-08, 1.84143384985e-08, 3.42342616477e-08, 1.73048189112e-08, 1.87882598368e-08, 1.63139581844e-08, 8.13731126925e-09, 4.00727895311e-09, 1.8639736421e-09, 6.39497066413e-10, 2.689295453e-10, 1.71903422053e-10, 1.10605698211e-10, 1.26536447986e-10, 8.84282647107e-11, 5.29738856947e-11, 4.16272641357e-11, 2.82325933465e-11, 4.48202100434e-11, 4.03965923212e-11, 1.50228267326e-11, 2.7423081167e-11, 2.43291133767e-11, 1.45757659414e-11, 2.02911507041e-11, 2.49790362006e-11, 1.67333213258e-11],
        "dvar2": [8.39389758767e-05, 9.54052593443e-05, 7.77155073592e-05, 4.4091093514e-06, 1.66510858435e-06, 1.02826084003e-06, 8.60040586304e-07, 5.80295761665e-07, 2.74661005051e-07, 2.08904836541e-07, 1.20408671478e-07, 4.92164993204e-08, 4.55453594839e-08, 8.29844921668e-08, 3.93837176205e-08, 6.53794529626e-08, 3.65446197748e-08, 4.7365222855e-08, 4.38932907798e-08, 1.63962710076e-08, 9.62753432532e-09, 4.19160528509e-09, 1.55299606508e-09, 6.70446198558e-10, 4.02922972764e-10, 2.82772444349e-10, 3.0391697492e-10, 2.08935257984e-10, 1.27901855773e-10, 1.03578187693e-10, 6.87468623695e-11, 1.1170792763e-10, 9.9602173731e-11, 3.2215244361e-11, 6.64800436923e-11, 5.99977081905e-11, 3.16986471793e-11, 4.08204858804e-11, 5.42684681915e-11, 3.67513762478e-11],
        "max": [0.0418873094022, 0.0549534782767, 0.035811394453, 0.0123302452266, 0.00705544557422, 0.00733209354803, 0.00573565112427, 0.00507640046999, 0.00704240659252, 0.00516937673092, 0.00468511832878, 0.0027920557186, 0.00249427231029, 0.00352416397072, 0.00179660157301, 0.00388712738641, 0.00228437851183, 0.00144958449528, 0.00238323397934, 0.00199565617368, 0.00117136037443, 0.000723725010175, 0.000424899131758, 0.000196274035261, 0.000176892455784, 0.000127559498651, 0.00012817622337, 0.000116143652122, 7.236746751e-05, 6.00935818511e-05, 6.70331646688e-05, 8.09326011222e-05, 8.0789643107e-05, 5.28226591996e-05, 7.02891702531e-05, 6.71893940307e-05, 5.60965054319e-05, 5.04646741319e-05, 8.20053028292e-05, 5.31759033038e-05],
        "mean": [0.00528511172161, 0.00465490343049, 0.00148295680992, 0.00035802720231, 0.000344007596141, 0.000394999689888, 0.000286536524072, 0.000188797101146, 0.000207375895116, 0.000180873146746, 0.000150323423441, 0.000100158496934, 0.00014219788136, 0.00012900546426, 9.77671443252e-05, 9.46877407841e-05, 7.15465721441e-05, 6.82572062942e-05, 5.72296958126e-05, 3.80989367841e-05, 4.49679646408e-05, 3.83071419492e-05, 1.5486835764e-05, 1.44194118548e-05, 1.19634705698e-05, 1.22977080537e-05, 1.0249398656e-05, 7.76750857767e-06, 6.00123485128e-06, 5.16034288012e-06, 4.83480425828e-06, 4.78634365209e-06, 4.75519709653e-06, 4.61596573587e-06, 5.91545631323e-06, 5.58623150937e-06, 4.81734650748e-06, 6.06140383752e-06, 7.10278300176e-06, 4.6731402108e-06],
        "median": [0.0010648855241, 0.000643763574772, 0.000146073740325, 8.25219249236e-05, 7.01681201463e-05, 0.000146233855048, 7.04946723999e-05, 2.68169733317e-05, 3.20385406667e-05, 4.34110152128e-05, 2.72566721833e-05, 1.48739718497e-05, 2.69399934041e-05, 3.1716117519e-05, 2.04313091672e-05, 1.13901960503e-05, 1.2075354789e-05, 1.10994305942e-05, 1.23848212752e-05, 1.05387152871e-05, 7.79169658927e-06, 1.01639489003e-05, 6.3144266278e-06, 6.70864756103e-06, 5.57119255973e-06, 6.02471027378e-06, 5.86482019571e-06, 3.55909196514e-06, 2.12851318793e-06, 1.19954256661e-06, 1.13165992843e-06, 1.51245797042e-06, 1.67392727235e-06, 2.25472604143e-06, 3.50908703695e-06, 3.42404723597e-06, 2.93552557196e-06, 3.51112385033e-06, 4.00156341129e-06, 3.00959572996e-06],
        "min": [1.72958858347e-09, 1.71810421445e-09, 3.12569059524e-09, 1.21284848831e-08, 4.21490442548e-09, 4.11385120413e-10, 9.29210042244e-11, 5.00644914414e-10, 1.45665668416e-09, 1.30568000856e-09, 1.99487565355e-10, 1.51668053117e-11, 1.99815011759e-10, 4.9309606398e-10, 2.48782522361e-10, 6.71359148829e-11, 4.79977030343e-11, 1.5954957841e-11, 2.57948818555e-11, 1.16533085265e-11, 5.80107923503e-12, 1.97862403545e-11, 1.47646218168e-11, 1.25651052063e-11, 3.53940175779e-11, 1.96864712032e-11, 8.91764787014e-12, 5.64797861258e-12, 5.95998988009e-12, 3.58851641978e-12, 6.58036906215e-12, 3.03889240161e-11, 2.1865629099e-11, 8.94732118256e-12, 2.0571048337e-11, 8.51081358166e-11, 4.19915179017e-11, 1.51343562682e-10, 2.40257345269e-11, 2.03066816834e-11],
        "stdev": [0.00744854006916, 0.0080602709204, 0.0042789936997, 0.00098443008028, 0.000729896884877, 0.000639704987407, 0.000561119173653, 0.00042890990153, 0.000481516879518, 0.000377697026124, 0.000374665483832, 0.000259028107394, 0.000282027875073, 0.000262915767962, 0.000203937277547, 0.000280652398942, 0.000186801815289, 0.000155253525008, 0.000146578633576, 0.000122767232824, 0.000111072018626, 7.98677501734e-05, 2.90457483061e-05, 2.25618514378e-05, 1.70408420672e-05, 1.64112661878e-05, 1.35027285069e-05, 1.13510777737e-05, 9.32636976358e-06, 9.46734053286e-06, 9.08521542442e-06, 8.59817464516e-06, 8.29223972687e-06, 6.24443737252e-06, 7.60426473789e-06, 6.81435949446e-06, 5.82385246162e-06, 7.46804107621e-06, 9.80931872618e-06, 5.59053842153e-06],
        "var": [5.5480752053e-05, 6.49679714115e-05, 1.8309787265e-05, 9.69102643467e-07, 5.32749481863e-07, 4.09222451481e-07, 3.1485470231e-07, 1.8396369228e-07, 2.31858493294e-07, 1.42655039781e-07, 1.40374226021e-07, 6.70955628834e-08, 7.95397241404e-08, 6.91246953011e-08, 4.15904146678e-08, 7.87657654655e-08, 3.48949207307e-08, 2.41036577364e-08, 2.1485297097e-08, 1.50717944791e-08, 1.23369936489e-08, 6.37885699817e-09, 8.43655534322e-10, 5.09037145768e-10, 2.90390267388e-10, 2.69329669678e-10, 1.8232367005e-10, 1.28846960878e-10, 8.69811722648e-11, 8.96305321629e-11, 8.2541147528e-11, 7.39286062923e-11, 6.87612466965e-11, 3.89929998013e-11, 5.78248456062e-11, 4.64354943386e-11, 3.39172578911e-11, 5.57716373084e-11, 9.62227381107e-11, 3.12541208192e-11]
    },
    "melbands128": {
