{
"lowlevel": {
    "average_loudness": 0.957433581352,
    "barkbands_crest": {
        "dmean": 2.59370565414,
        "dmean2": 3.84630489349,
        "dvar": 7.35147190094,
        "dvar2": 16.0241222382,
        "max": 26.2012691498,
        "mean": 12.5851078033,
        "median": 11.8858823776,
        "min": 2.50067687035,
        "stdev": 5.12622499466,
        "var": 26.2781829834
    },
    "barkbands_flatness_db": {
        "dmean": 0.0372983664274,
        "dmean2": 0.0506842620671,
        "dvar": 0.00141015928239,
        "dvar2": 0.00271180761047,
        "max": 0.554417669773,
        "mean": 0.191625401378,
        "median": 0.180265143514,
        "min": 0.0342000238597,
        "stdev": 0.0820812210441,
        "var": 0.00673732720315
    },
    "barkbands_kurtosis": {
        "dmean": 15.7942638397,
        "dmean2": 23.9268455505,
        "dvar": 1738.81384277,
        "dvar2": 3948.5871582,
        "max": 749.944641113,
        "mean": 23.4655380249,
        "median": 8.60390090942,
        "min": -1.84816324711,
        "stdev": 50.9115982056,
        "var": 2591.99072266
    },
    "barkbands_skewness": {
        "dmean": 1.13382744789,
        "dmean2": 1.64002156258,
        "dvar": 2.4557864666,
        "dvar2": 5.23773336411,
        "max": 21.3335266113,
        "mean": 3.02355599403,
        "median": 2.50655126572,
        "min": -1.79001200199,
        "stdev": 2.55484819412,
        "var": 6.52724933624
    },
    "barkbands_spread": {
        "dmean": 7.27214097977,
        "dmean2": 11.1843528748,
        "dvar": 110.331352234,
        "dvar2": 227.243804932,
        "max": 96.3788604736,
        "mean": 16.2212848663,
        "median": 11.3230676651,
        "min": 0.10850802809,
        "stdev": 16.2256526947,
        "var": 263.271820068
    },
    "dissonance": {
        "dmean": 0.0272077638656,
        "dmean2": 0.0433820001781,
        "dvar": 0.000649910711218,
        "dvar2": 0.00166769826319,
        "max": 0.499982357025,
        "mean": 0.44412907958,
        "median": 0.45341283083,
        "min": 0.253895670176,
        "stdev": 0.0418120473623,
        "var": 0.00174824730493
    },
    "dynamic_complexity": 2.75887584686,
    "erbbands_crest": {
        "dmean": 2.99529743195,
        "dmean2": 4.59393548965,
        "dvar": 7.86310195923,
        "dvar2": 18.3700942993,
        "max": 25.223783493,
        "mean": 10.045750618,
        "median": 9.29302692413,
        "min": 2.31956934929,
        "stdev": 4.43432855606,
        "var": 19.6632709503
    },
    "erbbands_flatness_db": {
        "dmean": 0.0224100556225,
        "dmean2": 0.0331711247563,
        "dvar": 0.000479119655211,
        "dvar2": 0.00100872211624,
        "max": 0.334195107222,
        "mean": 0.149407163262,
        "median": 0.147145301104,
        "min": 0.0449574962258,
        "stdev": 0.0429817773402,
        "var": 0.00184743327554
    },
    "erbbands_kurtosis": {
        "dmean": 1.84741783142,
        "dmean2": 2.89461946487,
        "dvar": 5.84627389908,
        "dvar2": 12.7131252289,
        "max": 33.5178146362,
        "mean": 2.10841679573,
        "median": 1.01309585571,
        "min": -1.77922189236,
        "stdev": 3.76359987259,
        "var": 14.164683342
    },
    "erbbands_skewness": {
        "dmean": 0.567848980427,
        "dmean2": 0.852965414524,
        "dvar": 0.33544960618,
        "dvar2": 0.692383646965,
        "max": 4.28418731689,
        "mean": 0.858715772629,
        "median": 0.872290670872,
        "min": -1.79313969612,
        "stdev": 1.02652716637,
        "var": 1.05375790596
    },
    "erbbands_spread": {
        "dmean": 14.0776958466,
        "dmean2": 21.4286441803,
        "dvar": 271.568145752,
        "dvar2": 611.310424805,
        "max": 180.867034912,
        "mean": 41.6123695374,
        "median": 35.6574249268,
        "min": 3.53149533272,
        "stdev": 25.3067092896,
        "var": 640.42956543
    },
    "hfc": {
        "dmean": 9.72943973541,
        "dmean2": 14.1574039459,
        "dvar": 358.602020264,
        "dvar2": 706.606201172,
        "max": 163.790603638,
        "mean": 17.1896076202,
        "median": 10.9360198975,
        "min": 1.15756449014e-16,
        "stdev": 22.4854774475,
        "var": 505.596679688
    },
    "loudness_ebu128": {
        "integrated": -10.9829568863,
        "loudness_range": 1.62108707428,
        "momentary": {
            "dmean": 1.0151296854,
            "dmean2": 1.39483439922,
            "dvar": 0.954669833183,
            "dvar2": 1.94736969471,
            "max": -7.57745790482,
            "mean": -11.4501409531,
            "median": -11.2930335999,
            "min": -21.1385631561,
            "stdev": 2.08861684799,
            "var": 4.36232042313
        },
        "short_term": {
            "dmean": 0.121304064989,
            "dmean2": 0.14337554574,
            "dvar": 0.00993283838034,
            "dvar2": 0.012734268792,
            "max": -9.95937728882,
            "mean": -11.0489835739,
            "median": -10.9634056091,
            "min": -12.6016902924,
            "stdev": 0.567117154598,
            "var": 0.321621835232
        }
    },
    "melbands_crest": {
        "dmean": 3.38929390907,
        "dmean2": 4.75941705704,
        "dvar": 11.0424165726,
        "dvar2": 20.6814289093,
        "max": 36.5998268127,
        "mean": 19.5443782806,
        "median": 18.8180408478,
        "min": 2.95764660835,
        "stdev": 7.75951719284,
        "var": 60.2101097107
    },
    "melbands_flatness_db": {
        "dmean": 0.0466604121029,
        "dmean2": 0.0615762285888,
        "dvar": 0.00221949769184,
        "dvar2": 0.00412338785827,
        "max": 0.69528067112,
        "mean": 0.274765580893,
        "median": 0.267281144857,
        "min": 0.00871890597045,
        "stdev": 0.104541264474,
        "var": 0.0109288757667
    },
    "melbands_kurtosis": {
        "dmean": 30.0581760406,
        "dmean2": 43.2579574585,
        "dvar": 5643.10351562,
        "dvar2": 12885.6347656,
        "max": 1413.31005859,
        "mean": 47.0360412598,
        "median": 19.3429489136,
        "min": -1.42318689823,
        "stdev": 90.6874694824,
        "var": 8224.21679688
    },
    "melbands_skewness": {
        "dmean": 1.4093631506,
        "dmean2": 2.0012178421,
        "dvar": 3.14789533615,
        "dvar2": 6.58445501328,
        "max": 26.9917812347,
        "mean": 4.163854599,
        "median": 3.35568714142,
        "min": -0.365613430738,
        "stdev": 3.15121984482,
        "var": 9.93018627167
    },
    "melbands_spread": {
        "dmean": 7.69033813477,
        "dmean2": 11.1766824722,
        "dvar": 201.700942993,
        "dvar2": 353.932342529,
        "max": 139.993988037,
        "mean": 15.8765306473,
        "median": 8.7677526474,
        "min": 0.179850563407,
        "stdev": 21.2566947937,
        "var": 451.847106934
    },
    "pitch_salience": {
        "dmean": 0.0838000923395,
        "dmean2": 0.123457707465,
        "dvar": 0.00804951135069,
        "dvar2": 0.0180119685829,
        "max": 0.848818302155,
        "mean": 0.455278843641,
        "median": 0.465094029903,
        "min": 0.0593202337623,
        "stdev": 0.167384162545,
        "var": 0.0280174594373
    },
    "silence_rate_20dB": {
        "dmean": 0,
        "dmean2": 0,
        "dvar": 0,
        "dvar2": 0,
        "max": 1,
        "mean": 1,
        "median": 1,
        "min": 1,
        "stdev": 0,
        "var": 0
    },
    "silence_rate_30dB": {
        "dmean": 0.0433436520398,
        "dmean2": 0.0867544561625,
        "dvar": 0.0414643101394,
        "dvar2": 0.0838742628694,
        "max": 1,
        "mean": 0.894044876099,
        "median": 1,
        "min": 0,
        "stdev": 0.307777643204,
        "var": 0.0947270840406
    },
    "silence_rate_60dB": {
        "dmean": 0.0255417954177,
        "dmean2": 0.0503485687077,
        "dvar": 0.0248893648386,
        "dvar2": 0.057109080255,
        "max": 1,
        "mean": 0.0433101318777,
        "median": 0,
        "min": 0,
        "stdev": 0.203555494547,
        "var": 0.0414348393679
    },
    "spectral_centroid": {
        "dmean": 337.576660156,
        "dmean2": 502.054229736,
        "dvar": 309115.875,
        "dvar2": 486814.9375,
        "max": 11306.6142578,
        "mean": 958.153991699,
        "median": 701.852783203,
        "min": 103.409477234,
        "stdev": 816.572265625,
        "var": 666790.3125
    },
    "spectral_complexity": {
        "dmean": 4.79721355438,
        "dmean2": 7.13090610504,
        "dvar": 54.5840377808,
        "dvar2": 92.7506256104,
        "max": 57,
        "mean": 12.9095125198,
        "median": 10,
        "min": 0,
        "stdev": 10.2144241333,
        "var": 104.334457397
    },
    "spectral_decrease": {
        "dmean": 4.69607108755e-09,
        "dmean2": 6.20389872807e-09,
        "dvar": 7.99712392865e-17,
        "dvar2": 1.36803272225e-16,
        "max": -4.73136408497e-29,
        "mean": -1.21171117584e-08,
        "median": -6.7621583888e-09,
        "min": -8.75028476344e-08,
        "stdev": 1.56975801247e-08,
        "var": 2.46414007515e-16
    },
    "spectral_energy": {
        "dmean": 0.0184077490121,
        "dmean2": 0.0243426300585,
        "dvar": 0.00116115156561,
        "dvar2": 0.00199452484958,
        "max": 0.332097113132,
        "mean": 0.047291919589,
        "median": 0.0267371665686,
        "min": 1.06780244442e-20,
        "stdev": 0.0597094222903,
        "var": 0.00356521527283
    },
    "spectral_energyband_high": {
        "dmean": 0.000730119878426,
        "dmean2": 0.00105848396197,
        "dvar": 3.41426380146e-06,
        "dvar2": 6.25158327239e-06,
        "max": 0.018405361101,
        "mean": 0.000862299231812,
        "median": 0.000168124970514,
        "min": 7.82550260317e-21,
        "stdev": 0.00221030320972,
        "var": 4.88543992105e-06
    },
    "spectral_energyband_low": {
        "dmean": 0.0151386512443,
        "dmean2": 0.0192993432283,
        "dvar": 0.00115019641817,
        "dvar2": 0.00198995391838,
        "max": 0.32921898365,
        "mean": 0.0330428779125,
        "median": 0.0104901865125,
        "min": 1.11847198254e-22,
        "stdev": 0.0581650175154,
        "var": 0.00338316918351
    },
    "spectral_energyband_middle_high": {
        "dmean": 0.00192333688028,
        "dmean2": 0.0029726519715,
        "dvar": 1.48796589201e-05,
        "dvar2": 3.22619271174e-05,
        "max": 0.0475486703217,
        "mean": 0.00287395552732,
        "median": 0.0011409514118,
        "min": 1.66232182876e-21,
        "stdev": 0.0047868299298,
        "var": 2.29137385759e-05
    },
    "spectral_energyband_middle_low": {
        "dmean": 0.00588705483824,
        "dmean2": 0.00969802960753,
        "dvar": 0.000117324641906,
        "dvar2": 0.000319710787153,
        "max": 0.0917098894715,
        "mean": 0.0121754361317,
        "median": 0.00873476825655,
        "min": 2.43139603251e-22,
        "stdev": 0.01219312381,
        "var": 0.000148672261275
    },
    "spectral_entropy": {
        "dmean": 0.324806243181,
        "dmean2": 0.464574456215,
        "dvar": 0.106834881008,
        "dvar2": 0.206868007779,
        "max": 9.79042625427,
        "mean": 7.29671478271,
        "median": 7.25168466568,
        "min": 5.12181186676,
        "stdev": 0.609803676605,
        "var": 0.371860533953
    },
    "spectral_flux": {
        "dmean": 0.0395832546055,
        "dmean2": 0.0565741248429,
        "dvar": 0.00338217965327,
        "dvar2": 0.00544021604583,
        "max": 0.519811332226,
        "mean": 0.0905734375119,
        "median": 0.0614436678588,
        "min": 1.03334528434e-10,
        "stdev": 0.0858434140682,
        "var": 0.00736909219995
    },
    "spectral_kurtosis": {
        "dmean": 2.64807105064,
        "dmean2": 4.16162967682,
        "dvar": 18.1079368591,
        "dvar2": 47.709815979,
        "max": 57.1042442322,
        "mean": 5.96493911743,
        "median": 4.72202920914,
        "min": -1.15535569191,
        "stdev": 5.55964660645,
        "var": 30.9096698761
    },
    "spectral_rms": {
        "dmean": 0.00117801083252,
        "dmean2": 0.00155566295143,
        "dvar": 2.89588956548e-06,
        "dvar2": 5.16082991453e-06,
        "max": 0.017999920994,
        "mean": 0.00586526049301,
        "median": 0.00510735157877,
        "min": 3.22762845097e-12,
        "stdev": 0.00342595390975,
        "var": 1.17371600936e-05
    },
    "spectral_rolloff": {
        "dmean": 498.930145264,
        "dmean2": 808.322631836,
        "dvar": 1457269.75,
        "dvar2": 2727430.25,
        "max": 18281.6894531,
        "mean": 945.431091309,
        "median": 473.73046875,
        "min": 43.06640625,
        "stdev": 1523.02246094,
        "var": 2319597.25
    },
    "spectral_skewness": {
        "dmean": 0.39046677947,
        "dmean2": 0.586328744888,
        "dvar": 0.187693163753,
        "dvar2": 0.425091147423,
        "max": 6.00079965591,
        "mean": 1.93020069599,
        "median": 1.90985393524,
        "min": -0.0480898618698,
        "stdev": 0.731922626495,
        "var": 0.535710692406
    },
    "spectral_spread": {
        "dmean": 982642.25,
        "dmean2": 1435494.375,
        "dvar": 2.23744596378e+12,
        "dvar2": 3.24736804454e+12,
        "max": 39849308,
        "mean": 5407121,
        "median": 5055720.5,
        "min": 1024744.625,
        "stdev": 2295652.5,
        "var": 5.27002029261e+12
    },
    "spectral_strongpeak": {
        "dmean": 0.324591785669,
        "dmean2": 0.531502962112,
        "dvar": 0.392199486494,
        "dvar2": 0.924525916576,
        "max": 6.30002880096,
        "mean": 0.717744112015,
        "median": 0.471416175365,
        "min": 1.34979261102e-09,
        "stdev": 0.792121827602,
        "var": 0.627457022667
    },
    "zerocrossingrate": {
        "dmean": 0.013187373057,
        "dmean2": 0.0147619033232,
        "dvar": 0.000426255603088,
        "dvar2": 0.000438418908743,
        "max": 0.48291015625,
        "mean": 0.0423498079181,
        "median": 0.0322265625,
        "min": 0.00146484375,
        "stdev": 0.0388558022678,
        "var": 0.00150977342855
    },
    "barkbands": {
        "dmean": [0.00129082042258, 0.0114232935011, 0.00532125029713, 0.00276753539219, 0.00179209082853, 0.000970677065197, 0.000948471017182, 0.000870016228873, 0.000617228273768, 0.000324923137669, 0.000212224185816, 0.000295544363325, 0.000230077683227, 0.0002571058576, 0.000168088634382, 0.000259851716692, 0.000192452338524, 0.000229582190514, 0.000232242164202, 0.000111162837129, 0.000197886867682, 0.0001887542021, 0.000144115139847, 7.63643038226e-05, 8.21178909973e-05, 4.24770187237e-05, 1.06102868358e-06],
        "dmean2": [0.00132213591132, 0.0142957866192, 0.00910719111562, 0.00488155893981, 0.0029625131283, 0.0015624492662, 0.0015410319902, 0.00127884757239, 0.000825919618364, 0.0004559137451, 0.000328277761582, 0.000487401441205, 0.00039141337038, 0.000430441374192, 0.000266808405286, 0.000437355600297, 0.000315924175084, 0.000381344318157, 0.000382414204068, 0.000168113372638, 0.000303012377117, 0.000277913932223, 0.0002130659268, 0.000113510926894, 0.000129839667352, 6.83255129843e-05, 1.76410026143e-06],
        "dvar": [1.30422467919e-05, 0.00109149736818, 0.000218520828639, 4.94300184073e-05, 9.31629983825e-06, 4.20528022005e-06, 4.81726692669e-06, 6.21607659923e-06, 2.09026120501e-06, 9.60189254329e-07, 2.66458272336e-07, 6.37207449472e-07, 4.46937121978e-07, 4.4706101221e-07, 1.75988020601e-07, 6.35567403151e-07, 2.43643256681e-07, 3.6359122646e-07, 3.91166508962e-07, 7.48621076241e-08, 4.08431617416e-07, 3.22757216509e-07, 1.70226883256e-07, 1.91220994594e-08, 2.75665712479e-08, 7.84879361504e-09, 6.64774051778e-12],
        "dvar2": [1.99205187528e-05, 0.00209204596467, 0.000623227737378, 0.000141536642332, 2.26382271649e-05, 1.0505438695e-05, 1.2360744222e-05, 1.14085578389e-05, 2.86550562123e-06, 9.78082653091e-07, 5.64938204661e-07, 1.41793805142e-06, 1.2495726196e-06, 1.17280535505e-06, 3.86385295315e-07, 1.63141885423e-06, 6.11318398569e-07, 9.64675564319e-07, 9.69891971181e-07, 1.5334265413e-07, 8.13898566321e-07, 6.64834033159e-07, 3.87883034136e-07, 3.69458099669e-08, 6.4918857845e-08, 1.90876274786e-08, 1.57808436457e-11],
        "max": [0.0622939616442, 0.31658795476, 0.115151576698, 0.0556092113256, 0.0358683019876, 0.0372762270272, 0.0328052379191, 0.0554388873279, 0.0357390195131, 0.0384578183293, 0.00948964152485, 0.0201268084347, 0.00814646389335, 0.00727525213733, 0.00627527013421, 0.00768474163488, 0.00439622998238, 0.005211439915, 0.00547860842198, 0.00306073343381, 0.0059736543335, 0.00540958857164, 0.00479786098003, 0.00132888520602, 0.00126874365378, 0.000747434387449, 3.86736537621e-05],
        "mean": [0.00320543837734, 0.021672654897, 0.00654704077169, 0.00306601030752, 0.00338287930936, 0.00156821671408, 0.0012715831399, 0.00152979546692, 0.00127062853426, 0.000595710647758, 0.000324133783579, 0.000334276322974, 0.000240801935433, 0.000263868045295, 0.000194568987354, 0.000235851242905, 0.000200653084903, 0.000235185201745, 0.000233929356909, 0.000122649798868, 0.000209495890886, 0.000186122008017, 0.000147845959873, 0.000107125117211, 9.59698663792e-05, 4.83945223095e-05, 1.10228586436e-06],
        "median": [4.46536105301e-05, 0.0040966020897, 0.000868045783136, 0.000759624643251, 0.0014640832087, 0.000627980625723, 0.00038849338307, 0.000245340459514, 0.000188208068721, 0.000103273021523, 8.16250540083e-05, 6.18472986389e-05, 4.72722604172e-05, 5.07378172188e-05, 3.78095937776e-05, 4.10480497521e-05, 4.87781726406e-05, 4.4984757551e-05, 5.2684750699e-05, 1.77993188117e-05, 9.56905114435e-06, 1.40330803333e-05, 2.91528231173e-05, 3.68615619664e-05, 2.29280631174e-05, 1.22655310406e-05, 2.09000063478e-07],
        "min": [1.35454880051e-23, 9.17760146045e-23, 8.89219552925e-24, 6.27094050882e-24, 1.99380507495e-23, 4.47246141719e-23, 3.45590180702e-23, 3.67029211295e-23, 7.27836897513e-23, 7.83513627352e-23, 4.17411674719e-23, 8.53714864179e-23, 2.76817072415e-22, 1.25746624481e-22, 1.83639674811e-22, 1.66999569094e-22, 1.45233823868e-22, 1.92135189268e-22, 2.97334095004e-22, 3.86583369196e-22, 3.89196429924e-22, 2.93087019351e-22, 7.90360473004e-22, 8.11177666634e-22, 1.1564327266e-21, 2.04928826881e-21, 2.17851423689e-21],
        "stdev": [0.00686576217413, 0.0500221736729, 0.0142721608281, 0.00640118308365, 0.00487703736871, 0.00297253252938, 0.00235910154879, 0.00450651207939, 0.00295075704344, 0.00220171175897, 0.000699616677593, 0.00095686170971, 0.000579000683501, 0.000617517565843, 0.000515467196237, 0.00072342104977, 0.000474359461805, 0.000601474137511, 0.000593836361077, 0.00031505752122, 0.00073352153413, 0.000626612862106, 0.000421761447797, 0.000179291033419, 0.000181097915629, 9.18742880458e-05, 2.90850880447e-06],
        "var": [4.71386920253e-05, 0.00250221788883, 0.000203694566153, 4.09751446568e-05, 2.37854947045e-05, 8.83595021151e-06, 5.56535997021e-06, 2.03086528927e-05, 8.70696658239e-06, 4.84753491037e-06, 4.89463502618e-07, 9.15584337235e-07, 3.35241765015e-07, 3.81327936338e-07, 2.65706404434e-07, 5.23337973846e-07, 2.25016890454e-07, 3.6177112861e-07, 3.52641592372e-07, 9.92612498862e-08, 5.38053882337e-07, 3.92643670466e-07, 1.77882711228e-07, 3.21452766627e-08, 3.27964535529e-08, 8.44088443586e-09, 8.45942326605e-12]
    },
    "erbbands": {
        "dmean": [0.426359862089, 2.57401609421, 5.97642230988, 7.86727237701, 7.53926944733, 5.54407405853, 6.5156083107, 8.26818752289, 12.0266389847, 15.6404209137, 18.0324020386, 10.7030801773, 12.7759513855, 8.6616191864, 9.42763996124, 10.7924728394, 10.2727336884, 10.9182949066, 10.2714519501, 9.78219795227, 16.4843330383, 10.4339494705, 12.6600875854, 11.3589954376, 9.72479915619, 5.62649154663, 9.26456642151, 7.82516717911, 7.00445508957, 5.53112602234, 3.7889983654, 1.86321544647, 1.25881063938, 0.967175543308, 0.579885542393, 0.234505474567, 0.0756329447031, 0.00689673330635, 0.000171164807398, 2.62130979536e-05],
        "dmean2": [0.480319738388, 3.84236979485, 9.88127422333, 13.6691732407, 12.9881029129, 9.16457366943, 10.1727867126, 13.2886676788, 19.5901050568, 24.4671573639, 25.9330940247, 14.8594722748, 17.2195453644, 12.1374959946, 14.7985076904, 18.2742996216, 17.4499397278, 17.9726467133, 16.4594669342, 15.2230167389, 28.0302505493, 16.7895050049, 21.1406879425, 18.3076305389, 15.6067657471, 8.46579647064, 15.0350627899, 11.3184022903, 10.3324794769, 8.12987995148, 5.53429269791, 2.73049116135, 1.87766432762, 1.51209306717, 0.925342798233, 0.377079993486, 0.121623717248, 0.0110201099887, 0.000271423778031, 3.57933495252e-05],
        "dvar": [1.64616203308, 68.3693771362, 281.206085205, 429.285064697, 216.759185791, 116.306335449, 183.997665405, 320.218322754, 808.03326416, 1284.57165527, 2469.16137695, 578.559265137, 1021.08514404, 336.4246521, 576.359802246, 756.329711914, 919.250976562, 780.553283691, 575.578308105, 632.038818359, 2855.99755859, 607.690307617, 1243.56884766, 816.704711914, 656.501220703, 196.918136597, 1162.24462891, 573.489868164, 425.529418945, 297.125671387, 103.935470581, 14.7510623932, 5.0912528038, 3.76788115501, 1.37959420681, 0.231622725725, 0.0264116711915, 0.000201561691938, 1.26237452491e-07, 1.64574986972e-09],
        "dvar2": [2.36116337776, 156.579147339, 765.905273438, 1234.63830566, 594.809631348, 268.212677002, 410.223358154, 814.617553711, 2034.79846191, 3007.64404297, 4418.02050781, 853.946044922, 1248.15686035, 501.722564697, 1258.87011719, 1936.23974609, 2563.8515625, 2055.57348633, 1373.20666504, 1350.80688477, 7587.984375, 1450.75097656, 3327.56323242, 2029.01513672, 1592.99182129, 398.773864746, 2957.28222656, 1117.52075195, 847.644348145, 689.412109375, 226.370300293, 29.9479446411, 10.5419445038, 8.57247161865, 3.3637752533, 0.561245262623, 0.0660531520844, 0.00047506231931, 3.04086711367e-07, 2.99388469571e-09],
        "max": [13.7811908722, 72.3428497314, 128.422058105, 165.737075806, 113.127128601, 171.049835205, 217.29057312, 289.830413818, 352.753082275, 454.754638672, 1052.24694824, 517.396057129, 871.87512207, 512.534057617, 446.331787109, 415.94418335, 362.575439453, 306.755706787, 207.190444946, 393.414642334, 454.695251465, 207.151107788, 325.224273682, 232.425842285, 257.54510498, 154.714660645, 345.997772217, 227.632980347, 192.723373413, 202.500961304, 122.26599884, 40.3712043762, 19.2453041077, 15.4658946991, 8.96555042267, 5.13933134079, 1.42847323418, 0.133390247822, 0.00523030664772, 0.000371414120309],
        "mean": [0.947809815407, 3.54348826408, 7.81488513947, 9.30194091797, 11.3586339951, 10.2648534775, 10.8346738815, 13.4331512451, 17.2122478485, 22.7540416718, 32.9341392517, 20.7671260834, 28.9455051422, 17.0253295898, 12.8214044571, 11.8347625732, 11.0508775711, 11.683588028, 11.1986341476, 11.4552249908, 14.3263168335, 11.7915687561, 12.6663475037, 12.1916151047, 10.1698303223, 6.13413524628, 8.62857818604, 7.56645441055, 6.84605789185, 5.38517808914, 3.99537205696, 2.39885544777, 1.71775758266, 1.12344503403, 0.658823549747, 0.270680606365, 0.0816066861153, 0.00821646489203, 0.000220075584366, 6.17879049969e-05],
        "median": [0.0902040749788, 0.51986759901, 1.03401839733, 2.74480724335, 4.70178890228, 3.90516352654, 4.13718509674, 5.69965982437, 6.01599121094, 7.93051767349, 5.78424692154, 4.76434993744, 4.75595617294, 4.29026985168, 3.15186405182, 2.49971556664, 2.45203495026, 2.37595415115, 2.47279310226, 2.42307043076, 2.40148186684, 2.99062180519, 2.64842867851, 2.69119477272, 2.37940645218, 0.847423970699, 0.494015008211, 0.330883443356, 0.410488128662, 0.692073047161, 0.878145456314, 0.829738378525, 0.448636889458, 0.239031508565, 0.160409018397, 0.0664509534836, 0.019450141117, 0.0022786706686, 8.00708876341e-05, 3.65877967852e-05],
        "min": [3.60028382519e-21, 1.68604143477e-20, 1.05149963544e-20, 2.11194267657e-20, 2.22377491045e-20, 1.20593562905e-19, 6.90361708062e-20, 5.35241742712e-19, 6.13985407919e-19, 3.78242190365e-19, 1.28617951554e-18, 1.69453376854e-18, 1.98210962254e-18, 2.51238967745e-18, 2.08752676058e-18, 3.64861716776e-18, 1.12394737374e-17, 7.71209519123e-18, 7.5539597648e-18, 9.96789695818e-18, 9.16932852301e-18, 9.26751817045e-18, 1.09762863732e-17, 1.46738945535e-17, 1.25132020134e-17, 1.92085549198e-17, 2.31304597406e-17, 8.62854513549e-18, 1.12470846262e-17, 1.21095486278e-17, 2.57321991931e-17, 1.74640061925e-17, 1.31021992772e-17, 9.54163755364e-18, 1.01012285468e-17, 6.77484827201e-18, 4.27815083116e-18, 1.47213405994e-18, 3.03969462218e-19, 2.97300861367e-20],
        "stdev": [2.29805970192, 9.28813266754, 17.0626049042, 18.7697601318, 16.2727985382, 17.9461727142, 20.5389728546, 24.5626602173, 32.7069969177, 45.1464004517, 87.457901001, 44.0564994812, 73.3563995361, 37.9562530518, 30.6055030823, 27.8105010986, 26.0353069305, 25.9633598328, 24.3575134277, 31.2557125092, 46.7638130188, 25.6048488617, 32.59765625, 29.2903842926, 25.2016983032, 16.0966835022, 32.7103309631, 27.0331344604, 23.1150665283, 17.3593196869, 10.8350133896, 4.60214662552, 2.93041920662, 2.20279955864, 1.22818541527, 0.503230154514, 0.162672549486, 0.0159655082971, 0.000403761136113, 6.7586392106e-05],
        "var": [5.28107786179, 86.2694168091, 291.132476807, 352.303863525, 264.803955078, 322.065124512, 421.849395752, 603.324279785, 1069.74755859, 2038.1973877, 7648.88476562, 1940.97509766, 5381.16113281, 1440.67724609, 936.696838379, 773.423950195, 677.837219238, 674.096069336, 593.288452148, 976.919555664, 2186.85424805, 655.608276367, 1062.6072998, 857.926635742, 635.125549316, 259.103210449, 1069.96569824, 730.790344238, 534.306335449, 301.346008301, 117.397514343, 21.1797523499, 8.58735656738, 4.85232591629, 1.50843954086, 0.253240585327, 0.0264623593539, 0.000254897458944, 1.63023045729e-07, 4.56792070835e-09]
    },
    "gfcc": {
        "mean": [-23.2774391174, 95.6376800537, -82.3382492065, 29.763053894, -55.2285003662, 16.8128662109, -42.5816268921, 18.2870597839, -22.9139385223, 0.80541074276, -13.5913009644, 1.45444023609, -15.9264507294],
        "cov": [[6278.89697266, -1445.9901123, -712.446655273, 138.314743042, -255.959579468, 300.460906982, -109.46686554, 291.365997314, -88.6497650146, 154.85395813, -255.490524292, 103.006118774, -216.727813721], [-1445.9901123, 1604.97546387, 202.504867554, -385.441253662, 275.847076416, -97.9102935791, 185.556427002, -68.4911575317, 161.225387573, -204.854171753, 176.79524231, -120.732177734, 36.0331573486], [-712.446655273, 202.504867554, 847.916381836, 109.521492004, 129.213088989, 80.7999343872, 84.2155685425, 82.5565414429, 52.7382278442, 97.4827194214, 67.969581604, -33.4649467468, 76.4944076538], [138.314743042, -385.441253662, 109.521492004, 572.98059082, 97.9551086426, 30.1854133606, 24.0034713745, -80.3885269165, 18.5757293701, 131.179107666, -30.3110237122, 22.0997066498, 56.480052948], [-255.959579468, 275.847076416, 129.213088989, 97.9551086426, 442.719726562, 114.257705688, 159.76385498, 54.3728599548, 116.52243042, 43.0047264099, 96.9324111938, 23.2192611694, 71.2062149048], [300.460906982, -97.9102935791, 80.7999343872, 30.1854133606, 114.257705688, 276.431610107, 170.058425903, 101.34602356, 42.1171875, 64.549041748, 44.5727043152, 22.5564880371, 25.5825595856], [-109.46686554, 185.556427002, 84.2155685425, 24.0034713745, 159.76385498, 170.058425903, 321.239105225, 76.6913223267, 72.1123352051, 38.7400665283, 66.6666564941, -1.53425240517, 45.33335495], [291.365997314, -68.4911575317, 82.5565414429, -80.3885269165, 54.3728599548, 101.34602356, 76.6913223267, 246.144271851, 89.068145752, 19.5583934784, 42.7443084717, 10.3823766708, -6.97627162933], [-88.6497650146, 161.225387573, 52.7382278442, 18.5757293701, 116.52243042, 42.1171875, 72.1123352051, 89.068145752, 195.739273071, 24.1330890656, 43.2522850037, -1.32240986824, 14.2063856125], [154.85395813, -204.854171753, 97.4827194214, 131.179107666, 43.0047264099, 64.549041748, 38.7400665283, 19.5583934784, 24.1330890656, 164.750579834, 1.45971024036, 23.6443328857, 32.7506217957], [-255.490524292, 176.79524231, 67.969581604, -30.3110237122, 96.9324111938, 44.5727043152, 66.6666564941, 42.7443084717, 43.2522850037, 1.45971024036, 142.233352661, 34.3730316162, 30.3365936279], [103.006118774, -120.732177734, -33.4649467468, 22.0997066498, 23.2192611694, 22.5564880371, -1.53425240517, 10.3823766708, -1.32240986824, 23.6443328857, 34.3730316162, 112.741523743, 33.2943000793], [-216.727813721, 36.0331573486, 76.4944076538, 56.480052948, 71.2062149048, 25.5825595856, 45.33335495, -6.97627162933, 14.2063856125, 32.7506217957, 30.3365936279, 33.2943000793, 123.356277466]],
        "icov": [[0.000274332560366, -7.0589767347e-06, 0.000245636474574, -0.000138043396873, 4.82436007587e-05, -0.000370895286324, 0.000174739703652, -0.00046965983347, 0.000183771058801, -0.000221352820517, 0.000425500445999, -0.000232530670473, 0.000348943431163], [-7.0589767347e-06, 0.00268776365556, -0.000769040314481, 0.00196777726524, -0.0012688342249, 0.00150281423703, -0.0015687198611, 0.00266360724345, -0.00215967022814, 0.00214158580638, -0.00204285955988, 0.00226117344573, -0.000501465168782], [0.000245636474574, -0.000769040314481, 0.00195008784067, -0.000880527659319, 0.000274090794846, -0.000780449132435, 0.000737882219255, -0.00171506544575, 0.000981576973572, -0.00149531522766, 0.000219815585297, 0.000340405124007, -0.000376405980205], [-0.000138043396873, 0.00196777726524, -0.000880527659319, 0.00403747567907, -0.00145043060184, 0.00120212195907, -0.0012157909805, 0.00332313007675, -0.00204470613971, -4.41120027972e-05, -0.000763102783822, 0.00138073053677, -0.000835037732031], [4.82436007587e-05, -0.0012688342249, 0.000274090794846, -0.00145043060184, 0.00421255500987, -0.00132617878262, -1.35898080771e-05, -0.00106234615669, -0.000389088207157, -0.000738554168493, -0.000381947029382, -0.00108783901669, -0.000633749063127], [-0.000370895286324, 0.00150281423703, -0.000780449132435, 0.00120212195907, -0.00132617878262, 0.00786333438009, -0.00393616594374, 0.000216311163967, -0.000460203358671, -7.7674689237e-05, -0.00165678618941, 0.000703761412296, -0.000272398465313], [0.000174739703652, -0.0015687198611, 0.000737882219255, -0.0012157909805, -1.35898080771e-05, -0.00393616594374, 0.00654984125867, -0.00195013231132, 0.000760055321734, -0.00133908831049, 0.000318173872074, 6.33667514194e-05, -0.000656219723169], [-0.00046965983347, 0.00266360724345, -0.00171506544575, 0.00332313007675, -0.00106234615669, 0.000216311163967, -0.00195013231132, 0.00987281091511, -0.00505005940795, 0.00210579345003, -0.00294232508168, 0.00173965410795, 5.87381582591e-05], [0.000183771058801, -0.00215967022814, 0.000981576973572, -0.00204470613971, -0.000389088207157, -0.000460203358671, 0.000760055321734, -0.00505005940795, 0.00927989464253, -0.00246065040119, 0.00098913628608, -0.00100953108631, 0.000650140515063], [-0.000221352820517, 0.00214158580638, -0.00149531522766, -4.41120027972e-05, -0.000738554168493, -7.7674689237e-05, -0.00133908831049, 0.00210579345003, -0.00246065040119, 0.0107415476814, -0.000995269860141, 0.000470077124191, -0.00146394816693], [0.000425500445999, -0.00204285955988, 0.000219815585297, -0.000763102783822, -0.000381947029382, -0.00165678618941, 0.000318173872074, -0.00294232508168, 0.00098913628608, -0.000995269860141, 0.0125129353255, -0.00537791708484, 0.000362715130905], [-0.000232530670473, 0.00226117344573, 0.000340405124007, 0.00138073053677, -0.00108783901669, 0.000703761412296, 6.33667514194e-05, 0.00173965410795, -0.00100953108631, 0.000470077124191, -0.00537791708484, 0.0139079522341, -0.0037949969992], [0.000348943431163, -0.000501465168782, -0.000376405980205, -0.000835037732031, -0.000633749063127, -0.000272398465313, -0.000656219723169, 5.87381582591e-05, 0.000650140515063, -0.00146394816693, 0.000362715130905, -0.0037949969992, 0.0113975740969]]
    },
    "melbands": {
        "dmean": [0.00330395298079, 0.00292964139953, 0.00131728372071, 0.000442555756308, 0.000225113486522, 0.000186864563148, 0.000183409953024, 0.000180801725946, 0.000138649207656, 7.23387638573e-05, 6.59853903926e-05, 3.80531673727e-05, 2.91749947792e-05, 3.47831119143e-05, 2.83399240288e-05, 2.04039333767e-05, 2.11731767195e-05, 1.89369766304e-05, 1.28865003717e-05, 1.28318233692e-05, 2.21279751713e-05, 1.14686927191e-05, 1.08558970169e-05, 1.11128447315e-05, 9.3263497547e-06, 9.3158096206e-06, 4.51705727755e-06, 3.69259623767e-06, 5.47860008737e-06, 4.97468454341e-06, 4.8269130275e-06, 4.1101379793e-06, 3.41149325322e-06, 3.04003629026e-06, 2.38907432504e-06, 1.52518509822e-06, 1.02906403754e-06, 9.26975928905e-07, 8.24628671126e-07, 8.51669710755e-07],
        "dmean2": [0.00386639172211, 0.00451784441248, 0.00230153440498, 0.000741351628676, 0.000353502924554, 0.000297802645946, 0.000297829625197, 0.000276761769783, 0.000198063484277, 9.89585387288e-05, 8.8890461484e-05, 5.30897195858e-05, 4.50869847555e-05, 5.63002358831e-05, 4.88391451654e-05, 3.4702134144e-05, 3.50983682438e-05, 3.12108677463e-05, 2.05732176255e-05, 2.09438985621e-05, 3.86856481782e-05, 1.86026245501e-05, 1.79714879778e-05, 1.88004323718e-05, 1.52460579557e-05, 1.52789125423e-05, 6.96326287652e-06, 5.73437546336e-06, 9.15437976801e-06, 7.8612993093e-06, 7.37620030122e-06, 6.2769431679e-06, 5.05301250087e-06, 4.57592068415e-06, 3.51970675183e-06, 2.30638761423e-06, 1.52771292505e-06, 1.3961229115e-06, 1.28701333324e-06, 1.34084530146e-06],
        "dvar": [9.35894931899e-05, 6.22803272563e-05, 1.0939900676e-05, 6.02707359576e-07, 2.04646923407e-07, 1.51826100137e-07, 1.90948881595e-07, 1.78348969371e-07, 1.31463181674e-07, 2.73475713186e-08, 2.87245285335e-08, 7.92902543623e-09, 5.09328312859e-09, 9.88330395302e-09, 6.41340403007e-09, 3.20919069097e-09, 3.11466430425e-09, 2.17406914693e-09, 1.12603137925e-09, 1.10580844481e-09, 5.72526559495e-09, 7.68611729818e-10, 9.26292376136e-10, 8.93474016994e-10, 5.63460833547e-10, 6.59501120381e-10, 1.28322616422e-10, 9.11752409682e-11, 4.01993799359e-10, 2.95220875524e-10, 2.52182830174e-10, 1.61626836914e-10, 9.89125170658e-11, 9.9168361023e-11, 4.30371016602e-11, 1.40530451859e-11, 3.82616117608e-12, 2.54536864676e-12, 2.76654025209e-12, 2.98676426473e-12],
        "dvar2": [0.000157172224135, 0.000151859028847, 3.13939162879e-05, 1.5464330545e-06, 4.4175553171e-07, 3.82721538017e-07, 4.94454354794e-07, 3.74621635046e-07, 2.29439535815e-07, 3.95690165078e-08, 3.37968977249e-08, 1.01075379177e-08, 1.10905800099e-08, 2.13649560266e-08, 1.77133809842e-08, 8.79362893613e-09, 8.27481105858e-09, 5.37101030318e-09, 2.48398368541e-09, 2.53977372466e-09, 1.56429518228e-08, 1.88710047588e-09, 2.4275312871e-09, 2.38795649921e-09, 1.42043166118e-09, 1.64571956063e-09, 3.01824898408e-10, 1.97590874218e-10, 1.04063735407e-09, 6.55017429185e-10, 5.54368939643e-10, 3.32979227524e-10, 2.12691517176e-10, 2.40075376245e-10, 9.31151683536e-11, 3.17721023102e-11, 7.57564844189e-12, 5.41369596721e-12, 6.01649329315e-12, 6.99930131215e-12],
        "max": [0.0996119081974, 0.062798447907, 0.0274763256311, 0.00892356131226, 0.00741977943107, 0.00665905466303, 0.006243144162, 0.00711825676262, 0.00682621775195, 0.00402816897258, 0.00494427606463, 0.002958787838, 0.00138464849442, 0.00270397309214, 0.000914732809179, 0.000657105527353, 0.000631667207927, 0.000460677896626, 0.00051991851069, 0.000313446158543, 0.000616910285316, 0.000220162677579, 0.000436940958025, 0.000253486970905, 0.0002129033237, 0.000261092500295, 0.000129674794152, 0.00010748157365, 0.0001945047552, 0.000177107853233, 0.000152434717165, 0.000123443445773, 9.71812623902e-05, 0.00011850016017, 8.79603539943e-05, 4.75675187772e-05, 2.00309987122e-05, 1.39841222335e-05, 1.42226917887e-05, 1.46578076965e-05],
        "mean": [0.00702556595206, 0.00413570506498, 0.0016644790303, 0.000804609968327, 0.000386773055652, 0.000308530259645, 0.000252810568782, 0.000287793314783, 0.000247984338785, 0.000144610312418, 0.000148825653014, 7.28054728825e-05, 4.27691957157e-05, 3.90299828723e-05, 2.90602401947e-05, 2.18829172809e-05, 2.17571268877e-05, 1.94660242414e-05, 1.51521371663e-05, 1.38716122819e-05, 1.75737332029e-05, 1.22690735225e-05, 1.14987187771e-05, 1.07383848444e-05, 9.66712013906e-06, 9.29269663175e-06, 4.68240341434e-06, 3.82053895009e-06, 5.05315483679e-06, 4.99979887536e-06, 4.30715817856e-06, 3.97170197175e-06, 3.33817047249e-06, 2.91829223897e-06, 2.48357832788e-06, 1.67358609815e-06, 1.38353902912e-06, 1.25434428355e-06, 1.01275804809e-06, 9.30055136905e-07],
        "median": [0.00128700130153, 0.000692073139362, 0.000657790340483, 0.000344768428477, 0.000146486330777, 0.000132480461616, 8.80367661011e-05, 7.24123383407e-05, 4.00963472202e-05, 2.33455339185e-05, 2.29390734603e-05, 1.6984578906e-05, 1.14463200589e-05, 6.63469199935e-06, 6.1324926719e-06, 4.38585038864e-06, 4.21591585109e-06, 4.06539675168e-06, 3.01460954688e-06, 2.84818997898e-06, 2.35375523516e-06, 2.9811449167e-06, 2.46006470661e-06, 2.02753949452e-06, 1.94782887775e-06, 2.08301958082e-06, 9.22506103507e-07, 4.07795539559e-07, 3.02099351757e-07, 2.15082565092e-07, 1.79661071797e-07, 1.95834203964e-07, 3.06054516841e-07, 4.04479578719e-07, 4.95438541748e-07, 3.92434458263e-07, 4.78099309476e-07, 3.21625464039e-07, 1.79254641353e-07, 1.80441361408e-07],
        "min": [2.94423968192e-23, 1.08635534094e-23, 3.29658720569e-24, 5.11155479186e-24, 2.74282893833e-24, 1.12329398948e-23, 8.7797173748e-24, 4.5180797445e-24, 1.2176318141e-23, 9.91369545972e-24, 9.92607032074e-24, 1.02548060149e-23, 5.91548017936e-24, 1.15099215804e-23, 1.05725512989e-23, 3.13095737839e-23, 1.18366945886e-23, 1.0898763427e-23, 1.69114833347e-23, 1.00425905985e-23, 1.09673548827e-23, 9.06578437144e-24, 1.0367592614e-23, 8.02224445614e-24, 1.27884189832e-23, 9.43232701333e-24, 8.11788989659e-24, 1.43778719441e-23, 1.64462321055e-23, 9.3036574888e-24, 3.37564467625e-24, 5.61977685233e-24, 7.13898451069e-24, 6.63814066627e-24, 1.48174410178e-23, 1.49597373256e-23, 9.08657006744e-24, 1.00482711859e-23, 8.04416690069e-24, 7.56532359806e-24],
        "stdev": [0.0163115784526, 0.00861795246601, 0.002941186307, 0.0011936504161, 0.000708759063855, 0.000550603959709, 0.00047354423441, 0.000658641627524, 0.000625078566372, 0.000334745651344, 0.000390416331356, 0.000190396574908, 9.40067257034e-05, 0.000122918048874, 6.97774230503e-05, 4.98348817928e-05, 5.08219709445e-05, 4.54831715615e-05, 4.17586343247e-05, 3.50518785126e-05, 6.31400762359e-05, 2.78076131508e-05, 2.9221195291e-05, 2.81578340946e-05, 2.38992415689e-05, 2.42731839535e-05, 1.16883693408e-05, 1.05483177322e-05, 1.88835165318e-05, 1.85033259186e-05, 1.62830856425e-05, 1.39288422361e-05, 1.07095720523e-05, 9.62288413575e-06, 6.96592087479e-06, 3.95655479224e-06, 2.48003061643e-06, 2.09677523344e-06, 2.01130023925e-06, 1.89161278286e-06],
        "var": [0.000266067567281, 7.42690972402e-05, 8.65057700139e-06, 1.42480121212e-06, 5.02339389641e-07, 3.03164711113e-07, 2.24244132596e-07, 4.3380876491e-07, 3.9072321556e-07, 1.12054642898e-07, 1.52424902922e-07, 3.62508565388e-08, 8.83726425371e-09, 1.51088457301e-08, 4.86888884765e-09, 2.48351561538e-09, 2.58287280452e-09, 2.0687189739e-09, 1.74378356199e-09, 1.22863419438e-09, 3.98666877288e-09, 7.73263342246e-10, 8.53878301399e-10, 7.92863608101e-10, 5.71173774944e-10, 5.89187476585e-10, 1.36617980817e-10, 1.11267016434e-10, 3.56587204209e-10, 3.42373102091e-10, 2.65138855315e-10, 1.94012653165e-10, 1.14694927167e-10, 9.2599906909e-11, 4.85240528314e-11, 1.56543250585e-11, 6.1505522897e-12, 4.39646669764e-12, 4.04532830844e-12, 3.57819893507e-12]
    },
    "melbands128": {
