{
"lowlevel": {
    "average_loudness": 0.977603018284,
    "barkbands_crest": {
        "dmean": 2.69374132156,
        "dmean2": 4.1917309761,
        "dvar": 7.73702287674,
        "dvar2": 16.0729980469,
        "max": 25.7148685455,
        "mean": 10.6074829102,
        "median": 9.40708351135,
        "min": 2.57906246185,
        "stdev": 4.54206037521,
        "var": 20.6303119659
    },
    "barkbands_flatness_db": {
        "dmean": 0.0379044674337,
        "dmean2": 0.0536783523858,
        "dvar": 0.00194403575733,
        "dvar2": 0.00353437545709,
        "max": 0.644018113613,
        "mean": 0.222132593393,
        "median": 0.212215900421,
        "min": 0.0395925119519,
        "stdev": 0.0824749693274,
        "var": 0.00680212024599
    },
    "barkbands_kurtosis": {
        "dmean": 9.08614635468,
        "dmean2": 14.5517311096,
        "dvar": 359.32208252,
        "dvar2": 881.19152832,
        "max": 265.099304199,
        "mean": 12.4085836411,
        "median": 6.22670459747,
        "min": -1.88404965401,
        "stdev": 20.2765483856,
        "var": 411.138397217
    },
    "barkbands_skewness": {
        "dmean": 0.950332701206,
        "dmean2": 1.43866157532,
        "dvar": 1.28999149799,
        "dvar2": 2.90137553215,
        "max": 12.0675086975,
        "mean": 2.24110984802,
        "median": 1.98501050472,
        "min": -1.72500216961,
        "stdev": 1.66764986515,
        "var": 2.7810561657
    },
    "barkbands_spread": {
        "dmean": 5.3566198349,
        "dmean2": 8.16435718536,
        "dvar": 91.6223602295,
        "dvar2": 188.082427979,
        "max": 96.7986831665,
        "mean": 12.8375701904,
        "median": 8.38830661774,
        "min": 0.169240906835,
        "stdev": 14.4843139648,
        "var": 209.79536438
    },
    "dissonance": {
        "dmean": 0.0316307060421,
        "dmean2": 0.052281934768,
        "dvar": 0.00110975815915,
        "dvar2": 0.00262904283591,
        "max": 0.499884307384,
        "mean": 0.431355983019,
        "median": 0.440824061632,
        "min": 0.0130199212581,
        "stdev": 0.0471163578331,
        "var": 0.0022199510131
    },
    "dynamic_complexity": 2.05689716339,
    "erbbands_crest": {
        "dmean": 2.82331776619,
        "dmean2": 4.68044805527,
        "dvar": 7.29343605042,
        "dvar2": 17.6258296967,
        "max": 27.0232849121,
        "mean": 10.1808624268,
        "median": 9.20567321777,
        "min": 2.499376297,
        "stdev": 4.42381429672,
        "var": 19.5701332092
    },
    "erbbands_flatness_db": {
        "dmean": 0.0257768575102,
        "dmean2": 0.0391805581748,
        "dvar": 0.000863812863827,
        "dvar2": 0.00175128330011,
        "max": 0.386631935835,
        "mean": 0.193984225392,
        "median": 0.191631600261,
        "min": 0.0758896917105,
        "stdev": 0.0523855872452,
        "var": 0.00274424976669
    },
    "erbbands_kurtosis": {
        "dmean": 2.11662840843,
        "dmean2": 3.45259022713,
        "dvar": 8.44550991058,
        "dvar2": 20.2892818451,
        "max": 27.1869544983,
        "mean": 2.60528898239,
        "median": 1.30352258682,
        "min": -1.81369102001,
        "stdev": 4.18348312378,
        "var": 17.5015296936
    },
    "erbbands_skewness": {
        "dmean": 0.557190060616,
        "dmean2": 0.8523863554,
        "dvar": 0.351503014565,
        "dvar2": 0.775373995304,
        "max": 4.11325263977,
        "mean": 0.935990333557,
        "median": 0.913654088974,
        "min": -3.1492869854,
        "stdev": 1.09712433815,
        "var": 1.20368170738
    },
    "erbbands_spread": {
        "dmean": 12.570971489,
        "dmean2": 19.8694858551,
        "dvar": 328.394592285,
        "dvar2": 663.358459473,
        "max": 159.627044678,
        "mean": 35.7301673889,
        "median": 26.3023033142,
        "min": 3.3527173996,
        "stdev": 29.4342212677,
        "var": 866.373352051
    },
    "hfc": {
        "dmean": 7.45636892319,
        "dmean2": 11.5475826263,
        "dvar": 208.697372437,
        "dvar2": 549.679199219,
        "max": 128.130172729,
        "mean": 17.9558296204,
        "median": 12.7624206543,
        "min": 1.19236735341e-16,
        "stdev": 17.1336612701,
        "var": 293.562347412
    },
    "loudness_ebu128": {
        "integrated": -5.95311737061,
        "loudness_range": 1.51041889191,
        "momentary": {
            "dmean": 0.564766287804,
            "dmean2": 0.691841602325,
            "dvar": 0.253710478544,
            "dvar2": 0.407298773527,
            "max": -3.96208238602,
            "mean": -6.15076208115,
            "median": -5.9344587326,
            "min": -14.1685523987,
            "stdev": 1.42217254639,
            "var": 2.02257466316
        },
        "short_term": {
            "dmean": 0.0699549093843,
            "dmean2": 0.0826468840241,
            "dvar": 0.00299682701007,
            "dvar2": 0.00375681300648,
            "max": -5.1264257431,
            "mean": -5.98866510391,
            "median": -5.790391922,
            "min": -7.45198583603,
            "stdev": 0.578078985214,
            "var": 0.334175288677
        }
    },
    "melbands_crest": {
        "dmean": 3.21051430702,
        "dmean2": 4.72178506851,
        "dvar": 9.76051044464,
        "dvar2": 18.8269844055,
        "max": 36.1403923035,
        "mean": 14.5568819046,
        "median": 12.876294136,
        "min": 1.68308532238,
        "stdev": 6.25556564331,
        "var": 39.1320991516
    },
    "melbands_flatness_db": {
        "dmean": 0.0459958575666,
        "dmean2": 0.0641313642263,
        "dvar": 0.00289905676618,
        "dvar2": 0.0053086001426,
        "max": 0.790572464466,
        "mean": 0.305671364069,
        "median": 0.298441588879,
        "min": 0.00512594450265,
        "stdev": 0.104076340795,
        "var": 0.0108318850398
    },
    "melbands_kurtosis": {
        "dmean": 18.8346214294,
        "dmean2": 30.0952892303,
        "dvar": 1527.96484375,
        "dvar2": 3540.37329102,
        "max": 480.142181396,
        "mean": 27.703338623,
        "median": 13.9737548828,
        "min": -1.4862562418,
        "stdev": 45.794216156,
        "var": 2097.11010742
    },
    "melbands_skewness": {
        "dmean": 1.2285861969,
        "dmean2": 1.86591649055,
        "dvar": 2.36841034889,
        "dvar2": 4.93383455276,
        "max": 18.6840324402,
        "mean": 3.21944141388,
        "median": 2.69321632385,
        "min": -0.293399631977,
        "stdev": 2.44324183464,
        "var": 5.96943092346
    },
    "melbands_spread": {
        "dmean": 5.73452091217,
        "dmean2": 8.95726299286,
        "dvar": 169.66178894,
        "dvar2": 336.221038818,
        "max": 232.730361938,
        "mean": 12.8647069931,
        "median": 7.80112838745,
        "min": 0.153256610036,
        "stdev": 17.826669693,
        "var": 317.790130615
    },
    "pitch_salience": {
        "dmean": 0.0767322257161,
        "dmean2": 0.118524685502,
        "dvar": 0.00554473558441,
        "dvar2": 0.0108335521072,
        "max": 0.84051668644,
        "mean": 0.565771281719,
        "median": 0.593563973904,
        "min": 0.106786198914,
        "stdev": 0.133528396487,
        "var": 0.0178298316896
    },
    "silence_rate_20dB": {
        "dmean": 0,
        "dmean2": 0,
        "dvar": 0,
        "dvar2": 0,
        "max": 1,
        "mean": 1,
        "median": 1,
        "min": 1,
        "stdev": 0,
        "var": 0
    },
    "silence_rate_30dB": {
        "dmean": 0.0526315793395,
        "dmean2": 0.105344690382,
        "dvar": 0.0498610809445,
        "dvar2": 0.0942483991385,
        "max": 1,
        "mean": 0.943542122841,
        "median": 1,
        "min": 0,
        "stdev": 0.230805277824,
        "var": 0.0532710775733
    },
    "silence_rate_60dB": {
        "dmean": 0.0147058824077,
        "dmean2": 0.0294345468283,
        "dvar": 0.0144897466525,
        "dvar2": 0.0347644984722,
        "max": 1,
        "mean": 0.0201082751155,
        "median": 0,
        "min": 0,
        "stdev": 0.140370756388,
        "var": 0.0197039488703
    },
    "spectral_centroid": {
        "dmean": 252.573486328,
        "dmean2": 383.976196289,
        "dvar": 232588.234375,
        "dvar2": 410271.0625,
        "max": 10700.0136719,
        "mean": 785.61895752,
        "median": 580.392883301,
        "min": 110.025932312,
        "stdev": 684.802978516,
        "var": 468955.125
    },
    "spectral_complexity": {
        "dmean": 3.80804944038,
        "dmean2": 5.69016265869,
        "dvar": 26.7758655548,
        "dvar2": 58.0139808655,
        "max": 48,
        "mean": 12.9752511978,
        "median": 11,
        "min": 0,
        "stdev": 7.59100437164,
        "var": 57.6233444214
    },
    "spectral_decrease": {
        "dmean": 3.86425025312e-09,
        "dmean2": 5.59770718667e-09,
        "dvar": 3.42089707482e-17,
        "dvar2": 6.66777586285e-17,
        "max": -9.31310507998e-29,
        "mean": -1.1325663074e-08,
        "median": -9.76943681508e-09,
        "min": -4.71145646941e-08,
        "stdev": 8.36334557164e-09,
        "var": 6.99455455645e-17
    },
    "spectral_energy": {
        "dmean": 0.0149750579149,
        "dmean2": 0.0217472761869,
        "dvar": 0.000497406232171,
        "dvar2": 0.000978704891168,
        "max": 0.179154366255,
        "mean": 0.0443743057549,
        "median": 0.0386224091053,
        "min": 1.11666103053e-20,
        "stdev": 0.0319437421858,
        "var": 0.00102040264755
    },
    "spectral_energyband_high": {
        "dmean": 0.000382621365134,
        "dmean2": 0.000569410331082,
        "dvar": 8.42104384446e-07,
        "dvar2": 1.65716448919e-06,
        "max": 0.00862215366215,
        "mean": 0.000637664052192,
        "median": 0.000118090087199,
        "min": 7.98714209592e-21,
        "stdev": 0.0014586688485,
        "var": 2.12771465158e-06
    },
    "spectral_energyband_low": {
        "dmean": 0.0111024565995,
        "dmean2": 0.0157568473369,
        "dvar": 0.000519209774211,
        "dvar2": 0.000973716552835,
        "max": 0.16882994771,
        "mean": 0.0228812806308,
        "median": 0.0135851306841,
        "min": 6.26215267722e-23,
        "stdev": 0.030629189685,
        "var": 0.000938147306442
    },
    "spectral_energyband_middle_high": {
        "dmean": 0.00250147143379,
        "dmean2": 0.00397361349314,
        "dvar": 4.78401962027e-05,
        "dvar2": 0.000130632484797,
        "max": 0.0607222355902,
        "mean": 0.00345436064526,
        "median": 0.00105515238829,
        "min": 1.87651657292e-21,
        "stdev": 0.00658747460693,
        "var": 4.33948189311e-05
    },
    "spectral_energyband_middle_low": {
        "dmean": 0.00733452523127,
        "dmean2": 0.0109852124006,
        "dvar": 7.00442105881e-05,
        "dvar2": 0.000148593797348,
        "max": 0.0779828205705,
        "mean": 0.0202165637165,
        "median": 0.0177848171443,
        "min": 4.12702869313e-22,
        "stdev": 0.0145382825285,
        "var": 0.000211361664697
    },
    "spectral_entropy": {
        "dmean": 0.326798915863,
        "dmean2": 0.480791926384,
        "dvar": 0.148276746273,
        "dvar2": 0.272012710571,
        "max": 9.7821931839,
        "mean": 6.95251178741,
        "median": 6.98094797134,
        "min": 4.55567979813,
        "stdev": 0.719588339329,
        "var": 0.517807364464
    },
    "spectral_flux": {
        "dmean": 0.0429872497916,
        "dmean2": 0.0669252499938,
        "dvar": 0.00224088248797,
        "dvar2": 0.00432037189603,
        "max": 0.388176560402,
        "mean": 0.10300103575,
        "median": 0.0854490026832,
        "min": 1.05672186279e-10,
        "stdev": 0.0684279128909,
        "var": 0.00468237884343
    },
    "spectral_kurtosis": {
        "dmean": 5.66571569443,
        "dmean2": 9.27932453156,
        "dvar": 85.8314285278,
        "dvar2": 195.271652222,
        "max": 106.568435669,
        "mean": 10.2896852493,
        "median": 6.74866294861,
        "min": -1.22203779221,
        "stdev": 12.8261442184,
        "var": 164.509979248
    },
    "spectral_rms": {
        "dmean": 0.0010602332186,
        "dmean2": 0.00152231520042,
        "dvar": 1.75013985881e-06,
        "dvar2": 3.26060649058e-06,
        "max": 0.013220618479,
        "mean": 0.00618618680164,
        "median": 0.0061384360306,
        "min": 3.30064447995e-12,
        "stdev": 0.00224122474901,
        "var": 5.02308876094e-06
    },
    "spectral_rolloff": {
        "dmean": 425.797027588,
        "dmean2": 714.800109863,
        "dvar": 1421645.125,
        "dvar2": 2883961.5,
        "max": 18109.4238281,
        "mean": 870.337768555,
        "median": 452.197265625,
        "min": 64.599609375,
        "stdev": 1469.86816406,
        "var": 2160512.25
    },
    "spectral_skewness": {
        "dmean": 0.572307229042,
        "dmean2": 0.89337939024,
        "dvar": 0.467382371426,
        "dvar2": 0.970331609249,
        "max": 8.67013931274,
        "mean": 2.21526813507,
        "median": 2.0730984211,
        "min": 0.00033871101914,
        "stdev": 1.19018316269,
        "var": 1.41653597355
    },
    "spectral_spread": {
        "dmean": 848864.375,
        "dmean2": 1239956.625,
        "dvar": 1.98393462784e+12,
        "dvar2": 2.633957376e+12,
        "max": 40909316,
        "mean": 4052263.75,
        "median": 3513306,
        "min": 847456.5,
        "stdev": 2430973.75,
        "var": 5.90963330253e+12
    },
    "spectral_strongpeak": {
        "dmean": 0.452475428581,
        "dmean2": 0.759538948536,
        "dvar": 0.426219314337,
        "dvar2": 1.00686120987,
        "max": 7.17803573608,
        "mean": 0.82735311985,
        "median": 0.613287210464,
        "min": 0,
        "stdev": 0.821952521801,
        "var": 0.67560595274
    },
    "zerocrossingrate": {
        "dmean": 0.0111359870061,
        "dmean2": 0.0127679305151,
        "dvar": 0.000453878019471,
        "dvar2": 0.000471741921501,
        "max": 0.49169921875,
        "mean": 0.0375916138291,
        "median": 0.02490234375,
        "min": 0.001953125,
        "stdev": 0.0406865403056,
        "var": 0.00165539456066
    },
    "barkbands": {
        "dmean": [0.000716615235433, 0.00865531992167, 0.00359600549564, 0.00260263425298, 0.00333111733198, 0.00155371497385, 0.00151510979049, 0.0012419319246, 0.00107661192305, 0.000353195500793, 0.000775893800892, 0.000480998831335, 0.000242701091338, 0.00038864594535, 0.000168758138898, 0.000149193569086, 0.000220238813199, 0.000125153019326, 9.55834620981e-05, 0.000125776859932, 6.46730841254e-05, 7.48771344661e-05, 7.12498949724e-05, 0.000119515607366, 5.67874558328e-05, 1.33360408654e-05, 3.77535485541e-07],
        "dmean2": [0.000972395238932, 0.0123743526638, 0.00637299008667, 0.00416458537802, 0.00522321322933, 0.00249362178147, 0.00234531844035, 0.00192631222308, 0.00158032553736, 0.000545241404325, 0.00133585417643, 0.000802664668299, 0.000360571109923, 0.000624896783847, 0.000261025415966, 0.000246413546847, 0.000394223316107, 0.00020841161313, 0.000163769931532, 0.000207875753404, 0.00010293564992, 0.000118558142276, 0.000109632681415, 0.000175327091711, 8.89635557542e-05, 2.05899923458e-05, 6.47984848001e-07],
        "dvar": [3.85426710636e-06, 0.000500519876368, 6.85515042278e-05, 1.53442870214e-05, 2.30893019761e-05, 7.8405628301e-06, 9.74555950961e-06, 7.95997311798e-06, 7.19074887456e-06, 6.68638676871e-07, 7.39267352401e-06, 1.94991525859e-06, 2.44430111707e-07, 1.07771791136e-06, 1.73011386551e-07, 1.93734038589e-07, 6.57395673898e-07, 1.08734525384e-07, 9.55368690825e-08, 8.44584917559e-08, 2.45111184682e-08, 4.2215521745e-08, 4.50708625976e-08, 1.05214759571e-07, 2.99579383523e-08, 1.73725978048e-09, 1.95261081609e-12],
        "dvar2": [7.65586810303e-06, 0.00102137424983, 0.000198438516236, 3.901835953e-05, 5.57545718038e-05, 1.75462591869e-05, 1.97127865249e-05, 1.65071414813e-05, 1.42263615999e-05, 1.28421163481e-06, 2.05536853173e-05, 5.4057422858e-06, 4.64271124656e-07, 2.35570473706e-06, 3.41787483649e-07, 4.86779129005e-07, 1.88500735021e-06, 2.75467527899e-07, 2.68613689514e-07, 2.31305989473e-07, 5.92879523253e-08, 1.01166968136e-07, 9.57166292892e-08, 1.90171263625e-07, 6.86421302021e-08, 3.88317555888e-09, 5.07748227144e-12],
        "max": [0.017333060503, 0.159299790859, 0.0650481358171, 0.0373084656894, 0.06530341506, 0.0383150242269, 0.0380804985762, 0.0383749268949, 0.0381202921271, 0.0183566696942, 0.0249002464116, 0.0116815492511, 0.00598900625482, 0.0159727912396, 0.00882221013308, 0.00788592174649, 0.00710160005838, 0.00496968720108, 0.00288188317791, 0.00247823144309, 0.0025424270425, 0.00230998918414, 0.00377763644792, 0.00354901119135, 0.00273999129422, 0.000855801801663, 2.04775733437e-05],
        "mean": [0.000966257415712, 0.0137140294537, 0.00544560188428, 0.00445406930521, 0.00687207328156, 0.0028924997896, 0.00252140522934, 0.00170058012009, 0.00165752472822, 0.000461782037746, 0.000775491935201, 0.000517627806403, 0.000319607235724, 0.00053099176148, 0.000212642975384, 0.000159251518198, 0.000193018873688, 0.000155256886501, 0.000102613616036, 0.000159128176165, 8.36617182358e-05, 9.81276389211e-05, 9.90128100966e-05, 0.000191051658476, 7.40973482607e-05, 1.66025729413e-05, 3.2734746469e-07],
        "median": [5.0329399528e-05, 0.00637428369373, 0.0027251765132, 0.0028366909828, 0.00466788047925, 0.00146421033423, 0.000739195325878, 0.000436300062574, 0.000293349876301, 0.00012671337754, 0.000115649498184, 0.000121303579363, 5.23103954038e-05, 5.03977425979e-05, 3.9068650949e-05, 2.28747830988e-05, 2.38708798861e-05, 3.36530756613e-05, 3.04881941702e-05, 4.05453065468e-05, 2.10091147892e-05, 7.61287037676e-06, 6.97702125763e-06, 9.80755703495e-06, 4.30064437751e-06, 8.24918402031e-07, 8.15342104943e-09],
        "min": [5.97209751539e-24, 2.38632695749e-23, 2.66879659063e-23, 2.07643367938e-23, 2.59125535018e-23, 4.58793172105e-23, 8.75646901283e-23, 5.35721562296e-23, 1.53803895147e-22, 9.05307566449e-23, 4.26245749343e-23, 7.75449764961e-23, 9.65292739008e-23, 1.11282361224e-22, 2.13498274644e-22, 8.64657627112e-23, 2.33806204917e-22, 3.57925933154e-22, 2.72928934785e-22, 5.05339095713e-22, 3.78318732239e-22, 4.44766846557e-22, 4.94918659674e-22, 1.03547472763e-21, 1.39651321561e-21, 1.84256319177e-21, 2.36144312909e-21],
        "stdev": [0.00257194484584, 0.0267235320061, 0.00772257661447, 0.00499180797487, 0.00788463931531, 0.00394592247903, 0.00428454531357, 0.00335211167112, 0.00363784655929, 0.00116693624295, 0.00233835796826, 0.00123753142543, 0.000692269124556, 0.00156426720787, 0.000557963328902, 0.000449804181699, 0.000668488442898, 0.000398884498281, 0.000257346779108, 0.000291308184387, 0.000194056905457, 0.000273331446806, 0.000288386683678, 0.000539676577318, 0.000214734231122, 5.21699112142e-05, 1.30304590584e-06],
        "var": [6.61490048515e-06, 0.000714147114195, 5.963818694e-05, 2.49181466643e-05, 6.21675353614e-05, 1.55703055498e-05, 1.83573265531e-05, 1.12366533358e-05, 1.32339282573e-05, 1.36174014642e-06, 5.46791852685e-06, 1.53148414483e-06, 4.79236518913e-07, 2.44693205786e-06, 3.11323105961e-07, 2.02323803933e-07, 4.46876782689e-07, 1.59108850539e-07, 6.622735782e-08, 8.48604528869e-08, 3.76580828743e-08, 7.47100727949e-08, 8.31668742762e-08, 2.91250813689e-07, 4.61107916294e-08, 2.72169953242e-09, 1.69792858159e-12]
    },
    "erbbands": {
        "dmean": [0.310308754444, 1.98248612881, 3.95855402946, 6.82628822327, 10.3109970093, 11.6917285919, 9.84249210358, 14.0607709885, 15.8767518997, 26.6991634369, 30.8183116913, 20.4159908295, 13.9331932068, 14.1683645248, 35.4737854004, 13.7532997131, 10.6517963409, 16.8646411896, 14.3539361954, 8.75433921814, 7.86118745804, 12.1476755142, 8.16037750244, 5.68607378006, 4.71959972382, 5.7388343811, 3.35374498367, 2.1075065136, 2.61115694046, 2.60397672653, 1.97078323364, 2.41391682625, 1.97843194008, 0.865254402161, 0.279636234045, 0.0954710841179, 0.0171005427837, 0.00192119996063, 5.59371765121e-05, 1.78711215995e-05],
        "dmean2": [0.422884315252, 3.1315267086, 7.03175449371, 10.9752826691, 16.4035148621, 18.344493866, 15.5900583267, 22.9246635437, 23.946931839, 41.5244293213, 46.3774375916, 29.77917099, 20.5793495178, 22.3939628601, 62.9499740601, 22.0335731506, 15.4337234497, 26.5586662292, 21.9067211151, 14.0131378174, 13.3782310486, 21.5113372803, 13.7927808762, 9.95249652863, 7.83232688904, 9.4765958786, 5.42562484741, 3.30217909813, 4.18295240402, 4.09587049484, 3.01048541069, 3.50898122787, 2.98713231087, 1.34129190445, 0.443821370602, 0.150769203901, 0.0256659090519, 0.0029869559221, 8.75019177329e-05, 2.59941098193e-05],
        "dvar": [0.6750010252, 30.2227916718, 99.3899459839, 105.424293518, 257.055664062, 317.166473389, 244.954727173, 951.770019531, 1281.34899902, 3584.31689453, 5124.43701172, 2427.04663086, 1135.31408691, 1246.58837891, 19952.2363281, 1129.68969727, 429.073059082, 1476.94018555, 1414.33740234, 510.863525391, 556.372192383, 1927.91308594, 567.334289551, 393.422637939, 149.763702393, 173.515258789, 54.2002334595, 31.2959346771, 55.584312439, 52.1669120789, 30.0832519531, 49.5810890198, 28.4394435883, 7.92352437973, 0.61613047123, 0.0936544239521, 0.00270804855973, 3.41811173712e-05, 2.68911843904e-08, 6.37583763563e-10],
        "dvar2": [1.18174827099, 73.0795059204, 279.318908691, 279.6668396, 628.316833496, 769.430847168, 555.77923584, 2164.6394043, 2516.73242188, 7883.84423828, 10164.8623047, 4963.015625, 2213.91650391, 3023.94628906, 56699.2851562, 2887.57739258, 796.18963623, 3187.58935547, 3094.6484375, 1271.55847168, 1435.97375488, 5489.72949219, 1513.70043945, 1123.70629883, 410.446411133, 473.133148193, 136.780822754, 72.3421554565, 130.858886719, 118.615921021, 62.8643188477, 93.7288589478, 52.997592926, 18.0717506409, 1.40161204338, 0.214883446693, 0.00549292378128, 7.56639346946e-05, 6.45336939442e-08, 1.33114796963e-09],
        "max": [6.7018995285, 37.5878410339, 70.0698852539, 105.735221863, 197.627441406, 214.719863892, 275.088684082, 442.670654297, 631.989196777, 965.644775391, 822.184875488, 583.603881836, 720.739501953, 427.113067627, 1287.60205078, 283.907562256, 255.940048218, 576.987121582, 571.003173828, 283.292541504, 274.878204346, 386.067749023, 374.023803711, 185.220321655, 108.879524231, 107.128707886, 89.9660797119, 76.5734405518, 102.765838623, 94.1164779663, 83.3210754395, 82.391418457, 61.2456588745, 48.2398490906, 9.44027137756, 6.33279037476, 0.881600499153, 0.0861984267831, 0.0019403292099, 0.000197513116291],
        "mean": [0.492464929819, 2.6853621006, 5.83446455002, 12.779671669, 19.1997356415, 22.936706543, 20.5513153076, 24.2985973358, 26.898223877, 44.1353759766, 45.0787734985, 31.6606903076, 20.3182067871, 17.9387607574, 32.7879447937, 16.3881473541, 15.4057741165, 23.0330028534, 19.6740074158, 10.2584342957, 8.63121891022, 11.0352249146, 9.594789505, 5.98958921432, 5.92580795288, 7.24966239929, 4.34298753738, 2.97327327728, 3.4090180397, 3.49211263657, 2.78655600548, 3.79476332664, 3.02429032326, 1.20146477222, 0.329408973455, 0.110647074878, 0.0226486604661, 0.00238294107839, 8.41501314426e-05, 5.39547727385e-05],
        "median": [0.135537654161, 1.52297604084, 2.96971750259, 8.93342399597, 12.880232811, 13.4901418686, 12.4512624741, 10.9392061234, 11.720413208, 12.5549869537, 10.8386497498, 6.21452999115, 5.81793880463, 4.77387332916, 5.54643249512, 4.16237545013, 3.08582139015, 2.89043927193, 2.39868068695, 1.66393017769, 1.33562171459, 1.57024586201, 1.83909189701, 1.52053189278, 1.924518466, 1.99080014229, 1.10738539696, 0.519168674946, 0.277862995863, 0.229592055082, 0.222040966153, 0.182944834232, 0.167279645801, 0.0674766898155, 0.0193415768445, 0.00528540462255, 0.00123961083591, 0.000135393653181, 2.81548236671e-05, 4.74018925161e-05],
        "min": [9.10799060713e-22, 5.01456718662e-21, 2.64975079237e-20, 4.91557151953e-20, 1.09280963299e-19, 6.42310721656e-20, 1.41749443779e-19, 3.65454159041e-19, 9.64442446412e-19, 1.37498324796e-18, 1.85045638343e-18, 3.15260886e-18, 3.07009552595e-18, 2.07300974083e-18, 1.94830605963e-18, 3.08440120105e-18, 3.82647588871e-18, 6.95837566169e-18, 5.79572905659e-18, 1.07963497745e-17, 7.91203715299e-18, 1.23900513638e-17, 2.22092270381e-17, 9.39615137314e-18, 2.03527012169e-17, 2.22921734012e-17, 1.17580795855e-17, 1.75829233317e-17, 1.97864778896e-17, 1.62915355768e-17, 1.25196953812e-17, 1.64801178672e-17, 1.98728438174e-17, 1.27104151063e-17, 1.1408899352e-17, 7.45505295178e-18, 3.58829750314e-18, 1.22612734045e-18, 3.42517810673e-19, 3.30296740572e-20],
        "stdev": [1.08730781078, 5.34853792191, 9.04999923706, 12.5081911087, 23.9176845551, 27.7319507599, 24.0872344971, 41.4539260864, 48.5804100037, 81.0754241943, 90.0754623413, 67.1192092896, 46.9449882507, 38.3757095337, 112.878105164, 34.0908203125, 29.8489055634, 54.6674041748, 57.0314826965, 24.203578949, 23.2306137085, 36.688949585, 26.7800712585, 16.1831169128, 11.5257549286, 13.3650197983, 8.63458824158, 7.3458943367, 9.86297416687, 9.68909454346, 7.91003894806, 11.2973480225, 8.54259204865, 3.55867099762, 0.938145816326, 0.357934474945, 0.0732709988952, 0.00792016368359, 0.000197823086637, 3.69142071577e-05],
        "var": [1.18223834038, 28.6068553925, 81.9024887085, 156.454833984, 572.055664062, 769.061096191, 580.194824219, 1718.42785645, 2360.05615234, 6573.22412109, 8113.58837891, 4504.98779297, 2203.83203125, 1472.69519043, 12741.4667969, 1162.18395996, 890.95715332, 2988.52490234, 3252.59008789, 585.813232422, 539.661376953, 1346.07910156, 717.172180176, 261.893280029, 132.843017578, 178.623748779, 74.5561065674, 53.9621658325, 97.2782669067, 93.8785476685, 62.5687179565, 127.630065918, 72.9758758545, 12.6641387939, 0.880117595196, 0.128117084503, 0.00536863878369, 6.27289991826e-05, 3.91339760597e-08, 1.36265865258e-09]
    },
    "gfcc": {
        "mean": [-37.4361038208, 137.585845947, -91.001083374, 37.3107147217, -56.8285827637, 8.94984722137, -34.4001655579, 5.77704000473, -21.359003067, -3.03881311417, -4.81813001633, -12.4032087326, -6.26852989197],
        "cov": [[6588.20898438, -1835.77478027, -725.221496582, 40.3546905518, -785.29119873, 448.596710205, -512.891357422, 462.300170898, -381.235534668, 295.665802002, -261.632751465, 149.163787842, -141.204299927], [-1835.77478027, 2878.59887695, -145.35357666, -453.704956055, 760.518371582, -419.370513916, 453.503814697, -310.492584229, 261.950927734, -315.208679199, 315.644592285, -303.969299316, 216.531784058], [-725.221496582, -145.35357666, 1526.13696289, 572.981018066, -129.318969727, 95.7541351318, 25.4655761719, -45.2286300659, -45.0826644897, 33.6831970215, 7.85242176056, 86.7231674194, 73.0567016602], [40.3546905518, -453.704956055, 572.981018066, 753.755310059, -39.7463684082, 16.8714675903, -6.45516061783, -8.93668079376, 54.8267326355, 40.3898468018, -29.5188026428, 73.3477020264, 74.055015564], [-785.29119873, 760.518371582, -129.318969727, -39.7463684082, 551.802734375, -99.2751464844, 136.041946411, -68.8915557861, 115.094139099, -50.5408630371, 90.8408508301, -78.6587219238, 88.1709747314], [448.596710205, -419.370513916, 95.7541351318, 16.8714675903, -99.2751464844, 304.636260986, -5.51770353317, 80.7894515991, -35.6946792603, 41.2157554626, -36.4205932617, 71.1527709961, -33.3689880371], [-512.891357422, 453.503814697, 25.4655761719, -6.45516061783, 136.041946411, -5.51770353317, 248.906951904, -39.87474823, 88.306098938, -57.2460289001, 54.3096809387, -26.1109466553, 49.3066749573], [462.300170898, -310.492584229, -45.2286300659, -8.93668079376, -68.8915557861, 80.7894515991, -39.87474823, 231.096115112, 0.0963006019592, 81.5553665161, -5.2124505043, -26.6929626465, 4.50345468521], [-381.235534668, 261.950927734, -45.0826644897, 54.8267326355, 115.094139099, -35.6946792603, 88.306098938, 0.0963006019592, 180.581390381, -19.6823883057, 40.9532966614, -15.9035758972, 33.430683136], [295.665802002, -315.208679199, 33.6831970215, 40.3898468018, -50.5408630371, 41.2157554626, -57.2460289001, 81.5553665161, -19.6823883057, 154.917938232, -12.7471265793, 2.6654484272, 4.9334154129], [-261.632751465, 315.644592285, 7.85242176056, -29.5188026428, 90.8408508301, -36.4205932617, 54.3096809387, -5.2124505043, 40.9532966614, -12.7471265793, 129.590301514, -41.2395172119, 40.6811447144], [149.163787842, -303.969299316, 86.7231674194, 73.3477020264, -78.6587219238, 71.1527709961, -26.1109466553, -26.6929626465, -15.9035758972, 2.6654484272, -41.2395172119, 176.954666138, -25.9204692841], [-141.204299927, 216.531784058, 73.0567016602, 74.055015564, 88.1709747314, -33.3689880371, 49.3066749573, 4.50345468521, 33.430683136, 4.9334154129, 40.6811447144, -25.9204692841, 120.710189819]],
        "icov": [[0.000370159046724, -0.000437090871856, 0.000450968014775, -0.00057658465812, 0.000511856807861, -0.000577225291636, 0.000534500519279, -0.000666824576911, 0.000787855009548, -0.000539060565643, 0.000400698772864, -0.000412506778957, 0.000151177984662], [-0.000437090871856, 0.00279632699676, -0.00113895325921, 0.00236520403996, -0.00177223805804, 0.001880208496, -0.00193534151185, 0.00226223748177, -0.00217779097147, 0.00275032548234, -0.00208619469777, 0.00223126448691, -0.00209577265196], [0.000450968014775, -0.00113895325921, 0.00175620568916, -0.00194583868142, 0.0011666828068, -0.00131702970248, 0.000718534749467, -0.000885799818207, 0.00187328283209, -0.00131033430807, 0.000441316107754, -0.00102190626785, 0.000391330482671], [-0.00057658465812, 0.00236520403996, -0.00194583868142, 0.00438799895346, -0.00157700374257, 0.00194116542116, -0.00136579002719, 0.00220173038542, -0.00333425193094, 0.00206463551149, -0.000914503703825, 0.00137513142545, -0.00282477610745], [0.000511856807861, -0.00177223805804, 0.0011666828068, -0.00157700374257, 0.00405838759616, -0.00131047633477, 0.000841797154862, -0.000862582121044, 0.000766190059949, -0.00181534257717, 0.000678405922372, -0.000835818529595, -0.00014523306163], [-0.000577225291636, 0.001880208496, -0.00131702970248, 0.00194116542116, -0.00131047633477, 0.00616698898375, -0.0026200779248, -8.13578008092e-05, -0.00112932908814, 0.00149807252456, -0.00100857147481, -0.000288979936158, -0.000177101348527], [0.000534500519279, -0.00193534151185, 0.000718534749467, -0.00136579002719, 0.000841797154862, -0.0026200779248, 0.00775257265195, -0.00105476332828, -0.000558567524422, -0.000352423230652, 0.000705662183464, -0.00106771360151, -0.000264594331384], [-0.000666824576911, 0.00226223748177, -0.000885799818207, 0.00220173038542, -0.000862582121044, -8.13578008092e-05, -0.00105476332828, 0.00874673761427, -0.00333347846754, -0.000323878019117, -0.00193312275223, 0.00366152310744, -0.00256644305773], [0.000787855009548, -0.00217779097147, 0.00187328283209, -0.00333425193094, 0.000766190059949, -0.00112932908814, -0.000558567524422, -0.00333347846754, 0.0105571392924, -0.00201060320251, 0.000430113403127, -0.0024006254971, 0.00171856733505], [-0.000539060565643, 0.00275032548234, -0.00131033430807, 0.00206463551149, -0.00181534257717, 0.00149807252456, -0.000352423230652, -0.000323878019117, -0.00201060320251, 0.0115077299997, -0.00203138403594, 0.00220320443623, -0.0028973761946], [0.000400698772864, -0.00208619469777, 0.000441316107754, -0.000914503703825, 0.000678405922372, -0.00100857147481, 0.000705662183464, -0.00193312275223, 0.000430113403127, -0.00203138403594, 0.0119565557688, -0.000479049922433, -0.000654041010421], [-0.000412506778957, 0.00223126448691, -0.00102190626785, 0.00137513142545, -0.000835818529595, -0.000288979936158, -0.00106771360151, 0.00366152310744, -0.0024006254971, 0.00220320443623, -0.000479049922433, 0.00937580969185, -0.00113046728075], [0.000151177984662, -0.00209577265196, 0.000391330482671, -0.00282477610745, -0.00014523306163, -0.000177101348527, -0.000264594331384, -0.00256644305773, 0.00171856733505, -0.0028973761946, -0.000654041010421, -0.00113046728075, 0.013597805053]]
    },
    "melbands": {
        "dmean": [0.00247537135147, 0.00208200700581, 0.00116193154827, 0.000799836474471, 0.000352998380549, 0.000304080545902, 0.000259701686446, 0.00028477437445, 0.000262386893155, 0.000124025988043, 6.94801783538e-05, 5.35214021511e-05, 0.00011648828513, 6.45377367618e-05, 2.74256963166e-05, 2.66286551778e-05, 3.39642974723e-05, 2.81055054074e-05, 1.266259369e-05, 1.11938597911e-05, 9.25818949327e-06, 1.28430392579e-05, 1.08439262476e-05, 5.25880477653e-06, 4.85487544211e-06, 3.06413880935e-06, 4.614912541e-06, 3.72769250134e-06, 2.32948536905e-06, 1.66063591678e-06, 1.17107038022e-06, 1.50292794387e-06, 1.6377140355e-06, 1.47944297169e-06, 1.19659478059e-06, 1.14326417133e-06, 1.71237024915e-06, 1.58376883519e-06, 1.10499013317e-06, 6.40914038286e-07],
        "dmean2": [0.00341968261637, 0.00346331880428, 0.00187841593288, 0.00126172183082, 0.000562630186323, 0.000490683421958, 0.000398278789362, 0.000446292746346, 0.000392792891944, 0.000180569040822, 0.000103448939626, 8.36562467157e-05, 0.000203626826988, 0.000112924462883, 3.93120535591e-05, 3.91772518924e-05, 5.44404683751e-05, 4.37259914179e-05, 2.02293649636e-05, 1.85779426829e-05, 1.59094761329e-05, 2.28676508414e-05, 1.87874065887e-05, 8.75801288203e-06, 8.62332672114e-06, 5.05726166011e-06, 7.76857996243e-06, 6.16092302153e-06, 3.79890911972e-06, 2.68257895186e-06, 1.84810164683e-06, 2.40212125391e-06, 2.6803709261e-06, 2.29826719078e-06, 1.8673329123e-06, 1.75208106157e-06, 2.53637904279e-06, 2.41280349655e-06, 1.75268087332e-06, 1.01307000477e-06],
        "dvar": [4.12521876569e-05, 2.58772815869e-05, 2.74387548416e-06, 1.39327335091e-06, 2.62031363718e-07, 3.94300940343e-07, 2.88720030994e-07, 3.67121202771e-07, 4.10768592474e-07, 8.43638687797e-08, 2.91796879992e-08, 1.58723629795e-08, 1.91136365402e-07, 5.24997751938e-08, 4.43011982654e-09, 3.02746716585e-09, 6.78460310155e-09, 6.19577411598e-09, 8.80253980817e-10, 1.14229181669e-09, 8.31119062461e-10, 2.26355956201e-09, 1.48167333958e-09, 1.75665273994e-10, 3.21662085856e-10, 6.17752307641e-11, 1.46108361521e-10, 6.22714310672e-11, 2.23268799282e-11, 2.16345101556e-11, 1.22037102646e-11, 2.1619426735e-11, 2.34967982571e-11, 1.8726272269e-11, 1.07777389444e-11, 1.23062879331e-11, 2.59486217236e-11, 1.81853525294e-11, 1.01408343528e-11, 4.95258348221e-12],
        "dvar2": [7.64913565945e-05, 6.65843326715e-05, 7.13278905096e-06, 3.44414411302e-06, 6.00130249495e-07, 8.99883218608e-07, 5.76711613576e-07, 7.96939900738e-07, 7.96750612153e-07, 1.68337123796e-07, 5.65279130171e-08, 3.68019605901e-08, 5.37748860552e-07, 1.49673994088e-07, 8.69912408774e-09, 5.67370106452e-09, 1.53408823422e-08, 1.37142759371e-08, 2.10787187704e-09, 2.95238122838e-09, 2.18349671677e-09, 6.47004183563e-09, 3.93268750898e-09, 4.59584093004e-10, 9.23538689968e-10, 1.66275257452e-10, 4.06324557334e-10, 1.64136371161e-10, 5.72313238467e-11, 5.44280349957e-11, 2.98719451952e-11, 5.1203433854e-11, 5.97310187422e-11, 4.21860220368e-11, 2.41759251507e-11, 2.55987609582e-11, 5.03591369994e-11, 3.48931578076e-11, 2.11602419614e-11, 1.20864351513e-11],
        "max": [0.048940487206, 0.0357193015516, 0.0148995853961, 0.0151023305953, 0.00888075679541, 0.00893412809819, 0.00823757890612, 0.00954261608422, 0.00794972199947, 0.00322268437594, 0.00353580946103, 0.00158531602938, 0.00399652402848, 0.0020150274504, 0.000961816695053, 0.000657168566249, 0.00126941187773, 0.00127256533597, 0.000277985935099, 0.000610431248788, 0.000317825586535, 0.00042398966616, 0.000785085256211, 0.000149927320308, 0.000168862388819, 7.3803406849e-05, 0.00010835602734, 7.85939191701e-05, 4.70111481263e-05, 9.70110777416e-05, 6.22747538728e-05, 8.99800725165e-05, 4.02956029575e-05, 6.79167933413e-05, 4.37468042946e-05, 5.19886234542e-05, 6.50734727969e-05, 4.76901477668e-05, 4.38740535174e-05, 4.09887870774e-05],
        "mean": [0.0040714670904, 0.00324207777157, 0.00229152408428, 0.00160981796216, 0.000746122503188, 0.000547794217709, 0.000441388954641, 0.00045643656631, 0.000379022210836, 0.000191136830836, 9.86584927887e-05, 6.88674190314e-05, 0.000113383503049, 6.01246138103e-05, 3.70728339476e-05, 3.62623686669e-05, 4.44945144409e-05, 3.7022986362e-05, 1.52441634782e-05, 1.17198669614e-05, 9.73290389084e-06, 1.10731325549e-05, 1.12830439321e-05, 6.48811874271e-06, 4.68228608952e-06, 3.65571327166e-06, 5.35710523764e-06, 4.66786150355e-06, 2.94519759336e-06, 1.96633322957e-06, 1.5960994233e-06, 1.88027831882e-06, 2.03817830879e-06, 1.91077970157e-06, 1.57523618327e-06, 1.68032090642e-06, 2.60575325228e-06, 2.32182492255e-06, 1.53707014761e-06, 8.33751471419e-07],
        "median": [0.00167758925818, 0.00200589513406, 0.00166495051235, 0.00105964404065, 0.000468061421998, 0.000266371556791, 0.000175193737959, 0.000119644813822, 6.42840968794e-05, 3.67927059415e-05, 2.743902769e-05, 1.81272334885e-05, 1.91578164959e-05, 1.20016957226e-05, 8.00855468697e-06, 5.36300103704e-06, 4.89089325129e-06, 3.65315599993e-06, 2.94358392239e-06, 1.56381520355e-06, 1.37498125241e-06, 1.45753017478e-06, 1.59486137363e-06, 1.43555996601e-06, 1.09892403088e-06, 1.11720521545e-06, 1.42756596233e-06, 1.12850307232e-06, 6.84419205754e-07, 3.81085669687e-07, 1.93757273337e-07, 1.24277207192e-07, 1.19573911661e-07, 1.15641221043e-07, 1.26111970644e-07, 9.64721209584e-08, 1.03059818457e-07, 1.18340359734e-07, 7.75983437507e-08, 4.71397925139e-08],
        "min": [7.62806328357e-24, 1.09196351088e-23, 1.08297830629e-23, 6.62734904909e-24, 4.09363983977e-24, 9.79948891103e-24, 1.62986961835e-23, 1.52391897235e-23, 1.90382965114e-23, 1.87039251949e-23, 1.54706399354e-23, 9.13359012169e-24, 6.48399093451e-24, 8.71956357533e-24, 6.18675287858e-24, 1.19359601118e-23, 1.24656904648e-23, 6.97284014886e-24, 1.74380211677e-23, 8.58714065062e-24, 1.05513064859e-23, 1.23510090219e-23, 1.89363551721e-23, 1.69004313934e-23, 5.45099769507e-24, 1.47190937287e-23, 1.86891372084e-23, 1.38198696051e-23, 6.69190311469e-24, 7.93359936736e-24, 1.0902744808e-23, 1.30374039953e-23, 7.37941905941e-24, 9.86187518686e-24, 5.9432697769e-24, 9.32465775496e-24, 1.05339381353e-23, 1.43244360841e-23, 1.23133858787e-23, 1.02247677693e-23],
        "stdev": [0.00824187509716, 0.0048011909239, 0.00208467547782, 0.00186858943198, 0.000814563129097, 0.000848301337101, 0.000728351820726, 0.000803124916274, 0.000833261292428, 0.000408991880249, 0.000236812513322, 0.00014628234203, 0.000362860737368, 0.00018362083938, 8.72308810358e-05, 7.87681419752e-05, 0.000115054004709, 0.0001186143636, 3.36469347531e-05, 3.27023408317e-05, 2.78097777482e-05, 3.84206286981e-05, 4.03904305131e-05, 1.50469568325e-05, 1.42058515848e-05, 7.47786589272e-06, 1.09920729301e-05, 8.70098301675e-06, 5.55407677894e-06, 5.43041733181e-06, 4.2929295887e-06, 5.96894778937e-06, 5.79272000323e-06, 5.55296264793e-06, 4.48576611234e-06, 5.17667376698e-06, 7.90387457528e-06, 6.76491208651e-06, 4.40139410784e-06, 2.59553667092e-06],
        "var": [6.7928507633e-05, 2.30514342547e-05, 4.34587218479e-06, 3.49162633029e-06, 6.63513105792e-07, 7.19615172784e-07, 5.3049637927e-07, 6.45009606615e-07, 6.94324342021e-07, 1.67274365026e-07, 5.60801680649e-08, 2.13985256181e-08, 1.31667917458e-07, 3.37166135012e-08, 7.60922702625e-09, 6.20441964472e-09, 1.32374236017e-08, 1.40693678929e-08, 1.13211617858e-09, 1.06944308964e-09, 7.73383745933e-10, 1.47614476198e-09, 1.63138691445e-09, 2.26410917792e-10, 2.01806224509e-10, 5.59184816507e-11, 1.20825668914e-10, 7.5707100311e-11, 3.08477687838e-11, 2.94894317299e-11, 1.84292425071e-11, 3.56283370861e-11, 3.35556062103e-11, 3.08353932665e-11, 2.01220984319e-11, 2.67979492763e-11, 6.24712295783e-11, 4.57640383922e-11, 1.93722711483e-11, 6.7368111957e-12]
    },
    "melbands128": {
