{
"lowlevel": {
    "average_loudness": 0.974068582058,
    "barkbands_crest": {
        "dmean": 2.40991806984,
        "dmean2": 3.72629880905,
        "dvar": 6.68983650208,
        "dvar2": 15.0963525772,
        "max": 25.5860595703,
        "mean": 11.6179447174,
        "median": 11.1848964691,
        "min": 3.28341388702,
        "stdev": 4.12894058228,
        "var": 17.0481510162
    },
    "barkbands_flatness_db": {
        "dmean": 0.0320576131344,
        "dmean2": 0.0482031852007,
        "dvar": 0.00148803950287,
        "dvar2": 0.0035358897876,
        "max": 0.565367043018,
        "mean": 0.183989197016,
        "median": 0.177177578211,
        "min": 0.0288348756731,
        "stdev": 0.0735089704394,
        "var": 0.00540356850252
    },
    "barkbands_kurtosis": {
        "dmean": 8.38389873505,
        "dmean2": 13.7816572189,
        "dvar": 410.55355835,
        "dvar2": 1071.67016602,
        "max": 201.049880981,
        "mean": 10.6791419983,
        "median": 3.41420412064,
        "min": -1.89667880535,
        "stdev": 20.760925293,
        "var": 431.016052246
    },
    "barkbands_skewness": {
        "dmean": 0.903881251812,
        "dmean2": 1.30229330063,
        "dvar": 1.70610547066,
        "dvar2": 3.6628742218,
        "max": 12.035369873,
        "mean": 2.21120381355,
        "median": 1.89297986031,
        "min": -4.42250728607,
        "stdev": 2.02374053001,
        "var": 4.09552574158
    },
    "barkbands_spread": {
        "dmean": 7.07846069336,
        "dmean2": 10.3530101776,
        "dvar": 100.521057129,
        "dvar2": 212.933898926,
        "max": 102.707809448,
        "mean": 21.2946147919,
        "median": 19.3885974884,
        "min": 0.566514372826,
        "stdev": 15.3539562225,
        "var": 235.74395752
    },
    "dissonance": {
        "dmean": 0.0289261974394,
        "dmean2": 0.0470086485147,
        "dvar": 0.000814698636532,
        "dvar2": 0.00209368346259,
        "max": 0.499772489071,
        "mean": 0.438485682011,
        "median": 0.449248045683,
        "min": 0.153732717037,
        "stdev": 0.0483261160553,
        "var": 0.00233541335911
    },
    "dynamic_complexity": 2.7665014267,
    "erbbands_crest": {
        "dmean": 3.02764129639,
        "dmean2": 4.72283029556,
        "dvar": 9.02595329285,
        "dvar2": 19.9349117279,
        "max": 29.7246990204,
        "mean": 11.0155076981,
        "median": 9.81287479401,
        "min": 2.77107858658,
        "stdev": 5.20045566559,
        "var": 27.0447368622
    },
    "erbbands_flatness_db": {
        "dmean": 0.0253457985818,
        "dmean2": 0.0348988585174,
        "dvar": 0.00086856551934,
        "dvar2": 0.00154901773203,
        "max": 0.404605805874,
        "mean": 0.165203720331,
        "median": 0.159348398447,
        "min": 0.0392997488379,
        "stdev": 0.0630863532424,
        "var": 0.00397988827899
    },
    "erbbands_kurtosis": {
        "dmean": 1.42096507549,
        "dmean2": 2.20475888252,
        "dvar": 5.19454097748,
        "dvar2": 11.1611747742,
        "max": 26.4491672516,
        "mean": 1.25397312641,
        "median": 0.374167442322,
        "min": -1.86575698853,
        "stdev": 3.17780089378,
        "var": 10.0984191895
    },
    "erbbands_skewness": {
        "dmean": 0.476867258549,
        "dmean2": 0.696036219597,
        "dvar": 0.282621204853,
        "dvar2": 0.553292989731,
        "max": 4.73907184601,
        "mean": 0.338883250952,
        "median": 0.251457840204,
        "min": -3.65625071526,
        "stdev": 1.01738679409,
        "var": 1.03507590294
    },
    "erbbands_spread": {
        "dmean": 13.6758890152,
        "dmean2": 19.8665618896,
        "dvar": 358.948547363,
        "dvar2": 753.831604004,
        "max": 205.795394897,
        "mean": 46.6984558105,
        "median": 39.9028015137,
        "min": 3.18638706207,
        "stdev": 31.6849403381,
        "var": 1003.9354248
    },
    "hfc": {
        "dmean": 6.71960926056,
        "dmean2": 9.06387805939,
        "dvar": 135.719116211,
        "dvar2": 223.995056152,
        "max": 175.263900757,
        "mean": 21.0732059479,
        "median": 16.4360122681,
        "min": 0.000168334736372,
        "stdev": 19.7124710083,
        "var": 388.581481934
    },
    "loudness_ebu128": {
        "integrated": -9.79040431976,
        "loudness_range": 1.74763965607,
        "momentary": {
            "dmean": 0.940855264664,
            "dmean2": 1.30618453026,
            "dvar": 0.715915560722,
            "dvar2": 1.4208946228,
            "max": -6.934237957,
            "mean": -10.1419429779,
            "median": -9.84329223633,
            "min": -15.8700237274,
            "stdev": 1.88658177853,
            "var": 3.55919098854
        },
        "short_term": {
            "dmean": 0.117609478533,
            "dmean2": 0.140588492155,
            "dvar": 0.00744944252074,
            "dvar2": 0.011690095067,
            "max": -8.61256217957,
            "mean": -9.703373909,
            "median": -9.63021659851,
            "min": -12.1839666367,
            "stdev": 0.632037639618,
            "var": 0.399471580982
        }
    },
    "melbands_crest": {
        "dmean": 2.72359037399,
        "dmean2": 4.14014053345,
        "dvar": 9.00324821472,
        "dvar2": 19.5178012848,
        "max": 31.4839382172,
        "mean": 17.0723648071,
        "median": 16.8964672089,
        "min": 5.2771987915,
        "stdev": 5.28647851944,
        "var": 27.9468536377
    },
    "melbands_flatness_db": {
        "dmean": 0.0344969220459,
        "dmean2": 0.0508417636156,
        "dvar": 0.00189759302884,
        "dvar2": 0.00417618453503,
        "max": 0.671173095703,
        "mean": 0.258602380753,
        "median": 0.251817733049,
        "min": 0.049548342824,
        "stdev": 0.0897910967469,
        "var": 0.00806244090199
    },
    "melbands_kurtosis": {
        "dmean": 21.9054298401,
        "dmean2": 34.2787246704,
        "dvar": 2300.34936523,
        "dvar2": 5837.30712891,
        "max": 624.057067871,
        "mean": 33.6685028076,
        "median": 13.7899990082,
        "min": -1.85339128971,
        "stdev": 56.0998878479,
        "var": 3147.19750977
    },
    "melbands_skewness": {
        "dmean": 1.26373112202,
        "dmean2": 1.77948367596,
        "dvar": 2.75114130974,
        "dvar2": 5.67647886276,
        "max": 20.5556945801,
        "mean": 3.80806088448,
        "median": 3.20609688759,
        "min": -1.34978401661,
        "stdev": 2.90471100807,
        "var": 8.43734645844
    },
    "melbands_spread": {
        "dmean": 8.31778430939,
        "dmean2": 12.2672510147,
        "dvar": 375.146118164,
        "dvar2": 813.748535156,
        "max": 263.624053955,
        "mean": 21.839717865,
        "median": 15.316573143,
        "min": 0.635336458683,
        "stdev": 27.4007873535,
        "var": 750.803100586
    },
    "pitch_salience": {
        "dmean": 0.075966604054,
        "dmean2": 0.117841355503,
        "dvar": 0.00734763080254,
        "dvar2": 0.0183158889413,
        "max": 0.861494362354,
        "mean": 0.456718862057,
        "median": 0.440298110247,
        "min": 0.0970920696855,
        "stdev": 0.131174981594,
        "var": 0.0172068756074
    },
    "silence_rate_20dB": {
        "dmean": 0,
        "dmean2": 0,
        "dvar": 0,
        "dvar2": 0,
        "max": 1,
        "mean": 1,
        "median": 1,
        "min": 1,
        "stdev": 0,
        "var": 0
    },
    "silence_rate_30dB": {
        "dmean": 0.0526315793395,
        "dmean2": 0.105344690382,
        "dvar": 0.0498610623181,
        "dvar2": 0.100444614887,
        "max": 1,
        "mean": 0.941995382309,
        "median": 1,
        "min": 0,
        "stdev": 0.233752280474,
        "var": 0.0546401292086
    },
    "silence_rate_60dB": {
        "dmean": 0.0356037169695,
        "dmean2": 0.0704879909754,
        "dvar": 0.0343358553946,
        "dvar2": 0.0717149525881,
        "max": 1,
        "mean": 0.0757927298546,
        "median": 0,
        "min": 0,
        "stdev": 0.264666795731,
        "var": 0.0700485184789
    },
    "spectral_centroid": {
        "dmean": 272.993835449,
        "dmean2": 383.034393311,
        "dvar": 164104.984375,
        "dvar2": 296196.71875,
        "max": 6670.20361328,
        "mean": 1180.69433594,
        "median": 1094.77209473,
        "min": 159.800338745,
        "stdev": 762.658203125,
        "var": 581647.5
    },
    "spectral_complexity": {
        "dmean": 3.52476787567,
        "dmean2": 5.07513570786,
        "dvar": 35.7215766907,
        "dvar2": 64.1793899536,
        "max": 62,
        "mean": 12.4091262817,
        "median": 11,
        "min": 0,
        "stdev": 10.0623922348,
        "var": 101.251731873
    },
    "spectral_decrease": {
        "dmean": 4.31895719188e-09,
        "dmean2": 6.49002229736e-09,
        "dvar": 1.006883086e-16,
        "dvar2": 2.31417289184e-16,
        "max": -1.88527836463e-13,
        "mean": -9.66753876952e-09,
        "median": -6.33456975763e-09,
        "min": -7.85241383028e-08,
        "stdev": 1.12494973337e-08,
        "var": 1.26551195713e-16
    },
    "spectral_energy": {
        "dmean": 0.0167436003685,
        "dmean2": 0.0250382162631,
        "dvar": 0.00147009326611,
        "dvar2": 0.0033683530055,
        "max": 0.299801170826,
        "mean": 0.0383989475667,
        "median": 0.025776648894,
        "min": 7.26817518171e-07,
        "stdev": 0.0433435179293,
        "var": 0.00187866040505
    },
    "spectral_energyband_high": {
        "dmean": 0.000470889295684,
        "dmean2": 0.000599656486884,
        "dvar": 1.18267348626e-06,
        "dvar2": 1.59746343797e-06,
        "max": 0.0157370138913,
        "mean": 0.000902517116629,
        "median": 0.000375459261704,
        "min": 3.21991744379e-09,
        "stdev": 0.00176725396886,
        "var": 3.12318638862e-06
    },
    "spectral_energyband_low": {
        "dmean": 0.0135389761999,
        "dmean2": 0.0207439232618,
        "dvar": 0.00137494772207,
        "dvar2": 0.00326907262206,
        "max": 0.285759329796,
        "mean": 0.0232438687235,
        "median": 0.0106657948345,
        "min": 2.36085469396e-07,
        "stdev": 0.0391206815839,
        "var": 0.00153042771854
    },
    "spectral_energyband_middle_high": {
        "dmean": 0.00186421128456,
        "dmean2": 0.0026336684823,
        "dvar": 7.61409455663e-06,
        "dvar2": 1.50235428009e-05,
        "max": 0.0311491694301,
        "mean": 0.00562183046713,
        "median": 0.00260329386219,
        "min": 1.01397610308e-08,
        "stdev": 0.00655873958021,
        "var": 4.30170657637e-05
    },
    "spectral_energyband_middle_low": {
        "dmean": 0.00529615301639,
        "dmean2": 0.00844267662615,
        "dvar": 9.16584031074e-05,
        "dvar2": 0.00021724322869,
        "max": 0.0741763859987,
        "mean": 0.0111954491585,
        "median": 0.0080215036869,
        "min": 3.7413437326e-07,
        "stdev": 0.0116095403209,
        "var": 0.000134781425004
    },
    "spectral_entropy": {
        "dmean": 0.30470725894,
        "dmean2": 0.427376687527,
        "dvar": 0.122192561626,
        "dvar2": 0.22432641685,
        "max": 8.92547416687,
        "mean": 7.15568876266,
        "median": 7.16426992416,
        "min": 4.18437433243,
        "stdev": 0.762510120869,
        "var": 0.581421673298
    },
    "spectral_flux": {
        "dmean": 0.0399590693414,
        "dmean2": 0.0601467303932,
        "dvar": 0.00325831281953,
        "dvar2": 0.00658699451014,
        "max": 0.475503891706,
        "mean": 0.0911927819252,
        "median": 0.0663880258799,
        "min": 0.000852535944432,
        "stdev": 0.0805015712976,
        "var": 0.00648050336167
    },
    "spectral_kurtosis": {
        "dmean": 2.69945144653,
        "dmean2": 4.14307641983,
        "dvar": 57.2733573914,
        "dvar2": 145.882568359,
        "max": 188.263214111,
        "mean": 6.87443065643,
        "median": 4.39969825745,
        "min": -1.54951250553,
        "stdev": 15.4146966934,
        "var": 237.612869263
    },
    "spectral_rms": {
        "dmean": 0.00109214556869,
        "dmean2": 0.00152442988474,
        "dvar": 3.73419584321e-06,
        "dvar2": 7.33621391191e-06,
        "max": 0.0171023085713,
        "mean": 0.00540787680075,
        "median": 0.00501477345824,
        "min": 2.66287497652e-05,
        "stdev": 0.00286656711251,
        "var": 8.21720732347e-06
    },
    "spectral_rolloff": {
        "dmean": 626.832580566,
        "dmean2": 1031.47619629,
        "dvar": 2446585.75,
        "dvar2": 4807272.5,
        "max": 13501.3183594,
        "mean": 1458.47827148,
        "median": 818.26171875,
        "min": 107.666015625,
        "stdev": 2149.60546875,
        "var": 4620804
    },
    "spectral_skewness": {
        "dmean": 0.32121142745,
        "dmean2": 0.477023392916,
        "dvar": 0.224464327097,
        "dvar2": 0.464477598667,
        "max": 10.7460699081,
        "mean": 1.8603887558,
        "median": 1.80685675144,
        "min": -0.333899527788,
        "stdev": 1.12298297882,
        "var": 1.26109087467
    },
    "spectral_spread": {
        "dmean": 1091096.5,
        "dmean2": 1541171.5,
        "dvar": 2.73339357594e+12,
        "dvar2": 4.8036928553e+12,
        "max": 24589254,
        "mean": 6044288.5,
        "median": 5530494,
        "min": 586722.5,
        "stdev": 2869891.25,
        "var": 8.23627559731e+12
    },
    "spectral_strongpeak": {
        "dmean": 0.505955398083,
        "dmean2": 0.842012822628,
        "dvar": 0.90196120739,
        "dvar2": 1.92458868027,
        "max": 9.8318195343,
        "mean": 1.07323253155,
        "median": 0.69183921814,
        "min": 0,
        "stdev": 1.30728077888,
        "var": 1.7089830637
    },
    "zerocrossingrate": {
        "dmean": 0.0171393528581,
        "dmean2": 0.0182986333966,
        "dvar": 0.000723714416381,
        "dvar2": 0.000744227028918,
        "max": 0.47509765625,
        "mean": 0.0657525658607,
        "median": 0.05126953125,
        "min": 0.0009765625,
        "stdev": 0.0593966804445,
        "var": 0.0035279658623
    },
    "barkbands": {
        "dmean": [0.000213774270378, 0.00756773119792, 0.00657616881654, 0.00251369643956, 0.00191482692026, 0.00100012880284, 0.000410908018239, 0.000309970288072, 0.00058258412173, 0.000581360247452, 0.0002863346308, 0.000245559465839, 0.000340318976669, 0.000771748658735, 0.000319532089634, 0.000213536710362, 0.000123217338114, 0.000108275089588, 0.000186094286619, 9.49237219174e-05, 0.000121878721984, 0.000128107742057, 6.67697822792e-05, 6.24324165983e-05, 6.94836271578e-05, 5.04594790982e-05, 1.5353967683e-05],
        "dmean2": [0.000326323759509, 0.0120813976973, 0.0111140366644, 0.00413918774575, 0.00301950029097, 0.00156526931096, 0.000670808192808, 0.000483210518723, 0.000857029168401, 0.000837185885757, 0.000388660555473, 0.000361643818906, 0.000536927720532, 0.00109688797966, 0.00049601495266, 0.000317323661875, 0.00018423354777, 0.00017482356634, 0.000269482959993, 0.000136637318064, 0.000170051280293, 0.000154050401761, 8.19391279947e-05, 9.12425603019e-05, 0.000100883778941, 6.92558023729e-05, 2.14890715142e-05],
        "dvar": [3.68295644648e-07, 0.00068001227919, 0.000273839686997, 2.68769399554e-05, 2.01956645469e-05, 4.03141893912e-06, 9.61895693763e-07, 8.9258674052e-07, 1.27023270124e-06, 1.63403865372e-06, 1.02192859686e-06, 3.30741272592e-07, 5.79810659929e-07, 3.56513623956e-06, 9.66787752077e-07, 2.32706923953e-07, 1.30229480533e-07, 4.60950104753e-08, 6.81709124706e-08, 3.3337286709e-08, 1.07848414643e-07, 1.56438360932e-07, 2.8292378218e-08, 1.7955267495e-08, 1.53183279394e-08, 8.1464586188e-09, 7.79984188348e-10],
        "dvar2": [8.13386748177e-07, 0.00163738452829, 0.00076382298721, 6.71100715408e-05, 4.37016606156e-05, 9.41777034313e-06, 2.27075202019e-06, 1.8317281274e-06, 2.67644691121e-06, 3.44744694303e-06, 1.78936477369e-06, 6.58354167626e-07, 1.31568140205e-06, 7.03776004229e-06, 2.5121055387e-06, 4.66396784304e-07, 2.7592327001e-07, 1.13173200589e-07, 1.25430986486e-07, 5.96565357114e-08, 1.91861516896e-07, 2.67380585228e-07, 3.87047016659e-08, 3.7134512354e-08, 2.86623720314e-08, 1.33054918194e-08, 1.66970048898e-09],
        "max": [0.00715357717127, 0.205891042948, 0.119493573904, 0.0426502563059, 0.038127809763, 0.0273978244513, 0.0167079456151, 0.0147085757926, 0.0140701308846, 0.0147215984762, 0.0220204889774, 0.00940687581897, 0.00934681203216, 0.0238379929215, 0.0179756246507, 0.00756149319932, 0.00579303037375, 0.00183464784641, 0.00244475738145, 0.00264195515774, 0.00362032046542, 0.00515258265659, 0.00228508980945, 0.00250367145054, 0.00211614370346, 0.00130347616505, 0.000178841029992],
        "mean": [0.000226666859817, 0.00784925557673, 0.0127221057191, 0.00402977410704, 0.00305065279827, 0.00191848981194, 0.000584962894209, 0.00040244840784, 0.00098091759719, 0.00117741257418, 0.00048600678565, 0.000429102859925, 0.000453613058198, 0.00156817049719, 0.000476390559925, 0.000333463889547, 0.000174827713636, 0.000165506382473, 0.000371012865799, 0.000203644725843, 0.000187552184798, 0.000171319275978, 0.000104950748209, 0.000112098117825, 0.000131410954054, 7.13836125215e-05, 1.5823465219e-05],
        "median": [1.28323481476e-05, 0.00193029246293, 0.00542452838272, 0.00223716231994, 0.00130212912336, 0.000397996802349, 8.79221552168e-05, 3.82208527299e-05, 0.000195563290617, 0.000106409650471, 1.87049154192e-05, 7.18576920917e-05, 0.00011880540842, 0.000127159495605, 8.12199214124e-05, 8.69310533744e-05, 4.73111285828e-05, 5.74458754272e-05, 0.000162191790878, 7.53941785661e-05, 2.73604637187e-05, 1.00286715679e-05, 2.18491004489e-05, 4.86221433675e-05, 7.87504395703e-05, 1.88414505828e-05, 7.54569953187e-07],
        "min": [3.22224996685e-10, 3.34704282068e-08, 2.081523931e-08, 5.10313924451e-09, 1.30446068169e-07, 6.22256663974e-08, 1.36053639466e-08, 4.16348200361e-09, 3.17128789895e-09, 3.37211125689e-09, 3.38834210689e-10, 6.85274725853e-10, 1.35066391405e-09, 8.50549131126e-10, 8.56959780915e-10, 2.23428742174e-09, 1.90097937391e-10, 2.9223184983e-10, 4.16685935756e-10, 1.94406005183e-10, 1.92576038449e-10, 1.59345897588e-10, 3.19841320096e-10, 4.63844074261e-10, 2.14154277645e-10, 9.07268791345e-12, 2.90809558509e-13],
        "stdev": [0.000633965246379, 0.0246558152139, 0.0177329182625, 0.00594040844589, 0.0051108552143, 0.00320603977889, 0.00121092889458, 0.00120037852321, 0.0017693543341, 0.00234372285195, 0.00183714309242, 0.000924948370084, 0.00094391440507, 0.00347864418291, 0.00122413493227, 0.000705397105776, 0.000439976894995, 0.000270210701274, 0.000451801926829, 0.000311872485327, 0.000512614496984, 0.000558420550078, 0.000271913449978, 0.000188862992218, 0.000174796863575, 0.000118888907309, 3.17336780427e-05],
        "var": [4.01911933068e-07, 0.000607909227256, 0.000314456381602, 3.52884526365e-05, 2.6120842449e-05, 1.02786916614e-05, 1.46634874909e-06, 1.44090859067e-06, 3.13061491397e-06, 5.49303695152e-06, 3.37509459314e-06, 8.55529435739e-07, 8.90974376944e-07, 1.21009661598e-05, 1.49850643538e-06, 4.97585062931e-07, 1.93579680285e-07, 7.30138154381e-08, 2.04124972925e-07, 9.72644400576e-08, 2.62773625082e-07, 3.11833531441e-07, 7.39369170333e-08, 3.56692311243e-08, 3.05539451517e-08, 1.41345717353e-08, 1.0070263512e-09]
    },
    "erbbands": {
        "dmean": [0.178844541311, 1.9966313839, 7.31328058243, 7.64151239395, 8.81384468079, 4.99198436737, 6.44114637375, 8.36138439178, 6.73295497894, 4.87774991989, 8.36899757385, 10.6834249496, 16.2759113312, 13.7305803299, 9.88443183899, 9.42974948883, 12.4839687347, 29.5758399963, 27.6406345367, 15.4651975632, 8.32041835785, 6.2811050415, 4.88343381882, 8.48528766632, 6.91102170944, 4.48294496536, 5.32047462463, 4.67307424545, 4.27771854401, 3.45856833458, 1.81355512142, 1.31821203232, 1.08847129345, 0.836793780327, 0.485939562321, 0.211375042796, 0.0901448875666, 0.0331270620227, 0.00168865534943, 4.26706974395e-05],
        "dmean2": [0.276771426201, 3.29853224754, 12.5591392517, 12.5901947021, 14.3258161545, 7.85502481461, 10.0025634766, 13.2692842484, 10.7528371811, 7.84270381927, 12.8839845657, 15.700802803, 24.1189785004, 18.5880680084, 14.1407718658, 14.0646390915, 19.3555526733, 43.253490448, 39.8369941711, 23.3047294617, 11.9769735336, 9.13492584229, 7.6398229599, 12.467051506, 10.1101341248, 6.47251701355, 8.46032810211, 5.64846754074, 5.19714403152, 4.13499164581, 2.29175162315, 1.88929438591, 1.59461331367, 1.23491168022, 0.693766593933, 0.298096895218, 0.124941363931, 0.0431694947183, 0.00228867330588, 5.74850382691e-05],
        "dvar": [0.376024752855, 49.8174057007, 445.924621582, 233.23991394, 514.86706543, 113.902328491, 154.239089966, 311.270324707, 190.81401062, 268.116088867, 422.538208008, 447.680969238, 1104.92675781, 1094.70495605, 924.569152832, 575.350036621, 773.019775391, 6450.92285156, 4869.70263672, 1271.81298828, 296.797515869, 322.972381592, 112.009155273, 148.210632324, 161.098724365, 75.4223556519, 187.841018677, 178.965332031, 174.808059692, 108.883323669, 19.7132759094, 10.5263462067, 4.13780975342, 2.1791074276, 0.798741102219, 0.191888272762, 0.0242759399116, 0.00308680464514, 9.11259394343e-06, 4.9661736945e-09],
        "dvar2": [0.873347580433, 128.264068604, 1253.21411133, 625.907592773, 1112.96032715, 279.397521973, 390.007354736, 664.86541748, 422.575378418, 701.648620605, 886.871826172, 895.809936523, 2505.06298828, 2031.99963379, 1561.24145508, 1261.54187012, 1670.52380371, 13477.1044922, 9548.87109375, 2726.48266602, 580.827575684, 615.395935059, 261.524902344, 281.974884033, 310.666717529, 144.430786133, 465.342376709, 271.130889893, 258.091339111, 189.607131958, 27.2672309875, 20.2017211914, 8.20041656494, 4.18886852264, 1.47469592094, 0.339864462614, 0.0393360666931, 0.00572796585038, 1.81704817805e-05, 9.84121140135e-09],
        "max": [5.00437688828, 54.7049407959, 154.437255859, 155.647155762, 184.796691895, 99.3309936523, 163.413787842, 307.925720215, 265.443817139, 353.212036133, 250.560134888, 314.174041748, 423.024841309, 530.687805176, 701.741210938, 478.787109375, 463.420623779, 1359.8248291, 1239.1730957, 580.344238281, 205.402374268, 284.980438232, 146.008651733, 154.732803345, 142.932830811, 115.244285583, 135.968231201, 165.596725464, 213.78666687, 125.182235718, 69.066192627, 60.8068199158, 31.3895950317, 23.431596756, 14.6412115097, 7.56502342224, 1.94928622246, 0.337207734585, 0.019738085568, 0.000432448461652],
        "mean": [0.188267379999, 2.07618045807, 12.3390893936, 15.6410665512, 11.9632720947, 8.38731193542, 13.4078712463, 15.1356897354, 10.7236652374, 5.65336036682, 13.3995475769, 18.881023407, 32.5472183228, 28.2785968781, 19.2065849304, 16.696893692, 21.6904582977, 53.936126709, 54.8994636536, 27.1952400208, 15.016711235, 9.6661901474, 8.53340816498, 17.0109825134, 14.7483053207, 9.54743385315, 7.74102735519, 7.30740022659, 6.16832447052, 4.61681699753, 2.91006588936, 2.33800625801, 1.91351318359, 1.57168233395, 0.865692257881, 0.319116532803, 0.127906605601, 0.038241583854, 0.00180982099846, 7.68746103859e-05],
        "median": [0.0462420582771, 0.622661828995, 3.84945964813, 12.1958932877, 4.76181840897, 3.62647390366, 4.91168165207, 3.67362499237, 2.33260655403, 1.30620205402, 1.87127399445, 5.46335697174, 5.22083473206, 4.61897850037, 2.81154847145, 4.53215885162, 7.73485612869, 5.60847711563, 9.88785743713, 8.33875846863, 4.76559400558, 2.93148374557, 3.33945393562, 7.89661502838, 6.24173784256, 3.71554088593, 2.16765809059, 0.658299267292, 0.36791998148, 0.353973716497, 0.718286514282, 0.92699354887, 0.822756588459, 0.870067298412, 0.478936195374, 0.115262821317, 0.0322379209101, 0.00461450545117, 0.000143707438838, 4.48378341389e-05],
        "min": [5.83282712796e-07, 1.88458398043e-05, 4.11466571677e-05, 8.36219696794e-05, 0.000149846004206, 0.000508237164468, 0.000483459356474, 0.000519711582456, 0.000548467040062, 0.000315809767926, 5.29473472852e-05, 7.20760290278e-05, 0.00011065765284, 6.50116126053e-05, 1.4906881006e-05, 3.63277104043e-05, 6.64456892991e-05, 3.42499770341e-05, 5.42079469597e-05, 7.53478816478e-05, 9.84485523077e-05, 1.58716520673e-05, 1.67740963661e-05, 2.69663833024e-05, 1.05965264083e-05, 8.90125738806e-06, 8.2715669123e-06, 6.66696314511e-06, 6.1079877014e-06, 6.95248900229e-06, 1.06485422293e-05, 7.84696021583e-06, 1.05466860987e-05, 8.76113972481e-06, 3.18176466862e-06, 8.95683854196e-07, 5.03013325215e-07, 1.1065981198e-07, 1.8975509164e-08, 2.48027109961e-09],
        "stdev": [0.59522497654, 6.26779651642, 20.4443798065, 17.9564304352, 24.9355068207, 12.6203994751, 20.3167858124, 27.4108142853, 19.5268745422, 15.9664287567, 31.2207870483, 34.0372848511, 56.4896812439, 64.5023040771, 58.5189819336, 33.426815033, 38.2507629395, 122.730895996, 123.659355164, 57.8791732788, 26.4246368408, 23.6527328491, 13.8252820969, 20.7251567841, 19.7045974731, 14.6226263046, 17.4321613312, 21.5965461731, 19.8647422791, 14.7827167511, 7.11770677567, 4.69687318802, 2.96468400955, 2.16129255295, 1.23204386234, 0.565917789936, 0.206198945642, 0.0690947398543, 0.00354546331801, 8.7925378466e-05],
        "var": [0.354292780161, 39.2852706909, 417.97265625, 322.433380127, 621.77947998, 159.274490356, 412.771759033, 751.352722168, 381.298858643, 254.926834106, 974.737548828, 1158.53674316, 3191.08398438, 4160.54736328, 3424.47143555, 1117.35192871, 1463.12097168, 15062.8720703, 15291.6367188, 3349.9987793, 698.261474609, 559.451782227, 191.138427734, 429.53213501, 388.271148682, 213.82119751, 303.880279541, 466.410766602, 394.608001709, 218.528717041, 50.6617469788, 22.0606193542, 8.78935146332, 4.67118501663, 1.51793205738, 0.32026296854, 0.042518004775, 0.00477408338338, 1.25703109006e-05, 7.73087194261e-09]
    },
    "gfcc": {
        "mean": [-17.6778335571, 75.1417312622, -92.6715393066, 27.8034820557, -42.0610847473, 17.3733711243, -44.7540931702, 12.8286676407, -36.7275161743, 0.938792467117, -18.6493263245, -11.8167352676, -12.0482339859],
        "cov": [[6971.73144531, -861.285888672, -153.416610718, 542.037109375, 442.246917725, 528.469848633, 432.297607422, 72.7366714478, -194.378799438, 291.175201416, -235.230941772, 218.097839355, -300.090789795], [-861.285888672, 2231.0703125, 58.5745277405, 6.27354621887, 437.230804443, -148.12890625, 281.091888428, -118.764572144, 105.595420837, -252.586730957, 157.768386841, -225.774673462, 111.194465637], [-153.416610718, 58.5745277405, 1632.9675293, 341.084594727, 110.124191284, 126.11933136, -57.6237678528, 72.6603775024, 202.311706543, 4.42698097229, -136.614654541, 83.6308670044, -105.904693604], [542.037109375, 6.27354621887, 341.084594727, 642.802978516, 153.658325195, 97.6789093018, 40.4899024963, 14.1407308578, 91.8804168701, -38.6464385986, -67.4010620117, 5.90753698349, -46.9019813538], [442.246917725, 437.230804443, 110.124191284, 153.658325195, 708.607849121, 235.152252197, 251.269500732, 133.481948853, 8.81610870361, -55.922000885, -47.9957580566, -61.7745132446, -0.225556910038], [528.469848633, -148.12890625, 126.11933136, 97.6789093018, 235.152252197, 488.889526367, 207.334533691, 40.0019454956, -26.7772922516, 18.7860450745, -45.8144378662, -67.696723938, -81.5690231323], [432.297607422, 281.091888428, -57.6237678528, 40.4899024963, 251.269500732, 207.334533691, 418.866729736, -48.5594482422, -11.9824380875, -27.066318512, -15.3957710266, -56.6478462219, -59.3374137878], [72.7366714478, -118.764572144, 72.6603775024, 14.1407308578, 133.481948853, 40.0019454956, -48.5594482422, 358.838378906, 5.92721986771, 32.0778236389, -2.91204118729, -5.83070993423, 49.6017608643], [-194.378799438, 105.595420837, 202.311706543, 91.8804168701, 8.81610870361, -26.7772922516, -11.9824380875, 5.92721986771, 191.542800903, 1.48310673237, -27.4227390289, 25.1577968597, -14.4428110123], [291.175201416, -252.586730957, 4.42698097229, -38.6464385986, -55.922000885, 18.7860450745, -27.066318512, 32.0778236389, 1.48310673237, 161.625671387, 34.3424110413, 39.8305130005, -14.9111433029], [-235.230941772, 157.768386841, -136.614654541, -67.4010620117, -47.9957580566, -45.8144378662, -15.3957710266, -2.91204118729, -27.4227390289, 34.3424110413, 170.86895752, -15.0386819839, 24.0495052338], [218.097839355, -225.774673462, 83.6308670044, 5.90753698349, -61.7745132446, -67.696723938, -56.6478462219, -5.83070993423, 25.1577968597, 39.8305130005, -15.0386819839, 147.21812439, 1.42604386806], [-300.090789795, 111.194465637, -105.904693604, -46.9019813538, -0.225556910038, -81.5690231323, -59.3374137878, 49.6017608643, -14.4428110123, -14.9111433029, 24.0495052338, 1.42604386806, 126.186447144]],
        "icov": [[0.000283586938167, -0.000138760558912, 0.000170067462022, -0.000294757541269, -2.51511501119e-05, -0.000158317794558, -8.49275529617e-05, -0.000154351757374, 0.000527623866219, -0.000666752224788, 0.000546338676941, -0.000699956319295, 0.000633602321614], [-0.000138760558912, 0.00141955551226, -0.000431352062151, 0.000355222990038, -0.000811650010291, 0.00101369910408, -0.000748099817429, 0.000742717238609, -0.00118471099995, 0.00166396168061, -0.00186287343968, 0.00205611228012, -0.00140796380583], [0.000170067462022, -0.000431352062151, 0.00106169690844, -0.000475527456729, 0.000104412756627, -0.000559989537578, 0.00047234815429, -0.00040972721763, -0.000111419562018, -0.000656557909679, 0.00103660696186, -0.00125518732239, 0.00124651135411], [-0.000294757541269, 0.000355222990038, -0.000475527456729, 0.00228821882047, -0.000432662433013, 8.87536589289e-05, 0.00011077686213, 0.000326304259943, -0.00131205574144, 0.00132543069776, -0.000627410423476, 0.000880605832208, -0.000466092082206], [-2.51511501119e-05, -0.000811650010291, 0.000104412756627, -0.000432662433013, 0.00288817496039, -0.00111281720456, -0.000795548665337, -0.00130706268828, 0.000478380999994, -0.000117284245789, 0.0010937639745, -0.000843964633532, -0.000150296225911], [-0.000158317794558, 0.00101369910408, -0.000559989537578, 8.87536589289e-05, -0.00111281720456, 0.00420463318005, -0.00158047175501, 0.000187526733498, -9.46021318668e-05, 0.000216574364458, -0.000743675220292, 0.00284803262912, 0.000316598860081], [-8.49275529617e-05, -0.000748099817429, 0.00047234815429, 0.00011077686213, -0.000795548665337, -0.00158047175501, 0.0045292028226, 0.000544825801626, 0.000129984502564, -0.000290428695735, 0.000566811359022, -0.000492337858304, 0.00166551407892], [-0.000154351757374, 0.000742717238609, -0.00040972721763, 0.000326304259943, -0.00130706268828, 0.000187526733498, 0.000544825801626, 0.00404119770974, -0.000816364365164, -5.98447841185e-05, -0.000938784447499, 0.00157785252668, -0.0023970042821], [0.000527623866219, -0.00118471099995, -0.000111419562018, -0.00131205574144, 0.000478380999994, -9.46021318668e-05, 0.000129984502564, -0.000816364365164, 0.00807153992355, -0.0024819097016, 0.00255881319754, -0.00277556292713, 0.00221351301298], [-0.000666752224788, 0.00166396168061, -0.000656557909679, 0.00132543069776, -0.000117284245789, 0.000216574364458, -0.000290428695735, -5.98447841185e-05, -0.0024819097016, 0.0109743475914, -0.00483178487048, 0.000768283440266, -0.00115861569066], [0.000546338676941, -0.00186287343968, 0.00103660696186, -0.000627410423476, 0.0010937639745, -0.000743675220292, 0.000566811359022, -0.000938784447499, 0.00255881319754, -0.00483178487048, 0.0100292414427, -0.00205276883207, 0.00156807294115], [-0.000699956319295, 0.00205611228012, -0.00125518732239, 0.000880605832208, -0.000843964633532, 0.00284803262912, -0.000492337858304, 0.00157785252668, -0.00277556292713, 0.000768283440266, -0.00205276883207, 0.0125767942518, -0.00319259474054], [0.000633602321614, -0.00140796380583, 0.00124651135411, -0.000466092082206, -0.000150296225911, 0.000316598860081, 0.00166551407892, -0.0023970042821, 0.00221351301298, -0.00115861569066, 0.00156807294115, -0.00319259474054, 0.0133286491036]]
    },
    "melbands": {
        "dmean": [0.00182271760423, 0.0032049366273, 0.0013464896474, 0.000459517352283, 0.000207224191399, 0.000185353899724, 9.68184976955e-05, 5.62178029213e-05, 7.69601756474e-05, 7.05327984178e-05, 8.46777620609e-05, 6.3402185333e-05, 4.06088547606e-05, 2.63295278273e-05, 3.09030292556e-05, 3.47192435584e-05, 6.2601378886e-05, 5.68854884477e-05, 2.45336577791e-05, 1.88361555047e-05, 9.66213792708e-06, 7.85655083746e-06, 4.03953436034e-06, 6.03288162893e-06, 7.83168889029e-06, 7.61104865887e-06, 4.02658315579e-06, 3.00596798297e-06, 3.2595396533e-06, 3.17638045999e-06, 2.87302145807e-06, 2.4225623747e-06, 2.41382349486e-06, 1.63045910995e-06, 1.11937129077e-06, 8.70956569088e-07, 8.44084070195e-07, 8.08140498521e-07, 7.84853284586e-07, 7.27606163764e-07],
        "dmean2": [0.00284778769128, 0.00539363641292, 0.00218672468327, 0.000735594367143, 0.000324540596921, 0.000292866141535, 0.00015548360534, 8.82176755113e-05, 0.000118663578178, 0.000102047910332, 0.000125759572256, 8.65498514031e-05, 5.61621345696e-05, 3.73962611775e-05, 4.53484353784e-05, 5.47198760614e-05, 9.08552901819e-05, 8.01352507551e-05, 3.69018162019e-05, 2.752022192e-05, 1.43824327097e-05, 1.18091047625e-05, 6.04527713222e-06, 9.72711313807e-06, 1.1637706848e-05, 1.12783163786e-05, 6.2004173742e-06, 4.34827779827e-06, 5.23923654328e-06, 4.68035113954e-06, 3.54822827831e-06, 3.2285981888e-06, 3.31816818289e-06, 1.90055652638e-06, 1.46300635606e-06, 1.24212931496e-06, 1.26931695377e-06, 1.18193020171e-06, 1.18234709134e-06, 1.08773758711e-06],
        "dvar": [3.86355241062e-05, 9.43173727137e-05, 7.42946212995e-06, 1.1983014474e-06, 1.38770843705e-07, 1.42576581652e-07, 4.12736298472e-08, 3.49213635786e-08, 3.53936329134e-08, 1.77248811184e-08, 2.9398849577e-08, 2.27096048633e-08, 2.05589767432e-08, 3.84676912546e-09, 8.22654033783e-09, 7.74387309832e-09, 2.7510528966e-08, 2.31562342634e-08, 4.08856637435e-09, 1.97022642645e-09, 5.34774502459e-10, 6.02555394469e-10, 8.58503962364e-11, 1.63798613562e-10, 1.32814717557e-10, 1.34283195674e-10, 8.05297564743e-11, 2.99214888977e-11, 5.94272131504e-11, 8.2471890428e-11, 7.17960066399e-11, 5.81256674737e-11, 6.34016936174e-11, 2.17954976983e-11, 7.74087478145e-12, 4.87861443951e-12, 4.36496021619e-12, 2.5767881752e-12, 1.84635596742e-12, 1.60915866135e-12],
        "dvar2": [8.99107690202e-05, 0.000255225779256, 1.88203448488e-05, 2.55771601587e-06, 3.40182737091e-07, 3.13042846756e-07, 9.23363501215e-08, 8.46774597107e-08, 7.74501955902e-08, 3.44693198429e-08, 6.64590373844e-08, 4.23071568889e-08, 3.6622019195e-08, 6.70235333899e-09, 1.84601134379e-08, 1.65840106092e-08, 5.95491940203e-08, 4.15469934012e-08, 9.69583879851e-09, 3.56373974775e-09, 1.14238862814e-09, 1.20599785713e-09, 1.72454217573e-10, 4.23063056809e-10, 2.65324262561e-10, 2.53581156073e-10, 1.93767127343e-10, 5.33749919263e-11, 1.44014342118e-10, 1.78021195008e-10, 1.2368313318e-10, 8.69109575974e-11, 1.24643254051e-10, 3.40060896109e-11, 1.28755226966e-11, 7.29122057869e-12, 9.69969504022e-12, 5.56916882402e-12, 3.75986047851e-12, 3.15985735841e-12],
        "max": [0.0452494993806, 0.0719854608178, 0.0233990885317, 0.00910887122154, 0.00453216861933, 0.00612322147936, 0.00374816241674, 0.00316234864295, 0.00277172564529, 0.00189918233082, 0.0020582259167, 0.00224771467037, 0.00328270229511, 0.0011566800531, 0.00210506492294, 0.00100292544812, 0.00262763840146, 0.00228328746744, 0.00101884733886, 0.000732510350645, 0.000338528421707, 0.000418367300881, 0.000182335556019, 0.000105074228486, 0.000157663802383, 0.000114250353363, 0.00010800997552, 7.52005435061e-05, 8.90958399395e-05, 9.01917810552e-05, 0.000107204592496, 0.000106268686068, 0.000117665927974, 6.05122586421e-05, 3.75891504518e-05, 3.79592893296e-05, 4.01127181249e-05, 2.69745978585e-05, 2.0996620151e-05, 1.85554818017e-05],
        "mean": [0.00192745449021, 0.00506795849651, 0.00262183556333, 0.000718737952411, 0.000442504795501, 0.000346498156432, 0.000148231672938, 6.34080934105e-05, 0.000129904787173, 0.000118070420285, 0.000170035782503, 0.000126218990772, 7.22443073755e-05, 4.24658392149e-05, 5.1657527365e-05, 5.16945474374e-05, 0.000110549721285, 0.000109182263259, 3.78628719773e-05, 3.03263605019e-05, 1.4817786905e-05, 1.0593674233e-05, 6.52381595501e-06, 8.86049110704e-06, 1.44036703205e-05, 1.44539135363e-05, 7.4518029578e-06, 6.13710244579e-06, 4.82454061057e-06, 4.46989497505e-06, 4.19665138907e-06, 3.43934721059e-06, 3.21824177263e-06, 2.24058408094e-06, 1.6802364371e-06, 1.45484034419e-06, 1.4140557596e-06, 1.29041279706e-06, 1.39135715926e-06, 1.30115131469e-06],
        "median": [0.000510799814947, 0.00169234175701, 0.00196002959274, 0.000294383440632, 0.000179967217264, 8.17654217826e-05, 2.50128141488e-05, 7.55967812438e-06, 1.58204311447e-05, 2.77044000541e-05, 1.85227690963e-05, 1.37742408697e-05, 4.46510921392e-06, 6.06536150372e-06, 1.20684126159e-05, 9.34504078032e-06, 8.82882977749e-06, 1.12135203381e-05, 6.40512052996e-06, 7.10536005499e-06, 4.11238670495e-06, 2.63388528765e-06, 2.00410158868e-06, 3.15172906085e-06, 6.14909458818e-06, 5.77752598474e-06, 2.61690684056e-06, 2.23389588427e-06, 1.50296705215e-06, 5.27924100879e-07, 3.06763354274e-07, 2.06385351476e-07, 1.6259492952e-07, 1.92233358121e-07, 3.84686956068e-07, 4.63334941969e-07, 5.84577264817e-07, 5.14511441452e-07, 6.21011679414e-07, 6.95394760442e-07],
        "min": [6.95677471185e-09, 2.98175777402e-08, 1.95678122594e-08, 1.56458419553e-08, 1.81299153468e-08, 1.17306075964e-08, 8.09781219857e-09, 2.82431034115e-09, 2.8315391698e-10, 4.89537299586e-10, 5.62792257242e-10, 2.91001223118e-10, 4.2523807392e-11, 5.18681000927e-11, 1.73800390746e-10, 9.75605082831e-11, 6.28168628225e-11, 9.41708169777e-11, 5.94654256392e-11, 1.549808476e-10, 9.75097086409e-11, 1.13444982575e-11, 1.57891876656e-11, 1.21956654844e-11, 2.46505992701e-11, 9.78842701338e-12, 6.73602493229e-12, 5.365402133e-12, 5.26209197743e-12, 4.42404793355e-12, 3.87137327404e-12, 3.71642820685e-12, 2.69745445598e-12, 4.08118547637e-12, 6.96698514852e-12, 3.64672961967e-12, 4.98414851058e-12, 3.69417343937e-12, 4.47824763383e-12, 2.70374261174e-12],
        "stdev": [0.00604232400656, 0.0090960804373, 0.00316347531043, 0.00125841598492, 0.000617908546701, 0.000595809251536, 0.00027699014754, 0.00020199213759, 0.000303886889014, 0.000211477206904, 0.0003020951699, 0.000287681090413, 0.000264679460088, 0.00010837114678, 0.00012110354146, 0.000125580685562, 0.000252062047366, 0.00027902473812, 9.86205486697e-05, 7.07532963133e-05, 3.02336702589e-05, 3.00968531519e-05, 1.25685110106e-05, 1.50856812979e-05, 1.85584794963e-05, 1.86806864804e-05, 1.2264261386e-05, 9.38791163207e-06, 9.79585001915e-06, 1.27384719235e-05, 1.28392148326e-05, 1.1126064237e-05, 1.07008818304e-05, 6.97127279636e-06, 4.19428170062e-06, 3.34068340635e-06, 2.79162304651e-06, 2.18616332859e-06, 1.99433020498e-06, 1.82078474609e-06],
        "var": [3.65096784662e-05, 8.2738675701e-05, 1.00075767477e-05, 1.58361081048e-06, 3.8181096329e-07, 3.54988657136e-07, 7.67235377452e-08, 4.08008240527e-08, 9.23472356362e-08, 4.47226078393e-08, 9.12614837034e-08, 8.27604083042e-08, 7.00552220678e-08, 1.17443059722e-08, 1.46660683598e-08, 1.57705102311e-08, 6.35352819245e-08, 7.78548070457e-08, 9.72601199578e-09, 5.00602848064e-09, 9.1407487135e-10, 9.05820585206e-10, 1.57967458558e-10, 2.27577776069e-10, 3.44417133702e-10, 3.48968048902e-10, 1.5041211332e-10, 8.81328829361e-11, 9.59586785032e-11, 1.62268656845e-10, 1.64845442852e-10, 1.23789312134e-10, 1.14508867666e-10, 4.85986459409e-11, 1.75919990381e-11, 1.11601656735e-11, 7.79315934701e-12, 4.77930976045e-12, 3.97735273536e-12, 3.31525713999e-12]
    },
    "melbands128": {
