{
"lowlevel": {
    "average_loudness": 0.970216274261,
    "barkbands_crest": {
        "dmean": 2.99167776108,
        "dmean2": 4.5574836731,
        "dvar": 9.06300449371,
        "dvar2": 19.0748157501,
        "max": 25.1448020935,
        "mean": 12.7528562546,
        "median": 11.713057518,
        "min": 4.12431621552,
        "stdev": 4.91974115372,
        "var": 24.2038516998
    },
    "barkbands_flatness_db": {
        "dmean": 0.0324369594455,
        "dmean2": 0.0471356213093,
        "dvar": 0.00100167689379,
        "dvar2": 0.00209018797614,
        "max": 0.414691120386,
        "mean": 0.195738300681,
        "median": 0.18786367774,
        "min": 0.0592996999621,
        "stdev": 0.0562414824963,
        "var": 0.00316310417838
    },
    "barkbands_kurtosis": {
        "dmean": 13.4909315109,
        "dmean2": 20.8956871033,
        "dvar": 900.646484375,
        "dvar2": 2159.11645508,
        "max": 506.95111084,
        "mean": 19.8543891907,
        "median": 11.2034482956,
        "min": -1.7121758461,
        "stdev": 31.9408359528,
        "var": 1020.21704102
    },
    "barkbands_skewness": {
        "dmean": 1.07251143456,
        "dmean2": 1.55254268646,
        "dvar": 1.89387822151,
        "dvar2": 3.99630212784,
        "max": 17.6453819275,
        "mean": 3.12126708031,
        "median": 2.68822908401,
        "min": -1.80813384056,
        "stdev": 2.06873631477,
        "var": 4.27966976166
    },
    "barkbands_spread": {
        "dmean": 3.94429349899,
        "dmean2": 5.79640293121,
        "dvar": 35.4868354797,
        "dvar2": 75.2063293457,
        "max": 99.1504745483,
        "mean": 10.8377761841,
        "median": 9.00253391266,
        "min": 0.38324123621,
        "stdev": 8.30948543549,
        "var": 69.0475540161
    },
    "dissonance": {
        "dmean": 0.0286470148712,
        "dmean2": 0.0468722581863,
        "dvar": 0.000622656720225,
        "dvar2": 0.00176158314571,
        "max": 0.49974539876,
        "mean": 0.435866266489,
        "median": 0.440046727657,
        "min": 0.289474248886,
        "stdev": 0.035836275667,
        "var": 0.00128423876595
    },
    "dynamic_complexity": 1.8250644207,
    "erbbands_crest": {
        "dmean": 3.10665583611,
        "dmean2": 4.988032341,
        "dvar": 7.87413597107,
        "dvar2": 18.3541278839,
        "max": 28.8159751892,
        "mean": 11.4747095108,
        "median": 10.5437335968,
        "min": 2.71358847618,
        "stdev": 4.86639499664,
        "var": 23.6818008423
    },
    "erbbands_flatness_db": {
        "dmean": 0.0229895692319,
        "dmean2": 0.032175578177,
        "dvar": 0.000433904788224,
        "dvar2": 0.000824669201393,
        "max": 0.29932770133,
        "mean": 0.149007260799,
        "median": 0.146492481232,
        "min": 0.0411135777831,
        "stdev": 0.0413375124335,
        "var": 0.001708789845
    },
    "erbbands_kurtosis": {
        "dmean": 1.85248410702,
        "dmean2": 2.89660024643,
        "dvar": 6.28654050827,
        "dvar2": 14.4805278778,
        "max": 40.0203361511,
        "mean": 2.51132321358,
        "median": 1.42940425873,
        "min": -1.80435717106,
        "stdev": 4.12774562836,
        "var": 17.0382843018
    },
    "erbbands_skewness": {
        "dmean": 0.441239029169,
        "dmean2": 0.665269970894,
        "dvar": 0.163300916553,
        "dvar2": 0.355385482311,
        "max": 5.43951749802,
        "mean": 1.14956831932,
        "median": 1.10113918781,
        "min": -2.21874260902,
        "stdev": 0.836018681526,
        "var": 0.698927223682
    },
    "erbbands_spread": {
        "dmean": 11.9742889404,
        "dmean2": 16.932756424,
        "dvar": 169.539581299,
        "dvar2": 344.266906738,
        "max": 182.991363525,
        "mean": 39.6336097717,
        "median": 33.117565155,
        "min": 4.43816375732,
        "stdev": 24.2422981262,
        "var": 587.689025879
    },
    "hfc": {
        "dmean": 5.05107688904,
        "dmean2": 7.29723978043,
        "dvar": 38.0141181946,
        "dvar2": 82.0234222412,
        "max": 60.4281044006,
        "mean": 15.6647634506,
        "median": 13.9527845383,
        "min": 1.18432504027e-16,
        "stdev": 9.73019504547,
        "var": 94.6766891479
    },
    "loudness_ebu128": {
        "integrated": -8.69979095459,
        "loudness_range": 1.40136241913,
        "momentary": {
            "dmean": 0.69077283144,
            "dmean2": 0.998004853725,
            "dvar": 0.345899015665,
            "dvar2": 0.638612985611,
            "max": -6.14232254028,
            "mean": -8.93775844574,
            "median": -8.69390010834,
            "min": -15.0565681458,
            "stdev": 1.52407026291,
            "var": 2.32279014587
        },
        "short_term": {
            "dmean": 0.103540338576,
            "dmean2": 0.13248693943,
            "dvar": 0.00523399701342,
            "dvar2": 0.0108099551871,
            "max": -7.75225639343,
            "mean": -8.75786685944,
            "median": -8.71333026886,
            "min": -10.3038682938,
            "stdev": 0.5175563097,
            "var": 0.26786455512
        }
    },
    "melbands_crest": {
        "dmean": 3.78735804558,
        "dmean2": 5.66945314407,
        "dvar": 12.1650428772,
        "dvar2": 25.4092159271,
        "max": 34.6722831726,
        "mean": 17.8497238159,
        "median": 16.8664035797,
        "min": 2.17280054092,
        "stdev": 6.39861154556,
        "var": 40.9422302246
    },
    "melbands_flatness_db": {
        "dmean": 0.036227889359,
        "dmean2": 0.0522399172187,
        "dvar": 0.00130482146051,
        "dvar2": 0.00263838469982,
        "max": 0.547334611416,
        "mean": 0.296648263931,
        "median": 0.289827466011,
        "min": 0.0057381382212,
        "stdev": 0.0669495239854,
        "var": 0.00448223855346
    },
    "melbands_kurtosis": {
        "dmean": 23.1874637604,
        "dmean2": 35.8188743591,
        "dvar": 1756.01513672,
        "dvar2": 3842.87304688,
        "max": 458.069671631,
        "mean": 38.2184143066,
        "median": 19.0518093109,
        "min": -1.26768267155,
        "stdev": 52.51953125,
        "var": 2758.30126953
    },
    "melbands_skewness": {
        "dmean": 1.26210749149,
        "dmean2": 1.80536472797,
        "dvar": 2.05400395393,
        "dvar2": 3.99401164055,
        "max": 18.1722145081,
        "mean": 3.87671208382,
        "median": 3.19433832169,
        "min": -0.222545787692,
        "stdev": 2.54800319672,
        "var": 6.49232053757
    },
    "melbands_spread": {
        "dmean": 3.00634360313,
        "dmean2": 4.2786283493,
        "dvar": 23.9663963318,
        "dvar2": 37.9536590576,
        "max": 130.390808105,
        "mean": 9.07645702362,
        "median": 7.09625387192,
        "min": 0.401235610247,
        "stdev": 7.64503240585,
        "var": 58.446521759
    },
    "pitch_salience": {
        "dmean": 0.0843619555235,
        "dmean2": 0.131802484393,
        "dvar": 0.00744760315865,
        "dvar2": 0.016871701926,
        "max": 0.817779660225,
        "mean": 0.46311545372,
        "median": 0.471116065979,
        "min": 0.096905015409,
        "stdev": 0.128327548504,
        "var": 0.0164679586887
    },
    "silence_rate_20dB": {
        "dmean": 0,
        "dmean2": 0,
        "dvar": 0,
        "dvar2": 0,
        "max": 1,
        "mean": 1,
        "median": 1,
        "min": 1,
        "stdev": 0,
        "var": 0
    },
    "silence_rate_30dB": {
        "dmean": 0.122291021049,
        "dmean2": 0.244771495461,
        "dvar": 0.107334837317,
        "dvar2": 0.19260263443,
        "max": 1,
        "mean": 0.829853057861,
        "median": 1,
        "min": 0,
        "stdev": 0.375762254,
        "var": 0.141197264194
    },
    "silence_rate_60dB": {
        "dmean": 0.000773993786424,
        "dmean2": 0.000774593325332,
        "dvar": 0.000773391744588,
        "dvar2": 0.000773989362642,
        "max": 1,
        "mean": 0.00077339517884,
        "median": 0,
        "min": 0,
        "stdev": 0.0277991909534,
        "var": 0.000772794999648
    },
    "spectral_centroid": {
        "dmean": 166.6537323,
        "dmean2": 242.664215088,
        "dvar": 103196.132812,
        "dvar2": 144548.921875,
        "max": 10516.7324219,
        "mean": 659.346008301,
        "median": 586.404296875,
        "min": 163.581054688,
        "stdev": 426.363830566,
        "var": 181786.125
    },
    "spectral_complexity": {
        "dmean": 2.46284818649,
        "dmean2": 3.89310622215,
        "dvar": 6.60313081741,
        "dvar2": 14.2055082321,
        "max": 37,
        "mean": 11.5901002884,
        "median": 11,
        "min": 0,
        "stdev": 4.45244455338,
        "var": 19.8242645264
    },
    "spectral_decrease": {
        "dmean": 7.05354041841e-09,
        "dmean2": 1.06085922269e-08,
        "dvar": 1.2756152073e-16,
        "dvar2": 2.83602618488e-16,
        "max": -1.05621797348e-30,
        "mean": -1.52862718039e-08,
        "median": -9.79679892765e-09,
        "min": -7.9010980869e-08,
        "stdev": 1.38444882225e-08,
        "var": 1.91669844618e-16
    },
    "spectral_energy": {
        "dmean": 0.0269472040236,
        "dmean2": 0.0405103527009,
        "dvar": 0.00184588262346,
        "dvar2": 0.00410021841526,
        "max": 0.301063239574,
        "mean": 0.0591147206724,
        "median": 0.0385636948049,
        "min": 1.07461666784e-20,
        "stdev": 0.0527700185776,
        "var": 0.0027846749872
    },
    "spectral_energyband_high": {
        "dmean": 0.000247892545303,
        "dmean2": 0.000359413330443,
        "dvar": 1.75909548261e-07,
        "dvar2": 3.77161939014e-07,
        "max": 0.00741517823189,
        "mean": 0.000461815943709,
        "median": 0.000298206548905,
        "min": 7.65048281778e-21,
        "stdev": 0.000561535765883,
        "var": 3.15322409961e-07
    },
    "spectral_energyband_low": {
        "dmean": 0.0246064327657,
        "dmean2": 0.0374840088189,
        "dvar": 0.00182553264312,
        "dvar2": 0.00404466828331,
        "max": 0.28518140316,
        "mean": 0.0417197979987,
        "median": 0.0207637157291,
        "min": 5.61465122859e-23,
        "stdev": 0.0509451404214,
        "var": 0.00259540742263
    },
    "spectral_energyband_middle_high": {
        "dmean": 0.000974315800704,
        "dmean2": 0.00135850918014,
        "dvar": 2.3177165076e-06,
        "dvar2": 4.23667324867e-06,
        "max": 0.0277301669121,
        "mean": 0.00271166558377,
        "median": 0.00113204692025,
        "min": 1.59643131919e-21,
        "stdev": 0.00371694518253,
        "var": 1.38156810863e-05
    },
    "spectral_energyband_middle_low": {
        "dmean": 0.00767029635608,
        "dmean2": 0.0129054328427,
        "dvar": 0.000160577692441,
        "dvar2": 0.000437331822468,
        "max": 0.121937416494,
        "mean": 0.016565836966,
        "median": 0.0138312559575,
        "min": 4.1927747591e-22,
        "stdev": 0.0133111355826,
        "var": 0.000177186331712
    },
    "spectral_entropy": {
        "dmean": 0.259378284216,
        "dmean2": 0.382489234209,
        "dvar": 0.0582582466304,
        "dvar2": 0.11541878432,
        "max": 9.79734611511,
        "mean": 7.15790557861,
        "median": 7.161485672,
        "min": 5.50658941269,
        "stdev": 0.450580209494,
        "var": 0.203022524714
    },
    "spectral_flux": {
        "dmean": 0.0502526424825,
        "dmean2": 0.0798255950212,
        "dvar": 0.00469199800864,
        "dvar2": 0.00973583292216,
        "max": 0.47242435813,
        "mean": 0.113269865513,
        "median": 0.0862124115229,
        "min": 1.036637165e-10,
        "stdev": 0.0853356197476,
        "var": 0.00728216860443
    },
    "spectral_kurtosis": {
        "dmean": 1.9598556757,
        "dmean2": 2.93475794792,
        "dvar": 5.28657722473,
        "dvar2": 10.8634586334,
        "max": 27.441986084,
        "mean": 5.24570989609,
        "median": 4.39621496201,
        "min": -1.17603683472,
        "stdev": 3.5163629055,
        "var": 12.3648080826
    },
    "spectral_rms": {
        "dmean": 0.001505853259,
        "dmean2": 0.00220107124187,
        "dvar": 4.02296518587e-06,
        "dvar2": 8.29013424664e-06,
        "max": 0.0171382669359,
        "mean": 0.00701637146994,
        "median": 0.00613376870751,
        "min": 3.23791059069e-12,
        "stdev": 0.00290576857515,
        "var": 8.44349142426e-06
    },
    "spectral_rolloff": {
        "dmean": 172.715072632,
        "dmean2": 277.862579346,
        "dvar": 438354.625,
        "dvar2": 769663.25,
        "max": 18884.6191406,
        "mean": 487.486572266,
        "median": 366.064453125,
        "min": 64.599609375,
        "stdev": 699.087890625,
        "var": 488723.90625
    },
    "spectral_skewness": {
        "dmean": 0.281953841448,
        "dmean2": 0.418422222137,
        "dvar": 0.0804992467165,
        "dvar2": 0.153022035956,
        "max": 4.16856479645,
        "mean": 1.92629933357,
        "median": 1.85165464878,
        "min": 0.0433642342687,
        "stdev": 0.527713119984,
        "var": 0.278481125832
    },
    "spectral_spread": {
        "dmean": 1016866.5625,
        "dmean2": 1340495.625,
        "dvar": 1.9521339392e+12,
        "dvar2": 2.49857677722e+12,
        "max": 39701544,
        "mean": 5677421,
        "median": 5319971.5,
        "min": 1758763.125,
        "stdev": 2181413.25,
        "var": 4.75856424141e+12
    },
    "spectral_strongpeak": {
        "dmean": 0.430885195732,
        "dmean2": 0.711064040661,
        "dvar": 0.318109840155,
        "dvar2": 0.74528324604,
        "max": 5.98067951202,
        "mean": 0.790384173393,
        "median": 0.584413349628,
        "min": 0,
        "stdev": 0.735868096352,
        "var": 0.541501820087
    },
    "zerocrossingrate": {
        "dmean": 0.00956154428422,
        "dmean2": 0.0111631453037,
        "dvar": 0.000267655268544,
        "dvar2": 0.000318801874528,
        "max": 0.5048828125,
        "mean": 0.0329157449305,
        "median": 0.0283203125,
        "min": 0.001953125,
        "stdev": 0.0244108811021,
        "var": 0.000595891091507
    },
    "barkbands": {
        "dmean": [0.00129313627258, 0.0160221848637, 0.00989356543869, 0.00330694648437, 0.0028545553796, 0.00215905043297, 0.00104967853986, 0.000717940623872, 0.000642368511762, 0.000576539139729, 0.000165161851328, 0.000138239556691, 0.000151409563841, 0.000265293754637, 0.000107972082333, 4.59633374703e-05, 4.61554009235e-05, 4.92447725264e-05, 4.02814548579e-05, 3.82972684747e-05, 5.90701711189e-05, 4.13896486862e-05, 2.97717615467e-05, 3.94955168304e-05, 6.60248333588e-05, 3.24306820403e-05, 1.80086703949e-06],
        "dmean2": [0.00204162695445, 0.0248119309545, 0.0154723459855, 0.00591579452157, 0.0049663358368, 0.0033530970104, 0.00164895900525, 0.0010899520712, 0.000979407224804, 0.000818035448901, 0.000244042821578, 0.000205634729355, 0.000238688444369, 0.000358284742106, 0.000163504868397, 7.38867238397e-05, 7.02022371115e-05, 8.09892007965e-05, 6.08488844591e-05, 5.65918453503e-05, 8.64938410814e-05, 6.46476473776e-05, 4.49028411822e-05, 5.90610288782e-05, 9.60898396443e-05, 4.71066232421e-05, 2.83101758214e-06],
        "dvar": [5.7553206716e-06, 0.00130817352328, 0.000414119102061, 6.94468180882e-05, 1.85456101462e-05, 7.39970982977e-06, 8.88087561179e-06, 1.93823575501e-06, 1.55184886808e-06, 1.5413154415e-06, 2.15894601752e-07, 1.01200903657e-07, 1.54815140263e-07, 6.02470549893e-07, 1.07405142558e-07, 8.69949356996e-09, 1.08952633582e-08, 6.96107305131e-09, 6.51192788581e-09, 3.94140142745e-09, 9.46012423952e-09, 1.57922528388e-08, 3.57584917232e-09, 6.01187899463e-09, 1.55949937408e-08, 5.01539076936e-09, 2.50571664112e-11],
        "dvar2": [1.52344819071e-05, 0.00302026770078, 0.000863910652697, 0.000195849017473, 5.13992054039e-05, 1.69315699168e-05, 2.03620093089e-05, 4.05299897466e-06, 4.12639155911e-06, 3.04345758195e-06, 4.23051517373e-07, 1.86042143469e-07, 3.79227145686e-07, 8.45014540118e-07, 2.50470520768e-07, 1.86778290612e-08, 2.23542997446e-08, 1.75617724807e-08, 1.39579725555e-08, 7.51862749837e-09, 1.85326562985e-08, 3.90539902639e-08, 8.04288102785e-09, 1.32947057807e-08, 3.23632960431e-08, 1.05748485524e-08, 4.7519998353e-11],
        "max": [0.0216594394296, 0.2584156394, 0.191537618637, 0.0787813365459, 0.0474709831178, 0.0482200980186, 0.0609088875353, 0.0204768367112, 0.0195215456188, 0.0197307858616, 0.0120654227212, 0.006084183231, 0.00810357648879, 0.022931503132, 0.00632373290136, 0.0012641530484, 0.00207234476693, 0.00106746249367, 0.00116446451284, 0.00112266116776, 0.00191583076958, 0.00272892531939, 0.00110264506657, 0.0011243019253, 0.00229692971334, 0.00114715355448, 0.000160742696607],
        "mean": [0.00224326411262, 0.0229856427759, 0.0144153032452, 0.00369507726282, 0.00399734964594, 0.0045162611641, 0.00165259162895, 0.00106929091271, 0.00114194396883, 0.00120592152234, 0.000345421314705, 0.000232171616517, 0.000223782160901, 0.000430880580097, 0.000177535155672, 7.1029033279e-05, 7.68392055761e-05, 7.59389877203e-05, 7.51813131501e-05, 7.32677799533e-05, 0.000115389280836, 5.92193064222e-05, 4.25059442932e-05, 5.88913317188e-05, 9.59865792538e-05, 3.62592581951e-05, 1.79514063348e-06],
        "median": [0.00105899036862, 0.00797476992011, 0.00464524421841, 0.00181354198139, 0.0025002383627, 0.00263353157789, 0.000493667961564, 0.000488868390676, 0.000333271920681, 0.000214447820326, 4.28251805715e-05, 7.93078943389e-05, 4.43494682258e-05, 9.15334458114e-05, 4.2423584091e-05, 2.04971220228e-05, 2.61999120994e-05, 3.31962364726e-05, 3.27682646457e-05, 4.27393460996e-05, 5.76578313485e-05, 2.01336588361e-05, 1.81186751433e-05, 2.82872370008e-05, 4.56315246993e-05, 1.12226407509e-05, 4.49472764785e-07],
        "min": [1.09011418426e-23, 2.75440693151e-23, 2.2827286947e-23, 8.73522404202e-24, 3.94468570369e-23, 9.97899515665e-23, 8.65343557446e-23, 6.74018976401e-23, 8.57526766291e-23, 3.99822348452e-23, 1.05613322769e-22, 7.51893557916e-23, 5.7763715007e-23, 1.58119368195e-22, 5.51571544931e-23, 1.33660981953e-22, 9.94027975669e-23, 4.3302612242e-22, 2.32359901022e-22, 3.89812927877e-22, 3.2298449425e-22, 7.20186688537e-22, 5.46015692238e-22, 8.42961970599e-22, 1.1341413602e-21, 1.82971160001e-21, 2.22647112342e-21],
        "stdev": [0.00290839280933, 0.0405551791191, 0.0261504780501, 0.00711508374661, 0.00460301013663, 0.00528067117557, 0.00368172768503, 0.00191600597464, 0.00198695925064, 0.00256035197526, 0.00107606127858, 0.000521754904184, 0.000563490961213, 0.00134159927256, 0.000436937087215, 0.000137160663144, 0.000149876548676, 0.00011164361058, 0.000116141694889, 0.00010190440662, 0.000165968842339, 0.000131738343043, 7.20340540283e-05, 9.34938434511e-05, 0.000156084701302, 7.94291408965e-05, 5.97150665271e-06],
        "var": [8.45874819788e-06, 0.00164472253527, 0.000683847465552, 5.06244177814e-05, 2.11877031688e-05, 2.78854895441e-05, 1.35551181302e-05, 3.67107872989e-06, 3.94800736103e-06, 6.5554017965e-06, 1.15790794553e-06, 2.72228163567e-07, 3.1752207974e-07, 1.79988853688e-06, 1.90914008158e-07, 1.88130488965e-08, 2.24629790324e-08, 1.24642953736e-08, 1.34888926695e-08, 1.03845074761e-08, 2.75456581988e-08, 1.73549903337e-08, 5.18890441725e-09, 8.74109851168e-09, 2.43624356244e-08, 6.30898799869e-09, 3.5658889036e-11]
    },
    "erbbands": {
        "dmean": [0.565337240696, 3.71313357353, 10.2850446701, 11.420372963, 8.83313751221, 8.49980926514, 20.6435394287, 15.4916601181, 15.9442720413, 12.8298358917, 17.6477069855, 13.9421262741, 17.6587810516, 13.6184825897, 5.87584638596, 5.9632601738, 6.35925722122, 13.2243118286, 6.91290092468, 3.12170171738, 2.54381275177, 2.34111237526, 2.50726270676, 2.16112732887, 1.87939298153, 1.82280683517, 2.86254835129, 1.90276551247, 1.5218038559, 1.09502792358, 0.813410520554, 0.825645625591, 0.70374917984, 0.686630725861, 0.536087155342, 0.176541671157, 0.0518911071122, 0.00791497156024, 0.000205582487979, 3.31321971316e-05],
        "dmean2": [0.824863433838, 5.88537406921, 16.1598472595, 18.844121933, 15.7673435211, 14.7010679245, 34.702922821, 23.1760044098, 25.0554676056, 19.7895946503, 27.241268158, 21.5106391907, 24.5096378326, 19.3571929932, 8.00759220123, 8.7909154892, 9.48283481598, 17.091211319, 10.137547493, 4.71029090881, 4.14605903625, 3.617197752, 4.13113927841, 3.32494258881, 2.68329930305, 2.63330674171, 4.20928764343, 2.83873057365, 2.39196705818, 1.68618130684, 1.24568343163, 1.26468408108, 1.06698930264, 1.02687478065, 0.781493902206, 0.255691409111, 0.0762226656079, 0.0116227557883, 0.000298349768855, 4.91619248351e-05],
        "dvar": [1.23749482632, 82.3701858521, 398.982940674, 674.279724121, 441.81829834, 165.934967041, 883.16418457, 459.382995605, 1566.91601562, 991.234619141, 1386.39257812, 1040.68518066, 1548.65942383, 1016.63983154, 217.654296875, 174.278518677, 197.855300903, 1607.17565918, 583.502075195, 107.705711365, 31.9871482849, 21.9596614838, 19.9105758667, 16.3712291718, 17.5248947144, 8.08130836487, 24.9722080231, 10.627995491, 26.5761871338, 8.5633354187, 2.25389456749, 2.32394838333, 2.36805939674, 2.40087485313, 0.853392601013, 0.149575784802, 0.012122457847, 0.000341986917192, 2.60079474401e-07, 2.30157537473e-09],
        "dvar2": [2.55192017555, 208.824630737, 907.08770752, 1638.3729248, 1252.04797363, 451.033508301, 2406.01220703, 916.119384766, 3813.1862793, 2037.56530762, 2932.72900391, 2785.68432617, 2676.50073242, 1877.23571777, 297.758026123, 310.706237793, 424.492675781, 1931.47485352, 1393.51330566, 196.0990448, 72.9349060059, 46.7663421631, 52.5216217041, 38.3459777832, 34.6009178162, 14.320731163, 53.3856697083, 22.9607067108, 67.6327133179, 19.1540431976, 5.1039147377, 5.36108970642, 5.49595499039, 5.32614946365, 1.71598374844, 0.312427014112, 0.0255087390542, 0.000681738136336, 4.80715300455e-07, 5.02991159834e-09],
        "max": [8.82058525085, 65.8600387573, 160.568984985, 239.62840271, 200.142456055, 137.81401062, 425.057434082, 428.587036133, 809.15826416, 440.663970947, 577.108459473, 615.010375977, 694.116271973, 646.910522461, 334.961730957, 225.555984497, 374.237213135, 1265.63427734, 688.091308594, 325.722106934, 85.8027038574, 76.6677703857, 63.3164253235, 73.6488571167, 71.8959732056, 46.2367019653, 102.983718872, 49.9742279053, 116.813964844, 58.7112197876, 25.0712871552, 23.5293006897, 27.2566452026, 30.9798851013, 13.701130867, 5.79565286636, 2.21488761902, 0.575967431068, 0.0165313500911, 0.000381918391213],
        "mean": [0.901462733746, 4.34933519363, 14.276099205, 16.1189937592, 9.91761493683, 12.2246961594, 33.5155525208, 34.2215690613, 26.7492694855, 22.227437973, 26.444442749, 25.0177211761, 39.477771759, 30.0985565186, 13.2606992722, 10.8266124725, 11.9536933899, 23.3087062836, 12.1724586487, 6.01209545135, 3.95257854462, 4.10565423965, 3.99231767654, 4.02825927734, 3.53372764587, 3.69444203377, 5.41577529907, 3.47695422173, 2.23615646362, 1.55640399456, 1.15809583664, 1.20660638809, 1.0120254755, 1.04165506363, 0.70033210516, 0.204444974661, 0.0585196502507, 0.00911004189402, 0.000255567021668, 7.3287745181e-05],
        "median": [0.339590132236, 1.52612817287, 4.96300601959, 6.81675767899, 5.04748344421, 7.0131983757, 21.445016861, 16.081199646, 10.6274251938, 6.98121881485, 12.2029743195, 9.02959632874, 8.28374385834, 6.43373680115, 3.29650139809, 4.30233812332, 3.24284768105, 5.83584308624, 3.56222081184, 1.79745662212, 1.28256702423, 1.49762916565, 1.72428941727, 2.123742342, 1.57118976116, 2.21133446693, 2.94647073746, 1.55626058578, 0.844409406185, 0.454383522272, 0.539697170258, 0.589857041836, 0.431759625673, 0.45041641593, 0.301137596369, 0.0568752028048, 0.0195914544165, 0.00350829935633, 0.000110533088446, 5.15183019161e-05],
        "min": [6.31414365958e-22, 7.23116525512e-21, 2.54896319681e-20, 2.49212587209e-20, 3.55303832207e-20, 1.63747976127e-19, 6.43883902859e-19, 6.9474744552e-19, 1.23938001463e-18, 1.6794787712e-18, 8.64952626153e-19, 2.16555326019e-18, 2.09821455448e-18, 2.12695535845e-18, 3.28286085516e-18, 3.07979670017e-18, 3.20784942887e-18, 7.27712392048e-18, 4.87753913791e-18, 4.96824983183e-18, 6.28895700352e-18, 7.14169212033e-18, 2.35873595694e-17, 1.31191242198e-17, 1.78614416614e-17, 1.52039568531e-17, 1.4833202922e-17, 1.61137066344e-17, 2.43578799644e-17, 1.90286282473e-17, 1.63303683979e-17, 1.34853021877e-17, 1.65685897968e-17, 8.8439173244e-18, 1.09488529281e-17, 6.31179546023e-18, 3.80464411081e-18, 1.18602541755e-18, 3.23434572995e-19, 3.37626207034e-20],
        "stdev": [1.45873439312, 8.73882102966, 23.6017513275, 28.7776298523, 17.8317737579, 15.1662349701, 40.1342163086, 45.9725379944, 47.3187255859, 47.8575172424, 50.74243927, 47.9869346619, 85.9379730225, 65.5864028931, 36.9136199951, 22.4357070923, 26.3173942566, 74.5057296753, 31.0044536591, 15.1705617905, 7.13755130768, 6.94320440292, 5.93626356125, 5.41136789322, 6.3131814003, 4.85702466965, 7.54130935669, 5.51826953888, 5.08472776413, 3.50775980949, 1.81511056423, 1.88881099224, 1.70434713364, 1.84797012806, 1.16803693771, 0.444385439157, 0.12384223938, 0.0216764900833, 0.000620181031991, 5.97516300331e-05],
        "var": [2.12790608406, 76.3669891357, 557.042663574, 828.151977539, 317.972137451, 230.014694214, 1610.75537109, 2113.47412109, 2239.06176758, 2290.34179688, 2574.79516602, 2302.74584961, 7385.33544922, 4301.57666016, 1362.61523438, 503.360992432, 692.605224609, 5551.10400391, 961.276184082, 230.145935059, 50.9446411133, 48.2080841064, 35.2392234802, 29.2829017639, 39.8562583923, 23.5906867981, 56.8713493347, 30.4512996674, 25.8544559479, 12.3043794632, 3.29462623596, 3.56760716438, 2.90479898453, 3.41499376297, 1.36431026459, 0.197478428483, 0.0153369000182, 0.000469870195957, 3.8462448515e-07, 3.57025742304e-09]
    },
    "gfcc": {
        "mean": [-0.693509399891, 108.649810791, -68.6308746338, 32.1319313049, -56.9070549011, 17.126455307, -33.0600852966, 13.606757164, -27.9372940063, 12.7777395248, -13.4703588486, -2.2023191452, -5.49559640884],
        "cov": [[3468.94311523, -522.647827148, -399.79776001, 79.3261795044, -129.370574951, 213.332168579, -136.201095581, 38.5969848633, -84.7674942017, 19.0169506073, -146.353744507, 36.6200942993, -113.83972168], [-522.647827148, 825.049316406, -162.876907349, -139.148620605, 133.853622437, -86.2700424194, 178.038391113, -61.981262207, 50.4270057678, -24.2353878021, 147.171615601, -111.629707336, 85.7486724854], [-399.79776001, -162.876907349, 618.591796875, 101.662223816, -9.65171146393, 48.8191184998, -37.1983947754, 24.1704406738, 38.3524742126, 25.4033679962, -29.0501861572, 114.587882996, -38.2179412842], [79.3261795044, -139.148620605, 101.662223816, 282.083465576, 38.5827636719, 2.83001112938, -50.5371818542, 13.1915712357, 57.0244522095, -41.8162345886, -58.9841041565, 15.9441480637, -2.70383477211], [-129.370574951, 133.853622437, -9.65171146393, 38.5827636719, 178.976791382, 41.1213912964, 56.069568634, 1.00435757637, 29.9358825684, -9.24783039093, 21.7428970337, -22.3721618652, 21.9907188416], [213.332168579, -86.2700424194, 48.8191184998, 2.83001112938, 41.1213912964, 192.491439819, 52.4775619507, -25.284620285, -10.1054162979, -2.41092562675, 1.20588338375, 1.39035320282, -44.2072715759], [-136.201095581, 178.038391113, -37.1983947754, -50.5371818542, 56.069568634, 52.4775619507, 167.603286743, -8.45149230957, -9.54450511932, 23.6242599487, 53.4977798462, -33.8996086121, 14.9538488388], [38.5969848633, -61.981262207, 24.1704406738, 13.1915712357, 1.00435757637, -25.284620285, -8.45149230957, 118.741294861, 29.8278102875, 8.37324428558, -0.252543598413, 12.0722646713, 32.0788764954], [-84.7674942017, 50.4270057678, 38.3524742126, 57.0244522095, 29.9358825684, -10.1054162979, -9.54450511932, 29.8278102875, 111.308349609, -6.76076316833, -1.53654301167, 13.6252861023, 15.2012548447], [19.0169506073, -24.2353878021, 25.4033679962, -41.8162345886, -9.24783039093, -2.41092562675, 23.6242599487, 8.37324428558, -6.76076316833, 120.09563446, 43.3688240051, 10.1070814133, 19.8665714264], [-146.353744507, 147.171615601, -29.0501861572, -58.9841041565, 21.7428970337, 1.20588338375, 53.4977798462, -0.252543598413, -1.53654301167, 43.3688240051, 146.869888306, -3.61369609833, 14.7500209808], [36.6200942993, -111.629707336, 114.587882996, 15.9441480637, -22.3721618652, 1.39035320282, -33.8996086121, 12.0722646713, 13.6252861023, 10.1070814133, -3.61369609833, 97.2260513306, 2.18417811394], [-113.83972168, 85.7486724854, -38.2179412842, -2.70383477211, 21.9907188416, -44.2072715759, 14.9538488388, 32.0788764954, 15.2012548447, 19.8665714264, 14.7500209808, 2.18417811394, 105.704833984]],
        "icov": [[0.000549047370441, -0.000479137117509, 0.000793238461483, -0.000601190316956, 0.00048417787184, -0.0012404427398, 0.000762812444009, -0.000959992990829, 0.000727963575628, -0.000910401518922, 0.000771708553657, -0.0010754809482, 0.000796279811766], [-0.000479137117509, 0.00542420009151, -0.00146512209903, 0.00301084853709, -0.00238409428857, 0.00457823881879, -0.00420371256769, 0.0048927902244, -0.0044018747285, 0.00427067745477, -0.00396257033572, 0.00505979172885, -0.00356959295459], [0.000793238461483, -0.00146512209903, 0.00363647704944, -0.00194976676721, 0.000930336711463, -0.00266665965319, 0.00144001527224, -0.00240393844433, 0.00138276827056, -0.00262959720567, 0.0019573837053, -0.00480138510466, 0.00264619290829], [-0.000601190316956, 0.00301084853709, -0.00194976676721, 0.00682902336121, -0.00268793548457, 0.00298779923469, -0.00139036262408, 0.00315280538052, -0.0045046932064, 0.00368377077393, -0.00116677361075, 0.00358564918861, -0.00252732890658], [0.00048417787184, -0.00238409428857, 0.000930336711463, -0.00268793548457, 0.00886951480061, -0.00405614683405, 0.000208233148442, -0.00208541285247, 0.000418766954681, -0.00119471456856, 0.000964839011431, -0.00103980943095, -0.000163910648553], [-0.0012404427398, 0.00457823881879, -0.00266665965319, 0.00298779923469, -0.00405614683405, 0.0123826023191, -0.00664223916829, 0.00553834019229, -0.00369329797104, 0.00433155940846, -0.00338173494674, 0.00421660812572, -0.000554402009584], [0.000762812444009, -0.00420371256769, 0.00144001527224, -0.00139036262408, 0.000208233148442, -0.00664223916829, 0.0127731971443, -0.00399075169116, 0.00395225873217, -0.00443578045815, 0.00123250682373, -0.0015698808711, 0.00142534647603], [-0.000959992990829, 0.0048927902244, -0.00240393844433, 0.00315280538052, -0.00208541285247, 0.00553834019229, -0.00399075169116, 0.0149088986218, -0.00654920237139, 0.00409829802811, -0.003839782672, 0.00498646078631, -0.00639697257429], [0.000727963575628, -0.0044018747285, 0.00138276827056, -0.0045046932064, 0.000418766954681, -0.00369329797104, 0.00395225873217, -0.00654920237139, 0.0151603063568, -0.00338519900106, 0.0028664637357, -0.00560571113601, 0.00270813284442], [-0.000910401518922, 0.00427067745477, -0.00262959720567, 0.00368377077393, -0.00119471456856, 0.00433155940846, -0.00443578045815, 0.00409829802811, -0.00338519900106, 0.014277447015, -0.00607888260856, 0.00423216121271, -0.00529327522963], [0.000771708553657, -0.00396257033572, 0.0019573837053, -0.00116677361075, 0.000964839011431, -0.00338173494674, 0.00123250682373, -0.003839782672, 0.0028664637357, -0.00607888260856, 0.012270539999, -0.00516510475427, 0.00322409626096], [-0.0010754809482, 0.00505979172885, -0.00480138510466, 0.00358564918861, -0.00103980943095, 0.00421660812572, -0.0015698808711, 0.00498646078631, -0.00560571113601, 0.00423216121271, -0.00516510475427, 0.020390836522, -0.00590830901638], [0.000796279811766, -0.00356959295459, 0.00264619290829, -0.00252732890658, -0.000163910648553, -0.000554402009584, 0.00142534647603, -0.00639697257429, 0.00270813284442, -0.00529327522963, 0.00322409626096, -0.00590830901638, 0.0159251503646]]
    },
    "melbands": {
        "dmean": [0.00458337506279, 0.00493014790118, 0.00183131615631, 0.00055942311883, 0.000641021120828, 0.000354034651536, 0.00024822546402, 0.0001340542658, 0.000140804157127, 8.86366979103e-05, 8.79994840943e-05, 5.85547641094e-05, 2.23756469495e-05, 1.5832045392e-05, 1.41150294439e-05, 1.71037536347e-05, 2.51079236477e-05, 1.19942687888e-05, 6.75587079968e-06, 2.9332916256e-06, 3.39193979926e-06, 2.38620009441e-06, 2.96456778415e-06, 2.27892564908e-06, 1.82318865427e-06, 1.68893370756e-06, 1.04519358501e-06, 1.3879277958e-06, 1.96789574147e-06, 1.5042941186e-06, 1.0956305232e-06, 9.1653794243e-07, 8.04310559488e-07, 5.66378275835e-07, 4.36664635117e-07, 5.46247122202e-07, 5.21836170719e-07, 4.62104054577e-07, 5.97998450758e-07, 5.99601492013e-07],
        "dmean2": [0.00685019325465, 0.00782920327038, 0.00302704935893, 0.000993608497083, 0.00107647769619, 0.000535298138857, 0.000386993109714, 0.000205157484743, 0.000218162764213, 0.000136306218337, 0.000121155928355, 8.3013161202e-05, 3.11990188493e-05, 2.36655214394e-05, 2.11367987504e-05, 2.52178342635e-05, 3.24644970533e-05, 1.80729857675e-05, 9.81487573881e-06, 4.57802298115e-06, 5.58694227948e-06, 3.71215719497e-06, 4.79250684293e-06, 3.81962217944e-06, 2.82877931568e-06, 2.54979158854e-06, 1.53870382746e-06, 2.10398980016e-06, 2.9192067359e-06, 2.29798388318e-06, 1.70318787696e-06, 1.45073192925e-06, 1.28149224565e-06, 8.59725275859e-07, 6.76937816024e-07, 8.59606927861e-07, 8.01557177965e-07, 7.04349929492e-07, 9.20664319892e-07, 9.01252406038e-07],
        "dvar": [9.04398475541e-05, 9.11704337341e-05, 1.64675493579e-05, 1.23764493765e-06, 7.42616578009e-07, 2.19444658001e-07, 3.94110429625e-07, 8.59954880639e-08, 8.99572754065e-08, 4.02984952075e-08, 3.99268884621e-08, 1.89759283842e-08, 3.86082099624e-09, 1.27090749036e-09, 1.23511101346e-09, 1.71920633285e-09, 5.61669510901e-09, 2.27004881559e-09, 3.67107261257e-10, 4.93943774771e-11, 6.47915540664e-11, 2.50821446945e-11, 4.57030767398e-11, 1.60343769512e-11, 1.38948470785e-11, 1.70655243409e-11, 5.56918703862e-12, 5.07251489076e-12, 1.0416040426e-11, 7.44417201493e-12, 3.775815164e-12, 9.57856276934e-12, 5.74319975258e-12, 2.08769611841e-12, 6.71568866056e-13, 1.14711159408e-12, 1.04751320465e-12, 1.11703279005e-12, 1.51608966267e-12, 2.19071115415e-12],
        "dvar2": [0.000194690233911, 0.00022174109472, 4.01185061492e-05, 3.5061982544e-06, 2.04097477763e-06, 4.52925348782e-07, 9.35928426316e-07, 1.72868340087e-07, 1.88923763744e-07, 1.07309148234e-07, 6.93928399187e-08, 3.60729259796e-08, 5.8553601967e-09, 2.40680786412e-09, 2.51355447567e-09, 3.21679749504e-09, 6.88223167344e-09, 5.35153654724e-09, 7.07903291541e-10, 9.52410025845e-11, 1.47974923981e-10, 5.34833496935e-11, 1.05308817222e-10, 4.02000481514e-11, 3.31161972844e-11, 3.66263096241e-11, 1.16903986491e-11, 1.00878784492e-11, 2.19198478812e-11, 1.57478665525e-11, 9.17201124079e-12, 2.51349618202e-11, 1.38260687621e-11, 4.44716269019e-12, 1.49220523091e-12, 2.90378788723e-12, 2.43237049426e-12, 2.57116680377e-12, 3.57019990828e-12, 4.84802128997e-12],
        "max": [0.0668140947819, 0.0585896298289, 0.0365520976484, 0.0124025307596, 0.0114638395607, 0.00934245809913, 0.0131501769647, 0.00393647607416, 0.0047617466189, 0.00374802039005, 0.0035670818761, 0.00280351983383, 0.00136713217944, 0.000920459802728, 0.000845999980811, 0.00104289874434, 0.0022391458042, 0.00137189019006, 0.000523495487869, 0.000150048013893, 0.000117792711535, 9.68059248407e-05, 0.000152077976963, 6.812025822e-05, 7.19087038306e-05, 7.03325495124e-05, 5.04239324073e-05, 3.22386113112e-05, 6.24370077276e-05, 4.73594591313e-05, 2.68364692602e-05, 6.48474670015e-05, 5.35970975761e-05, 2.78097413684e-05, 1.61524276336e-05, 2.00857175514e-05, 1.96982527996e-05, 1.82606272574e-05, 1.77892034117e-05, 3.26389017573e-05],
        "mean": [0.00709280697629, 0.00664256047457, 0.00265153124928, 0.000710062216967, 0.00106418912765, 0.000775533495471, 0.000412777473684, 0.000226114731049, 0.000212213650229, 0.000157335074618, 0.000192081206478, 0.000121842633234, 5.06173782924e-05, 2.59132666542e-05, 2.47961088462e-05, 3.04849054373e-05, 4.2406423745e-05, 1.89491911442e-05, 1.17262652566e-05, 4.84034353576e-06, 4.77818957734e-06, 4.04386446462e-06, 4.40659960077e-06, 3.48937578565e-06, 3.20339927384e-06, 2.93437028631e-06, 1.84346492915e-06, 2.58341651715e-06, 3.54270491698e-06, 2.73745922641e-06, 1.73562318651e-06, 1.27700309349e-06, 1.0348237538e-06, 8.03847171937e-07, 6.22416166607e-07, 7.04401941221e-07, 7.57839643484e-07, 6.48802881642e-07, 8.19989168122e-07, 8.97127506505e-07],
        "median": [0.0026935711503, 0.0028072015848, 0.001148681622, 0.00037648883881, 0.00070952513488, 0.00038860325003, 0.000151429252583, 7.61240662541e-05, 8.77374768606e-05, 4.83187941427e-05, 2.92237855319e-05, 1.99861970032e-05, 8.25911411084e-06, 1.04286136775e-05, 6.4821642809e-06, 7.98979908723e-06, 9.15695909498e-06, 4.06258004659e-06, 2.76496507468e-06, 1.30991088554e-06, 1.3473686522e-06, 1.3265034795e-06, 1.53750875143e-06, 1.55182635808e-06, 1.57438421411e-06, 1.17638501251e-06, 9.40231302593e-07, 1.45426929521e-06, 1.90597518213e-06, 1.26005863876e-06, 6.84605595325e-07, 4.54069009947e-07, 2.83360321873e-07, 2.27004719022e-07, 2.63529074118e-07, 3.34993330853e-07, 3.51035225776e-07, 2.53195651112e-07, 3.20984582913e-07, 3.65924393009e-07],
        "min": [7.32831270567e-24, 1.14660072715e-23, 4.89930742657e-24, 5.60348371919e-24, 1.97277151886e-23, 1.76043446009e-23, 1.79094965095e-23, 1.8710384388e-23, 5.76768275003e-24, 1.48395322785e-23, 9.92084569497e-24, 7.31891895001e-24, 1.31164320807e-23, 6.52156832373e-24, 1.03062894441e-23, 7.21724109021e-24, 1.38815459061e-23, 8.43910932403e-24, 4.440546156e-24, 9.50382226603e-24, 6.31003251098e-24, 6.52309476958e-24, 1.30052602799e-23, 2.30763287571e-23, 8.84031135865e-24, 1.06261583417e-23, 1.54760862311e-23, 8.75893246767e-24, 9.38256803401e-24, 7.71541937363e-24, 1.00581201143e-23, 1.65695894407e-23, 1.08842862517e-23, 9.64050346192e-24, 9.14887587945e-24, 7.71682827921e-24, 8.80402454587e-24, 1.21552902647e-23, 9.16012030279e-24, 6.4474978346e-24],
        "stdev": [0.0117226624861, 0.0100913560018, 0.00449202395976, 0.00102079974022, 0.00118950242177, 0.000996893271804, 0.00076054641977, 0.000457214569906, 0.000417297793319, 0.000300380052067, 0.000436973903561, 0.000280344829662, 0.000159446964972, 5.75649391976e-05, 6.23235318926e-05, 7.10991444066e-05, 0.000137316368637, 5.84457011428e-05, 2.89657928079e-05, 1.14194108392e-05, 9.86902432487e-06, 7.21568130757e-06, 9.46396266954e-06, 5.47304580323e-06, 4.68877396997e-06, 5.64158517591e-06, 3.1603408388e-06, 3.60060994353e-06, 4.96920620208e-06, 4.37425569544e-06, 2.81785673906e-06, 2.97434576169e-06, 2.52630911746e-06, 1.8098696728e-06, 1.00068393749e-06, 1.14619581382e-06, 1.25245981053e-06, 1.17301772207e-06, 1.39617395689e-06, 1.73217631527e-06],
        "var": [0.000137420807732, 0.000101835466921, 2.01782804652e-05, 1.04203206774e-06, 1.4149160279e-06, 9.93796106741e-07, 5.78430842779e-07, 2.0904515452e-07, 1.74137440467e-07, 9.02281698245e-08, 1.90946181533e-07, 7.85932314784e-08, 2.54233345487e-08, 3.31372240758e-09, 3.88422272124e-09, 5.05508790383e-09, 1.88557844893e-08, 3.4159000073e-09, 8.39017133547e-10, 1.30402952325e-10, 9.73976455043e-11, 5.20660597969e-11, 8.95665902556e-11, 2.99542300686e-11, 2.19846033739e-11, 3.18274850919e-11, 9.98775454703e-12, 1.29643917129e-11, 2.4693008055e-11, 1.91341126971e-11, 7.94031680684e-12, 8.84673237445e-12, 6.38223718666e-12, 3.27562803271e-12, 1.00136825915e-12, 1.31376496054e-12, 1.56865568712e-12, 1.37597051808e-12, 1.94930183106e-12, 3.00043496992e-12]
    },
    "melbands128": {
