{
"lowlevel": {
    "average_loudness": 0.77154815197,
    "barkbands_crest": {
        "dmean": 2.88154673576,
        "dmean2": 4.58099031448,
        "dvar": 5.52668523788,
        "dvar2": 14.3711862564,
        "max": 21.9106674194,
        "mean": 12.3790884018,
        "median": 12.5435152054,
        "min": 2.71489024162,
        "stdev": 3.82549786568,
        "var": 14.6344347
    },
    "barkbands_flatness_db": {
        "dmean": 0.0327983908355,
        "dmean2": 0.0437327250838,
        "dvar": 0.000685595208779,
        "dvar2": 0.0013314668322,
        "max": 0.278092890978,
        "mean": 0.134513109922,
        "median": 0.130728885531,
        "min": 0.0302404947579,
        "stdev": 0.049184255302,
        "var": 0.00241909082979
    },
    "barkbands_kurtosis": {
        "dmean": 8.71841430664,
        "dmean2": 13.0524454117,
        "dvar": 124.413986206,
        "dvar2": 268.691741943,
        "max": 113.23197937,
        "mean": 11.2791404724,
        "median": 6.49406814575,
        "min": -1.93241930008,
        "stdev": 15.1188259125,
        "var": 228.578887939
    },
    "barkbands_skewness": {
        "dmean": 1.14697897434,
        "dmean2": 1.67046844959,
        "dvar": 1.20209300518,
        "dvar2": 2.73840141296,
        "max": 9.14126586914,
        "mean": 2.66198945045,
        "median": 2.58529114723,
        "min": -3.34694886208,
        "stdev": 1.81516313553,
        "var": 3.29481720924
    },
    "barkbands_spread": {
        "dmean": 20.6253910065,
        "dmean2": 30.2953872681,
        "dvar": 562.455078125,
        "dvar2": 1214.00073242,
        "max": 125.35974884,
        "mean": 37.2429504395,
        "median": 28.457036972,
        "min": 2.22991871834,
        "stdev": 30.8013076782,
        "var": 948.72052002
    },
    "dissonance": {
        "dmean": 0.0184300728142,
        "dmean2": 0.0306159481406,
        "dvar": 0.000536682491656,
        "dvar2": 0.00135777366813,
        "max": 0.499480634928,
        "mean": 0.472315758467,
        "median": 0.478077381849,
        "min": 0.0292904004455,
        "stdev": 0.0248698126525,
        "var": 0.00061850756174
    },
    "dynamic_complexity": 4.19503164291,
    "erbbands_crest": {
        "dmean": 2.47753024101,
        "dmean2": 3.99199771881,
        "dvar": 6.40923118591,
        "dvar2": 13.5307312012,
        "max": 27.7183952332,
        "mean": 6.83953809738,
        "median": 5.56652212143,
        "min": 2.28564786911,
        "stdev": 3.93306589127,
        "var": 15.4690065384
    },
    "erbbands_flatness_db": {
        "dmean": 0.0198685545474,
        "dmean2": 0.0307258646935,
        "dvar": 0.000299768173136,
        "dvar2": 0.00077315577073,
        "max": 0.207442685962,
        "mean": 0.0874213501811,
        "median": 0.0814748108387,
        "min": 0.0358514934778,
        "stdev": 0.0294453781098,
        "var": 0.000867030292284
    },
    "erbbands_kurtosis": {
        "dmean": 1.49312984943,
        "dmean2": 2.47782492638,
        "dvar": 3.12275910378,
        "dvar2": 8.403175354,
        "max": 12.5063991547,
        "mean": 0.298106402159,
        "median": -0.208786487579,
        "min": -1.70023930073,
        "stdev": 1.87603271008,
        "var": 3.51949882507
    },
    "erbbands_skewness": {
        "dmean": 0.680066645145,
        "dmean2": 0.998172998428,
        "dvar": 0.436662703753,
        "dvar2": 0.996937572956,
        "max": 2.61527466774,
        "mean": 0.155930131674,
        "median": 0.290128350258,
        "min": -2.75827145576,
        "stdev": 0.904977917671,
        "var": 0.818985044956
    },
    "erbbands_spread": {
        "dmean": 18.4699783325,
        "dmean2": 28.3308124542,
        "dvar": 252.429321289,
        "dvar2": 653.623413086,
        "max": 120.91796875,
        "mean": 60.188659668,
        "median": 59.1761398315,
        "min": 11.309844017,
        "stdev": 22.6464347839,
        "var": 512.861022949
    },
    "hfc": {
        "dmean": 49.4955329895,
        "dmean2": 81.4679946899,
        "dvar": 8361.27441406,
        "dvar2": 21484.4863281,
        "max": 638.112304688,
        "mean": 54.9447212219,
        "median": 11.5167121887,
        "min": 1.22964408228e-16,
        "stdev": 101.341445923,
        "var": 10270.0888672
    },
    "loudness_ebu128": {
        "integrated": -20.3864307404,
        "loudness_range": 5.15677261353,
        "momentary": {
            "dmean": 1.11228084564,
            "dmean2": 1.88269686699,
            "dvar": 0.781868219376,
            "dvar2": 1.47514569759,
            "max": -11.2416372299,
            "mean": -21.6499385834,
            "median": -22.4723033905,
            "min": -26.9455280304,
            "stdev": 2.84556913376,
            "var": 8.09726333618
        },
        "short_term": {
            "dmean": 0.145974099636,
            "dmean2": 0.182520076632,
            "dvar": 0.043112244457,
            "dvar2": 0.0356445237994,
            "max": -16.7742156982,
            "mean": -21.2173023224,
            "median": -21.4903526306,
            "min": -23.5750713348,
            "stdev": 1.95886337757,
            "var": 3.83714556694
        }
    },
    "melbands_crest": {
        "dmean": 3.43163919449,
        "dmean2": 5.13358402252,
        "dvar": 10.5043306351,
        "dvar2": 22.4616203308,
        "max": 38.6541252136,
        "mean": 26.9919700623,
        "median": 28.8374977112,
        "min": 2.39307117462,
        "stdev": 7.35082674026,
        "var": 54.0346565247
    },
    "melbands_flatness_db": {
        "dmean": 0.0422430150211,
        "dmean2": 0.0552682727575,
        "dvar": 0.00131817604415,
        "dvar2": 0.00282157887705,
        "max": 0.373460114002,
        "mean": 0.213523134589,
        "median": 0.21870867908,
        "min": 0.00702008185908,
        "stdev": 0.0706278830767,
        "var": 0.00498829735443
    },
    "melbands_kurtosis": {
        "dmean": 20.5778656006,
        "dmean2": 33.1910057068,
        "dvar": 759.987426758,
        "dvar2": 1994.73999023,
        "max": 296.862792969,
        "mean": 36.8065795898,
        "median": 27.7422370911,
        "min": -1.84834468365,
        "stdev": 36.043056488,
        "var": 1299.10205078
    },
    "melbands_skewness": {
        "dmean": 1.39111232758,
        "dmean2": 2.19146537781,
        "dvar": 1.86974322796,
        "dvar2": 4.89245223999,
        "max": 14.627538681,
        "mean": 4.77277088165,
        "median": 4.62941646576,
        "min": -1.02610337734,
        "stdev": 2.33344101906,
        "var": 5.4449467659
    },
    "melbands_spread": {
        "dmean": 16.494512558,
        "dmean2": 25.88189888,
        "dvar": 713.633178711,
        "dvar2": 1710.66552734,
        "max": 229.731307983,
        "mean": 26.7879867554,
        "median": 14.2030010223,
        "min": 1.46551573277,
        "stdev": 33.7116966248,
        "var": 1136.47851562
    },
    "pitch_salience": {
        "dmean": 0.0857601538301,
        "dmean2": 0.128982484341,
        "dvar": 0.0053849844262,
        "dvar2": 0.0125785712153,
        "max": 0.953863501549,
        "mean": 0.396346122026,
        "median": 0.38249784708,
        "min": 0.0772700160742,
        "stdev": 0.133464947343,
        "var": 0.017812890932
    },
    "silence_rate_20dB": {
        "dmean": 0.00464396271855,
        "dmean2": 0.00929511990398,
        "dvar": 0.0046223658137,
        "dvar2": 0.0107579734176,
        "max": 1,
        "mean": 0.99535959959,
        "median": 1,
        "min": 0,
        "stdev": 0.0679620280862,
        "var": 0.00461883703247
    },
    "silence_rate_30dB": {
        "dmean": 0.0681114569306,
        "dmean2": 0.136328428984,
        "dvar": 0.0634719356894,
        "dvar2": 0.12548853457,
        "max": 1,
        "mean": 0.901778817177,
        "median": 1,
        "min": 0,
        "stdev": 0.297615110874,
        "var": 0.0885747522116
    },
    "silence_rate_60dB": {
        "dmean": 0.022445820272,
        "dmean2": 0.0449264124036,
        "dvar": 0.0219417437911,
        "dvar2": 0.0475552119315,
        "max": 1,
        "mean": 0.0363495759666,
        "median": 0,
        "min": 0,
        "stdev": 0.187154918909,
        "var": 0.0350269638002
    },
    "spectral_centroid": {
        "dmean": 757.192260742,
        "dmean2": 1077.43725586,
        "dvar": 708265.8125,
        "dvar2": 1493863.875,
        "max": 10850.5292969,
        "mean": 1881.33105469,
        "median": 1583.41235352,
        "min": 311.58303833,
        "stdev": 1080.70983887,
        "var": 1167933.875
    },
    "spectral_complexity": {
        "dmean": 4.99148607254,
        "dmean2": 7.64136314392,
        "dvar": 42.5765571594,
        "dvar2": 89.1084671021,
        "max": 56,
        "mean": 12.6635732651,
        "median": 9,
        "min": 0,
        "stdev": 9.40521430969,
        "var": 88.4580612183
    },
    "spectral_decrease": {
        "dmean": 5.51786261127e-09,
        "dmean2": 8.05239697144e-09,
        "dvar": 1.40843910551e-16,
        "dvar2": 2.98718980223e-16,
        "max": 8.3210718064e-29,
        "mean": -9.84431469675e-09,
        "median": -5.02044583683e-09,
        "min": -1.39271293165e-07,
        "stdev": 1.50841437119e-08,
        "var": 2.2753136672e-16
    },
    "spectral_energy": {
        "dmean": 0.0240868795663,
        "dmean2": 0.0357618816197,
        "dvar": 0.00240601692349,
        "dvar2": 0.00506832357496,
        "max": 0.556206464767,
        "mean": 0.0421384014189,
        "median": 0.0206708665937,
        "min": 1.0839182492e-20,
        "stdev": 0.0628288462758,
        "var": 0.00394746428356
    },
    "spectral_energyband_high": {
        "dmean": 0.00514301145449,
        "dmean2": 0.00860391557217,
        "dvar": 9.30226960918e-05,
        "dvar2": 0.000243299000431,
        "max": 0.0653249770403,
        "mean": 0.00506306951866,
        "median": 0.000956197385676,
        "min": 7.96839805399e-21,
        "stdev": 0.00999119319022,
        "var": 9.98239484034e-05
    },
    "spectral_energyband_low": {
        "dmean": 0.0155063904822,
        "dmean2": 0.02345902659,
        "dvar": 0.00159995385911,
        "dvar2": 0.0036244506482,
        "max": 0.388295739889,
        "mean": 0.0241569001228,
        "median": 0.0136842913926,
        "min": 1.50949809013e-22,
        "stdev": 0.0423974245787,
        "var": 0.00179754151031
    },
    "spectral_energyband_middle_high": {
        "dmean": 0.00138984352816,
        "dmean2": 0.00201156386174,
        "dvar": 2.5170371373e-05,
        "dvar2": 3.42142448062e-05,
        "max": 0.183164209127,
        "mean": 0.00267760781571,
        "median": 0.000667479878757,
        "min": 1.39138362549e-21,
        "stdev": 0.00990550406277,
        "var": 9.81190169114e-05
    },
    "spectral_energyband_middle_low": {
        "dmean": 0.0033044195734,
        "dmean2": 0.00470069656149,
        "dvar": 9.73695860012e-05,
        "dvar2": 0.000170211773366,
        "max": 0.23112629354,
        "mean": 0.00788968428969,
        "median": 0.00192465796135,
        "min": 2.88469267426e-22,
        "stdev": 0.0241805315018,
        "var": 0.000584698107559
    },
    "spectral_entropy": {
        "dmean": 0.272295296192,
        "dmean2": 0.359682947397,
        "dvar": 0.0658345147967,
        "dvar2": 0.135063692927,
        "max": 9.80327796936,
        "mean": 8.26375293732,
        "median": 8.32469749451,
        "min": 6.73769283295,
        "stdev": 0.364135295153,
        "var": 0.132594510913
    },
    "spectral_flux": {
        "dmean": 0.0401344113052,
        "dmean2": 0.062282808125,
        "dvar": 0.00328242778778,
        "dvar2": 0.00699839694425,
        "max": 0.592102110386,
        "mean": 0.10107729584,
        "median": 0.0701418668032,
        "min": 1.04111393118e-10,
        "stdev": 0.0827054008842,
        "var": 0.00684018293396
    },
    "spectral_kurtosis": {
        "dmean": 1.25494277477,
        "dmean2": 1.79898393154,
        "dvar": 1.98835813999,
        "dvar2": 4.59510612488,
        "max": 9.62729930878,
        "mean": 1.56242096424,
        "median": 1.01290941238,
        "min": -1.18699133396,
        "stdev": 1.66411912441,
        "var": 2.76929235458
    },
    "spectral_rms": {
        "dmean": 0.00146889814641,
        "dmean2": 0.00208697910421,
        "dvar": 4.45742716693e-06,
        "dvar2": 8.25136976346e-06,
        "max": 0.0232946444303,
        "mean": 0.00552466697991,
        "median": 0.00449073500931,
        "min": 3.25189354611e-12,
        "stdev": 0.00325402547605,
        "var": 1.05886820165e-05
    },
    "spectral_rolloff": {
        "dmean": 1707.02575684,
        "dmean2": 2916.48925781,
        "dvar": 8444715,
        "dvar2": 18061462,
        "max": 18863.0859375,
        "mean": 2240.70727539,
        "median": 495.263671875,
        "min": 43.06640625,
        "stdev": 3557.00219727,
        "var": 12652264
    },
    "spectral_skewness": {
        "dmean": 0.347558110952,
        "dmean2": 0.463938683271,
        "dvar": 0.106814347208,
        "dvar2": 0.245295241475,
        "max": 2.47028851509,
        "mean": 1.17217898369,
        "median": 1.11036527157,
        "min": -0.0173698756844,
        "stdev": 0.438043147326,
        "var": 0.191881805658
    },
    "spectral_spread": {
        "dmean": 1366857.125,
        "dmean2": 1925366.25,
        "dvar": 2.34908286976e+12,
        "dvar2": 4.27889865523e+12,
        "max": 39204580,
        "mean": 8480569,
        "median": 8789092,
        "min": 3615991.5,
        "stdev": 2100637,
        "var": 4.41267624346e+12
    },
    "spectral_strongpeak": {
        "dmean": 0.285851359367,
        "dmean2": 0.487421274185,
        "dvar": 0.971496701241,
        "dvar2": 2.11897611618,
        "max": 16.9357948303,
        "mean": 0.462439835072,
        "median": 0.148635983467,
        "min": 0,
        "stdev": 1.47833395004,
        "var": 2.18547129631
    },
    "zerocrossingrate": {
        "dmean": 0.0321169644594,
        "dmean2": 0.0382561348379,
        "dvar": 0.00108543550596,
        "dvar2": 0.0015002732398,
        "max": 0.51513671875,
        "mean": 0.0775151178241,
        "median": 0.05419921875,
        "min": 0.00146484375,
        "stdev": 0.070864379406,
        "var": 0.00502176070586
    },
    "barkbands": {
        "dmean": [0.00989643577486, 0.00864529423416, 0.000688255007844, 0.000368900888134, 0.0010377796134, 0.000474332919111, 0.000822806032375, 0.0013243831927, 0.000853402598295, 0.00051611289382, 0.000141335825901, 0.000134973350214, 0.000337957491865, 0.000417396251578, 0.000202371418709, 8.61463486217e-05, 8.94975892152e-05, 7.19604213373e-05, 0.000133396606543, 0.000255538732745, 0.000386602419894, 0.000595707388129, 0.000936522032134, 0.00117291114293, 0.00103785248939, 0.00092596875038, 0.00015830990742],
        "dmean2": [0.0143939191476, 0.0140179339796, 0.00113743543625, 0.000591640709899, 0.0016943734372, 0.000759647402447, 0.0011630919762, 0.00174037308898, 0.00122797850054, 0.000777174311224, 0.000225965704885, 0.000219715759158, 0.000514533428941, 0.000629569636658, 0.000306380767142, 0.000142433505971, 0.00014899353846, 0.000115853305033, 0.000204300595215, 0.000427029008279, 0.000650810834486, 0.00099704391323, 0.00163145607803, 0.00202609575354, 0.00168856885284, 0.00156675616745, 0.000271270633675],
        "dvar": [0.000470618484542, 0.000501511094626, 1.80056565569e-06, 1.72005525201e-06, 1.65559813468e-05, 2.3422689992e-06, 1.32863833642e-05, 5.71423261135e-05, 2.26963165915e-05, 2.11409223994e-05, 1.17539862288e-07, 6.12636910091e-08, 6.76025956636e-06, 6.00734074396e-06, 9.74792556008e-07, 1.13801881696e-07, 1.34261071594e-07, 5.7759745431e-08, 2.03734558113e-07, 3.83014793215e-07, 6.05784407526e-07, 1.15723128147e-06, 3.85059820474e-06, 4.74297485198e-06, 4.06183562518e-06, 3.56286068381e-06, 1.16986583976e-07],
        "dvar2": [0.000897359510418, 0.00124505977146, 5.27579504705e-06, 4.32778961112e-06, 4.12262379541e-05, 4.86267390443e-06, 2.10653106478e-05, 8.592587983e-05, 4.40561489086e-05, 4.75791894132e-05, 2.50942008506e-07, 1.58381510573e-07, 1.54973731696e-05, 1.45766653077e-05, 1.98773159354e-06, 3.00166789202e-07, 3.54409166903e-07, 1.47162040776e-07, 4.92199319524e-07, 9.3147161806e-07, 1.62229878242e-06, 3.02845910483e-06, 1.03715310615e-05, 1.24357220557e-05, 9.34603758651e-06, 9.3436710813e-06, 3.17195286925e-07],
        "max": [0.198541328311, 0.197474762797, 0.028555938974, 0.030472766608, 0.0678472667933, 0.0363645106554, 0.0875364840031, 0.216940820217, 0.134800761938, 0.14742000401, 0.00578257441521, 0.00397515948862, 0.0815943330526, 0.0642616897821, 0.0271459631622, 0.00631118752062, 0.00774386990815, 0.00578342378139, 0.0121070090681, 0.0140381688252, 0.00563172856346, 0.00989011488855, 0.01376773417, 0.0171876698732, 0.0252961944789, 0.0130657758564, 0.00250208447687],
        "mean": [0.0128081282601, 0.0129466447979, 0.000937145901844, 0.000540971406735, 0.00126406806521, 0.000601031701081, 0.00128194061108, 0.00226862728596, 0.00160582584795, 0.000697448675055, 0.000173090797034, 0.00019053973665, 0.000352676637704, 0.000550928991288, 0.000277714716503, 0.000104649727291, 0.000111478744657, 8.96275305422e-05, 0.000158093345817, 0.00025165695115, 0.000370936351828, 0.000612217991147, 0.000821507826913, 0.00108947581612, 0.0011152124498, 0.000792808365077, 0.000123943304061],
        "median": [0.0053149680607, 0.00738791376352, 0.000578990671784, 0.000249904813245, 0.000210174519452, 0.000196637090994, 0.000216219865251, 0.00027991386014, 0.000256722501945, 5.84873341722e-05, 5.81133717787e-05, 0.000115556438686, 8.16756655695e-05, 8.07815958979e-05, 5.58921383345e-05, 3.9714104787e-05, 2.38528464251e-05, 2.40889476117e-05, 3.10240211547e-05, 5.18252563779e-05, 9.49310851865e-05, 0.000111567642307, 0.000121212717204, 0.000204938769457, 0.000171207691892, 0.000148362378241, 1.96229411813e-05],
        "min": [4.52851818866e-23, 3.92375469952e-23, 7.86917278168e-23, 1.40127792286e-23, 8.17232918766e-24, 5.04186910719e-23, 4.47099855353e-23, 6.98565992743e-23, 6.28093892636e-23, 9.88408761669e-23, 6.79211385097e-23, 1.23535958546e-22, 4.83234985957e-23, 8.85336069575e-23, 1.25724801433e-22, 7.75593085211e-23, 1.57113248686e-22, 1.89376978133e-22, 2.22253898629e-22, 3.13856982301e-22, 4.4618255527e-22, 3.50295944261e-22, 8.3530661194e-22, 7.81462677351e-22, 1.3618607901e-21, 1.60584059964e-21, 2.81626665215e-21],
        "stdev": [0.0257624201477, 0.021992418915, 0.0013672580244, 0.00137708289549, 0.00448975432664, 0.00197259755805, 0.00610149512067, 0.0143544543535, 0.00992256682366, 0.00549968611449, 0.000404174497817, 0.000274348363746, 0.00269418838434, 0.00310678523965, 0.00142846349627, 0.000336886820151, 0.000415323855123, 0.000263212277787, 0.000519215536769, 0.000718582479749, 0.000761524890549, 0.00130425568204, 0.00193291215692, 0.00225285231136, 0.00259703211486, 0.0016991320299, 0.000288264593109],
        "var": [0.000663702259772, 0.000483666488435, 1.86939450941e-06, 1.89635716197e-06, 2.0157893232e-05, 3.8911412048e-06, 3.72282447643e-05, 0.000206050346605, 9.84573343885e-05, 3.02465450659e-05, 1.63357015026e-07, 7.52670246129e-08, 7.25865129425e-06, 9.65211438597e-06, 2.04050797947e-06, 1.13492738762e-07, 1.72493898276e-07, 6.92807091696e-08, 2.6958477406e-07, 5.16360785241e-07, 5.79920197197e-07, 1.70108285147e-06, 3.73614921045e-06, 5.07534377903e-06, 6.74457623973e-06, 2.88704950435e-06, 8.30964808074e-08]
    },
    "erbbands": {
        "dmean": [0.61035233736, 0.647672951221, 0.748650729656, 1.01219558716, 2.1857984066, 4.11641740799, 2.98339104652, 4.1978302002, 6.24635219574, 22.5953464508, 26.7085609436, 18.1665077209, 22.1951217651, 7.7443728447, 5.07773447037, 5.17284154892, 9.68603897095, 22.3657550812, 12.0607786179, 6.71079158783, 4.45016527176, 5.15837717056, 3.92041397095, 4.15846300125, 9.15727233887, 10.7282295227, 13.3095645905, 18.5896034241, 22.1639289856, 25.0797481537, 25.590970993, 15.8537225723, 24.1034317017, 13.1309709549, 6.92160463333, 3.46879982948, 1.69076609612, 0.536186873913, 0.0164376683533, 0.000366606371244],
        "dmean2": [0.964675188065, 1.10779929161, 1.23208773136, 1.6518638134, 3.60504055023, 6.82429838181, 4.25067949295, 7.14626789093, 9.75059604645, 31.2950897217, 32.0182113647, 25.0370330811, 33.2949028015, 10.5501098633, 8.20478630066, 8.06745529175, 13.8804044724, 32.7942581177, 18.3092937469, 10.4017457962, 7.34906864166, 8.54962348938, 6.1854634285, 6.52230262756, 13.9451913834, 17.4030132294, 21.9351558685, 32.0704078674, 37.2608032227, 43.3568191528, 44.4453773499, 26.9664421082, 41.7117347717, 22.1751537323, 10.9901151657, 5.78964328766, 2.87194180489, 0.921465694904, 0.0280114840716, 0.000613518059254],
        "dvar": [2.74823260307, 1.92234945297, 1.70744812489, 11.5665912628, 74.0050582886, 254.729446411, 348.751251221, 99.5418624878, 609.865478516, 14440.8916016, 20777.0019531, 10940.0917969, 33656.9648438, 1614.48962402, 107.3438797, 96.2590484619, 2664.3059082, 14301.4892578, 3225.92016602, 771.029724121, 334.729675293, 431.243988037, 170.940872192, 87.3941116333, 1039.66540527, 606.356201172, 582.01550293, 1596.79455566, 1722.20837402, 2718.80786133, 2731.3671875, 899.070739746, 2046.4699707, 609.201843262, 226.187942505, 45.8171958923, 11.7204675674, 1.37238752842, 0.00118079967797, 5.55683868697e-07],
        "dvar2": [6.67025566101, 5.0238442421, 5.00579738617, 29.9593238831, 205.731384277, 637.308654785, 486.394256592, 253.697601318, 1267.48486328, 20331.6152344, 26223.9433594, 25767.2734375, 79983.96875, 1899.29284668, 244.99307251, 224.993118286, 3618.37060547, 24722.3378906, 7773.91650391, 1739.41601562, 833.288024902, 1085.21936035, 409.021148682, 187.850128174, 1771.3770752, 1457.12854004, 1498.6315918, 4371.09521484, 4556.31689453, 7456.46386719, 7380.95751953, 2364.24853516, 5310.82568359, 1593.84057617, 462.059448242, 114.187805176, 30.6258735657, 3.72006797791, 0.00316496589221, 1.46106651755e-06],
        "max": [14.032336235, 14.2883968353, 23.7227210999, 92.4803237915, 142.813034058, 253.387496948, 519.034301758, 180.535491943, 575.291625977, 3162.82177734, 5944.05615234, 2521.85961914, 5798.99169922, 1720.86767578, 144.700378418, 181.888366699, 1840.67236328, 3628.09301758, 1511.41931152, 748.643249512, 365.179351807, 429.408660889, 321.382507324, 190.322998047, 985.492370605, 425.74017334, 196.764511108, 268.423614502, 402.601623535, 365.778076172, 466.422790527, 300.639831543, 371.164733887, 250.518951416, 180.50970459, 57.7152748108, 23.2106800079, 6.85634565353, 0.221155464649, 0.00489355809987],
        "mean": [0.901571989059, 0.96665251255, 1.07590520382, 1.66432189941, 2.71137499809, 4.85627269745, 3.95980834961, 5.34561157227, 8.5713968277, 39.1259536743, 54.66746521, 31.95353508, 29.3677196503, 11.8398685455, 6.78149080276, 7.91535568237, 13.342042923, 31.0686759949, 18.3973331451, 9.83666229248, 5.76935338974, 6.65442752838, 5.1843290329, 4.98477745056, 11.2163925171, 10.9810552597, 13.3248062134, 17.0290908813, 22.5595092773, 21.3913059235, 23.1529979706, 16.4118232727, 22.403470993, 12.5816841125, 7.8341422081, 3.46913290024, 1.41296553612, 0.407516807318, 0.0130279343575, 0.000332398107275],
        "median": [0.497465759516, 0.593439400196, 0.721212744713, 1.03700518608, 0.504670441151, 0.875804245472, 0.544023156166, 2.14392614365, 2.09088778496, 5.64992570877, 5.87332725525, 5.12662124634, 5.25351524353, 2.2518055439, 3.25156831741, 4.59912967682, 3.85353803635, 4.28046131134, 3.35399317741, 2.96957039833, 1.92300820351, 1.45583665371, 1.27704203129, 1.28973817825, 1.81401455402, 2.34741473198, 3.46937084198, 3.91150856018, 3.90159988403, 3.97148990631, 3.31857180595, 3.45499277115, 3.33982944489, 2.22961091995, 1.02632057667, 0.546813249588, 0.26811799407, 0.071011967957, 0.0021899396088, 7.82689676271e-05],
        "min": [2.12032765457e-21, 6.77742760856e-21, 6.24830068867e-20, 9.5271884144e-20, 1.15390394904e-20, 3.69338405327e-20, 9.4428082371e-20, 5.30784376584e-19, 6.32441823638e-19, 9.95059813003e-19, 1.55243023976e-18, 1.5259800023e-18, 2.45668009717e-18, 3.04848398488e-18, 3.36310874831e-18, 5.13615508847e-18, 2.82555674184e-18, 2.94900186774e-18, 5.99687415255e-18, 6.3031228851e-18, 5.12869061063e-18, 8.23062163001e-18, 9.14466447869e-18, 1.2573393465e-17, 1.37172345325e-17, 1.35806546056e-17, 1.1854006894e-17, 1.97688754862e-17, 1.25090975432e-17, 1.78633574117e-17, 2.37842020854e-17, 1.38214137947e-17, 1.77157486857e-17, 1.58922108274e-17, 9.08618032784e-18, 6.02748231676e-18, 3.22983196045e-18, 1.38438126049e-18, 3.75428768156e-19, 4.07672184423e-20],
        "stdev": [1.65375852585, 1.34314823151, 1.36476624012, 3.36670303345, 9.50815105438, 17.1648406982, 23.6254558563, 11.7582378387, 32.3002700806, 203.766769409, 357.286865234, 177.623703003, 188.658691406, 71.277961731, 11.8391914368, 12.4998025894, 78.1551437378, 180.900360107, 78.0681381226, 37.7902603149, 19.3488636017, 24.3066940308, 15.7777481079, 12.069647789, 44.135093689, 27.8952102661, 25.5630111694, 37.0695762634, 49.7022972107, 45.6924247742, 54.4585151672, 36.2730751038, 47.4639396667, 27.0653839111, 19.9182624817, 7.38009119034, 3.05459451675, 0.980496823788, 0.0294771175832, 0.000664384744596],
        "var": [2.73491716385, 1.80404722691, 1.8625869751, 11.3346891403, 90.4049301147, 294.631744385, 558.16217041, 138.256164551, 1043.30737305, 41520.8984375, 127653.90625, 31550.1816406, 35592.1015625, 5080.54785156, 140.166442871, 156.245056152, 6108.2265625, 32724.9414062, 6094.63476562, 1428.1036377, 374.378540039, 590.815368652, 248.937332153, 145.67640686, 1947.90637207, 778.14276123, 653.467529297, 1374.15344238, 2470.31835938, 2087.79785156, 2965.72973633, 1315.73583984, 2252.82568359, 732.534973145, 396.737182617, 54.4657478333, 9.33054828644, 0.961374044418, 0.000868900446221, 4.41407109975e-07]
    },
    "gfcc": {
        "mean": [11.0311613083, 35.1823577881, -66.3859786987, 23.4613056183, -57.6310043335, 34.6878700256, -24.6712493896, 21.2652435303, -12.5148382187, 21.8353900909, -15.5487222672, 4.88804674149, -14.4890651703],
        "cov": [[5902.50927734, -1479.39160156, 91.3593902588, 182.875473022, -429.975769043, 19.405424118, -227.257736206, 9.85827922821, -195.307235718, 93.9481811523, -114.944259644, 5.06449127197, -2.84732842445], [-1479.39160156, 1608.44104004, -139.831832886, -139.060653687, 294.373901367, 8.09709644318, 33.5215530396, -43.9267044067, 133.271026611, -39.9528121948, 38.1949462891, -64.6466445923, -22.2023353577], [91.3593902588, -139.831832886, 446.436920166, 99.9110565186, 36.0802612305, 73.3031768799, 46.0888023376, 3.40048289299, -34.338394165, 12.2465991974, -1.79723060131, -6.17529964447, -10.9921274185], [182.875473022, -139.060653687, 99.9110565186, 152.606277466, -0.154168516397, 22.9646587372, 12.9668893814, 5.41695165634, -14.4956283569, -6.39127254486, -5.70129299164, -8.09055614471, -3.2689769268], [-429.975769043, 294.373901367, 36.0802612305, -0.154168516397, 255.234832764, 81.4470214844, 69.8967208862, -5.58908605576, 58.8358879089, 27.1419010162, 34.5017547607, 0.158893167973, -21.8676357269], [19.405424118, 8.09709644318, 73.3031768799, 22.9646587372, 81.4470214844, 127.558372498, 69.7038574219, 24.7367630005, 18.41040802, 20.2152252197, 7.33290433884, -9.80499649048, -10.4139003754], [-227.257736206, 33.5215530396, 46.0888023376, 12.9668893814, 69.8967208862, 69.7038574219, 121.3957901, 34.8121566772, 43.5579299927, 23.71459198, 19.9990844727, 2.46098566055, -4.17217493057], [9.85827922821, -43.9267044067, 3.40048289299, 5.41695165634, -5.58908605576, 24.7367630005, 34.8121566772, 71.7350921631, 24.5178604126, 10.435172081, -1.83515930176, -5.40009975433, 1.61247551441], [-195.307235718, 133.271026611, -34.338394165, -14.4956283569, 58.8358879089, 18.41040802, 43.5579299927, 24.5178604126, 91.7827224731, 49.3286476135, 27.079120636, -1.87077891827, -12.736664772], [93.9481811523, -39.9528121948, 12.2465991974, -6.39127254486, 27.1419010162, 20.2152252197, 23.71459198, 10.435172081, 49.3286476135, 80.234992981, 34.8723297119, 5.85817527771, -12.6751708984], [-114.944259644, 38.1949462891, -1.79723060131, -5.70129299164, 34.5017547607, 7.33290433884, 19.9990844727, -1.83515930176, 27.079120636, 34.8723297119, 53.7288589478, 24.6904697418, -3.05277967453], [5.06449127197, -64.6466445923, -6.17529964447, -8.09055614471, 0.158893167973, -9.80499649048, 2.46098566055, -5.40009975433, -1.87077891827, 5.85817527771, 24.6904697418, 49.5325889587, 18.1167945862], [-2.84732842445, -22.2023353577, -10.9921274185, -3.2689769268, -21.8676357269, -10.4139003754, -4.17217493057, 1.61247551441, -12.736664772, -12.6751708984, -3.05277967453, 18.1167945862, 42.573425293]],
        "icov": [[0.000296216428978, 7.95867817942e-05, 0.000109993925435, -0.000305982015561, 0.000287534639938, -0.000503398361616, 0.000567439594306, -9.32701732381e-05, 0.000540297536645, -0.00113194575533, 0.000925348256715, -0.000501624541357, 0.000254364509601], [7.95867817942e-05, 0.0015470769722, -9.77363088168e-05, 0.00118683616165, -0.00132305023726, 0.000235843559494, 0.000630096532404, 0.00107971671969, -0.00278093200177, 0.00322272721678, -0.00262574851513, 0.0036401685793, -0.00133281573653], [0.000109993925435, -9.77363088168e-05, 0.00319468532689, -0.00186611630488, -0.000109514709038, -0.00107066275086, -0.000858803105075, -3.27611232933e-05, 0.00304979505017, -0.0024543364998, 0.00116275530308, -0.000681633886416, 0.000792001083028], [-0.000305982015561, 0.00118683616165, -0.00186611630488, 0.00924471020699, -0.00108275061939, 0.000237047133851, -0.000424259022111, 0.000621722254436, -0.00256431195885, 0.00508906831965, -0.00402037985623, 0.00478208251297, -0.00131206389051], [0.000287534639938, -0.00132305023726, -0.000109514709038, -0.00108275061939, 0.00836167857051, -0.00466678664088, -0.000878859660588, 0.00225667981431, -0.0013865850633, -0.00144754094072, 0.000767316087149, -0.00401079561561, 0.00311561999843], [-0.000503398361616, 0.000235843559494, -0.00107066275086, 0.000237047133851, -0.00466678664088, 0.0159407649189, -0.00716026872396, -0.00265599251725, 0.00283559714444, -0.000939177698456, -0.000666447042022, 0.00425555836409, -0.000557813269552], [0.000567439594306, 0.000630096532404, -0.000858803105075, -0.000424259022111, -0.000878859660588, -0.00716026872396, 0.0173136629164, -0.00402527302504, -0.00561588024721, 0.00149956997484, -0.00207540998235, -0.00105003803037, -0.00117709615733], [-9.32701732381e-05, 0.00107971671969, -3.27611232933e-05, 0.000621722254436, 0.00225667981431, -0.00265599251725, -0.00402527302504, 0.0203479211777, -0.00842193607241, 0.00340088317171, 0.000414839363657, 0.00359631329775, -0.0030672790017], [0.000540297536645, -0.00278093200177, 0.00304979505017, -0.00256431195885, -0.0013865850633, 0.00283559714444, -0.00561588024721, -0.00842193607241, 0.0326388664544, -0.021322933957, 0.00475534424186, -0.00401976471767, 0.00439417362213], [-0.00113194575533, 0.00322272721678, -0.0024543364998, 0.00508906831965, -0.00144754094072, -0.000939177698456, 0.00149956997484, 0.00340088317171, -0.021322933957, 0.0380803234875, -0.0229820385575, 0.0115463631228, -0.00119619432371], [0.000925348256715, -0.00262574851513, 0.00116275530308, -0.00402037985623, 0.000767316087149, -0.000666447042022, -0.00207540998235, 0.000414839363657, 0.00475534424186, -0.0229820385575, 0.0486480742693, -0.0286465995014, 0.00895509775728], [-0.000501624541357, 0.0036401685793, -0.000681633886416, 0.00478208251297, -0.00401079561561, 0.00425555836409, -0.00105003803037, 0.00359631329775, -0.00401976471767, 0.0115463631228, -0.0286465995014, 0.0466517135501, -0.0188736338168], [0.000254364509601, -0.00133281573653, 0.000792001083028, -0.00131206389051, 0.00311561999843, -0.000557813269552, -0.00117709615733, -0.0030672790017, 0.00439417362213, -0.00119619432371, 0.00895509775728, -0.0188736338168, 0.0340113416314]]
    },
    "melbands": {
        "dmean": [0.00427266024053, 0.000427743187174, 0.00018878983974, 0.000247212679824, 0.000112883149995, 9.21442406252e-05, 0.000114469141408, 0.000264328700723, 0.000195835978957, 0.00011590878421, 0.000111297733383, 3.36180019076e-05, 1.85675125977e-05, 1.50556916196e-05, 1.4683982954e-05, 3.6364843254e-05, 4.20406722696e-05, 2.18305158342e-05, 1.48196722876e-05, 6.14484179096e-06, 5.00245505464e-06, 5.64009951631e-06, 4.3854283831e-06, 3.31748356075e-06, 3.24463235302e-06, 6.04217257205e-06, 7.39342112865e-06, 7.52574578655e-06, 8.99134647625e-06, 8.87978785613e-06, 1.15771581477e-05, 1.28627543745e-05, 1.20368831631e-05, 1.59500559676e-05, 1.65885248862e-05, 1.06769757622e-05, 1.01386604001e-05, 1.74537035491e-05, 1.66226109286e-05, 9.04040098249e-06],
        "dmean2": [0.00660329731181, 0.000713272602297, 0.000310526986141, 0.000405496306485, 0.000170689934748, 0.000155259811436, 0.000172694941284, 0.00034238238004, 0.00024695895263, 0.000166326848557, 0.000166612255271, 4.88049154228e-05, 3.00379451801e-05, 2.48466967605e-05, 2.2570393412e-05, 4.89151898364e-05, 6.18466510787e-05, 3.36183074978e-05, 2.19003923121e-05, 1.00708093669e-05, 8.3611212176e-06, 9.36816013564e-06, 7.03049636286e-06, 5.2910568229e-06, 5.21715492141e-06, 9.16441604204e-06, 1.1594444004e-05, 1.25902070067e-05, 1.50222103912e-05, 1.50544019561e-05, 2.02762694244e-05, 2.19988396566e-05, 1.99372188945e-05, 2.81626780634e-05, 2.94244109682e-05, 1.76111461769e-05, 1.73612734216e-05, 3.02105945593e-05, 2.83831886918e-05, 1.52920601977e-05],
        "dvar": [0.000127690756926, 6.04568867857e-07, 3.15068774626e-07, 1.03915647287e-06, 3.39878482691e-07, 5.45259766227e-08, 2.1774526715e-07, 2.03902436624e-06, 1.22108008327e-06, 4.54154786667e-07, 8.44757323648e-07, 4.66377940711e-08, 1.69910263637e-09, 7.549195713e-10, 1.76328052159e-09, 5.49868772737e-08, 4.95158971603e-08, 1.04226653974e-08, 6.53222897995e-09, 4.46726655667e-10, 4.63856147936e-10, 5.12269116015e-10, 2.91913715422e-10, 1.04619223007e-10, 5.13676531866e-11, 3.82152420819e-10, 8.76036299058e-10, 3.11061232328e-10, 2.75519024262e-10, 3.1840607928e-10, 6.40908159877e-10, 5.98893046266e-10, 5.0009452135e-10, 1.279731765e-09, 1.22413124082e-09, 4.88285856193e-10, 3.61833729645e-10, 1.16473142242e-09, 9.58586543476e-10, 2.96825841684e-10],
        "dvar2": [0.000297986087389, 1.7155094838e-06, 8.03342118161e-07, 2.74116541732e-06, 4.90050979352e-07, 1.31903746592e-07, 3.81574437824e-07, 2.86852741738e-06, 1.39516862419e-06, 1.05906121917e-06, 1.98403404283e-06, 5.94160063372e-08, 3.65318086892e-09, 1.94853444491e-09, 3.06058978161e-09, 8.53239470189e-08, 8.96355487612e-08, 2.45179432312e-08, 1.23398775642e-08, 1.10743447745e-09, 1.15765930175e-09, 1.2794952875e-09, 7.16593784311e-10, 2.46345888133e-10, 1.11448260343e-10, 8.33827173974e-10, 1.57268942313e-09, 8.05922995006e-10, 7.17163217701e-10, 8.33886681928e-10, 1.75996750507e-09, 1.58472068801e-09, 1.30040844759e-09, 3.54703999506e-09, 3.3560805246e-09, 1.144837114e-09, 9.78066405644e-10, 3.05809777501e-09, 2.495222029e-09, 7.81834319508e-10],
        "max": [0.0967894122005, 0.0135004995391, 0.0131535958499, 0.0178523492068, 0.015932565555, 0.00484792841598, 0.0111337127164, 0.0366418249905, 0.044308681041, 0.0167562365532, 0.0291597079486, 0.00819207075983, 0.000756866531447, 0.000356868229574, 0.00120630196761, 0.00871031731367, 0.00624655606225, 0.00213433685713, 0.00236764433794, 0.000348126050085, 0.000441108335508, 0.000354390533175, 0.000406561448472, 0.000230491437833, 0.000112111789349, 0.000498432724271, 0.000891989853699, 0.00017456462956, 0.00013059109915, 0.000190234160982, 0.000163238801179, 0.000214244952076, 0.000266930321231, 0.000253623351455, 0.000231904021348, 0.000333300995408, 0.000193501196918, 0.000312789867166, 0.000246975570917, 0.000184171964065],
        "mean": [0.00640407437459, 0.000692266621627, 0.000303427805193, 0.000290463212878, 0.000151188491145, 0.000116711169539, 0.000165624558576, 0.000439107971033, 0.00045021387632, 0.000188695150428, 0.000145589117892, 4.99568413943e-05, 2.34925228142e-05, 2.02774299396e-05, 2.01310558623e-05, 4.3019244913e-05, 5.83202527196e-05, 2.99461480608e-05, 2.05319956876e-05, 8.16335796117e-06, 6.06703133599e-06, 6.96379629517e-06, 5.56775876248e-06, 4.0668355723e-06, 3.6149101561e-06, 7.17812235962e-06, 8.70199983183e-06, 6.95210337653e-06, 8.29384498502e-06, 8.9033283075e-06, 1.00457909866e-05, 1.27740640892e-05, 1.23002728287e-05, 1.22827877931e-05, 1.37595789056e-05, 1.11021336124e-05, 9.88730971585e-06, 1.63117110787e-05, 1.49540283019e-05, 8.67692961037e-06],
        "median": [0.00363177829422, 0.000531590776518, 0.000164557830431, 4.82877003378e-05, 2.52392419497e-05, 4.451629502e-05, 3.69326589862e-05, 6.60775476717e-05, 4.0289327444e-05, 3.46815504599e-05, 2.56020794041e-05, 8.06766001915e-06, 9.43624218053e-06, 1.22301644296e-05, 1.02695476016e-05, 8.09002358437e-06, 7.56182998884e-06, 5.42516318092e-06, 4.39188170276e-06, 3.05675803247e-06, 1.94767449102e-06, 1.45336730384e-06, 1.1928306094e-06, 1.15385421395e-06, 1.02499666355e-06, 1.26946429191e-06, 1.27349164813e-06, 1.54725194079e-06, 2.07556263376e-06, 2.25581106861e-06, 2.12778604691e-06, 2.19154935621e-06, 2.10476878237e-06, 2.13785915548e-06, 1.79757989827e-06, 1.81471932592e-06, 2.06582012652e-06, 2.26732345254e-06, 2.30501427723e-06, 1.62673097748e-06],
        "min": [1.64097409777e-23, 2.42720998945e-23, 1.3456334101e-23, 1.29977396745e-24, 2.89087012568e-24, 1.11879487908e-23, 1.02612533751e-23, 1.19676273551e-23, 1.09010164138e-23, 1.04920890643e-23, 1.17760761501e-23, 1.20908000968e-23, 1.0946256009e-23, 1.17977004052e-23, 1.15234734219e-23, 4.42964133728e-24, 5.73751868117e-24, 1.00846258407e-23, 1.01395873577e-23, 6.20485368648e-24, 5.84753519516e-24, 9.06830478204e-24, 6.63204987122e-24, 1.05136691432e-23, 1.00013457949e-23, 8.58701601059e-24, 1.34535162898e-23, 7.48102513287e-24, 5.54582074803e-24, 1.20054682239e-23, 1.12548654948e-23, 6.66234922973e-24, 7.27313346307e-24, 1.09036725084e-23, 1.52250785796e-23, 1.07969593495e-23, 7.24305971878e-24, 1.20822756659e-23, 1.45267205306e-23, 1.27330772352e-23],
        "stdev": [0.0116574158892, 0.0007798296283, 0.00063506315928, 0.00107766618021, 0.000753421860281, 0.000287302798824, 0.000683406949975, 0.00237823138013, 0.00309772184119, 0.00100935332011, 0.000962332938798, 0.000346978369635, 4.75750057376e-05, 2.92295226245e-05, 5.28324453626e-05, 0.000318950682413, 0.000345478241798, 0.000130217289552, 0.00011191732483, 2.47810876317e-05, 2.18847671931e-05, 2.6234312827e-05, 2.03669587791e-05, 1.16082064778e-05, 8.63044078869e-06, 2.4931076041e-05, 4.06033977924e-05, 1.66553400049e-05, 1.65405072039e-05, 1.86274155567e-05, 2.27874297707e-05, 2.81189986708e-05, 2.77687104244e-05, 2.91284595733e-05, 3.20542058034e-05, 3.07564769173e-05, 2.11239421333e-05, 3.69774024875e-05, 3.13451891998e-05, 1.86991401279e-05],
        "var": [0.000135895345011, 6.08134257618e-07, 4.03305250529e-07, 1.16136436645e-06, 5.6764446299e-07, 8.25428898565e-08, 4.67045083496e-07, 5.65598429603e-06, 9.59588123806e-06, 1.01879413705e-06, 9.26084680941e-07, 1.20393991665e-07, 2.26338103815e-09, 8.54365023173e-10, 2.79126721736e-09, 1.01729533242e-07, 1.19355220818e-07, 1.69565428365e-08, 1.25254882022e-08, 6.14102324548e-10, 4.78942996374e-10, 6.88239187863e-10, 4.14813017269e-10, 1.3475046079e-10, 7.44845088385e-11, 6.21558582381e-10, 1.64863589447e-09, 2.77400324933e-10, 2.73588374178e-10, 3.46980638666e-10, 5.19266962762e-10, 7.90678078566e-10, 7.71101238417e-10, 8.48467129888e-10, 1.02747221842e-09, 9.45960865195e-10, 4.46220893568e-10, 1.36732836165e-09, 9.82520842463e-10, 3.49657830467e-10]
    },
    "melbands128": {
