{
"lowlevel": {
    "average_loudness": 0.955401003361,
    "barkbands_crest": {
        "dmean": 3.2206735611,
        "dmean2": 5.26135540009,
        "dvar": 7.49854183197,
        "dvar2": 18.3350772858,
        "max": 24.6315021515,
        "mean": 10.8289604187,
        "median": 9.84647369385,
        "min": 2.48979496956,
        "stdev": 4.67231082916,
        "var": 21.830488205
    },
    "barkbands_flatness_db": {
        "dmean": 0.0267823338509,
        "dmean2": 0.0411642231047,
        "dvar": 0.000586730544455,
        "dvar2": 0.00129061716143,
        "max": 0.327538579702,
        "mean": 0.131213396788,
        "median": 0.127707242966,
        "min": 0.028052251786,
        "stdev": 0.0485791526735,
        "var": 0.00235993391834
    },
    "barkbands_kurtosis": {
        "dmean": 3.93841409683,
        "dmean2": 6.2284822464,
        "dvar": 42.9956321716,
        "dvar2": 99.2921218872,
        "max": 93.9071502686,
        "mean": 4.77724409103,
        "median": 2.10363817215,
        "min": -1.85811340809,
        "stdev": 8.76206111908,
        "var": 76.7737121582
    },
    "barkbands_skewness": {
        "dmean": 0.770751237869,
        "dmean2": 1.13774013519,
        "dvar": 0.69126355648,
        "dvar2": 1.33040940762,
        "max": 8.60942173004,
        "mean": 1.48955130577,
        "median": 1.42437660694,
        "min": -5.8049659729,
        "stdev": 1.52157866955,
        "var": 2.31520152092
    },
    "barkbands_spread": {
        "dmean": 8.36369800568,
        "dmean2": 13.0862808228,
        "dvar": 122.209739685,
        "dvar2": 284.278594971,
        "max": 109.246940613,
        "mean": 24.3582782745,
        "median": 20.574836731,
        "min": 1.60435724258,
        "stdev": 16.1525783539,
        "var": 260.905761719
    },
    "dissonance": {
        "dmean": 0.0206928923726,
        "dmean2": 0.0332346558571,
        "dvar": 0.0006558332243,
        "dvar2": 0.00160603353288,
        "max": 0.499858558178,
        "mean": 0.459867626429,
        "median": 0.472296893597,
        "min": 0.239012271166,
        "stdev": 0.0389321260154,
        "var": 0.00151571037713
    },
    "dynamic_complexity": 2.78679537773,
    "erbbands_crest": {
        "dmean": 2.73668932915,
        "dmean2": 4.44473171234,
        "dvar": 6.26598072052,
        "dvar2": 15.4488954544,
        "max": 25.8338012695,
        "mean": 8.81158065796,
        "median": 8.03740406036,
        "min": 2.69108009338,
        "stdev": 4.18395376205,
        "var": 17.5054702759
    },
    "erbbands_flatness_db": {
        "dmean": 0.0215743165463,
        "dmean2": 0.0314998067915,
        "dvar": 0.000477991154185,
        "dvar2": 0.000964025966823,
        "max": 0.322585552931,
        "mean": 0.146650493145,
        "median": 0.140521332622,
        "min": 0.0608837194741,
        "stdev": 0.0479533970356,
        "var": 0.00229952833615
    },
    "erbbands_kurtosis": {
        "dmean": 1.20133197308,
        "dmean2": 1.86393237114,
        "dvar": 6.58986568451,
        "dvar2": 15.1992473602,
        "max": 49.8587493896,
        "mean": 0.675801813602,
        "median": -0.167306423187,
        "min": -1.64509451389,
        "stdev": 3.10548996925,
        "var": 9.64406776428
    },
    "erbbands_skewness": {
        "dmean": 0.448212295771,
        "dmean2": 0.65944236517,
        "dvar": 0.259876579046,
        "dvar2": 0.534415006638,
        "max": 3.14332199097,
        "mean": 0.0341867804527,
        "median": 0.0775630623102,
        "min": -5.26001262665,
        "stdev": 0.910869121552,
        "var": 0.829682528973
    },
    "erbbands_spread": {
        "dmean": 10.1464347839,
        "dmean2": 16.0544128418,
        "dvar": 146.065246582,
        "dvar2": 354.636108398,
        "max": 141.493286133,
        "mean": 39.4692344666,
        "median": 37.4801712036,
        "min": 3.7392911911,
        "stdev": 18.0132923126,
        "var": 324.478668213
    },
    "hfc": {
        "dmean": 8.39291858673,
        "dmean2": 11.1099910736,
        "dvar": 100.216423035,
        "dvar2": 167.418533325,
        "max": 95.2590103149,
        "mean": 22.3642864227,
        "median": 16.6444129944,
        "min": 1.1279164841e-16,
        "stdev": 19.2351913452,
        "var": 369.992614746
    },
    "loudness_ebu128": {
        "integrated": -7.57016038895,
        "loudness_range": 4.06033563614,
        "momentary": {
            "dmean": 0.689822554588,
            "dmean2": 0.991211056709,
            "dvar": 0.392626404762,
            "dvar2": 0.734711647034,
            "max": -4.30881881714,
            "mean": -8.09131336212,
            "median": -7.48759889603,
            "min": -14.4141588211,
            "stdev": 2.25943684578,
            "var": 5.10505485535
        },
        "short_term": {
            "dmean": 0.10462000221,
            "dmean2": 0.1300932616,
            "dvar": 0.0084146540612,
            "dvar2": 0.0106829870492,
            "max": -5.04949569702,
            "mean": -7.89804649353,
            "median": -7.99432659149,
            "min": -10.5087003708,
            "stdev": 1.35517406464,
            "var": 1.83649682999
        }
    },
    "melbands_crest": {
        "dmean": 3.99208426476,
        "dmean2": 6.07444190979,
        "dvar": 11.3142404556,
        "dvar2": 25.1510047913,
        "max": 34.2022628784,
        "mean": 15.87129879,
        "median": 14.774066925,
        "min": 3.17567276955,
        "stdev": 6.7127404213,
        "var": 45.0608825684
    },
    "melbands_flatness_db": {
        "dmean": 0.033004168421,
        "dmean2": 0.0490055195987,
        "dvar": 0.00097960664425,
        "dvar2": 0.00194359431043,
        "max": 0.408601254225,
        "mean": 0.192116007209,
        "median": 0.18932504952,
        "min": 0.00850598886609,
        "stdev": 0.0633936822414,
        "var": 0.00401875888929
    },
    "melbands_kurtosis": {
        "dmean": 9.47310256958,
        "dmean2": 15.0170860291,
        "dvar": 226.226882935,
        "dvar2": 528.593505859,
        "max": 186.159332275,
        "mean": 14.6244468689,
        "median": 7.67941188812,
        "min": -1.870008111,
        "stdev": 20.8685493469,
        "var": 435.496368408
    },
    "melbands_skewness": {
        "dmean": 1.00405859947,
        "dmean2": 1.51506102085,
        "dvar": 1.07511997223,
        "dvar2": 2.31444883347,
        "max": 11.0510864258,
        "mean": 2.74815607071,
        "median": 2.41754770279,
        "min": -2.98415136337,
        "stdev": 1.92998623848,
        "var": 3.7248468399
    },
    "melbands_spread": {
        "dmean": 13.1387672424,
        "dmean2": 20.1945304871,
        "dvar": 604.201599121,
        "dvar2": 1238.48059082,
        "max": 265.552154541,
        "mean": 29.2925605774,
        "median": 19.4287128448,
        "min": 1.15217208862,
        "stdev": 32.4682197571,
        "var": 1054.18518066
    },
    "pitch_salience": {
        "dmean": 0.0889887958765,
        "dmean2": 0.143245309591,
        "dvar": 0.00609336048365,
        "dvar2": 0.0147939221933,
        "max": 0.861203968525,
        "mean": 0.532628953457,
        "median": 0.541904687881,
        "min": 0.125162050128,
        "stdev": 0.135925769806,
        "var": 0.0184758156538
    },
    "silence_rate_20dB": {
        "dmean": 0,
        "dmean2": 0,
        "dvar": 0,
        "dvar2": 0,
        "max": 1,
        "mean": 1,
        "median": 1,
        "min": 1,
        "stdev": 0,
        "var": 0
    },
    "silence_rate_30dB": {
        "dmean": 0.0294117648154,
        "dmean2": 0.0588690936565,
        "dvar": 0.0285472068936,
        "dvar2": 0.0848367065191,
        "max": 1,
        "mean": 0.98530548811,
        "median": 1,
        "min": 0,
        "stdev": 0.120326109231,
        "var": 0.0144783733413
    },
    "silence_rate_60dB": {
        "dmean": 0.0379256978631,
        "dmean2": 0.075135551393,
        "dvar": 0.0364871881902,
        "dvar2": 0.0772364065051,
        "max": 1,
        "mean": 0.0595514290035,
        "median": 0,
        "min": 0,
        "stdev": 0.236655294895,
        "var": 0.0560057274997
    },
    "spectral_centroid": {
        "dmean": 404.248077393,
        "dmean2": 597.026794434,
        "dvar": 343845.09375,
        "dvar2": 535933.25,
        "max": 10830.9091797,
        "mean": 1618.2479248,
        "median": 1402.85998535,
        "min": 255.562072754,
        "stdev": 923.228515625,
        "var": 852350.9375
    },
    "spectral_complexity": {
        "dmean": 4.47523212433,
        "dmean2": 6.04570102692,
        "dvar": 21.5636882782,
        "dvar2": 32.7594146729,
        "max": 55,
        "mean": 18.6829071045,
        "median": 17,
        "min": 0,
        "stdev": 10.8121862411,
        "var": 116.903373718
    },
    "spectral_decrease": {
        "dmean": 3.06034686481e-09,
        "dmean2": 4.49518333667e-09,
        "dvar": 1.7254223263e-17,
        "dvar2": 3.48924469273e-17,
        "max": -3.1632713224e-29,
        "mean": -7.92796583937e-09,
        "median": -5.430621286e-09,
        "min": -3.5221226824e-08,
        "stdev": 7.36320737715e-09,
        "var": 5.42168220221e-17
    },
    "spectral_energy": {
        "dmean": 0.0120005626231,
        "dmean2": 0.017549071461,
        "dvar": 0.000257361505646,
        "dvar2": 0.000513033533935,
        "max": 0.138434961438,
        "mean": 0.0319504477084,
        "median": 0.0226207058877,
        "min": 1.03499229312e-20,
        "stdev": 0.0286762602627,
        "var": 0.000822327914648
    },
    "spectral_energyband_high": {
        "dmean": 0.000599305261858,
        "dmean2": 0.000814090308268,
        "dvar": 1.0804772046e-06,
        "dvar2": 1.67564894582e-06,
        "max": 0.0128870848566,
        "mean": 0.00109861441888,
        "median": 0.000483836687636,
        "min": 7.42747928673e-21,
        "stdev": 0.00166917627212,
        "var": 2.78614925264e-06
    },
    "spectral_energyband_low": {
        "dmean": 0.0082497857511,
        "dmean2": 0.0128263495862,
        "dvar": 0.000219087552978,
        "dvar2": 0.000484244141262,
        "max": 0.118802838027,
        "mean": 0.0158901605755,
        "median": 0.00544468872249,
        "min": 6.28037915066e-23,
        "stdev": 0.0231719259173,
        "var": 0.000536938139703
    },
    "spectral_energyband_middle_high": {
        "dmean": 0.00203819386661,
        "dmean2": 0.00282649300061,
        "dvar": 5.92437072555e-06,
        "dvar2": 1.05995641206e-05,
        "max": 0.0303799472749,
        "mean": 0.00527335610241,
        "median": 0.00344007974491,
        "min": 1.65825973783e-21,
        "stdev": 0.00530380755663,
        "var": 2.81303728116e-05
    },
    "spectral_energyband_middle_low": {
        "dmean": 0.00537510029972,
        "dmean2": 0.00839076843113,
        "dvar": 5.5973760027e-05,
        "dvar2": 0.000134546280606,
        "max": 0.069061525166,
        "mean": 0.0106613393873,
        "median": 0.00819173175842,
        "min": 3.36392605284e-22,
        "stdev": 0.00978497136384,
        "var": 9.57456650212e-05
    },
    "spectral_entropy": {
        "dmean": 0.188381150365,
        "dmean2": 0.268127381802,
        "dvar": 0.043682847172,
        "dvar2": 0.081405505538,
        "max": 9.79013824463,
        "mean": 7.68191576004,
        "median": 7.68319034576,
        "min": 5.88957929611,
        "stdev": 0.396357476711,
        "var": 0.157099246979
    },
    "spectral_flux": {
        "dmean": 0.0314257591963,
        "dmean2": 0.04805406183,
        "dvar": 0.00109601800796,
        "dvar2": 0.00203144783154,
        "max": 0.32191708684,
        "mean": 0.095236107707,
        "median": 0.0836238563061,
        "min": 1.01734572155e-10,
        "stdev": 0.0537065602839,
        "var": 0.00288439448923
    },
    "spectral_kurtosis": {
        "dmean": 1.24415111542,
        "dmean2": 2.04063200951,
        "dvar": 1.69889295101,
        "dvar2": 4.03404664993,
        "max": 17.5590496063,
        "mean": 3.87445926666,
        "median": 3.68779611588,
        "min": -1.2614004612,
        "stdev": 2.03250002861,
        "var": 4.13105678558
    },
    "spectral_rms": {
        "dmean": 0.00102482724469,
        "dmean2": 0.00146095070522,
        "dvar": 1.16449268717e-06,
        "dvar2": 2.03621721084e-06,
        "max": 0.0116214668378,
        "mean": 0.00503564532846,
        "median": 0.00469776336104,
        "min": 3.17765410339e-12,
        "stdev": 0.00241110753268,
        "var": 5.81343920203e-06
    },
    "spectral_rolloff": {
        "dmean": 781.23059082,
        "dmean2": 1294.11096191,
        "dvar": 2372597.5,
        "dvar2": 4679268.5,
        "max": 18561.6210938,
        "mean": 1830.80700684,
        "median": 1248.92578125,
        "min": 64.599609375,
        "stdev": 2086.04418945,
        "var": 4351580.5
    },
    "spectral_skewness": {
        "dmean": 0.222409650683,
        "dmean2": 0.34376719594,
        "dvar": 0.0530902445316,
        "dvar2": 0.106888145208,
        "max": 3.33012676239,
        "mean": 1.43667685986,
        "median": 1.4695391655,
        "min": -0.109055519104,
        "stdev": 0.408032119274,
        "var": 0.166490212083
    },
    "spectral_spread": {
        "dmean": 726813.25,
        "dmean2": 1038452.875,
        "dvar": 1.61689409946e+12,
        "dvar2": 2.27728896819e+12,
        "max": 40495976,
        "mean": 4864923,
        "median": 4549555.5,
        "min": 2062854.625,
        "stdev": 1808440.625,
        "var": 3.27045768806e+12
    },
    "spectral_strongpeak": {
        "dmean": 0.601903617382,
        "dmean2": 0.996782779694,
        "dvar": 1.05720710754,
        "dvar2": 2.55083465576,
        "max": 13.3412237167,
        "mean": 0.933024168015,
        "median": 0.446680963039,
        "min": 3.17824677687e-09,
        "stdev": 1.29273867607,
        "var": 1.67117321491
    },
    "zerocrossingrate": {
        "dmean": 0.0179564300925,
        "dmean2": 0.0199302714318,
        "dvar": 0.000787585158832,
        "dvar2": 0.00082014396321,
        "max": 0.50439453125,
        "mean": 0.0696516409516,
        "median": 0.05517578125,
        "min": 0.0029296875,
        "stdev": 0.0551467649639,
        "var": 0.00304116588086
    },
    "barkbands": {
        "dmean": [0.000448629492894, 0.007162429858, 0.00221573538147, 0.00157151964959, 0.00216421438381, 0.000738435133826, 0.00113919412252, 0.000982175231911, 0.000982103520073, 0.00045348648564, 0.000272339646472, 0.000346520129824, 0.000368382665329, 0.000418636831455, 0.000396591000026, 0.000466717290692, 0.000282202236122, 0.000172714833752, 0.000192550069187, 0.000240157052758, 0.000180844654096, 0.000149714775034, 6.19216734776e-05, 9.83223144431e-05, 7.33672568458e-05, 4.73344916827e-05, 5.28339387529e-06],
        "dmean2": [0.000419985328335, 0.0113545488566, 0.00398326851428, 0.0027121831663, 0.00364674488083, 0.0011949405307, 0.0017455809284, 0.0014551973436, 0.00138711184263, 0.000660257937852, 0.000412027788116, 0.000519404304214, 0.000577239319682, 0.000660326797515, 0.000631336995866, 0.000706784776412, 0.000435949012171, 0.000267133873422, 0.000303086650092, 0.000355757307261, 0.000256267434452, 0.00021176408336, 8.91019226401e-05, 0.000136426533572, 0.000103733080323, 6.98730655131e-05, 8.58913426782e-06],
        "dvar": [7.57735733714e-07, 0.000190165621461, 3.77612632292e-05, 7.83017276262e-06, 1.98798661586e-05, 1.97222675524e-06, 4.26264432463e-06, 2.61949980995e-06, 4.16008697357e-06, 1.08452695713e-06, 2.09346310953e-07, 3.99836721954e-07, 5.15079989327e-07, 7.43530733871e-07, 7.93826188783e-07, 1.39301232593e-06, 2.47419563948e-07, 7.65729168961e-08, 1.83686282185e-07, 1.98161401954e-07, 2.09070492474e-07, 9.19987570569e-08, 1.34953559439e-08, 1.03917365379e-07, 3.34998020435e-08, 7.19473858268e-09, 1.26435389936e-10],
        "dvar2": [8.0795427948e-07, 0.000452079722891, 0.000109442968096, 2.15852978727e-05, 5.20324538229e-05, 4.94865935252e-06, 9.08493439056e-06, 4.97258861287e-06, 7.98220116849e-06, 1.92141555999e-06, 4.41565020992e-07, 7.88275713148e-07, 1.26317797822e-06, 1.7385400497e-06, 2.04022308026e-06, 2.83789722744e-06, 5.94930668285e-07, 1.71436113305e-07, 4.17686493392e-07, 4.20498736275e-07, 3.62036701063e-07, 1.65877537484e-07, 2.70616027365e-08, 1.83312067747e-07, 6.03773813168e-08, 1.54113575235e-08, 3.09867936865e-10],
        "max": [0.00880633015186, 0.117103926837, 0.0650743544102, 0.0258411057293, 0.0449714288116, 0.0205953381956, 0.0199871398509, 0.0201490372419, 0.0293078217655, 0.0184331387281, 0.00516268378124, 0.0109303733334, 0.0099170235917, 0.0163423344493, 0.0102566620335, 0.0241395607591, 0.00946570560336, 0.00333685288206, 0.0115205533803, 0.00693813199177, 0.00772842532024, 0.00331604573876, 0.00200646999292, 0.005016785115, 0.00409273663536, 0.000989171094261, 9.22117178561e-05],
        "mean": [0.000891170464456, 0.0116656823084, 0.0025847023353, 0.00175530358683, 0.00262083252892, 0.00114254897926, 0.00154991727322, 0.00161012588069, 0.00156694476027, 0.000755970249884, 0.000432513974374, 0.000497479573824, 0.000516750907991, 0.000605361303315, 0.000552437675651, 0.0007082480588, 0.000483871786855, 0.000279471016256, 0.000327110145008, 0.000458879367216, 0.00029153181822, 0.000252710684435, 0.000100925368315, 0.000136286602356, 0.000102233614598, 5.66711460124e-05, 4.82477889818e-06],
        "median": [4.94042205901e-06, 0.0022035073489, 0.00100843771361, 0.000781699665822, 0.00132077513263, 0.000522900139913, 0.000417737901444, 0.000627326895483, 0.000384860963095, 0.00021722704696, 0.000188509962754, 0.000204104318982, 0.000174413507921, 0.000150075546117, 0.000156025780598, 0.000175168941496, 0.000217915337998, 0.000133982670377, 0.000114330177894, 0.000161507618031, 9.94582806015e-05, 7.86128075561e-05, 3.86251667805e-05, 3.72033027816e-05, 3.25483561028e-05, 1.32045479404e-05, 5.2047846566e-07],
        "min": [5.01660670445e-24, 4.0279076893e-23, 2.10039059621e-23, 1.96428160059e-24, 4.3610338677e-23, 1.60034545768e-22, 2.09096623275e-23, 2.62120650548e-23, 7.3095056306e-23, 2.97165543827e-23, 1.003700357e-22, 4.12669200729e-23, 8.35526508495e-23, 5.50871036447e-23, 1.71064310592e-22, 1.86127401318e-22, 1.55793541189e-22, 2.44615113931e-22, 2.95063134852e-22, 4.78819788269e-22, 3.36167735749e-22, 4.92760740134e-22, 5.73522072935e-22, 8.63225977097e-22, 1.11504885632e-21, 1.8117321347e-21, 2.25044421506e-21],
        "stdev": [0.00180346646812, 0.0196284446865, 0.00508962012827, 0.00280153076164, 0.00432217307389, 0.00182300130837, 0.00286300852895, 0.00261893309653, 0.00327884103172, 0.00176356697921, 0.000656387011986, 0.000906366098206, 0.000879891798832, 0.00128983624745, 0.0011327075772, 0.00163468066603, 0.000765049131587, 0.000387557200156, 0.000698394956999, 0.000851785822306, 0.000652539543808, 0.000455018715002, 0.000170130195329, 0.000421805510996, 0.000248075841228, 0.000104808321339, 1.11103881864e-05],
        "var": [3.25249129673e-06, 0.000385275838198, 2.59042335529e-05, 7.84857456892e-06, 1.86811812455e-05, 3.32333388542e-06, 8.19681736175e-06, 6.85881059326e-06, 1.07507985376e-05, 3.11016856358e-06, 4.30843925869e-07, 8.21499554604e-07, 7.74209581778e-07, 1.66367760812e-06, 1.28302644953e-06, 2.67218092631e-06, 5.85300142575e-07, 1.50200577309e-07, 4.87755528411e-07, 7.25539052837e-07, 4.25807854754e-07, 2.07042035072e-07, 2.89442851908e-08, 1.77919886823e-07, 6.15416198002e-08, 1.09847837493e-08, 1.2344072986e-10]
    },
    "erbbands": {
        "dmean": [0.243146955967, 1.57765245438, 2.58323454857, 3.77505612373, 7.94753074646, 6.36643981934, 3.6567234993, 7.58103942871, 16.0268917084, 16.2974910736, 20.231584549, 21.2614746094, 16.3118801117, 8.14059925079, 11.5957832336, 13.9117889404, 16.1976776123, 20.3948516846, 18.2616405487, 20.7913246155, 19.7281112671, 14.798614502, 10.4965457916, 6.85298061371, 11.9354581833, 10.7162647247, 6.54479265213, 7.91404819489, 5.98169231415, 2.58690333366, 1.77537488937, 2.03305196762, 1.68426442146, 0.95423489809, 0.457342326641, 0.2223431319, 0.0781336948276, 0.0180146265775, 0.00056707020849, 2.40706249315e-05],
        "dmean2": [0.345356166363, 2.60767292976, 4.43262529373, 6.53414726257, 13.1233825684, 10.956703186, 6.10878896713, 11.984826088, 24.826839447, 24.7381515503, 28.7849254608, 30.3688697815, 22.7087860107, 12.3839216232, 17.6201839447, 20.5201320648, 24.9353561401, 30.8585128784, 29.0937461853, 31.3292865753, 28.9910736084, 22.5468597412, 16.2533321381, 10.7688188553, 17.966960907, 15.6938915253, 9.40401363373, 11.2105045319, 8.5490322113, 3.87382078171, 2.50716948509, 2.88335251808, 2.32082080841, 1.35624265671, 0.662761211395, 0.328143924475, 0.114410445094, 0.0283092930913, 0.000904144952074, 3.50430673279e-05],
        "dvar": [0.199067443609, 11.5654058456, 45.4508209229, 60.829788208, 201.094497681, 225.153060913, 46.3527107239, 209.75289917, 961.127197266, 825.902099609, 1193.06555176, 2324.07763672, 1251.13476562, 294.18637085, 435.064910889, 742.582641602, 1005.35949707, 1793.37145996, 1174.27233887, 2361.48632812, 2063.17211914, 597.334655762, 272.979003906, 191.824829102, 706.274108887, 441.396392822, 206.202789307, 442.491485596, 148.850692749, 23.5879898071, 11.0952005386, 49.0056114197, 32.4698829651, 9.49605464935, 0.762773811817, 0.151417389512, 0.0199417229742, 0.00140276376624, 1.44012017245e-06, 1.18100651481e-09],
        "dvar2": [0.407641381025, 27.2676773071, 125.213546753, 172.950500488, 533.436645508, 609.804321289, 124.221389771, 522.750671387, 2081.24487305, 1695.3704834, 2042.96826172, 4645.953125, 2224.68017578, 672.187927246, 990.734680176, 1350.6583252, 2447.37866211, 4019.30761719, 3124.67114258, 5401.45214844, 4008.41552734, 1354.35986328, 614.626037598, 458.083709717, 1569.09667969, 923.201660156, 347.302368164, 813.618408203, 262.476318359, 49.3010101318, 21.7246265411, 99.1190643311, 60.76329422, 17.2429008484, 1.48161971569, 0.325527369976, 0.0423070080578, 0.00336462841369, 3.48983303411e-06, 2.43837483538e-09],
        "max": [4.06566047668, 28.929983139, 62.9979858398, 80.0600967407, 130.886825562, 156.53453064, 65.7361450195, 234.97517395, 353.102081299, 357.428314209, 545.377624512, 885.739990234, 689.771972656, 311.607299805, 211.005737305, 523.702270508, 467.365356445, 838.988098145, 549.031066895, 649.154846191, 1114.45812988, 546.662719727, 192.628372192, 227.955551147, 831.163696289, 389.754638672, 201.550140381, 351.093658447, 131.098312378, 59.4709854126, 63.0197181702, 146.76776123, 99.0524597168, 72.6565322876, 16.0242729187, 5.17534589767, 1.5410015583, 0.28387349844, 0.00864269770682, 0.000304921006318],
        "mean": [0.444123953581, 2.13194417953, 3.42313671112, 4.37167739868, 9.10837745667, 7.53492116928, 5.51372861862, 12.1939706802, 22.9300880432, 26.6045017242, 35.9893302917, 35.6412849426, 29.6195220947, 13.7873325348, 18.2209148407, 21.0097618103, 23.8997917175, 31.9496841431, 30.0847530365, 32.5298995972, 33.6659927368, 27.6278190613, 18.1220417023, 11.9356975555, 23.3097515106, 21.3269233704, 11.5175228119, 12.5167760849, 10.0822048187, 4.10473108292, 2.93746256828, 2.81424474716, 2.24113678932, 1.34587919712, 0.616178631783, 0.280643224716, 0.0912611111999, 0.0187611617148, 0.000568231160287, 5.23869348399e-05],
        "median": [0.0321751832962, 0.568277001381, 1.45893347263, 2.13837575912, 4.23170137405, 3.62302231789, 3.13384652138, 5.11521863937, 7.18567609787, 10.2946949005, 13.7461662292, 8.7916727066, 7.63000917435, 6.5399312973, 7.60339689255, 8.86958217621, 9.82654190063, 8.93580913544, 11.0671005249, 9.20570468903, 9.89937973022, 12.7800989151, 8.81972789764, 5.62870454788, 6.90153980255, 7.78881025314, 4.73733329773, 3.79121470451, 3.11570763588, 1.56899082661, 1.11980259418, 0.870915234089, 0.552158355713, 0.378648400307, 0.20810072124, 0.0735245347023, 0.0200020745397, 0.00297666410916, 9.77756208158e-05, 3.63801773346e-05],
        "min": [4.4099843908e-22, 1.12560322453e-20, 3.11091028466e-20, 8.41030960273e-21, 1.86761743431e-20, 1.20388098996e-19, 5.05193476383e-19, 1.68135150811e-18, 6.25343786802e-19, 5.88319854668e-19, 4.96597880746e-19, 2.09236762832e-18, 9.75707302187e-19, 2.81980783659e-18, 2.77161381256e-18, 1.64981400648e-18, 4.13341903939e-18, 2.36419923673e-18, 6.54321743457e-18, 8.53243005703e-18, 1.3078043949e-17, 7.79232343884e-18, 1.47881612833e-17, 1.21999942103e-17, 1.55861937054e-17, 2.25592236988e-17, 1.29560199194e-17, 1.69841206688e-17, 1.81821908701e-17, 1.76206278784e-17, 1.62755180514e-17, 1.92562584257e-17, 1.33946828972e-17, 9.97480308911e-18, 8.44211516903e-18, 7.4661495797e-18, 2.87855316971e-18, 1.31024375053e-18, 2.95607053966e-19, 3.46781868569e-20],
        "stdev": [0.801818609238, 3.92905211449, 6.13100671768, 7.17219400406, 14.2151489258, 13.6220350266, 7.46545124054, 19.8009319305, 44.2133979797, 45.3255844116, 60.5767707825, 80.888458252, 65.2641448975, 21.2089576721, 29.5583438873, 40.0217971802, 38.0913276672, 65.3840789795, 49.7853889465, 64.874206543, 67.7643890381, 41.8113822937, 24.3345413208, 17.4611740112, 50.0749015808, 40.2741775513, 22.0080413818, 29.067111969, 18.6950454712, 6.65430927277, 4.94011878967, 8.34063243866, 7.33931684494, 4.05816268921, 1.17808187008, 0.498584568501, 0.172244757414, 0.0392184220254, 0.00121221283916, 5.00273963553e-05],
        "var": [0.642913043499, 15.4374504089, 37.5892410278, 51.4403686523, 202.070449829, 185.559844971, 55.7329597473, 392.076934814, 1954.82446289, 2054.40869141, 3669.54516602, 6542.94287109, 4259.40820312, 449.819854736, 873.695739746, 1601.74438477, 1450.94921875, 4275.07763672, 2478.58496094, 4208.66259766, 4592.01220703, 1748.19177246, 592.169921875, 304.892578125, 2507.49584961, 1622.00952148, 484.353881836, 844.896972656, 349.504699707, 44.2798347473, 24.4047737122, 69.5661468506, 53.8655738831, 16.4686851501, 1.38787686825, 0.248586565256, 0.0296682547778, 0.00153808458708, 1.46945990309e-06, 2.50274045932e-09]
    },
    "gfcc": {
        "mean": [5.49367713928, 76.7699661255, -113.21963501, 36.1510009766, -56.0020103455, 12.9656171799, -37.7572174072, 12.126250267, -22.8979759216, 8.3761472702, -21.3762893677, -3.5300951004, -15.7842226028],
        "cov": [[6090.90478516, 80.7831344604, -90.1032943726, -18.8765220642, 234.334320068, 187.497116089, 196.070770264, 232.856445312, 49.6026763916, 194.098175049, -85.4001693726, 218.799636841, 22.675403595], [80.7831344604, 1747.06286621, -136.174026489, -206.848449707, 147.474838257, -37.1105308533, 222.804138184, -20.1776390076, 189.515823364, -69.668762207, 234.328872681, 18.502073288, 114.219573975], [-90.1032943726, -136.174026489, 678.18927002, 238.553359985, 100.753601074, 228.393341064, 54.472366333, 30.371805191, 18.9712944031, 35.9761314392, 24.4246196747, 116.869186401, 43.9327545166], [-18.8765220642, -206.848449707, 238.553359985, 562.740234375, 126.235115051, 65.8090057373, 15.5696229935, -7.2549123764, 53.6069755554, 30.1665878296, 20.1122436523, 60.4998970032, 91.6864242554], [234.334320068, 147.474838257, 100.753601074, 126.235115051, 325.188476562, 103.351608276, 53.2184104919, 47.9475059509, 45.9719543457, 43.1161193848, 28.9840126038, 46.273979187, 41.1616363525], [187.497116089, -37.1105308533, 228.393341064, 65.8090057373, 103.351608276, 316.822052002, 167.81137085, 46.5244522095, 25.9922199249, 40.2765197754, 34.2278900146, 41.7095909119, 21.5960884094], [196.070770264, 222.804138184, 54.472366333, 15.5696229935, 53.2184104919, 167.81137085, 288.342926025, 63.4855003357, 44.9585990906, 28.3646965027, 62.9030799866, 25.7574253082, 28.395652771], [232.856445312, -20.1776390076, 30.371805191, -7.2549123764, 47.9475059509, 46.5244522095, 63.4855003357, 119.10484314, 31.8599185944, 23.3471164703, 7.85267734528, 16.9989395142, 12.7723169327], [49.6026763916, 189.515823364, 18.9712944031, 53.6069755554, 45.9719543457, 25.9922199249, 44.9585990906, 31.8599185944, 144.624328613, 41.4723167419, 32.6179084778, 10.3871679306, 42.2164535522], [194.098175049, -69.668762207, 35.9761314392, 30.1665878296, 43.1161193848, 40.2765197754, 28.3646965027, 23.3471164703, 41.4723167419, 98.5958786011, 11.4767103195, 12.3352680206, 5.85104990005], [-85.4001693726, 234.328872681, 24.4246196747, 20.1122436523, 28.9840126038, 34.2278900146, 62.9030799866, 7.85267734528, 32.6179084778, 11.4767103195, 141.222198486, 51.5488357544, 39.1210136414], [218.799636841, 18.502073288, 116.869186401, 60.4998970032, 46.273979187, 41.7095909119, 25.7574253082, 16.9989395142, 10.3871679306, 12.3352680206, 51.5488357544, 124.416748047, 52.9458274841], [22.675403595, 114.219573975, 43.9327545166, 91.6864242554, 41.1616363525, 21.5960884094, 28.395652771, 12.7723169327, 42.2164535522, 5.85104990005, 39.1210136414, 52.9458274841, 102.439712524]],
        "icov": [[0.000250478682574, -0.000216524844291, 0.000274402613286, -0.000171557025169, 0.000106787556433, -0.000283175089862, 0.000116557566798, -0.00051218259614, 0.000300591666019, -0.000656934920698, 0.000719493662473, -0.000898568308912, 0.000373485818272], [-0.000216524844291, 0.00196155183949, -0.000612127885688, 0.0014615264954, -0.00146329950076, 0.0016040278133, -0.00173742917832, 0.00211454858072, -0.00251897890121, 0.00282549252734, -0.00275924545713, 0.00184445583727, -0.0017398543423], [0.000274402613286, -0.000612127885688, 0.00305119645782, -0.00135016208515, 0.000644107291009, -0.00259991898201, 0.00123806449119, -0.00116582214832, 0.000714871101081, -0.00113236240577, 0.00157706334721, -0.00329937133938, 0.0014862093376], [-0.000171557025169, 0.0014615264954, -0.00135016208515, 0.00369146582671, -0.00179599097464, 0.0015575857833, -0.00136070430744, 0.00243305927143, -0.00214274972677, 0.00177521782462, -0.00174084515311, 0.00179398618639, -0.0033301867079], [0.000106787556433, -0.00146329950076, 0.000644107291009, -0.00179599097464, 0.0051303836517, -0.0023167359177, 0.00172512931749, -0.00263473112136, 0.00151646253653, -0.00277390307747, 0.00179411820136, -0.00186269625556, 0.00102747569326], [-0.000283175089862, 0.0016040278133, -0.00259991898201, 0.0015575857833, -0.0023167359177, 0.00803944375366, -0.00481555704027, 0.00203273701482, -0.00155358808115, 0.00150349608157, -0.00226504611783, 0.00238847848959, -0.00150253297761], [0.000116557566798, -0.00173742917832, 0.00123806449119, -0.00136070430744, 0.00172512931749, -0.00481555704027, 0.00777409551665, -0.00386084709316, 0.0016421234468, -0.00226661725901, 0.000397998228436, -0.00111191533506, 0.00112222193275], [-0.00051218259614, 0.00211454858072, -0.00116582214832, 0.00243305927143, -0.00263473112136, 0.00203273701482, -0.00386084709316, 0.0133303152397, -0.00425204262137, 0.00241470662877, -0.00214646290988, 0.00179026846308, -0.00237490446307], [0.000300591666019, -0.00251897890121, 0.000714871101081, -0.00214274972677, 0.00151646253653, -0.00155358808115, 0.0016421234468, -0.00425204262137, 0.0130439931527, -0.00709288613871, 0.00218507065438, -0.00021939787257, -0.00154500850476], [-0.000656934920698, 0.00282549252734, -0.00113236240577, 0.00177521782462, -0.00277390307747, 0.00150349608157, -0.00226661725901, 0.00241470662877, -0.00709288613871, 0.0172059107572, -0.00461790151894, 0.00268638855778, -0.000667989545036], [0.000719493662473, -0.00275924545713, 0.00157706334721, -0.00174084515311, 0.00179411820136, -0.00226504611783, 0.000397998228436, -0.00214646290988, 0.00218507065438, -0.00461790151894, 0.0143964868039, -0.00749404076487, 0.00145158555824], [-0.000898568308912, 0.00184445583727, -0.00329937133938, 0.00179398618639, -0.00186269625556, 0.00238847848959, -0.00111191533506, 0.00179026846308, -0.00021939787257, 0.00268638855778, -0.00749404076487, 0.0177488960326, -0.00809300690889], [0.000373485818272, -0.0017398543423, 0.0014862093376, -0.0033301867079, 0.00102747569326, -0.00150253297761, 0.00112222193275, -0.00237490446307, -0.00154500850476, -0.000667989545036, 0.00145158555824, -0.00809300690889, 0.0181546378881]]
    },
    "melbands": {
        "dmean": [0.00208132248372, 0.00141526036896, 0.000742820557207, 0.000543066358659, 0.000144742793054, 0.0001719417196, 0.000233899496379, 0.000186071367352, 0.000179692011443, 0.000130355649162, 8.19341876195e-05, 3.49056426785e-05, 3.65194282494e-05, 3.29121940013e-05, 4.09129934269e-05, 4.1394305299e-05, 4.10573193221e-05, 3.02418666251e-05, 3.05049579765e-05, 3.88231273973e-05, 2.11795195355e-05, 1.71593510458e-05, 1.23033014461e-05, 7.83179257269e-06, 5.57496696274e-06, 7.91529055277e-06, 1.03316897366e-05, 6.89219268679e-06, 4.24594918513e-06, 4.22518724008e-06, 5.07398090122e-06, 3.96806717617e-06, 2.1739992917e-06, 1.25243013827e-06, 1.03894615222e-06, 1.11936651592e-06, 1.33329774599e-06, 1.27960981899e-06, 9.73152282313e-07, 7.7439085544e-07],
        "dmean2": [0.00316984648816, 0.00228065182455, 0.00126622617245, 0.000914540607482, 0.00024397681409, 0.000272220931947, 0.000362461491022, 0.000281112705125, 0.000256797327893, 0.000184446544154, 0.000114978400234, 5.40299770364e-05, 5.5948006775e-05, 4.93609441037e-05, 6.09153576079e-05, 6.44055689918e-05, 6.30666108918e-05, 4.88941077492e-05, 4.8530062486e-05, 5.94952362007e-05, 3.09708702844e-05, 2.65841335931e-05, 1.90946866496e-05, 1.23551617435e-05, 8.99355109141e-06, 1.21716357171e-05, 1.53601376951e-05, 1.02710564533e-05, 6.37532730252e-06, 6.07341689829e-06, 7.27110727894e-06, 5.72802991883e-06, 3.24624284076e-06, 1.93029200091e-06, 1.49585059717e-06, 1.60445017627e-06, 1.95607481146e-06, 1.81167683877e-06, 1.41791008446e-06, 1.11743690923e-06],
        "dvar": [1.47107948578e-05, 9.88655392575e-06, 1.89489151126e-06, 1.29517877667e-06, 7.83326541409e-08, 9.85820491906e-08, 1.94586064595e-07, 1.02815803871e-07, 1.0957003127e-07, 9.15198299367e-08, 3.22382938123e-08, 6.42681463603e-09, 4.27905133549e-09, 4.26886703764e-09, 5.23073495629e-09, 7.93530041676e-09, 8.96101681747e-09, 2.96096636099e-09, 5.67821123454e-09, 1.08667617127e-08, 2.00457006549e-09, 9.95013071936e-10, 3.57134433138e-10, 1.91464760713e-10, 1.47201459355e-10, 3.40897754469e-10, 4.1401579387e-10, 1.87501653093e-10, 8.22992438088e-11, 1.13073703178e-10, 1.82611814559e-10, 6.85709405923e-11, 2.08876457797e-11, 5.84961462949e-12, 4.14043452301e-12, 9.50093129171e-12, 2.32803394618e-11, 2.14872460103e-11, 1.00339337533e-11, 6.94674526236e-12],
        "dvar2": [3.50292757503e-05, 2.33589762502e-05, 5.24463939655e-06, 3.43769056599e-06, 2.09100591064e-07, 2.43722610094e-07, 4.23065955601e-07, 2.08585305472e-07, 1.85555151688e-07, 1.8420477943e-07, 5.74401681774e-08, 1.43706753164e-08, 9.49958156582e-09, 7.77945707853e-09, 1.24006751534e-08, 1.987842424e-08, 2.0338971396e-08, 7.98091015497e-09, 1.44821639125e-08, 2.3647031e-08, 4.0915439925e-09, 2.25293383949e-09, 8.270069074e-10, 4.53344944917e-10, 3.62515767405e-10, 8.04439015401e-10, 8.57143800381e-10, 4.09729999928e-10, 1.58020360685e-10, 1.86245033285e-10, 3.44111156236e-10, 1.23968668664e-10, 4.46434590684e-11, 1.29354730052e-11, 8.95045582788e-12, 1.97944976382e-11, 4.64660497579e-11, 4.30302529719e-11, 1.91808964545e-11, 1.26027608488e-11],
        "max": [0.029899423942, 0.0250019598752, 0.0121403355151, 0.0110495928675, 0.00283909123391, 0.00469682365656, 0.00459164520726, 0.00435637682676, 0.00498810317367, 0.00579222058877, 0.00348634435795, 0.00144962582272, 0.000720310315955, 0.00141753989737, 0.00108658079989, 0.00120932271238, 0.00191166752484, 0.000798882392701, 0.000942828715779, 0.00184229656588, 0.000972182315309, 0.000784683739766, 0.000198703375645, 0.000194465159439, 0.000208890385693, 0.000502061797306, 0.000407953280956, 0.000221182985115, 0.000116615708976, 0.000203119227081, 0.000204063137062, 9.2318332463e-05, 6.28986526863e-05, 3.60923731932e-05, 4.32543965871e-05, 6.53948591207e-05, 9.81027333182e-05, 8.05810122984e-05, 6.00778803346e-05, 6.86828134349e-05],
        "mean": [0.00351176294498, 0.0020946781151, 0.000918996054679, 0.000633889867458, 0.000213423118112, 0.000276729842881, 0.0003288796579, 0.000301916559692, 0.000308172398945, 0.000216157277464, 0.000143358658534, 5.45157199667e-05, 5.72058743273e-05, 4.94893392897e-05, 5.8455279941e-05, 5.4354826716e-05, 6.11556824879e-05, 4.78671245219e-05, 4.15659305872e-05, 5.43942805962e-05, 3.4071981645e-05, 2.99227904179e-05, 2.07915309147e-05, 1.22892342915e-05, 8.80178959051e-06, 1.31473680085e-05, 2.11419210245e-05, 1.20180566228e-05, 7.07476692696e-06, 6.42010127194e-06, 7.69174130255e-06, 6.4903524617e-06, 3.35693994202e-06, 1.82184373898e-06, 1.64900961863e-06, 1.6470095261e-06, 1.7599960529e-06, 1.62794538028e-06, 1.3426276837e-06, 1.07054609089e-06],
        "median": [0.000483082025312, 0.00101532507688, 0.000483992684167, 0.000309254857711, 0.000118501928227, 0.000117441843031, 9.96424714685e-05, 0.000110735978524, 0.000109298423922, 4.78314868815e-05, 3.50821392203e-05, 2.54657552432e-05, 2.36966170633e-05, 2.09881036426e-05, 2.38046613958e-05, 1.47680602822e-05, 1.46711417983e-05, 1.61440966622e-05, 1.14150816444e-05, 1.18002126328e-05, 1.04877781268e-05, 1.26621871459e-05, 9.48898286879e-06, 5.84993267694e-06, 3.87817726732e-06, 4.25608504884e-06, 5.60943090022e-06, 4.3610193643e-06, 2.93793391393e-06, 2.09048130273e-06, 2.13262524085e-06, 1.92187076209e-06, 1.11298834327e-06, 6.98064980043e-07, 6.36097126971e-07, 5.72761734929e-07, 4.73565620496e-07, 3.7839456013e-07, 3.26766439684e-07, 2.9737734053e-07],
        "min": [7.74743844892e-24, 1.57373474965e-23, 1.99813596076e-24, 4.03686078725e-24, 1.7269873888e-23, 3.52270791273e-23, 9.07728044142e-24, 6.67391314174e-24, 4.91228103302e-24, 1.26767643995e-23, 4.00481055197e-24, 1.05539365481e-23, 1.15731787587e-23, 5.38988385188e-24, 5.52234464192e-24, 8.38966352249e-24, 3.85119172359e-24, 9.14302884242e-24, 1.40988818187e-23, 1.1355554123e-23, 1.6435595105e-23, 7.26897222179e-24, 1.3857471449e-23, 9.34782896633e-24, 9.77580730666e-24, 1.19716552789e-23, 1.40524336886e-23, 1.41996572216e-23, 9.25971635866e-24, 6.1365915802e-24, 1.16035151937e-23, 1.02804084956e-23, 9.30032770692e-24, 1.01591842403e-23, 1.0230004228e-23, 7.88624720266e-24, 1.30707594009e-23, 9.78835019505e-24, 8.77642388052e-24, 7.88176726158e-24],
        "stdev": [0.00602275924757, 0.0034710036125, 0.00133784546051, 0.00108028110117, 0.000296321988571, 0.000433152221376, 0.000616104458459, 0.000520580564626, 0.000557438354008, 0.0005195584381, 0.000326027249685, 9.45766296354e-05, 9.14058182389e-05, 9.87828752841e-05, 9.37054937822e-05, 0.000105065417301, 0.000143613913679, 7.80080154072e-05, 9.17482029763e-05, 0.000136885006214, 6.51443115203e-05, 5.23488852195e-05, 2.8039670724e-05, 1.79806211236e-05, 1.41612317748e-05, 2.85798687401e-05, 4.39199720859e-05, 2.34490944422e-05, 1.33790626933e-05, 1.52824395627e-05, 1.83169922821e-05, 1.2641828107e-05, 5.95953724769e-06, 3.18966294799e-06, 2.83409963231e-06, 3.80115534426e-06, 5.69299572817e-06, 5.66901644561e-06, 4.07291418014e-06, 3.42480575455e-06],
        "var": [3.62736282113e-05, 1.20478662211e-05, 1.78983054866e-06, 1.16700732633e-06, 8.78067254462e-08, 1.87620855741e-07, 3.79584719212e-07, 2.71004097385e-07, 3.10737533482e-07, 2.69940954922e-07, 1.06293761348e-07, 8.94473917157e-09, 8.35502422802e-09, 9.75805658499e-09, 8.7807192628e-09, 1.10387414765e-08, 2.0624954189e-08, 6.08525096979e-09, 8.41773317717e-09, 1.87375057692e-08, 4.24378088226e-09, 2.74040568016e-09, 7.86223086635e-10, 3.23302717931e-10, 2.00540486994e-10, 8.16808898296e-10, 1.92896409956e-09, 5.49860046384e-10, 1.7899931537e-10, 2.33552954754e-10, 3.35512201355e-10, 1.59815813361e-10, 3.551608313e-11, 1.01739493566e-11, 8.03212097528e-12, 1.44487824483e-11, 3.24101995242e-11, 3.21377473245e-11, 1.65886297754e-11, 1.17292937515e-11]
    },
    "melbands128": {
