{
"lowlevel": {
    "average_loudness": 0.977426171303,
    "barkbands_crest": {
        "dmean": 2.42001581192,
        "dmean2": 3.97751569748,
        "dvar": 7.98043107986,
        "dvar2": 20.8099975586,
        "max": 25.6923599243,
        "mean": 10.0823993683,
        "median": 9.47928714752,
        "min": 3.40372157097,
        "stdev": 3.58996319771,
        "var": 12.8878355026
    },
    "barkbands_flatness_db": {
        "dmean": 0.0238789971918,
        "dmean2": 0.0355278849602,
        "dvar": 0.000671613903251,
        "dvar2": 0.00167249224614,
        "max": 0.353953063488,
        "mean": 0.179339781404,
        "median": 0.175002738833,
        "min": 0.0434039495885,
        "stdev": 0.0501075163484,
        "var": 0.00251076323912
    },
    "barkbands_kurtosis": {
        "dmean": 5.65932178497,
        "dmean2": 9.12061977386,
        "dvar": 169.117279053,
        "dvar2": 448.03994751,
        "max": 211.624191284,
        "mean": 9.47689819336,
        "median": 6.09937381744,
        "min": -1.6455539465,
        "stdev": 12.9172019958,
        "var": 166.854095459
    },
    "barkbands_skewness": {
        "dmean": 0.615969181061,
        "dmean2": 0.957191348076,
        "dvar": 0.854408919811,
        "dvar2": 2.08643436432,
        "max": 13.5649003983,
        "mean": 2.4365568161,
        "median": 2.21085500717,
        "min": -1.55597805977,
        "stdev": 1.22624599934,
        "var": 1.50367927551
    },
    "barkbands_spread": {
        "dmean": 3.81087613106,
        "dmean2": 5.63364267349,
        "dvar": 28.904958725,
        "dvar2": 53.8965873718,
        "max": 88.504486084,
        "mean": 14.0278968811,
        "median": 11.1669578552,
        "min": 1.05642700195,
        "stdev": 10.472410202,
        "var": 109.671379089
    },
    "dissonance": {
        "dmean": 0.0193607900292,
        "dmean2": 0.0323835685849,
        "dvar": 0.000322684063576,
        "dvar2": 0.000834766309708,
        "max": 0.499999940395,
        "mean": 0.453717380762,
        "median": 0.459908992052,
        "min": 0.329331457615,
        "stdev": 0.02925446257,
        "var": 0.000855823571328
    },
    "dynamic_complexity": 1.53917610645,
    "erbbands_crest": {
        "dmean": 2.02998685837,
        "dmean2": 3.21600914001,
        "dvar": 3.58138465881,
        "dvar2": 8.94578170776,
        "max": 23.0046215057,
        "mean": 8.39614486694,
        "median": 7.49224758148,
        "min": 2.68611812592,
        "stdev": 3.52859950066,
        "var": 12.4510145187
    },
    "erbbands_flatness_db": {
        "dmean": 0.0132269831374,
        "dmean2": 0.017901705578,
        "dvar": 0.000210145997698,
        "dvar2": 0.000371475791326,
        "max": 0.253028869629,
        "mean": 0.153285831213,
        "median": 0.149925678968,
        "min": 0.0479325465858,
        "stdev": 0.0334593653679,
        "var": 0.00111952912994
    },
    "erbbands_kurtosis": {
        "dmean": 0.616228342056,
        "dmean2": 0.944557130337,
        "dvar": 0.632169187069,
        "dvar2": 1.35687434673,
        "max": 18.1917953491,
        "mean": 0.147098004818,
        "median": -0.317624330521,
        "min": -1.63143956661,
        "stdev": 1.68649888039,
        "var": 2.84427857399
    },
    "erbbands_skewness": {
        "dmean": 0.282456070185,
        "dmean2": 0.420507162809,
        "dvar": 0.077806532383,
        "dvar2": 0.166985243559,
        "max": 3.48827838898,
        "mean": 0.549966156483,
        "median": 0.586167871952,
        "min": -1.38555932045,
        "stdev": 0.642996191978,
        "var": 0.413444131613
    },
    "erbbands_spread": {
        "dmean": 7.28933906555,
        "dmean2": 10.6380624771,
        "dvar": 73.8308868408,
        "dvar2": 131.711212158,
        "max": 113.62424469,
        "mean": 44.7808799744,
        "median": 42.7590370178,
        "min": 7.84075689316,
        "stdev": 18.6526489258,
        "var": 347.921295166
    },
    "hfc": {
        "dmean": 3.90812349319,
        "dmean2": 5.82024717331,
        "dvar": 32.1939506531,
        "dvar2": 63.5819320679,
        "max": 92.4439239502,
        "mean": 20.1370315552,
        "median": 18.1494045258,
        "min": 1.16664534508e-16,
        "stdev": 11.5143976212,
        "var": 132.581344604
    },
    "loudness_ebu128": {
        "integrated": -8.16456508636,
        "loudness_range": 0.755634307861,
        "momentary": {
            "dmean": 0.414964288473,
            "dmean2": 0.522808074951,
            "dvar": 0.103071242571,
            "dvar2": 0.18333800137,
            "max": -6.37644481659,
            "mean": -8.2548456192,
            "median": -8.09099769592,
            "min": -11.0345020294,
            "stdev": 0.906909823418,
            "var": 0.822485387325
        },
        "short_term": {
            "dmean": 0.0511436983943,
            "dmean2": 0.0540220364928,
            "dvar": 0.00145171629265,
            "dvar2": 0.00197459384799,
            "max": -7.62783098221,
            "mean": -8.11633014679,
            "median": -8.08077716827,
            "min": -9.12727355957,
            "stdev": 0.268060535192,
            "var": 0.0718564465642
        }
    },
    "melbands_crest": {
        "dmean": 2.37100934982,
        "dmean2": 3.90992617607,
        "dvar": 6.38657283783,
        "dvar2": 16.3028659821,
        "max": 28.1982631683,
        "mean": 13.8609485626,
        "median": 13.2645397186,
        "min": 1.88983952999,
        "stdev": 3.79077911377,
        "var": 14.3700065613
    },
    "melbands_flatness_db": {
        "dmean": 0.0277033410966,
        "dmean2": 0.04084347561,
        "dvar": 0.000935568648856,
        "dvar2": 0.00223802612163,
        "max": 0.444696605206,
        "mean": 0.261193573475,
        "median": 0.258946239948,
        "min": 0.00573722273111,
        "stdev": 0.0617639571428,
        "var": 0.00381478643976
    },
    "melbands_kurtosis": {
        "dmean": 12.1234951019,
        "dmean2": 19.7086105347,
        "dvar": 756.351867676,
        "dvar2": 1915.54919434,
        "max": 512.500671387,
        "mean": 23.9257946014,
        "median": 16.5614490509,
        "min": -1.05803179741,
        "stdev": 28.3659210205,
        "var": 804.625488281
    },
    "melbands_skewness": {
        "dmean": 0.802375257015,
        "dmean2": 1.26105201244,
        "dvar": 1.28950345516,
        "dvar2": 3.01086521149,
        "max": 16.4859752655,
        "mean": 3.62098908424,
        "median": 3.36820292473,
        "min": 0.0716337114573,
        "stdev": 1.65242803097,
        "var": 2.73051834106
    },
    "melbands_spread": {
        "dmean": 3.1352956295,
        "dmean2": 4.81826686859,
        "dvar": 23.7138729095,
        "dvar2": 42.98645401,
        "max": 118.055755615,
        "mean": 11.3465309143,
        "median": 9.60308170319,
        "min": 0.763815701008,
        "stdev": 7.94438695908,
        "var": 63.1132850647
    },
    "pitch_salience": {
        "dmean": 0.0670561268926,
        "dmean2": 0.109564900398,
        "dvar": 0.0057993424125,
        "dvar2": 0.0153145734221,
        "max": 0.793793678284,
        "mean": 0.542901992798,
        "median": 0.555004298687,
        "min": 0.0978585407138,
        "stdev": 0.0986352041364,
        "var": 0.00972890295088
    },
    "silence_rate_20dB": {
        "dmean": 0,
        "dmean2": 0,
        "dvar": 0,
        "dvar2": 0,
        "max": 1,
        "mean": 1,
        "median": 1,
        "min": 1,
        "stdev": 0,
        "var": 0
    },
    "silence_rate_30dB": {
        "dmean": 0.078947365284,
        "dmean2": 0.158017039299,
        "dvar": 0.0727150216699,
        "dvar2": 0.1500877738,
        "max": 1,
        "mean": 0.921113669872,
        "median": 1,
        "min": 0,
        "stdev": 0.269562184811,
        "var": 0.0726637765765
    },
    "silence_rate_60dB": {
        "dmean": 0.000773993786424,
        "dmean2": 0.000774593325332,
        "dvar": 0.000773391744588,
        "dvar2": 0.000773989362642,
        "max": 1,
        "mean": 0.00077339517884,
        "median": 0,
        "min": 0,
        "stdev": 0.0277991909534,
        "var": 0.000772794999648
    },
    "spectral_centroid": {
        "dmean": 187.320373535,
        "dmean2": 280.336425781,
        "dvar": 133508.859375,
        "dvar2": 189087.265625,
        "max": 10828.5927734,
        "mean": 876.125976562,
        "median": 723.496276855,
        "min": 228.882659912,
        "stdev": 554.684448242,
        "var": 307674.8125
    },
    "spectral_complexity": {
        "dmean": 3.18188858032,
        "dmean2": 4.98295879364,
        "dvar": 11.5605421066,
        "dvar2": 28.5511894226,
        "max": 51,
        "mean": 18.6148490906,
        "median": 17,
        "min": 0,
        "stdev": 7.37495851517,
        "var": 54.3900146484
    },
    "spectral_decrease": {
        "dmean": 4.77641037833e-09,
        "dmean2": 7.65676855252e-09,
        "dvar": 7.21609271509e-17,
        "dvar2": 1.70241141897e-16,
        "max": -6.22293062306e-29,
        "mean": -1.45912801841e-08,
        "median": -1.23166321586e-08,
        "min": -6.79883314092e-08,
        "stdev": 9.57303747384e-09,
        "var": 9.16430488972e-17
    },
    "spectral_energy": {
        "dmean": 0.0182135812938,
        "dmean2": 0.0292018055916,
        "dvar": 0.0010391222313,
        "dvar2": 0.00244652386755,
        "max": 0.259042322636,
        "mean": 0.0568973980844,
        "median": 0.0484405718744,
        "min": 1.08166838256e-20,
        "stdev": 0.0365175455809,
        "var": 0.0013335312251
    },
    "spectral_energyband_high": {
        "dmean": 0.00027695755125,
        "dmean2": 0.000380182260415,
        "dvar": 3.11791552576e-07,
        "dvar2": 5.78989158839e-07,
        "max": 0.00868904031813,
        "mean": 0.000692708650604,
        "median": 0.000344993197359,
        "min": 7.30637649076e-21,
        "stdev": 0.00098128837999,
        "var": 9.62926833381e-07
    },
    "spectral_energyband_low": {
        "dmean": 0.016816129908,
        "dmean2": 0.0270671565086,
        "dvar": 0.00116613355931,
        "dvar2": 0.00283028953709,
        "max": 0.251843035221,
        "mean": 0.0332962423563,
        "median": 0.022382542491,
        "min": 2.88583210495e-23,
        "stdev": 0.0353471338749,
        "var": 0.00124941999093
    },
    "spectral_energyband_middle_high": {
        "dmean": 0.00100451335311,
        "dmean2": 0.00150945968926,
        "dvar": 1.62224910127e-06,
        "dvar2": 3.46466322299e-06,
        "max": 0.0210020318627,
        "mean": 0.00378983397968,
        "median": 0.00285483011976,
        "min": 2.02664783461e-21,
        "stdev": 0.00311986799352,
        "var": 9.73357600742e-06
    },
    "spectral_energyband_middle_low": {
        "dmean": 0.00637286528945,
        "dmean2": 0.0105232866481,
        "dvar": 5.94910343352e-05,
        "dvar2": 0.000149901912664,
        "max": 0.106323190033,
        "mean": 0.0231162775308,
        "median": 0.021729003638,
        "min": 3.4543794948e-22,
        "stdev": 0.0123011097312,
        "var": 0.000151317304699
    },
    "spectral_entropy": {
        "dmean": 0.165909379721,
        "dmean2": 0.231003761292,
        "dvar": 0.0381522104144,
        "dvar2": 0.070203602314,
        "max": 9.80679702759,
        "mean": 7.30319643021,
        "median": 7.3520617485,
        "min": 5.99174928665,
        "stdev": 0.424085587263,
        "var": 0.179848596454
    },
    "spectral_flux": {
        "dmean": 0.0356589965522,
        "dmean2": 0.057187512517,
        "dvar": 0.0025328095071,
        "dvar2": 0.00653851311654,
        "max": 0.446896910667,
        "mean": 0.0983498618007,
        "median": 0.0804722756147,
        "min": 1.04003285151e-10,
        "stdev": 0.0675827711821,
        "var": 0.00456743082032
    },
    "spectral_kurtosis": {
        "dmean": 2.14372134209,
        "dmean2": 3.47016978264,
        "dvar": 8.78284549713,
        "dvar2": 22.4590778351,
        "max": 50.7188415527,
        "mean": 5.08929157257,
        "median": 3.71470975876,
        "min": -1.21841049194,
        "stdev": 4.52907848358,
        "var": 20.512550354
    },
    "spectral_rms": {
        "dmean": 0.00103214406408,
        "dmean2": 0.00162006274331,
        "dvar": 2.22428207053e-06,
        "dvar2": 4.95814538226e-06,
        "max": 0.015897301957,
        "mean": 0.00717733241618,
        "median": 0.00687452498823,
        "min": 3.24851690686e-12,
        "stdev": 0.00199889228679,
        "var": 3.99557029596e-06
    },
    "spectral_rolloff": {
        "dmean": 244.147598267,
        "dmean2": 409.963500977,
        "dvar": 588820.375,
        "dvar2": 1009759.1875,
        "max": 19078.4179688,
        "mean": 641.115600586,
        "median": 430.6640625,
        "min": 86.1328125,
        "stdev": 926.468811035,
        "var": 858344.4375
    },
    "spectral_skewness": {
        "dmean": 0.264451950788,
        "dmean2": 0.402629643679,
        "dvar": 0.0858956873417,
        "dvar2": 0.188241273165,
        "max": 5.38323879242,
        "mean": 1.62382352352,
        "median": 1.51317679882,
        "min": 0.0355445370078,
        "stdev": 0.622905731201,
        "var": 0.388011544943
    },
    "spectral_spread": {
        "dmean": 493186.46875,
        "dmean2": 657013.75,
        "dvar": 1.56257406157e+12,
        "dvar2": 1.6598934487e+12,
        "max": 40956572,
        "mean": 4234932,
        "median": 4097063.25,
        "min": 1575104.625,
        "stdev": 1700043.5,
        "var": 2.89014782362e+12
    },
    "spectral_strongpeak": {
        "dmean": 0.338979840279,
        "dmean2": 0.593045651913,
        "dvar": 0.200038820505,
        "dvar2": 0.496054887772,
        "max": 4.35108232498,
        "mean": 0.684633255005,
        "median": 0.438479781151,
        "min": 0,
        "stdev": 0.650444090366,
        "var": 0.423077493906
    },
    "zerocrossingrate": {
        "dmean": 0.00710237585008,
        "dmean2": 0.00829510763288,
        "dvar": 0.000257198640611,
        "dvar2": 0.000273533805739,
        "max": 0.5087890625,
        "mean": 0.0338333956897,
        "median": 0.0283203125,
        "min": 0.0068359375,
        "stdev": 0.0247574280947,
        "var": 0.000612930220086
    },
    "barkbands": {
        "dmean": [0.000426639628131, 0.0113946488127, 0.00617042509839, 0.00368081382476, 0.00286674383096, 0.00172425678466, 0.00117193209007, 0.000537152925972, 0.000483643991174, 0.000178498885361, 0.000341584265698, 0.00026761929621, 0.000170723214978, 0.000186455421499, 0.00016392377438, 0.000209810285014, 0.000141267679282, 0.000101751480543, 0.000121273158584, 0.000119276912301, 9.44104685914e-05, 6.61104859319e-05, 4.89359372295e-05, 3.93553018512e-05, 2.90747266263e-05, 1.18178140838e-05, 6.31363320736e-07],
        "dmean2": [0.000718862051144, 0.0185168795288, 0.0103143211454, 0.00620935717598, 0.00474151689559, 0.00278787896968, 0.00174096529372, 0.000834889884572, 0.000683124293573, 0.000267307070317, 0.000499636866152, 0.000434305286035, 0.000275409634924, 0.000291886739433, 0.000257331324974, 0.000321512372466, 0.000231147525483, 0.000167901773239, 0.000194476757315, 0.000186971694347, 0.000143840370583, 9.97830720735e-05, 7.16892100172e-05, 5.52969177079e-05, 4.15145332227e-05, 1.58982329594e-05, 9.9556132227e-07],
        "dvar": [1.57752060659e-06, 0.000983952311799, 0.000188273304957, 3.09407805617e-05, 1.70132116182e-05, 7.06468063072e-06, 4.01911347581e-06, 1.64529683389e-06, 7.20360276318e-07, 1.61715604463e-07, 3.26901670178e-07, 3.54794394752e-07, 2.67249561148e-07, 1.56758360959e-07, 1.45046683997e-07, 2.66831534645e-07, 7.22267046172e-08, 5.29633688018e-08, 6.86813024231e-08, 5.32103783257e-08, 2.40249029559e-08, 2.18658300355e-08, 1.87087820791e-08, 1.88469329032e-08, 1.004255612e-08, 3.6367890921e-09, 3.2492161739e-11],
        "dvar2": [4.02545447287e-06, 0.00240699318238, 0.000539482280146, 7.95286468929e-05, 4.48866994702e-05, 1.72966756509e-05, 8.9439763542e-06, 3.79510765924e-06, 1.30118121433e-06, 3.47984411064e-07, 6.79160848449e-07, 8.90381443241e-07, 7.15623059477e-07, 3.046668553e-07, 3.2107845982e-07, 6.01057024596e-07, 1.87742287494e-07, 1.32776875716e-07, 1.81560963597e-07, 1.23669963159e-07, 5.69370861569e-08, 4.17220071824e-08, 3.6765680278e-08, 3.77580526845e-08, 1.81708124103e-08, 5.88618576103e-09, 8.08476410818e-11],
        "max": [0.0148633737117, 0.23415133357, 0.125134825706, 0.0708944499493, 0.0481261797249, 0.0355625748634, 0.0303120817989, 0.021713078022, 0.0210163220763, 0.00690635014325, 0.00906499568373, 0.00821558292955, 0.0119759412482, 0.00844115484506, 0.00513465097174, 0.00880183465779, 0.00422322843224, 0.00473624560982, 0.00398517027497, 0.00324498373084, 0.00212622690015, 0.00277493614703, 0.00250640348531, 0.00237873056903, 0.00173885340337, 0.00187325163279, 0.000159617498866],
        "mean": [0.000668788678013, 0.0181113965809, 0.0105502139777, 0.00685937982053, 0.00705282203853, 0.00379328941926, 0.00290238042362, 0.00114607368596, 0.00129614188336, 0.000388735556044, 0.000817639345769, 0.000427099119406, 0.000289564981358, 0.000353526382241, 0.000287226401269, 0.000454653112683, 0.000262590619968, 0.000185677257832, 0.000242365436861, 0.000245533883572, 0.000208806595765, 0.00014152697986, 8.81006635609e-05, 6.0925816797e-05, 4.49304570793e-05, 1.74120941665e-05, 5.88052671446e-07],
        "median": [0.000322394538671, 0.0112032927573, 0.00628907373175, 0.00431881658733, 0.00502928858623, 0.00221801549196, 0.00140128331259, 0.000482000265038, 0.000540634151548, 0.000111682580609, 0.000415351736592, 0.000197488858248, 0.000122678437037, 0.000177363632247, 0.000130811167764, 0.000126933649881, 0.000118362426292, 9.28384106373e-05, 0.000119277785416, 0.000113388930913, 0.000105428043753, 6.68124775984e-05, 3.42811072187e-05, 1.76397843461e-05, 1.13611849883e-05, 3.41301551998e-06, 1.77814651892e-08],
        "min": [7.63357821016e-24, 1.48067898178e-23, 7.93849819358e-24, 3.7056920883e-23, 6.43640447812e-23, 4.65918321574e-23, 1.97694680186e-23, 7.203675207e-23, 9.95313882053e-23, 3.82522439474e-23, 1.39916358631e-22, 1.17310911992e-22, 1.49794815674e-22, 1.6422756236e-22, 1.40004584834e-22, 2.1269277824e-22, 2.06130515738e-22, 2.49512539136e-22, 3.1885828471e-22, 4.24042347239e-22, 3.93366815675e-22, 4.66811583486e-22, 6.48820095894e-22, 8.90034222204e-22, 1.14022020874e-21, 1.5772653061e-21, 2.22898760233e-21],
        "stdev": [0.00138081214391, 0.0295149385929, 0.0136529700831, 0.00739547749981, 0.0065147774294, 0.00456932233647, 0.00405115447938, 0.00212663412094, 0.0023257622961, 0.00079185818322, 0.00118987984024, 0.000776799686719, 0.000633963267319, 0.000608908187132, 0.000514690880664, 0.000965509214438, 0.00038449926069, 0.000276250619208, 0.000353156356141, 0.000351016817149, 0.000282941880869, 0.000217814857024, 0.000181386174518, 0.000171450636117, 0.000150169726112, 9.30532332859e-05, 5.74813657295e-06],
        "var": [1.90664206912e-06, 0.000871131604072, 0.000186403602129, 5.46930859855e-05, 4.24423269578e-05, 2.08787059819e-05, 1.64118519024e-05, 4.52257245342e-06, 5.40917017133e-06, 6.27039412393e-07, 1.41581392654e-06, 6.03417788625e-07, 4.01909460379e-07, 3.7076918602e-07, 2.64906702796e-07, 9.32208081394e-07, 1.47839685383e-07, 7.63144001326e-08, 1.24719406358e-07, 1.23212814174e-07, 8.00561039682e-08, 4.74433115016e-08, 3.29009424149e-08, 2.93953217323e-08, 2.25509477758e-08, 8.65890470436e-09, 3.30410733496e-11]
    },
    "erbbands": {
        "dmean": [0.275242984295, 2.74905490875, 5.72376823425, 10.9287567139, 9.67600536346, 9.82475948334, 15.1791858673, 11.6159162521, 13.8784646988, 19.0508861542, 12.3979902267, 8.85218715668, 6.68342733383, 8.07808589935, 11.7255430222, 8.89642906189, 6.98390102386, 9.50398635864, 7.43787193298, 8.53351783752, 11.5867509842, 7.83958959579, 5.22235441208, 5.33706235886, 6.2594575882, 5.41816282272, 4.42904520035, 3.40823793411, 2.47531652451, 1.7721259594, 1.41930663586, 0.841142892838, 0.694930911064, 0.388836473227, 0.174474805593, 0.0766388550401, 0.0159617308527, 0.00228303391486, 6.68480424793e-05, 2.08647525142e-05],
        "dmean2": [0.457243710756, 4.43723154068, 9.43712997437, 18.5048389435, 16.6392173767, 15.7957868576, 24.4651451111, 18.1101779938, 20.0803756714, 28.807056427, 18.4273834229, 12.81112957, 9.79291629791, 12.2816362381, 17.8134822845, 14.332359314, 10.9002790451, 14.7508182526, 11.4123649597, 13.1754350662, 17.9763832092, 12.8454885483, 8.56823730469, 8.58051013947, 10.0483827591, 8.53761959076, 6.73263502121, 5.21218013763, 3.7787733078, 2.53774881363, 2.08299136162, 1.23022055626, 0.990751981735, 0.578342020512, 0.248759940267, 0.106753669679, 0.0212681461126, 0.00304645509459, 9.0891677246e-05, 3.32180243277e-05],
        "dvar": [0.497545182705, 59.4674034119, 131.324127197, 444.839019775, 214.285629272, 241.1640625, 637.453918457, 350.354919434, 912.468444824, 988.682006836, 782.412414551, 241.731231689, 213.338470459, 205.717498779, 392.505218506, 535.661315918, 373.566986084, 410.592346191, 204.330734253, 336.197967529, 740.362609863, 186.253631592, 92.8543243408, 198.420623779, 221.032409668, 115.93812561, 60.6718330383, 27.6772212982, 22.8101787567, 22.1677379608, 20.3400306702, 9.16483306885, 5.90215063095, 1.62802016735, 0.454870969057, 0.138103663921, 0.00735223246738, 0.000280648411717, 2.17863217244e-07, 1.28793387066e-09],
        "dvar2": [1.27360403538, 143.421432495, 342.803771973, 1210.5637207, 638.702331543, 581.151550293, 1580.26342773, 815.204467773, 1831.61560059, 2166.42041016, 1731.87915039, 459.403808594, 406.55557251, 457.397521973, 892.566711426, 1377.44702148, 938.126647949, 835.495544434, 399.012908936, 728.21862793, 1498.91687012, 483.95211792, 241.5912323, 488.197631836, 589.641540527, 275.697723389, 142.983642578, 62.7800827026, 45.4741973877, 40.9971733093, 40.7953338623, 19.9001922607, 11.5439872742, 3.08412480354, 0.783902943134, 0.258620351553, 0.0115953749046, 0.00056495872559, 4.49762382004e-07, 2.98727553805e-09],
        "max": [6.027572155, 58.6683540344, 96.0186080933, 226.626724243, 160.919998169, 169.812698364, 319.523529053, 263.853881836, 539.601318359, 394.643035889, 616.407592773, 304.953765869, 322.479431152, 222.333526611, 258.746826172, 413.220703125, 493.009918213, 442.995635986, 201.307266235, 240.092102051, 568.33013916, 173.440872192, 158.245056152, 242.663284302, 292.731964111, 155.436264038, 109.21156311, 73.1084365845, 59.4142379761, 103.643592834, 98.0911407471, 60.3047714233, 42.6801338196, 22.1125984192, 12.4584846497, 9.30007648468, 3.1331949234, 0.513473451138, 0.0133580928668, 0.000409830303397],
        "mean": [0.45170456171, 4.27925777435, 11.6472082138, 19.9293842316, 20.8146686554, 24.2714595795, 33.0642776489, 27.5394306183, 32.6354217529, 44.5870475769, 32.2421646118, 23.2778244019, 16.5444660187, 19.5309333801, 26.8308048248, 15.3862457275, 13.4430274963, 17.7702732086, 15.3467903137, 16.702671051, 27.7998809814, 16.6749458313, 10.7462625504, 10.4100017548, 12.5736179352, 11.3118333817, 9.97578334808, 7.2633023262, 5.34798288345, 3.45398139954, 2.45713424683, 1.37067270279, 1.02118766308, 0.581161975861, 0.277091115713, 0.112935453653, 0.0238350089639, 0.00292858574539, 0.000103798432974, 6.71768939355e-05],
        "median": [0.315080493689, 2.60066556931, 7.58732175827, 12.1071300507, 16.0914344788, 15.2754497528, 17.710723877, 15.3839740753, 13.1385250092, 24.1540641785, 12.5918331146, 10.3802051544, 6.57254457474, 10.9421110153, 13.6952447891, 7.30270338058, 5.64370822906, 8.85369968414, 7.71322536469, 7.28125619888, 8.51488018036, 7.09411621094, 6.11817502975, 4.89352750778, 6.33518218994, 5.34836435318, 4.0679693222, 3.98305892944, 2.52650618553, 1.55345821381, 0.865706324577, 0.460408896208, 0.274702906609, 0.16090425849, 0.0609477981925, 0.0214325170964, 0.00513989012688, 0.000378543161787, 3.86995452573e-05, 5.7679204474e-05],
        "min": [4.94357697529e-22, 2.86719197809e-21, 6.99237905335e-21, 5.10481234911e-20, 2.9092430697e-19, 1.08593757156e-19, 2.9283747233e-19, 3.63138828807e-19, 1.56600722045e-19, 1.20808963321e-18, 1.23305053198e-18, 1.6219483596e-18, 2.01151320498e-18, 2.37592865782e-18, 6.78839128659e-18, 4.03811377075e-18, 6.95975539896e-18, 9.85535903584e-18, 7.23166869146e-18, 5.02819437005e-18, 1.38353840481e-17, 1.2788395077e-17, 1.19915231893e-17, 1.22776788775e-17, 2.25252199582e-17, 2.03789211879e-17, 1.62419477535e-17, 1.96704360302e-17, 1.39392109314e-17, 1.38778953413e-17, 1.6723843326e-17, 1.79766116724e-17, 1.58529892315e-17, 1.10674350592e-17, 9.35475842811e-18, 5.82813964735e-18, 2.94366324406e-18, 1.13306300749e-18, 3.08555842673e-19, 3.49207155663e-20],
        "stdev": [0.673558115959, 7.23890542984, 12.268450737, 24.1475658417, 18.4006690979, 27.6244735718, 42.8829917908, 35.5044136047, 59.1830940247, 58.791229248, 64.7651443481, 37.0716972351, 29.7235412598, 24.7713527679, 36.1790618896, 28.7507743835, 26.0482711792, 31.5186500549, 23.9245166779, 26.9690055847, 58.9520454407, 23.4253425598, 13.2466773987, 17.0281524658, 18.7091827393, 15.7302618027, 14.9671440125, 9.04392623901, 7.57694339752, 6.6441617012, 5.71832370758, 3.62905740738, 3.04218196869, 1.72625076771, 1.09293663502, 0.548079550266, 0.136650204659, 0.0220337286592, 0.000577376922593, 4.27252416557e-05],
        "var": [0.453680545092, 52.4017486572, 150.514892578, 583.104919434, 338.584594727, 763.111572266, 1838.9510498, 1260.56347656, 3502.63842773, 3456.40869141, 4194.5234375, 1374.31066895, 883.488891602, 613.619934082, 1308.92443848, 826.606994629, 678.512390137, 993.425354004, 572.382507324, 727.327270508, 3475.34375, 548.746643066, 175.474456787, 289.958007812, 350.033538818, 247.441146851, 224.015396118, 81.7925949097, 57.410068512, 44.1448822021, 32.6992263794, 13.1700582504, 9.25487136841, 2.97994184494, 1.1945104599, 0.300391167402, 0.018673280254, 0.0004854851868, 3.33364084781e-07, 1.82544612759e-09]
    },
    "gfcc": {
        "mean": [15.9379758835, 129.994613647, -101.702674866, 50.833278656, -53.5984802246, 12.4123754501, -31.4654426575, 4.89231395721, -19.2064247131, 1.83305072784, -12.9875926971, -3.04826855659, -6.45621538162],
        "cov": [[3253.52783203, -1012.19012451, -166.100952148, 314.079864502, -377.324676514, 180.308685303, -223.175170898, 151.438735962, -127.018844604, 195.629058838, -191.940933228, 151.495315552, -38.6572952271], [-1012.19012451, 1068.4967041, -119.935127258, -267.716949463, 221.039642334, -172.691040039, 166.22076416, -126.871505737, 128.374862671, -134.12272644, 132.407318115, -132.325241089, 24.8782501221], [-166.100952148, -119.935127258, 342.705566406, -54.0901412964, -5.9792766571, 37.9310760498, -46.4896430969, 24.0104980469, -29.2063140869, 52.896156311, -16.5909156799, 30.4715003967, -11.0143566132], [314.079864502, -267.716949463, -54.0901412964, 304.41027832, -14.9581365585, -3.91240262985, -41.3990707397, -12.5084266663, -9.95759105682, -15.8514547348, -7.03436279297, 21.1594028473, 22.7096290588], [-377.324676514, 221.039642334, -5.9792766571, -14.9581365585, 184.267044067, -43.5397262573, 23.5543060303, -31.6005554199, 30.4867630005, -34.3969345093, 24.6476249695, -40.0911979675, 3.70594763756], [180.308685303, -172.691040039, 37.9310760498, -3.91240262985, -43.5397262573, 121.321548462, 13.300321579, 21.5740356445, -33.0848503113, 25.9540328979, -7.48234319687, 7.28731107712, -30.5062198639], [-223.175170898, 166.22076416, -46.4896430969, -41.3990707397, 23.5543060303, 13.300321579, 170.573471069, 1.16717767715, -2.0173830986, -38.4435157776, 50.8873100281, -22.0837688446, -39.0146446228], [151.438735962, -126.871505737, 24.0104980469, -12.5084266663, -31.6005554199, 21.5740356445, 1.16717767715, 88.9639663696, -10.026638031, 20.497800827, -14.6873807907, 14.3487157822, -14.4723043442], [-127.018844604, 128.374862671, -29.2063140869, -9.95759105682, 30.4867630005, -33.0848503113, -2.0173830986, -10.026638031, 109.792198181, 15.0798835754, -1.3608123064, -25.9601993561, 13.7782096863], [195.629058838, -134.12272644, 52.896156311, -15.8514547348, -34.3969345093, 25.9540328979, -38.4435157776, 20.497800827, 15.0798835754, 103.252731323, -24.0519104004, 12.8974142075, -11.4736089706], [-191.940933228, 132.407318115, -16.5909156799, -7.03436279297, 24.6476249695, -7.48234319687, 50.8873100281, -14.6873807907, -1.3608123064, -24.0519104004, 96.7317581177, 0.508983671665, -9.79669284821], [151.495315552, -132.325241089, 30.4715003967, 21.1594028473, -40.0911979675, 7.28731107712, -22.0837688446, 14.3487157822, -25.9601993561, 12.8974142075, 0.508983671665, 94.5068206787, 18.7037410736], [-38.6572952271, 24.8782501221, -11.0143566132, 22.7096290588, 3.70594763756, -30.5062198639, -39.0146446228, -14.4723043442, 13.7782096863, -11.4736089706, -9.79669284821, 18.7037410736, 77.9431686401]],
        "icov": [[0.000845061498694, -0.00103900209069, 0.000839584041387, -0.00149868801236, 0.0011115152156, -0.00135925167706, 0.0011734184809, -0.00145978678484, 0.001253540162, -0.00169194873888, 0.00162077136338, -0.00132115045562, 0.00108761305455], [-0.00103900209069, 0.0092315338552, -0.000796328007709, 0.0084301168099, -0.00383711513132, 0.00786620564759, -0.00503899296746, 0.00782801304013, -0.00632908847183, 0.00682422053069, -0.0076534752734, 0.00657354062423, -0.0042542363517], [0.000839584041387, -0.000796328007709, 0.00449359882623, -0.000573482597247, 0.000212282437133, -0.00193344452418, 0.00207448005676, -0.00165110081434, 0.00204248935916, -0.00292127765715, 0.00138745328877, -0.00211752764881, 0.0013291061623], [-0.00149868801236, 0.0084301168099, -0.000573482597247, 0.0118086151779, -0.00392232602462, 0.00716499611735, -0.00393784465268, 0.00796084851027, -0.00599714089185, 0.00763080641627, -0.00760017381981, 0.00566204311326, -0.00458836508915], [0.0011115152156, -0.00383711513132, 0.000212282437133, -0.00392232602462, 0.0094990497455, -0.00193734862842, 0.00230090855621, -0.00247421092354, 0.00185741262976, -0.00203201407567, 0.00282024987973, -0.000952322501689, 0.00238678767346], [-0.00135925167706, 0.00786620564759, -0.00193344452418, 0.00716499611735, -0.00193734862842, 0.0182977989316, -0.00612781289965, 0.00640800734982, -0.00303983897902, 0.0040793097578, -0.00637286622077, 0.00649230461568, -0.00139059429057], [0.0011734184809, -0.00503899296746, 0.00207448005676, -0.00393784465268, 0.00230090855621, -0.00612781289965, 0.0125336023048, -0.00560930464417, 0.00314308982342, -0.00131607893854, 0.00120143883396, -0.00377683131956, 0.00666324282065], [-0.00145978678484, 0.00782801304013, -0.00165110081434, 0.00796084851027, -0.00247421092354, 0.00640800734982, -0.00560930464417, 0.0203599780798, -0.00571943027899, 0.00531896483153, -0.00513502722606, 0.00424052262679, -0.00204606703483], [0.001253540162, -0.00632908847183, 0.00204248935916, -0.00599714089185, 0.00185741262976, -0.00303983897902, 0.00314308982342, -0.00571943027899, 0.0169889330864, -0.0097416723147, 0.00572162913159, -0.00171623914503, 0.000604855071288], [-0.00169194873888, 0.00682422053069, -0.00292127765715, 0.00763080641627, -0.00203201407567, 0.0040793097578, -0.00131607893854, 0.00531896483153, -0.0097416723147, 0.0208336021751, -0.00533111812547, 0.00380272814073, -0.000425137957791], [0.00162077136338, -0.0076534752734, 0.00138745328877, -0.00760017381981, 0.00282024987973, -0.00637286622077, 0.00120143883396, -0.00513502722606, 0.00572162913159, -0.00533111812547, 0.0204386003315, -0.00819449871778, 0.00541587593034], [-0.00132115045562, 0.00657354062423, -0.00211752764881, 0.00566204311326, -0.000952322501689, 0.00649230461568, -0.00377683131956, 0.00424052262679, -0.00171623914503, 0.00380272814073, -0.00819449871778, 0.0195389781147, -0.00807468220592], [0.00108761305455, -0.0042542363517, 0.0013291061623, -0.00458836508915, 0.00238678767346, -0.00139059429057, 0.00666324282065, -0.00204606703483, 0.000604855071288, -0.000425137957791, 0.00541587593034, -0.00807468220592, 0.0209983754903]]
    },
    "melbands": {
        "dmean": [0.00289950403385, 0.00305928802118, 0.00170519086532, 0.000626900407951, 0.000492908409797, 0.000275005324511, 0.000213468476431, 0.000186385848792, 0.000106180079456, 5.44675967831e-05, 3.47626992152e-05, 3.22681116813e-05, 4.77487701573e-05, 2.80943913822e-05, 2.34008584812e-05, 2.01630773518e-05, 1.74344677362e-05, 1.33432331495e-05, 1.35294394568e-05, 1.21658595162e-05, 1.43032348205e-05, 9.65505932982e-06, 5.25678342456e-06, 5.11702000949e-06, 4.54469773103e-06, 5.23863536728e-06, 4.65353241452e-06, 3.71413648281e-06, 3.29266094923e-06, 2.44365969593e-06, 1.95951929527e-06, 1.52144696131e-06, 1.29573732011e-06, 9.30443491143e-07, 8.64064361394e-07, 7.08853576725e-07, 5.05266655182e-07, 5.22390223523e-07, 4.3644371317e-07, 3.14402683443e-07],
        "dmean2": [0.00475649302825, 0.00495132151991, 0.00290080904961, 0.00105639593676, 0.000791467435192, 0.000431569060311, 0.000315725046676, 0.000283192523057, 0.000156262380187, 7.97848551883e-05, 5.11375401402e-05, 4.94224477734e-05, 7.02374381945e-05, 4.5642220357e-05, 3.78649529011e-05, 3.26554509229e-05, 2.74601934507e-05, 2.06031527341e-05, 2.14069677895e-05, 1.81314517249e-05, 2.19718785957e-05, 1.59616356541e-05, 8.58758266986e-06, 8.40915345179e-06, 7.35963294574e-06, 8.34803904581e-06, 7.64286778576e-06, 5.81631093155e-06, 5.12924680152e-06, 3.73709713131e-06, 3.02159196508e-06, 2.31693115893e-06, 1.99500755116e-06, 1.36125868266e-06, 1.28023737034e-06, 1.09670736492e-06, 7.40240864161e-07, 7.56067777274e-07, 6.36301308532e-07, 4.724088285e-07],
        "dvar": [6.12622461631e-05, 4.03119593102e-05, 8.88440899871e-06, 9.00262932646e-07, 6.0299788629e-07, 1.76870841528e-07, 1.77120369926e-07, 9.84236052659e-08, 5.34275663711e-08, 9.05876262891e-09, 5.61504354124e-09, 3.33514660333e-09, 6.28399998703e-09, 4.38236957834e-09, 3.39943606598e-09, 3.72414077354e-09, 1.60612612099e-09, 6.65064336935e-10, 1.21393639585e-09, 9.87460668789e-10, 1.21576959611e-09, 3.06921432713e-10, 7.34807700797e-11, 1.69130515149e-10, 1.49249057557e-10, 1.05417723162e-10, 1.64487298782e-10, 5.05563022002e-11, 3.91490485863e-11, 1.77448871569e-11, 9.59286903385e-12, 8.03421565387e-12, 1.35608980642e-11, 4.86727064902e-12, 6.46793729686e-12, 7.15826833572e-12, 3.58044648617e-12, 3.37523021685e-12, 2.03137203239e-12, 1.12584258322e-12],
        "dvar2": [0.000152369917487, 9.59646858973e-05, 2.39301461988e-05, 2.4606720217e-06, 1.49673064698e-06, 4.21624406499e-07, 3.7241736095e-07, 2.15866961639e-07, 1.15029443748e-07, 1.68842664294e-08, 1.08693161138e-08, 7.36066807505e-09, 1.29183490571e-08, 1.08735864757e-08, 8.52644621574e-09, 9.83062431459e-09, 3.19995674403e-09, 1.37914668574e-09, 2.79361733746e-09, 2.17968554317e-09, 2.3991186815e-09, 8.11563372061e-10, 1.93373511648e-10, 4.20877832585e-10, 3.71094932561e-10, 2.76111244979e-10, 4.40798092471e-10, 1.16974485653e-10, 9.25440696298e-11, 4.4133283833e-11, 2.18422467613e-11, 1.66841852833e-11, 2.87029705559e-11, 8.76965947777e-12, 1.24826841572e-11, 1.62380248137e-11, 7.84637025492e-12, 6.73878314261e-12, 3.92167765276e-12, 2.25603758765e-12],
        "max": [0.056705981493, 0.0485747307539, 0.0336236581206, 0.0117886122316, 0.0097994254902, 0.00519930245355, 0.00696935690939, 0.00379286240786, 0.00533174397424, 0.00161517097149, 0.00158928276505, 0.000832875317428, 0.00120650196914, 0.0010264191078, 0.000883790373337, 0.00139111711178, 0.000858947401866, 0.000316924415529, 0.00050543533871, 0.000619330385234, 0.00086760398699, 0.00020521217084, 8.89862567419e-05, 0.000280673790257, 0.000206250144402, 0.000141971904668, 0.000258586718701, 0.000103732476418, 0.000108905434899, 6.42152881483e-05, 3.92111760448e-05, 3.62666360161e-05, 8.71239826665e-05, 4.38699353253e-05, 5.64945148653e-05, 4.45739970019e-05, 3.53816940333e-05, 3.04892109853e-05, 2.5625775379e-05, 1.79851303983e-05],
        "mean": [0.00457908632234, 0.00605018762872, 0.00344276381657, 0.0015276230406, 0.00116160593461, 0.000650530972052, 0.000518826593179, 0.000423907942604, 0.000273903104244, 0.00013941906218, 8.21587746032e-05, 7.60139737395e-05, 0.000113015797979, 4.18136551161e-05, 3.74643495888e-05, 3.36638295266e-05, 3.14124845318e-05, 2.52600730164e-05, 2.234328349e-05, 2.33892351389e-05, 3.25464498019e-05, 1.75868008228e-05, 1.05898361653e-05, 8.94252207218e-06, 7.93970957602e-06, 1.05669632831e-05, 7.71965915192e-06, 7.39575489206e-06, 6.84542555973e-06, 4.88738578497e-06, 3.90906461689e-06, 3.20027061207e-06, 2.3219997729e-06, 1.72018121702e-06, 1.45188471379e-06, 1.11305905648e-06, 7.38036931125e-07, 7.28797260763e-07, 6.21854155725e-07, 4.47469517439e-07],
        "median": [0.00284114433452, 0.00408951053396, 0.00248857727274, 0.00110598490573, 0.000682403333485, 0.000375027564587, 0.000239921253524, 0.000235321553191, 0.00010512744484, 6.12301300862e-05, 2.89827421511e-05, 4.08828636864e-05, 5.51216799067e-05, 1.89648035303e-05, 1.29934678625e-05, 1.3974689864e-05, 1.571051871e-05, 1.19704191093e-05, 9.74645990937e-06, 8.0141790022e-06, 9.71526969806e-06, 7.3008709478e-06, 5.10261452291e-06, 4.24910422225e-06, 3.36171478921e-06, 5.06726973981e-06, 3.57420094588e-06, 3.11627036353e-06, 2.49493223237e-06, 2.38766006078e-06, 2.14319993574e-06, 1.49281663653e-06, 1.03435081655e-06, 7.40312373182e-07, 5.02241732647e-07, 3.55098705995e-07, 2.34201081639e-07, 1.73700101413e-07, 1.63469110248e-07, 1.16157750085e-07],
        "min": [4.46100408029e-24, 4.04541125061e-24, 1.86549085337e-23, 1.48926525942e-23, 8.99922186598e-24, 8.21005409387e-24, 2.57555394161e-24, 1.50183717789e-23, 1.0419037389e-23, 1.18820154365e-23, 1.0221888427e-23, 8.64192625162e-24, 2.14799898293e-23, 1.51662264007e-23, 9.74429704666e-24, 2.04592874372e-23, 1.65621962363e-23, 1.11628361928e-23, 8.53300191555e-24, 8.96703318561e-24, 1.72301184538e-23, 1.36298203913e-23, 1.16116578159e-23, 1.12175571072e-23, 8.95879274459e-24, 1.33676487803e-23, 1.97294617267e-23, 1.13544844277e-23, 1.0056380676e-23, 7.6283796168e-24, 1.38291418762e-23, 8.00990667158e-24, 8.10851112929e-24, 7.61274360479e-24, 8.01395510575e-24, 1.27963391467e-23, 1.08416009881e-23, 1.23116637954e-23, 8.71369681678e-24, 9.522776227e-24],
        "stdev": [0.00739383837208, 0.00660469895229, 0.00347022456117, 0.00141087570228, 0.00134316342883, 0.000780200061854, 0.000828702934086, 0.00055572000565, 0.000597036094405, 0.000217269465793, 0.000154505760293, 9.9263197626e-05, 0.000164607248735, 8.08267650427e-05, 8.01202841103e-05, 7.39083261578e-05, 5.82874890824e-05, 4.20180404035e-05, 4.34450303146e-05, 4.67330755782e-05, 7.34463756089e-05, 2.63606107183e-05, 1.34586052809e-05, 1.47597602336e-05, 1.44293035191e-05, 1.55803263624e-05, 1.34830588649e-05, 1.07727310024e-05, 1.10610662887e-05, 7.23430503058e-06, 4.89416333949e-06, 4.55001145383e-06, 4.62364914711e-06, 3.24134634866e-06, 3.31488558913e-06, 3.03986166728e-06, 2.19122716771e-06, 2.26621091315e-06, 1.79337996542e-06, 1.41823193189e-06],
        "var": [5.46688461327e-05, 4.36220470874e-05, 1.20424583656e-05, 1.99057035388e-06, 1.80408801498e-06, 6.08712127814e-07, 6.86748535372e-07, 3.08824724016e-07, 3.56452090955e-07, 4.72060186496e-08, 2.38720314627e-08, 9.85318227009e-09, 2.7095545363e-08, 6.53296572395e-09, 6.41926023448e-09, 5.46244027788e-09, 3.39743122524e-09, 1.76551584463e-09, 1.88747062424e-09, 2.18398032992e-09, 5.39436983971e-09, 6.94881763241e-10, 1.8113406608e-10, 2.17850529283e-10, 2.08204800622e-10, 2.42746545087e-10, 1.817928863e-10, 1.16051730725e-10, 1.22347187936e-10, 5.23351709192e-11, 2.39528327728e-11, 2.07026028265e-11, 2.13781319036e-11, 1.0506325844e-11, 1.09884662133e-11, 9.24075833214e-12, 4.80147605703e-12, 5.13571216804e-12, 3.21621158525e-12, 2.01138194642e-12]
    },
    "melbands128": {
