{
"lowlevel": {
    "average_loudness": 0.800083041191,
    "barkbands_crest": {
        "dmean": 3.43714976311,
        "dmean2": 5.61463069916,
        "dvar": 10.304353714,
        "dvar2": 24.4826927185,
        "max": 25.6618499756,
        "mean": 10.4593019485,
        "median": 10.046587944,
        "min": 1.75054049492,
        "stdev": 4.11553430557,
        "var": 16.9376220703
    },
    "barkbands_flatness_db": {
        "dmean": 0.0579866468906,
        "dmean2": 0.0949709638953,
        "dvar": 0.00570868048817,
        "dvar2": 0.0140017354861,
        "max": 0.537774443626,
        "mean": 0.161439776421,
        "median": 0.129075586796,
        "min": 0.0135259507224,
        "stdev": 0.100209087133,
        "var": 0.0100418608636
    },
    "barkbands_kurtosis": {
        "dmean": 11.4684009552,
        "dmean2": 18.4317493439,
        "dvar": 394.45703125,
        "dvar2": 990.833251953,
        "max": 244.327148438,
        "mean": 10.7713689804,
        "median": 2.67153644562,
        "min": -1.76515948772,
        "stdev": 22.6305923462,
        "var": 512.143676758
    },
    "barkbands_skewness": {
        "dmean": 1.28774392605,
        "dmean2": 1.90090119839,
        "dvar": 2.09865927696,
        "dvar2": 5.17204284668,
        "max": 14.0442819595,
        "mean": 1.88214433193,
        "median": 1.40784394741,
        "min": -1.81608474255,
        "stdev": 2.07876467705,
        "var": 4.32126283646
    },
    "barkbands_spread": {
        "dmean": 10.957110405,
        "dmean2": 16.1753044128,
        "dvar": 145.13520813,
        "dvar2": 250.94934082,
        "max": 80.0190505981,
        "mean": 25.3290710449,
        "median": 15.5616588593,
        "min": 0.379867851734,
        "stdev": 23.8230476379,
        "var": 567.537597656
    },
    "dissonance": {
        "dmean": 0.0219550430775,
        "dmean2": 0.0358149707317,
        "dvar": 0.00078839820344,
        "dvar2": 0.00191133690532,
        "max": 0.500000059605,
        "mean": 0.465100109577,
        "median": 0.479858696461,
        "min": 0.218202888966,
        "stdev": 0.0401965267956,
        "var": 0.00161576084793
    },
    "dynamic_complexity": 3.53829813004,
    "erbbands_crest": {
        "dmean": 4.27795124054,
        "dmean2": 7.20545959473,
        "dvar": 17.6286830902,
        "dvar2": 47.4644546509,
        "max": 30.1673526764,
        "mean": 9.86255836487,
        "median": 9.17441082001,
        "min": 2.15192985535,
        "stdev": 5.30224084854,
        "var": 28.1137580872
    },
    "erbbands_flatness_db": {
        "dmean": 0.0358569659293,
        "dmean2": 0.0577164180577,
        "dvar": 0.00201047677547,
        "dvar2": 0.00476861651987,
        "max": 0.388317555189,
        "mean": 0.171178936958,
        "median": 0.159964367747,
        "min": 0.0483049228787,
        "stdev": 0.0729417353868,
        "var": 0.00532049685717
    },
    "erbbands_kurtosis": {
        "dmean": 3.68032121658,
        "dmean2": 6.33215761185,
        "dvar": 108.374771118,
        "dvar2": 317.912384033,
        "max": 123.507469177,
        "mean": 2.17255926132,
        "median": -0.193287611008,
        "min": -1.83256816864,
        "stdev": 8.36061477661,
        "var": 69.8998794556
    },
    "erbbands_skewness": {
        "dmean": 0.838106989861,
        "dmean2": 1.27882134914,
        "dvar": 1.07442212105,
        "dvar2": 3.01355791092,
        "max": 9.01471042633,
        "mean": 0.66973567009,
        "median": 0.331444084644,
        "min": -1.7454059124,
        "stdev": 1.23390841484,
        "var": 1.52252984047
    },
    "erbbands_spread": {
        "dmean": 14.539144516,
        "dmean2": 21.3503017426,
        "dvar": 208.664230347,
        "dvar2": 336.931915283,
        "max": 115.821434021,
        "mean": 45.3749809265,
        "median": 32.6259498596,
        "min": 1.82048249245,
        "stdev": 33.4261665344,
        "var": 1117.30859375
    },
    "hfc": {
        "dmean": 15.2773160934,
        "dmean2": 24.0358982086,
        "dvar": 842.199951172,
        "dvar2": 2282.8581543,
        "max": 157.503387451,
        "mean": 17.8777275085,
        "median": 6.52835702896,
        "min": 0.0155476843938,
        "stdev": 26.5690612793,
        "var": 705.915039062
    },
    "loudness_ebu128": {
        "integrated": -13.5511989594,
        "loudness_range": 1.6290178299,
        "momentary": {
            "dmean": 1.02927231789,
            "dmean2": 1.92539620399,
            "dvar": 1.12646985054,
            "dvar2": 3.00462865829,
            "max": -6.81592559814,
            "mean": -13.8825120926,
            "median": -13.7321901321,
            "min": -18.4879894257,
            "stdev": 1.60077154636,
            "var": 2.56246948242
        },
        "short_term": {
            "dmean": 0.140747070312,
            "dmean2": 0.198829144239,
            "dvar": 0.0143803292885,
            "dvar2": 0.0117087820545,
            "max": -12.215555191,
            "mean": -13.7997150421,
            "median": -13.9247741699,
            "min": -15.3548183441,
            "stdev": 0.553621470928,
            "var": 0.306496709585
        }
    },
    "melbands_crest": {
        "dmean": 5.09946489334,
        "dmean2": 8.66112327576,
        "dvar": 24.6264266968,
        "dvar2": 60.2772064209,
        "max": 34.8456230164,
        "mean": 15.2986621857,
        "median": 15.5396871567,
        "min": 2.01663160324,
        "stdev": 6.30918741226,
        "var": 39.8058433533
    },
    "melbands_flatness_db": {
        "dmean": 0.0729205012321,
        "dmean2": 0.11796271801,
        "dvar": 0.00928294565529,
        "dvar2": 0.0223653037101,
        "max": 0.667416155338,
        "mean": 0.225525796413,
        "median": 0.176942333579,
        "min": 0.0205159503967,
        "stdev": 0.135744452477,
        "var": 0.0184265580028
    },
    "melbands_kurtosis": {
        "dmean": 19.0263271332,
        "dmean2": 30.239030838,
        "dvar": 834.315490723,
        "dvar2": 1996.96691895,
        "max": 535.18939209,
        "mean": 24.5479450226,
        "median": 12.5231142044,
        "min": -1.48433578014,
        "stdev": 38.2068138123,
        "var": 1459.76049805
    },
    "melbands_skewness": {
        "dmean": 1.44293820858,
        "dmean2": 2.24510765076,
        "dvar": 2.32559084892,
        "dvar2": 5.71385717392,
        "max": 17.5434112549,
        "mean": 3.20733189583,
        "median": 3.20641899109,
        "min": -1.38696372509,
        "stdev": 2.3230676651,
        "var": 5.39664316177
    },
    "melbands_spread": {
        "dmean": 13.3071908951,
        "dmean2": 21.5834064484,
        "dvar": 241.468093872,
        "dvar2": 550.380065918,
        "max": 147.766311646,
        "mean": 23.5056591034,
        "median": 15.8605136871,
        "min": 0.354822516441,
        "stdev": 22.8742008209,
        "var": 523.229064941
    },
    "pitch_salience": {
        "dmean": 0.135263606906,
        "dmean2": 0.231938272715,
        "dvar": 0.021872734651,
        "dvar2": 0.0559746101499,
        "max": 0.972037017345,
        "mean": 0.60873490572,
        "median": 0.632149219513,
        "min": 0.0979417189956,
        "stdev": 0.17091716826,
        "var": 0.0292126778513
    },
    "silence_rate_20dB": {
        "dmean": 0.00154798757285,
        "dmean2": 0.00309837330133,
        "dvar": 0.00154559127986,
        "dvar2": 0.00463795941323,
        "max": 1,
        "mean": 0.999226629734,
        "median": 1,
        "min": 0,
        "stdev": 0.0277992263436,
        "var": 0.000772797036916
    },
    "silence_rate_30dB": {
        "dmean": 0.00154798757285,
        "dmean2": 0.00309837330133,
        "dvar": 0.00154559116345,
        "dvar2": 0.00308877322823,
        "max": 1,
        "mean": 0.994586229324,
        "median": 1,
        "min": 0,
        "stdev": 0.0733788460493,
        "var": 0.00538445543498
    },
    "silence_rate_60dB": {
        "dmean": 0.140866875648,
        "dmean2": 0.280402779579,
        "dvar": 0.121022962034,
        "dvar2": 0.262194752693,
        "max": 1,
        "mean": 0.24748647213,
        "median": 0,
        "min": 0,
        "stdev": 0.431552141905,
        "var": 0.186237260699
    },
    "spectral_centroid": {
        "dmean": 485.404846191,
        "dmean2": 771.057250977,
        "dvar": 337974.1875,
        "dvar2": 796558.3125,
        "max": 4240.38623047,
        "mean": 1247.94885254,
        "median": 1079.9810791,
        "min": 120.231742859,
        "stdev": 908.453552246,
        "var": 825287.8125
    },
    "spectral_complexity": {
        "dmean": 5.73064994812,
        "dmean2": 9.48799419403,
        "dvar": 59.8578681946,
        "dvar2": 142.461914062,
        "max": 56,
        "mean": 10.3062648773,
        "median": 7,
        "min": 0,
        "stdev": 9.23796844482,
        "var": 85.340057373
    },
    "spectral_decrease": {
        "dmean": 3.23377213896e-09,
        "dmean2": 4.96285501583e-09,
        "dvar": 4.39265926316e-17,
        "dvar2": 9.56711074604e-17,
        "max": -1.06979160773e-12,
        "mean": -3.73579789326e-09,
        "median": -1.27677901585e-09,
        "min": -8.72611138902e-08,
        "stdev": 7.81631293023e-09,
        "var": 6.10947527149e-17
    },
    "spectral_energy": {
        "dmean": 0.0128422006965,
        "dmean2": 0.0194444991648,
        "dvar": 0.000635785341728,
        "dvar2": 0.00131300312933,
        "max": 0.332169979811,
        "mean": 0.0157213080674,
        "median": 0.00562241533771,
        "min": 7.18040246284e-06,
        "stdev": 0.0304230488837,
        "var": 0.00092556187883
    },
    "spectral_energyband_high": {
        "dmean": 0.000945288687944,
        "dmean2": 0.00143158307765,
        "dvar": 2.67870973403e-06,
        "dvar2": 6.93563879395e-06,
        "max": 0.00772253796458,
        "mean": 0.00117031636182,
        "median": 0.000144931429531,
        "min": 2.95381763493e-09,
        "stdev": 0.00177838094532,
        "var": 3.16263867717e-06
    },
    "spectral_energyband_low": {
        "dmean": 0.0080870334059,
        "dmean2": 0.0145102012902,
        "dvar": 0.000575784477405,
        "dvar2": 0.00152798963245,
        "max": 0.325252324343,
        "mean": 0.00632322439924,
        "median": 0.000123737278045,
        "min": 1.54124046858e-09,
        "stdev": 0.0246630758047,
        "var": 0.000608267262578
    },
    "spectral_energyband_middle_high": {
        "dmean": 0.00352733908221,
        "dmean2": 0.00656104972586,
        "dvar": 9.54143251874e-05,
        "dvar2": 0.000274430814898,
        "max": 0.0501154065132,
        "mean": 0.00277999113314,
        "median": 0.000531617377419,
        "min": 2.60493357018e-06,
        "stdev": 0.00747352093458,
        "var": 5.58535175514e-05
    },
    "spectral_energyband_middle_low": {
        "dmean": 0.00711914757267,
        "dmean2": 0.0124674253166,
        "dvar": 0.000224949268159,
        "dvar2": 0.00060428614961,
        "max": 0.085186637938,
        "mean": 0.00701236631721,
        "median": 0.00313113210723,
        "min": 5.80711301268e-08,
        "stdev": 0.0126626361161,
        "var": 0.000160342344316
    },
    "spectral_entropy": {
        "dmean": 0.506021797657,
        "dmean2": 0.811331510544,
        "dvar": 0.493564039469,
        "dvar2": 1.20920097828,
        "max": 8.72595787048,
        "mean": 7.45087051392,
        "median": 7.78650999069,
        "min": 3.97601127625,
        "stdev": 0.980484724045,
        "var": 0.961350262165
    },
    "spectral_flux": {
        "dmean": 0.0424274764955,
        "dmean2": 0.0585965998471,
        "dvar": 0.00372167350724,
        "dvar2": 0.00467881839722,
        "max": 0.501543998718,
        "mean": 0.0811068937182,
        "median": 0.0504457615316,
        "min": 0.00267962738872,
        "stdev": 0.0891889035702,
        "var": 0.00795466080308
    },
    "spectral_kurtosis": {
        "dmean": 6.93044090271,
        "dmean2": 11.5603189468,
        "dvar": 230.774719238,
        "dvar2": 602.320007324,
        "max": 181.996398926,
        "mean": 10.9340629578,
        "median": 3.82478094101,
        "min": 0.398842334747,
        "stdev": 18.2448825836,
        "var": 332.875732422
    },
    "spectral_rms": {
        "dmean": 0.00130277406424,
        "dmean2": 0.00191166310105,
        "dvar": 3.57057206202e-06,
        "dvar2": 6.21310891802e-06,
        "max": 0.0180018953979,
        "mean": 0.00301455100998,
        "median": 0.00234206812456,
        "min": 8.36974941194e-05,
        "stdev": 0.0025000742171,
        "var": 6.2503713707e-06
    },
    "spectral_rolloff": {
        "dmean": 1484.97546387,
        "dmean2": 2376.65869141,
        "dvar": 4729243.5,
        "dvar2": 7598191,
        "max": 14750.2441406,
        "mean": 3144.99731445,
        "median": 1162.79296875,
        "min": 64.599609375,
        "stdev": 3825.20581055,
        "var": 14632200
    },
    "spectral_skewness": {
        "dmean": 0.640706419945,
        "dmean2": 1.013428092,
        "dvar": 0.980241537094,
        "dvar2": 2.40500712395,
        "max": 10.1427078247,
        "mean": 2.19171667099,
        "median": 1.66731715202,
        "min": 0.609659135342,
        "stdev": 1.44866621494,
        "var": 2.09863376617
    },
    "spectral_spread": {
        "dmean": 978187.375,
        "dmean2": 1431016,
        "dvar": 1.51686414336e+12,
        "dvar2": 2.4092892201e+12,
        "max": 10228065,
        "mean": 5565787,
        "median": 5060611.5,
        "min": 404322.75,
        "stdev": 2725825.75,
        "var": 7.43012564992e+12
    },
    "spectral_strongpeak": {
        "dmean": 0.308220267296,
        "dmean2": 0.519011974335,
        "dvar": 0.156518951058,
        "dvar2": 0.44945192337,
        "max": 4.16703796387,
        "mean": 0.439472198486,
        "median": 0.295693546534,
        "min": 0.00474311131984,
        "stdev": 0.451422780752,
        "var": 0.203782513738
    },
    "zerocrossingrate": {
        "dmean": 0.0264628026634,
        "dmean2": 0.0256349556148,
        "dvar": 0.00102225167211,
        "dvar2": 0.000654551200569,
        "max": 0.4072265625,
        "mean": 0.0967876911163,
        "median": 0.06298828125,
        "min": 0.00390625,
        "stdev": 0.0901389271021,
        "var": 0.00812502671033
    },
    "barkbands": {
        "dmean": [7.21914111637e-05, 0.0012164398795, 0.00479174545035, 0.00414484972134, 0.00210175057873, 0.00111237878446, 0.000352651957655, 0.000230108213145, 0.000502757320646, 0.000367586006178, 0.000530570279807, 0.000442924647359, 0.000472384330351, 0.000497371132951, 0.000226756324992, 0.000173354172148, 0.000221811089432, 0.000297694350593, 0.000403733109124, 0.000155088695465, 0.000108946827822, 0.00013094341557, 0.000126826125779, 0.000186300763744, 0.000167914404301, 0.000141027063364, 3.93740920117e-05],
        "dmean2": [9.10358285182e-05, 0.00192617834546, 0.0090269651264, 0.00790563039482, 0.0036772924941, 0.00195799511857, 0.000598917889874, 0.000419568095822, 0.000966237741522, 0.000660274643451, 0.00102653016802, 0.000849647913128, 0.000893474556506, 0.000920694088563, 0.000395829323679, 0.000305224268232, 0.000414305104641, 0.000566359376535, 0.000771601102315, 0.000284172245301, 0.000186430595932, 0.000215658074012, 0.000202978568268, 0.000303085107589, 0.000257566978689, 0.000189246347873, 5.41638910363e-05],
        "dvar": [2.51831664855e-07, 7.37234804546e-05, 0.000228561024414, 0.000169046368683, 1.20453541967e-05, 2.43300792135e-06, 2.90700313599e-07, 3.15559645969e-07, 2.45125488618e-06, 1.00412353277e-06, 2.72924285127e-06, 1.85741441783e-06, 1.98316251954e-06, 1.40260806347e-06, 2.4594467618e-07, 1.37074209761e-07, 3.73530951947e-07, 7.8048094565e-07, 1.55862676365e-06, 1.61940576504e-07, 4.24977635305e-08, 5.44318616846e-08, 5.1302883719e-08, 1.25862825939e-07, 7.64780523355e-08, 5.076545051e-08, 5.53720314045e-09],
        "dvar2": [3.20140543408e-07, 0.00013207543816, 0.000646913365927, 0.000484799762489, 3.31789633492e-05, 6.8382732934e-06, 7.99879046554e-07, 8.55263351696e-07, 7.11288976163e-06, 2.80469589597e-06, 7.88553643361e-06, 5.36479819857e-06, 5.7114516494e-06, 3.91253252019e-06, 6.45499596885e-07, 3.6962063632e-07, 1.07647656478e-06, 2.25575763579e-06, 4.51173582405e-06, 4.66458686788e-07, 1.16832850949e-07, 1.46114231825e-07, 1.33625789545e-07, 3.4044808217e-07, 1.8638982624e-07, 8.97131400279e-08, 1.01720507573e-08],
        "max": [0.0185269936919, 0.296364367008, 0.131114095449, 0.0660164728761, 0.0245497450233, 0.0150503348559, 0.00316734891385, 0.00522840302438, 0.00905314553529, 0.00660389708355, 0.00973781943321, 0.00742080947384, 0.0115320980549, 0.00776180811226, 0.00337381614372, 0.00339561863802, 0.00342738395557, 0.00482758739963, 0.00667331926525, 0.0021947955247, 0.00118473626208, 0.00166266178712, 0.00110730831511, 0.00184183742385, 0.00143633200787, 0.00152961770073, 0.000530654448085],
        "mean": [0.000196908556973, 0.00173833884764, 0.00285638333298, 0.00247519044206, 0.00225689518265, 0.00132878450677, 0.000384583661798, 0.000207952951314, 0.000296910729958, 0.000262691843091, 0.000312182703055, 0.000287161587039, 0.000328920199536, 0.000506536103785, 0.000255519960774, 0.000174869957846, 0.00016856037837, 0.000203654853976, 0.000256297003943, 0.000127715611598, 0.000124327896629, 0.00014928226301, 0.000146566366311, 0.000203060582862, 0.000203682051506, 0.000209598787478, 5.87634422118e-05],
        "median": [4.46547346655e-06, 1.43164470501e-05, 3.43397769029e-05, 0.000126865517814, 0.00116795359645, 0.000599450082518, 0.000185837765457, 6.01086685492e-05, 3.10491377604e-05, 5.32674930582e-05, 2.38948705373e-05, 3.44439722539e-05, 2.53364160017e-05, 4.92292892886e-05, 3.37567180395e-05, 4.59854127257e-05, 2.89959007205e-05, 3.40245751431e-05, 3.13214004564e-05, 2.69562624453e-05, 2.6889360015e-05, 2.55809882219e-05, 1.69272134372e-05, 1.72365398612e-05, 1.49435018102e-05, 1.53789605974e-05, 2.3066288577e-06],
        "min": [3.0825563456e-12, 1.37563953284e-11, 4.51865544981e-10, 2.6423496724e-09, 1.0489050517e-08, 6.79060541131e-09, 5.64992053143e-09, 2.86228285518e-09, 1.18460281584e-08, 3.97362711624e-08, 3.83915121915e-08, 1.42085756494e-08, 4.56535502735e-08, 1.29033978169e-07, 7.25095183896e-09, 2.68497597489e-08, 9.56215218118e-10, 5.69828573216e-10, 5.77901837495e-10, 7.00909830176e-10, 6.17822182303e-10, 2.64253702253e-10, 3.32875282893e-10, 5.1962129044e-10, 2.22121959714e-10, 6.14275436073e-11, 4.10147420584e-13],
        "stdev": [0.00115728424862, 0.0153210414574, 0.0114972377196, 0.00969830434769, 0.00314619857818, 0.0017545443261, 0.000526806805283, 0.000489904894494, 0.00114667986054, 0.000795945758, 0.00121435744222, 0.00100387004204, 0.00106414465699, 0.00110730237793, 0.000503025134094, 0.000328274676576, 0.000467063888209, 0.000647406559438, 0.000909689406399, 0.000302417582134, 0.000190742182895, 0.000235880870605, 0.000231015568716, 0.000335714110406, 0.000320608931361, 0.000347126217093, 0.000107821942947],
        "var": [1.33930677748e-06, 0.000234734310652, 0.000132186469273, 9.40571117098e-05, 9.89856562228e-06, 3.07842583425e-06, 2.77525401771e-07, 2.40006784225e-07, 1.31487468025e-06, 6.33529623428e-07, 1.47466391809e-06, 1.00775503142e-06, 1.13240378141e-06, 1.22611868392e-06, 2.53034272646e-07, 1.07764272173e-07, 2.18148670683e-07, 4.19135261609e-07, 8.27534847758e-07, 9.14563926813e-08, 3.63825805039e-08, 5.56397878881e-08, 5.33681934201e-08, 1.12703972377e-07, 1.02790082224e-07, 1.20496608247e-07, 1.16255707283e-08]
    },
    "erbbands": {
        "dmean": [0.0293080918491, 0.389050513506, 3.97190499306, 11.9038648605, 9.53251266479, 6.28284263611, 13.1623373032, 4.95445775986, 4.65547370911, 5.1780629158, 6.1903295517, 11.2500143051, 11.0755157471, 15.8239469528, 22.1745967865, 18.3261985779, 22.1474285126, 25.381603241, 15.3896760941, 11.3808526993, 9.5531244278, 12.7827243805, 13.1158752441, 24.4214687347, 14.6447124481, 8.15864372253, 5.59291172028, 3.71206116676, 4.49628210068, 4.12464189529, 3.57139754295, 3.92744445801, 3.0842423439, 1.68025434017, 1.37078380585, 0.68337893486, 0.246258720756, 0.0858685597777, 0.00409004325047, 7.93511499069e-05],
        "dmean2": [0.0300911031663, 0.639216184616, 7.38298034668, 22.5680179596, 17.8436813354, 10.7696714401, 22.387424469, 8.9202671051, 7.82519006729, 9.14214801788, 11.3900346756, 21.5879211426, 21.163482666, 28.5536975861, 42.8298797607, 35.1147384644, 42.0901641846, 47.6266593933, 26.5620346069, 20.3640289307, 16.9707221985, 23.918214798, 24.7874164581, 46.7483978271, 27.8158378601, 15.0253887177, 9.84792900085, 6.1907119751, 7.40824985504, 6.6952586174, 5.62818622589, 6.44895935059, 4.98603725433, 2.53921771049, 2.17728972435, 1.02204525471, 0.318257182837, 0.10558245331, 0.00565226655453, 0.000104916631244],
        "dvar": [0.0827401205897, 5.01020097733, 152.27923584, 1372.56677246, 609.455444336, 89.1633758545, 428.217498779, 60.8028793335, 46.8200531006, 96.500579834, 270.799438477, 1201.6262207, 1162.13342285, 1892.11877441, 4667.58984375, 3178.25976562, 4227.23925781, 4331.31787109, 1156.85449219, 606.582519531, 462.096405029, 1296.73669434, 1519.1550293, 5708.15625, 1870.8581543, 460.92855835, 135.000823975, 42.0766220093, 62.6305580139, 53.573890686, 36.8722915649, 53.005153656, 33.7404670715, 7.26403856277, 5.69140386581, 1.16015696526, 0.182930499315, 0.0229709409177, 5.87601643929e-05, 1.55773705046e-08],
        "dvar2": [0.0683652386069, 11.2731580734, 420.843353271, 3918.21386719, 1738.4239502, 236.76449585, 1193.43359375, 167.451385498, 125.867118835, 274.634338379, 755.659606934, 3485.21191406, 3359.51586914, 5282.55859375, 13492.7714844, 9183.6015625, 12191.1904297, 12328.0244141, 2927.33032227, 1663.71459961, 1276.80090332, 3746.07666016, 4399.33789062, 16516.4042969, 5411.00927734, 1330.69360352, 380.099609375, 112.521156311, 164.216598511, 141.833679199, 93.4597702026, 142.519165039, 91.2497329712, 16.727596283, 14.6480731964, 2.63574743271, 0.323224753141, 0.0384005345404, 0.000108781110612, 2.66685891148e-08],
        "max": [13.2327394485, 75.7384490967, 117.507896423, 176.645095825, 140.325866699, 74.4793014526, 249.835708618, 43.30103302, 38.7076644897, 61.5517082214, 152.914108276, 194.03503418, 209.185684204, 264.342071533, 374.578155518, 314.596588135, 479.036987305, 439.271820068, 205.637130737, 152.466949463, 174.249938965, 198.430862427, 216.274124146, 386.835083008, 250.58757019, 115.31325531, 61.6152687073, 35.0759086609, 69.3282394409, 37.3431091309, 32.7967185974, 35.1191558838, 31.9938735962, 16.8564987183, 11.7266798019, 6.18945455551, 3.40033602715, 1.07047069073, 0.0569265298545, 0.000904581975192],
        "mean": [0.0657910108566, 0.362265199423, 2.47334384918, 7.09770822525, 6.58210897446, 6.9151968956, 16.6521263123, 5.6275396347, 5.49935102463, 4.90267944336, 4.94847869873, 6.78232240677, 6.87741756439, 10.9480724335, 13.3494853973, 11.9593286514, 15.4884672165, 23.0664348602, 18.7043323517, 12.045624733, 9.33267688751, 9.33619880676, 8.98719787598, 15.6420793533, 9.9478559494, 6.58338308334, 5.69128656387, 4.43100881577, 5.28144931793, 4.72559785843, 4.28509426117, 4.28188896179, 3.32425904274, 2.10928249359, 1.56031942368, 0.871005177498, 0.380599975586, 0.131168201566, 0.006111537572, 0.000124397891341],
        "median": [0.000769319478422, 0.00296961190179, 0.029180245474, 0.255086630583, 1.32383847237, 3.66743755341, 8.003865242, 2.59170246124, 2.81951570511, 1.9025374651, 0.935824096203, 0.781015694141, 0.92767059803, 2.02399110794, 1.37174642086, 1.26529037952, 1.2242358923, 2.54533553123, 1.99291336536, 2.24395036697, 2.40792274475, 1.58619332314, 1.50696122646, 2.05318045616, 1.4880810976, 1.34210813046, 1.17517387867, 0.978273510933, 0.957259833813, 0.656348347664, 0.470199882984, 0.386057138443, 0.267314910889, 0.16188980639, 0.10729752481, 0.0639746561646, 0.0266034528613, 0.00644232193008, 0.000263199064648, 2.11188635149e-05],
        "min": [3.3593555715e-10, 1.01196437896e-08, 3.69758879515e-07, 5.33652337253e-06, 2.37798121816e-05, 4.11680048273e-05, 1.58308703249e-05, 7.59421382099e-05, 0.000110971064714, 0.000109434506157, 0.000144160498166, 0.000264676753432, 0.00051496794913, 0.00155636214186, 0.00281645101495, 0.00127586722374, 0.00281838839874, 0.00845542550087, 0.00204446516, 0.00106867589056, 0.000938347366173, 9.11155802896e-05, 3.3335887565e-05, 1.86417164514e-05, 5.38293315913e-05, 3.40825899912e-05, 2.77063609246e-05, 1.99360165425e-05, 1.14078002298e-05, 5.26372241438e-06, 9.53612470767e-06, 1.17100862553e-05, 7.94025345385e-06, 3.31238902618e-06, 1.46903687437e-06, 6.45456509574e-07, 5.56397310447e-08, 4.42253389465e-09, 4.65308573894e-08, 3.21739932474e-08],
        "stdev": [0.656535089016, 2.88085532188, 9.73237419128, 27.8171920776, 18.8249435425, 9.28785800934, 23.4074001312, 7.46936178207, 7.18123197556, 8.20748615265, 13.6469898224, 25.4141807556, 25.2117938995, 34.2929077148, 50.2591934204, 41.5796051025, 49.0935821533, 55.4230155945, 37.3441314697, 23.0549430847, 18.5590343475, 27.028842926, 28.6563262939, 55.0255775452, 31.6118736267, 16.0440616608, 9.75397586823, 6.55343151093, 8.26760387421, 7.44999265671, 6.59587192535, 6.97432804108, 5.53613376617, 3.34558963776, 2.5104265213, 1.38088750839, 0.659183084965, 0.235357105732, 0.0111097982153, 0.000189325000974],
        "var": [0.431038349867, 8.29932785034, 94.7191162109, 773.796142578, 354.378509521, 86.2643051147, 547.90637207, 55.7913627625, 51.5700950623, 67.3628234863, 186.240325928, 645.880615234, 635.63458252, 1176.00341797, 2525.98657227, 1728.86352539, 2410.1796875, 3071.71069336, 1394.58422852, 531.530395508, 344.437774658, 730.558349609, 821.185058594, 3027.81420898, 999.31060791, 257.411895752, 95.1400527954, 42.9474639893, 68.3532714844, 55.5023880005, 43.5055236816, 48.641254425, 30.6487751007, 11.1929693222, 6.30224180222, 1.90685045719, 0.434522300959, 0.0553929693997, 0.000123427613289, 3.5843953583e-08]
    },
    "gfcc": {
        "mean": [-87.1459579468, 57.7178192139, -99.8998565674, 9.39001846313, -59.1756324768, 2.59339928627, -52.1080474854, -11.756155014, -36.2565040588, 0.209665551782, -19.1523799896, 3.73247742653, -9.72636508942],
        "cov": [[17110.1679688, -7785.70214844, -898.534423828, 300.735168457, -1783.6673584, -918.36328125, -1614.4699707, 596.928222656, -610.044067383, 321.684539795, -660.411376953, 88.7147674561, -1088.98205566], [-7785.70214844, 7380.58056641, 790.119995117, 5.56552886963, 1237.7668457, 616.010681152, 1200.90881348, -244.761611938, 490.486938477, -357.613067627, 447.229003906, -285.915161133, 519.602294922], [-898.534423828, 790.119995117, 1463.02807617, 145.362823486, -31.944355011, -190.429412842, -19.5040607452, -179.101776123, -105.486083984, -158.055648804, -56.2820663452, -51.9062995911, 37.0016288757], [300.735168457, 5.56552886963, 145.362823486, 497.742370605, 122.707275391, 154.114547729, 122.774078369, 70.4987564087, 48.9920768738, -41.9040641785, -38.8253822327, -36.849937439, 6.15963840485], [-1783.6673584, 1237.7668457, -31.944355011, 122.707275391, 800.445617676, 540.079528809, 467.772460938, 44.0149116516, 230.487487793, 10.0192928314, 86.0445480347, -61.1090164185, 173.504074097], [-918.36328125, 616.010681152, -190.429412842, 154.114547729, 540.079528809, 620.866271973, 395.283111572, 143.464584351, 163.750091553, 47.4779548645, 48.8799629211, -38.9027442932, 128.853637695], [-1614.4699707, 1200.90881348, -19.5040607452, 122.774078369, 467.772460938, 395.283111572, 476.909576416, 78.215385437, 181.68397522, -35.5930404663, 94.0805435181, -51.580657959, 142.543884277], [596.928222656, -244.761611938, -179.101776123, 70.4987564087, 44.0149116516, 143.464584351, 78.215385437, 190.819122314, 68.4507904053, 59.7195968628, -1.83579576015, -4.95593166351, -38.1341972351], [-610.044067383, 490.486938477, -105.486083984, 48.9920768738, 230.487487793, 163.750091553, 181.68397522, 68.4507904053, 186.424240112, 61.3444023132, 68.6312789917, -7.31679487228, 63.5274085999], [321.684539795, -357.613067627, -158.055648804, -41.9040641785, 10.0192928314, 47.4779548645, -35.5930404663, 59.7195968628, 61.3444023132, 139.061416626, 12.7163143158, 47.7497024536, -15.4529590607], [-660.411376953, 447.229003906, -56.2820663452, -38.8253822327, 86.0445480347, 48.8799629211, 94.0805435181, -1.83579576015, 68.6312789917, 12.7163143158, 92.3692550659, 11.5938863754, 64.2882156372], [88.7147674561, -285.915161133, -51.9062995911, -36.849937439, -61.1090164185, -38.9027442932, -51.580657959, -4.95593166351, -7.31679487228, 47.7497024536, 11.5938863754, 78.4010162354, 27.6363830566], [-1088.98205566, 519.602294922, 37.0016288757, 6.15963840485, 173.504074097, 128.853637695, 142.543884277, -38.1341972351, 63.5274085999, -15.4529590607, 64.2882156372, 27.6363830566, 146.420043945]],
        "icov": [[0.000194422857021, 6.84319384163e-05, 2.79826399492e-05, -0.000126333048684, 5.76299680688e-06, -0.000132326051244, 0.0004426286323, -0.000421833537985, -0.000108652297058, 0.000304609508021, 0.000106216597487, -0.000323852989823, 0.000864021363668], [6.84319384163e-05, 0.000553953053895, -0.000205925505725, 0.000204618409043, 1.01165669548e-05, -3.06725341943e-05, -0.000588403374422, 0.000560047337785, -0.000781084585469, 0.000810077006463, -0.00138516153675, 0.00113311875612, 0.000138949384564], [2.79826399492e-05, -0.000205925505725, 0.00105768803041, -0.000510997720994, -0.000216026266571, 0.000843941001222, -5.69991861994e-05, -6.23578671366e-05, 0.00105717440601, -0.000701058132108, 0.00137138087302, 0.000559896696359, -0.00099483167287], [-0.000126333048684, 0.000204618409043, -0.000510997720994, 0.00310343224555, 0.000375333824195, -0.0011306561064, -0.000452032341855, 0.000158691356773, -0.00266938796267, 0.00273147877306, 0.00122363795526, -0.000788959383499, 0.000422603072366], [5.76299680688e-06, 1.01165669548e-05, -0.000216026266571, 0.000375333824195, 0.00546418316662, -0.00379221513867, -0.00165250722785, 0.00336417113431, -0.00403835065663, 0.000479362759506, 0.00113824149594, 0.000518540560734, 0.000598111306317], [-0.000132326051244, -3.06725341943e-05, 0.000843941001222, -0.0011306561064, -0.00379221513867, 0.0100327432156, -0.00418949965388, -0.00508371880278, 0.00759303243831, -0.00857393071055, 0.0028270909097, 0.00788935367018, -0.00955151207745], [0.0004426286323, -0.000588403374422, -5.69991861994e-05, -0.000452032341855, -0.00165250722785, -0.00418949965388, 0.0126783726737, -0.00410577189177, -0.00456162588671, 0.0074481847696, -0.00200596451759, -0.00353843695484, 0.00196033413522], [-0.000421833537985, 0.000560047337785, -6.23578671366e-05, 0.000158691356773, 0.00336417113431, -0.00508371880278, -0.00410577189177, 0.0154039245099, -0.00681835506111, 0.00130133191124, -0.00186127913184, -0.00299896975048, 0.0078594898805], [-0.000108652297058, -0.000781084585469, 0.00105717440601, -0.00266938796267, -0.00403835065663, 0.00759303243831, -0.00456162588671, -0.00681835506111, 0.0245447773486, -0.0174188893288, -0.00301766605116, 0.0110124414787, -0.0106640113518], [0.000304609508021, 0.000810077006463, -0.000701058132108, 0.00273147877306, 0.000479362759506, -0.00857393071055, 0.0074481847696, 0.00130133191124, -0.0174188893288, 0.0295196268708, -0.00406778883189, -0.0200262963772, 0.0157571490854], [0.000106216597487, -0.00138516153675, 0.00137138087302, 0.00122363795526, 0.00113824149594, 0.0028270909097, -0.00200596451759, -0.00186127913184, -0.00301766605116, -0.00406778883189, 0.0276850946248, -0.00192343245726, -0.00797372963279], [-0.000323852989823, 0.00113311875612, 0.000559896696359, -0.000788959383499, 0.000518540560734, 0.00788935367018, -0.00353843695484, -0.00299896975048, 0.0110124414787, -0.0200262963772, -0.00192343245726, 0.0414853617549, -0.0253088921309], [0.000864021363668, 0.000138949384564, -0.00099483167287, 0.000422603072366, 0.000598111306317, -0.00955151207745, 0.00196033413522, 0.0078594898805, -0.0106640113518, 0.0157571490854, -0.00797372963279, -0.0253088921309, 0.0353993959725]]
    },
    "melbands": {
        "dmean": [0.000277263199678, 0.00158951582853, 0.00191288616043, 0.000517203996424, 0.000397431460442, 0.000130075379275, 7.2860661021e-05, 5.30926918145e-05, 5.46945921087e-05, 7.31267937226e-05, 5.41616027476e-05, 6.09217640886e-05, 7.49716200517e-05, 5.22919472132e-05, 4.7051722504e-05, 4.99712514284e-05, 4.72810643259e-05, 2.71152093774e-05, 1.78488080564e-05, 1.30577282107e-05, 1.0927625226e-05, 1.29670006572e-05, 1.3185132957e-05, 1.28176179715e-05, 2.12533468584e-05, 1.34950068968e-05, 6.11335417489e-06, 5.48113484911e-06, 3.61950151273e-06, 2.6405839435e-06, 2.0485879304e-06, 2.81706365968e-06, 2.46366926149e-06, 2.23320648729e-06, 1.94721587832e-06, 2.26183897212e-06, 2.62277512775e-06, 2.22335143008e-06, 1.86298586868e-06, 1.31106105528e-06],
        "dmean2": [0.000379068835173, 0.00290637393482, 0.00361046846956, 0.000928389374167, 0.000677745731082, 0.000233274025959, 0.000122693076264, 9.42273036344e-05, 0.000101559737232, 0.000140586998896, 0.000103489859612, 0.000109048742161, 0.000145066529512, 0.000100441226095, 9.04526896193e-05, 9.3960436061e-05, 8.90721057658e-05, 4.65250304842e-05, 3.17595004162e-05, 2.31293561228e-05, 1.97297486011e-05, 2.41784382524e-05, 2.50621833402e-05, 2.43507165578e-05, 4.07389707107e-05, 2.57975607383e-05, 1.13826381494e-05, 1.0090010619e-05, 6.41737506157e-06, 4.48942046205e-06, 3.41920690516e-06, 4.75106389786e-06, 4.06181106882e-06, 3.65298683391e-06, 3.04496279568e-06, 3.7493120999e-06, 4.37827566202e-06, 3.65994583262e-06, 2.97650808534e-06, 1.96589599e-06],
        "dvar": [5.02909597344e-06, 2.3638462153e-05, 3.33577409037e-05, 1.01860132418e-06, 3.90236039038e-07, 3.56647795741e-08, 1.17937242194e-08, 1.10398765685e-08, 2.25809255738e-08, 5.19492715512e-08, 2.77158402895e-08, 2.69579754075e-08, 5.39799636101e-08, 2.56697365586e-08, 2.0689922664e-08, 2.13026982721e-08, 1.42997276242e-08, 3.64501606676e-09, 1.52856338698e-09, 7.57562623743e-10, 6.13902040314e-10, 1.25334309597e-09, 1.52459100899e-09, 1.45664502682e-09, 4.32982361076e-09, 1.72565017831e-09, 2.69428868105e-10, 1.97418012493e-10, 6.39132219371e-11, 2.10259656908e-11, 1.16805618997e-11, 2.58352679527e-11, 1.78377052712e-11, 1.60501889557e-11, 9.97692987253e-12, 1.84338516673e-11, 2.29513422156e-11, 1.8872866811e-11, 9.77941685965e-12, 4.37746106724e-12],
        "dvar2": [5.83614792049e-06, 6.32869196124e-05, 9.47234875639e-05, 2.86500790025e-06, 1.09148936644e-06, 9.84106236501e-08, 3.19269091165e-08, 3.122961445e-08, 6.39342303543e-08, 1.50688990175e-07, 8.01616053536e-08, 7.47500976672e-08, 1.55979350325e-07, 7.41626635659e-08, 5.99048917138e-08, 6.11454211707e-08, 4.05909936774e-08, 9.19039777614e-09, 4.09463440931e-09, 2.05048777957e-09, 1.68621994145e-09, 3.60316088077e-09, 4.42484138219e-09, 4.20846468785e-09, 1.25251409244e-08, 4.99400520937e-09, 7.78119291223e-10, 5.68546487667e-10, 1.81603732052e-10, 5.68701995218e-11, 3.07890102302e-11, 6.86372833569e-11, 4.66343456906e-11, 4.23203208588e-11, 2.4072193891e-11, 4.97870529526e-11, 6.1607288715e-11, 5.18059831145e-11, 2.44396256704e-11, 9.73428716106e-12],
        "max": [0.0918678343296, 0.0607310347259, 0.0277335457504, 0.0056065521203, 0.00769118452445, 0.00133637944236, 0.000620827369858, 0.000660787103698, 0.00124966772273, 0.00131347437855, 0.00105301290751, 0.00099362898618, 0.00131645030342, 0.000896681274753, 0.000886738533154, 0.00111964996904, 0.000834185746498, 0.00037639492075, 0.000283584668068, 0.000259153661318, 0.000178085028892, 0.00019768155471, 0.000220588874072, 0.000214172643609, 0.000337761972332, 0.000240759502049, 9.67796368059e-05, 7.65305449022e-05, 4.43797216576e-05, 2.52149347943e-05, 1.93565374502e-05, 4.73871659779e-05, 2.73727273452e-05, 1.97092922463e-05, 1.96586570382e-05, 2.21063364734e-05, 2.54007773037e-05, 2.49076456385e-05, 1.47033324538e-05, 1.57942286023e-05],
        "mean": [0.000519416469615, 0.00105722609442, 0.00117939268239, 0.000467323960038, 0.000505698786583, 0.000150470703375, 8.32326550153e-05, 4.96584434586e-05, 4.11964283558e-05, 4.31031512562e-05, 3.37882665917e-05, 4.30016516475e-05, 4.44486286142e-05, 3.35035947501e-05, 3.1197694625e-05, 3.57313620043e-05, 4.43411627202e-05, 3.32053605234e-05, 1.94660369743e-05, 1.32813702294e-05, 1.04779865069e-05, 9.62150079431e-06, 8.84315886651e-06, 8.69891573529e-06, 1.34607253131e-05, 8.59729971125e-06, 4.60944920633e-06, 4.45505156677e-06, 3.43280248671e-06, 3.00324563796e-06, 2.39839278038e-06, 3.14742305818e-06, 2.78940751741e-06, 2.48349124377e-06, 2.41615589402e-06, 2.34980325331e-06, 2.81123016066e-06, 2.23840584113e-06, 2.1758010007e-06, 1.64878508713e-06],
        "median": [5.23127118868e-06, 1.60554136528e-05, 7.04299163772e-05, 0.000205709162401, 0.000259871070739, 6.50905058137e-05, 4.13615707657e-05, 1.82046023838e-05, 6.62479351377e-06, 4.40031317339e-06, 4.68955931865e-06, 8.20965851744e-06, 4.0214999899e-06, 3.92753327105e-06, 2.74110107057e-06, 2.75394950222e-06, 4.86298313263e-06, 3.16248383569e-06, 2.54243423115e-06, 3.31048158841e-06, 2.49795857599e-06, 1.56918645189e-06, 1.41194777825e-06, 1.2927790749e-06, 1.66851634731e-06, 1.0249556226e-06, 8.45698593821e-07, 9.13115115964e-07, 6.8333275749e-07, 7.12936866876e-07, 4.94661037465e-07, 5.62470631849e-07, 4.20090771058e-07, 3.14200008233e-07, 2.88236179813e-07, 2.32616571338e-07, 2.46177961571e-07, 1.79163365033e-07, 1.68664783473e-07, 1.28281357092e-07],
        "min": [2.56389961345e-12, 1.73016517779e-10, 1.42292067018e-09, 2.51499043813e-09, 7.95820964683e-10, 1.68389335808e-09, 1.54543566833e-09, 1.0146462559e-09, 1.14380016569e-09, 1.69510649961e-09, 2.78266942821e-09, 6.41629327447e-09, 7.14920878053e-09, 1.55245871714e-09, 2.10221373642e-09, 4.8753650006e-09, 1.36322011457e-08, 1.30141464272e-09, 5.33069921538e-10, 2.20949103458e-09, 6.57217336109e-10, 5.75490766153e-11, 3.53174954559e-11, 1.58382924831e-11, 1.02818109929e-11, 2.64953874812e-11, 3.76843799221e-11, 1.70362994545e-11, 1.10906310177e-11, 2.07897709464e-11, 9.00807466814e-12, 6.50946527583e-12, 4.04617051669e-12, 2.14695145342e-12, 5.54450452564e-12, 6.32996216207e-12, 6.43143394444e-12, 4.64993798674e-12, 2.07438189889e-12, 3.99596669773e-13],
        "stdev": [0.00483933277428, 0.00415854761377, 0.00436934782192, 0.000828562362585, 0.000694564834703, 0.000193733678316, 0.000111138688226, 8.74129982549e-05, 0.000120160846564, 0.000166916637681, 0.000123186793644, 0.000131105145556, 0.000170822851942, 0.00011793365411, 0.000106310049887, 0.000111845416541, 0.000103118349216, 6.75510818837e-05, 3.87463842344e-05, 2.44960501732e-05, 2.1733558242e-05, 2.70072468993e-05, 2.8690768886e-05, 2.79971482087e-05, 4.79158261442e-05, 3.02961052512e-05, 1.2164614418e-05, 1.0563883734e-05, 6.4349665081e-06, 4.4861239985e-06, 3.57744238499e-06, 5.04256604472e-06, 4.52219364888e-06, 3.99224427383e-06, 3.69861845684e-06, 3.97091798732e-06, 4.59756438431e-06, 3.93129585063e-06, 3.45728790307e-06, 2.68344615506e-06],
        "var": [2.34191411437e-05, 1.72935178853e-05, 1.90911996469e-05, 6.86515591042e-07, 4.82420318804e-07, 3.75327360302e-08, 1.23518075767e-08, 7.64103180728e-09, 1.44386289591e-08, 2.78611658189e-08, 1.51749866006e-08, 1.71885599087e-08, 2.91804447272e-08, 1.39083473627e-08, 1.13018261416e-08, 1.25093970738e-08, 1.06333946093e-08, 4.56314896979e-09, 1.5012824317e-09, 6.00056504485e-10, 4.72347549962e-10, 7.29391380627e-10, 8.23160206664e-10, 7.8384032598e-10, 2.29592655998e-09, 9.17853959503e-10, 1.47977852194e-10, 1.11595642449e-10, 4.14087965306e-11, 2.01253076704e-11, 1.27980933143e-11, 2.54274743622e-11, 2.04502352552e-11, 1.59380130621e-11, 1.36797777966e-11, 1.5768188838e-11, 2.11376003506e-11, 1.54550868631e-11, 1.19528397596e-11, 7.20088268527e-12]
    },
    "melbands128": {
