{
"lowlevel": {
    "average_loudness": 0.951654911041,
    "barkbands_crest": {
        "dmean": 2.76117491722,
        "dmean2": 4.21340417862,
        "dvar": 7.17097234726,
        "dvar2": 15.8538970947,
        "max": 26.1747970581,
        "mean": 12.515042305,
        "median": 12.0540685654,
        "min": 2.70032262802,
        "stdev": 4.71511983871,
        "var": 22.2323532104
    },
    "barkbands_flatness_db": {
        "dmean": 0.0304982308298,
        "dmean2": 0.0438404045999,
        "dvar": 0.000978308496997,
        "dvar2": 0.00189424853306,
        "max": 0.540396094322,
        "mean": 0.178887397051,
        "median": 0.169969275594,
        "min": 0.023234538734,
        "stdev": 0.0701293647289,
        "var": 0.00491812732071
    },
    "barkbands_kurtosis": {
        "dmean": 9.11072540283,
        "dmean2": 14.2897748947,
        "dvar": 656.812072754,
        "dvar2": 1459.45251465,
        "max": 482.108123779,
        "mean": 14.578371048,
        "median": 6.1671667099,
        "min": -1.87287926674,
        "stdev": 34.1864700317,
        "var": 1168.71472168
    },
    "barkbands_skewness": {
        "dmean": 0.80578649044,
        "dmean2": 1.1955960989,
        "dvar": 1.05643057823,
        "dvar2": 2.26182579994,
        "max": 17.8604774475,
        "mean": 2.53939509392,
        "median": 2.10134315491,
        "min": -1.82114171982,
        "stdev": 2.03537249565,
        "var": 4.14274072647
    },
    "barkbands_spread": {
        "dmean": 7.40228700638,
        "dmean2": 10.8256855011,
        "dvar": 102.131072998,
        "dvar2": 210.85899353,
        "max": 100.990867615,
        "mean": 20.322511673,
        "median": 15.307841301,
        "min": 0.163851097226,
        "stdev": 16.7543811798,
        "var": 280.709320068
    },
    "dissonance": {
        "dmean": 0.0266765914857,
        "dmean2": 0.0448201261461,
        "dvar": 0.000668186636176,
        "dvar2": 0.00175092741847,
        "max": 0.49934104085,
        "mean": 0.446542829275,
        "median": 0.451319843531,
        "min": 0.168535649776,
        "stdev": 0.0345295742154,
        "var": 0.00119229161646
    },
    "dynamic_complexity": 1.90067017078,
    "erbbands_crest": {
        "dmean": 3.83132338524,
        "dmean2": 6.03284597397,
        "dvar": 12.186290741,
        "dvar2": 29.0472927094,
        "max": 30.6243057251,
        "mean": 11.9395542145,
        "median": 10.6655788422,
        "min": 2.63805341721,
        "stdev": 6.0238366127,
        "var": 36.286605835
    },
    "erbbands_flatness_db": {
        "dmean": 0.0221035405993,
        "dmean2": 0.0334724076092,
        "dvar": 0.000447183847427,
        "dvar2": 0.00094649172388,
        "max": 0.365853697062,
        "mean": 0.15164975822,
        "median": 0.143705144525,
        "min": 0.0581574887037,
        "stdev": 0.0575240775943,
        "var": 0.00330901937559
    },
    "erbbands_kurtosis": {
        "dmean": 2.24767708778,
        "dmean2": 3.54507660866,
        "dvar": 14.0481739044,
        "dvar2": 32.8074188232,
        "max": 52.2828445435,
        "mean": 1.84808528423,
        "median": 0.306844472885,
        "min": -1.89504539967,
        "stdev": 4.85953378677,
        "var": 23.615070343
    },
    "erbbands_skewness": {
        "dmean": 0.604306578636,
        "dmean2": 0.894847452641,
        "dvar": 0.38235193491,
        "dvar2": 0.829131245613,
        "max": 6.68668222427,
        "mean": 0.973504245281,
        "median": 0.849906265736,
        "min": -2.86416196823,
        "stdev": 1.08415102959,
        "var": 1.1753834486
    },
    "erbbands_spread": {
        "dmean": 13.9162273407,
        "dmean2": 21.5923118591,
        "dvar": 242.76272583,
        "dvar2": 569.481140137,
        "max": 156.901107788,
        "mean": 47.2053756714,
        "median": 41.9859924316,
        "min": 4.17032814026,
        "stdev": 27.2822170258,
        "var": 744.319335938
    },
    "hfc": {
        "dmean": 7.48495769501,
        "dmean2": 11.1457633972,
        "dvar": 83.7567367554,
        "dvar2": 186.223495483,
        "max": 85.739074707,
        "mean": 22.2213459015,
        "median": 19.1432723999,
        "min": 1.19319969563e-16,
        "stdev": 15.058344841,
        "var": 226.753753662
    },
    "loudness_ebu128": {
        "integrated": -9.30741691589,
        "loudness_range": 2.79042339325,
        "momentary": {
            "dmean": 0.709180772305,
            "dmean2": 0.940001428127,
            "dvar": 0.524368643761,
            "dvar2": 1.20541536808,
            "max": -6.32834529877,
            "mean": -9.64181804657,
            "median": -9.34053421021,
            "min": -16.6139373779,
            "stdev": 1.81059813499,
            "var": 3.27826547623
        },
        "short_term": {
            "dmean": 0.067233607173,
            "dmean2": 0.0699170008302,
            "dvar": 0.00354222184978,
            "dvar2": 0.0042442465201,
            "max": -7.7080821991,
            "mean": -9.45465183258,
            "median": -9.20159339905,
            "min": -12.0932674408,
            "stdev": 1.06861805916,
            "var": 1.14194464684
        }
    },
    "melbands_crest": {
        "dmean": 3.52334117889,
        "dmean2": 5.25162029266,
        "dvar": 10.7735109329,
        "dvar2": 24.2776470184,
        "max": 38.85364151,
        "mean": 19.5682735443,
        "median": 17.7838973999,
        "min": 3.01232910156,
        "stdev": 8.18654537201,
        "var": 67.01953125
    },
    "melbands_flatness_db": {
        "dmean": 0.0342966280878,
        "dmean2": 0.0477178357542,
        "dvar": 0.00127368071117,
        "dvar2": 0.0023721253965,
        "max": 0.668279588223,
        "mean": 0.250073730946,
        "median": 0.242365181446,
        "min": 0.00866234395653,
        "stdev": 0.0862642303109,
        "var": 0.00744151789695
    },
    "melbands_kurtosis": {
        "dmean": 27.253993988,
        "dmean2": 43.2148094177,
        "dvar": 9951.34472656,
        "dvar2": 25326.9472656,
        "max": 2119.55249023,
        "mean": 41.5033836365,
        "median": 16.2223567963,
        "min": -1.5327091217,
        "stdev": 111.11706543,
        "var": 12347.0029297
    },
    "melbands_skewness": {
        "dmean": 1.29769420624,
        "dmean2": 1.99726891518,
        "dvar": 4.02970790863,
        "dvar2": 9.44322967529,
        "max": 36.6158561707,
        "mean": 3.86153316498,
        "median": 3.05178380013,
        "min": -0.546356618404,
        "stdev": 3.35293626785,
        "var": 11.242181778
    },
    "melbands_spread": {
        "dmean": 6.5226187706,
        "dmean2": 9.5539264679,
        "dvar": 130.869110107,
        "dvar2": 291.450378418,
        "max": 169.675598145,
        "mean": 17.5086917877,
        "median": 12.2181549072,
        "min": 0.204763114452,
        "stdev": 17.880865097,
        "var": 319.725311279
    },
    "pitch_salience": {
        "dmean": 0.0892837867141,
        "dmean2": 0.137181088328,
        "dvar": 0.00838180072606,
        "dvar2": 0.019756346941,
        "max": 0.933283805847,
        "mean": 0.440086990595,
        "median": 0.440433710814,
        "min": 0.0608224533498,
        "stdev": 0.143825158477,
        "var": 0.0206856746227
    },
    "silence_rate_20dB": {
        "dmean": 0,
        "dmean2": 0,
        "dvar": 0,
        "dvar2": 0,
        "max": 1,
        "mean": 1,
        "median": 1,
        "min": 1,
        "stdev": 0,
        "var": 0
    },
    "silence_rate_30dB": {
        "dmean": 0.071207433939,
        "dmean2": 0.142525181174,
        "dvar": 0.0661370828748,
        "dvar2": 0.129957541823,
        "max": 1,
        "mean": 0.832946658134,
        "median": 1,
        "min": 0,
        "stdev": 0.373024493456,
        "var": 0.139147266746
    },
    "silence_rate_60dB": {
        "dmean": 0.0193498451263,
        "dmean2": 0.0387296676636,
        "dvar": 0.0189753249288,
        "dvar2": 0.0403277799487,
        "max": 1,
        "mean": 0.0348027832806,
        "median": 0,
        "min": 0,
        "stdev": 0.18328101933,
        "var": 0.0335919335485
    },
    "spectral_centroid": {
        "dmean": 325.068847656,
        "dmean2": 470.920410156,
        "dvar": 194707.09375,
        "dvar2": 324638.5,
        "max": 10744.0996094,
        "mean": 1184.17626953,
        "median": 1021.69573975,
        "min": 126.700744629,
        "stdev": 747.970947266,
        "var": 559460.5625
    },
    "spectral_complexity": {
        "dmean": 3.19582033157,
        "dmean2": 4.9240899086,
        "dvar": 13.0475025177,
        "dvar2": 28.6867141724,
        "max": 45,
        "mean": 12.6024751663,
        "median": 12,
        "min": 0,
        "stdev": 6.0210814476,
        "var": 36.2534217834
    },
    "spectral_decrease": {
        "dmean": 4.32073399281e-09,
        "dmean2": 6.32797592104e-09,
        "dvar": 4.34395089822e-17,
        "dvar2": 9.8338394359e-17,
        "max": 6.17523030363e-30,
        "mean": -1.31471491471e-08,
        "median": -8.11560418867e-09,
        "min": -7.36207823593e-08,
        "stdev": 1.28666810539e-08,
        "var": 1.6555147781e-16
    },
    "spectral_energy": {
        "dmean": 0.0166759565473,
        "dmean2": 0.0244444198906,
        "dvar": 0.000628173991572,
        "dvar2": 0.00142152002081,
        "max": 0.279234707355,
        "mean": 0.0516359619796,
        "median": 0.0330504067242,
        "min": 1.07993566536e-20,
        "stdev": 0.0490075200796,
        "var": 0.0024017370306
    },
    "spectral_energyband_high": {
        "dmean": 0.00055265869014,
        "dmean2": 0.000834658043459,
        "dvar": 8.31099612242e-07,
        "dvar2": 1.8556033865e-06,
        "max": 0.0102886529639,
        "mean": 0.00109849660657,
        "median": 0.000531471334398,
        "min": 7.78085019817e-21,
        "stdev": 0.00132947787642,
        "var": 1.76751143499e-06
    },
    "spectral_energyband_low": {
        "dmean": 0.0118457954377,
        "dmean2": 0.0165704954416,
        "dvar": 0.000627942848951,
        "dvar2": 0.00145015132148,
        "max": 0.275984019041,
        "mean": 0.0317542850971,
        "median": 0.00901830848306,
        "min": 1.42426867441e-22,
        "stdev": 0.0460569411516,
        "var": 0.00212124176323
    },
    "spectral_energyband_middle_high": {
        "dmean": 0.00134918093681,
        "dmean2": 0.00195219053421,
        "dvar": 3.43141255144e-06,
        "dvar2": 6.65105062581e-06,
        "max": 0.026650024578,
        "mean": 0.0035163119901,
        "median": 0.00189618789591,
        "min": 1.72906294495e-21,
        "stdev": 0.0043987617828,
        "var": 1.93491050595e-05
    },
    "spectral_energyband_middle_low": {
        "dmean": 0.00849680602551,
        "dmean2": 0.0136566516012,
        "dvar": 0.000207943812711,
        "dvar2": 0.000548781943507,
        "max": 0.124457269907,
        "mean": 0.015418629162,
        "median": 0.0118617061526,
        "min": 2.63183889898e-22,
        "stdev": 0.0153788765892,
        "var": 0.000236509848037
    },
    "spectral_entropy": {
        "dmean": 0.25905418396,
        "dmean2": 0.368155449629,
        "dvar": 0.0734637901187,
        "dvar2": 0.146960049868,
        "max": 9.81560611725,
        "mean": 7.42701482773,
        "median": 7.50362873077,
        "min": 5.46699333191,
        "stdev": 0.601154506207,
        "var": 0.361386746168
    },
    "spectral_flux": {
        "dmean": 0.0343466810882,
        "dmean2": 0.0520034320652,
        "dvar": 0.00167504698038,
        "dvar2": 0.00332732801326,
        "max": 0.440427541733,
        "mean": 0.0983091294765,
        "median": 0.0809959247708,
        "min": 1.03919955974e-10,
        "stdev": 0.0665056630969,
        "var": 0.00442300317809
    },
    "spectral_kurtosis": {
        "dmean": 1.47858631611,
        "dmean2": 2.35353517532,
        "dvar": 4.57277441025,
        "dvar2": 10.8091659546,
        "max": 46.1395645142,
        "mean": 3.7570939064,
        "median": 2.96779155731,
        "min": -1.19444298744,
        "stdev": 3.58108139038,
        "var": 12.8241434097
    },
    "spectral_rms": {
        "dmean": 0.00110945058987,
        "dmean2": 0.00159917003475,
        "dvar": 1.78700008746e-06,
        "dvar2": 3.58697911906e-06,
        "max": 0.0165052749217,
        "mean": 0.00636308081448,
        "median": 0.0056784064509,
        "min": 3.24591395429e-12,
        "stdev": 0.0031444770284,
        "var": 9.88773535937e-06
    },
    "spectral_rolloff": {
        "dmean": 589.681335449,
        "dmean2": 979.520019531,
        "dvar": 1983234.375,
        "dvar2": 4005788.75,
        "max": 18260.15625,
        "mean": 1204.7421875,
        "median": 538.330078125,
        "min": 43.06640625,
        "stdev": 1855.49572754,
        "var": 3442864.5
    },
    "spectral_skewness": {
        "dmean": 0.246540784836,
        "dmean2": 0.376337438822,
        "dvar": 0.0706621482968,
        "dvar2": 0.146032720804,
        "max": 5.3321313858,
        "mean": 1.57328486443,
        "median": 1.5241496563,
        "min": 0.018519166857,
        "stdev": 0.519133448601,
        "var": 0.269499540329
    },
    "spectral_spread": {
        "dmean": 863075.5625,
        "dmean2": 1223752.125,
        "dvar": 1.49501745562e+12,
        "dvar2": 1.85772408832e+12,
        "max": 40850440,
        "mean": 6419563.5,
        "median": 6176206.5,
        "min": 1550984.625,
        "stdev": 2599083.25,
        "var": 6.75523434906e+12
    },
    "spectral_strongpeak": {
        "dmean": 0.477946519852,
        "dmean2": 0.756497204304,
        "dvar": 0.398539692163,
        "dvar2": 0.906414985657,
        "max": 7.80987405777,
        "mean": 1.05056452751,
        "median": 0.648635923862,
        "min": 0,
        "stdev": 1.0759203434,
        "var": 1.15760457516
    },
    "zerocrossingrate": {
        "dmean": 0.0148030091077,
        "dmean2": 0.0165236499161,
        "dvar": 0.000496680033393,
        "dvar2": 0.000556396960746,
        "max": 0.52001953125,
        "mean": 0.0587342306972,
        "median": 0.046875,
        "min": 0.00146484375,
        "stdev": 0.0456643998623,
        "var": 0.00208523729816
    },
    "barkbands": {
        "dmean": [0.00250516552478, 0.00977948494256, 0.00243709748611, 0.00144734093919, 0.00307755661197, 0.00236960407346, 0.00178037967999, 0.00151453888975, 0.00068235368235, 0.00051681761397, 0.000460829585791, 0.00023356253223, 8.62946326379e-05, 0.00018832355272, 0.000111796754936, 0.000108332249511, 0.00015480001457, 9.49742534431e-05, 0.000215857799049, 0.000104437211121, 0.000113443886221, 7.01851313352e-05, 8.86511916178e-05, 0.000165974328411, 0.000133753288537, 6.57094205962e-05, 3.08723269882e-06],
        "dmean2": [0.00343777029775, 0.014102358371, 0.00421299645677, 0.00258521223441, 0.00477677118033, 0.00375150865875, 0.00289506535046, 0.00245995214209, 0.00113086914644, 0.000752579770051, 0.000682177953422, 0.000382853817428, 0.000140780277434, 0.000300558051094, 0.000177765527042, 0.000171525622136, 0.000244170252699, 0.000144734338392, 0.000337423523888, 0.00016401403991, 0.000191554878256, 0.000111893234134, 0.000136115850182, 0.000257955951383, 0.00019264187722, 0.000101358818938, 5.35623757969e-06],
        "dvar": [3.47370732925e-05, 0.000516256550327, 7.05135025783e-05, 2.85087407974e-05, 5.05414864165e-05, 2.12688537431e-05, 1.4637456843e-05, 8.25345432531e-06, 2.23291658585e-06, 1.39750773087e-06, 9.67412233877e-07, 2.67198345227e-07, 7.15344299351e-08, 4.51231869647e-07, 4.70684717868e-08, 7.32271203674e-08, 1.96168372213e-07, 5.35093285237e-08, 5.51903610813e-07, 9.76517782192e-08, 6.89523460551e-08, 3.36009478019e-08, 3.19337090104e-08, 9.47619014369e-08, 4.95781549148e-08, 1.29865815879e-08, 7.00337704496e-11],
        "dvar2": [7.15026253602e-05, 0.00120943028014, 0.000200013630092, 8.01461865194e-05, 0.000122229903354, 4.8852609325e-05, 4.04317179346e-05, 2.10955513467e-05, 5.21749325344e-06, 2.61674222202e-06, 1.9789538328e-06, 6.18011085862e-07, 1.58317590149e-07, 9.65109506978e-07, 1.06605739347e-07, 1.48864970129e-07, 4.3874914013e-07, 8.49984047591e-08, 1.33954017656e-06, 1.98871546786e-07, 1.84683543125e-07, 8.39468512481e-08, 7.59325118338e-08, 2.16478795778e-07, 1.00708270168e-07, 3.1082603158e-08, 1.9705310994e-10],
        "max": [0.0910220891237, 0.246027782559, 0.0937511324883, 0.0517500042915, 0.09208265692, 0.0594775900245, 0.045428853482, 0.0274762324989, 0.0285002104938, 0.0248831920326, 0.0116448737681, 0.0100914360955, 0.0058684614487, 0.0155296502635, 0.00333223561756, 0.00628329860047, 0.0103929108009, 0.00689775403589, 0.0177396666259, 0.00629337504506, 0.00312107359059, 0.00310210464522, 0.00244913320057, 0.00311979302205, 0.00333021674305, 0.00130312785041, 8.91225136002e-05],
        "mean": [0.00725177954882, 0.0217870622873, 0.0027903241571, 0.00121385720558, 0.00479772640392, 0.00369343417697, 0.00257031363435, 0.0019392950926, 0.000737066147849, 0.00109441950917, 0.000636537501123, 0.000368426408386, 0.000118640440633, 0.000362532504369, 0.000171014777152, 0.000148320832523, 0.000245768373134, 0.000159644230735, 0.000343722262187, 0.000189119004062, 0.000126968632685, 0.000101833808003, 0.000144980513141, 0.000247845251579, 0.000284770649159, 0.000107840518467, 2.71772114502e-06],
        "median": [0.000340929924278, 0.00529732462019, 0.000921566912439, 0.000205407530302, 0.00116917258129, 0.000849997566547, 0.000446643127361, 0.000566638191231, 0.000162248834386, 0.000175926368684, 0.000110678352939, 9.87864405033e-05, 3.54800467903e-05, 7.28694431018e-05, 6.13935262663e-05, 5.67843962926e-05, 7.52671403461e-05, 5.8650799474e-05, 0.000139076379128, 6.56197735225e-05, 4.87995312142e-05, 3.86629617424e-05, 6.11231298535e-05, 8.41816727188e-05, 8.80253646756e-05, 3.0916868127e-05, 6.82136800378e-08],
        "min": [2.02475950356e-23, 2.85232602686e-23, 6.1944488478e-23, 7.24923539526e-23, 4.71745510863e-23, 4.73882093293e-23, 1.28126867112e-23, 2.921791856e-23, 2.72274331695e-23, 6.83695712244e-23, 1.11869538794e-22, 1.70233987158e-22, 1.56280413518e-22, 8.30557000336e-23, 1.15135953057e-22, 2.47007419823e-22, 1.40491797951e-22, 1.61752066353e-22, 4.49675151731e-22, 1.77326604002e-22, 3.84020997515e-22, 4.66099917354e-22, 6.08528715926e-22, 9.28711277215e-22, 1.2190004783e-21, 1.48874839775e-21, 2.72723467443e-21],
        "stdev": [0.0155139043927, 0.0352902710438, 0.0071152751334, 0.00430423906073, 0.00878898240626, 0.00658664153889, 0.0052564041689, 0.00340909534134, 0.00176639878191, 0.0026762415655, 0.00138804118615, 0.000781983078923, 0.00033594967681, 0.00145111628808, 0.000316165125696, 0.000365766842151, 0.000650038709864, 0.000393462250941, 0.000881446176209, 0.000497518281918, 0.000253024016274, 0.000209723759326, 0.000232549049542, 0.000405642145779, 0.000404306134442, 0.000152063235873, 7.84745134297e-06],
        "var": [0.000240681227297, 0.00124540319666, 5.06271389895e-05, 1.85264725587e-05, 7.72462080931e-05, 4.3383846787e-05, 2.76297832897e-05, 1.16219316624e-05, 3.12016481985e-06, 7.16226941222e-06, 1.9266583422e-06, 6.11497569025e-07, 1.12862188928e-07, 2.1057385311e-06, 9.99603955165e-08, 1.33785377443e-07, 4.22550300527e-07, 1.54812553887e-07, 7.76947388204e-07, 2.47524440056e-07, 6.40211510472e-08, 4.39840555089e-08, 5.40790630055e-08, 1.64545554071e-07, 1.63463440117e-07, 2.3123227777e-08, 6.15824891081e-11]
    },
    "erbbands": {
        "dmean": [0.500700473785, 1.59154236317, 2.65668559074, 3.98667120934, 5.09893798828, 12.6310901642, 15.2335281372, 20.5323524475, 28.7044334412, 26.4771461487, 28.5294628143, 16.2492523193, 16.5562000275, 10.9607229233, 21.8175029755, 10.0673713684, 4.12049341202, 10.2897071838, 5.90273714066, 5.7263674736, 6.32637023926, 7.08525037766, 4.11865520477, 8.94237518311, 9.52343654633, 4.4945397377, 4.8123998642, 3.30071926117, 2.83443951607, 2.11458516121, 2.66460299492, 2.57794952393, 3.29879140854, 2.12638092041, 0.683626651764, 0.297439336777, 0.149626627564, 0.0153951803222, 0.000411336368416, 2.64554983005e-05],
        "dmean2": [0.676399886608, 2.36124920845, 4.37475204468, 6.87751436234, 9.03524494171, 19.2536754608, 23.2940235138, 32.5780715942, 47.246635437, 43.5111846924, 46.2556495667, 26.7175254822, 25.3480453491, 15.3018808365, 32.489074707, 16.3518943787, 6.47809934616, 15.7232208252, 9.18731975555, 9.11316585541, 10.1966753006, 11.2496404648, 6.25265550613, 13.8820772171, 14.7418336868, 7.08166265488, 7.93047428131, 5.52237033844, 4.61595106125, 3.27294158936, 4.09330844879, 4.0051317215, 5.149477005, 3.19276070595, 0.992899119854, 0.444901198149, 0.237034514546, 0.0249712299556, 0.000677047413774, 3.97528783651e-05],
        "dvar": [1.34060418606, 18.3627414703, 76.185508728, 207.065551758, 317.066345215, 972.729003906, 1007.98120117, 1962.66931152, 5179.92626953, 2119.26660156, 3927.19165039, 1355.29821777, 1101.23400879, 946.941589355, 2262.26025391, 556.946533203, 77.4260635376, 1446.90209961, 139.924255371, 177.314300537, 194.283370972, 434.337890625, 72.5881881714, 515.984313965, 1211.33325195, 125.44909668, 112.171829224, 51.5623970032, 58.8052062988, 21.5285434723, 28.3309669495, 23.9882202148, 39.9484672546, 13.1190605164, 1.44529545307, 0.252362012863, 0.102962590754, 0.000912121962756, 8.06835600997e-07, 1.24914245614e-09],
        "dvar2": [3.01662826538, 42.1540527344, 207.768737793, 570.224914551, 901.959716797, 2195.90917969, 2332.53540039, 4470.52880859, 14460.9775391, 5317.18994141, 9696.48535156, 3148.8449707, 2261.38867188, 1603.73474121, 4678.40917969, 1281.78051758, 173.326507568, 2839.95776367, 295.704315186, 382.085357666, 423.984741211, 938.950622559, 149.906311035, 1094.72631836, 2807.42529297, 281.211547852, 288.814117432, 136.305923462, 153.378646851, 48.6179275513, 68.5776977539, 52.3685722351, 94.8493804932, 27.4610462189, 2.86879253387, 0.557835400105, 0.268242835999, 0.00237017869949, 2.20587367039e-06, 2.85566015279e-09],
        "max": [13.1970252991, 54.3131866455, 85.2830352783, 177.770126343, 178.965545654, 456.997039795, 410.23324585, 749.942626953, 931.163208008, 478.598510742, 728.390075684, 782.59576416, 504.527893066, 889.08203125, 626.538757324, 433.595703125, 196.058868408, 891.502441406, 206.660064697, 259.671478271, 262.708587646, 511.341369629, 169.938613892, 401.136566162, 912.44519043, 177.117172241, 143.020690918, 83.9647598267, 119.054893494, 56.6414375305, 63.4900360107, 52.8356246948, 62.0330162048, 42.3741950989, 22.1025867462, 6.93848609924, 4.50369215012, 0.389660984278, 0.00884208176285, 0.000393434922444],
        "mean": [1.13363015652, 2.90824246407, 3.61074614525, 3.87310767174, 5.18018913269, 19.5487613678, 26.9408893585, 30.7314376831, 45.9539604187, 33.325592041, 37.4748039246, 19.3108558655, 29.3854045868, 24.4335365295, 31.4741916656, 17.4116821289, 6.5975060463, 19.9160957336, 10.7712316513, 8.7632484436, 9.57514476776, 12.1116933823, 7.84822702408, 16.0389518738, 15.9689569473, 8.48780345917, 6.13091039658, 4.03474903107, 4.06480836868, 3.20331001282, 4.37988567352, 4.23937082291, 4.84029483795, 4.40885305405, 1.26586854458, 0.494949430227, 0.218707799911, 0.0219292733818, 0.00055527855875, 7.99039335106e-05],
        "median": [0.189701765776, 0.9041492939, 1.4535857439, 0.892268657684, 1.64831769466, 3.58586287498, 7.50034332275, 6.71340370178, 6.54753398895, 10.6883049011, 9.72411727905, 5.91010332108, 6.85589122772, 5.44073057175, 6.77520179749, 5.02183914185, 2.57625365257, 3.979211092, 3.81993246078, 3.67788648605, 4.61416387558, 3.68637371063, 2.96862411499, 6.05389165878, 6.29538822174, 3.37917518616, 2.66112065315, 1.54873645306, 1.46019017696, 1.24252533913, 1.85618031025, 1.43224990368, 1.41018772125, 1.06639742851, 0.498054355383, 0.181253701448, 0.0431848503649, 0.00393283832818, 0.000119567688671, 5.33419006388e-05],
        "min": [9.52614191783e-22, 6.79426121871e-21, 5.49420471441e-20, 1.8026165478e-19, 2.31374618245e-19, 1.18820475412e-19, 3.43868570764e-19, 2.38308821621e-19, 1.47522285575e-19, 3.84646455312e-19, 7.12317485513e-19, 5.55949950853e-19, 1.92200936757e-18, 2.49464582613e-18, 6.07283166666e-18, 6.83973356003e-18, 6.56518693805e-18, 4.29317863494e-18, 5.91335579405e-18, 7.94772089744e-18, 1.37458880689e-17, 7.87839323594e-18, 8.20254463848e-18, 1.61042122553e-17, 1.98080160184e-17, 8.11426378761e-18, 1.30539523137e-17, 1.76360547968e-17, 1.62422488472e-17, 1.75530720378e-17, 1.72252620154e-17, 1.80532334126e-17, 1.63543979947e-17, 1.12492634199e-17, 1.04651003351e-17, 5.45216910174e-18, 3.22910817741e-18, 1.46958727424e-18, 4.19572915906e-19, 3.34162937519e-20],
        "stdev": [1.95807361603, 5.51312398911, 8.18381309509, 11.9878673553, 14.4536066055, 40.3068771362, 48.129524231, 59.3692588806, 100.249832153, 58.0697517395, 76.8924789429, 44.022857666, 63.5825691223, 79.9794235229, 67.9803237915, 36.2820205688, 13.4476423264, 80.2514419556, 20.7829017639, 17.0445632935, 17.4036464691, 35.3290214539, 14.4217786789, 38.1705093384, 42.9563674927, 17.9775753021, 11.1478223801, 7.50554895401, 8.36409473419, 5.97003078461, 6.86600923538, 7.16738843918, 7.92796039581, 6.72661495209, 1.86866271496, 0.721697390079, 0.360373675823, 0.0363066680729, 0.000942334241699, 6.72134483466e-05],
        "var": [3.83405208588, 30.394536972, 66.9748001099, 143.708953857, 208.90675354, 1624.64428711, 2316.45092773, 3524.70874023, 10050.0283203, 3372.09594727, 5912.45361328, 1938.01196289, 4042.74291992, 6396.70849609, 4621.32421875, 1316.3848877, 180.839080811, 6440.29394531, 431.928985596, 290.517120361, 302.886901855, 1248.13964844, 207.987701416, 1456.98779297, 1845.24963379, 323.193206787, 124.273948669, 56.3332672119, 69.9580764771, 35.6412696838, 47.1420860291, 51.3714599609, 62.8525543213, 45.2473487854, 3.49190044403, 0.520847141743, 0.129869177938, 0.00131817406509, 8.87993849119e-07, 4.51764803344e-09]
    },
    "gfcc": {
        "mean": [1.46250677109, 75.000213623, -89.1019363403, 30.1839141846, -63.1336746216, 16.4780349731, -39.8552055359, 23.4914512634, -23.2662029266, 10.0171718597, -6.87938642502, 5.77331018448, -4.78431558609],
        "cov": [[5227.68554688, -537.177307129, 724.301330566, 255.594421387, -53.4947280884, 353.536987305, -60.776134491, 368.303863525, -104.643585205, 301.793151855, -85.3535385132, 198.073913574, -208.444778442], [-537.177307129, 1542.3560791, -10.3479509354, 78.8102416992, 281.036682129, -157.071258545, 148.872970581, -142.476257324, 145.839584351, -89.4130859375, 146.327850342, -123.46660614, 80.048828125], [724.301330566, -10.3479509354, 1724.17919922, 555.608337402, 331.892059326, 316.158172607, 14.0792236328, 128.993087769, 161.445602417, 198.502761841, -53.2869987488, 238.035003662, -63.3944358826], [255.594421387, 78.8102416992, 555.608337402, 507.755279541, 187.527618408, 107.723831177, 51.634059906, 131.424987793, 92.906791687, 78.4736328125, 24.5491886139, 71.9804458618, -1.71401512623], [-53.4947280884, 281.036682129, 331.892059326, 187.527618408, 320.010314941, 111.620658875, 98.2228317261, 55.2660827637, 73.0779037476, 48.6307830811, 46.575881958, 31.910150528, 18.1248130798], [353.536987305, -157.071258545, 316.158172607, 107.723831177, 111.620658875, 375.092498779, 124.648162842, 26.7983207703, 31.1694259644, 83.7834243774, -24.0635032654, 23.3655700684, -62.2077140808], [-60.776134491, 148.872970581, 14.0792236328, 51.634059906, 98.2228317261, 124.648162842, 205.853927612, 31.2260494232, 47.6580505371, 34.6680183411, 22.6241149902, -16.1584663391, -22.5274009705], [368.303863525, -142.476257324, 128.993087769, 131.424987793, 55.2660827637, 26.7983207703, 31.2260494232, 296.535797119, 82.2728042603, 69.7294235229, 20.5160579681, 55.2405776978, -44.9350471497], [-104.643585205, 145.839584351, 161.445602417, 92.906791687, 73.0779037476, 31.1694259644, 47.6580505371, 82.2728042603, 184.769104004, 64.6035614014, 31.4508190155, 29.9503612518, -28.4670238495], [301.793151855, -89.4130859375, 198.502761841, 78.4736328125, 48.6307830811, 83.7834243774, 34.6680183411, 69.7294235229, 64.6035614014, 193.538909912, 31.4954128265, 60.1690559387, -34.250164032], [-85.3535385132, 146.327850342, -53.2869987488, 24.5491886139, 46.575881958, -24.0635032654, 22.6241149902, 20.5160579681, 31.4508190155, 31.4954128265, 130.769561768, 14.4952545166, 28.6054954529], [198.073913574, -123.46660614, 238.035003662, 71.9804458618, 31.910150528, 23.3655700684, -16.1584663391, 55.2405776978, 29.9503612518, 60.1690559387, 14.4952545166, 152.223709106, 8.45700359344], [-208.444778442, 80.048828125, -63.3944358826, -1.71401512623, 18.1248130798, -62.2077140808, -22.5274009705, -44.9350471497, -28.4670238495, -34.250164032, 28.6054954529, 8.45700359344, 128.185745239]],
        "icov": [[0.000309747149004, -0.000212958082557, -2.41801917582e-05, -5.51332777832e-05, 0.000316980818752, -0.000394175382098, 0.000327038957039, -0.000514945248142, 0.000689009029884, -0.000437269598478, 0.000191035738681, -0.00029259340954, 0.0002776782203], [-0.000212958082557, 0.00174281594809, -0.000250164448516, 7.24258643459e-05, -0.00144869403448, 0.00159204506781, -0.00135306280572, 0.00146208680235, -0.00172254582867, 0.00104769296013, -0.00135019037407, 0.00149749638513, -0.000205296571949], [-2.41801917582e-05, -0.000250164448516, 0.00161912001204, -0.00111544551328, -0.000806766620371, -0.000871643307619, 0.00114108982962, 0.000336476834491, -0.000326627428876, -0.000485843687784, 0.00128363375552, -0.0017698489828, 0.00054024491692], [-5.51332777832e-05, 7.24258643459e-05, -0.00111544551328, 0.00372047000565, -0.000713539833669, 0.000157632530318, -0.000444686505944, -0.00105428893585, -0.000346255052136, 0.000176460904186, -0.000593149918132, 0.000678275479004, -0.00084924598923], [0.000316980818752, -0.00144869403448, -0.000806766620371, -0.000713539833669, 0.00696011679247, -0.00189224258065, -0.000823653070256, -0.00171116099227, 0.00108698778786, -0.000585870118812, -0.000544875336345, -0.000476319517475, -0.00139754393604], [-0.000394175382098, 0.00159204506781, -0.000871643307619, 0.000157632530318, -0.00189224258065, 0.00623135175556, -0.00391015363857, 0.00191178941168, -0.000998885603622, 4.80760609207e-05, -0.000388427433791, 0.00158387608826, 0.000983656616881], [0.000327038957039, -0.00135306280572, 0.00114108982962, -0.000444686505944, -0.000823653070256, -0.00391015363857, 0.00906680244952, -0.00140584155452, 0.000303518172586, -0.00121200841386, 0.000582594948355, -0.000537943735253, 0.000903662992641], [-0.000514945248142, 0.00146208680235, 0.000336476834491, -0.00105428893585, -0.00171116099227, 0.00191178941168, -0.00140584155452, 0.0063490755856, -0.00313093001023, 0.00062418251764, -0.00108742294833, -0.000157666654559, 0.00127475976478], [0.000689009029884, -0.00172254582867, -0.000326627428876, -0.000346255052136, 0.00108698778786, -0.000998885603622, 0.000303518172586, -0.00313093001023, 0.0101649612188, -0.00274968962185, 0.000142664939631, -0.00155986531172, 0.00194106658455], [-0.000437269598478, 0.00104769296013, -0.000485843687784, 0.000176460904186, -0.000585870118812, 4.80760609207e-05, -0.00121200841386, 0.00062418251764, -0.00274968962185, 0.00868261232972, -0.00290058134124, -0.000810488592833, 0.000918788311537], [0.000191035738681, -0.00135019037407, 0.00128363375552, -0.000593149918132, -0.000544875336345, -0.000388427433791, 0.000582594948355, -0.00108742294833, 0.000142664939631, -0.00290058134124, 0.0114120300859, -0.0023113579955, -0.00174707488623], [-0.00029259340954, 0.00149749638513, -0.0017698489828, 0.000678275479004, -0.000476319517475, 0.00158387608826, -0.000537943735253, -0.000157666654559, -0.00155986531172, -0.000810488592833, -0.0023113579955, 0.0114485966042, -0.00239345245063], [0.0002776782203, -0.000205296571949, 0.00054024491692, -0.00084924598923, -0.00139754393604, 0.000983656616881, 0.000903662992641, 0.00127475976478, 0.00194106658455, 0.000918788311537, -0.00174707488623, -0.00239345245063, 0.0111417183653]]
    },
    "melbands": {
        "dmean": [0.00340108247474, 0.00137181789614, 0.00068441638723, 0.000582684006076, 0.000580088119023, 0.000485702505102, 0.000408270367188, 0.000300364044961, 0.00021783124248, 9.94448564597e-05, 8.28537231428e-05, 4.49938961538e-05, 6.30788345006e-05, 3.88858643419e-05, 1.45140857057e-05, 9.38254379435e-06, 2.19727189688e-05, 1.02418416645e-05, 7.32464377506e-06, 9.23175048229e-06, 8.44841360959e-06, 9.22194067243e-06, 3.86447982237e-06, 4.69903261546e-06, 7.89747718954e-06, 8.72532655194e-06, 5.20206958754e-06, 2.93972470899e-06, 2.63290849034e-06, 3.82687039746e-06, 1.42359556321e-06, 1.67036614585e-06, 1.40437975915e-06, 1.25527537875e-06, 1.53550956838e-06, 1.80280551376e-06, 1.61404216215e-06, 2.01157513402e-06, 3.07110326503e-06, 1.5984996935e-06],
        "dmean2": [0.00468016555533, 0.00206745928153, 0.00117696693633, 0.000935744377784, 0.000871288066264, 0.000767141580582, 0.000668990018312, 0.000491011538543, 0.000354600371793, 0.000161966585438, 0.000127036619233, 6.25009124633e-05, 9.39418314374e-05, 6.05274835834e-05, 2.36990072153e-05, 1.4832036868e-05, 3.3925040043e-05, 1.57774884428e-05, 1.17134759421e-05, 1.45385056385e-05, 1.36539583764e-05, 1.46532938743e-05, 6.05702280154e-06, 7.28110944692e-06, 1.22711880977e-05, 1.38743907883e-05, 8.01061378297e-06, 4.73854242955e-06, 4.2602277972e-06, 6.65342258799e-06, 2.32558522839e-06, 2.75422439699e-06, 2.20875494961e-06, 1.97929830392e-06, 2.42317628363e-06, 2.770488436e-06, 2.55110444414e-06, 3.12707811645e-06, 4.92035405841e-06, 2.34830918089e-06],
        "dvar": [5.93529293837e-05, 1.61531916092e-05, 5.94881203142e-06, 2.37911831391e-06, 1.29554337036e-06, 9.96353605842e-07, 9.03270063191e-07, 2.83003345203e-07, 2.43546878664e-07, 5.57886536967e-08, 2.79788778812e-08, 1.95777261069e-08, 1.86063608965e-08, 5.6114028979e-09, 1.11991438345e-09, 8.9923357649e-10, 7.21738535603e-09, 4.8211706849e-10, 2.0295630454e-10, 6.51366793836e-10, 5.05243236137e-10, 7.78843101124e-10, 6.788358764e-11, 8.712059546e-11, 4.06215033832e-10, 2.02017336193e-09, 2.63168431491e-10, 5.18215990952e-11, 2.84254928623e-11, 1.10937557751e-10, 7.6866221721e-12, 2.35488156752e-11, 1.29110082001e-11, 7.88456019224e-12, 9.50334168998e-12, 1.37726280033e-11, 1.08307677063e-11, 1.53408067499e-11, 3.62334710846e-11, 8.24961193108e-12],
        "dvar2": [0.000134387868457, 4.00245407945e-05, 1.63998174685e-05, 6.06249568591e-06, 2.93557195619e-06, 2.37089511756e-06, 2.4783785193e-06, 7.27362248654e-07, 5.99451652761e-07, 1.29254232206e-07, 5.77422198944e-08, 3.37446373067e-08, 3.84517591101e-08, 1.24909407262e-08, 2.68306377116e-09, 1.83694326417e-09, 1.44841543204e-08, 1.02733199725e-09, 4.96994112531e-10, 1.30566990553e-09, 1.0698077979e-09, 1.78720660493e-09, 1.48499545993e-10, 1.66565927717e-10, 8.29529611668e-10, 5.39429345636e-09, 5.52422108058e-10, 1.26391036526e-10, 6.70727709484e-11, 3.07905700936e-10, 1.96746334502e-11, 6.28327667673e-11, 3.19802830051e-11, 1.88627273523e-11, 2.3625658721e-11, 3.31227163752e-11, 2.43943198974e-11, 3.3729987553e-11, 9.11410877324e-11, 1.70477902628e-11],
        "max": [0.0885727927089, 0.048262372613, 0.0280319675803, 0.0181204993278, 0.0127378236502, 0.0143976313993, 0.0120048914105, 0.00544208241627, 0.00553835183382, 0.00538943056017, 0.0025079397019, 0.00400157924742, 0.00167047057766, 0.00141211121809, 0.000823724025395, 0.000700644275639, 0.00201118271798, 0.000346219865605, 0.000212842700421, 0.000566064380109, 0.000487938174047, 0.000644269981422, 0.000152429027366, 0.000234027058468, 0.00034095736919, 0.00121166079771, 0.0002998066484, 0.00011947130406, 7.08756560925e-05, 0.000103148893686, 3.87416694139e-05, 9.39115852816e-05, 4.52116291854e-05, 4.55948502349e-05, 4.21283075411e-05, 5.82445500186e-05, 4.27400373155e-05, 5.29167555214e-05, 5.84792360314e-05, 4.10718530475e-05],
        "mean": [0.00818866305053, 0.0023916810751, 0.000688423868269, 0.000796125154011, 0.00103181682061, 0.000742552510928, 0.000647610984743, 0.000365323561709, 0.000281756278127, 0.000111722729343, 0.000146797217894, 9.93137728074e-05, 8.88916692929e-05, 6.23676678515e-05, 2.3056365535e-05, 1.35234395202e-05, 4.17559567722e-05, 1.67783855431e-05, 1.08999865915e-05, 1.28977389977e-05, 1.15455432024e-05, 1.49019306264e-05, 6.26282508165e-06, 7.87108183431e-06, 1.346339468e-05, 1.29225063574e-05, 8.79225262906e-06, 5.02973125549e-06, 3.67631878362e-06, 3.67885058949e-06, 1.8790598233e-06, 2.31643866755e-06, 1.89599472833e-06, 1.78449295163e-06, 2.38957431975e-06, 2.88172577712e-06, 2.41112547883e-06, 2.69525207841e-06, 4.87217857881e-06, 3.28917303705e-06],
        "median": [0.00164629484061, 0.00100363534875, 0.000177973604877, 0.000181569979759, 0.000283748755464, 0.000150036357809, 9.04232438188e-05, 9.91970446194e-05, 6.45005275146e-05, 2.81956090475e-05, 3.14008429996e-05, 1.398679251e-05, 1.71259780473e-05, 1.79936050699e-05, 6.15725230091e-06, 3.84926852348e-06, 7.40486666473e-06, 5.87828344578e-06, 4.22346647611e-06, 4.59755983684e-06, 4.63175229015e-06, 4.03967487728e-06, 2.20476135837e-06, 2.87402281174e-06, 4.5198216867e-06, 5.09098663315e-06, 2.74621856988e-06, 1.85468275049e-06, 1.50049947933e-06, 1.12369798444e-06, 6.75961871366e-07, 7.9518451912e-07, 6.46038984087e-07, 5.84517863444e-07, 9.89269778984e-07, 9.98080167847e-07, 6.88598163379e-07, 7.58910175591e-07, 1.13947646696e-06, 6.77032630847e-07],
        "min": [9.47829946031e-24, 2.32827389461e-23, 3.30274635554e-23, 1.19775307149e-23, 1.02230764516e-23, 6.39074678665e-24, 2.33256190583e-24, 4.41453070664e-24, 6.11954035174e-24, 3.72508639143e-24, 9.85665529425e-24, 9.34863044901e-24, 1.77152458224e-23, 2.14661547867e-23, 1.4914335225e-23, 1.43226690357e-23, 7.01342152041e-24, 9.30837172157e-24, 8.99590470588e-24, 1.33552210656e-23, 1.76584147051e-23, 9.18897446812e-24, 5.32267842478e-24, 8.13091635672e-24, 1.31090278323e-23, 1.80056334103e-23, 7.19322106451e-24, 5.25937036499e-24, 7.9050907231e-24, 9.86164168403e-24, 1.01794887311e-23, 9.77514229691e-24, 8.02380166756e-24, 1.04521056493e-23, 9.0292869328e-24, 1.04597505003e-23, 1.14289229204e-23, 1.26703052064e-23, 7.30602580737e-24, 1.033578732e-23],
        "stdev": [0.0133884018287, 0.00453794654459, 0.0020320310723, 0.00163420685567, 0.00171841995325, 0.00138513965067, 0.00134861166589, 0.000652803981211, 0.000614366843365, 0.000278486200841, 0.000320468854625, 0.000359080091584, 0.000192018371308, 0.000115379538329, 5.45962757315e-05, 4.18191557401e-05, 0.000179096517968, 3.52298702637e-05, 1.84491527762e-05, 3.45082153217e-05, 2.64526497631e-05, 4.5488228352e-05, 1.2656243598e-05, 1.56074747792e-05, 3.36193224939e-05, 4.29071187682e-05, 2.48858032137e-05, 1.03556112663e-05, 6.60105342831e-06, 9.0539078883e-06, 3.37612209478e-06, 5.13739178132e-06, 3.98543079427e-06, 3.45135117641e-06, 3.76135017177e-06, 4.90809134135e-06, 4.55361850982e-06, 5.22834625372e-06, 7.66266748542e-06, 5.42678162674e-06],
        "var": [0.000179249298526, 2.05929609365e-05, 4.12915051129e-06, 2.67063205683e-06, 2.95296717923e-06, 1.9186118152e-06, 1.81875327598e-06, 4.26153007993e-07, 3.77446639277e-07, 7.75545672127e-08, 1.02700290938e-07, 1.28938509647e-07, 3.68710537657e-08, 1.33124382629e-08, 2.98075319982e-09, 1.74884184911e-09, 3.20755653149e-08, 1.24114374334e-09, 3.403712312e-10, 1.19081700056e-09, 6.99742708221e-10, 2.06917905032e-09, 1.60180507747e-10, 2.43593284432e-10, 1.13025877546e-09, 1.84102089129e-09, 6.19303219818e-10, 1.0723869015e-10, 4.3573904901e-11, 8.19732476343e-11, 1.13982000921e-11, 2.63927942001e-11, 1.58836589714e-11, 1.19118256925e-11, 1.41477558835e-11, 2.40893624492e-11, 2.07354428766e-11, 2.7335606001e-11, 5.87164691868e-11, 2.94499598319e-11]
    },
    "melbands128": {
