{
"lowlevel": {
    "average_loudness": 0.789902091026,
    "barkbands_crest": {
        "dmean": 1.79196345806,
        "dmean2": 2.78915786743,
        "dvar": 4.59512042999,
        "dvar2": 12.0988864899,
        "max": 21.851984024,
        "mean": 10.1434936523,
        "median": 9.283411026,
        "min": 2.57829737663,
        "stdev": 3.66905808449,
        "var": 13.4619874954
    },
    "barkbands_flatness_db": {
        "dmean": 0.0150115303695,
        "dmean2": 0.022365398705,
        "dvar": 0.00027497933479,
        "dvar2": 0.000654813367873,
        "max": 0.410273373127,
        "mean": 0.158627793193,
        "median": 0.149091273546,
        "min": 0.0465468615294,
        "stdev": 0.0606935806572,
        "var": 0.00368371093646
    },
    "barkbands_kurtosis": {
        "dmean": 1.95895469189,
        "dmean2": 3.04440593719,
        "dvar": 17.8014125824,
        "dvar2": 46.9121017456,
        "max": 65.1213226318,
        "mean": 4.63372659683,
        "median": 3.19961643219,
        "min": -1.76254761219,
        "stdev": 5.7976269722,
        "var": 33.6124763489
    },
    "barkbands_skewness": {
        "dmean": 0.373545616865,
        "dmean2": 0.548597872257,
        "dvar": 0.236828431487,
        "dvar2": 0.534012258053,
        "max": 7.51307058334,
        "mean": 1.51976418495,
        "median": 1.46219468117,
        "min": -1.87267816067,
        "stdev": 1.06114315987,
        "var": 1.12602472305
    },
    "barkbands_spread": {
        "dmean": 3.99183368683,
        "dmean2": 6.01113605499,
        "dvar": 42.6749572754,
        "dvar2": 90.9765472412,
        "max": 95.6667175293,
        "mean": 19.4018173218,
        "median": 14.1758108139,
        "min": 0.970886468887,
        "stdev": 16.4128513336,
        "var": 269.38168335
    },
    "dissonance": {
        "dmean": 0.0226542446762,
        "dmean2": 0.037473525852,
        "dvar": 0.00046889364603,
        "dvar2": 0.00123364792671,
        "max": 0.499831885099,
        "mean": 0.437027782202,
        "median": 0.441631495953,
        "min": 0.273662000895,
        "stdev": 0.0400057435036,
        "var": 0.00160045945086
    },
    "dynamic_complexity": 6.60265111923,
    "erbbands_crest": {
        "dmean": 2.55124139786,
        "dmean2": 3.94799971581,
        "dvar": 6.38847255707,
        "dvar2": 14.9968852997,
        "max": 25.574678421,
        "mean": 10.4902467728,
        "median": 9.53590393066,
        "min": 2.95413732529,
        "stdev": 4.51945590973,
        "var": 20.4254798889
    },
    "erbbands_flatness_db": {
        "dmean": 0.0149187669158,
        "dmean2": 0.0216239970177,
        "dvar": 0.000279142783256,
        "dvar2": 0.00055400817655,
        "max": 0.30932956934,
        "mean": 0.16616050899,
        "median": 0.166340142488,
        "min": 0.0580458827317,
        "stdev": 0.0444445200264,
        "var": 0.00197531539015
    },
    "erbbands_kurtosis": {
        "dmean": 0.980614900589,
        "dmean2": 1.42030239105,
        "dvar": 1.28502178192,
        "dvar2": 2.93448662758,
        "max": 13.5203533173,
        "mean": 1.16765356064,
        "median": 0.526797771454,
        "min": -1.77483487129,
        "stdev": 2.29763627052,
        "var": 5.27913284302
    },
    "erbbands_skewness": {
        "dmean": 0.323273926973,
        "dmean2": 0.470916002989,
        "dvar": 0.124604344368,
        "dvar2": 0.288389921188,
        "max": 3.05192089081,
        "mean": 0.675288915634,
        "median": 0.751015543938,
        "min": -2.05707502365,
        "stdev": 0.890431582928,
        "var": 0.792868375778
    },
    "erbbands_spread": {
        "dmean": 6.9102845192,
        "dmean2": 10.1966381073,
        "dvar": 86.9227905273,
        "dvar2": 180.0078125,
        "max": 133.831039429,
        "mean": 35.7287635803,
        "median": 28.614900589,
        "min": 6.78493452072,
        "stdev": 21.468454361,
        "var": 460.894561768
    },
    "hfc": {
        "dmean": 4.299305439,
        "dmean2": 5.7580742836,
        "dvar": 75.9563369751,
        "dvar2": 140.233337402,
        "max": 113.487472534,
        "mean": 15.2722654343,
        "median": 6.43052577972,
        "min": 1.16026255478e-16,
        "stdev": 19.3249206543,
        "var": 373.452575684
    },
    "loudness_ebu128": {
        "integrated": -11.0305862427,
        "loudness_range": 6.94584560394,
        "momentary": {
            "dmean": 0.916374027729,
            "dmean2": 0.846350729465,
            "dvar": 1.66844117641,
            "dvar2": 1.64827942848,
            "max": -6.72665882111,
            "mean": -14.7537403107,
            "median": -12.0021266937,
            "min": -56.3737716675,
            "stdev": 9.13347053528,
            "var": 83.4202880859
        },
        "short_term": {
            "dmean": 0.108425945044,
            "dmean2": 0.0969821289182,
            "dvar": 0.0172926932573,
            "dvar2": 0.0252836775035,
            "max": -8.18573951721,
            "mean": -12.1981296539,
            "median": -10.8078918457,
            "min": -17.0857429504,
            "stdev": 2.62849760056,
            "var": 6.90899944305
        }
    },
    "melbands_crest": {
        "dmean": 2.38610172272,
        "dmean2": 3.79874682426,
        "dvar": 8.47844600677,
        "dvar2": 21.5494174957,
        "max": 32.0568847656,
        "mean": 13.9882087708,
        "median": 13.5077037811,
        "min": 1.98697435856,
        "stdev": 4.74592828751,
        "var": 22.5238361359
    },
    "melbands_flatness_db": {
        "dmean": 0.0166544429958,
        "dmean2": 0.0242107082158,
        "dvar": 0.000374823226593,
        "dvar2": 0.00081440777285,
        "max": 0.557611644268,
        "mean": 0.228903338313,
        "median": 0.220282301307,
        "min": 0.00494032911956,
        "stdev": 0.0801366865635,
        "var": 0.00642188871279
    },
    "melbands_kurtosis": {
        "dmean": 4.68865346909,
        "dmean2": 6.9851140976,
        "dvar": 147.422027588,
        "dvar2": 360.67791748,
        "max": 232.860870361,
        "mean": 12.027888298,
        "median": 7.61441898346,
        "min": -1.61499524117,
        "stdev": 15.8815402985,
        "var": 252.223312378
    },
    "melbands_skewness": {
        "dmean": 0.508498430252,
        "dmean2": 0.726664721966,
        "dvar": 0.497688233852,
        "dvar2": 0.972575187683,
        "max": 12.9153795242,
        "mean": 2.33744335175,
        "median": 2.06009340286,
        "min": -0.447764575481,
        "stdev": 1.49349296093,
        "var": 2.23052120209
    },
    "melbands_spread": {
        "dmean": 4.49479579926,
        "dmean2": 6.77192306519,
        "dvar": 63.5121536255,
        "dvar2": 145.644104004,
        "max": 135.472885132,
        "mean": 21.2545108795,
        "median": 14.3575620651,
        "min": 0.805909693241,
        "stdev": 22.5264759064,
        "var": 507.442138672
    },
    "pitch_salience": {
        "dmean": 0.0541933439672,
        "dmean2": 0.0849640518427,
        "dvar": 0.00319555751048,
        "dvar2": 0.00851055700332,
        "max": 0.860578119755,
        "mean": 0.530426561832,
        "median": 0.530549585819,
        "min": 0.185170918703,
        "stdev": 0.0974696204066,
        "var": 0.00950032752007
    },
    "silence_rate_20dB": {
        "dmean": 0,
        "dmean2": 0,
        "dvar": 0,
        "dvar2": 0,
        "max": 1,
        "mean": 1,
        "median": 1,
        "min": 1,
        "stdev": 0,
        "var": 0
    },
    "silence_rate_30dB": {
        "dmean": 0.0201238393784,
        "dmean2": 0.0402788519859,
        "dvar": 0.0197189133614,
        "dvar2": 0.0448530353606,
        "max": 1,
        "mean": 0.980665147305,
        "median": 1,
        "min": 0,
        "stdev": 0.137699127197,
        "var": 0.0189610477537
    },
    "silence_rate_60dB": {
        "dmean": 0.0185758508742,
        "dmean2": 0.0364058874547,
        "dvar": 0.0182309281081,
        "dvar2": 0.0381780713797,
        "max": 1,
        "mean": 0.144624903798,
        "median": 0,
        "min": 0,
        "stdev": 0.351726323366,
        "var": 0.123711414635
    },
    "spectral_centroid": {
        "dmean": 168.441467285,
        "dmean2": 249.054946899,
        "dvar": 96372.5234375,
        "dvar2": 175199.875,
        "max": 10446.2695312,
        "mean": 1172.65881348,
        "median": 976.05871582,
        "min": 157.941711426,
        "stdev": 812.260742188,
        "var": 659767.5625
    },
    "spectral_complexity": {
        "dmean": 1.80185759068,
        "dmean2": 2.61347794533,
        "dvar": 4.88644361496,
        "dvar2": 9.11707401276,
        "max": 38,
        "mean": 11.8112916946,
        "median": 11,
        "min": 0,
        "stdev": 7.42250394821,
        "var": 55.0935630798
    },
    "spectral_decrease": {
        "dmean": 1.71480707412e-09,
        "dmean2": 2.48297582495e-09,
        "dvar": 2.83665477597e-17,
        "dvar2": 6.66726234912e-17,
        "max": -1.03757128527e-28,
        "mean": -5.03390529261e-09,
        "median": -3.10938230719e-09,
        "min": -8.52162997944e-08,
        "stdev": 6.52015019753e-09,
        "var": 4.25123586296e-17
    },
    "spectral_energy": {
        "dmean": 0.00678284978494,
        "dmean2": 0.00978932064027,
        "dvar": 0.000422016397351,
        "dvar2": 0.000981844030321,
        "max": 0.329728841782,
        "mean": 0.0203843731433,
        "median": 0.012525383383,
        "min": 1.09155286776e-20,
        "stdev": 0.0259476602077,
        "var": 0.000673281087074
    },
    "spectral_energyband_high": {
        "dmean": 0.000190630526049,
        "dmean2": 0.000294279423542,
        "dvar": 4.51672377721e-07,
        "dvar2": 1.19821504541e-06,
        "max": 0.0130145400763,
        "mean": 0.000489585509058,
        "median": 8.46651892061e-05,
        "min": 7.47388864273e-21,
        "stdev": 0.00115893769544,
        "var": 1.34313654598e-06
    },
    "spectral_energyband_low": {
        "dmean": 0.00212788628414,
        "dmean2": 0.00341391586699,
        "dvar": 0.000158015245688,
        "dvar2": 0.000397625321057,
        "max": 0.211549848318,
        "mean": 0.00534759927541,
        "median": 0.00286985444836,
        "min": 9.81997278884e-23,
        "stdev": 0.0119300568476,
        "var": 0.000142326258356
    },
    "spectral_energyband_middle_high": {
        "dmean": 0.0013062809594,
        "dmean2": 0.00167056778446,
        "dvar": 8.09609991848e-06,
        "dvar2": 1.29560157802e-05,
        "max": 0.0466508194804,
        "mean": 0.00365365715697,
        "median": 0.000819948967546,
        "min": 1.8318916329e-21,
        "stdev": 0.00623375317082,
        "var": 3.88596781704e-05
    },
    "spectral_energyband_middle_low": {
        "dmean": 0.00442734686658,
        "dmean2": 0.0064116017893,
        "dvar": 0.000250513781793,
        "dvar2": 0.000593975360971,
        "max": 0.316191196442,
        "mean": 0.0112839080393,
        "median": 0.00663864146918,
        "min": 4.48800513247e-22,
        "stdev": 0.0179125443101,
        "var": 0.000320859224303
    },
    "spectral_entropy": {
        "dmean": 0.133300498128,
        "dmean2": 0.198390334845,
        "dvar": 0.022950809449,
        "dvar2": 0.0472610220313,
        "max": 9.7908449173,
        "mean": 7.23406457901,
        "median": 7.18389797211,
        "min": 5.37351322174,
        "stdev": 0.535140931606,
        "var": 0.286375820637
    },
    "spectral_flux": {
        "dmean": 0.019115427509,
        "dmean2": 0.0300773195922,
        "dvar": 0.00110490480438,
        "dvar2": 0.00245578843169,
        "max": 0.494083702564,
        "mean": 0.0513912700117,
        "median": 0.0341498106718,
        "min": 1.04477405893e-10,
        "stdev": 0.0543686673045,
        "var": 0.00295595196076
    },
    "spectral_kurtosis": {
        "dmean": 1.65170919895,
        "dmean2": 2.68055391312,
        "dvar": 5.09972238541,
        "dvar2": 11.5863199234,
        "max": 61.280128479,
        "mean": 5.84750318527,
        "median": 4.46387243271,
        "min": -1.20306062698,
        "stdev": 5.82720470428,
        "var": 33.9563140869
    },
    "spectral_rms": {
        "dmean": 0.000535225553904,
        "dmean2": 0.000735191570129,
        "dvar": 1.17347371997e-06,
        "dvar2": 2.28100748245e-06,
        "max": 0.0179356262088,
        "mean": 0.00382244680077,
        "median": 0.00349569530226,
        "min": 3.26332602434e-12,
        "stdev": 0.0022969788406,
        "var": 5.27611200596e-06
    },
    "spectral_rolloff": {
        "dmean": 313.797790527,
        "dmean2": 496.797943115,
        "dvar": 662416.8125,
        "dvar2": 1209526,
        "max": 18733.8867188,
        "mean": 1332.79284668,
        "median": 667.529296875,
        "min": 86.1328125,
        "stdev": 1589.4041748,
        "var": 2526205.5
    },
    "spectral_skewness": {
        "dmean": 0.204080849886,
        "dmean2": 0.322887390852,
        "dvar": 0.0517902895808,
        "dvar2": 0.127121508121,
        "max": 6.19448709488,
        "mean": 1.75184631348,
        "median": 1.71690762043,
        "min": 0.0503013059497,
        "stdev": 0.713704109192,
        "var": 0.509373545647
    },
    "spectral_spread": {
        "dmean": 455564.09375,
        "dmean2": 669402.5,
        "dvar": 1.1908832297e+12,
        "dvar2": 1.47676174746e+12,
        "max": 40767564,
        "mean": 4550177.5,
        "median": 4224776,
        "min": 1279452.625,
        "stdev": 1983847.25,
        "var": 3.93564992307e+12
    },
    "spectral_strongpeak": {
        "dmean": 0.413453936577,
        "dmean2": 0.661805391312,
        "dvar": 0.690654098988,
        "dvar2": 1.43907999992,
        "max": 9.40492534637,
        "mean": 1.02976083755,
        "median": 0.32395529747,
        "min": 0,
        "stdev": 1.44453930855,
        "var": 2.08669376373
    },
    "zerocrossingrate": {
        "dmean": 0.00774296140298,
        "dmean2": 0.00900502596051,
        "dvar": 0.000172423751792,
        "dvar2": 0.000158125694725,
        "max": 0.50146484375,
        "mean": 0.0529518909752,
        "median": 0.041015625,
        "min": 0.00390625,
        "stdev": 0.0434224531054,
        "var": 0.0018855095841
    },
    "barkbands": {
        "dmean": [0.000379777164198, 0.00163657520898, 0.000327660876792, 0.000437612121459, 0.0017363630468, 0.000398097530706, 0.000447782105766, 0.00153324753046, 0.00119675882161, 0.000271758792223, 0.000199690897716, 0.000101937323052, 0.000373480259441, 0.000330581708113, 0.000304035173031, 7.44885328459e-05, 0.000145339043229, 7.87983371993e-05, 0.000124486468849, 6.97192590451e-05, 5.40274413652e-05, 5.51339799131e-05, 2.86411959678e-05, 3.55142947228e-05, 2.35144707403e-05, 1.58896891662e-05, 1.68727137861e-06],
        "dmean2": [0.000605168403126, 0.00276552513242, 0.000517866923474, 0.0006505419733, 0.00271943747066, 0.000576527090743, 0.000663596612867, 0.00219712266698, 0.00177680293564, 0.000364313164027, 0.000259471096797, 0.000137429771712, 0.00052127399249, 0.000468263780931, 0.00042974713142, 0.000111753870442, 0.00020306337683, 0.000113958805741, 0.000176025379915, 0.000108120308141, 9.13744661375e-05, 9.44038256421e-05, 4.26906008215e-05, 5.38386011613e-05, 3.22563719237e-05, 2.249332465e-05, 2.69653264695e-06],
        "dvar": [5.91505704506e-06, 0.000113011665235, 1.62814308169e-06, 5.72231783735e-06, 0.000154784545884, 7.2297763154e-07, 1.45560522924e-06, 1.41308792081e-05, 2.61428394879e-05, 7.18997398508e-07, 4.01305243258e-07, 2.59249674173e-07, 2.28492035603e-06, 1.69402437677e-06, 9.23862785385e-07, 1.04040957183e-07, 1.13595078233e-07, 3.86480358827e-08, 7.84984948154e-08, 3.17699182517e-08, 7.04000200358e-08, 5.77449661421e-08, 7.44666728281e-09, 1.14901963499e-08, 5.71283731432e-09, 4.36449321128e-09, 4.63732247047e-11],
        "dvar2": [1.47823384395e-05, 0.000301762862364, 4.12113786297e-06, 1.20037411762e-05, 0.000391997949919, 1.63764457284e-06, 3.50959544448e-06, 3.0625717045e-05, 5.41655826964e-05, 1.16728267585e-06, 7.88467900747e-07, 3.98780827027e-07, 3.70244106307e-06, 3.30885677613e-06, 1.83716053925e-06, 2.68159993766e-07, 1.95490514443e-07, 8.45244727543e-08, 1.43620511039e-07, 7.73760433503e-08, 2.04326468634e-07, 1.70590823245e-07, 1.53383421519e-08, 2.70496638421e-08, 9.21416454247e-09, 8.01521782279e-09, 1.05674899387e-10],
        "max": [0.031099550426, 0.184290140867, 0.0213122759014, 0.0521639846265, 0.254922032356, 0.0133448624983, 0.0243163257837, 0.0624758191407, 0.0836785808206, 0.0174650475383, 0.00961804203689, 0.01758932136, 0.0393241904676, 0.0267751198262, 0.0142379095778, 0.00811072997749, 0.00696820020676, 0.00378365581855, 0.00462079141289, 0.00273544085212, 0.00491715688258, 0.00441834423691, 0.00230422453023, 0.00222647562623, 0.00190093775745, 0.00193570647389, 0.000199472822715],
        "mean": [0.00031405754271, 0.00308368680999, 0.00170006777626, 0.000789289246313, 0.00286328163929, 0.000886806112248, 0.000765402161051, 0.00357542536221, 0.00211623031646, 0.000557649298571, 0.00038987636799, 0.000160078823683, 0.000618066638708, 0.000512272818014, 0.000606938032433, 0.000123999023344, 0.00033304997487, 0.000154502791702, 0.000264631584287, 0.00013593537733, 9.63734928519e-05, 9.88437823253e-05, 7.09990708856e-05, 8.09129342088e-05, 5.26089170307e-05, 3.1416911952e-05, 1.98219709091e-06],
        "median": [2.86948015855e-05, 0.00183563807514, 0.000873499724548, 0.00024389300961, 0.00121640460566, 0.00045051696361, 0.000352146336809, 0.000800405279733, 0.000214793893974, 0.000127713356051, 4.62508251076e-05, 3.53823743353e-05, 5.17145963386e-05, 3.57730314136e-05, 2.77534072666e-05, 2.36575415329e-05, 3.22944761137e-05, 2.53951548075e-05, 3.67638640455e-05, 3.51888083969e-05, 1.2544585843e-05, 1.19413607536e-05, 7.13215149517e-06, 1.21053226394e-05, 6.53313236398e-06, 3.5793727875e-06, 6.77397551385e-08],
        "min": [1.47995701628e-23, 5.11418966617e-23, 3.95427951448e-23, 6.881422214e-24, 9.06650018383e-23, 3.78868751305e-23, 6.76874148007e-23, 1.28017975908e-22, 1.04977563988e-22, 9.3189022258e-23, 9.97352614176e-23, 2.01339795015e-22, 2.02767431305e-22, 7.05662143685e-23, 1.14305301456e-22, 1.24831911862e-22, 1.24736731061e-22, 2.48822582455e-22, 3.70200179699e-22, 2.92398375336e-22, 4.87639025997e-22, 4.69596199373e-22, 6.34829313263e-22, 1.12169881491e-21, 1.07371264586e-21, 1.43930466618e-21, 2.41361286103e-21],
        "stdev": [0.00220566056669, 0.00897396449, 0.00236828369088, 0.00271913898177, 0.0112963663414, 0.00129915121943, 0.00137069902848, 0.00674254633486, 0.00720918597654, 0.00136597105302, 0.00114806555212, 0.000696516421158, 0.00282670021988, 0.00194502063096, 0.00172233523335, 0.000340698985383, 0.000672157621011, 0.0003027873463, 0.000534138584044, 0.000285555433948, 0.000282426102785, 0.000268286123173, 0.000191258150153, 0.000193690240849, 0.000146906706505, 0.000110073102405, 8.88143313205e-06],
        "var": [4.86493809149e-06, 8.05320378277e-05, 5.60876742384e-06, 7.39371716918e-06, 0.000127607883769, 1.68779399701e-06, 1.87881585134e-06, 4.54619294032e-05, 5.1972361689e-05, 1.86587703865e-06, 1.31805461479e-06, 4.85135160488e-07, 7.99023382569e-06, 3.78310505766e-06, 2.96643884212e-06, 1.16075788981e-07, 4.51795841627e-07, 9.16801781159e-08, 2.85304025738e-07, 8.15419127775e-08, 7.97644972295e-08, 7.197743912e-08, 3.65796815061e-08, 3.75159103783e-08, 2.15815809668e-08, 1.21160885769e-08, 7.88798470985e-11]
    },
    "erbbands": {
        "dmean": [0.0763444751501, 0.264500975609, 0.37149053812, 0.868763744831, 5.35039281845, 4.76296520233, 3.87182807922, 3.48582959175, 4.34877634048, 22.6508235931, 27.1234741211, 33.8693161011, 9.50732898712, 5.5381269455, 8.9937505722, 6.26079750061, 17.1052761078, 12.4688491821, 21.6713199615, 7.47113084793, 3.91915082932, 6.05380582809, 5.12669610977, 4.13805580139, 6.36630916595, 3.49395918846, 2.1936814785, 2.30864429474, 2.16248869896, 1.0371068716, 0.903725624084, 0.724980890751, 0.613063335419, 0.296818554401, 0.169793874025, 0.0753328353167, 0.0300398673862, 0.00577603653073, 0.000166820304003, 1.02197454908e-05],
        "dmean2": [0.132320463657, 0.451232850552, 0.60556691885, 1.32600748539, 8.48249053955, 7.33315753937, 5.91662406921, 5.08268499374, 5.94545650482, 33.3473434448, 39.295715332, 49.4664573669, 12.2375125885, 7.86620616913, 11.9347333908, 8.14620876312, 23.4652271271, 18.0742454529, 30.531452179, 11.2004117966, 5.56653881073, 8.50069522858, 7.09798431396, 5.84151697159, 9.00416374207, 5.39158058167, 3.81051397324, 3.93273282051, 3.66560292244, 1.64190769196, 1.37035024166, 1.07618141174, 0.924104034901, 0.420709460974, 0.233095526695, 0.109048299491, 0.0438407920301, 0.00835815351456, 0.000244567985646, 1.41512846312e-05],
        "dvar": [0.265037417412, 3.06641936302, 2.8927116394, 13.861041069, 2733.85791016, 416.808929443, 65.0133743286, 57.3565254211, 119.030563354, 3463.25463867, 5365.01806641, 20087.3964844, 629.410400391, 519.923950195, 790.023864746, 734.630554199, 5651.89355469, 1717.35144043, 4539.46582031, 595.633911133, 146.620422363, 201.372024536, 143.832366943, 98.5439682007, 211.169937134, 78.7895431519, 106.352043152, 140.059204102, 78.1587905884, 11.2169284821, 8.61007499695, 6.29892349243, 2.74671649933, 0.805596590042, 0.379000633955, 0.103942342103, 0.0135568659753, 0.000460141862277, 4.30727823186e-07, 6.73338329538e-10],
        "dvar2": [0.710682690144, 8.51213741302, 7.41780614853, 30.5856742859, 6773.95800781, 1062.68505859, 142.232772827, 132.21395874, 244.572662354, 7813.16113281, 11663.4257812, 41235.3164062, 1059.51245117, 796.976867676, 1651.13549805, 1188.44567871, 9105.13574219, 3899.14746094, 8756.28320312, 1612.19458008, 308.674621582, 357.398345947, 280.958496094, 183.389602661, 389.373504639, 192.413833618, 302.671386719, 413.984466553, 228.622329712, 29.1689548492, 19.4384346008, 15.3614082336, 6.27860116959, 1.54821372032, 0.584238946438, 0.175145491958, 0.0272862333804, 0.000743267184589, 8.51565459925e-07, 1.29197652576e-09],
        "max": [7.04100227356, 36.1081886292, 29.8959751129, 74.8241348267, 1023.46520996, 445.102783203, 159.32019043, 134.924636841, 164.158584595, 992.268859863, 1173.4276123, 2422.1940918, 501.35244751, 599.306640625, 474.50958252, 889.229370117, 2079.81665039, 753.918457031, 915.174987793, 427.255737305, 264.099884033, 250.356735229, 265.506652832, 257.777618408, 254.00617981, 126.771690369, 156.491455078, 239.16595459, 144.069244385, 59.8405456543, 73.0278778076, 61.3629379272, 32.6530647278, 22.261095047, 15.9030036926, 8.82113838196, 3.13030815125, 0.671319246292, 0.0203732643276, 0.000516638276167],
        "mean": [0.0945250019431, 0.666259765625, 2.0357427597, 2.11308836937, 6.17782402039, 9.51272773743, 9.40993690491, 7.70293617249, 8.85489654541, 47.400352478, 64.6920318604, 61.4096984863, 19.9434261322, 11.243847847, 17.6919364929, 11.5303440094, 28.9359951019, 21.3911304474, 40.5728302002, 14.5798091888, 9.05090236664, 13.7596702576, 11.5151405334, 9.98259830475, 13.2262859344, 6.95470333099, 3.9919424057, 3.82588601112, 3.80685901642, 2.39201807976, 2.08045601845, 1.66020679474, 1.32731473446, 0.669301271439, 0.33971580863, 0.150869056582, 0.0551630966365, 0.00924867577851, 0.000249498698395, 3.13056043524e-05],
        "median": [0.0370225608349, 0.43895599246, 1.30409729481, 0.787130951881, 1.98051559925, 3.86736822128, 5.62232685089, 3.99328064919, 4.23493289948, 15.5941781998, 11.5129880905, 7.23556756973, 4.31191825867, 2.57953929901, 2.87471222878, 2.51907753944, 2.76158905029, 2.0549018383, 1.9654519558, 1.17348206043, 1.63944160938, 1.53819596767, 1.38721680641, 1.82926511765, 2.33978772163, 1.9210999012, 0.657002329826, 0.488089621067, 0.444388926029, 0.305346369743, 0.197466179729, 0.209484860301, 0.190652504563, 0.0840336084366, 0.0387741141021, 0.0150996344164, 0.00616836640984, 0.000854703015648, 3.14212920784e-05, 1.71700394276e-05],
        "min": [1.73435217528e-21, 1.07886049212e-20, 3.86472546987e-20, 4.26820478563e-20, 2.84588646316e-20, 2.65799600593e-19, 6.48178779695e-19, 3.76344379546e-19, 8.98680140148e-19, 1.56613393418e-18, 2.91594028583e-18, 2.17377564228e-18, 1.89855610887e-18, 4.2974642577e-18, 4.43975545308e-18, 9.82682792215e-18, 7.90907750076e-18, 4.45700878629e-18, 5.77525799079e-18, 5.62259353694e-18, 7.87750153524e-18, 7.27362577367e-18, 1.3046190878e-17, 1.595765074e-17, 1.84907656345e-17, 1.39925541547e-17, 1.5834869013e-17, 2.0783424088e-17, 1.80650703671e-17, 1.32149564024e-17, 1.76196981274e-17, 2.22270941393e-17, 1.95129226436e-17, 1.15359873813e-17, 8.23874288927e-18, 5.34448218011e-18, 2.75496349401e-18, 1.06270550612e-18, 3.29124851827e-19, 3.87470850589e-20],
        "stdev": [0.426915615797, 1.45813679695, 2.67307329178, 4.5729136467, 47.4877929688, 20.5956020355, 13.27277565, 11.1062021255, 15.3133611679, 83.5975875854, 153.018127441, 200.128417969, 40.5049514771, 37.6294784546, 49.645652771, 38.933265686, 139.746780396, 58.8192253113, 107.168563843, 38.3726119995, 19.2610416412, 27.3554897308, 22.0005397797, 20.5680980682, 25.570980072, 13.8885889053, 11.5703201294, 11.4434738159, 10.258310318, 5.89299345016, 5.79124355316, 4.38751268387, 3.02396130562, 1.68220937252, 1.11035132408, 0.539400339127, 0.187573373318, 0.036673463881, 0.00100800103974, 4.35729743913e-05],
        "var": [0.182256951928, 2.12616300583, 7.1453204155, 20.9115390778, 2255.09057617, 424.178833008, 176.166564941, 123.347724915, 234.499038696, 6988.55615234, 23414.5488281, 40051.3828125, 1640.65124512, 1415.9777832, 2464.69091797, 1515.79907227, 19529.1640625, 3459.70117188, 11485.1015625, 1472.45727539, 370.987731934, 748.322814941, 484.023742676, 423.046630859, 653.875061035, 192.89289856, 133.872299194, 130.953094482, 105.232925415, 34.7273712158, 33.5385017395, 19.2502689362, 9.14434146881, 2.82982850075, 1.23288011551, 0.290952712297, 0.0351837724447, 0.00134494295344, 1.01606599401e-06, 1.89860394073e-09]
    },
    "gfcc": {
        "mean": [-68.9816513062, 102.72971344, -101.329750061, 31.5895862579, -62.104675293, 7.68431043625, -33.8872184753, 16.4111042023, -19.0710468292, 8.74857997894, -12.0739593506, -4.94883871078, -13.7180290222],
        "cov": [[20289.1992188, 150.189346313, -535.700012207, -1020.72174072, -135.810028076, 439.00189209, -546.097106934, 151.428253174, -650.690673828, -457.859313965, -381.808258057, -118.741378784, -509.618225098], [150.189346313, 2292.58227539, 278.736053467, -151.964523315, 291.905975342, -4.10073184967, 367.129241943, -238.663330078, 103.633644104, -278.048187256, 74.0255432129, -193.579605103, 172.485168457], [-535.700012207, 278.736053467, 751.277893066, 291.519012451, -90.9326782227, 110.613113403, 156.952896118, -167.164764404, -31.348783493, -24.1266765594, -47.9998321533, 9.21483039856, 33.2702293396], [-1020.72174072, -151.964523315, 291.519012451, 587.323791504, -149.376251221, 15.6962471008, 51.3667297363, -86.3963775635, 7.09529209137, 66.0318908691, 7.6632900238, 18.9513931274, 48.3287124634], [-135.810028076, 291.905975342, -90.9326782227, -149.376251221, 361.801818848, -22.2570877075, -0.097614787519, 86.4524993896, 44.641002655, -57.3818740845, 9.02216911316, -32.6313323975, -11.4474544525], [439.00189209, -4.10073184967, 110.613113403, 15.6962471008, -22.2570877075, 169.542404175, 76.7328033447, -32.444896698, -29.1451511383, -15.2498455048, -15.5866537094, -13.3512449265, -6.65808677673], [-546.097106934, 367.129241943, 156.952896118, 51.3667297363, -0.097614787519, 76.7328033447, 251.079315186, -64.2612686157, 9.73235034943, -45.6110572815, 21.5389842987, -21.6752643585, 38.209274292], [151.428253174, -238.663330078, -167.164764404, -86.3963775635, 86.4524993896, -32.444896698, -64.2612686157, 172.084075928, 36.9988555908, 28.453414917, 4.23034191132, 4.99096298218, -42.7622871399], [-650.690673828, 103.633644104, -31.348783493, 7.09529209137, 44.641002655, -29.1451511383, 9.73235034943, 36.9988555908, 136.099868774, 33.5141372681, -5.04509067535, -43.750038147, 24.3406276703], [-457.859313965, -278.048187256, -24.1266765594, 66.0318908691, -57.3818740845, -15.2498455048, -45.6110572815, 28.453414917, 33.5141372681, 115.925949097, 19.6072673798, 15.5638465881, -15.607550621], [-381.808258057, 74.0255432129, -47.9998321533, 7.6632900238, 9.02216911316, -15.5866537094, 21.5389842987, 4.23034191132, -5.04509067535, 19.6072673798, 97.037689209, 19.0167312622, 5.93162822723], [-118.741378784, -193.579605103, 9.21483039856, 18.9513931274, -32.6313323975, -13.3512449265, -21.6752643585, 4.99096298218, -43.750038147, 15.5638465881, 19.0167312622, 95.9629058838, -7.85713911057], [-509.618225098, 172.485168457, 33.2702293396, 48.3287124634, -11.4474544525, -6.65808677673, 38.209274292, -42.7622871399, 24.3406276703, -15.607550621, 5.93162822723, -7.85713911057, 83.1722106934]],
        "icov": [[0.000140578136779, -0.00030977113056, 0.000172567626578, -1.68029055203e-05, 0.000351943977876, -0.00055968167726, 0.000524370756466, -0.000464451586595, 0.000649579451419, 9.1390509624e-05, 0.000639807200059, -6.43478124402e-05, 0.000743793440051], [-0.00030977113056, 0.00256559136324, -0.00101714814082, 0.000686522049364, -0.00169343827292, 0.00235760980286, -0.00223063863814, 0.00313582504168, -0.00288731744513, 0.00293855345808, -0.00392827298492, 0.00260425871238, -0.00269544241019], [0.000172567626578, -0.00101714814082, 0.00285281403922, -0.00121786608361, 0.000430090818554, -0.00178348657209, 6.56447227811e-05, 0.000457223970443, 0.00107224984095, -0.000899974606, 0.00306911743246, -0.00179354404099, 0.00198360253125], [-1.68029055203e-05, 0.000686522049364, -0.00121786608361, 0.00284294923767, 0.000183557422133, 0.000781823066063, -0.000522132206243, 0.000816602492705, -0.000409075058997, -0.000541514542419, -0.00121481157839, 0.000929034489673, -0.00175139913335], [0.000351943977876, -0.00169343827292, 0.000430090818554, 0.000183557422133, 0.00549752591178, -0.00179526337888, 0.00205107894726, -0.00425548478961, 0.000812215730548, 0.00163184874691, 0.00148946745321, -0.000716891721822, 0.00276698824018], [-0.00055968167726, 0.00235760980286, -0.00178348657209, 0.000781823066063, -0.00179526337888, 0.0110163642094, -0.00533219007775, 0.00286992848851, -0.000945465115365, 0.000270337768598, -0.0025699227117, 0.00346523546614, -0.00266147195362], [0.000524370756466, -0.00223063863814, 6.56447227811e-05, -0.000522132206243, 0.00205107894726, -0.00533219007775, 0.0092096189037, -0.00226681865752, 0.00122213282157, 0.00153532181866, 0.000699220981915, -0.00123930920381, 0.00233865831979], [-0.000464451586595, 0.00313582504168, 0.000457223970443, 0.000816602492705, -0.00425548478961, 0.00286992848851, -0.00226681865752, 0.0147962560877, -0.00698596797884, 0.00185933697503, -0.00427607866004, 0.000663155107759, 0.00104737561196], [0.000649579451419, -0.00288731744513, 0.00107224984095, -0.000409075058997, 0.000812215730548, -0.000945465115365, 0.00122213282157, -0.00698596797884, 0.0181395336986, -0.00859005749226, 0.00713201984763, 0.00387608795427, -0.00140340009239], [9.1390509624e-05, 0.00293855345808, -0.000899974606, -0.000541514542419, 0.00163184874691, 0.000270337768598, 0.00153532181866, 0.00185933697503, -0.00859005749226, 0.0211606733501, -0.00801416579634, 0.00154925021343, 0.00284013431519], [0.000639807200059, -0.00392827298492, 0.00306911743246, -0.00121481157839, 0.00148946745321, -0.0025699227117, 0.000699220981915, -0.00427607866004, 0.00713201984763, -0.00801416579634, 0.0198176987469, -0.0057493345812, 0.00347700994462], [-6.43478124402e-05, 0.00260425871238, -0.00179354404099, 0.000929034489673, -0.000716891721822, 0.00346523546614, -0.00123930920381, 0.000663155107759, 0.00387608795427, 0.00154925021343, -0.0057493345812, 0.0178944803774, -0.00327157275751], [0.000743793440051, -0.00269544241019, 0.00198360253125, -0.00175139913335, 0.00276698824018, -0.00266147195362, 0.00233865831979, 0.00104737561196, -0.00140340009239, 0.00284013431519, 0.00347700994462, -0.00327157275751, 0.0224133096635]]
    },
    "melbands": {
        "dmean": [0.000554976810236, 0.000224413626711, 0.000283057132037, 0.000375452887965, 0.000153041706653, 7.57440648158e-05, 6.85525883455e-05, 0.000278585706837, 0.000225640207645, 0.000193351690541, 4.17426344939e-05, 2.36229789152e-05, 2.87429447781e-05, 1.52549282575e-05, 3.35623626597e-05, 2.76431910606e-05, 2.70245709544e-05, 3.86938263546e-05, 1.73676689883e-05, 7.49314085624e-06, 5.17354146723e-06, 6.06255480307e-06, 7.2530124271e-06, 4.62064645035e-06, 3.37526989824e-06, 5.82746451983e-06, 3.48288972418e-06, 2.31361832448e-06, 1.56510020588e-06, 1.37246991017e-06, 1.4831240378e-06, 1.36967969411e-06, 9.99457142825e-07, 4.93815093705e-07, 5.54798248231e-07, 4.94693153996e-07, 4.9097155852e-07, 4.81141569253e-07, 4.07008826642e-07, 2.19205631424e-07],
        "dmean2": [0.000930319481995, 0.00036782049574, 0.000429926643847, 0.000593790726271, 0.000234413542785, 0.000110227752884, 9.51917027123e-05, 0.000407024781452, 0.000330278009642, 0.000282251654426, 5.35921244591e-05, 3.43686406268e-05, 3.76203533961e-05, 2.08239362109e-05, 4.5027674787e-05, 3.91407374991e-05, 3.9356025809e-05, 5.57531457162e-05, 2.47311636485e-05, 1.16515930131e-05, 7.23137554814e-06, 8.47781848279e-06, 1.09911197796e-05, 6.35189644527e-06, 4.86938779432e-06, 8.3860804807e-06, 5.18085471413e-06, 3.7846612031e-06, 2.74950389212e-06, 2.34668914345e-06, 2.57776923718e-06, 2.37866197494e-06, 1.69644783909e-06, 7.51189418224e-07, 8.685855164e-07, 7.17364912362e-07, 7.82018503287e-07, 7.3840112691e-07, 6.0790267753e-07, 3.19773988622e-07],
        "dvar": [1.3406666767e-05, 1.46728268646e-06, 4.45798696092e-06, 9.05546221475e-06, 9.49285308138e-08, 2.59704275862e-08, 3.27359863661e-08, 5.15255180744e-07, 3.99648030225e-07, 6.99899430856e-07, 1.29607737875e-08, 1.07803712623e-08, 8.36706171015e-09, 2.91304846911e-09, 1.91889135692e-08, 1.31495303535e-08, 9.76088188054e-09, 1.62060800335e-08, 2.70489719512e-09, 1.0363887526e-09, 1.77384801292e-10, 2.21886259366e-10, 3.81399578586e-10, 1.39410927247e-10, 7.28364590863e-11, 1.89059976008e-10, 7.10870112774e-11, 4.13440878755e-11, 5.1435904147e-11, 4.43495518088e-11, 5.08492137286e-11, 3.18993269299e-11, 1.56101867543e-11, 1.81657748739e-12, 3.1124510521e-12, 2.70133177979e-12, 2.89133148847e-12, 1.70230940889e-12, 1.36668378437e-12, 4.48080266467e-13],
        "dvar2": [3.54219519068e-05, 3.892352197e-06, 1.04334067146e-05, 2.31197700487e-05, 2.06449357165e-07, 5.93034563678e-08, 7.18542594313e-08, 1.15456975891e-06, 9.01445844192e-07, 1.40210374866e-06, 2.21056026817e-08, 1.65154894205e-08, 1.64665685531e-08, 5.10447994984e-09, 2.85762649099e-08, 2.47762308447e-08, 2.20558256103e-08, 3.11072660963e-08, 5.55536550095e-09, 2.8705584576e-09, 3.2376004655e-10, 4.0397729606e-10, 7.42659767017e-10, 2.71344974268e-10, 1.4042116081e-10, 3.76833481086e-10, 1.27929930538e-10, 1.08514967845e-10, 1.50130533005e-10, 1.2827576501e-10, 1.50704865254e-10, 9.46535141932e-11, 4.48524793695e-11, 4.0715980934e-12, 7.13556427487e-12, 6.40787509859e-12, 7.37316024207e-12, 4.23259474344e-12, 3.15966783987e-12, 8.30233451432e-13],
        "max": [0.0547993257642, 0.0258328430355, 0.0425961539149, 0.0625155717134, 0.0048503302969, 0.00288586202078, 0.0032365154475, 0.012872309424, 0.00809617806226, 0.0163853876293, 0.00203380477615, 0.00266708480194, 0.00146832782775, 0.00148561573587, 0.00322544598021, 0.00286788656376, 0.00190599751659, 0.00213885190897, 0.000955295341555, 0.00074161880184, 0.000312503660098, 0.00032734675915, 0.000448411941761, 0.000290930998744, 0.000234550752793, 0.000258095009485, 0.000180590839591, 0.000100743214716, 9.45190113271e-05, 0.000132355256937, 0.000136907765409, 8.52310695336e-05, 8.25216120575e-05, 2.5856652428e-05, 3.9806112909e-05, 3.91562389268e-05, 4.03431331506e-05, 2.48938686127e-05, 2.26166666835e-05, 1.64139419212e-05],
        "mean": [0.000845397065859, 0.000973416841589, 0.000502634560689, 0.000560198619496, 0.000392522255424, 0.000167607257026, 0.000128946616314, 0.000597288948484, 0.000523550319485, 0.000333956355462, 8.62867382239e-05, 4.3868796638e-05, 5.55858496227e-05, 2.78948755295e-05, 5.81912063353e-05, 4.37565031461e-05, 4.24743157055e-05, 6.77870848449e-05, 3.5299352021e-05, 1.1457461369e-05, 1.16643705041e-05, 1.38663590405e-05, 1.43291808854e-05, 9.20491493162e-06, 7.40161749491e-06, 1.12098687168e-05, 6.91777040629e-06, 4.02251862397e-06, 2.3649445211e-06, 2.30842283599e-06, 2.19857702177e-06, 2.1525881948e-06, 1.88524847999e-06, 1.13139083169e-06, 1.20177594454e-06, 1.03257184492e-06, 1.04828473013e-06, 9.60726993071e-07, 8.24004871447e-07, 4.69424293215e-07],
        "median": [0.000435482535977, 0.000612614734564, 0.000180843955604, 0.000252589961747, 0.000207977427635, 8.66346017574e-05, 5.66631861147e-05, 0.000180869246833, 7.5151634519e-05, 3.77520918846e-05, 1.83865795407e-05, 8.38273717818e-06, 7.1789318099e-06, 6.51431719234e-06, 6.89987973601e-06, 4.08003461416e-06, 3.65749406228e-06, 3.07372533825e-06, 1.50421749368e-06, 1.64503944688e-06, 1.86318811757e-06, 1.62650951552e-06, 1.14507042781e-06, 1.33345633913e-06, 1.20116510516e-06, 1.39004771427e-06, 1.77498486664e-06, 9.38825962749e-07, 3.75943130848e-07, 2.80744046677e-07, 2.70767571919e-07, 2.49346754799e-07, 2.16536591324e-07, 1.45045746081e-07, 1.09337818799e-07, 9.66727355944e-08, 1.26643826093e-07, 1.41365703143e-07, 1.01311734113e-07, 5.39023794488e-08],
        "min": [1.44279204354e-23, 1.77238775385e-23, 6.46365646695e-24, 8.95803228268e-24, 2.42746068944e-23, 8.23989196875e-24, 1.31552763806e-23, 1.95728507489e-23, 2.4807839001e-23, 1.33533372658e-23, 9.26776905078e-24, 1.72996281436e-23, 1.40845923922e-23, 2.03788378244e-23, 2.49108437249e-23, 1.53420918954e-23, 7.27030618559e-24, 8.99055465122e-24, 9.60263813847e-24, 6.21784307015e-24, 1.07298911842e-23, 7.29627075342e-24, 1.06004233324e-23, 1.06882503724e-23, 1.29040478481e-23, 1.60851972904e-23, 1.13800916415e-23, 8.21006040476e-24, 9.9706709386e-24, 9.68560973962e-24, 1.27347425206e-23, 8.59976636941e-24, 1.0512428265e-23, 6.83603825726e-24, 9.00093684959e-24, 1.29007109665e-23, 1.44388082936e-23, 1.44643027004e-23, 1.07975793941e-23, 9.30464908696e-24],
        "stdev": [0.0031045533251, 0.00134995800909, 0.00209117727354, 0.00269285333343, 0.000528853619471, 0.000242012523813, 0.000236742518609, 0.00104245368857, 0.0012186501408, 0.001156003098, 0.000183759490028, 0.000167953607161, 0.00016296726244, 8.07155520306e-05, 0.000263099180302, 0.000190031991224, 0.000134606889333, 0.000193545783986, 0.00010755155381, 3.36289558618e-05, 2.5337558327e-05, 2.74152844213e-05, 3.25272922055e-05, 1.93640862562e-05, 1.68585338542e-05, 2.35256011365e-05, 1.46802312884e-05, 8.97913923836e-06, 7.43725013308e-06, 6.87179863235e-06, 6.74311104376e-06, 6.0373922679e-06, 5.00456235386e-06, 2.82523774331e-06, 3.35237245963e-06, 2.95391828331e-06, 2.76523905995e-06, 2.20312153942e-06, 1.94660356101e-06, 1.25880092128e-06],
        "var": [9.63825186773e-06, 1.82238670732e-06, 4.37302287537e-06, 7.25145901015e-06, 2.79686133808e-07, 5.85700625777e-08, 5.60470212463e-08, 1.08670974441e-06, 1.4851081005e-06, 1.336343189e-06, 3.37675487572e-08, 2.82084151593e-08, 2.65583306458e-08, 6.51500053905e-09, 6.92211727937e-08, 3.61121550441e-08, 1.81190138449e-08, 3.74599693487e-08, 1.15673373102e-08, 1.1309065906e-09, 6.41991904082e-10, 7.51597839521e-10, 1.0580247789e-09, 3.74967806804e-10, 2.84210183166e-10, 5.53453949337e-10, 2.15509179946e-10, 8.06249442209e-11, 5.53126919267e-11, 4.72216189762e-11, 4.5469544796e-11, 3.64501033523e-11, 2.50456443779e-11, 7.98196838486e-12, 1.12384008349e-11, 8.72563306331e-12, 7.64654745772e-12, 4.8537445764e-12, 3.78926534247e-12, 1.58457968968e-12]
    },
    "melbands128": {
