{
"lowlevel": {
    "average_loudness": 0.912048518658,
    "barkbands_crest": {
        "dmean": 2.34319257736,
        "dmean2": 3.42659902573,
        "dvar": 5.36649131775,
        "dvar2": 10.5601940155,
        "max": 25.6718902588,
        "mean": 13.6327991486,
        "median": 13.0853748322,
        "min": 3.10657286644,
        "stdev": 4.89550971985,
        "var": 23.9660167694
    },
    "barkbands_flatness_db": {
        "dmean": 0.0326577797532,
        "dmean2": 0.0456367023289,
        "dvar": 0.00141134206206,
        "dvar2": 0.00261915265583,
        "max": 0.561579465866,
        "mean": 0.231926590204,
        "median": 0.22593832016,
        "min": 0.0341948755085,
        "stdev": 0.0715073719621,
        "var": 0.00511330459267
    },
    "barkbands_kurtosis": {
        "dmean": 7.70106887817,
        "dmean2": 11.6693229675,
        "dvar": 263.234771729,
        "dvar2": 619.995910645,
        "max": 213.374298096,
        "mean": 12.1324806213,
        "median": 5.47225761414,
        "min": -1.79447638988,
        "stdev": 20.7697544098,
        "var": 431.38269043
    },
    "barkbands_skewness": {
        "dmean": 0.792393445969,
        "dmean2": 1.13959336281,
        "dvar": 1.06733417511,
        "dvar2": 2.23538327217,
        "max": 11.9093236923,
        "mean": 2.29433441162,
        "median": 2.01735544205,
        "min": -6.69150257111,
        "stdev": 1.86593389511,
        "var": 3.48170924187
    },
    "barkbands_spread": {
        "dmean": 5.03375434875,
        "dmean2": 7.63917207718,
        "dvar": 87.0901031494,
        "dvar2": 175.52897644,
        "max": 96.4763183594,
        "mean": 13.0903196335,
        "median": 8.97525882721,
        "min": 0.423034638166,
        "stdev": 12.7841472626,
        "var": 163.434432983
    },
    "dissonance": {
        "dmean": 0.0373987853527,
        "dmean2": 0.0611183233559,
        "dvar": 0.00111451465636,
        "dvar2": 0.002751812106,
        "max": 0.499419718981,
        "mean": 0.406532764435,
        "median": 0.414097696543,
        "min": 0.181256458163,
        "stdev": 0.0524912588298,
        "var": 0.0027553322725
    },
    "dynamic_complexity": 1.7298167944,
    "erbbands_crest": {
        "dmean": 3.11312317848,
        "dmean2": 4.78278255463,
        "dvar": 7.8405714035,
        "dvar2": 18.5943489075,
        "max": 29.1836414337,
        "mean": 12.2202653885,
        "median": 11.5416288376,
        "min": 2.6528377533,
        "stdev": 4.67791557312,
        "var": 21.8828926086
    },
    "erbbands_flatness_db": {
        "dmean": 0.0263129100204,
        "dmean2": 0.0378196537495,
        "dvar": 0.000930661393795,
        "dvar2": 0.00189233198762,
        "max": 0.464501947165,
        "mean": 0.216008469462,
        "median": 0.217651844025,
        "min": 0.0608915314078,
        "stdev": 0.0602988377213,
        "var": 0.00363594968803
    },
    "erbbands_kurtosis": {
        "dmean": 2.06622958183,
        "dmean2": 3.17132234573,
        "dvar": 13.1439714432,
        "dvar2": 30.5845661163,
        "max": 43.0394630432,
        "mean": 2.32802081108,
        "median": 0.810191631317,
        "min": -1.84347558022,
        "stdev": 4.71149396896,
        "var": 22.1981773376
    },
    "erbbands_skewness": {
        "dmean": 0.519991993904,
        "dmean2": 0.768904805183,
        "dvar": 0.374874353409,
        "dvar2": 0.798747837543,
        "max": 5.53772974014,
        "mean": 0.889922440052,
        "median": 0.807925283909,
        "min": -4.2712020874,
        "stdev": 1.03768515587,
        "var": 1.07679057121
    },
    "erbbands_spread": {
        "dmean": 10.9122018814,
        "dmean2": 16.9728126526,
        "dvar": 304.403869629,
        "dvar2": 710.845153809,
        "max": 169.802154541,
        "mean": 31.823677063,
        "median": 26.3873882294,
        "min": 2.69457864761,
        "stdev": 23.0763244629,
        "var": 532.516723633
    },
    "hfc": {
        "dmean": 7.20276498795,
        "dmean2": 10.8476362228,
        "dvar": 303.938598633,
        "dvar2": 687.431091309,
        "max": 247.882720947,
        "mean": 20.1507492065,
        "median": 16.198846817,
        "min": 1.13653994125e-16,
        "stdev": 19.2807731628,
        "var": 371.748199463
    },
    "loudness_ebu128": {
        "integrated": -10.052025795,
        "loudness_range": 2.16880226135,
        "momentary": {
            "dmean": 0.576396882534,
            "dmean2": 0.638342440128,
            "dvar": 0.460138171911,
            "dvar2": 0.53168708086,
            "max": -7.36854934692,
            "mean": -10.3823156357,
            "median": -10.3549442291,
            "min": -23.2656383514,
            "stdev": 1.83217573166,
            "var": 3.35686802864
        },
        "short_term": {
            "dmean": 0.076738782227,
            "dmean2": 0.0758655071259,
            "dvar": 0.00481412373483,
            "dvar2": 0.00704222265631,
            "max": -8.63673400879,
            "mean": -10.2187204361,
            "median": -10.1806688309,
            "min": -11.9986448288,
            "stdev": 0.751473605633,
            "var": 0.564712584019
        }
    },
    "melbands_crest": {
        "dmean": 3.00102972984,
        "dmean2": 4.5337562561,
        "dvar": 8.79241275787,
        "dvar2": 18.5945510864,
        "max": 37.0793266296,
        "mean": 19.2467517853,
        "median": 18.5147228241,
        "min": 2.794277668,
        "stdev": 7.26410341263,
        "var": 52.76720047
    },
    "melbands_flatness_db": {
        "dmean": 0.0376662015915,
        "dmean2": 0.0498244799674,
        "dvar": 0.00211171875708,
        "dvar2": 0.00364976632409,
        "max": 0.717031478882,
        "mean": 0.299933612347,
        "median": 0.296720057726,
        "min": 0.0044585224241,
        "stdev": 0.0946367308497,
        "var": 0.00895611103624
    },
    "melbands_kurtosis": {
        "dmean": 14.5760612488,
        "dmean2": 23.010515213,
        "dvar": 1214.59997559,
        "dvar2": 3056.86572266,
        "max": 430.486572266,
        "mean": 22.8463973999,
        "median": 9.42713737488,
        "min": -1.89773643017,
        "stdev": 40.6367607117,
        "var": 1651.34643555
    },
    "melbands_skewness": {
        "dmean": 0.9666031003,
        "dmean2": 1.44985866547,
        "dvar": 1.99629306793,
        "dvar2": 4.58049249649,
        "max": 17.0368080139,
        "mean": 2.98959159851,
        "median": 2.44781637192,
        "min": -1.13417601585,
        "stdev": 2.3058359623,
        "var": 5.31687927246
    },
    "melbands_spread": {
        "dmean": 5.11272239685,
        "dmean2": 7.59676647186,
        "dvar": 171.87512207,
        "dvar2": 328.132446289,
        "max": 270.212799072,
        "mean": 15.1680173874,
        "median": 9.49900150299,
        "min": 0.440319955349,
        "stdev": 20.0039978027,
        "var": 400.159912109
    },
    "pitch_salience": {
        "dmean": 0.0642862319946,
        "dmean2": 0.0976750925183,
        "dvar": 0.00487662386149,
        "dvar2": 0.0100984089077,
        "max": 0.792932629585,
        "mean": 0.460971474648,
        "median": 0.473088920116,
        "min": 0.0817130878568,
        "stdev": 0.136699274182,
        "var": 0.0186866912991
    },
    "silence_rate_20dB": {
        "dmean": 0,
        "dmean2": 0,
        "dvar": 0,
        "dvar2": 0,
        "max": 1,
        "mean": 1,
        "median": 1,
        "min": 1,
        "stdev": 0,
        "var": 0
    },
    "silence_rate_30dB": {
        "dmean": 0.0232198145241,
        "dmean2": 0.0464756004512,
        "dvar": 0.022681068629,
        "dvar2": 0.0474133081734,
        "max": 1,
        "mean": 0.947409152985,
        "median": 1,
        "min": 0,
        "stdev": 0.223215118051,
        "var": 0.0498249903321
    },
    "silence_rate_60dB": {
        "dmean": 0.00696594407782,
        "dmean2": 0.0131680862978,
        "dvar": 0.00691747525707,
        "dvar2": 0.0176423508674,
        "max": 1,
        "mean": 0.0185614842921,
        "median": 0,
        "min": 0,
        "stdev": 0.134970530868,
        "var": 0.0182170458138
    },
    "spectral_centroid": {
        "dmean": 242.207229614,
        "dmean2": 347.87701416,
        "dvar": 238434.78125,
        "dvar2": 364358.5625,
        "max": 10773.4365234,
        "mean": 989.839416504,
        "median": 715.979248047,
        "min": 157.97215271,
        "stdev": 768.444763184,
        "var": 590507.375
    },
    "spectral_complexity": {
        "dmean": 2.13931894302,
        "dmean2": 3.25639033318,
        "dvar": 14.3305120468,
        "dvar2": 23.9427928925,
        "max": 56,
        "mean": 11.512761116,
        "median": 11,
        "min": 0,
        "stdev": 5.98405456543,
        "var": 35.8089103699
    },
    "spectral_decrease": {
        "dmean": 2.64350230594e-09,
        "dmean2": 3.51871665139e-09,
        "dvar": 2.36176310711e-17,
        "dvar2": 3.38016637059e-17,
        "max": -5.1874628144e-29,
        "mean": -1.10632445427e-08,
        "median": -8.1400584051e-09,
        "min": -8.19021579446e-08,
        "stdev": 1.04351220998e-08,
        "var": 1.08891769755e-16
    },
    "spectral_energy": {
        "dmean": 0.0103809451684,
        "dmean2": 0.0138224819675,
        "dvar": 0.000342526007444,
        "dvar2": 0.000495229032822,
        "max": 0.311965227127,
        "mean": 0.0435828715563,
        "median": 0.0328684449196,
        "min": 1.05045297731e-20,
        "stdev": 0.0397091247141,
        "var": 0.00157681456767
    },
    "spectral_energyband_high": {
        "dmean": 0.000549960823264,
        "dmean2": 0.000884225242771,
        "dvar": 3.16242221743e-06,
        "dvar2": 7.62884928918e-06,
        "max": 0.0242157094181,
        "mean": 0.000652063812595,
        "median": 0.000139196243254,
        "min": 7.47145556851e-21,
        "stdev": 0.00171974976547,
        "var": 2.95753943647e-06
    },
    "spectral_energyband_low": {
        "dmean": 0.00609783362597,
        "dmean2": 0.00781103642657,
        "dvar": 0.000418917392381,
        "dvar2": 0.000670002948027,
        "max": 0.295660495758,
        "mean": 0.0198529455811,
        "median": 0.00030338432407,
        "min": 6.53470222671e-23,
        "stdev": 0.0396976135671,
        "var": 0.00157590047456
    },
    "spectral_energyband_middle_high": {
        "dmean": 0.00146728160325,
        "dmean2": 0.00207982538268,
        "dvar": 6.60311297906e-06,
        "dvar2": 1.22284527606e-05,
        "max": 0.0274314731359,
        "mean": 0.00444841152057,
        "median": 0.00251874933019,
        "min": 1.62924096563e-21,
        "stdev": 0.00512462761253,
        "var": 2.62618068518e-05
    },
    "spectral_energyband_middle_low": {
        "dmean": 0.00588227808475,
        "dmean2": 0.00908862426877,
        "dvar": 7.1146459959e-05,
        "dvar2": 0.000163191070897,
        "max": 0.120585083961,
        "mean": 0.0192113928497,
        "median": 0.0173284430057,
        "min": 3.92573638123e-22,
        "stdev": 0.0126673216,
        "var": 0.000160461029736
    },
    "spectral_entropy": {
        "dmean": 0.346437543631,
        "dmean2": 0.490842282772,
        "dvar": 0.184331849217,
        "dvar2": 0.363351732492,
        "max": 9.81935596466,
        "mean": 6.66432094574,
        "median": 6.56384325027,
        "min": 4.75121545792,
        "stdev": 0.702930748463,
        "var": 0.49411162734
    },
    "spectral_flux": {
        "dmean": 0.0314837694168,
        "dmean2": 0.047726161778,
        "dvar": 0.00141275126953,
        "dvar2": 0.00256736925803,
        "max": 0.508629441261,
        "mean": 0.0835700705647,
        "median": 0.0683773458004,
        "min": 1.0249160548e-10,
        "stdev": 0.0646342411637,
        "var": 0.00417758524418
    },
    "spectral_kurtosis": {
        "dmean": 5.37946987152,
        "dmean2": 8.29752922058,
        "dvar": 86.4383621216,
        "dvar2": 191.316696167,
        "max": 181.706054688,
        "mean": 10.5946378708,
        "median": 7.0199432373,
        "min": -1.48319458961,
        "stdev": 14.4287128448,
        "var": 208.187744141
    },
    "spectral_rms": {
        "dmean": 0.000716156035196,
        "dmean2": 0.000980560202152,
        "dvar": 8.57990130498e-07,
        "dvar2": 1.25801909689e-06,
        "max": 0.0174458101392,
        "mean": 0.00603883247823,
        "median": 0.00566275324672,
        "min": 3.20129990225e-12,
        "stdev": 0.00246014562435,
        "var": 6.05231662121e-06
    },
    "spectral_rolloff": {
        "dmean": 406.897064209,
        "dmean2": 690.948425293,
        "dvar": 1966338.375,
        "dvar2": 3902086,
        "max": 18647.7539062,
        "mean": 1154.21472168,
        "median": 645.99609375,
        "min": 43.06640625,
        "stdev": 1823.96337891,
        "var": 3326842.25
    },
    "spectral_skewness": {
        "dmean": 0.563435077667,
        "dmean2": 0.832293093204,
        "dvar": 0.529026031494,
        "dvar2": 1.12938439846,
        "max": 11.3226938248,
        "mean": 2.29935407639,
        "median": 2.06807541847,
        "min": -0.567913234234,
        "stdev": 1.21363437176,
        "var": 1.47290837765
    },
    "spectral_spread": {
        "dmean": 1147252.125,
        "dmean2": 1658934.375,
        "dvar": 4.21614085734e+12,
        "dvar2": 7.12825267814e+12,
        "max": 40185784,
        "mean": 4449442.5,
        "median": 3630568.5,
        "min": 432150.21875,
        "stdev": 2922786.25,
        "var": 8.54267999027e+12
    },
    "spectral_strongpeak": {
        "dmean": 0.437069386244,
        "dmean2": 0.732516407967,
        "dvar": 0.561095833778,
        "dvar2": 1.38989281654,
        "max": 9.08893585205,
        "mean": 1.29185402393,
        "median": 1.09383332729,
        "min": 0,
        "stdev": 1.06969106197,
        "var": 1.14423894882
    },
    "zerocrossingrate": {
        "dmean": 0.0115804290399,
        "dmean2": 0.013240326196,
        "dvar": 0.000648900051601,
        "dvar2": 0.000614621734712,
        "max": 0.50244140625,
        "mean": 0.0448588095605,
        "median": 0.03369140625,
        "min": 0.001953125,
        "stdev": 0.049750328064,
        "var": 0.00247509498149
    },
    "barkbands": {
        "dmean": [0.000503441726323, 0.00528976554051, 0.00228552613407, 0.00104829692282, 0.00308566982858, 0.00196906225756, 0.00130637537222, 0.000956499716267, 0.000631707545836, 0.000467625854071, 0.000203345116461, 0.000368885957869, 0.000320484221447, 0.000262351910351, 0.000222633156227, 0.000120286604215, 0.000105429287942, 0.000124036392663, 9.52025584411e-05, 0.000182607473107, 5.24206589034e-05, 8.33977101138e-05, 0.000103932958154, 9.74735812633e-05, 0.000115184244351, 5.11976031703e-05, 1.68937322087e-06],
        "dmean2": [0.000709366402589, 0.00714972661808, 0.00403735460714, 0.00193211762235, 0.00466447137296, 0.00293030985631, 0.00185688224155, 0.0014394193422, 0.000902469910216, 0.000717048125807, 0.000302968488541, 0.000523885944858, 0.000451463391073, 0.000379323464585, 0.00032457857742, 0.000193459069123, 0.000148153441842, 0.000186743214726, 0.000143513563671, 0.000273028359516, 8.5738254711e-05, 0.000142278222484, 0.000170410887222, 0.000158858354553, 0.000185280412552, 8.26686446089e-05, 3.10264385917e-06],
        "dvar": [1.68976896475e-06, 0.00038350810064, 0.000228420089115, 2.63743149844e-05, 2.64355112449e-05, 9.64468199527e-06, 6.87215515427e-06, 2.76390187537e-06, 1.10206406134e-06, 8.55084579143e-07, 4.58320897678e-07, 8.62444267113e-07, 1.32905438477e-06, 7.34881837161e-07, 4.43744653467e-07, 2.5130901804e-07, 1.06902390939e-07, 1.15396304068e-07, 9.28845125259e-08, 1.17879174866e-07, 3.79837707953e-08, 1.39218187201e-07, 8.88268303356e-08, 1.86654830259e-07, 1.80077918799e-07, 4.21712265108e-08, 4.8106553463e-11],
        "dvar2": [3.32824129146e-06, 0.000744797056541, 0.000615914701484, 7.64791984693e-05, 5.92297619733e-05, 1.92792631424e-05, 1.33702988023e-05, 5.66754351894e-06, 2.45172259383e-06, 2.09843346965e-06, 1.04160437786e-06, 1.84987914054e-06, 2.22292055696e-06, 1.30200180593e-06, 9.69914026427e-07, 6.47201318316e-07, 2.02280475037e-07, 2.22375831527e-07, 2.12053961945e-07, 2.48190985985e-07, 8.51845811667e-08, 3.52305647766e-07, 2.21871061967e-07, 4.75879176065e-07, 4.08208421732e-07, 8.54547934637e-08, 1.31468808062e-10],
        "max": [0.0248372703791, 0.239012256265, 0.175754114985, 0.0579339340329, 0.0869033336639, 0.043186314404, 0.0307016894221, 0.020191218704, 0.0132438130677, 0.0137546025217, 0.0133352261037, 0.0181925538927, 0.0210835020989, 0.0209769476205, 0.0135484961793, 0.00585066527128, 0.00579094653949, 0.00474234251305, 0.00377639359795, 0.00496862782165, 0.00274637830444, 0.00574080180377, 0.00405008392408, 0.00593961589038, 0.00508585199714, 0.00376350176521, 9.7237774753e-05],
        "mean": [0.00173598725814, 0.0160330664366, 0.00165520561859, 0.00108708441257, 0.00703584542498, 0.00505314860493, 0.00248188665137, 0.00187107559759, 0.00136978912633, 0.000899264181498, 0.000324914319208, 0.000842358218506, 0.000589870731346, 0.000508706260007, 0.000492621795274, 0.000136499395012, 0.000203972187592, 0.000212617655052, 0.000151783213369, 0.000414574635215, 4.55574518128e-05, 6.66174164508e-05, 0.00011324359366, 9.50534376898e-05, 0.000112065063149, 4.90593665745e-05, 1.08856568204e-06],
        "median": [9.89495038084e-06, 6.0215308622e-05, 4.59653529106e-05, 0.000346286688, 0.00414796127006, 0.00234168069437, 0.00043980058399, 0.000589593313634, 0.000482168834424, 0.000231543846894, 4.97833752888e-05, 0.000125030943309, 7.32234693714e-05, 6.53520401102e-05, 3.32217641699e-05, 1.47709133671e-05, 2.10670223169e-05, 3.47915083694e-05, 4.15273098042e-05, 9.53868584475e-05, 3.52769666279e-06, 9.44804742176e-06, 3.59999357897e-05, 9.75946022663e-06, 1.08527301563e-05, 3.78506319976e-06, 1.04550226254e-08],
        "min": [3.15409585203e-24, 3.91322529971e-23, 1.81053233406e-23, 1.78811827138e-23, 5.23727216222e-23, 9.36366976662e-23, 1.78845685049e-23, 9.90342859282e-23, 8.29022255668e-23, 6.55946804151e-23, 1.01204208776e-22, 9.23823457181e-23, 7.59765001355e-23, 9.00117808326e-23, 3.38918348575e-22, 9.56051012623e-23, 1.54103498207e-22, 2.15769790154e-22, 2.87720139867e-22, 2.92355738981e-22, 5.70252326524e-22, 3.85996330465e-22, 5.92625633487e-22, 8.65746696923e-22, 1.18125753558e-21, 1.64418312714e-21, 2.17528992887e-21],
        "stdev": [0.00341034098528, 0.032771024853, 0.0122911175713, 0.00398327410221, 0.00848166737705, 0.00597086455673, 0.00439189979807, 0.00292233051732, 0.00200787442736, 0.00163398485165, 0.000960056378972, 0.00162014854141, 0.00229479535483, 0.00163801957387, 0.00119486718904, 0.000485967058921, 0.000563311623409, 0.000447122671176, 0.000334303214913, 0.000663752784021, 0.000189055514056, 0.000324847205775, 0.000283375789877, 0.00039812119212, 0.000442219199613, 0.000232616628637, 5.60934540772e-06],
        "var": [1.16304254334e-05, 0.00107393995859, 0.000151071566506, 1.58664734045e-05, 7.19386880519e-05, 3.56512246071e-05, 1.92887819139e-05, 8.54001609696e-06, 4.03155945605e-06, 2.66990650744e-06, 9.2170824928e-07, 2.6248812901e-06, 5.26608573637e-06, 2.68310827778e-06, 1.42770772982e-06, 2.36163970158e-07, 3.17319972964e-07, 1.99918687827e-07, 1.117586379e-07, 4.40567760052e-07, 3.57419871477e-08, 1.05525707284e-07, 8.03018451734e-08, 1.58500483849e-07, 1.95557817051e-07, 5.41104974161e-08, 3.14647578825e-11]
    },
    "erbbands": {
        "dmean": [0.186251282692, 1.22957396507, 2.57913970947, 2.98391389847, 5.0611872673, 12.4073619843, 18.1150970459, 15.114361763, 13.4929704666, 24.6167297363, 18.0373153687, 13.0146026611, 15.7568845749, 11.9802904129, 9.79339504242, 14.8004741669, 15.3723106384, 11.2612514496, 12.6220502853, 9.45901679993, 5.06784534454, 5.4718298912, 6.61343336105, 4.13554096222, 6.33905935287, 8.78818416595, 2.19749450684, 2.51163816452, 3.21156740189, 2.62036371231, 2.85345244408, 2.27259325981, 1.54100561142, 1.19451475143, 0.878112435341, 0.337761759758, 0.0729216188192, 0.00714161293581, 0.000216222499148, 1.83569063665e-05],
        "dmean2": [0.23576849699, 1.63776409626, 4.12611341476, 5.41325807571, 8.5346288681, 18.0545330048, 26.6180076599, 22.657907486, 19.9644985199, 35.5458564758, 26.2845020294, 18.7368507385, 24.5160732269, 16.8025417328, 14.0764579773, 20.3945045471, 20.5009708405, 16.4794063568, 18.3066005707, 14.4443082809, 7.55957698822, 7.61922311783, 9.80788135529, 6.3095126152, 9.13140487671, 13.1142635345, 3.48102211952, 4.1601433754, 5.56553649902, 4.28052282333, 4.73348712921, 3.78168392181, 2.50099515915, 1.9408621788, 1.42016983032, 0.522792816162, 0.124073021114, 0.0124250855297, 0.000377142539946, 2.66546285275e-05],
        "dvar": [0.252408027649, 29.5633926392, 235.009262085, 306.403015137, 166.199996948, 658.023132324, 755.774719238, 756.198181152, 749.874267578, 2454.38916016, 1103.51721191, 542.506713867, 952.443786621, 702.956420898, 839.885070801, 1262.65026855, 3749.79614258, 717.024475098, 1443.45703125, 1265.72973633, 393.695373535, 312.498291016, 384.996002197, 185.470062256, 276.971252441, 312.556854248, 52.1137771606, 95.4544219971, 218.6068573, 64.2134094238, 70.7089920044, 95.5661697388, 47.6995773315, 23.0376300812, 10.2342367172, 1.88330459595, 0.0822968706489, 0.000639694393612, 6.66855271447e-07, 1.34603739266e-09],
        "dvar2": [0.415090590715, 56.0824165344, 573.414794922, 860.829589844, 466.17098999, 1346.09924316, 1536.22009277, 1657.72790527, 1533.15405273, 4965.86914062, 2117.21044922, 1221.48950195, 2432.73364258, 1528.5513916, 1971.95935059, 2589.61132812, 5532.38232422, 1369.03393555, 2738.16772461, 3117.9465332, 940.411010742, 619.303283691, 708.520080566, 450.848175049, 594.358276367, 631.59185791, 119.294090271, 229.246780396, 569.849609375, 148.790527344, 176.564147949, 249.326324463, 117.916282654, 56.497592926, 22.8408489227, 3.56172394753, 0.178846538067, 0.00160340813454, 1.72913701135e-06, 2.87155188516e-09],
        "max": [7.76263523102, 64.0387802124, 189.866516113, 189.050018311, 137.506698608, 455.24130249, 384.871490479, 347.272460938, 380.840698242, 729.451599121, 571.501647949, 359.951751709, 485.105773926, 649.748657227, 553.920349121, 544.335449219, 1182.2286377, 418.75579834, 777.663024902, 656.420043945, 300.2003479, 282.791870117, 318.79510498, 184.440429688, 203.941238403, 346.682128906, 108.830665588, 149.905197144, 218.862014771, 109.657501221, 108.359947205, 131.195999146, 95.762840271, 68.6547775269, 38.2306365967, 23.7148399353, 5.84005451202, 0.314571410418, 0.0114397695288, 0.000450427905889],
        "mean": [0.720734536648, 2.52878522873, 2.35915875435, 2.89065146446, 8.36276817322, 26.8373718262, 46.8566246033, 37.2629356384, 26.8672237396, 50.3740959167, 39.2541389465, 28.1114597321, 34.8008079529, 23.8235836029, 20.2020301819, 34.2692909241, 27.8570785522, 21.1490726471, 27.980348587, 17.9348831177, 7.76415967941, 11.3926000595, 12.4807901382, 7.82591152191, 12.7321805954, 21.2992477417, 3.24864244461, 2.03428530693, 2.42079424858, 2.93696475029, 3.04273700714, 2.25611042976, 1.43604540825, 1.05408728123, 0.885260522366, 0.344559848309, 0.0664836093783, 0.00582416215912, 0.00018940087466, 5.7356988691e-05],
        "median": [0.00207624072209, 0.0135220512748, 0.0797480344772, 0.668640911579, 3.84268593788, 10.0716772079, 15.4394769669, 19.7982883453, 10.7190132141, 9.56843757629, 15.9608182907, 12.7562599182, 12.9851722717, 7.39420032501, 7.30213212967, 7.32513427734, 5.59009170532, 4.93820238113, 2.74008846283, 1.37670135498, 0.932031691074, 1.15622329712, 2.0643723011, 2.34149265289, 3.6304936409, 4.57934617996, 0.60526061058, 0.139607042074, 0.289960473776, 1.0376585722, 0.867060244083, 0.37427842617, 0.0879770442843, 0.039967071265, 0.113533779979, 0.0298280436546, 0.00650993175805, 0.000381422578357, 3.17719350278e-05, 4.09807980759e-05],
        "min": [1.3997924536e-21, 7.25375116325e-21, 1.50959023918e-20, 4.93835194436e-20, 1.44285540763e-19, 1.28608852568e-19, 4.00673286475e-19, 9.88323460889e-19, 4.13919679257e-19, 4.62687559836e-19, 2.77552306813e-18, 1.83722108004e-18, 2.33910919439e-18, 1.73480081736e-18, 4.19011565293e-18, 4.14883189574e-18, 4.25228489341e-18, 4.52984121205e-18, 9.02523117877e-18, 1.72770104345e-17, 7.05888885947e-18, 6.92747467555e-18, 1.20798710418e-17, 1.00085826638e-17, 1.70171946584e-17, 1.34341617463e-17, 2.32594039632e-17, 1.85458029237e-17, 1.58564848967e-17, 1.46754695054e-17, 1.79986560358e-17, 1.53206951986e-17, 1.54778892935e-17, 1.0141944858e-17, 1.08403078066e-17, 5.9565573695e-18, 3.08490619481e-18, 1.336471373e-18, 2.84192064911e-19, 3.27724467361e-20],
        "stdev": [1.23015582561, 7.22264480591, 14.1630411148, 13.7718935013, 13.5997867584, 43.0869560242, 64.3487167358, 48.506401062, 41.093170166, 96.2749786377, 61.1953163147, 41.4789962769, 55.1909332275, 44.7269096375, 39.0217590332, 65.1167755127, 111.780403137, 44.0674934387, 69.504524231, 46.2476844788, 22.8360309601, 29.5468463898, 26.7413215637, 15.28490448, 22.2346324921, 35.9487762451, 7.62023258209, 8.96827316284, 12.5111551285, 7.78443908691, 8.02198314667, 8.7590713501, 6.53678321838, 4.58860349655, 3.43213224411, 1.65113329887, 0.302708595991, 0.0234850868583, 0.000723019242287, 5.45146540389e-05],
        "var": [1.51328325272, 52.1665992737, 200.59173584, 189.665039062, 184.954193115, 1856.48583984, 4140.75732422, 2352.87084961, 1688.64868164, 9268.87207031, 3744.86669922, 1720.50720215, 3046.03930664, 2000.49645996, 1522.69763184, 4240.19433594, 12494.859375, 1941.9440918, 4830.87841797, 2138.84838867, 521.484313965, 873.016174316, 715.098266602, 233.628311157, 494.378875732, 1292.31445312, 58.067943573, 80.4299163818, 156.529006958, 60.5974884033, 64.3522186279, 76.7213363647, 42.7295341492, 21.0552825928, 11.7795314789, 2.72624135017, 0.0916325002909, 0.00055154931033, 5.22756806731e-07, 2.97184743481e-09]
    },
    "gfcc": {
        "mean": [-34.8913803101, 107.094184875, -106.25062561, 6.30387878418, -75.1923828125, 0.313647270203, -44.8388061523, 4.38804674149, -30.7003974915, -0.647292017937, -5.35258579254, 0.193976506591, -12.5321378708],
        "cov": [[5393.63574219, -1382.94750977, -591.234436035, 945.59967041, 66.7947998047, 70.8110961914, -157.889083862, 298.214385986, -200.131912231, 588.564697266, -99.0360107422, 17.2605648041, -90.2282562256], [-1382.94750977, 2196.05371094, 181.385543823, -233.712081909, 605.679138184, -78.2855529785, 341.921630859, -67.2293167114, 327.846008301, -308.198974609, 256.307617188, -70.7406005859, 118.264259338], [-591.234436035, 181.385543823, 1721.2767334, 370.120513916, 139.62097168, 474.95715332, 172.288284302, 186.648345947, 415.493865967, 190.095901489, 12.74958992, 123.490509033, 102.188346863], [945.59967041, -233.712081909, 370.120513916, 822.731506348, 365.926574707, 136.107803345, 114.31653595, 231.0259552, 231.882614136, 275.954711914, 19.5362682343, 34.9393806458, 68.0838470459], [66.7947998047, 605.679138184, 139.62097168, 365.926574707, 850.79876709, 81.7792816162, 114.071182251, 230.970367432, 355.792144775, 203.212341309, 43.2633857727, -13.9579324722, 161.716445923], [70.8110961914, -78.2855529785, 474.95715332, 136.107803345, 81.7792816162, 386.268768311, 154.678207397, 104.803100586, 124.585166931, 93.6147079468, 28.0128555298, 56.6389007568, 40.9605674744], [-157.889083862, 341.921630859, 172.288284302, 114.31653595, 114.071182251, 154.678207397, 384.948303223, 79.7069091797, 23.0085735321, 15.6996250153, 140.656982422, 16.0185432434, 2.31028962135], [298.214385986, -67.2293167114, 186.648345947, 231.0259552, 230.970367432, 104.803100586, 79.7069091797, 263.516571045, 142.696990967, 184.272216797, 33.3006439209, 17.1102294922, 66.4468612671], [-200.131912231, 327.846008301, 415.493865967, 231.882614136, 355.792144775, 124.585166931, 23.0085735321, 142.696990967, 424.851196289, 102.907409668, -3.07312726974, 40.664981842, 139.177230835], [588.564697266, -308.198974609, 190.095901489, 275.954711914, 203.212341309, 93.6147079468, 15.6996250153, 184.272216797, 102.907409668, 360.58605957, -19.8958969116, -12.8668546677, 42.2499046326], [-99.0360107422, 256.307617188, 12.74958992, 19.5362682343, 43.2633857727, 28.0128555298, 140.656982422, 33.3006439209, -3.07312726974, -19.8958969116, 198.649459839, 20.4011096954, -14.0494642258], [17.2605648041, -70.7406005859, 123.490509033, 34.9393806458, -13.9579324722, 56.6389007568, 16.0185432434, 17.1102294922, 40.664981842, -12.8668546677, 20.4011096954, 118.551002502, 34.9918746948], [-90.2282562256, 118.264259338, 102.188346863, 68.0838470459, 161.716445923, 40.9605674744, 2.31028962135, 66.4468612671, 139.177230835, 42.2499046326, -14.0494642258, 34.9918746948, 161.144210815]],
        "icov": [[0.000441633193986, -0.000373479357222, 0.000463285396108, -0.000787699129432, 0.000451394211268, -0.000637254968751, 0.000628821086138, -0.000388364423998, 0.000518521293998, -0.000790534832049, 0.000380936660804, -0.0006421993603, 0.000352596864104], [-0.000373479357222, 0.00292464601807, -0.00120562978555, 0.00203781458549, -0.00258696009405, 0.00233307899907, -0.00258400011808, 0.00180043745786, -0.00200822134502, 0.00288855237886, -0.00242520822212, 0.00284138484858, -0.00100552767981], [0.000463285396108, -0.00120562978555, 0.00191812112462, -0.00143017095979, 0.00162181025371, -0.00221715425141, 0.00111754087266, -0.00074912776472, -0.00012722449901, -0.00176492647734, 0.00115553592332, -0.00174274225719, 0.000812783197034], [-0.000787699129432, 0.00203781458549, -0.00143017095979, 0.00417918432504, -0.00239512952976, 0.00233959127218, -0.00260229059495, 0.000939722347539, -0.00209062406793, 0.00158292450942, -0.00154366530478, 0.00169176084455, -0.00044796441216], [0.000451394211268, -0.00258696009405, 0.00162181025371, -0.00239512952976, 0.00494958600029, -0.00206410512328, 0.00180976244155, -0.00220314157195, -2.0171106371e-05, -0.00311474921182, 0.00183812296018, -0.00157154793851, -8.95938064787e-05], [-0.000637254968751, 0.00233307899907, -0.00221715425141, 0.00233959127218, -0.00206410512328, 0.00696491030976, -0.00395932560787, 0.00102106272243, -0.00197657453828, 0.00206815707497, -0.00134472921491, 0.0013385793427, -0.000957793614361], [0.000628821086138, -0.00258400011808, 0.00111754087266, -0.00260229059495, 0.00180976244155, -0.00395932560787, 0.00713891489431, -0.00231163483113, 0.00300326570868, -0.00203137751669, -0.000550714728888, -0.00201016920619, 0.00100756960455], [-0.000388364423998, 0.00180043745786, -0.00074912776472, 0.000939722347539, -0.00220314157195, 0.00102106272243, -0.00231163483113, 0.00913844630122, -0.00210246210918, -0.00103530252818, -0.00252159964293, 0.0014206970809, -0.00168544636108], [0.000518521293998, -0.00200822134502, -0.00012722449901, -0.00209062406793, -2.0171106371e-05, -0.00197657453828, 0.00300326570868, -0.00210246210918, 0.00761517090723, -0.00141640158836, 0.0016798293218, -0.00230227271095, -0.00148464634549], [-0.000790534832049, 0.00288855237886, -0.00176492647734, 0.00158292450942, -0.00311474921182, 0.00206815707497, -0.00203137751669, -0.00103530252818, -0.00141640158836, 0.00868968106806, -0.00185395486187, 0.0043896031566, -0.00122581911273], [0.000380936660804, -0.00242520822212, 0.00115553592332, -0.00154366530478, 0.00183812296018, -0.00134472921491, -0.000550714728888, -0.00252159964293, 0.0016798293218, -0.00185395486187, 0.00943826790899, -0.00400045374408, 0.00218422571197], [-0.0006421993603, 0.00284138484858, -0.00174274225719, 0.00169176084455, -0.00157154793851, 0.0013385793427, -0.00201016920619, 0.0014206970809, -0.00230227271095, 0.0043896031566, -0.00400045374408, 0.0138892028481, -0.00390186463483], [0.000352596864104, -0.00100552767981, 0.000812783197034, -0.00044796441216, -8.95938064787e-05, -0.000957793614361, 0.00100756960455, -0.00168544636108, -0.00148464634549, -0.00122581911273, 0.00218422571197, -0.00390186463483, 0.0104701258242]]
    },
    "melbands": {
        "dmean": [0.00142810877878, 0.00126491382252, 0.000562511675525, 0.000550551980268, 0.000626793014817, 0.000337739213137, 0.000229277546168, 0.000257655919995, 0.000132864923216, 8.53522724356e-05, 8.0411649833e-05, 5.11313446623e-05, 3.18169259117e-05, 4.48567661806e-05, 3.49035362888e-05, 3.05193498207e-05, 2.23183178605e-05, 2.35748957493e-05, 1.74261258508e-05, 9.27021028474e-06, 6.24126278126e-06, 5.29176759301e-06, 7.04834064891e-06, 6.32335468254e-06, 3.3287963106e-06, 3.6437916151e-06, 7.62949730415e-06, 5.73358511247e-06, 1.33870037189e-06, 1.35231744025e-06, 1.54220185777e-06, 1.92455195247e-06, 1.44509363054e-06, 1.60878482802e-06, 1.6906719793e-06, 1.77711228844e-06, 1.27325427002e-06, 1.14073191071e-06, 9.58678015195e-07, 1.07953985662e-06],
        "dmean2": [0.0019505902892, 0.00168861588463, 0.000992218498141, 0.000844507245347, 0.000928635592572, 0.000501931877807, 0.000339108606568, 0.00037704576971, 0.000190848571947, 0.000122679819469, 0.00012465142936, 7.16181093594e-05, 4.60409173684e-05, 6.46454573143e-05, 4.7702815209e-05, 4.35045039922e-05, 3.29667745973e-05, 3.40682818205e-05, 2.46719373536e-05, 1.51306476255e-05, 9.41125199461e-06, 7.44019826016e-06, 1.00556217149e-05, 9.45526335272e-06, 5.20726598552e-06, 5.42430962014e-06, 1.14015074359e-05, 8.71464908414e-06, 2.16807734432e-06, 2.26377869694e-06, 2.61577451965e-06, 3.37984465659e-06, 2.46186641562e-06, 2.61625973508e-06, 2.76336390925e-06, 3.06587025989e-06, 2.06912272915e-06, 1.86621139164e-06, 1.51921835823e-06, 1.7898897795e-06],
        "dvar": [2.02604605875e-05, 3.77849391953e-05, 6.99791007719e-06, 1.2153049056e-06, 8.53105461829e-07, 3.31472421067e-07, 2.03051229164e-07, 2.25321073799e-07, 5.95677533965e-08, 2.1462025046e-08, 2.42028814768e-08, 1.3088218509e-08, 1.10705871137e-08, 1.47011780527e-08, 1.02253796541e-08, 1.22296022198e-08, 3.56639051624e-09, 6.42474784485e-09, 3.65659214019e-09, 1.89132265405e-09, 7.07194192096e-10, 2.89944207532e-10, 4.39069530733e-10, 2.75063305466e-10, 1.323824661e-10, 1.56119714378e-10, 2.58719684565e-10, 1.44002559876e-10, 1.84002084402e-11, 3.24154834919e-11, 3.81802714444e-11, 9.18539411199e-11, 3.14506788668e-11, 1.75975796435e-11, 1.92460769544e-11, 5.17637148423e-11, 3.06931841054e-11, 2.85114588189e-11, 1.65195235963e-11, 1.80557964413e-11],
        "dvar2": [3.46737942891e-05, 7.40675022826e-05, 1.91607687157e-05, 2.8381004995e-06, 1.75832292371e-06, 7.1246756761e-07, 4.12582124909e-07, 4.64871845907e-07, 1.16167193198e-07, 4.70997179036e-08, 6.11837904785e-08, 2.84904100312e-08, 2.56671430776e-08, 3.16744284135e-08, 2.02579251152e-08, 1.92934770382e-08, 6.82071732427e-09, 1.1983155801e-08, 7.77482522807e-09, 4.80031792094e-09, 1.719416165e-09, 5.99607530294e-10, 8.14018796813e-10, 6.0345811681e-10, 3.38911704256e-10, 3.62655350195e-10, 5.65718527579e-10, 2.96110608256e-10, 4.47978390494e-11, 7.56747720043e-11, 9.61421220413e-11, 2.44045866848e-10, 7.64793714469e-11, 4.06838833455e-11, 4.70243566308e-11, 1.39671732513e-10, 7.88422868658e-11, 7.22384929652e-11, 3.8846093009e-11, 4.53652081178e-11],
        "max": [0.0587027594447, 0.0738657340407, 0.0277015585452, 0.0197114720941, 0.0118822706863, 0.00736600533128, 0.00617383606732, 0.00665887072682, 0.00458911666647, 0.00193456793204, 0.00237844488584, 0.00270149391145, 0.00217700889334, 0.00271692476235, 0.00233052438125, 0.0021010749042, 0.000975385715719, 0.00183918478433, 0.00152332335711, 0.000617037760094, 0.00044008353143, 0.000238714113948, 0.000280414766166, 0.000224109229748, 0.000168859027326, 0.000167290272657, 0.000171246836544, 0.000230316494708, 6.33430172456e-05, 7.87275130278e-05, 0.000101367695606, 0.000147001657751, 7.33264023438e-05, 5.72029784962e-05, 4.96467582707e-05, 9.92995119304e-05, 8.03256552899e-05, 7.19242307241e-05, 5.47262461623e-05, 6.04266388109e-05],
        "mean": [0.00530379917473, 0.0018421956338, 0.000631486880593, 0.00121261435561, 0.00161291530821, 0.000834808917716, 0.000449527404271, 0.000528504955582, 0.000283255300019, 0.000182633652003, 0.000174083732418, 9.82297351584e-05, 5.74074510951e-05, 0.000104532417026, 6.94962654961e-05, 4.90111051477e-05, 3.95888346247e-05, 4.6281991672e-05, 4.15188260376e-05, 1.02448675534e-05, 8.71221163834e-06, 9.81333960226e-06, 1.38687282742e-05, 1.10124565253e-05, 5.47798208572e-06, 6.10032338955e-06, 1.46103866427e-05, 1.40855872814e-05, 1.5988348423e-06, 1.0662005252e-06, 1.18976674912e-06, 1.38359007451e-06, 1.25173357901e-06, 1.89434365439e-06, 1.84206976428e-06, 1.61851892244e-06, 1.28504598251e-06, 1.04573359749e-06, 8.4623178509e-07, 9.12986308776e-07],
        "median": [1.71843184944e-05, 3.64801235264e-05, 0.00022580116638, 0.000462831434561, 0.000750059320126, 0.000450693507446, 0.000165114470292, 0.000119581614854, 9.82774145086e-05, 6.86609710101e-05, 6.28752386547e-05, 2.14286192204e-05, 1.43765328176e-05, 1.40736092362e-05, 8.25916686154e-06, 8.24699418445e-06, 7.00614782545e-06, 4.00799672207e-06, 2.08218966691e-06, 1.20753668398e-06, 1.05933020222e-06, 1.07419975848e-06, 1.27257021632e-06, 1.73338924014e-06, 1.29356146772e-06, 1.57897886766e-06, 3.77083893e-06, 2.42314877141e-06, 3.33321736434e-07, 4.41413305907e-08, 5.83328194637e-08, 1.02529256196e-07, 2.46065610554e-07, 7.00308874002e-07, 4.73787736155e-07, 3.17357120139e-07, 1.70320575421e-07, 6.15617565813e-08, 1.6979429418e-08, 2.50051161998e-08],
        "min": [1.09861447606e-23, 9.27784674885e-24, 1.15072276204e-23, 1.00165353116e-23, 1.19914564765e-23, 2.0215963291e-23, 5.4749999714e-24, 8.20982216876e-24, 2.26981756604e-23, 1.06875924624e-23, 1.18643331193e-23, 6.61700708262e-24, 1.42838397242e-23, 9.25141280877e-24, 1.08533873589e-23, 8.95709827137e-24, 8.03291458874e-24, 1.06186799403e-23, 3.06953603722e-23, 1.20388370402e-23, 8.79736734869e-24, 8.27855483057e-24, 9.16630418343e-24, 9.46069129604e-24, 7.703904371e-24, 1.18689842432e-23, 1.01035237925e-23, 8.9010063167e-24, 1.27813105576e-23, 1.71300546034e-23, 8.23237885749e-24, 9.56740445499e-24, 6.68059558247e-24, 9.21320590855e-24, 1.17864701814e-23, 6.72241546564e-24, 1.04106170877e-23, 1.13417703564e-23, 9.13524594073e-24, 7.84278727767e-24],
        "stdev": [0.00955265108496, 0.00727248098701, 0.00217760913074, 0.00179233564995, 0.00198356178589, 0.00104209291749, 0.000681620789692, 0.000921460916288, 0.000451293162769, 0.000268768286332, 0.000279443280306, 0.000196599168703, 0.000144185163663, 0.000209167585126, 0.000209798425203, 0.000184903125046, 9.78661773843e-05, 0.00014606435434, 0.000113871399662, 4.12041226809e-05, 2.91388532787e-05, 2.57080537267e-05, 3.54459225491e-05, 2.170712105e-05, 1.2326232536e-05, 1.36259168357e-05, 2.49667027674e-05, 2.59606276813e-05, 4.25241478297e-06, 5.32991589353e-06, 5.44045997231e-06, 7.95144660515e-06, 5.06091009811e-06, 4.2436640797e-06, 4.38313963969e-06, 6.14432019574e-06, 5.08819039169e-06, 4.91860873808e-06, 4.03892181566e-06, 3.97329313273e-06],
        "var": [9.12531468202e-05, 5.28889795532e-05, 4.74198168376e-06, 3.21246693602e-06, 3.93451773562e-06, 1.0859575923e-06, 4.64606927153e-07, 8.49090213251e-07, 2.03665521781e-07, 7.22363964201e-08, 7.80885542895e-08, 3.8651233325e-08, 2.07893595672e-08, 4.37510756512e-08, 4.40153762327e-08, 3.41891635003e-08, 9.57778922839e-09, 2.13347970401e-08, 1.29666961612e-08, 1.69777958359e-09, 8.49072812059e-10, 6.60903998195e-10, 1.25641341775e-09, 4.71199079755e-10, 1.51936019321e-10, 1.85665621766e-10, 6.23336215977e-10, 6.73954170249e-10, 1.80830315999e-11, 2.84080033802e-11, 2.95986048171e-11, 6.32255012234e-11, 2.56128122184e-11, 1.80086865559e-11, 1.92119150449e-11, 3.77526690465e-11, 2.58896792893e-11, 2.41927138045e-11, 1.631288854e-11, 1.57870574252e-11]
    },
    "melbands128": {
