{
"lowlevel": {
    "average_loudness": 0.976566314697,
    "barkbands_crest": {
        "dmean": 2.78426361084,
        "dmean2": 4.69184160233,
        "dvar": 10.968296051,
        "dvar2": 27.582868576,
        "max": 23.7968273163,
        "mean": 13.4648256302,
        "median": 14.3294534683,
        "min": 2.64907479286,
        "stdev": 4.04819011688,
        "var": 16.3878440857
    },
    "barkbands_flatness_db": {
        "dmean": 0.0310855731368,
        "dmean2": 0.0444966554642,
        "dvar": 0.00106029596645,
        "dvar2": 0.00228061061352,
        "max": 0.410950601101,
        "mean": 0.201377108693,
        "median": 0.205734744668,
        "min": 0.0249503329396,
        "stdev": 0.0677334144711,
        "var": 0.00458781560883
    },
    "barkbands_kurtosis": {
        "dmean": 10.553650856,
        "dmean2": 15.9157800674,
        "dvar": 253.433486938,
        "dvar2": 601.785888672,
        "max": 206.54725647,
        "mean": 19.1661262512,
        "median": 13.4218072891,
        "min": -1.75412786007,
        "stdev": 21.3169879913,
        "var": 454.413970947
    },
    "barkbands_skewness": {
        "dmean": 1.05631780624,
        "dmean2": 1.56916439533,
        "dvar": 1.23900842667,
        "dvar2": 2.79433774948,
        "max": 9.4170293808,
        "mean": 3.4640750885,
        "median": 3.40659332275,
        "min": -1.08109414577,
        "stdev": 2.05364942551,
        "var": 4.21747636795
    },
    "barkbands_spread": {
        "dmean": 6.0419793129,
        "dmean2": 9.0481710434,
        "dvar": 72.6328277588,
        "dvar2": 168.365737915,
        "max": 76.4339065552,
        "mean": 16.3638744354,
        "median": 11.5692806244,
        "min": 0.648193717003,
        "stdev": 13.9878311157,
        "var": 195.659408569
    },
    "dissonance": {
        "dmean": 0.0185420699418,
        "dmean2": 0.0305917840451,
        "dvar": 0.000336437020451,
        "dvar2": 0.000727210892364,
        "max": 0.499984443188,
        "mean": 0.462741196156,
        "median": 0.466418534517,
        "min": 0.108611173928,
        "stdev": 0.0239121522754,
        "var": 0.000571791024413
    },
    "dynamic_complexity": 1.94376933575,
    "erbbands_crest": {
        "dmean": 2.78114795685,
        "dmean2": 4.42746019363,
        "dvar": 6.79041051865,
        "dvar2": 16.2586097717,
        "max": 25.6867370605,
        "mean": 8.92417430878,
        "median": 7.98909950256,
        "min": 3.05282068253,
        "stdev": 3.80050992966,
        "var": 14.4438753128
    },
    "erbbands_flatness_db": {
        "dmean": 0.0189100205898,
        "dmean2": 0.0273067671806,
        "dvar": 0.000392446439946,
        "dvar2": 0.000716992595699,
        "max": 0.300549447536,
        "mean": 0.145889505744,
        "median": 0.14174489677,
        "min": 0.0539068616927,
        "stdev": 0.0522505864501,
        "var": 0.00273012369871
    },
    "erbbands_kurtosis": {
        "dmean": 1.01497042179,
        "dmean2": 1.60894453526,
        "dvar": 1.63152122498,
        "dvar2": 4.01606702805,
        "max": 14.1794395447,
        "mean": -0.101341672242,
        "median": -0.57146191597,
        "min": -1.81867921352,
        "stdev": 1.49985420704,
        "var": 2.24956250191
    },
    "erbbands_skewness": {
        "dmean": 0.500464081764,
        "dmean2": 0.74153649807,
        "dvar": 0.237997621298,
        "dvar2": 0.484747737646,
        "max": 3.38910245895,
        "mean": 0.239264458418,
        "median": 0.245485827327,
        "min": -3.43618416786,
        "stdev": 0.826828896999,
        "var": 0.683646023273
    },
    "erbbands_spread": {
        "dmean": 12.7297010422,
        "dmean2": 17.991569519,
        "dvar": 139.960647583,
        "dvar2": 269.232971191,
        "max": 187.543548584,
        "mean": 54.9802742004,
        "median": 51.5647888184,
        "min": 8.34118366241,
        "stdev": 24.5674514771,
        "var": 603.559631348
    },
    "hfc": {
        "dmean": 13.7381362915,
        "dmean2": 19.8553295135,
        "dvar": 530.874084473,
        "dvar2": 1281.19592285,
        "max": 204.452911377,
        "mean": 31.3148269653,
        "median": 18.0661659241,
        "min": 6.20569917373e-05,
        "stdev": 33.0421218872,
        "var": 1091.78186035
    },
    "loudness_ebu128": {
        "integrated": -10.1108465195,
        "loudness_range": 0.898591041565,
        "momentary": {
            "dmean": 0.745444297791,
            "dmean2": 1.18359279633,
            "dvar": 0.491910934448,
            "dvar2": 0.745766997337,
            "max": -7.65438461304,
            "mean": -10.3728103638,
            "median": -9.81007099152,
            "min": -14.6987066269,
            "stdev": 1.58540999889,
            "var": 2.51352477074
        },
        "short_term": {
            "dmean": 0.0983665436506,
            "dmean2": 0.147981405258,
            "dvar": 0.00834281276911,
            "dvar2": 0.0107192574069,
            "max": -9.5042142868,
            "mean": -10.1865139008,
            "median": -10.0447483063,
            "min": -12.5800132751,
            "stdev": 0.553831160069,
            "var": 0.306728929281
        }
    },
    "melbands_crest": {
        "dmean": 4.34881401062,
        "dmean2": 6.83234405518,
        "dvar": 23.6022701263,
        "dvar2": 51.2903251648,
        "max": 37.3236732483,
        "mean": 25.3861961365,
        "median": 27.5491294861,
        "min": 4.39614629745,
        "stdev": 8.88417720795,
        "var": 78.9286117554
    },
    "melbands_flatness_db": {
        "dmean": 0.0346652157605,
        "dmean2": 0.0487330928445,
        "dvar": 0.00139904557727,
        "dvar2": 0.00286537688226,
        "max": 0.532111227512,
        "mean": 0.285565942526,
        "median": 0.302602380514,
        "min": 0.0602611899376,
        "stdev": 0.0901053994894,
        "var": 0.00811898335814
    },
    "melbands_kurtosis": {
        "dmean": 31.2911262512,
        "dmean2": 47.1312446594,
        "dvar": 2040.57458496,
        "dvar2": 5104.41894531,
        "max": 587.994262695,
        "mean": 57.3257713318,
        "median": 35.1976051331,
        "min": -1.51876306534,
        "stdev": 61.9776573181,
        "var": 3841.23022461
    },
    "melbands_skewness": {
        "dmean": 1.70819246769,
        "dmean2": 2.5235311985,
        "dvar": 2.91234970093,
        "dvar2": 6.63716602325,
        "max": 17.825630188,
        "mean": 5.53147745132,
        "median": 5.07200241089,
        "min": -0.458377897739,
        "stdev": 3.20317816734,
        "var": 10.2603502274
    },
    "melbands_spread": {
        "dmean": 5.39384222031,
        "dmean2": 7.7626619339,
        "dvar": 81.0065460205,
        "dvar2": 162.407119751,
        "max": 137.839752197,
        "mean": 12.791800499,
        "median": 7.06804847717,
        "min": 0.299885034561,
        "stdev": 14.8536987305,
        "var": 220.632369995
    },
    "pitch_salience": {
        "dmean": 0.092958137393,
        "dmean2": 0.15227971971,
        "dvar": 0.0115381488577,
        "dvar2": 0.0288083422929,
        "max": 0.929517328739,
        "mean": 0.379461705685,
        "median": 0.354087412357,
        "min": 0.131018534303,
        "stdev": 0.164629280567,
        "var": 0.0271028019488
    },
    "silence_rate_20dB": {
        "dmean": 0.00618716143072,
        "dmean2": 0.0123839005828,
        "dvar": 0.00614878581837,
        "dvar2": 0.0184219609946,
        "max": 1,
        "mean": 0.996908783913,
        "median": 1,
        "min": 0,
        "stdev": 0.0555123053491,
        "var": 0.00308161624707
    },
    "silence_rate_30dB": {
        "dmean": 0.168600156903,
        "dmean2": 0.337461292744,
        "dvar": 0.140174522996,
        "dvar2": 0.297887027264,
        "max": 1,
        "mean": 0.707882523537,
        "median": 1,
        "min": 0,
        "stdev": 0.454734504223,
        "var": 0.206783473492
    },
    "silence_rate_60dB": {
        "dmean": 0.00696055684239,
        "dmean2": 0.0139318881556,
        "dvar": 0.00691226543859,
        "dvar2": 0.0168341360986,
        "max": 1,
        "mean": 0.00772797549143,
        "median": 0,
        "min": 0,
        "stdev": 0.0875686705112,
        "var": 0.0076682716608
    },
    "spectral_centroid": {
        "dmean": 301.269287109,
        "dmean2": 435.744232178,
        "dvar": 92823.8359375,
        "dvar2": 166796.5,
        "max": 4168.88769531,
        "mean": 1324.27148438,
        "median": 1313.25610352,
        "min": 246.497192383,
        "stdev": 624.764038086,
        "var": 390330.125
    },
    "spectral_complexity": {
        "dmean": 3.81361174583,
        "dmean2": 5.13235282898,
        "dvar": 13.3411159515,
        "dvar2": 21.5497970581,
        "max": 46,
        "mean": 17.1081924438,
        "median": 16,
        "min": 0,
        "stdev": 7.36720943451,
        "var": 54.2757759094
    },
    "spectral_decrease": {
        "dmean": 6.89561208134e-09,
        "dmean2": 1.06356061735e-08,
        "dvar": 1.975550163e-16,
        "dvar2": 3.96894492793e-16,
        "max": -4.36274949747e-15,
        "mean": -2.39139801295e-08,
        "median": -2.35677006799e-08,
        "min": -9.77287655246e-08,
        "stdev": 1.97059168983e-08,
        "var": 3.88323181111e-16
    },
    "spectral_energy": {
        "dmean": 0.02658065781,
        "dmean2": 0.0410417802632,
        "dvar": 0.00288291857578,
        "dvar2": 0.00577050959691,
        "max": 0.37306663394,
        "mean": 0.0930971577764,
        "median": 0.0904164165258,
        "min": 2.20947580232e-08,
        "stdev": 0.0754140987992,
        "var": 0.00568728661165
    },
    "spectral_energyband_high": {
        "dmean": 0.000771554361563,
        "dmean2": 0.00111666030716,
        "dvar": 2.57514966506e-06,
        "dvar2": 6.09124663242e-06,
        "max": 0.0144778490067,
        "mean": 0.00144179130439,
        "median": 0.000341474544257,
        "min": 3.97726562795e-09,
        "stdev": 0.00234342203476,
        "var": 5.49162677999e-06
    },
    "spectral_energyband_low": {
        "dmean": 0.0208276826888,
        "dmean2": 0.0337137021124,
        "dvar": 0.00271978368983,
        "dvar2": 0.00560718728229,
        "max": 0.346440404654,
        "mean": 0.0719320401549,
        "median": 0.0792152285576,
        "min": 3.45452416672e-11,
        "stdev": 0.0693545415998,
        "var": 0.00481005199254
    },
    "spectral_energyband_middle_high": {
        "dmean": 0.00194609933533,
        "dmean2": 0.00274619809352,
        "dvar": 6.7299206421e-06,
        "dvar2": 1.25144915728e-05,
        "max": 0.0301892291754,
        "mean": 0.0040426896885,
        "median": 0.00250110845082,
        "min": 1.23124497264e-08,
        "stdev": 0.00407600775361,
        "var": 1.66138397617e-05
    },
    "spectral_energyband_middle_low": {
        "dmean": 0.011641420424,
        "dmean2": 0.0197064746171,
        "dvar": 0.00046712718904,
        "dvar2": 0.00129780324642,
        "max": 0.137497410178,
        "mean": 0.0156908221543,
        "median": 0.00944296829402,
        "min": 5.95488902633e-09,
        "stdev": 0.0194734614342,
        "var": 0.000379215722205
    },
    "spectral_entropy": {
        "dmean": 0.201901704073,
        "dmean2": 0.288628429174,
        "dvar": 0.0421805381775,
        "dvar2": 0.0756154358387,
        "max": 8.33563899994,
        "mean": 7.33609819412,
        "median": 7.32075881958,
        "min": 5.82204866409,
        "stdev": 0.440707445145,
        "var": 0.194223046303
    },
    "spectral_flux": {
        "dmean": 0.0539114028215,
        "dmean2": 0.089149095118,
        "dvar": 0.0056519228965,
        "dvar2": 0.0132227726281,
        "max": 0.492516100407,
        "mean": 0.130909591913,
        "median": 0.0928697884083,
        "min": 0.000148643055581,
        "stdev": 0.104671537876,
        "var": 0.0109561309218
    },
    "spectral_kurtosis": {
        "dmean": 1.79756450653,
        "dmean2": 2.85118556023,
        "dvar": 3.95684838295,
        "dvar2": 10.217713356,
        "max": 18.2797603607,
        "mean": 5.2422709465,
        "median": 4.62149095535,
        "min": -0.232501268387,
        "stdev": 3.09528231621,
        "var": 9.5807723999
    },
    "spectral_rms": {
        "dmean": 0.00128210755065,
        "dmean2": 0.00194702460431,
        "dvar": 4.65038237962e-06,
        "dvar2": 9.19071044336e-06,
        "max": 0.0190779305995,
        "mean": 0.00872722361237,
        "median": 0.0093920789659,
        "min": 4.64282902612e-06,
        "stdev": 0.00382909341715,
        "var": 1.46619568113e-05
    },
    "spectral_rolloff": {
        "dmean": 494.997772217,
        "dmean2": 763.946350098,
        "dvar": 1388906.875,
        "dvar2": 2653940,
        "max": 12252.3925781,
        "mean": 1032.04882812,
        "median": 236.865234375,
        "min": 43.06640625,
        "stdev": 2032.16088867,
        "var": 4129677.75
    },
    "spectral_skewness": {
        "dmean": 0.245178341866,
        "dmean2": 0.369173586369,
        "dvar": 0.0541393049061,
        "dvar2": 0.119209758937,
        "max": 3.1887819767,
        "mean": 1.73977422714,
        "median": 1.70543456078,
        "min": 0.28921893239,
        "stdev": 0.407952815294,
        "var": 0.16642549634
    },
    "spectral_spread": {
        "dmean": 874916.8125,
        "dmean2": 1213454.75,
        "dvar": 1.13850646528e+12,
        "dvar2": 1.89543166771e+12,
        "max": 15763706,
        "mean": 5484269,
        "median": 4577801.5,
        "min": 1915226.5,
        "stdev": 2499423.75,
        "var": 6.2471185367e+12
    },
    "spectral_strongpeak": {
        "dmean": 0.308988392353,
        "dmean2": 0.531989216805,
        "dvar": 0.318316906691,
        "dvar2": 0.893792867661,
        "max": 5.18375635147,
        "mean": 0.671148002148,
        "median": 0.444737166166,
        "min": 0,
        "stdev": 0.587116479874,
        "var": 0.344705730677
    },
    "zerocrossingrate": {
        "dmean": 0.0134721063077,
        "dmean2": 0.0147776883096,
        "dvar": 0.000321549072396,
        "dvar2": 0.000325111323036,
        "max": 0.28759765625,
        "mean": 0.0478492975235,
        "median": 0.02880859375,
        "min": 0.00244140625,
        "stdev": 0.0473751164973,
        "var": 0.00224440149032
    },
    "barkbands": {
        "dmean": [0.00617352640256, 0.0182392802089, 0.00302771129645, 0.00452554877847, 0.00269634905271, 0.00356756313704, 0.00122399162501, 0.00126477389131, 0.000776341592427, 0.000251992867561, 0.000228512770263, 0.000314682198223, 0.000342807063134, 0.000380821817089, 0.000469135353342, 0.00033245026134, 0.000256364553934, 0.000204038617085, 0.000136416594614, 0.000115033253678, 4.10778484365e-05, 6.12099102e-05, 5.07658660354e-05, 6.65233965265e-05, 0.000230117788306, 0.000386582280044, 3.4066652006e-05],
        "dmean2": [0.00943503621966, 0.0310008488595, 0.0049281665124, 0.00844608433545, 0.00467947917059, 0.00551315862685, 0.00203991052695, 0.00203686859459, 0.00127631006762, 0.000401685625548, 0.000362934311852, 0.000494595326018, 0.000550647615455, 0.000622945954092, 0.000709099869709, 0.000502938695718, 0.000361411250196, 0.000306954199914, 0.000187303725397, 0.000178166941623, 5.6691467762e-05, 8.43299349071e-05, 7.15086061973e-05, 8.96307174116e-05, 0.000338666286552, 0.000663191312924, 5.78144135943e-05],
        "dvar": [9.46775762714e-05, 0.00238653947599, 4.01105935453e-05, 0.000205950462259, 1.83485517482e-05, 3.67750399164e-05, 7.92025730334e-06, 5.5435343711e-06, 2.61668287749e-06, 2.71705118848e-07, 2.5179551244e-07, 5.60981391118e-07, 6.47647595997e-07, 8.90645367235e-07, 7.83778091318e-07, 4.94823723329e-07, 2.71608968205e-07, 1.64393668456e-07, 2.95971780417e-08, 7.25655340261e-08, 4.33923919019e-09, 2.71193094648e-08, 8.08012856623e-09, 8.08095013127e-09, 2.65447283709e-07, 9.68115841715e-07, 1.05311457332e-08],
        "dvar2": [0.000223045790335, 0.00513904541731, 8.52856392157e-05, 0.000605339475442, 4.79422778881e-05, 7.96040185378e-05, 2.03635172511e-05, 1.31907327159e-05, 6.4196196945e-06, 6.18762385329e-07, 6.03646469699e-07, 1.39346332162e-06, 1.46062939166e-06, 2.34502203966e-06, 1.67257690009e-06, 1.06810546185e-06, 5.18135152561e-07, 3.62874317261e-07, 6.49682618814e-08, 1.73305679141e-07, 8.24220425244e-09, 4.76513513092e-08, 1.55232946497e-08, 1.44327882978e-08, 5.37319067462e-07, 2.73271143669e-06, 2.76002776189e-08],
        "max": [0.0644647404552, 0.307411164045, 0.0445070713758, 0.0818649083376, 0.0418040975928, 0.0548394098878, 0.0652612224221, 0.0295939818025, 0.017364166677, 0.00764688150957, 0.00631584133953, 0.0116365887225, 0.0102711832151, 0.0154827404767, 0.00978406053036, 0.0171907916665, 0.00714118033648, 0.00442489143461, 0.00203008414246, 0.00508301099762, 0.000792833685409, 0.00457826349884, 0.00152792537119, 0.000969294051174, 0.00517428293824, 0.00864085089415, 0.00100975122768],
        "mean": [0.0180457495153, 0.0494205951691, 0.00448748003691, 0.00354516739026, 0.0038025197573, 0.00476379133761, 0.00128063664306, 0.00142708001658, 0.000806524651125, 0.000318692385918, 0.000294744910207, 0.000377836782718, 0.000368684821296, 0.00041556704673, 0.000580015301239, 0.000452531763585, 0.000423773948569, 0.000380802637665, 0.00034862908069, 0.000202754963539, 7.25526333554e-05, 0.000103815145849, 9.16214557947e-05, 0.000125735168695, 0.000418563111452, 0.000512017810252, 2.92771364911e-05],
        "median": [0.0251436755061, 0.0506506338716, 0.00110786524601, 0.000798415043391, 0.00206541270018, 0.00225016707554, 0.00040611505392, 0.000420836440753, 0.000176281566382, 0.000137537703267, 9.50763351284e-05, 0.0001087570854, 6.89402222633e-05, 8.53822566569e-05, 8.43570451252e-05, 7.92888313299e-05, 0.000182935007615, 0.000246169453021, 0.000240434877924, 0.000106054489152, 3.04400346067e-05, 1.95036336663e-05, 2.97145743389e-05, 5.02761031385e-05, 3.16806035698e-05, 1.7127224055e-05, 1.89136585504e-07],
        "min": [3.22526727548e-12, 1.18582444211e-11, 1.31657549446e-11, 1.75258262763e-11, 2.55018783868e-10, 1.38204492295e-09, 2.29504371063e-09, 1.27933819094e-09, 4.58415028159e-10, 1.00919850254e-09, 3.98643534849e-10, 1.69429081875e-10, 2.43152303847e-10, 1.45230952264e-10, 1.3920470332e-10, 8.28400015251e-10, 9.3779717325e-10, 3.33733929381e-09, 4.76555728213e-09, 8.07337030562e-10, 2.93013391328e-10, 4.10566303177e-10, 2.72290767711e-09, 1.44470047037e-10, 1.99425632258e-11, 5.07940174296e-12, 1.6546270647e-12],
        "stdev": [0.0147624863312, 0.0561414025724, 0.00806177128106, 0.0111067984253, 0.00454684253782, 0.00731666758657, 0.00269312295131, 0.00261777034029, 0.00170303112827, 0.000595071760472, 0.000571191601921, 0.000845923204906, 0.00091739918571, 0.000913434720132, 0.00111958826892, 0.000959512137342, 0.000751194544137, 0.000506982789375, 0.000342293351423, 0.000337770732585, 0.000109863955004, 0.000219548077439, 0.000138498988235, 0.000159875053214, 0.000814830767922, 0.00112151016947, 9.76988158072e-05],
        "var": [0.000217930995859, 0.00315185706131, 6.49921494187e-05, 0.000123360965517, 2.06737768167e-05, 5.35336257599e-05, 7.25291147319e-06, 6.85272198098e-06, 2.90031493932e-06, 3.54110397893e-07, 3.26259851136e-07, 7.15586111255e-07, 8.41621215386e-07, 8.34362936075e-07, 1.25347776248e-06, 9.20663580928e-07, 5.64293202387e-07, 2.57031530282e-07, 1.1716473125e-07, 1.14089075964e-07, 1.20700880402e-08, 4.8201357572e-08, 1.9181968014e-08, 2.55600323129e-08, 6.63949151658e-07, 1.25778512938e-06, 9.54505807726e-09]
    },
    "erbbands": {
        "dmean": [0.942052960396, 4.29441833496, 5.12268161774, 9.71196651459, 10.513220787, 7.94092655182, 26.4322528839, 28.5893096924, 24.7091827393, 12.8739004135, 33.3125801086, 17.3672866821, 6.59640455246, 9.60817337036, 8.49394321442, 13.4707345963, 15.2865896225, 19.6750946045, 21.5224399567, 21.4101104736, 16.9788951874, 13.4070568085, 11.8040084839, 5.91674089432, 7.55296039581, 5.3538069725, 2.25355648994, 1.73382246494, 2.09314680099, 1.71884119511, 1.53569805622, 1.82896161079, 0.881948590279, 1.12107717991, 2.36761188507, 2.54371762276, 0.376345485449, 0.0513242594898, 0.00439526187256, 9.89225663943e-05],
        "dmean2": [1.4599173069, 6.9988732338, 7.83219671249, 17.7997398376, 19.6070537567, 13.571937561, 43.0371170044, 43.8711471558, 39.479347229, 20.8346252441, 54.4781036377, 28.1999588013, 10.4797344208, 15.3573656082, 13.4331827164, 20.7178630829, 24.3538036346, 31.8353443146, 32.580947876, 32.4748954773, 24.7933731079, 18.7184085846, 17.2619533539, 8.47099971771, 10.5720443726, 8.11186695099, 3.36012482643, 2.29568529129, 2.87124943733, 2.42979359627, 2.16734194756, 2.54757714272, 1.20893847942, 1.56657898426, 3.42654204369, 4.18026304245, 0.667090892792, 0.0888501852751, 0.00744041660801, 0.000163034739671],
        "dvar": [4.58675813675, 104.642845154, 111.498275757, 867.564697266, 733.011230469, 208.601852417, 1056.16931152, 3803.69750977, 2553.58862305, 587.063293457, 4118.42089844, 1556.55114746, 237.597503662, 335.666656494, 299.858428955, 1079.3137207, 1180.60388184, 2362.4050293, 2040.828125, 1580.44604492, 1675.14477539, 695.229492188, 503.232116699, 72.8200378418, 102.381950378, 189.236495972, 19.5279254913, 11.9722146988, 37.824924469, 10.4583730698, 8.83016586304, 7.14875984192, 1.83352136612, 4.15912246704, 31.3873767853, 40.2302017212, 0.977818012238, 0.019668199122, 0.000174270986463, 4.67344634103e-08],
        "dvar2": [11.4687767029, 239.36920166, 211.815979004, 2533.04980469, 2131.37207031, 543.995727539, 2692.53149414, 8319.40429688, 6343.07324219, 1455.24511719, 10411.8603516, 3734.78295898, 492.422607422, 794.737182617, 684.923095703, 2668.20898438, 2920.54418945, 6200.89746094, 4524.37646484, 3496.26245117, 3697.77368164, 1268.43359375, 1030.5300293, 168.615570068, 217.100906372, 467.087280273, 42.4041213989, 21.2348480225, 68.9067993164, 18.7274913788, 17.5292129517, 12.8312644958, 3.51294541359, 7.40246152878, 63.2745323181, 110.007629395, 2.85576462746, 0.0538745261729, 0.000466510886326, 1.21495176586e-07],
        "max": [12.9801311493, 65.8423690796, 69.4057540894, 166.753051758, 150.665237427, 129.32850647, 371.195220947, 588.523742676, 977.724487305, 306.219238281, 595.230651855, 541.845214844, 306.211120605, 240.382171631, 209.853317261, 545.684875488, 412.441131592, 837.175292969, 658.096862793, 581.872680664, 1157.38891602, 408.404968262, 288.296844482, 127.884483337, 117.355789185, 256.873779297, 82.5240631104, 60.6481819153, 179.967178345, 62.2850036621, 57.6891708374, 23.838092804, 18.4958972931, 16.4955444336, 49.9172859192, 57.3991203308, 7.71247005463, 1.28536295891, 0.143148243427, 0.00205097324215],
        "mean": [2.64429163933, 6.08534526825, 6.93064069748, 8.83973789215, 10.5809249878, 10.0229473114, 38.3426551819, 33.2551879883, 26.6997795105, 14.3669214249, 37.906047821, 18.6383419037, 7.9122095108, 13.8321142197, 10.6656370163, 16.7029647827, 16.7077217102, 22.4455471039, 27.4031200409, 27.8350658417, 24.3783893585, 22.8269844055, 23.5796489716, 15.1732759476, 18.8316020966, 9.41878700256, 3.8733932972, 2.9303958416, 3.525588274, 2.76845836639, 2.85902380943, 3.51462244987, 1.56939470768, 2.23102331161, 4.27036905289, 3.67575907707, 0.451780438423, 0.053341627121, 0.00405677594244, 0.000189344122191],
        "median": [3.43393754959, 2.65383076668, 1.34718036652, 1.51302731037, 5.661901474, 4.69996929169, 25.7253894806, 9.94793605804, 8.65113449097, 5.87550735474, 12.133562088, 5.25247907639, 2.31399059296, 6.56976318359, 3.14438009262, 4.90996837616, 3.33369588852, 5.33132648468, 5.25570583344, 4.04179763794, 5.73985099792, 8.63694572449, 15.5291461945, 11.35039711, 12.9658641815, 5.06741666794, 1.84171748161, 0.985929369926, 0.65304851532, 0.790615558624, 0.88440990448, 1.22485482693, 0.67893666029, 0.368550777435, 0.212309449911, 0.120803833008, 0.0153588792309, 0.00132422102615, 9.096377471e-05, 0.000106268635136],
        "min": [3.23639337552e-10, 2.84736012546e-09, 1.30594779435e-08, 4.135772258e-08, 1.72327304426e-07, 9.55775817602e-07, 4.38164943262e-06, 1.39106359711e-05, 2.87157563434e-05, 3.56326381734e-05, 2.2166832423e-05, 1.01673076642e-05, 2.49401928158e-05, 2.96820289805e-05, 1.01244477264e-05, 7.99769168225e-06, 1.04380342236e-05, 9.41267444432e-06, 5.36730885869e-06, 2.21541722567e-05, 4.41940210294e-05, 5.4325813835e-05, 0.000111867077067, 0.000306583358906, 0.000174443906872, 4.65339471702e-05, 1.98572524823e-05, 4.68721054858e-06, 1.0934412785e-05, 9.52278933255e-05, 4.81366441818e-05, 4.73650197819e-06, 2.12791678678e-06, 4.18354147769e-07, 9.18029599006e-08, 3.52530271641e-08, 1.0816654239e-08, 1.9901094106e-09, 2.55993171105e-10, 5.17979097114e-11],
        "stdev": [2.38670516014, 11.3767461777, 13.5155715942, 23.9532299042, 22.6262073517, 14.5400848389, 40.4044189453, 69.3846588135, 51.5955810547, 25.3295536041, 67.405456543, 41.5210037231, 17.7214927673, 21.8209991455, 20.114315033, 37.7854881287, 38.3267173767, 47.7703742981, 53.369884491, 52.1004104614, 54.6450119019, 39.6471786499, 30.6188488007, 13.2275104523, 18.5274810791, 16.3146305084, 5.92006635666, 5.38144922256, 7.94935131073, 4.64690065384, 4.40405225754, 4.76984739304, 2.11277318001, 3.66384649277, 8.71523284912, 7.71032381058, 1.03570687771, 0.144710421562, 0.0127583481371, 0.000253356120083],
        "var": [5.69636154175, 129.430358887, 182.670684814, 573.757263184, 511.945281982, 211.414077759, 1632.51696777, 4814.23095703, 2662.10400391, 641.586242676, 4543.49511719, 1723.99377441, 314.051300049, 476.155975342, 404.585632324, 1427.74304199, 1468.93725586, 2282.00878906, 2848.34448242, 2714.45288086, 2986.07739258, 1571.89880371, 937.513916016, 174.967041016, 343.267547607, 266.167175293, 35.0471839905, 28.9599933624, 63.1921844482, 21.5936870575, 19.3956775665, 22.7514419556, 4.46381092072, 13.4237709045, 75.955291748, 59.4490966797, 1.07268881798, 0.0209411047399, 0.000162775453646, 6.41893223019e-08]
    },
    "gfcc": {
        "mean": [11.502986908, 81.0446929932, -94.3329620361, 36.1467933655, -45.869304657, 5.4352107048, -48.3345985413, 21.1491031647, -26.1524276733, 7.52620506287, -3.71557545662, 6.38493299484, -6.08059072495],
        "cov": [[3586.31640625, -680.165405273, 1176.140625, -259.212005615, 286.97744751, 671.935302734, 186.855697632, 286.033813477, 167.825149536, 416.850494385, -343.366455078, 203.208084106, -190.700424194], [-680.165405273, 1649.07458496, 183.477294922, 458.514923096, 521.83215332, -16.1937999725, 321.218566895, 31.5393733978, 235.504272461, -102.026344299, 357.509277344, -270.213409424, 58.9548835754], [1176.140625, 183.477294922, 1885.57092285, 611.902832031, 678.917907715, 623.870422363, 491.162841797, 266.114257812, 71.8497161865, 188.788757324, -29.3475780487, 239.505584717, -101.175292969], [-259.212005615, 458.514923096, 611.902832031, 889.445983887, 468.541168213, 123.624176025, 271.732177734, 165.49861145, 115.553184509, -33.9327697754, 189.39263916, -30.9015846252, 103.286689758], [286.97744751, 521.83215332, 678.917907715, 468.541168213, 689.051574707, 290.391357422, 323.729705811, 184.951675415, 147.87097168, 56.923915863, 81.7529373169, -10.4833517075, 22.9183273315], [671.935302734, -16.1937999725, 623.870422363, 123.624176025, 290.391357422, 476.429382324, 267.308105469, 122.948928833, 43.1013832092, 111.363265991, -17.023349762, 39.0557556152, -66.0076751709], [186.855697632, 321.218566895, 491.162841797, 271.732177734, 323.729705811, 267.308105469, 380.590301514, 137.472061157, 23.4089183807, 26.4363250732, 91.4974441528, 14.4583015442, -27.3695144653], [286.033813477, 31.5393733978, 266.114257812, 165.49861145, 184.951675415, 122.948928833, 137.472061157, 196.593521118, 55.9670295715, 32.7973823547, 12.4187746048, 25.9291286469, -6.97404289246], [167.825149536, 235.504272461, 71.8497161865, 115.553184509, 147.87097168, 43.1013832092, 23.4089183807, 55.9670295715, 236.385223389, 49.1520500183, 16.5360221863, -71.9757080078, 22.2309932709], [416.850494385, -102.026344299, 188.788757324, -33.9327697754, 56.923915863, 111.363265991, 26.4363250732, 32.7973823547, 49.1520500183, 149.50340271, -33.1959342957, 24.0713043213, -19.8955593109], [-343.366455078, 357.509277344, -29.3475780487, 189.39263916, 81.7529373169, -17.023349762, 91.4974441528, 12.4187746048, 16.5360221863, -33.1959342957, 234.558456421, -47.0885658264, 38.6711044312], [203.208084106, -270.213409424, 239.505584717, -30.9015846252, -10.4833517075, 39.0557556152, 14.4583015442, 25.9291286469, -71.9757080078, 24.0713043213, -47.0885658264, 202.054016113, -2.25025939941], [-190.700424194, 58.9548835754, -101.175292969, 103.286689758, 22.9183273315, -66.0076751709, -27.3695144653, -6.97404289246, 22.2309932709, -19.8955593109, 38.6711044312, -2.25025939941, 119.956581116]],
        "icov": [[0.000676295661833, 0.000172747619217, -0.000359466095688, 0.000464711949462, -2.49302865996e-05, -0.000288708281005, 9.84459329629e-05, -0.000590831565205, -0.000385275023291, -0.000718814961147, 0.000248851720244, 0.000177661087946, -3.78074696528e-06], [0.000172747619217, 0.00303746783175, -0.0013752222294, 0.001650567865, -0.0017780107446, 0.00240334356204, -0.00220498093404, 0.00138957053423, -0.0020297516603, 0.00199368596077, -0.0030365337152, 0.00351637834683, -0.000807735021226], [-0.000359466095688, -0.0013752222294, 0.00306589039974, -0.00245812651701, 5.22865266248e-05, -0.00217618444003, 0.000472453277325, 0.0001786921639, 0.000906672445126, -0.00174116657581, 0.00201889593154, -0.0040919794701, 0.00253312499262], [0.000464711949462, 0.001650567865, -0.00245812651701, 0.00457359384745, -0.00154451082926, 0.00204983795993, -0.00131738884374, -0.000748755526729, -0.0014142205473, 0.00222554546781, -0.00290568708442, 0.00358360796236, -0.00336962472647], [-2.49302865996e-05, -0.0017780107446, 5.22865266248e-05, -0.00154451082926, 0.00501301838085, -0.00188477977645, -0.000188209436601, -0.00162807072047, -7.51166662667e-05, -0.00111967313569, 0.0019186307909, -0.00125855871011, -0.000738216389436], [-0.000288708281005, 0.00240334356204, -0.00217618444003, 0.00204983795993, -0.00188477977645, 0.00785670336336, -0.00450866529718, 0.00116857828107, -0.00128100870643, 0.000321099592838, -0.00207676691934, 0.00396974897012, -0.000483373703901], [9.84459329629e-05, -0.00220498093404, 0.000472453277325, -0.00131738884374, -0.000188209436601, -0.00450866529718, 0.00934316962957, -0.00317899254151, 0.00268519669771, -0.000526251271367, -9.05728011276e-05, -0.00219138897955, 0.00167809578124], [-0.000590831565205, 0.00138957053423, 0.0001786921639, -0.000748755526729, -0.00162807072047, 0.00116857828107, -0.00317899254151, 0.00969298090786, -0.0021494878456, 0.00105336145498, -0.00086737255333, -0.00028482064954, 0.000812838145066], [-0.000385275023291, -0.0020297516603, 0.000906672445126, -0.0014142205473, -7.51166662667e-05, -0.00128100870643, 0.00268519669771, -0.0021494878456, 0.00817750766873, -0.00319557567127, 0.00192692643031, 0.000446678663138, -0.000493690255098], [-0.000718814961147, 0.00199368596077, -0.00174116657581, 0.00222554546781, -0.00111967313569, 0.000321099592838, -0.000526251271367, 0.00105336145498, -0.00319557567127, 0.0126641672105, -0.00282012345269, 0.002254398074, -0.00153153180145], [0.000248851720244, -0.0030365337152, 0.00201889593154, -0.00290568708442, 0.0019186307909, -0.00207676691934, -9.05728011276e-05, -0.00086737255333, 0.00192692643031, -0.00282012345269, 0.00986461434513, -0.00320355966687, 0.000447192112915], [0.000177661087946, 0.00351637834683, -0.0040919794701, 0.00358360796236, -0.00125855871011, 0.00396974897012, -0.00219138897955, -0.00028482064954, 0.000446678663138, 0.002254398074, -0.00320355966687, 0.0133261410519, -0.00450050039217], [-3.78074696528e-06, -0.000807735021226, 0.00253312499262, -0.00336962472647, -0.000738216389436, -0.000483373703901, 0.00167809578124, 0.000812838145066, -0.000493690255098, -0.00153153180145, 0.000447192112915, -0.00450050039217, 0.0136792790145]]
    },
    "melbands": {
        "dmean": [0.00612222123891, 0.00371613400057, 0.00167716236319, 0.000532398058567, 0.000796478940174, 0.000640289799776, 0.000357619457645, 0.000151992746396, 0.000279786676401, 9.41611651797e-05, 3.18831480399e-05, 3.94323433284e-05, 3.14823191729e-05, 3.19174796459e-05, 3.63353283319e-05, 3.62185310223e-05, 3.81475583708e-05, 3.47381646861e-05, 3.58635552402e-05, 2.4643200959e-05, 2.03073068406e-05, 1.4525284314e-05, 1.42490607686e-05, 9.17025772651e-06, 4.83046187583e-06, 6.46891612632e-06, 4.46872127213e-06, 3.87115596823e-06, 1.8127493604e-06, 9.62069861998e-07, 1.02181229522e-06, 1.18314176234e-06, 1.55826057835e-06, 7.80017671786e-07, 8.05536842563e-07, 1.34375329708e-06, 1.05455478661e-06, 5.90424804159e-07, 8.58111093294e-07, 1.02175135908e-06],
        "dmean2": [0.00965917110443, 0.00543891871348, 0.00306551717222, 0.000943344901316, 0.00131345842965, 0.000981523189694, 0.00057196803391, 0.000242785637965, 0.00046299531823, 0.000153402186697, 5.12525220984e-05, 6.26631081104e-05, 4.93764455314e-05, 4.93949846714e-05, 5.74781079195e-05, 5.88934308325e-05, 6.23285377515e-05, 5.36545776413e-05, 5.45539405721e-05, 3.7718556996e-05, 3.00220362988e-05, 2.06329368666e-05, 2.09559766517e-05, 1.3684575606e-05, 7.23433413441e-06, 9.06856166694e-06, 6.55744725009e-06, 5.97654161538e-06, 2.7537985261e-06, 1.33444086714e-06, 1.40684858252e-06, 1.72721775016e-06, 2.2204801553e-06, 1.13365388188e-06, 1.17392892207e-06, 1.97762824428e-06, 1.41247824104e-06, 8.06672062481e-07, 1.32786806262e-06, 1.33944490699e-06],
        "dvar": [0.000226201998885, 6.32575247437e-05, 2.529430094e-05, 1.35264190249e-06, 9.39440383263e-07, 1.68692247371e-06, 5.56197051083e-07, 7.78320270456e-08, 2.93537055995e-07, 5.51131797977e-08, 5.81084380613e-09, 5.70040237236e-09, 4.49541026626e-09, 5.20751575195e-09, 7.39453920318e-09, 7.85408982296e-09, 1.01151238496e-08, 6.05824546085e-09, 4.54469306632e-09, 2.54908694153e-09, 2.45166842383e-09, 9.84000769755e-10, 8.43813408036e-10, 2.04614616917e-10, 5.19743449667e-11, 7.27545454438e-11, 5.76296094179e-11, 1.31874622333e-10, 1.68652695975e-11, 2.56051842056e-12, 5.28120819646e-12, 1.26036681092e-11, 1.46202720069e-11, 1.77963817728e-12, 2.94613855881e-12, 5.15072403132e-12, 2.67844600665e-12, 1.05476077091e-12, 2.88887490318e-12, 3.41445947037e-12],
        "dvar2": [0.000520609959494, 0.000135507754749, 7.41033509257e-05, 3.61247566616e-06, 2.40660483541e-06, 3.69028975911e-06, 1.38783434522e-06, 1.78110752813e-07, 7.59769307024e-07, 1.29537525595e-07, 1.23366223903e-08, 1.34662121454e-08, 1.02294039905e-08, 1.3113915287e-08, 1.89107929316e-08, 1.76555818854e-08, 2.728520343e-08, 1.42027962724e-08, 9.83093428886e-09, 5.78215741953e-09, 5.2980628773e-09, 1.84375092971e-09, 1.70123359844e-09, 4.25485396915e-10, 1.24433810478e-10, 1.5966507283e-10, 1.38493688739e-10, 3.27192689609e-10, 3.79117778837e-11, 4.8093291502e-12, 9.73196610105e-12, 2.50372240301e-11, 2.60321625367e-11, 3.56213886513e-12, 5.99042386876e-12, 1.01697912244e-11, 4.16614659438e-12, 1.89786749684e-12, 6.8608378527e-12, 5.65358523885e-12],
        "max": [0.0982296615839, 0.0533918552101, 0.0286270361394, 0.00779408495873, 0.0105275064707, 0.0127524826676, 0.0149827161804, 0.00420195050538, 0.00466604530811, 0.00327690108679, 0.00146331975702, 0.00101335300133, 0.000858688435983, 0.00111499603372, 0.00110386218876, 0.00116667058319, 0.00187806331087, 0.0011207270436, 0.000762504001614, 0.000725065125152, 0.00140396214556, 0.000526414136402, 0.000476234738017, 0.000176414396265, 0.000101471501694, 0.000100237499282, 0.000120945194794, 0.000231371814152, 8.02830400062e-05, 2.13145049202e-05, 4.83869189338e-05, 0.000106892475742, 7.88139004726e-05, 1.75123423105e-05, 3.55968841177e-05, 2.10344151128e-05, 2.11618189496e-05, 1.38935383802e-05, 1.71537558344e-05, 1.56796359079e-05],
        "mean": [0.018669879064, 0.00497325602919, 0.00161142589059, 0.000641091377474, 0.00115500204265, 0.000777058186941, 0.00038240372669, 0.000169336053659, 0.000312539545121, 9.92548957583e-05, 3.6851160985e-05, 5.57783678232e-05, 3.79973644158e-05, 3.86120264011e-05, 4.02666300943e-05, 3.87637483072e-05, 4.1072617023e-05, 4.12742192566e-05, 4.35005276813e-05, 3.18544480251e-05, 2.81333177554e-05, 2.27965356316e-05, 2.43639751716e-05, 1.83207248483e-05, 1.07689565993e-05, 1.52872162289e-05, 9.45351712289e-06, 5.66595099372e-06, 2.7337659958e-06, 1.61902619311e-06, 1.60531203619e-06, 1.82059056897e-06, 2.35164588958e-06, 1.21745961223e-06, 1.37441838888e-06, 2.43744125328e-06, 1.97064468921e-06, 9.78406205832e-07, 1.27728674215e-06, 1.95668690139e-06],
        "median": [0.0227760970592, 0.00111441151239, 0.000458177702967, 0.000306846282911, 0.00078569422476, 0.000275474361842, 0.000120764700114, 6.07129040873e-05, 0.000100900440884, 2.20309993892e-05, 1.04499540612e-05, 2.65514208877e-05, 1.11202843982e-05, 1.10266528281e-05, 9.80643562798e-06, 7.29042221792e-06, 8.85318877408e-06, 6.96012921253e-06, 5.8194182202e-06, 5.41252302355e-06, 7.01447061147e-06, 8.14360282675e-06, 1.08286913019e-05, 1.29068348542e-05, 7.79755282565e-06, 9.8393229564e-06, 5.83529072173e-06, 2.3097400117e-06, 1.26345594254e-06, 5.65724576518e-07, 4.59299201339e-07, 3.36098537446e-07, 3.72122940462e-07, 3.99392490635e-07, 4.29341866948e-07, 5.47444301446e-07, 6.63617811369e-07, 3.90167429032e-07, 3.51287951617e-07, 2.61793161371e-07],
        "min": [3.23538635119e-12, 5.95463912553e-12, 9.86738295239e-12, 3.5186489139e-11, 1.31736552222e-10, 3.1278180046e-10, 4.52290205288e-10, 3.75404929365e-10, 1.53592985552e-10, 6.18487761006e-11, 1.28495575291e-10, 1.26620339214e-10, 4.38844308115e-11, 1.72832130552e-11, 2.15094053679e-11, 2.56529814752e-11, 1.5770672962e-11, 8.16679883442e-12, 1.24886594122e-11, 4.73536140855e-11, 5.03724596757e-11, 4.32422639363e-11, 6.98087490592e-11, 1.69196767708e-10, 2.65301253188e-10, 1.50812237698e-10, 6.36288938205e-11, 2.48939601571e-11, 1.17844302025e-11, 6.15169287038e-12, 1.71279234285e-12, 2.50487673138e-12, 1.34279427855e-11, 7.9301988587e-11, 3.57985273369e-11, 3.84035771933e-12, 1.75744336618e-12, 1.55649169768e-12, 7.67027554752e-13, 2.34110609587e-13],
        "stdev": [0.0175203960389, 0.00982370041311, 0.00409033382311, 0.00111573806498, 0.00117351487279, 0.00148304225877, 0.000752440828364, 0.000315296492772, 0.000554537051357, 0.000245672010351, 8.59074571053e-05, 8.94847253221e-05, 7.69741745899e-05, 8.39624190121e-05, 9.23446568777e-05, 0.000100194803963, 9.44788116612e-05, 8.67407943588e-05, 8.59687206685e-05, 6.2242608692e-05, 6.88818181516e-05, 4.34560752183e-05, 4.17686569563e-05, 1.97504359676e-05, 1.03049214886e-05, 1.59564697242e-05, 1.08591848402e-05, 1.27105649881e-05, 4.97735345562e-06, 2.71763087767e-06, 3.28544479089e-06, 4.35897391071e-06, 5.03990577272e-06, 1.88005719792e-06, 2.34501658269e-06, 3.67203801943e-06, 2.98731652038e-06, 1.63624270044e-06, 2.05602282222e-06, 3.41999020748e-06],
        "var": [0.000306964298943, 9.65050930972e-05, 1.67308317032e-05, 1.2448713278e-06, 1.37713709591e-06, 2.19941421165e-06, 5.6616721622e-07, 9.94118778408e-08, 3.07511328401e-07, 6.03547363198e-08, 7.38009120482e-09, 8.00751553953e-09, 5.92502358288e-09, 7.04968750043e-09, 8.52753512248e-09, 1.00389980773e-08, 8.92624640869e-09, 7.52396545067e-09, 7.39062055999e-09, 3.87414278435e-09, 4.74470507328e-09, 1.88843052307e-09, 1.74462067015e-09, 3.90079746282e-10, 1.06191402893e-10, 2.54608945038e-10, 1.17921894471e-10, 1.61558461054e-10, 2.47740491316e-11, 7.38551754476e-12, 1.07941468264e-11, 1.90006517464e-11, 2.54006485984e-11, 3.53461509194e-12, 5.49910247546e-12, 1.34838633314e-11, 8.92406027547e-12, 2.67729024714e-12, 4.22723011109e-12, 1.16963322708e-11]
    },
    "melbands128": {
