{
"lowlevel": {
    "average_loudness": 0.955606877804,
    "barkbands_crest": {
        "dmean": 1.87526714802,
        "dmean2": 2.85597896576,
        "dvar": 3.23974108696,
        "dvar2": 8.76833343506,
        "max": 22.4389514923,
        "mean": 10.1079130173,
        "median": 9.34331893921,
        "min": 3.3253467083,
        "stdev": 3.70313262939,
        "var": 13.7131910324
    },
    "barkbands_flatness_db": {
        "dmean": 0.0160046648234,
        "dmean2": 0.0228932984173,
        "dvar": 0.00023010050063,
        "dvar2": 0.0004685279564,
        "max": 0.281091332436,
        "mean": 0.153801783919,
        "median": 0.151154860854,
        "min": 0.0560683421791,
        "stdev": 0.0383033454418,
        "var": 0.00146714621224
    },
    "barkbands_kurtosis": {
        "dmean": 2.1123316288,
        "dmean2": 3.10313248634,
        "dvar": 6.81985664368,
        "dvar2": 14.9826126099,
        "max": 33.6370506287,
        "mean": 4.86190032959,
        "median": 3.50346517563,
        "min": -1.7815207243,
        "stdev": 5.14375782013,
        "var": 26.4582424164
    },
    "barkbands_skewness": {
        "dmean": 0.364723205566,
        "dmean2": 0.524098813534,
        "dvar": 0.139967530966,
        "dvar2": 0.280209422112,
        "max": 5.09000396729,
        "mean": 1.60639297962,
        "median": 1.62875878811,
        "min": -1.96188986301,
        "stdev": 1.01700735092,
        "var": 1.03430402279
    },
    "barkbands_spread": {
        "dmean": 3.39391899109,
        "dmean2": 4.68930339813,
        "dvar": 29.3302268982,
        "dvar2": 49.5776519775,
        "max": 80.7590713501,
        "mean": 15.8554296494,
        "median": 12.2875642776,
        "min": 3.02191495895,
        "stdev": 11.6471776962,
        "var": 135.656738281
    },
    "dissonance": {
        "dmean": 0.0225144531578,
        "dmean2": 0.0379000641406,
        "dvar": 0.000656806631014,
        "dvar2": 0.00162234704476,
        "max": 0.497991681099,
        "mean": 0.442666739225,
        "median": 0.451456516981,
        "min": 0.0532803982496,
        "stdev": 0.0389667712152,
        "var": 0.00151840934996
    },
    "dynamic_complexity": 2.33062505722,
    "erbbands_crest": {
        "dmean": 2.16264462471,
        "dmean2": 3.20131969452,
        "dvar": 3.59182190895,
        "dvar2": 8.03906726837,
        "max": 29.2490921021,
        "mean": 11.0459575653,
        "median": 9.02380943298,
        "min": 3.28261113167,
        "stdev": 5.78515625,
        "var": 33.4680328369
    },
    "erbbands_flatness_db": {
        "dmean": 0.0139762563631,
        "dmean2": 0.0188864544034,
        "dvar": 0.000186066477909,
        "dvar2": 0.000333133735694,
        "max": 0.299764931202,
        "mean": 0.172497972846,
        "median": 0.167710065842,
        "min": 0.072530657053,
        "stdev": 0.0410541296005,
        "var": 0.00168544158805
    },
    "erbbands_kurtosis": {
        "dmean": 0.938144266605,
        "dmean2": 1.41423368454,
        "dvar": 1.25304400921,
        "dvar2": 2.65705180168,
        "max": 22.2609996796,
        "mean": 1.84716510773,
        "median": 0.97336435318,
        "min": -1.71734523773,
        "stdev": 3.24576973915,
        "var": 10.5350208282
    },
    "erbbands_skewness": {
        "dmean": 0.283387809992,
        "dmean2": 0.41480126977,
        "dvar": 0.0757163763046,
        "dvar2": 0.163540065289,
        "max": 3.01433134079,
        "mean": 0.722788155079,
        "median": 0.758682549,
        "min": -1.67583966255,
        "stdev": 0.624825060368,
        "var": 0.390406370163
    },
    "erbbands_spread": {
        "dmean": 5.41891050339,
        "dmean2": 7.49913549423,
        "dvar": 52.6512451172,
        "dvar2": 99.7039413452,
        "max": 107.550735474,
        "mean": 30.8126335144,
        "median": 27.0873413086,
        "min": 3.29144310951,
        "stdev": 17.6435222626,
        "var": 311.29385376
    },
    "hfc": {
        "dmean": 3.98926734924,
        "dmean2": 5.52599668503,
        "dvar": 32.7368965149,
        "dvar2": 55.2571296692,
        "max": 85.0869903564,
        "mean": 20.8389911652,
        "median": 18.12641716,
        "min": 1.23913971866e-16,
        "stdev": 14.0539245605,
        "var": 197.512802124
    },
    "loudness_ebu128": {
        "integrated": -10.5141201019,
        "loudness_range": 3.9134311676,
        "momentary": {
            "dmean": 0.495357871056,
            "dmean2": 0.411910504103,
            "dvar": 0.405332416296,
            "dvar2": 0.348965078592,
            "max": -7.54385519028,
            "mean": -11.2194271088,
            "median": -10.3801488876,
            "min": -25.1465740204,
            "stdev": 2.8435254097,
            "var": 8.08563709259
        },
        "short_term": {
            "dmean": 0.091077901423,
            "dmean2": 0.0564906708896,
            "dvar": 0.00631562620401,
            "dvar2": 0.00306381774135,
            "max": -9.18900775909,
            "mean": -10.7892866135,
            "median": -10.2423477173,
            "min": -13.918340683,
            "stdev": 1.35954391956,
            "var": 1.84835982323
        }
    },
    "melbands_crest": {
        "dmean": 2.16388249397,
        "dmean2": 3.32513546944,
        "dvar": 4.47122335434,
        "dvar2": 11.4587516785,
        "max": 26.7946548462,
        "mean": 12.7198295593,
        "median": 11.8916282654,
        "min": 2.56443524361,
        "stdev": 4.08705949783,
        "var": 16.7040538788
    },
    "melbands_flatness_db": {
        "dmean": 0.0165006965399,
        "dmean2": 0.0237298086286,
        "dvar": 0.000339522346621,
        "dvar2": 0.000633386138361,
        "max": 0.372749358416,
        "mean": 0.21489661932,
        "median": 0.21184772253,
        "min": 0.00651842914522,
        "stdev": 0.046726141125,
        "var": 0.00218333234079
    },
    "melbands_kurtosis": {
        "dmean": 3.49205136299,
        "dmean2": 5.13302183151,
        "dvar": 22.133605957,
        "dvar2": 46.2040252686,
        "max": 70.1138458252,
        "mean": 9.30712890625,
        "median": 6.71729946136,
        "min": -1.27515685558,
        "stdev": 9.65444469452,
        "var": 93.2082977295
    },
    "melbands_skewness": {
        "dmean": 0.416413575411,
        "dmean2": 0.596471726894,
        "dvar": 0.183447003365,
        "dvar2": 0.388226568699,
        "max": 6.81476354599,
        "mean": 2.09144330025,
        "median": 2.12012791634,
        "min": -1.20126152039,
        "stdev": 1.26414954662,
        "var": 1.59807407856
    },
    "melbands_spread": {
        "dmean": 3.47212529182,
        "dmean2": 4.86671257019,
        "dvar": 45.3126602173,
        "dvar2": 63.7010993958,
        "max": 140.611801147,
        "mean": 16.9660053253,
        "median": 14.2659578323,
        "min": 3.36544370651,
        "stdev": 12.5691480637,
        "var": 157.983474731
    },
    "pitch_salience": {
        "dmean": 0.0474992953241,
        "dmean2": 0.0752677321434,
        "dvar": 0.00181901874021,
        "dvar2": 0.00440725497901,
        "max": 0.868924200535,
        "mean": 0.551693737507,
        "median": 0.559468626976,
        "min": 0.238098680973,
        "stdev": 0.0954073518515,
        "var": 0.00910256337374
    },
    "silence_rate_20dB": {
        "dmean": 0,
        "dmean2": 0,
        "dvar": 0,
        "dvar2": 0,
        "max": 1,
        "mean": 1,
        "median": 1,
        "min": 1,
        "stdev": 0,
        "var": 0
    },
    "silence_rate_30dB": {
        "dmean": 0,
        "dmean2": 0,
        "dvar": 0,
        "dvar2": 0,
        "max": 1,
        "mean": 1,
        "median": 1,
        "min": 1,
        "stdev": 0,
        "var": 0
    },
    "silence_rate_60dB": {
        "dmean": 0.00232198135927,
        "dmean2": 0.00464755995199,
        "dvar": 0.00231662578881,
        "dvar2": 0.00462587876245,
        "max": 1,
        "mean": 0.0355761796236,
        "median": 0,
        "min": 0,
        "stdev": 0.185232236981,
        "var": 0.0343109816313
    },
    "spectral_centroid": {
        "dmean": 128.186889648,
        "dmean2": 181.062240601,
        "dvar": 117324,
        "dvar2": 141075.75,
        "max": 11266.0507812,
        "mean": 878.467712402,
        "median": 777.99597168,
        "min": 328.805175781,
        "stdev": 519.068847656,
        "var": 269432.46875
    },
    "spectral_complexity": {
        "dmean": 2.08436536789,
        "dmean2": 3.33617353439,
        "dvar": 4.58499336243,
        "dvar2": 9.36491107941,
        "max": 37,
        "mean": 17.2583141327,
        "median": 17,
        "min": 0,
        "stdev": 5.26306581497,
        "var": 27.6998615265
    },
    "spectral_decrease": {
        "dmean": 1.39229738849e-09,
        "dmean2": 2.00389305149e-09,
        "dvar": 2.86438914929e-18,
        "dvar2": 5.87265974869e-18,
        "max": 5.63241040946e-29,
        "mean": -7.12904624223e-09,
        "median": -6.9308523365e-09,
        "min": -2.37101644984e-08,
        "stdev": 3.83284159966e-09,
        "var": 1.46906763937e-17
    },
    "spectral_energy": {
        "dmean": 0.00550979841501,
        "dmean2": 0.00789664220065,
        "dvar": 4.40417134087e-05,
        "dvar2": 8.96783312783e-05,
        "max": 0.0940094515681,
        "mean": 0.0287968013436,
        "median": 0.0282420795411,
        "min": 1.10267860856e-20,
        "stdev": 0.0153324231505,
        "var": 0.000235083207372
    },
    "spectral_energyband_high": {
        "dmean": 0.000272657169262,
        "dmean2": 0.000383005943149,
        "dvar": 4.78007052607e-07,
        "dvar2": 8.20403670332e-07,
        "max": 0.0129196597263,
        "mean": 0.000650784990285,
        "median": 0.000264760747086,
        "min": 8.08418314491e-21,
        "stdev": 0.0011928724125,
        "var": 1.42294470606e-06
    },
    "spectral_energyband_low": {
        "dmean": 0.00128253072035,
        "dmean2": 0.00198899046518,
        "dvar": 3.90918148696e-06,
        "dvar2": 9.48246088228e-06,
        "max": 0.0275414567441,
        "mean": 0.0038356075529,
        "median": 0.00236338865943,
        "min": 1.08189761418e-22,
        "stdev": 0.00404144264758,
        "var": 1.63332570082e-05
    },
    "spectral_energyband_middle_high": {
        "dmean": 0.00127798772883,
        "dmean2": 0.00165956153069,
        "dvar": 3.36932976097e-06,
        "dvar2": 4.86918133902e-06,
        "max": 0.0434791520238,
        "mean": 0.00705203507096,
        "median": 0.00361985526979,
        "min": 1.46723665312e-21,
        "stdev": 0.00821477547288,
        "var": 6.7482535087e-05
    },
    "spectral_energyband_middle_low": {
        "dmean": 0.0048572323285,
        "dmean2": 0.00714885583147,
        "dvar": 3.62172650057e-05,
        "dvar2": 8.0883364717e-05,
        "max": 0.0839035734534,
        "mean": 0.0184307061136,
        "median": 0.0163513123989,
        "min": 2.32707050308e-22,
        "stdev": 0.0121807921678,
        "var": 0.000148371706018
    },
    "spectral_entropy": {
        "dmean": 0.147358626127,
        "dmean2": 0.204476088285,
        "dvar": 0.0259489696473,
        "dvar2": 0.0456149503589,
        "max": 9.79547119141,
        "mean": 7.23374128342,
        "median": 7.22032833099,
        "min": 5.92205858231,
        "stdev": 0.405980616808,
        "var": 0.16482026875
    },
    "spectral_flux": {
        "dmean": 0.0165898166597,
        "dmean2": 0.0260926112533,
        "dvar": 0.000326269248035,
        "dvar2": 0.000804827548563,
        "max": 0.198305130005,
        "mean": 0.0612031333148,
        "median": 0.0559949539602,
        "min": 1.05008501894e-10,
        "stdev": 0.0308605674654,
        "var": 0.000952374655753
    },
    "spectral_kurtosis": {
        "dmean": 1.67370951176,
        "dmean2": 2.57199907303,
        "dvar": 3.52527570724,
        "dvar2": 8.78442573547,
        "max": 28.3849277496,
        "mean": 6.60842132568,
        "median": 6.07346916199,
        "min": -1.16586399078,
        "stdev": 3.75601196289,
        "var": 14.1076259613
    },
    "spectral_rms": {
        "dmean": 0.000498297857121,
        "dmean2": 0.000703131605405,
        "dvar": 3.05691258973e-07,
        "dvar2": 5.79511890919e-07,
        "max": 0.00957687478513,
        "mean": 0.00506784720346,
        "median": 0.00524911889806,
        "min": 3.27991453442e-12,
        "stdev": 0.00155283056665,
        "var": 2.41128282141e-06
    },
    "spectral_rolloff": {
        "dmean": 292.531097412,
        "dmean2": 462.221679688,
        "dvar": 832768.3125,
        "dvar2": 1382036.75,
        "max": 18906.1523438,
        "mean": 1197.8013916,
        "median": 882.861328125,
        "min": 236.865234375,
        "stdev": 1338.87011719,
        "var": 1792573.125
    },
    "spectral_skewness": {
        "dmean": 0.213252827525,
        "dmean2": 0.310909599066,
        "dvar": 0.0484042093158,
        "dvar2": 0.0949398130178,
        "max": 3.82297921181,
        "mean": 2.10916399956,
        "median": 2.14144968987,
        "min": -0.0162101406604,
        "stdev": 0.548886239529,
        "var": 0.301276117563
    },
    "spectral_spread": {
        "dmean": 614520.6875,
        "dmean2": 795082.6875,
        "dvar": 899102408704,
        "dvar2": 1.03426909798e+12,
        "max": 39848764,
        "mean": 4973741.5,
        "median": 4666997,
        "min": 1842374.125,
        "stdev": 2174616,
        "var": 4.72895455232e+12
    },
    "spectral_strongpeak": {
        "dmean": 0.458984941244,
        "dmean2": 0.736289858818,
        "dvar": 0.596814870834,
        "dvar2": 1.46270895004,
        "max": 12.4817676544,
        "mean": 1.58566868305,
        "median": 0.969806730747,
        "min": 0,
        "stdev": 1.70809006691,
        "var": 2.91757178307
    },
    "zerocrossingrate": {
        "dmean": 0.00870818644762,
        "dmean2": 0.00989535450935,
        "dvar": 0.000314451433951,
        "dvar2": 0.000323842366925,
        "max": 0.49853515625,
        "mean": 0.0526173077524,
        "median": 0.04541015625,
        "min": 0.00146484375,
        "stdev": 0.0333861932158,
        "var": 0.00111463782378
    },
    "barkbands": {
        "dmean": [1.45368699123e-06, 0.000318939390127, 0.000787383469287, 0.00105191825423, 0.00295492261648, 0.00130746164359, 0.000729518244043, 0.000673186965287, 0.000487728480948, 0.000743012060411, 0.000448700360721, 0.000370734225726, 0.000124104844872, 0.000142348391819, 0.000170704544871, 0.000143755300087, 0.000168587517692, 0.000139609284815, 3.8348720409e-05, 4.07394109061e-05, 8.03674556664e-05, 5.39667307748e-05, 5.12607548444e-05, 5.48715470359e-05, 5.98612641625e-05, 2.61213317572e-05, 2.38883762904e-06],
        "dmean2": [2.55557256423e-06, 0.000515109335538, 0.00126804388128, 0.00163281045388, 0.00451982114464, 0.00204316875897, 0.00114317482803, 0.000908972288016, 0.000644495652523, 0.00088487152243, 0.000564747664612, 0.000537300482392, 0.000195859436644, 0.000215146385017, 0.000265147420578, 0.000212283237488, 0.000255954364548, 0.00021502636082, 5.85387169849e-05, 6.11463401583e-05, 0.000122202050989, 7.89381374489e-05, 7.0598696766e-05, 8.18262560642e-05, 8.51546719787e-05, 3.86971551052e-05, 3.79970560971e-06],
        "dvar": [2.48032931e-11, 2.29538557051e-07, 1.80068445843e-06, 6.86268185746e-06, 1.97724511963e-05, 5.6481617321e-06, 1.51772462686e-06, 1.7713074385e-06, 1.16852038445e-06, 1.75022330495e-06, 1.07884147837e-06, 4.49449686357e-07, 4.73249919253e-08, 1.04080605468e-07, 9.08938275757e-08, 1.86851366379e-07, 1.67511288396e-07, 2.13347718159e-07, 7.43779082768e-09, 7.18940773581e-09, 1.47987719856e-07, 5.9263822294e-08, 4.22125090438e-08, 2.90268591385e-08, 1.47440886167e-08, 4.74115413596e-09, 6.16759421312e-11],
        "dvar2": [7.19473022825e-11, 5.6533372117e-07, 5.02453485751e-06, 1.54510180437e-05, 5.0486465625e-05, 1.33267831188e-05, 3.56204418495e-06, 3.34579544869e-06, 1.99996861738e-06, 2.12915301745e-06, 1.29391128212e-06, 1.06330389826e-06, 1.00086651855e-07, 2.20371859427e-07, 2.0370873699e-07, 3.4715850461e-07, 3.09783217745e-07, 5.07219965584e-07, 1.57521586885e-08, 1.44256411261e-08, 2.92104743949e-07, 1.10711972923e-07, 8.76454038234e-08, 5.98556297859e-08, 2.91694401966e-08, 9.16559095288e-09, 1.46251066813e-10],
        "max": [8.69006471476e-05, 0.00768795143813, 0.0220764391124, 0.034594938159, 0.0531096346676, 0.0346634723246, 0.029874747619, 0.0216650180519, 0.026032935828, 0.0389341376722, 0.0359254553914, 0.0151353366673, 0.00511740148067, 0.00961558707058, 0.0040225549601, 0.010638890788, 0.0119313681498, 0.0152425952256, 0.00145685032476, 0.00168054306414, 0.00957279279828, 0.0084479553625, 0.00379602378234, 0.00326152308844, 0.00231246859767, 0.0014695758, 9.70890177996e-05],
        "mean": [1.75610455244e-06, 0.000839280139189, 0.00227278331295, 0.00153786828741, 0.00730802537873, 0.0036394353956, 0.00183073920198, 0.00175336492248, 0.00130193203222, 0.00243692705408, 0.00230401032604, 0.000821869762149, 0.000286459748168, 0.000302161264699, 0.000380053912522, 0.000234206891037, 0.000412236870034, 0.000368427718058, 8.23301670607e-05, 9.12098767003e-05, 0.000149957064423, 9.30581227294e-05, 7.62323907111e-05, 9.73379937932e-05, 0.000128316416522, 4.46130907221e-05, 2.2106103188e-06],
        "median": [6.95292726505e-07, 0.00042001719703, 0.00124145019799, 0.000564046436921, 0.00495496951044, 0.00226644193754, 0.00112492172047, 0.00070024037268, 0.000528796575963, 0.00100389926229, 0.000433156674262, 0.000429443578469, 0.000148620849359, 8.71324155014e-05, 0.000148321210872, 8.2010148617e-05, 0.000123948673718, 7.40831092116e-05, 3.34500800818e-05, 4.52678614238e-05, 3.99282653234e-05, 2.30035875575e-05, 1.03628090073e-05, 3.68442633771e-05, 5.77667742618e-05, 1.32605655381e-05, 8.29808968206e-08],
        "min": [6.26818020563e-23, 4.21580741494e-23, 1.81917714517e-23, 4.82235877844e-24, 8.4608796762e-23, 2.53040277772e-23, 2.45408490276e-23, 2.64791702019e-23, 4.51785815348e-23, 1.81760734353e-22, 4.89083916253e-23, 1.07571168251e-22, 9.00817243959e-23, 9.46206091634e-23, 1.24285351162e-22, 9.65711781921e-23, 2.34685235779e-22, 1.70751770213e-22, 1.70289169556e-22, 4.15010154932e-22, 5.22506526547e-22, 6.33512155365e-22, 4.44175339718e-22, 1.0151145937e-21, 1.24218455757e-21, 1.59981042066e-21, 2.54385685095e-21],
        "stdev": [4.27580243922e-06, 0.00111680023838, 0.00291983853094, 0.00304054492153, 0.0072371987626, 0.00404782267287, 0.00250919000246, 0.00265701743774, 0.00250661186874, 0.00444309646264, 0.00592711661011, 0.00139120384119, 0.00044166893349, 0.000715954636689, 0.000591722782701, 0.000577067723498, 0.00108096317854, 0.00124341598712, 0.00014437752543, 0.000139982788824, 0.000506822310854, 0.000405973492889, 0.00029715927667, 0.00025798563729, 0.000218291039346, 0.000110583212518, 7.95116920926e-06],
        "var": [1.8282484901e-11, 1.24724283523e-06, 8.52545690577e-06, 9.2449135991e-06, 5.23770468135e-05, 1.63848690136e-05, 6.29603391644e-06, 7.05974207449e-06, 6.28310317552e-06, 1.97411063709e-05, 3.51307135134e-05, 1.93544815374e-06, 1.95071450548e-07, 5.12591043389e-07, 3.50135877625e-07, 3.33007136533e-07, 1.16848150356e-06, 1.54608335379e-06, 2.0844868942e-08, 1.95951805892e-08, 2.56868844417e-07, 1.64814466075e-07, 8.8303636403e-08, 6.65565949021e-08, 4.76509782743e-08, 1.22286465398e-08, 6.32210950258e-11]
    },
    "erbbands": {
        "dmean": [0.00269500585273, 0.0982976034284, 0.731383025646, 2.05888438225, 5.14202880859, 14.2829675674, 13.2808761597, 8.25896835327, 8.27083683014, 10.3985776901, 16.0909767151, 12.5065279007, 19.7264213562, 25.3691253662, 9.87691688538, 17.6736164093, 5.92141771317, 7.22242212296, 8.04482269287, 7.24092769623, 7.3141040802, 6.92524766922, 7.40513896942, 3.30273771286, 1.20979738235, 1.86309874058, 3.73648524284, 2.06673598289, 1.93806362152, 1.61637043953, 1.55675733089, 1.24281489849, 0.824957966805, 0.618012666702, 0.511291325092, 0.165464237332, 0.0381029061973, 0.00699929334223, 0.000261851033429, 1.083236657e-05],
        "dmean2": [0.00455018831417, 0.158817887306, 1.18458151817, 3.16279220581, 8.26527023315, 22.0336341858, 20.9980354309, 12.8415489197, 12.6054334641, 15.800406456, 21.5327987671, 16.2957515717, 22.7577190399, 31.022687912, 13.6872425079, 25.7635917664, 9.25935077667, 10.7075490952, 12.206653595, 10.7026424408, 11.1028985977, 10.1109800339, 11.2784547806, 4.88719415665, 1.83816087246, 2.76454305649, 5.5430765152, 3.22763562202, 2.67925357819, 2.34857869148, 2.20706486702, 1.827455163, 1.24000179768, 0.895219445229, 0.753199398518, 0.251890838146, 0.0546627193689, 0.0106533793733, 0.000414790236391, 1.58886559802e-05],
        "dvar": [1.93791001948e-05, 0.0225038416684, 1.52129805088, 19.9464473724, 97.7990951538, 547.987060547, 664.056091309, 243.718200684, 158.726165771, 368.67666626, 1045.31542969, 851.770324707, 1367.73400879, 2727.11914062, 646.920959473, 1081.58044434, 88.4390945435, 281.638549805, 265.047912598, 258.16784668, 248.958816528, 320.138916016, 591.021118164, 52.1514053345, 3.89649653435, 17.7023792267, 248.276916504, 85.1618881226, 81.3909683228, 48.114074707, 44.0578575134, 22.91938591, 4.26510095596, 1.65737938881, 1.23616814613, 0.168225333095, 0.0125050526112, 0.000448789214715, 7.03391890511e-07, 3.82083475969e-10],
        "dvar2": [5.27651427547e-05, 0.0562111735344, 4.15493774414, 43.0575447083, 262.596923828, 1417.88928223, 1561.32324219, 532.892456055, 380.240386963, 748.611999512, 1987.66577148, 1401.30505371, 1761.88500977, 3035.60449219, 1045.95568848, 2572.80859375, 196.986175537, 571.883789062, 600.416870117, 485.427276611, 479.080505371, 586.48034668, 1431.73693848, 97.7244949341, 8.94128417969, 36.480758667, 476.987884521, 167.797897339, 132.540649414, 100.812400818, 93.3770065308, 44.2382011414, 8.19837188721, 3.62253260612, 2.41143226624, 0.332008868456, 0.0246190316975, 0.000996439019218, 1.66119002643e-06, 8.37275360155e-10],
        "max": [0.0835574939847, 2.190366745, 19.0392398834, 63.3032684326, 156.55809021, 278.468597412, 424.713012695, 236.011505127, 211.86756897, 388.194000244, 592.341186523, 791.744262695, 924.377868652, 1539.13134766, 685.204162598, 781.136413574, 264.620025635, 552.300720215, 286.687103271, 287.976745605, 387.77041626, 474.130981445, 842.214355469, 145.111419678, 24.5794582367, 100.725456238, 395.044342041, 240.131774902, 346.725402832, 175.520950317, 132.852920532, 105.377372742, 45.345954895, 19.6158638, 24.0894470215, 8.30787563324, 2.10172939301, 0.273276478052, 0.0107486322522, 0.000259350868873],
        "mean": [0.00828337203711, 0.275183409452, 2.19899320602, 4.21365499496, 10.7956504822, 31.8430919647, 35.0256156921, 23.1335811615, 24.6956310272, 28.1764163971, 42.8593711853, 36.0472068787, 58.7265701294, 123.876945496, 39.1634521484, 38.4438247681, 16.199432373, 17.8887271881, 19.3328361511, 15.5598230362, 15.7223348618, 18.7195968628, 22.2226848602, 8.64475345612, 2.96949934959, 4.38165950775, 7.50461006165, 3.77429437637, 3.35425853729, 2.69259500504, 2.21294116974, 2.0042450428, 1.59557187557, 1.21011185646, 1.05230712891, 0.322230279446, 0.0593370459974, 0.00837446097285, 0.000292911456199, 4.31304470112e-05],
        "median": [0.00500722089782, 0.151508361101, 1.19411039352, 2.18873858452, 6.40974235535, 18.9833164215, 18.5987529755, 16.3066101074, 15.3704481125, 14.8021259308, 18.4085731506, 16.597158432, 29.1991424561, 27.8178901672, 16.2597198486, 20.269733429, 9.70111083984, 6.3221077919, 6.69392108917, 6.73862075806, 6.89955425262, 5.13744401932, 4.26001214981, 3.17870521545, 1.49827206135, 2.01636743546, 1.96712052822, 1.35122072697, 0.921285390854, 0.433981209993, 0.288840502501, 0.472829550505, 0.652442097664, 0.550661861897, 0.432385623455, 0.114157035947, 0.0147467199713, 0.00116743927356, 5.52259407414e-05, 3.98613192374e-05],
        "min": [2.39495989782e-21, 5.93673866809e-21, 2.34762582013e-20, 1.88366263793e-20, 1.41944399909e-19, 3.56342531949e-19, 2.20332015561e-19, 2.54161944856e-19, 2.77367359568e-19, 3.91318442434e-19, 7.12658594118e-19, 1.09694054712e-18, 2.71372895406e-18, 6.20497583747e-18, 2.61022653235e-18, 4.37523908761e-18, 3.49380245791e-18, 5.01895228107e-18, 8.99031340357e-18, 3.7736988705e-18, 5.18129929758e-18, 1.22763595245e-17, 1.06762721009e-17, 7.86345021817e-18, 1.13987026966e-17, 2.05720149214e-17, 1.73731238586e-17, 2.56071509912e-17, 1.89862319322e-17, 1.99465671167e-17, 1.39319681379e-17, 2.15112834701e-17, 1.6332113749e-17, 1.22885654016e-17, 9.11120585009e-18, 6.01305876842e-18, 2.88339238309e-18, 1.39386250807e-18, 3.57952018626e-19, 3.73624170252e-20],
        "stdev": [0.010093331337, 0.33804628253, 2.63125300407, 5.96704053879, 13.3617191315, 36.6247634888, 48.9368171692, 25.2977371216, 27.3025932312, 41.940662384, 64.0377044678, 68.0136108398, 98.939163208, 266.171600342, 75.046043396, 64.9661407471, 20.470035553, 39.5623168945, 33.6165084839, 25.2398967743, 27.039484024, 44.7904472351, 69.4400253296, 16.4083862305, 3.5623691082, 7.24324512482, 23.6854019165, 10.8571243286, 15.0660028458, 10.858625412, 9.13037014008, 6.91414260864, 3.50124073029, 2.07400298119, 1.94307768345, 0.674395382404, 0.170233264565, 0.0258430764079, 0.000895122881047, 3.06530346279e-05],
        "var": [0.000101875331893, 0.114275299013, 6.9234919548, 35.6055755615, 178.53553772, 1341.37329102, 2394.81201172, 639.975524902, 745.431640625, 1759.01916504, 4100.82763672, 4625.8515625, 9788.95800781, 70847.328125, 5631.90820312, 4220.59960938, 419.022369385, 1565.17687988, 1130.06958008, 637.052368164, 731.133666992, 2006.1842041, 4821.91699219, 269.235107422, 12.6904745102, 52.4645996094, 560.998291016, 117.877151489, 226.984436035, 117.909751892, 83.3636627197, 47.8053665161, 12.2586870193, 4.30148792267, 3.7755510807, 0.45480915904, 0.0289793666452, 0.000667864631396, 8.01244993909e-07, 9.39608502115e-10]
    },
    "gfcc": {
        "mean": [4.13253831863, 104.366249084, -109.852302551, 6.99623966217, -68.9285583496, 10.2651948929, -50.4448699951, 9.00388717651, -39.1839790344, -1.64526557922, -24.3262023926, -0.801328659058, -4.44883012772],
        "cov": [[4844.19042969, -1074.77770996, 1.94738733768, 17.251241684, -243.720489502, 105.254074097, -186.720230103, 315.709838867, -263.653503418, 110.096099854, -185.022216797, 145.350418091, -42.4467048645], [-1074.77770996, 927.189331055, -187.968551636, -63.3242416382, 193.634963989, -92.6818466187, 137.921691895, -116.935211182, 44.8760566711, -66.497215271, 83.865486145, -121.30821991, 55.6014099121], [1.94738733768, -187.968551636, 450.354156494, 48.2188148499, -66.0749282837, 102.341209412, -49.6269035339, 3.75674438477, -14.5597000122, 29.1114463806, -21.3711357117, 12.5551156998, -23.5806350708], [17.251241684, -63.3242416382, 48.2188148499, 258.481536865, -15.3024778366, -12.6543426514, -9.8669424057, -11.5124053955, 41.9505462646, -14.6912078857, -3.93180346489, -0.39546468854, 9.72775650024], [-243.720489502, 193.634963989, -66.0749282837, -15.3024778366, 171.122817993, -21.4832267761, 29.8857460022, 9.58620929718, -8.39930534363, -8.16691017151, 15.5347681046, -21.7658615112, 7.3445892334], [105.254074097, -92.6818466187, 102.341209412, -12.6543426514, -21.4832267761, 204.486526489, 30.5511932373, -8.13297080994, -5.75238037109, 17.7269611359, -13.2374258041, -17.6387042999, -11.764210701], [-186.720230103, 137.921691895, -49.6269035339, -9.8669424057, 29.8857460022, 30.5511932373, 142.602218628, -32.7313995361, 15.6586294174, -18.9496135712, 6.87443590164, -9.84921360016, -12.138923645], [315.709838867, -116.935211182, 3.75674438477, -11.5124053955, 9.58620929718, -8.13297080994, -32.7313995361, 158.082046509, -22.8945999146, 31.0501251221, -5.63934755325, 17.5610923767, 23.2879447937], [-263.653503418, 44.8760566711, -14.5597000122, 41.9505462646, -8.39930534363, -5.75238037109, 15.6586294174, -22.8945999146, 103.590415955, -14.4517240524, 0.375744611025, -2.87643170357, -12.1113786697], [110.096099854, -66.497215271, 29.1114463806, -14.6912078857, -8.16691017151, 17.7269611359, -18.9496135712, 31.0501251221, -14.4517240524, 83.8305587769, 2.7090716362, -14.7428855896, 6.64921283722], [-185.022216797, 83.865486145, -21.3711357117, -3.93180346489, 15.5347681046, -13.2374258041, 6.87443590164, -5.63934755325, 0.375744611025, 2.7090716362, 66.1288757324, 11.2131910324, 1.14065551758], [145.350418091, -121.30821991, 12.5551156998, -0.39546468854, -21.7658615112, -17.6387042999, -9.84921360016, 17.5610923767, -2.87643170357, -14.7428855896, 11.2131910324, 91.7869110107, -8.59170436859], [-42.4467048645, 55.6014099121, -23.5806350708, 9.72775650024, 7.3445892334, -11.764210701, -12.138923645, 23.2879447937, -12.1113786697, 6.64921283722, 1.14065551758, -8.59170436859, 77.5660247803]],
        "icov": [[0.000427834369475, -3.02701482724e-05, 0.000380484038033, -0.000321596919093, 0.000522790185641, -0.00033955348772, 0.000298051454592, -0.000646820408292, 0.00112699076999, -0.000357136450475, 0.00117079645861, -0.000659029465169, 0.000668037391733], [-3.02701482724e-05, 0.00405092397705, -0.00040197497583, 0.0014810845023, -0.00277662836015, 0.0019690732006, -0.00256427121349, 0.00190687261056, -0.0016610234743, 0.0027328634169, -0.00470873201266, 0.00517842592672, -0.00349136628211], [0.000380484038033, -0.00040197497583, 0.00336555228569, -0.00112536852248, 0.00125372211915, -0.00201634108089, 0.00161130935885, -0.000595481425989, 0.00167207140476, -0.00125637534074, 0.00196391181089, -0.00162059988361, 0.0018274668837], [-0.000321596919093, 0.0014810845023, -0.00112536852248, 0.00519698252901, -0.00122700631618, 0.00141932698898, -0.000960369943641, 0.00126872281544, -0.00329018966295, 0.00197338731959, -0.00249637616798, 0.00253608846106, -0.00279659894295], [0.000522790185641, -0.00277662836015, 0.00125372211915, -0.00122700631618, 0.00945050921291, -0.00108873494901, 0.000722450437024, -0.00310831819661, 0.00324126915075, -0.00123021181207, 0.0028763061855, -0.00212454306893, 0.00313171278685], [-0.00033955348772, 0.0019690732006, -0.00201634108089, 0.00141932698898, -0.00108873494901, 0.00751522555947, -0.00352632813156, 0.00140692817513, -0.00140862900298, 0.000659537967294, -0.00245677353814, 0.00414444878697, -0.00190094276331], [0.000298051454592, -0.00256427121349, 0.00161130935885, -0.000960369943641, 0.000722450437024, -0.00352632813156, 0.0106212738901, -0.000399865588406, 0.000871896045282, -0.000633926072624, 0.00308824237436, -0.00349527481012, 0.00354846892878], [-0.000646820408292, 0.00190687261056, -0.000595481425989, 0.00126872281544, -0.00310831819661, 0.00140692817513, -0.000399865588406, 0.00979924108833, -0.00169128994457, -0.00122449384071, -0.00246454472654, 0.000869180716109, -0.00458453642204], [0.00112699076999, -0.0016610234743, 0.00167207140476, -0.00329018966295, 0.00324126915075, -0.00140862900298, 0.000871896045282, -0.00169128994457, 0.0148017304018, -0.00105468195397, 0.00473415665329, -0.00313893635757, 0.00483631342649], [-0.000357136450475, 0.0027328634169, -0.00125637534074, 0.00197338731959, -0.00123021181207, 0.000659537967294, -0.000633926072624, -0.00122449384071, -0.00105468195397, 0.0169837903231, -0.00628833658993, 0.0075420900248, -0.00299162208103], [0.00117079645861, -0.00470873201266, 0.00196391181089, -0.00249637616798, 0.0028763061855, -0.00245677353814, 0.00308824237436, -0.00246454472654, 0.00473415665329, -0.00628833658993, 0.0251267403364, -0.0107865799218, 0.00521841179579], [-0.000659029465169, 0.00517842592672, -0.00162059988361, 0.00253608846106, -0.00212454306893, 0.00414444878697, -0.00349527481012, 0.000869180716109, -0.00313893635757, 0.0075420900248, -0.0107865799218, 0.0208667796105, -0.00352831929922], [0.000668037391733, -0.00349136628211, 0.0018274668837, -0.00279659894295, 0.00313171278685, -0.00190094276331, 0.00354846892878, -0.00458453642204, 0.00483631342649, -0.00299162208103, 0.00521841179579, -0.00352831929922, 0.018557773903]]
    },
    "melbands": {
        "dmean": [5.4407875723e-05, 0.000284343463136, 0.00041876497562, 0.000667677726597, 0.000473170919577, 0.000193836152903, 0.000141962562338, 0.000109672073449, 0.000129959516926, 8.0711542978e-05, 9.80095865089e-05, 0.00010166510765, 3.92366418964e-05, 4.45364275947e-05, 2.42272926698e-05, 1.42324915942e-05, 1.57082449732e-05, 1.28483734443e-05, 1.14984750326e-05, 1.2830907508e-05, 9.48709021031e-06, 8.10788060335e-06, 9.68448784988e-06, 5.2637715271e-06, 2.79418827631e-06, 9.75620196186e-07, 9.49706304709e-07, 1.4785765643e-06, 2.28669887292e-06, 2.45525438913e-06, 9.31724059683e-07, 1.19250626085e-06, 1.20683102978e-06, 8.83683867414e-07, 9.50044068304e-07, 8.08633615179e-07, 7.85502550116e-07, 5.58354827263e-07, 6.32469777884e-07, 5.34133562269e-07],
        "dmean2": [8.88959984877e-05, 0.00045588822104, 0.000655006966554, 0.0010162621038, 0.000749825325329, 0.000302795437165, 0.000217437991523, 0.000165995777934, 0.000176287954673, 0.000102973383036, 0.000113823727588, 0.0001252645161, 5.28252930962e-05, 6.46290718578e-05, 3.57861026714e-05, 2.25978783419e-05, 2.33369883063e-05, 1.95752400032e-05, 1.77993515535e-05, 1.86718825717e-05, 1.49248126036e-05, 1.25963160826e-05, 1.3956325347e-05, 8.26501945994e-06, 4.16915872847e-06, 1.542302698e-06, 1.50511255015e-06, 2.20979336518e-06, 3.39358757628e-06, 3.78229105991e-06, 1.44939929214e-06, 1.67870302903e-06, 1.8486866793e-06, 1.27612622691e-06, 1.41490625083e-06, 1.14343345103e-06, 1.19548940347e-06, 8.50364074267e-07, 9.63428647083e-07, 7.79257049999e-07],
        "dvar": [6.86509826764e-09, 2.10758400954e-07, 8.42010422275e-07, 1.12303030164e-06, 6.02806210281e-07, 1.15388829158e-07, 4.91791602997e-08, 4.59235884875e-08, 7.07205032313e-08, 3.38465682148e-08, 3.3764944618e-08, 4.56279387606e-08, 8.0780884204e-09, 7.09150693723e-09, 1.87506388194e-09, 7.28369309311e-10, 1.38310496389e-09, 7.1510325439e-10, 4.66062910487e-10, 1.67246605454e-09, 3.66476599067e-10, 4.77709538593e-10, 1.22096788235e-09, 1.57246562993e-10, 3.86613137338e-11, 2.86967997108e-12, 2.78790705799e-12, 1.43580928397e-11, 5.75513976753e-11, 2.34749053529e-10, 8.32202449313e-12, 3.84764546613e-11, 3.07282220502e-11, 1.29788011935e-11, 1.90666128719e-11, 1.19146177299e-11, 7.7912737026e-12, 2.06411168539e-12, 2.47950488266e-12, 1.23433782726e-12],
        "dvar2": [1.76292882514e-08, 5.63468120163e-07, 1.98212705982e-06, 2.84394263872e-06, 1.41328814607e-06, 2.55653134218e-07, 1.19338722016e-07, 9.06055106498e-08, 1.36648907301e-07, 5.26715133731e-08, 4.37079386018e-08, 5.16071736456e-08, 1.20256151703e-08, 1.68735496686e-08, 4.22527657307e-09, 1.56174317922e-09, 2.7776241307e-09, 1.66132096968e-09, 1.0697142061e-09, 3.01489677668e-09, 8.45084446865e-10, 9.39015531998e-10, 2.61636978749e-09, 3.88213683422e-10, 7.44539291331e-11, 6.90095246572e-12, 7.12265923325e-12, 3.13094862536e-11, 1.0681724949e-10, 4.62808513735e-10, 1.63606350689e-11, 7.16003228929e-11, 6.74479777585e-11, 2.73501516573e-11, 4.39300297528e-11, 1.95386432728e-11, 1.5752310914e-11, 3.67205831714e-12, 6.2022262326e-12, 2.6809533326e-12],
        "max": [0.00133994384669, 0.00649610999972, 0.0116184987128, 0.0137464394793, 0.0118325762451, 0.00459911115468, 0.00460159219801, 0.00348386680707, 0.00435261335224, 0.0051840338856, 0.00454219896346, 0.00666698813438, 0.00229661772028, 0.00193292554468, 0.000919025042094, 0.00065097771585, 0.00124713848345, 0.000469380931463, 0.000393079739297, 0.00100923236459, 0.000330892798956, 0.00047860990162, 0.00110059883446, 0.000282045977656, 0.000130672284286, 2.03645449801e-05, 2.76526061498e-05, 8.83322572918e-05, 0.000180309725692, 0.000390220811823, 5.8984325733e-05, 0.000228646880714, 0.000161670235684, 8.50279466249e-05, 9.17558209039e-05, 8.12858052086e-05, 5.42389352631e-05, 3.40902006428e-05, 3.2988791645e-05, 1.77137389983e-05],
        "mean": [0.000148342689499, 0.000881933548953, 0.000881251762621, 0.00154511327855, 0.00125694728922, 0.000554189260583, 0.000399480195483, 0.00030811180477, 0.000332917144988, 0.000223173556151, 0.00027860168484, 0.000481247261632, 0.000179127775482, 9.62670528679e-05, 6.04518791079e-05, 3.2040545193e-05, 3.39641082974e-05, 2.86732774839e-05, 2.50894809142e-05, 2.0735522412e-05, 1.9257531676e-05, 1.85768385563e-05, 2.76275222859e-05, 1.31705055537e-05, 6.43848852633e-06, 1.99659120881e-06, 2.03951231015e-06, 3.06550123241e-06, 4.67802556159e-06, 4.0086683839e-06, 1.6261434439e-06, 1.81930988674e-06, 1.94034350898e-06, 1.31517356294e-06, 1.26526254007e-06, 1.22052051665e-06, 1.22709298012e-06, 1.06782044895e-06, 1.08530480247e-06, 9.95545974547e-07],
        "median": [7.80358896009e-05, 0.000501067086589, 0.000482805509819, 0.000984964426607, 0.000770511454903, 0.000390852364944, 0.000256092025666, 0.000154279478011, 0.000139355965075, 9.64083665167e-05, 0.000115897710202, 0.000100713157735, 4.88963269163e-05, 4.86729331897e-05, 3.44471191056e-05, 1.5619869373e-05, 9.28721328819e-06, 9.26299162529e-06, 1.07620444396e-05, 7.34640843802e-06, 8.18598164187e-06, 5.77968603466e-06, 3.79110360882e-06, 3.37854180543e-06, 2.4018993372e-06, 9.88875399344e-07, 9.88403826341e-07, 1.39417295486e-06, 1.35607001539e-06, 8.79421463651e-07, 6.95406640716e-07, 5.08788787101e-07, 3.09915890284e-07, 1.88275990354e-07, 1.41823122135e-07, 1.63882617699e-07, 3.29835415869e-07, 4.26226307582e-07, 4.50406503205e-07, 3.98806236035e-07],
        "min": [2.10167344181e-23, 9.96248966216e-24, 6.35364586941e-24, 1.68022986745e-23, 9.78582741788e-24, 5.07325756706e-24, 4.96723190039e-24, 4.60799805479e-24, 6.09330126031e-24, 6.73331831221e-24, 1.42023472373e-23, 2.66428683061e-23, 7.22542236666e-24, 9.22292861921e-24, 1.35180813995e-23, 6.49683990093e-24, 9.49511876367e-24, 1.46630846044e-23, 6.02830858805e-24, 6.34248940406e-24, 5.38672998598e-24, 1.03606096172e-23, 1.53600369033e-23, 8.23566604088e-24, 6.07159456921e-24, 4.9582625519e-24, 1.15946957287e-23, 1.44365994831e-23, 1.11666747899e-23, 1.12732372764e-23, 1.59262181522e-23, 9.88748240071e-24, 1.25827795113e-23, 9.63579475117e-24, 8.1162593211e-24, 8.30052933995e-24, 1.48292155556e-23, 1.22710461362e-23, 8.59627013787e-24, 1.13515127886e-23],
        "stdev": [0.000189374652109, 0.000981485238299, 0.00115574675146, 0.0016930171987, 0.00147734791972, 0.000571337586734, 0.000469808088383, 0.000467687612399, 0.000512979750056, 0.000445218000095, 0.000494344334584, 0.00104167580139, 0.000401227996917, 0.000172296829987, 8.49936477607e-05, 5.53725622012e-05, 8.71291340445e-05, 5.33774436917e-05, 3.89381857531e-05, 5.44211907254e-05, 3.48399153154e-05, 4.52489148302e-05, 9.76700466708e-05, 2.91462656605e-05, 1.29515192384e-05, 2.50744346886e-06, 2.6617151434e-06, 5.558142675e-06, 1.3486059288e-05, 1.7934378775e-05, 3.70808015759e-06, 8.65570473252e-06, 9.35561638471e-06, 5.08018456458e-06, 5.54952930543e-06, 5.09987694386e-06, 3.92561378249e-06, 2.48196602115e-06, 2.17441493078e-06, 1.76221851689e-06],
        "var": [3.58627580965e-08, 9.63313254942e-07, 1.33575053951e-06, 2.86630711344e-06, 2.18255672735e-06, 3.26426658148e-07, 2.20719641675e-07, 2.1873171363e-07, 2.63148223212e-07, 1.98219069603e-07, 2.44376309411e-07, 1.08508857011e-06, 1.60983915976e-07, 2.9686196612e-08, 7.22391968466e-09, 3.06612046863e-09, 7.5914865505e-09, 2.84915158133e-09, 1.51618217981e-09, 2.96166602354e-09, 1.21381982243e-09, 2.04746442023e-09, 9.53943768423e-09, 8.49504799838e-10, 1.67741848189e-10, 6.28727235205e-12, 7.08472776972e-12, 3.0892947922e-11, 1.81873793803e-10, 3.21641963064e-10, 1.37498588904e-11, 7.49212220041e-11, 8.75275615875e-11, 2.58082773902e-11, 3.07972744529e-11, 2.60087437698e-11, 1.54104437544e-11, 6.1601548515e-12, 4.72807990676e-12, 3.10541392948e-12]
    },
    "melbands128": {
