{
"lowlevel": {
    "average_loudness": 0.971404373646,
    "barkbands_crest": {
        "dmean": 2.38209819794,
        "dmean2": 3.60471868515,
        "dvar": 6.15761041641,
        "dvar2": 13.1480045319,
        "max": 25.9426822662,
        "mean": 11.186044693,
        "median": 10.1176252365,
        "min": 2.5392844677,
        "stdev": 5.11490535736,
        "var": 26.1622562408
    },
    "barkbands_flatness_db": {
        "dmean": 0.0232400111854,
        "dmean2": 0.0311190802604,
        "dvar": 0.000592540309299,
        "dvar2": 0.000969704880845,
        "max": 0.398261189461,
        "mean": 0.158968776464,
        "median": 0.152301475406,
        "min": 0.0199522133917,
        "stdev": 0.0597764290869,
        "var": 0.00357322138734
    },
    "barkbands_kurtosis": {
        "dmean": 4.3262629509,
        "dmean2": 6.37481451035,
        "dvar": 99.4319229126,
        "dvar2": 218.073410034,
        "max": 205.221572876,
        "mean": 8.70655632019,
        "median": 2.70159816742,
        "min": -1.73704397678,
        "stdev": 17.6977462769,
        "var": 313.210205078
    },
    "barkbands_skewness": {
        "dmean": 0.601916670799,
        "dmean2": 0.865232467651,
        "dvar": 0.599062919617,
        "dvar2": 1.0999237299,
        "max": 12.1530380249,
        "mean": 2.02519869804,
        "median": 1.52420258522,
        "min": -1.62460327148,
        "stdev": 1.7544053793,
        "var": 3.07793807983
    },
    "barkbands_spread": {
        "dmean": 5.58611774445,
        "dmean2": 7.92591667175,
        "dvar": 75.980682373,
        "dvar2": 150.811294556,
        "max": 85.4873199463,
        "mean": 19.0314941406,
        "median": 16.2932128906,
        "min": 1.0959815979,
        "stdev": 14.0292015076,
        "var": 196.818496704
    },
    "dissonance": {
        "dmean": 0.0232206657529,
        "dmean2": 0.0382712371647,
        "dvar": 0.000543456990272,
        "dvar2": 0.00145753822289,
        "max": 0.498129576445,
        "mean": 0.447441846132,
        "median": 0.454190254211,
        "min": 0.212882325053,
        "stdev": 0.0330293141305,
        "var": 0.00109093566425
    },
    "dynamic_complexity": 2.57223653793,
    "erbbands_crest": {
        "dmean": 2.27294969559,
        "dmean2": 3.56832003593,
        "dvar": 4.44226646423,
        "dvar2": 10.5116910934,
        "max": 25.4630355835,
        "mean": 9.00526237488,
        "median": 8.38374233246,
        "min": 2.34738898277,
        "stdev": 3.85922980309,
        "var": 14.8936548233
    },
    "erbbands_flatness_db": {
        "dmean": 0.0182861629874,
        "dmean2": 0.0238686390221,
        "dvar": 0.000364619016182,
        "dvar2": 0.000651512527838,
        "max": 0.277370750904,
        "mean": 0.153533324599,
        "median": 0.154680550098,
        "min": 0.0492494516075,
        "stdev": 0.0426089577377,
        "var": 0.00181552337017
    },
    "erbbands_kurtosis": {
        "dmean": 0.849854290485,
        "dmean2": 1.2966221571,
        "dvar": 1.3149613142,
        "dvar2": 2.78279328346,
        "max": 18.9505977631,
        "mean": 0.816456973553,
        "median": 0.109507322311,
        "min": -1.67944693565,
        "stdev": 2.2348575592,
        "var": 4.99458837509
    },
    "erbbands_skewness": {
        "dmean": 0.324084371328,
        "dmean2": 0.489812195301,
        "dvar": 0.10531668365,
        "dvar2": 0.208554595709,
        "max": 4.01110363007,
        "mean": 0.540448129177,
        "median": 0.488527774811,
        "min": -1.24438548088,
        "stdev": 0.702347517014,
        "var": 0.493292033672
    },
    "erbbands_spread": {
        "dmean": 8.86598777771,
        "dmean2": 13.0919513702,
        "dvar": 157.760009766,
        "dvar2": 363.628448486,
        "max": 147.135131836,
        "mean": 39.5466384888,
        "median": 34.7754058838,
        "min": 7.31226301193,
        "stdev": 22.2628898621,
        "var": 495.636260986
    },
    "hfc": {
        "dmean": 7.69487190247,
        "dmean2": 11.0814313889,
        "dvar": 160.555297852,
        "dvar2": 341.15435791,
        "max": 110.159164429,
        "mean": 24.8510150909,
        "median": 20.9954872131,
        "min": 1.19552069825e-16,
        "stdev": 19.5602378845,
        "var": 382.602935791
    },
    "loudness_ebu128": {
        "integrated": -7.79577445984,
        "loudness_range": 2.48792362213,
        "momentary": {
            "dmean": 0.558309614658,
            "dmean2": 0.827655911446,
            "dvar": 0.281143277884,
            "dvar2": 0.5718947649,
            "max": -5.71432781219,
            "mean": -8.02841949463,
            "median": -7.76820087433,
            "min": -12.7391109467,
            "stdev": 1.48262166977,
            "var": 2.19816708565
        },
        "short_term": {
            "dmean": 0.0840528160334,
            "dmean2": 0.106713376939,
            "dvar": 0.00444228528067,
            "dvar2": 0.00605882192031,
            "max": -6.40370368958,
            "mean": -7.84468698502,
            "median": -7.83324861526,
            "min": -10.1156196594,
            "stdev": 0.898819208145,
            "var": 0.807875990868
        }
    },
    "melbands_crest": {
        "dmean": 2.8938138485,
        "dmean2": 4.53253173828,
        "dvar": 8.2537984848,
        "dvar2": 18.6693668365,
        "max": 32.3728256226,
        "mean": 14.7916021347,
        "median": 13.9961328506,
        "min": 2.28164768219,
        "stdev": 5.35154771805,
        "var": 28.6390628815
    },
    "melbands_flatness_db": {
        "dmean": 0.0267049632967,
        "dmean2": 0.0353561639786,
        "dvar": 0.000968472159002,
        "dvar2": 0.0015747922007,
        "max": 0.516465246677,
        "mean": 0.222773998976,
        "median": 0.212448939681,
        "min": 0.00938244443387,
        "stdev": 0.0771749913692,
        "var": 0.00595597876236
    },
    "melbands_kurtosis": {
        "dmean": 10.5502281189,
        "dmean2": 15.8437223434,
        "dvar": 493.099945068,
        "dvar2": 1051.13806152,
        "max": 350.855010986,
        "mean": 22.7905235291,
        "median": 7.99795341492,
        "min": -1.18297052383,
        "stdev": 39.9597511292,
        "var": 1596.78186035
    },
    "melbands_skewness": {
        "dmean": 0.818418443203,
        "dmean2": 1.18669950962,
        "dvar": 1.32410538197,
        "dvar2": 2.6062707901,
        "max": 14.8494615555,
        "mean": 3.10110640526,
        "median": 2.38449597359,
        "min": -0.217206254601,
        "stdev": 2.39468359947,
        "var": 5.73450899124
    },
    "melbands_spread": {
        "dmean": 6.17716836929,
        "dmean2": 9.23027896881,
        "dvar": 108.01234436,
        "dvar2": 230.75730896,
        "max": 135.169265747,
        "mean": 19.4818973541,
        "median": 16.4479026794,
        "min": 0.715103626251,
        "stdev": 16.4138050079,
        "var": 269.412963867
    },
    "pitch_salience": {
        "dmean": 0.0729062780738,
        "dmean2": 0.113350726664,
        "dvar": 0.00528656179085,
        "dvar2": 0.0124723538756,
        "max": 0.853460550308,
        "mean": 0.506285130978,
        "median": 0.506464183331,
        "min": 0.105606622994,
        "stdev": 0.127462923527,
        "var": 0.0162467975169
    },
    "silence_rate_20dB": {
        "dmean": 0,
        "dmean2": 0,
        "dvar": 0,
        "dvar2": 0,
        "max": 1,
        "mean": 1,
        "median": 1,
        "min": 1,
        "stdev": 0,
        "var": 0
    },
    "silence_rate_30dB": {
        "dmean": 0.00464396271855,
        "dmean2": 0.00929511990398,
        "dvar": 0.00462236627936,
        "dvar2": 0.0138562805951,
        "max": 1,
        "mean": 0.997679829597,
        "median": 1,
        "min": 0,
        "stdev": 0.0481122881174,
        "var": 0.00231479224749
    },
    "silence_rate_60dB": {
        "dmean": 0.0325077399611,
        "dmean2": 0.0650658383965,
        "dvar": 0.0314509123564,
        "dvar2": 0.0654804483056,
        "max": 1,
        "mean": 0.0502706877887,
        "median": 0,
        "min": 0,
        "stdev": 0.21850079298,
        "var": 0.0477425940335
    },
    "spectral_centroid": {
        "dmean": 231.384475708,
        "dmean2": 332.256622314,
        "dvar": 143370.671875,
        "dvar2": 225674.15625,
        "max": 11139.7304688,
        "mean": 1146.78393555,
        "median": 1021.08972168,
        "min": 208.163192749,
        "stdev": 634.708190918,
        "var": 402854.46875
    },
    "spectral_complexity": {
        "dmean": 3.9256966114,
        "dmean2": 5.85670042038,
        "dvar": 28.2096672058,
        "dvar2": 57.4722366333,
        "max": 49,
        "mean": 17.6411437988,
        "median": 17,
        "min": 0,
        "stdev": 8.70436286926,
        "var": 75.7659301758
    },
    "spectral_decrease": {
        "dmean": 2.75489808743e-09,
        "dmean2": 3.9430583243e-09,
        "dvar": 1.42460668145e-17,
        "dvar2": 3.00166308067e-17,
        "max": -1.58803059121e-28,
        "mean": -1.04794937172e-08,
        "median": -1.06434825398e-08,
        "min": -3.73120521147e-08,
        "stdev": 6.14540285326e-09,
        "var": 3.77659764224e-17
    },
    "spectral_energy": {
        "dmean": 0.0107607273385,
        "dmean2": 0.0154049070552,
        "dvar": 0.000216031985474,
        "dvar2": 0.00045198132284,
        "max": 0.14628110826,
        "mean": 0.0418061316013,
        "median": 0.0429271906614,
        "min": 1.14430808847e-20,
        "stdev": 0.0240833796561,
        "var": 0.000580009189434
    },
    "spectral_energyband_high": {
        "dmean": 0.00044972327305,
        "dmean2": 0.000664935505483,
        "dvar": 8.83383336259e-07,
        "dvar2": 2.10221514862e-06,
        "max": 0.010312108323,
        "mean": 0.000769852893427,
        "median": 0.000416446127929,
        "min": 8.12115343309e-21,
        "stdev": 0.00103107688483,
        "var": 1.0631196119e-06
    },
    "spectral_energyband_low": {
        "dmean": 0.00752045400441,
        "dmean2": 0.0108645558357,
        "dvar": 0.000171148451045,
        "dvar2": 0.000387741747545,
        "max": 0.130796507001,
        "mean": 0.0187521558255,
        "median": 0.0142762577161,
        "min": 6.27701418559e-23,
        "stdev": 0.0193581450731,
        "var": 0.000374737806851
    },
    "spectral_energyband_middle_high": {
        "dmean": 0.00247117131948,
        "dmean2": 0.00375033612363,
        "dvar": 1.51915965034e-05,
        "dvar2": 3.40071346727e-05,
        "max": 0.0377973355353,
        "mean": 0.00759742967784,
        "median": 0.00387444742955,
        "min": 1.77054092318e-21,
        "stdev": 0.00818891916424,
        "var": 6.70583976898e-05
    },
    "spectral_energyband_middle_low": {
        "dmean": 0.00509812030941,
        "dmean2": 0.00791482906789,
        "dvar": 3.56422751793e-05,
        "dvar2": 8.64191461005e-05,
        "max": 0.0631723925471,
        "mean": 0.0158674549311,
        "median": 0.0148175498471,
        "min": 4.92510526077e-22,
        "stdev": 0.0109102819115,
        "var": 0.000119034259114
    },
    "spectral_entropy": {
        "dmean": 0.179788857698,
        "dmean2": 0.238425895572,
        "dvar": 0.0424433276057,
        "dvar2": 0.0760242119431,
        "max": 9.81550121307,
        "mean": 7.39793300629,
        "median": 7.37177276611,
        "min": 5.5020608902,
        "stdev": 0.447750985622,
        "var": 0.200480952859
    },
    "spectral_flux": {
        "dmean": 0.0321641862392,
        "dmean2": 0.0483720526099,
        "dvar": 0.00132984376978,
        "dvar2": 0.0027012124192,
        "max": 0.347777485847,
        "mean": 0.0889193415642,
        "median": 0.0777595862746,
        "min": 1.06972333769e-10,
        "stdev": 0.0509500801563,
        "var": 0.00259591080248
    },
    "spectral_kurtosis": {
        "dmean": 1.5659724474,
        "dmean2": 2.51153731346,
        "dvar": 4.0812420845,
        "dvar2": 11.1484107971,
        "max": 35.2270393372,
        "mean": 4.57223033905,
        "median": 4.24207687378,
        "min": -1.20649635792,
        "stdev": 2.93127274513,
        "var": 8.59236049652
    },
    "spectral_rms": {
        "dmean": 0.000871158146765,
        "dmean2": 0.00119365914725,
        "dvar": 1.27308612718e-06,
        "dvar2": 2.16701164391e-06,
        "max": 0.011946266517,
        "mean": 0.00601487560198,
        "median": 0.00647149048746,
        "min": 3.34125457337e-12,
        "stdev": 0.00214655953459,
        "var": 4.60771752842e-06
    },
    "spectral_rolloff": {
        "dmean": 562.497253418,
        "dmean2": 906.013549805,
        "dvar": 2044350.25,
        "dvar2": 4384557,
        "max": 18561.6210938,
        "mean": 1298.4185791,
        "median": 839.794921875,
        "min": 64.599609375,
        "stdev": 1867.72680664,
        "var": 3488403.25
    },
    "spectral_skewness": {
        "dmean": 0.217210203409,
        "dmean2": 0.330717533827,
        "dvar": 0.0516305118799,
        "dvar2": 0.128848135471,
        "max": 4.38898944855,
        "mean": 1.66075730324,
        "median": 1.648837924,
        "min": -0.0230311825871,
        "stdev": 0.445091784,
        "var": 0.198106706142
    },
    "spectral_spread": {
        "dmean": 726395.3125,
        "dmean2": 1029027.375,
        "dvar": 1.85203766067e+12,
        "dvar2": 2.98105464422e+12,
        "max": 40543808,
        "mean": 4871146,
        "median": 4385358,
        "min": 1743068.125,
        "stdev": 2012631.5,
        "var": 4.05068552602e+12
    },
    "spectral_strongpeak": {
        "dmean": 0.477401018143,
        "dmean2": 0.829601407051,
        "dvar": 1.1167422533,
        "dvar2": 2.72951507568,
        "max": 11.2752552032,
        "mean": 0.926131784916,
        "median": 0.547523498535,
        "min": 2.297215973e-09,
        "stdev": 1.20616471767,
        "var": 1.45483326912
    },
    "zerocrossingrate": {
        "dmean": 0.0130002992228,
        "dmean2": 0.0144491158426,
        "dvar": 0.000468908139737,
        "dvar2": 0.00058077624999,
        "max": 0.5009765625,
        "mean": 0.0525836981833,
        "median": 0.0439453125,
        "min": 0.001953125,
        "stdev": 0.0432082787156,
        "var": 0.00186695519369
    },
    "barkbands": {
        "dmean": [0.000211481979932, 0.00583746936172, 0.00216272473335, 0.00155697704758, 0.00235609151423, 0.00100414501503, 0.000735404726584, 0.000924524792936, 0.00101162772626, 0.000743239419535, 0.000454866298242, 0.000507245771587, 0.000749989412725, 0.000373069517082, 0.000270833552349, 0.000284150330117, 0.000356059957994, 0.000141987067764, 0.000218568413402, 0.000180638191523, 9.73583519226e-05, 7.25481513655e-05, 4.12385452364e-05, 9.47573571466e-05, 7.61815608712e-05, 8.64553658175e-05, 8.99116002984e-06],
        "dmean2": [0.000324298074702, 0.00872678216547, 0.00347267230973, 0.00257652113214, 0.00364198256284, 0.00154704926535, 0.00106389645953, 0.00143772433512, 0.0014884644188, 0.00107349187601, 0.000673343543895, 0.000771354476456, 0.00107947189827, 0.000595349643845, 0.000434067711467, 0.00046269709128, 0.000588057737332, 0.000227264477871, 0.000328598805936, 0.000293488643365, 0.000151458283653, 0.000111907458631, 6.29305213806e-05, 0.000148100967635, 0.000113389447506, 0.000138157556648, 1.54627268785e-05],
        "dvar": [3.70696398022e-07, 0.000114369147923, 2.63173515123e-05, 9.01635485206e-06, 1.0135411685e-05, 2.99357270706e-06, 1.98277371055e-06, 3.84497298e-06, 4.07445850215e-06, 2.192530701e-06, 1.01084083326e-06, 1.24431653603e-06, 3.42674911735e-06, 6.73974454912e-07, 4.98613246691e-07, 6.04904585089e-07, 1.10737880732e-06, 8.34363262925e-08, 3.35915416372e-07, 1.46681330193e-07, 3.35616441305e-08, 1.86200370678e-08, 6.26039353691e-09, 5.54065344716e-08, 3.15812549445e-08, 6.32733687667e-08, 1.70540415123e-09],
        "dvar2": [7.47098852116e-07, 0.000270261167316, 6.47372435196e-05, 2.46826257353e-05, 2.28280296142e-05, 6.90580236551e-06, 4.53236270914e-06, 8.17716772872e-06, 9.41601683735e-06, 4.39355517301e-06, 1.98918360184e-06, 2.59092621491e-06, 7.17031252861e-06, 1.55915790856e-06, 1.14786394079e-06, 1.57941337875e-06, 2.87566876978e-06, 2.03070300131e-07, 7.32574278572e-07, 3.49268475475e-07, 8.15154663769e-08, 4.71880277075e-08, 1.5194208558e-08, 1.45032743148e-07, 7.48446709053e-08, 1.62953298855e-07, 4.67784744274e-09],
        "max": [0.00820789393038, 0.109063111246, 0.0644883736968, 0.0456470660865, 0.0432351566851, 0.0236630309373, 0.02597245574, 0.0299880579114, 0.0336247719824, 0.0290882643312, 0.019297497347, 0.0188083704561, 0.0326029844582, 0.0123974038288, 0.0169851388782, 0.00949207413942, 0.0111166844144, 0.00324941053987, 0.00865088682622, 0.00595058919862, 0.00176546594594, 0.00173955829814, 0.000956379109994, 0.00270108622499, 0.0017314562574, 0.00245188106783, 0.000586990674492],
        "mean": [0.00028042960912, 0.0136784603819, 0.00380473863333, 0.00219666305929, 0.00491432705894, 0.00219956692308, 0.00161504233256, 0.00221481034532, 0.0023374943994, 0.00157893879805, 0.00111035059672, 0.00111858302262, 0.00132341356948, 0.000665735162329, 0.0004111789749, 0.000365218264051, 0.000409014261095, 0.000224924093345, 0.000385129940696, 0.000292323704343, 0.000167881007656, 0.000142235163366, 6.69027213007e-05, 0.000112807669211, 0.000102523896203, 8.08628465165e-05, 6.57328428133e-06],
        "median": [1.46065322042e-05, 0.00610320921987, 0.00183392944746, 0.0010956604965, 0.00273886695504, 0.00114224932622, 0.000624215987045, 0.000772874802351, 0.000647145905532, 0.000362925289664, 0.000264846516075, 0.000344132015016, 0.000265393988229, 0.000162331401953, 0.000107781284896, 0.000114547234261, 0.000111029985419, 9.59429744398e-05, 9.60678662523e-05, 0.000109006999992, 8.0387617345e-05, 6.89292210154e-05, 3.20289909723e-05, 3.2148695027e-05, 3.3010775951e-05, 9.12767609407e-06, 2.08752233277e-08],
        "min": [1.55599658111e-24, 2.34522446443e-23, 1.58565207135e-23, 3.6563816553e-23, 2.93924966338e-23, 4.93518482054e-23, 1.0403931176e-22, 1.43168235764e-23, 2.04446569073e-22, 9.19531044114e-23, 3.36533647302e-23, 7.99757472459e-23, 1.18533659017e-22, 1.0502224507e-22, 1.60587922227e-22, 3.10506103124e-22, 2.08208249144e-22, 2.45292676029e-22, 3.73263610584e-22, 4.1227372898e-22, 3.92328270827e-22, 6.11758173633e-22, 7.3808078017e-22, 1.04991999512e-21, 1.51803071261e-21, 1.40996742137e-21, 2.21574059563e-21],
        "stdev": [0.000792237289716, 0.0161537062377, 0.00568857137114, 0.00322876288556, 0.00571091193706, 0.00297742965631, 0.00250842352398, 0.0041118459776, 0.00353103433736, 0.00312372297049, 0.00223547942005, 0.00219485862181, 0.00299643888138, 0.00145605427679, 0.0010039327899, 0.000762209296227, 0.000986363971606, 0.00033362020622, 0.000850489304867, 0.000508698169142, 0.00022711060592, 0.000193982530618, 9.30719179451e-05, 0.000226324496907, 0.000196943437913, 0.000227655240451, 3.34457872668e-05],
        "var": [6.27639963113e-07, 0.000260942208115, 3.2359843317e-05, 1.04249093056e-05, 3.26145163854e-05, 8.86508769327e-06, 6.2921881181e-06, 1.69072791323e-05, 1.24682037494e-05, 9.75764487521e-06, 4.99736870552e-06, 4.81740426039e-06, 8.97864538274e-06, 2.12009422285e-06, 1.00788099644e-06, 5.80963046559e-07, 9.72913994701e-07, 1.11302448147e-07, 7.23332050256e-07, 2.58773837913e-07, 5.15792279998e-08, 3.76292206283e-08, 8.66238192287e-09, 5.12227806837e-08, 3.87867196139e-08, 5.18269089866e-08, 1.11862075158e-09]
    },
    "erbbands": {
        "dmean": [0.168481528759, 1.33694064617, 2.57712244987, 3.6418325901, 7.05875873566, 6.69964075089, 12.1041955948, 8.34181308746, 9.65319824219, 12.6581230164, 19.6839618683, 21.7229728699, 25.4917221069, 15.9359989166, 19.9197540283, 16.8233108521, 31.9886894226, 19.8076248169, 18.9361991882, 9.34648799896, 19.507648468, 18.2098674774, 8.41798877716, 6.74400615692, 13.1251630783, 7.82391786575, 4.35587787628, 3.37677311897, 2.55572748184, 1.97122597694, 1.10213828087, 1.53429377079, 1.82093775272, 0.917383790016, 0.522788584232, 0.322287201881, 0.180338531733, 0.0325188785791, 0.00102732121013, 3.30777074851e-05],
        "dmean2": [0.249845147133, 2.00817656517, 4.00135231018, 6.02544116974, 11.5172395706, 10.410949707, 18.3454246521, 12.6677951813, 13.833029747, 19.187292099, 29.4874153137, 31.9334964752, 35.8622627258, 22.1782226562, 29.7993354797, 25.2268447876, 45.851600647, 31.3814620972, 30.3045158386, 14.6723442078, 32.3189964294, 29.7391586304, 13.4375782013, 10.2916212082, 19.8034515381, 12.400809288, 6.91205787659, 5.15837287903, 3.96393251419, 3.02522921562, 1.6931040287, 2.39553499222, 2.87689399719, 1.37596678734, 0.79556787014, 0.506805300713, 0.2959395051, 0.0537006705999, 0.00172684912104, 5.13242921443e-05],
        "dvar": [0.12611399591, 6.12205696106, 34.5007591248, 54.1471366882, 130.725830078, 96.155632019, 346.974243164, 262.683380127, 270.895568848, 597.278381348, 1678.17102051, 2388.54150391, 2186.36914062, 937.950561523, 2707.08544922, 1361.19799805, 5442.41796875, 2456.81982422, 2278.51806641, 335.026519775, 3862.68994141, 2249.96875, 336.268127441, 195.001480103, 1275.11816406, 275.02835083, 78.0297088623, 34.6920623779, 20.2417888641, 16.7616710663, 4.56060791016, 13.6537265778, 20.5464229584, 4.46419763565, 1.72272980213, 0.699621975422, 0.328868001699, 0.0146124484017, 1.72538766492e-05, 6.98267355048e-09],
        "dvar2": [0.276782482862, 14.5349788666, 82.2678985596, 150.030502319, 331.508148193, 214.467834473, 777.529052734, 570.752502441, 571.116943359, 1348.58276367, 3602.77563477, 5523.46923828, 4496.67675781, 1850.32275391, 5973.21435547, 2451.84765625, 10829.7109375, 5686.03613281, 5408.49804688, 797.928955078, 10221.2265625, 5691.15771484, 813.397766113, 438.331085205, 2817.87963867, 674.334411621, 197.067810059, 84.2231063843, 50.4868087769, 43.7477989197, 11.1280994415, 35.1704673767, 53.461391449, 10.6283159256, 4.24263429642, 1.74846386909, 0.872547984123, 0.0386962592602, 4.63155738544e-05, 1.80158661323e-08],
        "max": [5.03527116776, 23.1390342712, 81.1438980103, 79.6739807129, 117.305664062, 159.819488525, 335.96661377, 264.397674561, 323.691802979, 370.976531982, 616.015136719, 783.819091797, 659.906616211, 785.671020508, 1189.14746094, 850.448059082, 1190.97753906, 863.089355469, 1072.61816406, 169.447799683, 743.417480469, 461.753631592, 147.191116333, 225.8853302, 562.399780273, 222.047943115, 75.614112854, 51.5132751465, 55.2204704285, 67.2096405029, 27.3697547913, 41.4312667847, 47.0715255737, 24.5429401398, 13.9555311203, 7.60176610947, 6.69244766235, 1.33308625221, 0.0518872439861, 0.00100436899811],
        "mean": [0.345522105694, 3.19464707375, 5.33299398422, 5.60424518585, 10.6275253296, 13.7479410172, 25.7050762177, 19.0637454987, 22.4673957825, 30.010471344, 48.2831230164, 52.0900878906, 57.7280235291, 39.5967941284, 48.5954093933, 40.9331207275, 63.438583374, 39.0413780212, 31.9297599792, 16.3478927612, 22.9309616089, 22.8436336517, 12.720908165, 13.5921545029, 23.5699996948, 12.668050766, 6.96816682816, 6.36943721771, 5.15871572495, 3.33150172234, 1.82709956169, 1.87121665478, 2.14855384827, 1.30054402351, 0.638991475105, 0.341206401587, 0.156207159162, 0.0261211022735, 0.000829895143397, 6.86156345182e-05],
        "median": [0.0440874174237, 1.79066991806, 3.77238225937, 3.57485222816, 3.79822015762, 7.96484279633, 13.9757547379, 8.25904560089, 11.0073719025, 10.2013206482, 17.6114826202, 15.6200876236, 16.7332801819, 12.6544733047, 13.4415073395, 13.1899709702, 14.0947370529, 11.6728906631, 8.74509239197, 6.33636045456, 6.82282352448, 6.72675132751, 5.84636354446, 5.66419792175, 5.94647169113, 4.86167049408, 3.30522751808, 3.21828794479, 2.57550811768, 1.50923871994, 0.835442721844, 0.600840270519, 0.584988772869, 0.502126514912, 0.146687820554, 0.0602670051157, 0.0116899898276, 0.000800818903372, 4.78219735669e-05, 5.57186867809e-05],
        "min": [6.40287422933e-22, 5.11086102656e-21, 1.87714600567e-20, 8.12554637606e-20, 7.71111661071e-20, 1.45046042863e-19, 6.10399644587e-20, 5.72652071589e-19, 1.97782296581e-18, 3.35684523331e-19, 8.18280769547e-19, 3.78505771467e-18, 5.51429946473e-18, 1.26588660377e-18, 1.95740649394e-18, 3.42767743295e-18, 4.83870342174e-18, 6.09962073798e-18, 5.88236340445e-18, 1.07942015865e-17, 1.75970118719e-17, 1.12212683193e-17, 1.17712598814e-17, 1.64243692027e-17, 1.93648308442e-17, 1.96727918406e-17, 1.63529322306e-17, 1.81538417361e-17, 2.23785376746e-17, 2.15724782918e-17, 1.98957302506e-17, 2.33174240658e-17, 1.57491631753e-17, 1.73592950531e-17, 1.12022688078e-17, 5.69593095645e-18, 2.5909819686e-18, 1.15822087864e-18, 3.08216259182e-19, 3.25090704904e-20],
        "stdev": [0.548030614853, 3.65382194519, 6.7731757164, 7.40051746368, 14.8628873825, 17.6666469574, 32.7675933838, 28.9406261444, 34.7957496643, 47.7717247009, 80.9709625244, 90.6019897461, 91.9184188843, 74.8822860718, 98.518737793, 75.4502563477, 132.032806396, 81.6864089966, 69.5541610718, 24.3947467804, 56.1379203796, 48.3045158386, 19.3965396881, 22.6356563568, 51.2613792419, 21.8032360077, 9.99051380157, 8.13702774048, 6.87736368179, 4.79761171341, 2.57300829887, 3.67023515701, 4.3508310318, 2.34256100655, 1.38681697845, 0.810141265392, 0.495124876499, 0.103443592787, 0.0034804304596, 7.86969976616e-05],
        "var": [0.300337523222, 13.3504142761, 45.8759078979, 54.7676620483, 220.905410767, 312.11038208, 1073.71520996, 837.559814453, 1210.7442627, 2282.13769531, 6556.296875, 8208.72070312, 8448.99511719, 5607.35644531, 9705.94238281, 5692.74121094, 17432.6621094, 6672.66992188, 4837.78173828, 595.10369873, 3151.46630859, 2333.32617188, 376.225769043, 512.372924805, 2627.72900391, 475.381103516, 99.8103637695, 66.2112197876, 47.2981300354, 23.017080307, 6.62037229538, 13.4706258774, 18.9297294617, 5.48759222031, 1.92326128483, 0.656328856945, 0.24514862895, 0.0107005769387, 1.21133962239e-05, 6.19321705031e-09]
    },
    "gfcc": {
        "mean": [12.5369682312, 98.5494995117, -111.270553589, 29.4573631287, -59.7577018738, 15.9672050476, -36.0145301819, 9.33400440216, -29.3224964142, 4.12352180481, -15.2665567398, -1.14904606342, -9.61425209045],
        "cov": [[5383.33447266, -760.507141113, -130.411483765, -177.251251221, -236.452392578, 299.739532471, 116.1901474, 396.917022705, -9.02474880219, 408.281494141, -123.60925293, -4.07084369659, -141.782806396], [-760.507141113, 1323.47961426, -81.9098892212, 238.004058838, 247.515304565, -62.8365592957, 190.224136353, -84.2177810669, 155.098556519, -124.212051392, 167.048477173, -63.604019165, 156.842544556], [-130.411483765, -81.9098892212, 886.548828125, 271.893859863, 325.977630615, 208.25227356, 68.0448760986, 134.38508606, 57.1551513672, 31.5451278687, 12.1033315659, 107.380187988, 9.13967514038], [-177.251251221, 238.004058838, 271.893859863, 533.128845215, 289.006408691, 74.6676559448, 76.7075119019, 13.4236106873, 158.787261963, -29.3451805115, 86.0989227295, 50.5199775696, 66.8027496338], [-236.452392578, 247.515304565, 325.977630615, 289.006408691, 427.911621094, 84.1465301514, 108.468917847, 53.2292060852, 114.824295044, -3.50784468651, 50.6819000244, 50.800327301, 39.7606887817], [299.739532471, -62.8365592957, 208.25227356, 74.6676559448, 84.1465301514, 293.118896484, 183.926376343, 127.716957092, -5.26628017426, 44.4327850342, 35.1814575195, 25.118429184, -4.64427232742], [116.1901474, 190.224136353, 68.0448760986, 76.7075119019, 108.468917847, 183.926376343, 348.225036621, 135.733474731, 35.6997642517, 27.9373340607, 70.692489624, 26.8388824463, 7.39159536362], [396.917022705, -84.2177810669, 134.38508606, 13.4236106873, 53.2292060852, 127.716957092, 135.733474731, 213.392730713, 55.2826957703, 67.195602417, 13.827665329, 36.863609314, -9.69384288788], [-9.02474880219, 155.098556519, 57.1551513672, 158.787261963, 114.824295044, -5.26628017426, 35.6997642517, 55.2826957703, 234.531616211, 37.3941192627, 19.7860279083, 24.6206645966, 32.1171112061], [408.281494141, -124.212051392, 31.5451278687, -29.3451805115, -3.50784468651, 44.4327850342, 27.9373340607, 67.195602417, 37.3941192627, 127.953224182, 13.3559522629, 17.687707901, -16.4092998505], [-123.60925293, 167.048477173, 12.1033315659, 86.0989227295, 50.6819000244, 35.1814575195, 70.692489624, 13.827665329, 19.7860279083, 13.3559522629, 147.936416626, 36.3842773438, 37.3570404053], [-4.07084369659, -63.604019165, 107.380187988, 50.5199775696, 50.800327301, 25.118429184, 26.8388824463, 36.863609314, 24.6206645966, 17.687707901, 36.3842773438, 106.750190735, 19.7578239441], [-141.782806396, 156.842544556, 9.13967514038, 66.8027496338, 39.7606887817, -4.64427232742, 7.39159536362, -9.69384288788, 32.1171112061, -16.4092998505, 37.3570404053, 19.7578239441, 99.6401519775]],
        "icov": [[0.000315698882332, -6.76805429976e-05, 0.000204763142392, -0.000259572349023, 0.00015021530271, -0.000247731950367, 0.000189666243386, -0.000516657950357, 0.000298397149891, -0.000965468992945, 0.000468574638944, -9.25430722418e-05, 0.000162671058206], [-6.76805429976e-05, 0.00205006496981, -0.00014328060206, 0.000514364393894, -0.000874043733347, 0.00097527547041, -0.00156839704141, 0.0010170849273, -0.00131334317848, 0.00180007668678, -0.00199918448925, 0.00241556158289, -0.00205513695255], [0.000204763142392, -0.00014328060206, 0.00241891038604, -0.000751557177864, -0.00120750337373, -0.00150921463501, 0.00122046284378, -0.00122114329133, 0.000808399054222, -0.000751742802095, 0.00110751006287, -0.00164759927429, 0.000528163625859], [-0.000259572349023, 0.000514364393894, -0.000751557177864, 0.0044275643304, -0.00182192889042, -0.000458376045572, -0.000368839071598, 0.00172368099447, -0.00277225626633, 0.00263516744599, -0.00230495049618, 0.000623325409833, -0.00110964488704], [0.00015021530271, -0.000874043733347, -0.00120750337373, -0.00182192889042, 0.00523329526186, 2.60882861767e-05, -0.000502835027874, -0.000284965324681, -0.0002302320936, -0.000874600489624, 0.000925585918594, -0.000941026140936, 0.00061406561872], [-0.000247731950367, 0.00097527547041, -0.00150921463501, -0.000458376045572, 2.60882861767e-05, 0.00787914637476, -0.00378004694358, -0.00113612727728, 0.00106521230191, 5.51485973119e-05, -0.00126792362425, 0.0021837700624, -0.00120713212527], [0.000189666243386, -0.00156839704141, 0.00122046284378, -0.000368839071598, -0.000502835027874, -0.00378004694358, 0.00706874905154, -0.00342018040828, 0.00092777638929, -0.000705830403604, -4.50686602562e-05, -0.00190336618107, 0.00202038465068], [-0.000516657950357, 0.0010170849273, -0.00122114329133, 0.00172368099447, -0.000284965324681, -0.00113612727728, -0.00342018040828, 0.010565537028, -0.0032156642992, -0.000114136753837, -0.000802233698778, -0.000228127479204, -0.000673670961987], [0.000298397149891, -0.00131334317848, 0.000808399054222, -0.00277225626633, -0.0002302320936, 0.00106521230191, 0.00092777638929, -0.0032156642992, 0.00822829641402, -0.00441572396085, 0.00266106124036, -0.00160512654111, -2.25877811317e-05], [-0.000965468992945, 0.00180007668678, -0.000751742802095, 0.00263516744599, -0.000874600489624, 5.51485973119e-05, -0.000705830403604, -0.000114136753837, -0.00441572396085, 0.0152052612975, -0.00476432545111, 0.00129813421518, -5.5989883549e-05], [0.000468574638944, -0.00199918448925, 0.00110751006287, -0.00230495049618, 0.000925585918594, -0.00126792362425, -4.50686602562e-05, -0.000802233698778, 0.00266106124036, -0.00476432545111, 0.0121438028291, -0.00492777256295, -0.000463926233351], [-9.25430722418e-05, 0.00241556158289, -0.00164759927429, 0.000623325409833, -0.000941026140936, 0.0021837700624, -0.00190336618107, -0.000228127479204, -0.00160512654111, 0.00129813421518, -0.00492777256295, 0.0152408825234, -0.00404792651534], [0.000162671058206, -0.00205513695255, 0.000528163625859, -0.00110964488704, 0.00061406561872, -0.00120713212527, 0.00202038465068, -0.000673670961987, -2.25877811317e-05, -5.5989883549e-05, -0.000463926233351, -0.00404792651534, 0.0146560044959]]
    },
    "melbands": {
        "dmean": [0.00157042313367, 0.0013583577238, 0.000711084750947, 0.000454768596683, 0.000418904906837, 0.000180111150257, 0.000145558005897, 0.000160209659953, 0.000153018045239, 0.000147630111314, 0.000132501998451, 7.18514056643e-05, 5.99317718297e-05, 5.2539522585e-05, 6.29159112577e-05, 7.78725006967e-05, 3.45052940247e-05, 3.47040440829e-05, 1.64903831319e-05, 1.50438536366e-05, 2.63344663836e-05, 2.27565233217e-05, 8.36329672893e-06, 7.11902839612e-06, 5.20354979017e-06, 1.02241756395e-05, 9.03867385205e-06, 4.73600130135e-06, 2.8916208521e-06, 2.44610623668e-06, 2.06549339055e-06, 1.61777791163e-06, 1.5014326209e-06, 9.65222852756e-07, 6.68603433951e-07, 6.56668760257e-07, 1.10952839805e-06, 1.56539317686e-06, 8.39156314214e-07, 7.78812534463e-07],
        "dmean2": [0.00232059252448, 0.00204061367549, 0.00117206282448, 0.000725852500182, 0.000632674433291, 0.000272807606962, 0.000210598445847, 0.00024420893169, 0.000226927324547, 0.000217890643398, 0.000185851502465, 0.000101594232547, 8.94951444934e-05, 7.95163068688e-05, 9.17620927794e-05, 0.000115150149213, 5.54339021619e-05, 5.59130239708e-05, 2.64104728558e-05, 2.35045008594e-05, 4.44497927674e-05, 3.74476840079e-05, 1.3422376469e-05, 1.14350477816e-05, 8.11113659438e-06, 1.5290293959e-05, 1.40876254591e-05, 7.74509135226e-06, 4.64664162791e-06, 3.86728652302e-06, 3.2025013752e-06, 2.54956717072e-06, 2.36806113207e-06, 1.49998743382e-06, 1.04164655568e-06, 1.03871491319e-06, 1.75980198946e-06, 2.52421727964e-06, 1.2805909364e-06, 1.16529929528e-06],
        "dvar": [8.73428143677e-06, 7.58828673497e-06, 1.7038620399e-06, 4.23504843639e-07, 3.94553637761e-07, 1.09411629978e-07, 6.75738931477e-08, 9.50818517254e-08, 9.24189720308e-08, 1.08500366025e-07, 5.95633373734e-08, 1.94444442769e-08, 1.99909617749e-08, 1.63789106722e-08, 2.12602770944e-08, 4.88228799611e-08, 9.13879105724e-09, 7.20777570962e-09, 1.16122933491e-09, 1.34516364714e-09, 8.91578011419e-09, 3.82285492151e-09, 3.52582490981e-10, 2.3032911689e-10, 1.23333426805e-10, 7.94389498626e-10, 4.55025905843e-10, 1.0335726025e-10, 3.28558083518e-11, 2.8919431086e-11, 1.21120795685e-11, 8.16243860696e-12, 1.19731906681e-11, 3.40311979985e-12, 1.50998462865e-12, 2.41518567298e-12, 8.2064225207e-12, 2.00696473329e-11, 3.13821451464e-12, 3.57324933531e-12],
        "dvar2": [2.01577240659e-05, 1.77925976459e-05, 4.60632327304e-06, 9.90237140286e-07, 8.65250626703e-07, 2.38998865143e-07, 1.4853129926e-07, 2.08137294067e-07, 1.92900927232e-07, 2.56523492226e-07, 1.21307067502e-07, 3.78024367365e-08, 4.3077751144e-08, 3.69398733824e-08, 3.84507750084e-08, 1.00828742688e-07, 2.10629664821e-08, 1.7089204718e-08, 2.87747359273e-09, 3.2756146684e-09, 2.39322162088e-08, 9.70339897322e-09, 8.86544337941e-10, 5.7166593681e-10, 2.66612926181e-10, 1.60393409665e-09, 1.02825059578e-09, 2.66979383046e-10, 8.48102144069e-11, 7.29792545839e-11, 2.9156625031e-11, 1.99742843793e-11, 3.33777935846e-11, 8.42010315638e-12, 3.6124692647e-12, 6.1684719832e-12, 2.16874573855e-11, 5.38726285804e-11, 7.45963794208e-12, 8.63732349532e-12],
        "max": [0.0362053103745, 0.0351712219417, 0.0159162785858, 0.00887817982584, 0.0115319872275, 0.00513655971736, 0.00417735148221, 0.00490353163332, 0.0043734293431, 0.00573777547106, 0.00365812308155, 0.00325125968084, 0.00289161433466, 0.00238119857386, 0.00331353209913, 0.00369648216292, 0.00159010896459, 0.00165948877111, 0.000547618663404, 0.000555181235541, 0.00111599150114, 0.000615191878751, 0.000166567377164, 0.000177373512997, 0.000211804319406, 0.000538695137948, 0.000354944757419, 0.000112892652396, 5.67931019759e-05, 5.78375329496e-05, 3.20713770634e-05, 4.12579247495e-05, 5.90607305639e-05, 2.31579397223e-05, 1.58192415256e-05, 2.62759494944e-05, 3.26745248458e-05, 5.16957115906e-05, 2.07291268453e-05, 2.33295977523e-05],
        "mean": [0.0035455301404, 0.00324859376997, 0.00114530848805, 0.000855199119542, 0.000905780587345, 0.000420844793553, 0.000330860086251, 0.000392698682845, 0.000371819245629, 0.00033974944381, 0.000290934694931, 0.000167832578882, 0.000145017591421, 0.000119445379823, 0.000128666550154, 0.000141821990837, 6.30501526757e-05, 5.55334372621e-05, 2.53041962424e-05, 2.30715486396e-05, 2.73711793852e-05, 2.73466448562e-05, 1.12956149678e-05, 1.08256645035e-05, 9.99148960545e-06, 1.79106518772e-05, 1.54794906848e-05, 6.59760235067e-06, 4.35208903582e-06, 3.64578318113e-06, 3.82870621252e-06, 3.14627095577e-06, 2.43700583269e-06, 1.55156851633e-06, 1.10002360998e-06, 8.83678751507e-07, 1.24608629903e-06, 1.68019914781e-06, 1.17640695407e-06, 1.06571781089e-06],
        "median": [0.000979148433544, 0.00294416141696, 0.000722703756765, 0.000443026219727, 0.000489794358145, 0.000195662360056, 0.000153276603669, 0.000121276592836, 0.000127012652229, 9.08712318051e-05, 7.78225512477e-05, 4.56593006675e-05, 3.98347037844e-05, 3.74985356757e-05, 2.9915390769e-05, 2.53593352681e-05, 1.41293412526e-05, 1.27674557007e-05, 8.33080321172e-06, 7.61734963817e-06, 7.14474072083e-06, 6.84657743477e-06, 4.28373732575e-06, 4.24226846008e-06, 4.14932992499e-06, 3.70372868019e-06, 4.77494086226e-06, 2.67964423983e-06, 1.90247033061e-06, 1.65721928624e-06, 1.76859748535e-06, 1.49831737417e-06, 1.0903876273e-06, 7.10086851541e-07, 5.042969633e-07, 3.33659443186e-07, 3.06905491243e-07, 3.70761767954e-07, 4.15972380097e-07, 3.80781528975e-07],
        "min": [5.7112298915e-24, 9.69239473226e-24, 1.33032098884e-23, 7.88615253935e-24, 2.90953773014e-24, 1.54459517445e-23, 2.60896922181e-23, 2.19896022571e-24, 8.58120841661e-24, 2.80945112112e-23, 2.72031867407e-23, 4.83454865157e-24, 4.88601945906e-24, 1.04403460998e-23, 5.86160650156e-24, 1.38554630092e-23, 1.12543984892e-23, 8.19622220676e-24, 1.37151246541e-23, 1.90664241358e-23, 2.11217144497e-23, 1.26969852711e-23, 7.38692822637e-24, 1.37561895974e-23, 1.26420418979e-23, 1.63420567121e-23, 8.34642684514e-24, 1.55576181611e-23, 1.28741271428e-23, 5.57655358561e-24, 1.25920360051e-23, 1.2342087005e-23, 1.27305733907e-23, 1.2472109426e-23, 1.00262059575e-23, 1.45952930537e-23, 1.41132327763e-23, 8.05451833349e-24, 1.56983446357e-23, 1.43790157925e-23],
        "stdev": [0.00457610748708, 0.00341320550069, 0.00138973013964, 0.00107215170283, 0.00113988574594, 0.000601068721153, 0.000499725400005, 0.000682241050526, 0.000591503980104, 0.000591833668295, 0.000483060837723, 0.000325880508171, 0.000281959131826, 0.000237824744545, 0.00028079765616, 0.000367487897165, 0.000163756281836, 0.000123256322695, 4.42265918537e-05, 4.4610540499e-05, 8.13481019577e-05, 6.24044259894e-05, 1.9516561224e-05, 1.66501340573e-05, 1.86030119949e-05, 4.29759202234e-05, 3.12085830956e-05, 1.14871781989e-05, 6.54797304378e-06, 5.71062264498e-06, 5.13074473929e-06, 4.54025621366e-06, 3.78691447622e-06, 2.19723187911e-06, 1.57397857947e-06, 1.58042576004e-06, 2.72919351119e-06, 4.00691942559e-06, 2.02446153708e-06, 2.04572143048e-06],
        "var": [2.09407608054e-05, 1.1649971384e-05, 1.93134974324e-06, 1.14950933039e-06, 1.29933960125e-06, 3.6128363945e-07, 2.49725502499e-07, 4.65452814069e-07, 3.4987692743e-07, 3.50267072236e-07, 2.33347762446e-07, 1.0619810098e-07, 7.95009569288e-08, 5.65606086411e-08, 7.88473215607e-08, 1.35047358185e-07, 2.68161208794e-08, 1.51921195624e-08, 1.95599136887e-09, 1.99010030677e-09, 6.61751320408e-09, 3.89431242809e-09, 3.80896147956e-10, 2.77226963608e-10, 3.46072087654e-10, 1.8469298313e-09, 9.73975677887e-10, 1.31955266158e-10, 4.28759493187e-11, 3.26112088722e-11, 2.6324541505e-11, 2.06139254971e-11, 1.43407213188e-11, 4.82782824135e-12, 2.47740868618e-12, 2.49774571685e-12, 7.44849668055e-12, 1.60554017997e-11, 4.09844467392e-12, 4.18497571666e-12]
    },
    "melbands128": {
