{
"lowlevel": {
    "average_loudness": 0.909815192223,
    "barkbands_crest": {
        "dmean": 1.55720746517,
        "dmean2": 2.41336202621,
        "dvar": 2.55805492401,
        "dvar2": 6.07952880859,
        "max": 25.3833503723,
        "mean": 11.4873600006,
        "median": 11.1985187531,
        "min": 4.00291872025,
        "stdev": 3.64831662178,
        "var": 13.3102149963
    },
    "barkbands_flatness_db": {
        "dmean": 0.0199921987951,
        "dmean2": 0.0266830828041,
        "dvar": 0.00057075440418,
        "dvar2": 0.000963117228821,
        "max": 0.430177211761,
        "mean": 0.226938784122,
        "median": 0.226849645376,
        "min": 0.0425810106099,
        "stdev": 0.0700358971953,
        "var": 0.00490502640605
    },
    "barkbands_kurtosis": {
        "dmean": 4.51746606827,
        "dmean2": 6.80300951004,
        "dvar": 57.6022453308,
        "dvar2": 130.758163452,
        "max": 107.075492859,
        "mean": 13.1028118134,
        "median": 9.52618598938,
        "min": -1.92202734947,
        "stdev": 14.2787876129,
        "var": 203.883773804
    },
    "barkbands_skewness": {
        "dmean": 0.505951702595,
        "dmean2": 0.735738694668,
        "dvar": 0.416224002838,
        "dvar2": 0.866404950619,
        "max": 9.24402523041,
        "mean": 2.5243537426,
        "median": 2.45635080338,
        "min": -1.93319165707,
        "stdev": 1.39368546009,
        "var": 1.94235920906
    },
    "barkbands_spread": {
        "dmean": 3.11440992355,
        "dmean2": 4.38761043549,
        "dvar": 55.8393363953,
        "dvar2": 95.2172164917,
        "max": 108.976844788,
        "mean": 10.9776248932,
        "median": 6.80058383942,
        "min": 0.798776984215,
        "stdev": 13.57878685,
        "var": 184.383453369
    },
    "dissonance": {
        "dmean": 0.0258748754859,
        "dmean2": 0.0436478033662,
        "dvar": 0.000836426101159,
        "dvar2": 0.00216625980102,
        "max": 0.499999016523,
        "mean": 0.437150925398,
        "median": 0.448023825884,
        "min": 0,
        "stdev": 0.0460762307048,
        "var": 0.00212301919237
    },
    "dynamic_complexity": 3.90303969383,
    "erbbands_crest": {
        "dmean": 2.0091779232,
        "dmean2": 3.0493247509,
        "dvar": 4.86893987656,
        "dvar2": 10.9482908249,
        "max": 28.5937194824,
        "mean": 11.0141305923,
        "median": 9.49959659576,
        "min": 3.13429021835,
        "stdev": 5.38921833038,
        "var": 29.0436763763
    },
    "erbbands_flatness_db": {
        "dmean": 0.0169910155237,
        "dmean2": 0.0228272266686,
        "dvar": 0.000428355881013,
        "dvar2": 0.000697219395079,
        "max": 0.369032174349,
        "mean": 0.195956170559,
        "median": 0.194826751947,
        "min": 0.0604284629226,
        "stdev": 0.0617085136473,
        "var": 0.00380794075318
    },
    "erbbands_kurtosis": {
        "dmean": 1.37661266327,
        "dmean2": 1.98173165321,
        "dvar": 4.90589380264,
        "dvar2": 9.09881591797,
        "max": 35.7575874329,
        "mean": 2.51891994476,
        "median": 0.999804973602,
        "min": -1.86550724506,
        "stdev": 4.92857265472,
        "var": 24.2908267975
    },
    "erbbands_skewness": {
        "dmean": 0.347000420094,
        "dmean2": 0.484417498112,
        "dvar": 0.176110252738,
        "dvar2": 0.277665883303,
        "max": 4.79687976837,
        "mean": 0.964731514454,
        "median": 0.867349386215,
        "min": -2.88388586044,
        "stdev": 1.02395248413,
        "var": 1.04847860336
    },
    "erbbands_spread": {
        "dmean": 7.52681255341,
        "dmean2": 11.2687482834,
        "dvar": 187.419082642,
        "dvar2": 427.164367676,
        "max": 176.767288208,
        "mean": 33.1785011292,
        "median": 25.0041313171,
        "min": 4.08258390427,
        "stdev": 24.2963066101,
        "var": 590.31048584
    },
    "hfc": {
        "dmean": 4.01529169083,
        "dmean2": 5.70406246185,
        "dvar": 82.8219070435,
        "dvar2": 173.610961914,
        "max": 178.111663818,
        "mean": 13.5810537338,
        "median": 6.86546802521,
        "min": 1.21064976548e-16,
        "stdev": 16.8801860809,
        "var": 284.940704346
    },
    "loudness_ebu128": {
        "integrated": -12.7144622803,
        "loudness_range": 8.2904510498,
        "momentary": {
            "dmean": 0.691282272339,
            "dmean2": 0.737898647785,
            "dvar": 1.21072804928,
            "dvar2": 2.01703262329,
            "max": -8.52459144592,
            "mean": -14.4537363052,
            "median": -13.259929657,
            "min": -34.1658096313,
            "stdev": 4.66699314117,
            "var": 21.7808265686
        },
        "short_term": {
            "dmean": 0.122777201235,
            "dmean2": 0.0905572995543,
            "dvar": 0.0172555446625,
            "dvar2": 0.0176717378199,
            "max": -10.7220573425,
            "mean": -13.5944280624,
            "median": -12.4915370941,
            "min": -22.3165283203,
            "stdev": 2.86428046227,
            "var": 8.20410251617
        }
    },
    "melbands_crest": {
        "dmean": 1.91330206394,
        "dmean2": 2.93811583519,
        "dvar": 4.22242069244,
        "dvar2": 9.32401657104,
        "max": 28.7297306061,
        "mean": 16.9839744568,
        "median": 16.5484352112,
        "min": 2.41428136826,
        "stdev": 4.85466957092,
        "var": 23.567817688
    },
    "melbands_flatness_db": {
        "dmean": 0.0224237442017,
        "dmean2": 0.0294014383107,
        "dvar": 0.00081833807053,
        "dvar2": 0.00132574979216,
        "max": 0.563865125179,
        "mean": 0.320438981056,
        "median": 0.317193388939,
        "min": 0.00835792161524,
        "stdev": 0.0841319859028,
        "var": 0.0070781907998
    },
    "melbands_kurtosis": {
        "dmean": 10.2449836731,
        "dmean2": 16.1626739502,
        "dvar": 506.554504395,
        "dvar2": 1297.92626953,
        "max": 297.715667725,
        "mean": 26.2515983582,
        "median": 18.5663967133,
        "min": -1.56552171707,
        "stdev": 30.5865936279,
        "var": 935.539733887
    },
    "melbands_skewness": {
        "dmean": 0.680788099766,
        "dmean2": 1.01709246635,
        "dvar": 1.02543270588,
        "dvar2": 2.37852454185,
        "max": 13.2940816879,
        "mean": 3.40393996239,
        "median": 3.15661048889,
        "min": -0.283249974251,
        "stdev": 1.8865827322,
        "var": 3.55919456482
    },
    "melbands_spread": {
        "dmean": 2.86426091194,
        "dmean2": 3.93820428848,
        "dvar": 71.0373153687,
        "dvar2": 106.11125946,
        "max": 180.123962402,
        "mean": 9.85750675201,
        "median": 6.32286024094,
        "min": 0.611045360565,
        "stdev": 12.7711868286,
        "var": 163.103210449
    },
    "pitch_salience": {
        "dmean": 0.0520204305649,
        "dmean2": 0.0806734934449,
        "dvar": 0.0026782953646,
        "dvar2": 0.00573972426355,
        "max": 0.848492980003,
        "mean": 0.494019538164,
        "median": 0.491641163826,
        "min": 0.198832139373,
        "stdev": 0.102649718523,
        "var": 0.0105369640514
    },
    "silence_rate_20dB": {
        "dmean": 0,
        "dmean2": 0,
        "dvar": 0,
        "dvar2": 0,
        "max": 1,
        "mean": 1,
        "median": 1,
        "min": 1,
        "stdev": 0,
        "var": 0
    },
    "silence_rate_30dB": {
        "dmean": 0.0185758508742,
        "dmean2": 0.0371804796159,
        "dvar": 0.0182308908552,
        "dvar2": 0.0435436181724,
        "max": 1,
        "mean": 0.982985317707,
        "median": 1,
        "min": 0,
        "stdev": 0.129326567054,
        "var": 0.0167253594846
    },
    "silence_rate_60dB": {
        "dmean": 0.0131578948349,
        "dmean2": 0.0263361725956,
        "dvar": 0.0129851736128,
        "dvar2": 0.0271923970431,
        "max": 1,
        "mean": 0.100541375577,
        "median": 0,
        "min": 0,
        "stdev": 0.30072119832,
        "var": 0.0904332399368
    },
    "spectral_centroid": {
        "dmean": 140.17666626,
        "dmean2": 199.655395508,
        "dvar": 150506.796875,
        "dvar2": 204379.40625,
        "max": 10667.3769531,
        "mean": 639.402832031,
        "median": 448.269042969,
        "min": 146.168716431,
        "stdev": 613.22644043,
        "var": 376046.6875
    },
    "spectral_complexity": {
        "dmean": 2.09984517097,
        "dmean2": 3.24477148056,
        "dvar": 12.5991601944,
        "dvar2": 26.5473976135,
        "max": 60,
        "mean": 11.1724672318,
        "median": 10,
        "min": 0,
        "stdev": 6.59035491943,
        "var": 43.4327774048
    },
    "spectral_decrease": {
        "dmean": 2.32260011224e-09,
        "dmean2": 3.7959018151e-09,
        "dvar": 5.26947732991e-17,
        "dvar2": 1.5118394614e-16,
        "max": 3.54617493383e-30,
        "mean": -8.27013302285e-09,
        "median": -6.89740042858e-09,
        "min": -8.73820908964e-08,
        "stdev": 7.91491583385e-09,
        "var": 6.26458950344e-17
    },
    "spectral_energy": {
        "dmean": 0.00903801247478,
        "dmean2": 0.0147335948423,
        "dvar": 0.000773784762714,
        "dvar2": 0.00221687136218,
        "max": 0.33812224865,
        "mean": 0.0324452146888,
        "median": 0.0269103460014,
        "min": 1.09675691626e-20,
        "stdev": 0.0307698771358,
        "var": 0.000946785323322
    },
    "spectral_energyband_high": {
        "dmean": 0.000280046544503,
        "dmean2": 0.000374251889298,
        "dvar": 8.81848848167e-07,
        "dvar2": 1.52907887241e-06,
        "max": 0.017258843407,
        "mean": 0.000512772065122,
        "median": 4.90053716931e-05,
        "min": 7.98244719971e-21,
        "stdev": 0.00152726506349,
        "var": 2.33253854276e-06
    },
    "spectral_energyband_low": {
        "dmean": 0.00586304673925,
        "dmean2": 0.0103600127622,
        "dvar": 0.000669089436997,
        "dvar2": 0.00196209340356,
        "max": 0.300076574087,
        "mean": 0.015844874084,
        "median": 0.0147056095302,
        "min": 1.56400257267e-22,
        "stdev": 0.0229311436415,
        "var": 0.00052583735669
    },
    "spectral_energyband_middle_high": {
        "dmean": 0.0007239356637,
        "dmean2": 0.00100654584821,
        "dvar": 2.72838633464e-06,
        "dvar2": 4.75133902e-06,
        "max": 0.0408765636384,
        "mean": 0.00258231651969,
        "median": 0.000733706227038,
        "min": 1.3551275278e-21,
        "stdev": 0.00499109784141,
        "var": 2.49110598816e-05
    },
    "spectral_energyband_middle_low": {
        "dmean": 0.0043711354956,
        "dmean2": 0.00656651845202,
        "dvar": 6.82997851982e-05,
        "dvar2": 0.000161930933245,
        "max": 0.105098709464,
        "mean": 0.0152504174039,
        "median": 0.00958277285099,
        "min": 3.89815048335e-22,
        "stdev": 0.0149976313114,
        "var": 0.000224928953685
    },
    "spectral_entropy": {
        "dmean": 0.196439012885,
        "dmean2": 0.259043544531,
        "dvar": 0.0633542463183,
        "dvar2": 0.0886287838221,
        "max": 9.77902889252,
        "mean": 6.70417022705,
        "median": 6.57850551605,
        "min": 5.12622976303,
        "stdev": 0.694826722145,
        "var": 0.482784211636
    },
    "spectral_flux": {
        "dmean": 0.0212570298463,
        "dmean2": 0.0355957299471,
        "dvar": 0.00178176013287,
        "dvar2": 0.00365762435831,
        "max": 0.452635973692,
        "mean": 0.0556407123804,
        "median": 0.0413069538772,
        "min": 1.0472616524e-10,
        "stdev": 0.05561645329,
        "var": 0.00309319002554
    },
    "spectral_kurtosis": {
        "dmean": 5.06888818741,
        "dmean2": 8.19775485992,
        "dvar": 95.2186203003,
        "dvar2": 230.589126587,
        "max": 139.925643921,
        "mean": 14.3369827271,
        "median": 9.12069797516,
        "min": -1.54742956161,
        "stdev": 18.6976947784,
        "var": 349.603790283
    },
    "spectral_rms": {
        "dmean": 0.000613310083281,
        "dmean2": 0.000947963621002,
        "dvar": 1.69511974946e-06,
        "dvar2": 4.54155633633e-06,
        "max": 0.0181624703109,
        "mean": 0.00509807094932,
        "median": 0.005123865325,
        "min": 3.27109585078e-12,
        "stdev": 0.00237982650287,
        "var": 5.66357448406e-06
    },
    "spectral_rolloff": {
        "dmean": 219.347961426,
        "dmean2": 362.310699463,
        "dvar": 949687.6875,
        "dvar2": 1529050.5,
        "max": 19013.8183594,
        "mean": 682.965393066,
        "median": 322.998046875,
        "min": 107.666015625,
        "stdev": 1272.9597168,
        "var": 1620426.375
    },
    "spectral_skewness": {
        "dmean": 0.452091038227,
        "dmean2": 0.686912834644,
        "dvar": 0.386416405439,
        "dvar2": 0.894087910652,
        "max": 8.78475666046,
        "mean": 2.70231246948,
        "median": 2.63075304031,
        "min": -0.0908324792981,
        "stdev": 1.31545996666,
        "var": 1.73043489456
    },
    "spectral_spread": {
        "dmean": 654184.4375,
        "dmean2": 908720,
        "dvar": 1.65130901914e+12,
        "dvar2": 2.45905804493e+12,
        "max": 41324096,
        "mean": 4189850,
        "median": 3808248.5,
        "min": 533448.625,
        "stdev": 2536654.75,
        "var": 6.4346170327e+12
    },
    "spectral_strongpeak": {
        "dmean": 0.257874041796,
        "dmean2": 0.434627622366,
        "dvar": 0.264230102301,
        "dvar2": 0.625578701496,
        "max": 7.0701174736,
        "mean": 0.772875130177,
        "median": 0.480980992317,
        "min": 0,
        "stdev": 0.902664363384,
        "var": 0.814803004265
    },
    "zerocrossingrate": {
        "dmean": 0.00720819504932,
        "dmean2": 0.00793806929141,
        "dvar": 0.000342768122209,
        "dvar2": 0.000333787203999,
        "max": 0.49169921875,
        "mean": 0.0317348837852,
        "median": 0.0234375,
        "min": 0.00341796875,
        "stdev": 0.0325721018016,
        "var": 0.00106094183866
    },
    "barkbands": {
        "dmean": [6.12538860878e-05, 0.00343381334096, 0.00244116294198, 0.00129513838328, 0.00210289563984, 0.00144693243783, 0.000435712630861, 0.000332860974595, 0.00036840714165, 0.000331369403284, 0.000195491695195, 8.97292266018e-05, 7.59610193199e-05, 9.3650414783e-05, 8.07035612524e-05, 7.43955461076e-05, 5.55239166715e-05, 4.95789317938e-05, 7.42482588976e-05, 9.33748597163e-05, 5.59109139431e-05, 6.40239813947e-05, 4.5033684728e-05, 5.38394015166e-05, 5.15911779075e-05, 1.76254288817e-05, 2.28911653721e-06],
        "dmean2": [8.8797074568e-05, 0.006106285844, 0.00415913015604, 0.00219309842214, 0.00321745290421, 0.00204125070013, 0.000693372450769, 0.00048064548173, 0.000494492764119, 0.000451483705547, 0.000260986445937, 0.000124812548165, 0.000116629184049, 0.000132979897899, 0.000114660455438, 0.000123204721604, 8.54376048665e-05, 7.62772251619e-05, 0.000120894539577, 0.000145355370478, 8.94355544006e-05, 9.60722682066e-05, 6.12769654253e-05, 7.36196307116e-05, 7.0150992542e-05, 2.47850512096e-05, 3.59340288014e-06],
        "dvar": [4.65698413166e-08, 0.000269279407803, 6.80894736433e-05, 1.16576584333e-05, 1.89661332115e-05, 1.74767101271e-05, 3.4619527014e-06, 5.08745245043e-07, 2.04740081244e-06, 1.78457116817e-06, 3.11487781346e-07, 7.30869800236e-08, 3.83630087697e-08, 8.81960460219e-08, 1.33817437131e-07, 6.22184401777e-08, 3.2963392016e-08, 3.41516503966e-08, 6.88178118935e-08, 1.03475244373e-07, 3.52632589795e-08, 7.75515118789e-08, 3.28333058519e-08, 4.17555447996e-08, 9.96863178671e-08, 3.76513087375e-09, 7.75847303069e-11],
        "dvar2": [9.86086803323e-08, 0.000787830213085, 0.000202593233553, 3.24944739987e-05, 4.17798473791e-05, 3.49586589437e-05, 8.24642938824e-06, 1.06267918909e-06, 3.49025071955e-06, 2.81628240373e-06, 4.55606567584e-07, 1.12228690341e-07, 8.12450693388e-08, 1.57120709332e-07, 1.80326182431e-07, 1.57081686325e-07, 7.1300959803e-08, 7.54506856993e-08, 1.70698527313e-07, 2.47986406521e-07, 7.71519594878e-08, 1.76176754962e-07, 5.80134198458e-08, 7.46659907236e-08, 2.01646301434e-07, 7.50064010901e-09, 1.91869187205e-10],
        "max": [0.00258659687825, 0.198838144541, 0.10714598, 0.0497178807855, 0.0637532323599, 0.0904036313295, 0.0316142849624, 0.010215613991, 0.0366442538798, 0.0497624203563, 0.0170002020895, 0.00868901610374, 0.00376082304865, 0.0093780439347, 0.0177843179554, 0.00543668447062, 0.00311479461379, 0.00501201860607, 0.00512342574075, 0.00610480364412, 0.00317953526974, 0.00494408840314, 0.00305427587591, 0.00346242287196, 0.0110124722123, 0.00157630478498, 9.52727932599e-05],
        "mean": [6.57425334794e-05, 0.00650428654626, 0.00786239374429, 0.00270526111126, 0.00552817527205, 0.00389977823943, 0.000686197250616, 0.000719096104149, 0.000966385705397, 0.00107251142617, 0.000676489435136, 0.000225618103286, 0.000152155625983, 0.000180992923561, 0.000205957447179, 0.000129431457026, 9.23627230804e-05, 7.41444819141e-05, 0.000108794367407, 0.000145807513036, 8.02275972092e-05, 9.1175257694e-05, 7.38240778446e-05, 9.30207388592e-05, 8.16185201984e-05, 2.17964370677e-05, 2.00519139071e-06],
        "median": [1.46891561599e-05, 0.00322369509377, 0.00769647397101, 0.00200874218717, 0.00279229856096, 0.000769242702518, 0.00019718373369, 0.000349667388946, 8.55013786349e-05, 0.000124733633129, 5.67013303225e-05, 4.47233323939e-05, 3.84969680454e-05, 2.75259935734e-05, 1.86826055142e-05, 2.41861707764e-05, 1.22343271869e-05, 6.78810692989e-06, 9.71456847765e-06, 1.08090680442e-05, 5.18598062627e-06, 2.18439663513e-06, 3.85472594644e-06, 8.68913411978e-06, 7.92454648035e-06, 6.28947361747e-07, 4.60662441526e-08],
        "min": [1.99751287898e-23, 5.67968681489e-23, 2.93480111896e-23, 6.33394659266e-23, 3.46642584259e-23, 6.71235370256e-23, 7.82382306151e-24, 3.77856642764e-23, 1.67058171993e-22, 4.74467080986e-23, 3.60466803643e-23, 8.19790121831e-23, 4.10161033258e-23, 1.84816226141e-22, 1.68257366787e-22, 1.16553050165e-22, 1.84297483832e-22, 2.07406829573e-22, 1.89028112287e-22, 3.14088162723e-22, 4.56532460834e-22, 5.16164842175e-22, 8.42848425116e-22, 9.35530064662e-22, 1.20675180347e-21, 1.72719976909e-21, 2.25929581502e-21],
        "stdev": [0.000240157387452, 0.0141694853082, 0.00840242393315, 0.00348373455927, 0.00726572843269, 0.00805464666337, 0.00200384040363, 0.00112386816181, 0.00323334196582, 0.00433078920469, 0.00209576380439, 0.000750931969378, 0.000357479555532, 0.000546486582607, 0.00127277721185, 0.000310044939397, 0.00028331077192, 0.000236290696193, 0.000329889327986, 0.000411649962189, 0.000262600835413, 0.000394016125938, 0.000271773111308, 0.00030935779796, 0.00041032594163, 8.17519103293e-05, 8.28936663311e-06],
        "var": [5.76755709858e-08, 0.000200774302357, 7.06007267581e-05, 1.21364064398e-05, 5.27908086951e-05, 6.48773275316e-05, 4.01537681682e-06, 1.2630796391e-06, 1.04545006252e-05, 1.87557361642e-05, 4.39222549176e-06, 5.63898822747e-07, 1.27791622617e-07, 2.9864759199e-07, 1.61996183579e-06, 9.61278558975e-08, 8.02649964271e-08, 5.58332899914e-08, 1.08826974099e-07, 1.69455688592e-07, 6.89591956871e-08, 1.5524869923e-07, 7.38606189543e-08, 9.57022550097e-08, 1.68367378706e-07, 6.68337518661e-09, 6.87135973121e-11]
    },
    "erbbands": {
        "dmean": [0.0601139143109, 0.915713071823, 2.59298396111, 3.73880434036, 4.34879970551, 7.488904953, 14.1700849533, 10.1166343689, 6.7124838829, 6.96217107773, 6.2243514061, 8.53050708771, 10.7316761017, 5.55753183365, 7.61827421188, 4.15867042542, 3.39229154587, 3.83715224266, 4.74363040924, 3.73352742195, 3.58510041237, 2.54436135292, 2.7718873024, 3.23296618462, 3.97238826752, 4.60446071625, 2.64285683632, 2.42106318474, 2.44139122963, 1.36430132389, 1.39978718758, 1.07550525665, 0.936482071877, 0.599868953228, 0.349221020937, 0.100568339229, 0.0291130840778, 0.00672680325806, 0.000230278179515, 1.39537896757e-05],
        "dmean2": [0.0959411114454, 1.66378509998, 4.60209751129, 6.27607774734, 7.42126607895, 11.6361169815, 19.8507804871, 14.3843832016, 10.3403434753, 10.8042726517, 8.4159040451, 11.1278142929, 13.8637142181, 6.91623401642, 10.5159082413, 5.70340585709, 4.88531017303, 5.54253911972, 6.4428319931, 5.81720924377, 5.62755918503, 3.95740270615, 4.17943382263, 5.0286231041, 6.64143800735, 7.06353473663, 4.19530773163, 3.72323083878, 3.77296710014, 2.00701880455, 1.86449360847, 1.4474657774, 1.27914583683, 0.784494876862, 0.480103194714, 0.134608834982, 0.0430360138416, 0.0102527402341, 0.000354599469574, 2.08830533666e-05],
        "dvar": [0.0750795677304, 19.7003669739, 107.623550415, 128.987365723, 146.979431152, 270.228149414, 816.567932129, 1743.67687988, 935.014404297, 292.02835083, 218.52381897, 925.307006836, 1934.09521484, 250.62512207, 570.414306641, 156.064071655, 66.9870529175, 125.970283508, 442.293884277, 210.42930603, 103.20677948, 67.892906189, 126.486816406, 166.985168457, 211.714752197, 273.077697754, 71.8408432007, 91.0836029053, 128.405105591, 24.9562416077, 34.1108131409, 18.1309623718, 12.0829849243, 8.24658489227, 5.14376974106, 0.191645354033, 0.0095305563882, 0.000562544679269, 7.48531135741e-07, 1.45774192717e-09],
        "dvar2": [0.180409356952, 59.1697158813, 323.692810059, 366.653839111, 392.404846191, 592.3828125, 1272.72521973, 4085.22460938, 2107.18334961, 684.520141602, 393.452911377, 1687.95336914, 2600.38232422, 379.183563232, 791.050415039, 224.782394409, 127.573829651, 238.125076294, 543.665527344, 429.263946533, 264.024353027, 164.788040161, 293.361022949, 365.4402771, 579.976196289, 656.27947998, 164.761428833, 216.515228271, 327.058685303, 45.8626785278, 61.0236244202, 33.3293266296, 19.3259296417, 14.0890855789, 10.3653564453, 0.32782754302, 0.0214132703841, 0.00131245632656, 1.82712449259e-06, 3.67751162855e-09],
        "max": [3.13012909889, 52.8362579346, 128.411651611, 175.645309448, 177.615661621, 278.896850586, 500.950439453, 1073.97851562, 607.212341309, 207.792068481, 289.130493164, 831.207458496, 1906.94665527, 460.497192383, 720.715393066, 444.083221436, 205.640914917, 256.813995361, 1114.70300293, 319.4402771, 135.916976929, 157.729949951, 293.92388916, 280.886199951, 239.433044434, 345.487976074, 131.382537842, 164.630340576, 211.442565918, 83.9506530762, 106.686851501, 61.6740608215, 80.4618301392, 101.179588318, 76.3886413574, 14.1817474365, 1.978728652, 0.334971100092, 0.00946238264441, 0.000463729928015],
        "mean": [0.102623403072, 1.82746720314, 9.024061203, 8.49963665009, 9.42443561554, 18.6983032227, 44.5275611877, 22.4840049744, 11.592546463, 13.2487039566, 14.8887624741, 24.8373260498, 38.7269439697, 19.5829792023, 24.5509910583, 11.4995269775, 7.71876525879, 7.9682598114, 14.3610620499, 6.61098527908, 6.82252788544, 4.32858467102, 4.40251350403, 4.87827825546, 5.99576807022, 7.0919303894, 4.10690879822, 3.25793266296, 3.27821350098, 2.18771743774, 2.23740315437, 1.81209135056, 1.62916302681, 1.04067564011, 0.500869631767, 0.132385328412, 0.0347484275699, 0.00692803179845, 0.000233010097872, 4.31257758464e-05],
        "median": [0.0409766882658, 1.05786287785, 8.72361469269, 6.79312467575, 6.89142370224, 9.50391483307, 12.1612062454, 5.70803356171, 3.13933706284, 6.47344255447, 6.16280126572, 2.96799564362, 4.2402715683, 2.47704696655, 3.30072832108, 2.80395174026, 2.23713302612, 1.59621846676, 1.26830041409, 1.19936096668, 1.49830925465, 0.644952178001, 0.43799161911, 0.582276403904, 0.465854853392, 0.534248709679, 0.289664685726, 0.169785439968, 0.0757738724351, 0.083648853004, 0.120478413999, 0.137465044856, 0.166374415159, 0.130479574203, 0.0267342384905, 0.00349590997212, 0.00116252782755, 0.000253551697824, 2.33024675254e-05, 3.21486077155e-05],
        "min": [1.7398867729e-21, 1.2450210439e-20, 2.66654126633e-20, 1.83235601727e-19, 5.16837019319e-20, 1.24338804074e-19, 2.95049327438e-19, 7.15961939895e-19, 2.57299389221e-19, 2.24438088423e-19, 1.6352004134e-18, 4.53991875345e-18, 1.36181101709e-18, 2.32271736978e-18, 1.6368384378e-18, 2.88730680855e-18, 2.40349631289e-18, 9.55846158012e-18, 5.86184105346e-18, 8.81576423225e-18, 8.66516607557e-18, 9.32058842419e-18, 8.78220882352e-18, 1.47107636477e-17, 7.66100107197e-18, 1.72506961648e-17, 1.78755583257e-17, 1.65440804353e-17, 2.07703910303e-17, 2.54004600628e-17, 2.20336215571e-17, 1.53756679677e-17, 1.93546813381e-17, 1.30553237791e-17, 9.13492111825e-18, 6.50990893925e-18, 3.46460587742e-18, 1.21765856194e-18, 3.15866128884e-19, 3.25766957366e-20],
        "stdev": [0.30749168992, 3.6172914505, 10.0081682205, 10.8525476456, 13.1518144608, 28.2600841522, 79.9385528564, 59.3817520142, 37.4233779907, 20.9126415253, 27.0210475922, 76.8533477783, 178.695953369, 50.9741477966, 68.747543335, 35.7653007507, 17.2835330963, 20.0280208588, 82.5754013062, 19.6478157043, 13.1477117538, 12.0511379242, 14.263628006, 16.1250801086, 16.3548164368, 20.3231487274, 11.9484643936, 12.9929332733, 14.6213636398, 7.64177560806, 8.63627052307, 6.28275918961, 5.49256896973, 4.21270132065, 2.89722132683, 0.627912461758, 0.116335190833, 0.0246582683176, 0.000843404966872, 4.65014418296e-05],
        "var": [0.0945511311293, 13.0847969055, 100.163421631, 117.777793884, 172.970214844, 798.632324219, 6390.171875, 3526.19262695, 1400.50915527, 437.338562012, 730.136962891, 5906.4375, 31932.2441406, 2598.36376953, 4726.22460938, 1279.15686035, 298.720489502, 401.121612549, 6818.69677734, 386.036651611, 172.862335205, 145.229919434, 203.451080322, 260.018218994, 267.480041504, 413.030395508, 142.765792847, 168.816314697, 213.78427124, 58.3967323303, 74.5851745605, 39.4730644226, 30.1683158875, 17.7468509674, 8.39389133453, 0.394274026155, 0.0135338762775, 0.000608030182775, 7.11331949788e-07, 2.1623840496e-09]
    },
    "gfcc": {
        "mean": [-68.8411636353, 138.041564941, -81.3081741333, 22.3706436157, -53.5585708618, 13.6204891205, -40.2140731812, 4.74870109558, -28.2605400085, -5.87346220016, -10.3953895569, -13.2593517303, -2.8681910038],
        "cov": [[12477.2851562, -3901.11328125, 275.073059082, 1757.16772461, -919.335144043, 703.059204102, -251.375900269, 738.141174316, -574.447509766, 530.742248535, -240.973464966, 318.396697998, -140.74659729], [-3901.11328125, 2481.96679688, -419.880706787, -865.248718262, 552.639953613, -300.860321045, 197.323486328, -328.248413086, 324.631439209, -328.693023682, 195.305053711, -253.621856689, 171.218078613], [275.073059082, -419.880706787, 816.361938477, 381.332977295, -99.8222732544, 236.489959717, -41.314037323, 43.6066703796, 106.238609314, 12.8416805267, -31.3668460846, 74.6106567383, -68.9645843506], [1757.16772461, -865.248718262, 381.332977295, 932.619262695, -127.602676392, 171.76751709, -17.3766803741, 99.9069213867, 158.177734375, 74.0943145752, -89.1307830811, 147.593109131, -73.2374725342], [-919.335144043, 552.639953613, -99.8222732544, -127.602676392, 359.349639893, -98.6851272583, 23.1598892212, -40.5332717896, 154.099731445, -55.1396446228, -19.8990211487, 35.2515945435, 20.5860481262], [703.059204102, -300.860321045, 236.489959717, 171.76751709, -98.6851272583, 330.47454834, 63.4293746948, 56.7403259277, 21.8229122162, 32.8226242065, -37.4529876709, -28.1695976257, -19.8421821594], [-251.375900269, 197.323486328, -41.314037323, -17.3766803741, 23.1598892212, 63.4293746948, 210.235519409, -34.6305847168, 17.6031799316, 4.98930168152, 1.96350741386, -44.1612815857, -6.98119497299], [738.141174316, -328.248413086, 43.6066703796, 99.9069213867, -40.5332717896, 56.7403259277, -34.6305847168, 174.353500366, -34.9878959656, 33.1225166321, -16.831861496, 21.8530750275, -11.5063810349], [-574.447509766, 324.631439209, 106.238609314, 158.177734375, 154.099731445, 21.8229122162, 17.6031799316, -34.9878959656, 298.375976562, -65.9293060303, -28.5832519531, 25.2520465851, -17.377702713], [530.742248535, -328.693023682, 12.8416805267, 74.0943145752, -55.1396446228, 32.8226242065, 4.98930168152, 33.1225166321, -65.9293060303, 137.375930786, -27.9455280304, 45.552772522, -24.1442985535], [-240.973464966, 195.305053711, -31.3668460846, -89.1307830811, -19.8990211487, -37.4529876709, 1.96350741386, -16.831861496, -28.5832519531, -27.9455280304, 120.936317444, -49.99426651, 32.5393180847], [318.396697998, -253.621856689, 74.6106567383, 147.593109131, 35.2515945435, -28.1695976257, -44.1612815857, 21.8530750275, 25.2520465851, 45.552772522, -49.99426651, 166.575546265, -30.9129714966], [-140.74659729, 171.218078613, -68.9645843506, -73.2374725342, 20.5860481262, -19.8421821594, -6.98119497299, -11.5063810349, -17.377702713, -24.1442985535, 32.5393180847, -30.9129714966, 99.2526779175]],
        "icov": [[0.000232573787798, -2.1771318643e-05, 0.000256415136391, -0.000449970539194, 0.000133465335239, -0.000422366778366, 0.000279449363006, -0.000447361089755, 0.000496787310112, -0.000167114500073, 5.60803746339e-05, -0.000165045057656, 4.57112328149e-05], [-2.1771318643e-05, 0.00446978677064, -0.000222879971261, 0.00276638078503, -0.00292741763406, 0.00171134015545, -0.00298816384748, 0.00285640195943, -0.00444235280156, 0.00297181261703, -0.00329424440861, 0.00256012286991, -0.0029623999726], [0.000256415136391, -0.000222879971261, 0.00236022844911, -0.00100643082988, 0.000512606173288, -0.00207266677171, 0.00118210248183, -0.000282854365651, 0.000361712242011, 0.000167478690855, -0.000522831745911, -0.00115870847367, 0.00108970655128], [-0.000449970539194, 0.00276638078503, -0.00100643082988, 0.00466622645035, -0.000657728931401, 0.00171233958099, -0.00265801488422, 0.00173306406941, -0.00539959967136, 0.00150890520308, -0.00168314028997, 0.000400713644922, -0.0020754665602], [0.000133465335239, -0.00292741763406, 0.000512606173288, -0.000657728931401, 0.00752500630915, -0.0001719060092, 0.000990571221337, -0.00275486358441, -0.000358713761671, -0.00168983102776, 0.0032471716404, -0.00376258837059, 0.000554963888135], [-0.000422366778366, 0.00171134015545, -0.00207266677171, 0.00171233958099, -0.0001719060092, 0.00705490354449, -0.00357285514474, 0.000277028681012, -0.00328277470544, 0.000398293021135, 0.000611532130279, 0.00323949195445, -0.00217032944784], [0.000279449363006, -0.00298816384748, 0.00118210248183, -0.00265801488422, 0.000990571221337, -0.00357285514474, 0.00853944942355, -0.000769917853177, 0.00364927994087, -0.00300273206085, 0.00169983727392, -0.000325357483234, 0.00325266248547], [-0.000447361089755, 0.00285640195943, -0.000282854365651, 0.00173306406941, -0.00275486358441, 0.000277028681012, -0.000769917853177, 0.00987643748522, -0.00225761928596, 0.00172049144749, -0.00226942426525, 0.00185285077896, -0.00141767191235], [0.000496787310112, -0.00444235280156, 0.000361712242011, -0.00539959967136, -0.000358713761671, -0.00328277470544, 0.00364927994087, -0.00225761928596, 0.0125192059204, -0.000385515013477, 0.00363536993973, -0.00221672048792, 0.00426386622712], [-0.000167114500073, 0.00297181261703, 0.000167478690855, 0.00150890520308, -0.00168983102776, 0.000398293021135, -0.00300273206085, 0.00172049144749, -0.000385515013477, 0.0129619780928, -0.00125381839462, -0.00113319593947, -0.000571671873331], [5.60803746339e-05, -0.00329424440861, -0.000522831745911, -0.00168314028997, 0.0032471716404, 0.000611532130279, 0.00169983727392, -0.00226942426525, 0.00363536993973, -0.00125381839462, 0.0136411450803, 0.000559572887141, -0.00050407164963], [-0.000165045057656, 0.00256012286991, -0.00115870847367, 0.000400713644922, -0.00376258837059, 0.00323949195445, -0.000325357483234, 0.00185285077896, -0.00221672048792, -0.00113319593947, 0.000559572887141, 0.0120941624045, -0.000620347738732], [4.57112328149e-05, -0.0029623999726, 0.00108970655128, -0.0020754665602, 0.000554963888135, -0.00217032944784, 0.00325266248547, -0.00141767191235, 0.00426386622712, -0.000571671873331, -0.00050407164963, -0.000620347738732, 0.0145711423829]]
    },
    "melbands": {
        "dmean": [0.000766365032177, 0.00125695310999, 0.000630488502793, 0.000360384321539, 0.000480019778479, 0.000232435122598, 9.47127700783e-05, 7.5450327131e-05, 5.218813385e-05, 5.39139509783e-05, 5.34062164661e-05, 2.33998780459e-05, 2.97758651868e-05, 1.15293396448e-05, 1.06711422632e-05, 5.99301938564e-06, 8.02588874649e-06, 8.46507100505e-06, 4.8988808885e-06, 5.71990085518e-06, 4.47838738182e-06, 2.85228657049e-06, 2.63968127001e-06, 2.76561581813e-06, 2.85793839794e-06, 2.88005071525e-06, 3.25226915265e-06, 3.22021855936e-06, 1.84259886282e-06, 1.38715506637e-06, 1.61724835834e-06, 1.66176130278e-06, 9.20210652566e-07, 7.13293218269e-07, 8.43608290779e-07, 7.64946094023e-07, 6.82952304487e-07, 6.97671907801e-07, 6.7080691224e-07, 4.74150908758e-07],
        "dmean2": [0.0013187470613, 0.002264237497, 0.00106903503183, 0.000580448424444, 0.000682625570334, 0.000328147958498, 0.00014741292398, 0.000115785973321, 6.96747592883e-05, 6.92413595971e-05, 6.83571633999e-05, 2.87829898298e-05, 3.970259786e-05, 1.60587878781e-05, 1.49935867739e-05, 8.83200209501e-06, 1.13285777843e-05, 1.15328030006e-05, 7.21774631529e-06, 9.24330470298e-06, 6.9909215199e-06, 4.50290644949e-06, 4.09966469306e-06, 4.31718081018e-06, 4.45747446065e-06, 4.86527824251e-06, 5.3741823649e-06, 4.92280150866e-06, 2.93481616609e-06, 2.31834565056e-06, 2.47656066676e-06, 2.65880908046e-06, 1.37651147725e-06, 1.04618084151e-06, 1.17537990718e-06, 1.05140463802e-06, 1.00210809251e-06, 9.71616486822e-07, 9.60486659096e-07, 5.96495453919e-07],
        "dvar": [1.30795797304e-05, 3.09588249365e-05, 3.0226956369e-06, 7.89307762261e-07, 7.85731003816e-07, 7.01098144873e-07, 1.79275332357e-07, 2.97995494947e-08, 1.56591148937e-08, 3.90786638604e-08, 4.65586431631e-08, 4.66148364353e-09, 8.57005488797e-09, 8.6464707616e-10, 7.91298249148e-10, 2.1613510981e-10, 5.62400404025e-10, 1.22680343662e-09, 2.9803329249e-10, 4.0294734216e-10, 1.81309703362e-10, 9.27753637803e-11, 8.23103044056e-11, 1.56656798644e-10, 1.6899098787e-10, 1.37606495643e-10, 1.4109234614e-10, 1.59365867725e-10, 3.60629685836e-11, 2.14697530587e-11, 5.29383169245e-11, 6.67706723245e-11, 1.21380457768e-11, 7.31100423257e-12, 1.30247392732e-11, 9.97691339266e-12, 7.17018675336e-12, 6.48292140457e-12, 9.7761286913e-12, 4.64844785927e-12],
        "dvar2": [3.70120906155e-05, 9.28498775465e-05, 8.54939298733e-06, 1.97913504962e-06, 1.25203257539e-06, 1.54065367042e-06, 4.14299961449e-07, 6.92780872669e-08, 2.83222671982e-08, 6.48072457921e-08, 6.12405344214e-08, 7.1349655073e-09, 1.19619452121e-08, 1.50336676441e-09, 1.39710110147e-09, 4.2330827732e-10, 1.02303954197e-09, 1.54973833766e-09, 5.67993374556e-10, 9.25044763012e-10, 4.3610609568e-10, 2.24238155822e-10, 1.62677482596e-10, 4.05279226845e-10, 3.86670861996e-10, 3.73097303052e-10, 3.73258646214e-10, 3.8710262773e-10, 8.22646048504e-11, 5.35425211112e-11, 1.28787258635e-10, 1.73776548706e-10, 2.44261780941e-11, 1.44090390661e-11, 2.55163216945e-11, 1.7807274752e-11, 1.4758704675e-11, 1.18201368832e-11, 2.13940497262e-11, 6.55334033567e-12],
        "max": [0.0431306995451, 0.0644464716315, 0.0243649426848, 0.0128906955943, 0.0142582161352, 0.0214243531227, 0.00782211683691, 0.00208486686461, 0.00241343374364, 0.00623567355797, 0.00951612275094, 0.00214462308213, 0.00282530859113, 0.00094164517941, 0.00062220566906, 0.000394960807171, 0.000517402077094, 0.00170155358501, 0.000579668558203, 0.000473652529763, 0.000176871122676, 0.000161621865118, 0.000184793912922, 0.000325674773194, 0.000273747951724, 0.000284781126538, 0.000134202040499, 0.000290301133646, 8.86530178832e-05, 6.83405378368e-05, 0.000137842449476, 0.000144103149069, 6.92419416737e-05, 4.23217134085e-05, 6.36602781015e-05, 4.91189894092e-05, 3.74565715902e-05, 4.99673406011e-05, 9.58574746619e-05, 7.84337607911e-05],
        "mean": [0.00132952164859, 0.00381712871604, 0.00154445925727, 0.000901083752979, 0.00148644880392, 0.000548827636521, 0.000160969022545, 0.00014695864229, 0.000133754117996, 0.000148811450345, 0.00018838304095, 7.2098824603e-05, 9.95638547465e-05, 2.93550492643e-05, 2.4606119041e-05, 1.12653278848e-05, 1.53595447046e-05, 2.45169339905e-05, 9.30571150093e-06, 9.95651043922e-06, 7.50901926949e-06, 4.41132169726e-06, 4.40657413492e-06, 3.83574297302e-06, 3.90611876355e-06, 4.02054411097e-06, 4.90420279675e-06, 4.59922830487e-06, 2.87812736133e-06, 1.7120511302e-06, 2.03081071959e-06, 2.08687697523e-06, 1.36286701036e-06, 1.11260419544e-06, 1.27329076349e-06, 1.21342770854e-06, 1.0831201962e-06, 1.14318049782e-06, 1.08225219719e-06, 8.13725705484e-07],
        "median": [0.00069924100535, 0.00365192303434, 0.0012602013303, 0.00056045060046, 0.000483757961774, 0.000123444129713, 4.10296051996e-05, 7.44871722418e-05, 4.28849016316e-05, 1.54395202117e-05, 1.68992864928e-05, 7.87809312897e-06, 9.22941489989e-06, 7.60655029808e-06, 6.12878102402e-06, 3.66770746041e-06, 2.79930918623e-06, 1.8858521571e-06, 1.24301800497e-06, 1.82234168733e-06, 1.66057998285e-06, 6.05998081937e-07, 3.8873403696e-07, 3.53771042683e-07, 4.11973331893e-07, 3.14289366088e-07, 3.11965123956e-07, 3.30264867898e-07, 1.45692879983e-07, 1.03532933338e-07, 7.10494560963e-08, 3.84091372041e-08, 4.32744720058e-08, 4.04839397561e-08, 6.43957065449e-08, 7.08577232444e-08, 8.37411917587e-08, 1.06065300542e-07, 1.30674834509e-07, 9.20935150361e-08],
        "min": [1.77801564532e-23, 1.78219960579e-23, 2.41161910029e-23, 4.59553484134e-24, 9.9056932547e-24, 1.4471779524e-23, 3.97842946557e-24, 2.47891788907e-24, 1.78081846811e-23, 2.66326194252e-23, 5.175235194e-24, 8.99792497865e-24, 4.57046326405e-24, 9.16572515953e-24, 4.62899871537e-24, 8.0821884186e-24, 1.86112009064e-23, 7.62588602747e-24, 1.43877547936e-23, 7.77558027285e-24, 1.13982961846e-23, 9.86629832996e-24, 7.35602696699e-24, 1.03281487798e-23, 1.25525322176e-23, 5.6775979901e-24, 5.92389259205e-24, 1.28463095407e-23, 1.1270307447e-23, 1.12749885477e-23, 8.62137484732e-24, 1.06443510519e-23, 1.21656495861e-23, 1.52923936584e-23, 1.26746052872e-23, 9.37168254238e-24, 8.91270196848e-24, 1.51287902175e-23, 1.07068477683e-23, 1.06280263643e-23],
        "stdev": [0.00333313620649, 0.00487638032064, 0.00176175427623, 0.00117142987438, 0.00236684386618, 0.00132951163687, 0.000510882702656, 0.000220996502321, 0.000273697689408, 0.000475003529573, 0.000880831619725, 0.0002133660455, 0.000314826320391, 8.20813438622e-05, 5.98267433816e-05, 2.45698847721e-05, 4.17482624471e-05, 0.000134091882501, 4.16146285716e-05, 2.67159066425e-05, 1.60110867e-05, 1.25806691358e-05, 1.56798578246e-05, 1.30967846417e-05, 1.47685468619e-05, 1.34061219796e-05, 1.35550499181e-05, 1.44581772474e-05, 8.59153078636e-06, 5.59399995836e-06, 9.37435470405e-06, 9.99394342216e-06, 5.25119503436e-06, 3.87429781767e-06, 5.01979411638e-06, 4.66217625217e-06, 3.70545421902e-06, 3.80987899007e-06, 4.12718418374e-06, 3.37980191034e-06],
        "var": [1.11097970148e-05, 2.37790845858e-05, 3.10377799906e-06, 1.37224799346e-06, 5.6019503063e-06, 1.76760113391e-06, 2.61001162016e-07, 4.88394569231e-08, 7.49104245301e-08, 2.256283409e-07, 7.75864350544e-07, 4.55250663833e-08, 9.91156170471e-08, 6.73734668055e-09, 3.5792391273e-09, 6.03679273237e-10, 1.74291736599e-09, 1.79806320943e-08, 1.73177727714e-09, 7.1373962296e-10, 2.56354881767e-10, 1.58273241735e-10, 2.45857917358e-10, 1.71525779691e-10, 2.18109974526e-10, 1.79724096716e-10, 1.83739384818e-10, 2.09038897303e-10, 7.38144059764e-11, 3.12928363777e-11, 8.78785239022e-11, 9.98789106976e-11, 2.75750516171e-11, 1.50101840679e-11, 2.51983312688e-11, 2.17358873955e-11, 1.37303909561e-11, 1.4515178122e-11, 1.70336505317e-11, 1.14230604142e-11]
    },
    "melbands128": {
