{
"lowlevel": {
    "average_loudness": 0.968528330326,
    "barkbands_crest": {
        "dmean": 3.28446245193,
        "dmean2": 4.77107191086,
        "dvar": 8.45961666107,
        "dvar2": 17.637298584,
        "max": 25.8683452606,
        "mean": 12.4064531326,
        "median": 11.246088028,
        "min": 3.06437730789,
        "stdev": 5.46335029602,
        "var": 29.8481941223
    },
    "barkbands_flatness_db": {
        "dmean": 0.0314092002809,
        "dmean2": 0.0459494553506,
        "dvar": 0.00104289280716,
        "dvar2": 0.00233244034462,
        "max": 0.421167254448,
        "mean": 0.15596228838,
        "median": 0.149608269334,
        "min": 0.0300061628222,
        "stdev": 0.0561623685062,
        "var": 0.00315421167761
    },
    "barkbands_kurtosis": {
        "dmean": 5.85192394257,
        "dmean2": 8.77042102814,
        "dvar": 162.717544556,
        "dvar2": 383.672424316,
        "max": 300.95791626,
        "mean": 8.73989105225,
        "median": 4.76431512833,
        "min": -1.90470767021,
        "stdev": 15.1250677109,
        "var": 228.767684937
    },
    "barkbands_skewness": {
        "dmean": 0.748397052288,
        "dmean2": 1.07633137703,
        "dvar": 0.75570577383,
        "dvar2": 1.55715668201,
        "max": 14.2505578995,
        "mean": 2.17669248581,
        "median": 1.91885876656,
        "min": -1.77832257748,
        "stdev": 1.44153726101,
        "var": 2.07802963257
    },
    "barkbands_spread": {
        "dmean": 6.56418704987,
        "dmean2": 9.98416423798,
        "dvar": 78.0505599976,
        "dvar2": 166.038574219,
        "max": 108.455337524,
        "mean": 19.1321430206,
        "median": 16.5734634399,
        "min": 0.615168452263,
        "stdev": 14.0466156006,
        "var": 197.307418823
    },
    "dissonance": {
        "dmean": 0.0273610185832,
        "dmean2": 0.0447837486863,
        "dvar": 0.000894491677172,
        "dvar2": 0.0021901614964,
        "max": 0.499984383583,
        "mean": 0.446437895298,
        "median": 0.455056130886,
        "min": 0.00637133885175,
        "stdev": 0.0397976785898,
        "var": 0.0015838551335
    },
    "dynamic_complexity": 1.58027720451,
    "erbbands_crest": {
        "dmean": 2.87534785271,
        "dmean2": 4.52163553238,
        "dvar": 6.62370729446,
        "dvar2": 15.5899496078,
        "max": 27.3205699921,
        "mean": 9.87912368774,
        "median": 9.27384185791,
        "min": 2.5401930809,
        "stdev": 4.26825332642,
        "var": 18.2179870605
    },
    "erbbands_flatness_db": {
        "dmean": 0.0193811841309,
        "dmean2": 0.0278861522675,
        "dvar": 0.000371694943169,
        "dvar2": 0.000719898729585,
        "max": 0.271179884672,
        "mean": 0.147779852152,
        "median": 0.14460529387,
        "min": 0.0594446621835,
        "stdev": 0.0405184552073,
        "var": 0.00164174521342
    },
    "erbbands_kurtosis": {
        "dmean": 1.49888086319,
        "dmean2": 2.27388691902,
        "dvar": 4.08077144623,
        "dvar2": 9.56928634644,
        "max": 38.5774993896,
        "mean": 1.70514249802,
        "median": 0.858913421631,
        "min": -1.84851670265,
        "stdev": 3.2500576973,
        "var": 10.562874794
    },
    "erbbands_skewness": {
        "dmean": 0.451618880033,
        "dmean2": 0.685376703739,
        "dvar": 0.186784014106,
        "dvar2": 0.442818760872,
        "max": 5.22622966766,
        "mean": 0.790426433086,
        "median": 0.771804094315,
        "min": -1.41397511959,
        "stdev": 0.836188673973,
        "var": 0.699211478233
    },
    "erbbands_spread": {
        "dmean": 10.4570999146,
        "dmean2": 14.9220457077,
        "dvar": 130.425140381,
        "dvar2": 256.220031738,
        "max": 159.747055054,
        "mean": 40.2336578369,
        "median": 34.8644332886,
        "min": 5.47839975357,
        "stdev": 23.5299549103,
        "var": 553.658813477
    },
    "hfc": {
        "dmean": 8.74178886414,
        "dmean2": 13.5398645401,
        "dvar": 189.591888428,
        "dvar2": 481.926361084,
        "max": 125.91292572,
        "mean": 21.9391670227,
        "median": 17.9876194,
        "min": 1.12375927287e-16,
        "stdev": 17.1719207764,
        "var": 294.874847412
    },
    "loudness_ebu128": {
        "integrated": -7.26716566086,
        "loudness_range": 2.89450788498,
        "momentary": {
            "dmean": 0.659331381321,
            "dmean2": 1.03232300282,
            "dvar": 0.39572802186,
            "dvar2": 0.829001605511,
            "max": -4.46446323395,
            "mean": -7.51453065872,
            "median": -7.76507568359,
            "min": -11.0984277725,
            "stdev": 1.47916829586,
            "var": 2.18793869019
        },
        "short_term": {
            "dmean": 0.0898854881525,
            "dmean2": 0.1283749789,
            "dvar": 0.00565360207111,
            "dvar2": 0.0110635804012,
            "max": -5.42447519302,
            "mean": -7.48159217834,
            "median": -8.22776508331,
            "min": -8.78542137146,
            "stdev": 1.19725108147,
            "var": 1.43341016769
        }
    },
    "melbands_crest": {
        "dmean": 3.72673892975,
        "dmean2": 5.7024064064,
        "dvar": 11.4739208221,
        "dvar2": 24.2344722748,
        "max": 34.6962623596,
        "mean": 16.4315891266,
        "median": 14.9966030121,
        "min": 2.07365131378,
        "stdev": 7.05699920654,
        "var": 49.8012390137
    },
    "melbands_flatness_db": {
        "dmean": 0.0376858152449,
        "dmean2": 0.0548514276743,
        "dvar": 0.00166330789216,
        "dvar2": 0.00373895838857,
        "max": 0.544053256512,
        "mean": 0.234850436449,
        "median": 0.229174420238,
        "min": 0.0054239789024,
        "stdev": 0.0690178647637,
        "var": 0.00476346584037
    },
    "melbands_kurtosis": {
        "dmean": 12.3946228027,
        "dmean2": 18.4224643707,
        "dvar": 555.917175293,
        "dvar2": 1314.52392578,
        "max": 455.124938965,
        "mean": 21.915895462,
        "median": 12.4553966522,
        "min": -1.22972249985,
        "stdev": 28.6683616638,
        "var": 821.875
    },
    "melbands_skewness": {
        "dmean": 0.990580439568,
        "dmean2": 1.41128706932,
        "dvar": 1.27030241489,
        "dvar2": 2.4413189888,
        "max": 15.6567668915,
        "mean": 3.22401952744,
        "median": 2.72937631607,
        "min": -0.195519655943,
        "stdev": 2.03252887726,
        "var": 4.13117361069
    },
    "melbands_spread": {
        "dmean": 6.39329338074,
        "dmean2": 9.96011924744,
        "dvar": 87.9762649536,
        "dvar2": 203.727966309,
        "max": 135.303710938,
        "mean": 16.6620101929,
        "median": 13.8710126877,
        "min": 0.573350310326,
        "stdev": 12.8522024155,
        "var": 165.179107666
    },
    "pitch_salience": {
        "dmean": 0.0894901156425,
        "dmean2": 0.134187459946,
        "dvar": 0.00758890854195,
        "dvar2": 0.0162937399,
        "max": 0.946775078773,
        "mean": 0.499173790216,
        "median": 0.517937421799,
        "min": 0.0772360563278,
        "stdev": 0.159745171666,
        "var": 0.0255185198039
    },
    "silence_rate_20dB": {
        "dmean": 0,
        "dmean2": 0,
        "dvar": 0,
        "dvar2": 0,
        "max": 1,
        "mean": 1,
        "median": 1,
        "min": 1,
        "stdev": 0,
        "var": 0
    },
    "silence_rate_30dB": {
        "dmean": 0.0820433422923,
        "dmean2": 0.16421379149,
        "dvar": 0.0753120854497,
        "dvar2": 0.141895100474,
        "max": 1,
        "mean": 0.897138416767,
        "median": 1,
        "min": 0,
        "stdev": 0.303779423237,
        "var": 0.0922819375992
    },
    "silence_rate_60dB": {
        "dmean": 0.0030959751457,
        "dmean2": 0.00542215351015,
        "dvar": 0.00308637158014,
        "dvar2": 0.00694199604914,
        "max": 1,
        "mean": 0.00309358071536,
        "median": 0,
        "min": 0,
        "stdev": 0.0555335693061,
        "var": 0.0030839771498
    },
    "spectral_centroid": {
        "dmean": 286.325805664,
        "dmean2": 428.571014404,
        "dvar": 169714.421875,
        "dvar2": 337826.84375,
        "max": 10775.0371094,
        "mean": 1034.58557129,
        "median": 910.580383301,
        "min": 174.094161987,
        "stdev": 613.579406738,
        "var": 376479.6875
    },
    "spectral_complexity": {
        "dmean": 4.45975255966,
        "dmean2": 6.97521305084,
        "dvar": 32.1431846619,
        "dvar2": 68.6995315552,
        "max": 55,
        "mean": 16.5498847961,
        "median": 15,
        "min": 0,
        "stdev": 8.05875015259,
        "var": 64.9434585571
    },
    "spectral_decrease": {
        "dmean": 4.568108114e-09,
        "dmean2": 6.52239950938e-09,
        "dvar": 5.34974528219e-17,
        "dvar2": 9.90488630958e-17,
        "max": -4.71168980781e-29,
        "mean": -1.14763407666e-08,
        "median": -7.81067921451e-09,
        "min": -5.91743365419e-08,
        "stdev": 1.07294511054e-08,
        "var": 1.15121121364e-16
    },
    "spectral_energy": {
        "dmean": 0.0176423713565,
        "dmean2": 0.0250965859741,
        "dvar": 0.000779993482865,
        "dvar2": 0.00144703732803,
        "max": 0.225902810693,
        "mean": 0.0453043021262,
        "median": 0.0312158055604,
        "min": 1.03706565686e-20,
        "stdev": 0.041198708117,
        "var": 0.00169733352959
    },
    "spectral_energyband_high": {
        "dmean": 0.000553692807443,
        "dmean2": 0.000850554613862,
        "dvar": 1.18420030049e-06,
        "dvar2": 2.8851152365e-06,
        "max": 0.0138949593529,
        "mean": 0.000992661924101,
        "median": 0.000499262590893,
        "min": 7.34270377525e-21,
        "stdev": 0.0014065298019,
        "var": 1.97832605409e-06
    },
    "spectral_energyband_low": {
        "dmean": 0.0138576999307,
        "dmean2": 0.0198731292039,
        "dvar": 0.000722555967513,
        "dvar2": 0.00127362157218,
        "max": 0.207935228944,
        "mean": 0.0260727722198,
        "median": 0.00873697549105,
        "min": 1.08169919988e-22,
        "stdev": 0.0390056744218,
        "var": 0.00152144266758
    },
    "spectral_energyband_middle_high": {
        "dmean": 0.0023599001579,
        "dmean2": 0.00384120433591,
        "dvar": 1.47080345414e-05,
        "dvar2": 3.82069956686e-05,
        "max": 0.0305410791188,
        "mean": 0.00510003650561,
        "median": 0.00303676538169,
        "min": 1.6225899973e-21,
        "stdev": 0.00520068360493,
        "var": 2.70471118711e-05
    },
    "spectral_energyband_middle_low": {
        "dmean": 0.00820871815085,
        "dmean2": 0.0136444261298,
        "dvar": 0.000223219001782,
        "dvar2": 0.000628310372122,
        "max": 0.117308281362,
        "mean": 0.0148082207888,
        "median": 0.0114618232474,
        "min": 3.36771435223e-22,
        "stdev": 0.0136228967458,
        "var": 0.000185583325219
    },
    "spectral_entropy": {
        "dmean": 0.264638841152,
        "dmean2": 0.384931087494,
        "dvar": 0.074709109962,
        "dvar2": 0.167467266321,
        "max": 9.80923175812,
        "mean": 7.42410373688,
        "median": 7.43448543549,
        "min": 5.81520795822,
        "stdev": 0.529834032059,
        "var": 0.280724108219
    },
    "spectral_flux": {
        "dmean": 0.0448442697525,
        "dmean2": 0.0678650811315,
        "dvar": 0.0032861919608,
        "dvar2": 0.00511117558926,
        "max": 0.45483699441,
        "mean": 0.113255083561,
        "median": 0.0872415974736,
        "min": 1.0183642124e-10,
        "stdev": 0.0835501402617,
        "var": 0.00698062591255
    },
    "spectral_kurtosis": {
        "dmean": 1.83031868935,
        "dmean2": 2.81442642212,
        "dvar": 6.89538860321,
        "dvar2": 15.3516302109,
        "max": 47.8454246521,
        "mean": 4.65915060043,
        "median": 3.71008634567,
        "min": -1.29993021488,
        "stdev": 4.13960266113,
        "var": 17.13630867
    },
    "spectral_rms": {
        "dmean": 0.001187332673,
        "dmean2": 0.00166275980882,
        "dvar": 2.30486125474e-06,
        "dvar2": 4.13554562328e-06,
        "max": 0.0148456385359,
        "mean": 0.00612206105143,
        "median": 0.00551855470985,
        "min": 3.1808353694e-12,
        "stdev": 0.00259225256741,
        "var": 6.71977386446e-06
    },
    "spectral_rolloff": {
        "dmean": 519.946960449,
        "dmean2": 889.918945312,
        "dvar": 1582710.125,
        "dvar2": 3317780.5,
        "max": 18755.4199219,
        "mean": 1036.92431641,
        "median": 689.0625,
        "min": 64.599609375,
        "stdev": 1514.04675293,
        "var": 2292337.5
    },
    "spectral_skewness": {
        "dmean": 0.296387463808,
        "dmean2": 0.430555313826,
        "dvar": 0.0917969197035,
        "dvar2": 0.195324495435,
        "max": 4.5541472435,
        "mean": 1.80000388622,
        "median": 1.77591669559,
        "min": 0.0423763245344,
        "stdev": 0.628579676151,
        "var": 0.395112395287
    },
    "spectral_spread": {
        "dmean": 868133.625,
        "dmean2": 1237823.125,
        "dvar": 1.53504107725e+12,
        "dvar2": 2.41401541427e+12,
        "max": 40600180,
        "mean": 5737641.5,
        "median": 5492451.5,
        "min": 1279362.25,
        "stdev": 2342309.25,
        "var": 5.48641282458e+12
    },
    "spectral_strongpeak": {
        "dmean": 0.52546864748,
        "dmean2": 0.883987903595,
        "dvar": 0.757547974586,
        "dvar2": 2.04284882545,
        "max": 8.78321170807,
        "mean": 0.903756856918,
        "median": 0.57304662466,
        "min": 0,
        "stdev": 0.970422148705,
        "var": 0.94171911478
    },
    "zerocrossingrate": {
        "dmean": 0.0122024957091,
        "dmean2": 0.0141136348248,
        "dvar": 0.000383864186006,
        "dvar2": 0.000447687751148,
        "max": 0.490234375,
        "mean": 0.0509383454919,
        "median": 0.04443359375,
        "min": 0.00341796875,
        "stdev": 0.0350605659187,
        "var": 0.00122924335301
    },
    "barkbands": {
        "dmean": [0.00067977438448, 0.0121356109157, 0.00581586221233, 0.00342427869327, 0.00325248274021, 0.00128840317484, 0.00145815894939, 0.000908182701096, 0.000770750106312, 0.000916877412237, 0.00042979902355, 0.000387502193917, 0.000269605894573, 0.000423916440923, 0.000259046937572, 0.000253378617344, 0.000272733595921, 0.000205648117117, 0.000145911093568, 0.000134262751089, 0.000104327380541, 8.21413050289e-05, 0.000116838462418, 0.000129183055833, 8.90861265361e-05, 5.08273260493e-05, 2.72199554274e-06],
        "dmean2": [0.00110102794133, 0.0175583492965, 0.0106151215732, 0.00641079898924, 0.00529110059142, 0.00195359205827, 0.00221845763735, 0.00139947037678, 0.001169731142, 0.00144046638161, 0.000654919072986, 0.000593123841099, 0.000454102962976, 0.000689728767611, 0.000431788008427, 0.000438956078142, 0.000470734405098, 0.000365870073438, 0.000243937407504, 0.000223335839109, 0.000175506909727, 0.000132583038067, 0.000180692033609, 0.000200417780434, 0.000130039916257, 7.68707905081e-05, 4.69805490866e-06],
        "dvar": [1.41136661114e-06, 0.000551473058295, 0.000316017161822, 0.000113794762001, 2.10300295294e-05, 3.8389744077e-06, 6.70404551784e-06, 3.09263577947e-06, 2.0485974801e-06, 3.05913181364e-06, 7.17955003893e-07, 6.07600782132e-07, 4.08163657539e-07, 9.81940502243e-07, 2.15396639192e-07, 3.31264885745e-07, 5.321229537e-07, 3.85762120914e-07, 1.01080530612e-07, 1.34978833444e-07, 7.79954589802e-08, 3.70385002668e-08, 5.86649981926e-08, 6.37407708837e-08, 3.83430673878e-08, 2.12093915763e-08, 1.08899382567e-10],
        "dvar2": [3.67328584616e-06, 0.00107248825952, 0.000891847827006, 0.000329820177285, 5.60005100851e-05, 8.65742822498e-06, 1.61004190886e-05, 6.3903676164e-06, 4.91858600071e-06, 7.06034552422e-06, 1.57981151006e-06, 1.17551064704e-06, 1.12994212031e-06, 2.46983609031e-06, 5.41052941117e-07, 9.20654372294e-07, 1.407816967e-06, 1.10652786134e-06, 2.73923888017e-07, 3.49812381728e-07, 2.1489849189e-07, 8.52038439803e-08, 1.41786429708e-07, 1.41908884643e-07, 7.74025252781e-08, 4.89712590479e-08, 2.96821178747e-10],
        "max": [0.0153136085719, 0.185380578041, 0.126039296389, 0.0794565826654, 0.0395410656929, 0.0258018504828, 0.034509357065, 0.0269908625633, 0.0179517474025, 0.0214947592467, 0.0153008326888, 0.014187396504, 0.0105667598546, 0.0184291880578, 0.00396254751831, 0.00530677847564, 0.00779962306842, 0.00598211213946, 0.00358654651791, 0.00539592979476, 0.00300644640811, 0.00262168096378, 0.0035685619805, 0.00371679989621, 0.00403572339565, 0.00303834513761, 0.000216573273065],
        "mean": [0.00091842119582, 0.0193189159036, 0.00440048705786, 0.00260073971003, 0.00478944787756, 0.00215935520828, 0.00211326265708, 0.00138329237234, 0.00131263339426, 0.00155226117931, 0.000783056893852, 0.000630342052318, 0.000320858060149, 0.000670441077091, 0.00032755616121, 0.000265164038865, 0.000286869355477, 0.000215615335037, 0.000194860913325, 0.000186093166121, 0.00012952144607, 0.000109546177555, 0.000182952557225, 0.00023446547857, 0.000141806565807, 7.40118703106e-05, 2.37867470787e-06],
        "median": [0.000246381328907, 0.00463441479951, 0.000831856625155, 0.000720137031749, 0.00263973767869, 0.00118025369011, 0.000807854637969, 0.000522991351318, 0.000417683826527, 0.000547175004613, 0.000281650107354, 0.000205793621717, 0.000119889387861, 0.000194348991499, 0.000115020222438, 8.02840440883e-05, 7.05013080733e-05, 5.59153559152e-05, 8.75218247529e-05, 5.29246390215e-05, 2.67075593001e-05, 2.10023335967e-05, 9.04907574295e-05, 0.00011454270134, 4.50812949566e-05, 2.30477544392e-05, 2.30987339478e-07],
        "min": [2.21036774605e-24, 4.00069798341e-23, 2.66670863359e-23, 5.95205776627e-23, 4.38378430066e-23, 4.44745389541e-23, 6.07005242503e-23, 5.93416135223e-23, 4.62513250808e-23, 3.50412708297e-23, 3.05776938795e-23, 3.19535966714e-23, 1.1977687856e-22, 1.05419389204e-22, 2.69708438539e-22, 1.84065647078e-22, 1.72871357423e-22, 2.74031926414e-22, 3.0380939348e-22, 3.31182967865e-22, 4.20138154712e-22, 4.80924090511e-22, 7.59759738075e-22, 8.59583433956e-22, 9.50111950235e-22, 1.71003819476e-21, 2.13343794222e-21],
        "stdev": [0.00145273364615, 0.0317740030587, 0.0138899972662, 0.00795810762793, 0.00577227864414, 0.00273517146707, 0.00336420303211, 0.00259413290769, 0.00217435811646, 0.00256908638403, 0.00140772922896, 0.00129477004521, 0.000655844807625, 0.00153273227625, 0.000540663662832, 0.000518466345966, 0.000735235633329, 0.000535453727935, 0.000303874432575, 0.000402839621529, 0.000284640089376, 0.000239912144025, 0.000289807881927, 0.000348571047653, 0.00029399903724, 0.000175350927748, 9.97746428766e-06],
        "var": [2.11043493437e-06, 0.0010095871985, 0.000192932027858, 6.33314703009e-05, 3.33192001563e-05, 7.48116235627e-06, 1.13178621177e-05, 6.72952501191e-06, 4.72783312944e-06, 6.6002053245e-06, 1.98170164367e-06, 1.67642940596e-06, 4.30132388374e-07, 2.34926824305e-06, 2.92317224648e-07, 2.6880732662e-07, 5.40571420515e-07, 2.86710701403e-07, 9.23396754615e-08, 1.62279761184e-07, 8.1019983611e-08, 5.75578340545e-08, 8.39886098447e-08, 1.21501784633e-07, 8.64354348096e-08, 3.07479481876e-08, 9.95497989598e-11]
    },
    "erbbands": {
        "dmean": [0.31612944603, 3.04653191566, 6.47036361694, 9.94042205811, 10.4923639297, 11.3035755157, 10.5414485931, 11.0678024292, 22.7262535095, 15.759979248, 18.9052352905, 15.0331201553, 26.1424446106, 18.7274169922, 14.1115989685, 14.8152151108, 13.0491275787, 14.997633934, 17.9695529938, 14.0033349991, 12.7420911789, 15.0475540161, 12.7277669907, 7.8681769371, 6.52030992508, 6.18655633926, 5.14797115326, 3.43800783157, 2.94287848473, 2.98739361763, 3.62186741829, 2.73125624657, 2.21958136559, 1.16891050339, 0.588589727879, 0.299086600542, 0.0774218961596, 0.0106440689415, 0.000283463858068, 2.52950667345e-05],
        "dmean2": [0.40676087141, 4.64073801041, 10.6925477982, 18.5154666901, 18.6636047363, 18.2597408295, 15.8756971359, 16.6063175201, 34.6902236938, 24.0131187439, 29.5670967102, 22.9768619537, 40.7075576782, 28.3988246918, 22.6615562439, 22.5826454163, 21.4226474762, 24.8371086121, 29.6209754944, 23.4656715393, 22.2081317902, 25.6662712097, 22.837846756, 13.3475351334, 10.8998203278, 10.2110691071, 8.71764087677, 5.65050125122, 4.78919458389, 4.76540613174, 5.66484689713, 4.20930290222, 3.47722935677, 1.73945784569, 0.883262395859, 0.446726560593, 0.120437599719, 0.0173702035099, 0.000459161121398, 3.60398626071e-05],
        "dvar": [0.246060401201, 42.235786438, 308.376525879, 956.794189453, 499.476959229, 289.608154297, 256.256408691, 337.151428223, 1876.38500977, 708.97845459, 1317.55053711, 747.229797363, 2477.18896484, 902.807373047, 1122.56506348, 774.977294922, 908.115722656, 699.88092041, 1685.41870117, 664.519226074, 850.910583496, 1743.94665527, 1687.91442871, 249.386978149, 276.810302734, 272.740478516, 187.740905762, 80.8547897339, 49.0640830994, 41.9151611328, 55.9539413452, 27.057094574, 19.3674621582, 5.13605928421, 2.4561355114, 0.778339624405, 0.0465082041919, 0.00102019461337, 7.48238448978e-07, 1.4092640388e-09],
        "dvar2": [0.3592197299, 86.1572418213, 806.954223633, 2765.43676758, 1432.18469238, 766.784545898, 568.051818848, 763.647705078, 4439.19384766, 1539.57580566, 2825.89038086, 1852.34082031, 5661.43652344, 1878.43225098, 2709.82885742, 1479.50585938, 2470.20019531, 1774.72155762, 4283.43896484, 1657.49401855, 2390.41894531, 4512.50830078, 4868.08544922, 664.773132324, 770.46697998, 673.977172852, 522.788330078, 219.692382812, 117.489509583, 92.8659133911, 136.495437622, 57.8742790222, 45.7637748718, 11.4072351456, 5.09682559967, 1.71059715748, 0.113715879619, 0.00254987552762, 1.89060858702e-06, 2.92985680161e-09],
        "max": [4.7348151207, 47.805721283, 134.090713501, 191.8853302, 161.386322021, 223.127182007, 205.571777344, 261.403564453, 635.341308594, 301.669036865, 672.43157959, 431.47164917, 544.448547363, 382.091308594, 739.447998047, 648.239135742, 541.022827148, 321.42086792, 722.763122559, 224.856781006, 270.133789062, 522.831970215, 400.649475098, 136.591125488, 219.450042725, 294.276519775, 144.687210083, 95.1244888306, 82.1111526489, 95.837928772, 101.53894043, 74.4925613403, 56.9843292236, 44.8644943237, 28.4042377472, 19.0455932617, 3.73530578613, 0.397046267986, 0.0133950607851, 0.000428475264926],
        "mean": [0.574575483799, 4.15210151672, 5.98563718796, 7.64267921448, 10.7510690689, 16.8327255249, 18.7423038483, 18.1925125122, 32.8529548645, 25.4449291229, 33.0426940918, 26.918132782, 45.7937355042, 37.9108543396, 22.5152225494, 25.7324829102, 18.5559043884, 22.7545013428, 27.7377624512, 18.4610061646, 13.7303390503, 16.6340618134, 12.4742155075, 11.0645170212, 8.57671260834, 8.62918567657, 6.6064825058, 4.48671388626, 3.83650422096, 4.46987485886, 5.56089830399, 4.78408336639, 3.82836771011, 1.9239487648, 0.852135539055, 0.42843323946, 0.112115092576, 0.0131670488045, 0.000351747556124, 6.50003785267e-05],
        "median": [0.121435299516, 0.92057299614, 1.21046984196, 2.1435315609, 4.78185033798, 8.63223266602, 10.8802375793, 9.45164585114, 12.3113641739, 11.0891571045, 11.600356102, 10.035941124, 17.3718204498, 16.9888916016, 9.59471225739, 9.43896389008, 7.93608903885, 9.00306510925, 8.29660701752, 7.36283874512, 4.94866800308, 4.04263877869, 3.27337527275, 4.76519823074, 3.37573361397, 2.34545397758, 1.81783235073, 0.762676715851, 0.644503235817, 1.62506496906, 2.67693424225, 2.52107262611, 1.74123704433, 0.740878939629, 0.199563905597, 0.118891328573, 0.0360750667751, 0.00300312764011, 0.000103539670818, 4.43682365585e-05],
        "min": [7.99871636409e-22, 9.77658498467e-21, 3.25441642741e-20, 1.40360685078e-19, 1.05151322252e-19, 1.7758523436e-19, 2.04291096478e-19, 3.93073306104e-19, 8.90006014052e-19, 1.18968600196e-18, 8.4638547163e-19, 8.6186631189e-19, 1.76732969495e-18, 9.11045146137e-19, 1.42595763283e-18, 1.50567933571e-18, 5.77726473095e-18, 6.31297047029e-18, 9.46595218195e-18, 1.21771772603e-17, 1.17967213278e-17, 9.85212145092e-18, 1.33088041788e-17, 1.5254408253e-17, 1.70451748698e-17, 1.25267859734e-17, 1.6452619075e-17, 1.7689030752e-17, 1.78423470241e-17, 1.59929812783e-17, 2.34124505745e-17, 2.05970735309e-17, 1.35323472578e-17, 9.01589396401e-18, 8.7029922178e-18, 5.85828789913e-18, 3.09652311934e-18, 1.36574808662e-18, 2.87909362885e-19, 3.03645045859e-20],
        "stdev": [0.890256583691, 7.72403717041, 15.5398101807, 23.1682796478, 18.572769165, 22.1742801666, 23.1278495789, 25.234369278, 54.0791893005, 39.8183746338, 57.0646514893, 42.4301185608, 74.1695327759, 54.5675239563, 44.4449386597, 49.5855369568, 33.6895866394, 36.4953231812, 62.530380249, 28.1471710205, 25.3527545929, 44.4358062744, 32.903137207, 17.7889251709, 15.0380430222, 19.5959186554, 13.4129085541, 9.80955982208, 8.47173404694, 8.23478126526, 8.77152729034, 6.97050714493, 6.0726518631, 3.29636335373, 2.25026583672, 1.09613084793, 0.249215230346, 0.0352144427598, 0.000916546443477, 5.5881064327e-05],
        "var": [0.792556762695, 59.6607513428, 241.485687256, 536.769165039, 344.947723389, 491.698699951, 534.897399902, 636.7734375, 2924.55883789, 1585.50305176, 3256.37426758, 1800.31494141, 5501.11914062, 2977.61474609, 1975.35241699, 2458.7253418, 1134.98815918, 1331.90869141, 3910.04833984, 792.263183594, 642.762145996, 1974.54077148, 1082.61645508, 316.445861816, 226.142745972, 384.000061035, 179.906112671, 96.2274551392, 71.7702713013, 67.8116149902, 76.9396896362, 48.5879669189, 36.8771018982, 10.8660106659, 5.06369686127, 1.20150279999, 0.0621082335711, 0.00124005693942, 8.4005739609e-07, 3.12269343716e-09]
    },
    "gfcc": {
        "mean": [15.1191902161, 94.9562072754, -92.4714508057, 24.3893089294, -61.7597579956, 26.3634681702, -43.1382446289, 15.7787036896, -22.650718689, 2.28261995316, -9.10132694244, -0.581443727016, -8.91341876984],
        "cov": [[4312.90380859, -1017.28125, -218.224075317, 380.387542725, 5.35695075989, 276.57208252, -67.3879623413, 326.713104248, -59.6988792419, 116.188987732, -171.986343384, 165.931808472, -96.0885772705], [-1017.28125, 1142.11523438, -156.532913208, -168.631759644, 80.3718948364, -127.108032227, 100.194160461, -237.053649902, 55.9897460938, -123.26625061, 145.303283691, -190.513168335, 82.2762527466], [-218.224075317, -156.532913208, 640.228637695, -56.0084533691, -35.419834137, 36.5740470886, -97.4150695801, 34.4007949829, -8.06587600708, 53.9671783447, -19.0815601349, 75.7231369019, -50.8506202698], [380.387542725, -168.631759644, -56.0084533691, 514.594238281, 84.9205780029, -11.7490291595, 143.354660034, 46.2028541565, 105.576118469, 60.701915741, 6.80875682831, 66.2161102295, 64.9945602417], [5.35695075989, 80.3718948364, -35.419834137, 84.9205780029, 265.272460938, 84.9136657715, 86.5442352295, 41.7754440308, 47.7259635925, 19.9812278748, 24.1704521179, 0.590813875198, 38.7867965698], [276.57208252, -127.108032227, 36.5740470886, -11.7490291595, 84.9136657715, 301.556762695, 127.278007507, 84.0943908691, 23.8489437103, 62.5268707275, 33.9966430664, 0.434100925922, 27.1655673981], [-67.3879623413, 100.194160461, -97.4150695801, 143.354660034, 86.5442352295, 127.278007507, 328.409210205, 22.8338394165, 70.5255508423, 86.1269989014, 59.7150802612, -10.4033870697, 67.5192184448], [326.713104248, -237.053649902, 34.4007949829, 46.2028541565, 41.7754440308, 84.0943908691, 22.8338394165, 228.327041626, 59.8040771484, 36.2625656128, 3.65263772011, 60.8334884644, 23.21534729], [-59.6988792419, 55.9897460938, -8.06587600708, 105.576118469, 47.7259635925, 23.8489437103, 70.5255508423, 59.8040771484, 153.900436401, 36.8125305176, 41.6957054138, 26.4790058136, 40.9910430908], [116.188987732, -123.26625061, 53.9671783447, 60.701915741, 19.9812278748, 62.5268707275, 86.1269989014, 36.2625656128, 36.8125305176, 138.558151245, 17.0520019531, 36.2959594727, 19.2248325348], [-171.986343384, 145.303283691, -19.0815601349, 6.80875682831, 24.1704521179, 33.9966430664, 59.7150802612, 3.65263772011, 41.6957054138, 17.0520019531, 113.635810852, -4.76259040833, 34.1990127563], [165.931808472, -190.513168335, 75.7231369019, 66.2161102295, 0.590813875198, 0.434100925922, -10.4033870697, 60.8334884644, 26.4790058136, 36.2959594727, -4.76259040833, 139.143051147, 14.8398647308], [-96.0885772705, 82.2762527466, -50.8506202698, 64.9945602417, 38.7867965698, 27.1655673981, 67.5192184448, 23.21534729, 40.9910430908, 19.2248325348, 34.1990127563, 14.8398647308, 123.85912323]],
        "icov": [[0.000432971486589, -0.000184273478226, 0.000386306463042, -0.000576330523472, 0.000232119273278, -0.000728337385226, 0.000546090421267, -0.000606429937761, 0.000553664809559, -0.000502251088619, 0.000561902008485, -0.00041773711564, 0.000611983123235], [-0.000184273478226, 0.00367902056314, -0.000620962120593, 0.00204347423278, -0.00155613839161, 0.00248301681131, -0.00200927071273, 0.00306983734481, -0.00271430471912, 0.00299827521667, -0.00324443494901, 0.00301731517538, -0.00248419912532], [0.000386306463042, -0.000620962120593, 0.00236225104891, -0.000612492440268, 0.000490050704684, -0.00140123756137, 0.00150646525435, -0.00077592371963, 0.000669891072903, -0.00175870198291, 0.000860004802234, -0.00164932524785, 0.00149292394053], [-0.000576330523472, 0.00204347423278, -0.000612492440268, 0.00454270606861, -0.00159819715191, 0.00289333704859, -0.00275916419923, 0.00223416322842, -0.00323027279228, 0.00174040347338, -0.00131780351512, 0.000845876289532, -0.00242709019221], [0.000232119273278, -0.00155613839161, 0.000490050704684, -0.00159819715191, 0.00534823909402, -0.00238453876227, 0.000648690387607, -0.00171222689096, 0.000673577131238, -0.000899461272638, 0.00143767532427, -0.00105236331001, 0.000714918074664], [-0.000728337385226, 0.00248301681131, -0.00140123756137, 0.00289333704859, -0.00238453876227, 0.00778022268787, -0.0038807275705, 0.000886396504939, -0.00161230575759, 0.00148944172543, -0.00325367832556, 0.00303365243599, -0.00248099281453], [0.000546090421267, -0.00200927071273, 0.00150646525435, -0.00275916419923, 0.000648690387607, -0.0038807275705, 0.0074125090614, -0.0014508718159, 0.0012320834212, -0.00453730951995, 0.000929421745241, -0.000820080109406, 0.000842005887534], [-0.000606429937761, 0.00306983734481, -0.00077592371963, 0.00223416322842, -0.00171222689096, 0.000886396504939, -0.0014508718159, 0.00923694390804, -0.00481914030388, 0.00270147086121, -0.00229487102479, 0.00058190029813, -0.00285971560515], [0.000553664809559, -0.00271430471912, 0.000669891072903, -0.00323027279228, 0.000673577131238, -0.00161230575759, 0.0012320834212, -0.00481914030388, 0.0121878711507, -0.00334407947958, -3.41565137205e-05, -0.00259849405847, 0.00138322869316], [-0.000502251088619, 0.00299827521667, -0.00175870198291, 0.00174040347338, -0.000899461272638, 0.00148944172543, -0.00453730951995, 0.00270147086121, -0.00334407947958, 0.0132039319724, -0.00298859667964, 0.000645840424113, -0.00228947843425], [0.000561902008485, -0.00324443494901, 0.000860004802234, -0.00131780351512, 0.00143767532427, -0.00325367832556, 0.000929421745241, -0.00229487102479, -3.41565137205e-05, -0.00298859667964, 0.0144347781315, -0.00266353855841, 0.000631269882433], [-0.00041773711564, 0.00301731517538, -0.00164932524785, 0.000845876289532, -0.00105236331001, 0.00303365243599, -0.000820080109406, 0.00058190029813, -0.00259849405847, 0.000645840424113, -0.00266353855841, 0.0125945936888, -0.00346105732024], [0.000611983123235, -0.00248419912532, 0.00149292394053, -0.00242709019221, 0.000714918074664, -0.00248099281453, 0.000842005887534, -0.00285971560515, 0.00138322869316, -0.00228947843425, 0.000631269882433, -0.00346105732024, 0.0126204071566]]
    },
    "melbands": {
        "dmean": [0.00310412351973, 0.00310269859619, 0.00167522043921, 0.000770571699832, 0.000392690679291, 0.000263590336544, 0.000320055405609, 0.000179234470124, 0.000162085416378, 9.28340523387e-05, 0.000137589115184, 8.44736714498e-05, 4.89105768793e-05, 3.41215127264e-05, 4.78495603602e-05, 2.36172727455e-05, 3.23247950291e-05, 3.46931228705e-05, 2.14432438952e-05, 1.93476789718e-05, 1.47389873746e-05, 1.67412035808e-05, 1.29744767037e-05, 9.57040629146e-06, 6.24507083558e-06, 5.77779655941e-06, 4.20778906118e-06, 4.64126287625e-06, 3.56367081622e-06, 2.87629291051e-06, 1.74275521658e-06, 1.68653741639e-06, 1.70067517047e-06, 1.77689446446e-06, 2.22598009714e-06, 1.91049730347e-06, 1.76007563368e-06, 1.61210743954e-06, 1.41710177104e-06, 9.49484160628e-07],
        "dmean2": [0.004204550758, 0.00455326307565, 0.00308081088588, 0.00129845459014, 0.000588861410506, 0.000392874469981, 0.000489749829285, 0.000272505276371, 0.000251494027907, 0.000141093638376, 0.000213994688238, 0.000129286403535, 7.72905041231e-05, 5.34506034455e-05, 7.43471828173e-05, 4.0865088522e-05, 5.32646736247e-05, 5.6886809034e-05, 3.56052623829e-05, 3.25493201672e-05, 2.61396144197e-05, 2.81258180621e-05, 2.36160594795e-05, 1.71025894815e-05, 1.0521832337e-05, 9.80463482847e-06, 7.12714199835e-06, 7.63022944739e-06, 6.03774697083e-06, 4.89673493576e-06, 2.8200856832e-06, 2.78089055428e-06, 2.73489126812e-06, 2.8259210012e-06, 3.4998377032e-06, 3.01922796098e-06, 2.74469266515e-06, 2.57980127571e-06, 2.17779779632e-06, 1.42407247949e-06],
        "dvar": [2.89390845865e-05, 5.13681734446e-05, 2.46789804805e-05, 1.38885206979e-06, 3.59548550932e-07, 1.73419465455e-07, 3.46476127788e-07, 1.01273471387e-07, 9.2786685002e-08, 2.7970225247e-08, 6.94275428259e-08, 2.01347916118e-08, 1.11510951584e-08, 6.21032247849e-09, 1.08881064165e-08, 3.87464238472e-09, 3.55664342422e-09, 8.01929544991e-09, 1.4616896582e-09, 1.74842418321e-09, 1.31721655805e-09, 2.17322315699e-09, 1.86918747147e-09, 8.08503652916e-10, 1.35433761428e-10, 1.87797499773e-10, 1.37735947647e-10, 1.63622448923e-10, 8.76814454376e-11, 6.59304763562e-11, 2.06526688112e-11, 1.69607886763e-11, 1.42905201561e-11, 1.53234421679e-11, 2.14139608823e-11, 1.4278720567e-11, 1.2052733811e-11, 1.16099274292e-11, 6.92704444152e-12, 3.98517113406e-12],
        "dvar2": [5.22765731148e-05, 0.000109220120066, 7.1198992373e-05, 3.93198342863e-06, 8.04271962807e-07, 3.90392642657e-07, 8.28723045743e-07, 2.13029665019e-07, 2.06903862932e-07, 6.90423789251e-08, 1.58853765697e-07, 4.34509388469e-08, 2.62117332284e-08, 1.22272227898e-08, 2.17050910578e-08, 1.09057438635e-08, 9.01198049519e-09, 2.01809005063e-08, 3.60696894575e-09, 4.59230875549e-09, 3.69886454799e-09, 5.38540323447e-09, 5.37985611615e-09, 2.3212209932e-09, 3.47371686971e-10, 5.15946452229e-10, 3.8187086826e-10, 3.80363129882e-10, 2.4607163529e-10, 1.81732420779e-10, 5.58336155088e-11, 4.19264588325e-11, 3.26429265562e-11, 3.53240249551e-11, 5.28194016303e-11, 3.37237217318e-11, 2.59555120452e-11, 2.69592525387e-11, 1.64019371002e-11, 9.06778818699e-12],
        "max": [0.0437268204987, 0.0544120334089, 0.0324721708894, 0.00906058680266, 0.0071412101388, 0.0054154265672, 0.0081235114485, 0.00414837291464, 0.0048318603076, 0.00267825694755, 0.00285997055471, 0.00190275697969, 0.00211358373053, 0.00193399039563, 0.00182339223102, 0.00125207798555, 0.000810806988738, 0.00166636391077, 0.000346252199961, 0.000405939179473, 0.000320879596984, 0.000654467788991, 0.000422754470492, 0.000259555294178, 0.000115280461614, 0.000170188999618, 0.000145454134326, 0.000280121807009, 9.76081573754e-05, 8.79935905687e-05, 5.23415365024e-05, 4.59255315945e-05, 5.17785665579e-05, 6.38611236354e-05, 6.62854145048e-05, 5.65756090509e-05, 5.35328763362e-05, 5.2218005294e-05, 3.83197730116e-05, 3.89006236219e-05],
        "mean": [0.00532215554267, 0.00395036581904, 0.00137311220169, 0.00100279820617, 0.000706171209458, 0.000440940726548, 0.000463352393126, 0.000278265681118, 0.000287344271783, 0.000159184084623, 0.000235319661442, 0.000164049051818, 8.10031415313e-05, 5.41277004231e-05, 7.78308822191e-05, 2.6844229069e-05, 4.8053349019e-05, 5.24211973243e-05, 2.74112444458e-05, 2.24139403144e-05, 1.40926349559e-05, 1.90005885088e-05, 1.16718447316e-05, 9.87635485217e-06, 8.91306353878e-06, 7.27541055312e-06, 5.03823093823e-06, 6.22930929239e-06, 4.44211127615e-06, 3.34064179697e-06, 2.28523231272e-06, 2.08432766158e-06, 2.20607557821e-06, 2.62442449639e-06, 3.27907400788e-06, 2.96690996038e-06, 2.90882690024e-06, 2.70143527814e-06, 2.31730246014e-06, 1.40605311572e-06],
        "median": [0.00128080381546, 0.000940116529819, 0.000475910841487, 0.000545495306142, 0.00041146564763, 0.000235955318203, 0.000176365821972, 0.000102774960396, 8.90796873136e-05, 5.56051381864e-05, 8.02131326054e-05, 6.89504522597e-05, 3.20467152051e-05, 2.04382376978e-05, 2.41845427809e-05, 9.03546606423e-06, 1.69540635397e-05, 1.22918418128e-05, 9.48816250457e-06, 6.79769800627e-06, 4.45892646894e-06, 4.25777443525e-06, 2.58237469097e-06, 2.79512073575e-06, 3.76390516976e-06, 2.95819927487e-06, 1.45360502302e-06, 1.5038856418e-06, 1.23754932702e-06, 5.9858507484e-07, 3.40486479899e-07, 2.97692878348e-07, 4.97335179261e-07, 9.97527195068e-07, 1.50290281908e-06, 1.47578907672e-06, 1.43893964832e-06, 1.12144039122e-06, 1.0062212823e-06, 4.32968505493e-07],
        "min": [8.75798425686e-24, 1.74898319742e-23, 2.1985805864e-23, 8.1140599769e-24, 8.86318753604e-24, 9.69993308707e-24, 1.35159388533e-23, 1.37834037209e-23, 6.5201937336e-24, 6.26149902707e-24, 8.57394616312e-24, 3.28941646006e-24, 4.44769599682e-24, 3.5943678007e-24, 6.56697121313e-24, 1.28832873956e-23, 1.19515882352e-23, 1.21175480036e-23, 2.04030937195e-23, 1.10971280237e-23, 1.61395308741e-23, 1.06616894258e-23, 8.58141194272e-24, 1.35742956276e-23, 1.21574683097e-23, 1.15084203781e-23, 1.09473588365e-23, 8.22301902285e-24, 1.13136884859e-23, 9.68726003663e-24, 9.85786225144e-24, 7.9500376509e-24, 1.21938884399e-23, 7.35185625938e-24, 1.23079806038e-23, 1.57373332971e-23, 1.13086082217e-23, 9.04164759433e-24, 8.77980099406e-24, 6.85842770747e-24],
        "stdev": [0.00826800242066, 0.00794677529484, 0.00374102103524, 0.00125725904945, 0.000904734421056, 0.000573878292926, 0.000738771050237, 0.000475084700156, 0.000501354399603, 0.000262934132479, 0.000392751360778, 0.000239651781158, 0.000147627186379, 0.000114302747534, 0.000173947017174, 5.8477755374e-05, 8.38444611873e-05, 0.000139237687108, 4.64178447146e-05, 4.16419279645e-05, 3.03320048261e-05, 5.41411391168e-05, 3.37222300004e-05, 2.3913633413e-05, 1.43356910485e-05, 1.25915530589e-05, 1.04696373455e-05, 1.64723933267e-05, 9.06350942387e-06, 7.95100186224e-06, 5.07868571731e-06, 4.78698029838e-06, 4.75538536193e-06, 4.80317157781e-06, 5.30488068762e-06, 4.59305101685e-06, 4.55967301605e-06, 4.57881242255e-06, 3.71582837033e-06, 2.69754332294e-06],
        "var": [6.83598627802e-05, 6.31512375548e-05, 1.39952389873e-05, 1.58070042744e-06, 8.18544378944e-07, 3.29336302229e-07, 5.45782654626e-07, 2.25705477419e-07, 2.51356226499e-07, 6.91343515768e-08, 1.54253626761e-07, 5.7432977485e-08, 2.17937881075e-08, 1.30651187646e-08, 3.02575671185e-08, 3.41964767614e-09, 7.02989400025e-09, 1.93871354526e-08, 2.15461626318e-09, 1.73405012571e-09, 9.20030496232e-10, 2.93126278805e-09, 1.1371888986e-09, 5.71861891174e-10, 2.05512037943e-10, 1.58547203144e-10, 1.09613311483e-10, 2.71339756219e-10, 8.21472057044e-11, 6.32184235516e-11, 2.57930482528e-11, 2.29151819048e-11, 2.26136886994e-11, 2.30704570031e-11, 2.81417614906e-11, 2.10961161734e-11, 2.07906192262e-11, 2.09655244554e-11, 1.38073797187e-11, 7.27673997447e-12]
    },
    "melbands128": {
