{
"lowlevel": {
    "average_loudness": 0.786315441132,
    "barkbands_crest": {
        "dmean": 2.86410713196,
        "dmean2": 4.62593889236,
        "dvar": 7.83855104446,
        "dvar2": 17.8076457977,
        "max": 25.7924880981,
        "mean": 11.7259731293,
        "median": 11.4708251953,
        "min": 2.68358826637,
        "stdev": 4.00646400452,
        "var": 16.0517520905
    },
    "barkbands_flatness_db": {
        "dmean": 0.035105869174,
        "dmean2": 0.0523872859776,
        "dvar": 0.00192356295884,
        "dvar2": 0.00379033316858,
        "max": 0.501459777355,
        "mean": 0.223629206419,
        "median": 0.24969895184,
        "min": 0.0240805745125,
        "stdev": 0.0832132324576,
        "var": 0.00692444201559
    },
    "barkbands_kurtosis": {
        "dmean": 11.5333929062,
        "dmean2": 18.3130588531,
        "dvar": 2718.11669922,
        "dvar2": 6057.16796875,
        "max": 979.764526367,
        "mean": 13.418926239,
        "median": 6.27718257904,
        "min": -1.9048333168,
        "stdev": 50.7029914856,
        "var": 2570.79321289
    },
    "barkbands_skewness": {
        "dmean": 0.903148829937,
        "dmean2": 1.3338047266,
        "dvar": 2.43613934517,
        "dvar2": 4.46739006042,
        "max": 23.0778656006,
        "mean": 2.19033503532,
        "median": 1.8029062748,
        "min": -2.5417535305,
        "stdev": 1.92932927608,
        "var": 3.72231149673
    },
    "barkbands_spread": {
        "dmean": 6.99183368683,
        "dmean2": 11.0664205551,
        "dvar": 164.348571777,
        "dvar2": 360.699768066,
        "max": 117.764335632,
        "mean": 12.6447763443,
        "median": 4.73757505417,
        "min": 0.183565124869,
        "stdev": 16.9819793701,
        "var": 288.387634277
    },
    "dissonance": {
        "dmean": 0.035113915801,
        "dmean2": 0.0591821111739,
        "dvar": 0.00115447049029,
        "dvar2": 0.0028847574722,
        "max": 0.499158650637,
        "mean": 0.410126239061,
        "median": 0.423194468021,
        "min": 0.168879300356,
        "stdev": 0.0583859682083,
        "var": 0.00340892141685
    },
    "dynamic_complexity": 6.22917842865,
    "erbbands_crest": {
        "dmean": 2.23666977882,
        "dmean2": 3.76677060127,
        "dvar": 5.36439037323,
        "dvar2": 14.3681316376,
        "max": 28.8198699951,
        "mean": 9.28151893616,
        "median": 8.80806446075,
        "min": 2.45553636551,
        "stdev": 3.158680439,
        "var": 9.97726249695
    },
    "erbbands_flatness_db": {
        "dmean": 0.0244096498936,
        "dmean2": 0.0369871370494,
        "dvar": 0.000866030284669,
        "dvar2": 0.00165437557735,
        "max": 0.359852224588,
        "mean": 0.209408476949,
        "median": 0.220656201243,
        "min": 0.0584490709007,
        "stdev": 0.0781273543835,
        "var": 0.00610388303176
    },
    "erbbands_kurtosis": {
        "dmean": 1.52015209198,
        "dmean2": 2.45437455177,
        "dvar": 2.88162446022,
        "dvar2": 7.38673257828,
        "max": 16.8678951263,
        "mean": 2.34868144989,
        "median": 1.97274684906,
        "min": -1.74338424206,
        "stdev": 2.49667072296,
        "var": 6.2333650589
    },
    "erbbands_skewness": {
        "dmean": 0.436854928732,
        "dmean2": 0.696859061718,
        "dvar": 0.19339799881,
        "dvar2": 0.445323079824,
        "max": 3.71239280701,
        "mean": 1.03664064407,
        "median": 1.0938180685,
        "min": -2.94164514542,
        "stdev": 0.699083566666,
        "var": 0.488717794418
    },
    "erbbands_spread": {
        "dmean": 9.48759269714,
        "dmean2": 14.2590103149,
        "dvar": 173.87059021,
        "dvar2": 384.651824951,
        "max": 140.070419312,
        "mean": 26.4795322418,
        "median": 15.6768941879,
        "min": 4.75287055969,
        "stdev": 22.6673336029,
        "var": 513.808044434
    },
    "hfc": {
        "dmean": 14.1500234604,
        "dmean2": 23.0328559875,
        "dvar": 1498.52502441,
        "dvar2": 3985.63012695,
        "max": 406.188201904,
        "mean": 17.1084079742,
        "median": 2.77680802345,
        "min": 1.24757550507e-16,
        "stdev": 37.4364433289,
        "var": 1401.48718262
    },
    "loudness_ebu128": {
        "integrated": -14.3962306976,
        "loudness_range": 9.82021617889,
        "momentary": {
            "dmean": 1.04037356377,
            "dmean2": 1.64713299274,
            "dvar": 10.492436409,
            "dvar2": 21.107252121,
            "max": -8.80772018433,
            "mean": -17.1038990021,
            "median": -15.4991340637,
            "min": -76.4214096069,
            "stdev": 7.61637496948,
            "var": 58.0091667175
        },
        "short_term": {
            "dmean": 0.148617699742,
            "dmean2": 0.217910990119,
            "dvar": 0.0617437139153,
            "dvar2": 0.114155508578,
            "max": -11.0713815689,
            "mean": -15.8457679749,
            "median": -14.5258216858,
            "min": -22.3745746613,
            "stdev": 3.76671266556,
            "var": 14.188123703
        }
    },
    "melbands_crest": {
        "dmean": 3.1334168911,
        "dmean2": 4.8575053215,
        "dvar": 11.3409385681,
        "dvar2": 21.3733119965,
        "max": 37.7775268555,
        "mean": 15.9852294922,
        "median": 13.6488342285,
        "min": 1.95315766335,
        "stdev": 6.92690706253,
        "var": 47.9820404053
    },
    "melbands_flatness_db": {
        "dmean": 0.0419434718788,
        "dmean2": 0.0605742260814,
        "dvar": 0.00282773328945,
        "dvar2": 0.00561275379732,
        "max": 0.589429974556,
        "mean": 0.294747710228,
        "median": 0.321463644505,
        "min": 0.00767575250939,
        "stdev": 0.0911255776882,
        "var": 0.0083038713783
    },
    "melbands_kurtosis": {
        "dmean": 15.8031225204,
        "dmean2": 24.1715393066,
        "dvar": 3037.06616211,
        "dvar2": 6837.12695312,
        "max": 827.16809082,
        "mean": 19.1251239777,
        "median": 6.7475938797,
        "min": -1.87569093704,
        "stdev": 55.1145858765,
        "var": 3037.61743164
    },
    "melbands_skewness": {
        "dmean": 0.889520585537,
        "dmean2": 1.3097140789,
        "dvar": 2.49190926552,
        "dvar2": 4.75467157364,
        "max": 18.9796886444,
        "mean": 2.48239350319,
        "median": 1.71291458607,
        "min": -0.323930859566,
        "stdev": 2.11285853386,
        "var": 4.46417093277
    },
    "melbands_spread": {
        "dmean": 6.73170900345,
        "dmean2": 10.6380586624,
        "dvar": 230.297775269,
        "dvar2": 468.076873779,
        "max": 222.963394165,
        "mean": 12.6658668518,
        "median": 6.61069631577,
        "min": 0.212012723088,
        "stdev": 19.2036972046,
        "var": 368.782012939
    },
    "pitch_salience": {
        "dmean": 0.0684435069561,
        "dmean2": 0.105638474226,
        "dvar": 0.00752329546958,
        "dvar2": 0.0147265633568,
        "max": 0.906352877617,
        "mean": 0.538566589355,
        "median": 0.568202316761,
        "min": 0.0456070639193,
        "stdev": 0.135347008705,
        "var": 0.0183188132942
    },
    "silence_rate_20dB": {
        "dmean": 0.0325077399611,
        "dmean2": 0.0650658383965,
        "dvar": 0.0314509421587,
        "dvar2": 0.0716769769788,
        "max": 1,
        "mean": 0.972931146622,
        "median": 1,
        "min": 0,
        "stdev": 0.162283554673,
        "var": 0.0263359509408
    },
    "silence_rate_30dB": {
        "dmean": 0.0325077399611,
        "dmean2": 0.0650658383965,
        "dvar": 0.0314509421587,
        "dvar2": 0.0608326680958,
        "max": 1,
        "mean": 0.939675152302,
        "median": 1,
        "min": 0,
        "stdev": 0.238087773323,
        "var": 0.0566857866943
    },
    "silence_rate_60dB": {
        "dmean": 0.0704334378242,
        "dmean2": 0.140975981951,
        "dvar": 0.0654714927077,
        "dvar2": 0.124196872115,
        "max": 1,
        "mean": 0.234338745475,
        "median": 0,
        "min": 0,
        "stdev": 0.423586755991,
        "var": 0.179425746202
    },
    "spectral_centroid": {
        "dmean": 249.627685547,
        "dmean2": 384.612579346,
        "dvar": 281914.5,
        "dvar2": 501036.15625,
        "max": 11121.1435547,
        "mean": 754.112609863,
        "median": 468.677062988,
        "min": 119.008583069,
        "stdev": 679.618164062,
        "var": 461880.8125
    },
    "spectral_complexity": {
        "dmean": 2.96284818649,
        "dmean2": 4.63439178467,
        "dvar": 24.0513687134,
        "dvar2": 52.9290504456,
        "max": 50,
        "mean": 11.0332555771,
        "median": 8,
        "min": 0,
        "stdev": 7.80343866348,
        "var": 60.8936538696
    },
    "spectral_decrease": {
        "dmean": 5.19676035537e-09,
        "dmean2": 7.61859819676e-09,
        "dvar": 3.14860887098e-16,
        "dvar2": 4.91061051363e-16,
        "max": 6.50996821271e-29,
        "mean": -9.20561937789e-09,
        "median": -1.67579783383e-09,
        "min": -1.48577925074e-07,
        "stdev": 2.26695675565e-08,
        "var": 5.13909288659e-16
    },
    "spectral_energy": {
        "dmean": 0.0205419342965,
        "dmean2": 0.0303138066083,
        "dvar": 0.00457540992647,
        "dvar2": 0.00716630695388,
        "max": 0.565028965473,
        "mean": 0.0362958945334,
        "median": 0.00678273756057,
        "min": 1.10701823716e-20,
        "stdev": 0.086775071919,
        "var": 0.00752991298214
    },
    "spectral_energyband_high": {
        "dmean": 0.00106834003236,
        "dmean2": 0.00177580828313,
        "dvar": 1.05572325992e-05,
        "dvar2": 2.64419486484e-05,
        "max": 0.0327657051384,
        "mean": 0.000975520233624,
        "median": 5.33822321813e-06,
        "min": 8.00866979448e-21,
        "stdev": 0.00322778732516,
        "var": 1.04186110548e-05
    },
    "spectral_energyband_low": {
        "dmean": 0.0166704561561,
        "dmean2": 0.0245484244078,
        "dvar": 0.00455912388861,
        "dvar2": 0.00741200475022,
        "max": 0.557207167149,
        "mean": 0.024231472984,
        "median": 0.000417635252234,
        "min": 2.5766156695e-23,
        "stdev": 0.0811261385679,
        "var": 0.00658145081252
    },
    "spectral_energyband_middle_high": {
        "dmean": 0.0024029368069,
        "dmean2": 0.00409647636116,
        "dvar": 7.21633259673e-05,
        "dvar2": 0.000204907497391,
        "max": 0.102066971362,
        "mean": 0.00264658918604,
        "median": 0.000283756817225,
        "min": 1.6623764558e-21,
        "stdev": 0.00736765237525,
        "var": 5.42823036085e-05
    },
    "spectral_energyband_middle_low": {
        "dmean": 0.00546239828691,
        "dmean2": 0.00957103259861,
        "dvar": 0.00029329417157,
        "dvar2": 0.000850957178045,
        "max": 0.176023215055,
        "mean": 0.00950334593654,
        "median": 0.00490759545937,
        "min": 2.21347327055e-22,
        "stdev": 0.0152356652543,
        "var": 0.000232125501498
    },
    "spectral_entropy": {
        "dmean": 0.318444877863,
        "dmean2": 0.473784655333,
        "dvar": 0.165586069226,
        "dvar2": 0.355487674475,
        "max": 9.79951095581,
        "mean": 6.85554790497,
        "median": 6.64601755142,
        "min": 5.26476812363,
        "stdev": 0.881402730942,
        "var": 0.776870787144
    },
    "spectral_flux": {
        "dmean": 0.0382251180708,
        "dmean2": 0.0604803562164,
        "dvar": 0.00678594177589,
        "dvar2": 0.0120891146362,
        "max": 0.750465452671,
        "mean": 0.0801767706871,
        "median": 0.0308297518641,
        "min": 1.05214933988e-10,
        "stdev": 0.124021142721,
        "var": 0.0153812440112
    },
    "spectral_kurtosis": {
        "dmean": 6.38867044449,
        "dmean2": 10.1053609848,
        "dvar": 57.6988677979,
        "dvar2": 147.206314087,
        "max": 70.7491149902,
        "mean": 15.6687192917,
        "median": 9.9079284668,
        "min": -1.15771150589,
        "stdev": 14.5968704224,
        "var": 213.068618774
    },
    "spectral_rms": {
        "dmean": 0.00107341166586,
        "dmean2": 0.0015704651596,
        "dvar": 6.49211688142e-06,
        "dvar2": 9.45747706282e-06,
        "max": 0.0234786663204,
        "mean": 0.00428508268669,
        "median": 0.00257241213694,
        "min": 3.28636250158e-12,
        "stdev": 0.00412900652736,
        "var": 1.70486964635e-05
    },
    "spectral_rolloff": {
        "dmean": 694.463195801,
        "dmean2": 1206.16040039,
        "dvar": 3681221.25,
        "dvar2": 8511843,
        "max": 19056.8847656,
        "mean": 1094.74841309,
        "median": 581.396484375,
        "min": 21.533203125,
        "stdev": 1970.68005371,
        "var": 3883579.75
    },
    "spectral_skewness": {
        "dmean": 0.601758182049,
        "dmean2": 0.912441551685,
        "dvar": 0.365901142359,
        "dvar2": 0.853298127651,
        "max": 6.68872451782,
        "mean": 2.91298627853,
        "median": 2.72791910172,
        "min": -0.0410031490028,
        "stdev": 1.38864529133,
        "var": 1.92833590508
    },
    "spectral_spread": {
        "dmean": 1037082.375,
        "dmean2": 1511355.625,
        "dvar": 2.60081686938e+12,
        "dvar2": 4.34936060314e+12,
        "max": 39003048,
        "mean": 4285823.5,
        "median": 3459351.5,
        "min": 939168.25,
        "stdev": 2805614.25,
        "var": 7.87147181261e+12
    },
    "spectral_strongpeak": {
        "dmean": 0.22252304852,
        "dmean2": 0.374289363623,
        "dvar": 0.19854812324,
        "dvar2": 0.514188587666,
        "max": 5.938975811,
        "mean": 0.451194494963,
        "median": 0.279559224844,
        "min": 0,
        "stdev": 0.470906078815,
        "var": 0.221752524376
    },
    "zerocrossingrate": {
        "dmean": 0.0131401317194,
        "dmean2": 0.0160886961967,
        "dvar": 0.000559610198252,
        "dvar2": 0.000605409150012,
        "max": 0.4970703125,
        "mean": 0.0393400602043,
        "median": 0.02392578125,
        "min": 0.00244140625,
        "stdev": 0.0427412353456,
        "var": 0.00182681309525
    },
    "barkbands": {
        "dmean": [0.00103662814945, 0.0149260014296, 0.00469495216385, 0.00192416936625, 0.00155421509407, 0.00182966073044, 0.000675003160723, 0.000631147588138, 0.000464214943349, 0.000718735158443, 0.000480502465507, 0.000381156190997, 0.000489490339532, 0.000225844240049, 0.000169482227648, 0.000104883598397, 0.000129831532831, 8.46899492899e-05, 6.48620844004e-05, 8.18244589027e-05, 9.90627595456e-05, 0.000127650579088, 0.000144265548442, 0.000249334116234, 0.000297329010209, 0.00016043765936, 4.04415641242e-06],
        "dmean2": [0.00160114234313, 0.022062972188, 0.00896649062634, 0.00349470064975, 0.00277704722248, 0.00313013908453, 0.00111689674668, 0.000997310155071, 0.000710392603651, 0.00129311648197, 0.000882676104084, 0.000676622905303, 0.000849558447953, 0.000368831708329, 0.000277217244729, 0.000178167596459, 0.000222863731324, 0.000137680297485, 0.000106934763608, 0.000144954552525, 0.000167921942193, 0.000210034399061, 0.000224100542255, 0.000403525831643, 0.000523773080204, 0.00027674678131, 6.88013005856e-06],
        "dvar": [1.62180058396e-05, 0.00384687259793, 0.000627774046734, 5.75478334213e-05, 3.60001904482e-05, 1.48017115862e-05, 2.98840609503e-06, 2.48938908953e-06, 1.7685227931e-06, 1.31626375151e-05, 7.90611011325e-06, 1.369590791e-06, 1.586987878e-06, 5.9920540707e-07, 3.09886672767e-07, 6.68279298566e-08, 1.31780595325e-07, 6.83367815668e-08, 2.71822706566e-08, 9.49512681814e-08, 9.02246313217e-08, 1.36350536195e-07, 1.92251562225e-07, 7.10981794327e-07, 1.17958745705e-06, 2.0428517189e-07, 3.4134547966e-10],
        "dvar2": [3.24503271258e-05, 0.00711855804548, 0.00183971610386, 0.000168015059899, 0.000104564889625, 3.95361421397e-05, 6.76890203977e-06, 5.83504561291e-06, 3.74048840968e-06, 3.83088663511e-05, 2.3069413146e-05, 3.80842288905e-06, 4.22890343543e-06, 1.19316018754e-06, 6.93397964824e-07, 1.72635097329e-07, 3.63651736279e-07, 1.69339998024e-07, 6.79422740291e-08, 2.6713021839e-07, 2.32226653907e-07, 3.35232527959e-07, 4.03743939614e-07, 1.72884233507e-06, 3.22957134813e-06, 5.22634934441e-07, 9.41618893968e-10],
        "max": [0.0346607677639, 0.499493688345, 0.222540512681, 0.0726498961449, 0.0786831751466, 0.0463006086648, 0.0252404734492, 0.0256475619972, 0.0220736023039, 0.046280875802, 0.0367362238467, 0.0111625827849, 0.0146457273513, 0.0125992912799, 0.00907288957387, 0.00203783717006, 0.00328555400483, 0.00290161627345, 0.00168569514062, 0.00412313640118, 0.00360777368769, 0.00365580338985, 0.00789805408567, 0.0105920089409, 0.012450363487, 0.00466417754069, 0.000206034557777],
        "mean": [0.00198975275271, 0.0182724650949, 0.00303132506087, 0.00179227872286, 0.0017065082211, 0.00303273601457, 0.000999415642582, 0.000997921568342, 0.000728180864826, 0.000712927489076, 0.000369988178136, 0.000332880328642, 0.000440887291916, 0.000293947319733, 0.000177376845386, 0.000111405308417, 0.000133623034344, 9.30701862671e-05, 7.24597994122e-05, 6.57313357806e-05, 8.85287954588e-05, 0.000125568796648, 0.000140040487167, 0.000226595220738, 0.000226402597036, 0.000130710104713, 3.17542071571e-06],
        "median": [5.68261270928e-07, 1.46018089708e-06, 0.000130974498461, 0.000405148719437, 0.000500925991219, 0.00187728216406, 0.000372815848095, 0.0004935155157, 0.000278092629742, 8.0753590737e-05, 6.15980898147e-05, 5.69357725908e-05, 5.98288424953e-05, 1.37690212796e-05, 4.4974708544e-06, 3.88172475141e-06, 4.15538806919e-06, 7.43335112929e-06, 1.5382129277e-06, 7.66797825236e-07, 4.42838114623e-07, 8.25078473099e-07, 1.13433998195e-06, 3.67004929558e-07, 3.40966010981e-07, 1.04209270546e-07, 7.68954067087e-10],
        "min": [3.94255601591e-24, 5.77341658552e-24, 1.7119332406e-23, 1.53025802193e-24, 2.00561085171e-23, 5.79430073135e-23, 4.61170514884e-23, 2.82206500699e-23, 3.62246505399e-23, 6.46948741122e-23, 4.99427839095e-23, 1.89300717372e-22, 7.64877198674e-23, 7.50768263612e-23, 1.26388504822e-22, 2.0753049772e-22, 1.5520637624e-22, 2.07346434382e-22, 3.27138774616e-22, 5.72676212096e-22, 3.9349616362e-22, 5.99971152826e-22, 4.39670830353e-22, 1.09255463276e-21, 9.68699280211e-22, 2.00168580171e-21, 2.3127656907e-21],
        "stdev": [0.00471735093743, 0.0681884214282, 0.0183639414608, 0.00592048931867, 0.00492966128513, 0.00406453432515, 0.00193809182383, 0.00187791627832, 0.00180413026828, 0.00288529717363, 0.00209878943861, 0.000995269161649, 0.00123904051725, 0.00114009412937, 0.000634101801552, 0.000283732806565, 0.000340881320881, 0.000279471918475, 0.000183550888323, 0.000248678697972, 0.000281453569187, 0.000381336431019, 0.000532464997377, 0.000870081887115, 0.000917652330827, 0.000432373723015, 1.56295136549e-05],
        "var": [2.22534017666e-05, 0.00464966101572, 0.000337234378094, 3.50521913788e-05, 2.43015583692e-05, 1.65204401128e-05, 3.75619970328e-06, 3.5265693441e-06, 3.25488599628e-06, 8.32493969938e-06, 4.40491703557e-06, 9.90560806713e-07, 1.53522148594e-06, 1.29981458485e-06, 4.02085106543e-07, 8.05043001151e-08, 1.16200070011e-07, 7.81045486065e-08, 3.3690930934e-08, 6.18410922471e-08, 7.92161074514e-08, 1.45417473618e-07, 2.83518971855e-07, 7.57042528221e-07, 8.42085853492e-07, 1.86947033853e-07, 2.44281705974e-10]
    },
    "erbbands": {
        "dmean": [0.620389938354, 3.08934831619, 5.74074029922, 6.04533100128, 5.60318374634, 4.53050041199, 10.6014947891, 15.0689849854, 10.7384328842, 11.4025821686, 13.8240871429, 10.3058795929, 15.4014673233, 30.3085670471, 13.2165822983, 16.4252681732, 20.9766025543, 14.2543449402, 10.9084863663, 5.37080287933, 6.51039981842, 7.37660980225, 5.00722169876, 3.72805118561, 3.30337572098, 3.60215973854, 3.68796253204, 4.29508304596, 3.97225117683, 5.24803066254, 4.19206380844, 4.39854049683, 4.57666540146, 4.1125369072, 1.59843766689, 0.737785041332, 0.341235756874, 0.027287973091, 0.000631597067695, 4.55740992038e-05],
        "dmean2": [0.950518786907, 4.60747337341, 10.5807714462, 11.2877435684, 10.0278434753, 8.22524356842, 17.9144229889, 26.1116809845, 18.3084468842, 18.748468399, 22.0619926453, 15.5912942886, 25.0835952759, 56.1287651062, 23.9025878906, 28.8050899506, 36.4358825684, 22.6857280731, 17.5019168854, 8.43872261047, 11.0900249481, 12.6479377747, 8.32670593262, 5.97688341141, 5.6782875061, 6.3291349411, 6.32173919678, 7.23038768768, 6.35274791718, 8.65469455719, 6.51071882248, 6.66800451279, 7.73790168762, 7.45766115189, 2.70796060562, 1.20907831192, 0.617506086826, 0.0474775023758, 0.00108661723789, 7.23782213754e-05],
        "dvar": [7.29591035843, 172.726699829, 898.145690918, 751.697875977, 493.277526855, 353.496063232, 749.754699707, 1166.39733887, 389.717437744, 1340.07629395, 1270.87854004, 985.735473633, 2840.7265625, 36003.0976562, 3153.91259766, 2313.34960938, 2910.49902344, 1651.67028809, 993.407226562, 275.552185059, 249.064483643, 431.484130859, 232.864212036, 101.686859131, 91.7679748535, 177.575454712, 117.497146606, 220.743179321, 159.887466431, 243.770996094, 149.967437744, 236.913848877, 287.012298584, 245.414276123, 30.4263191223, 5.22690582275, 0.917667746544, 0.00963267125189, 4.85442660647e-06, 1.30128618991e-08],
        "dvar2": [15.7130508423, 364.754302979, 2566.46606445, 2199.80859375, 1432.0057373, 1026.90942383, 2114.96118164, 2987.09326172, 962.934448242, 2992.04492188, 2847.99853516, 2014.38415527, 7455.23535156, 105503.21875, 9044.80371094, 6334.8828125, 7703.37353516, 3356.40771484, 2362.26977539, 570.033996582, 652.37322998, 1186.98583984, 595.391296387, 246.374710083, 250.02696228, 494.330932617, 313.059417725, 579.183227539, 394.435180664, 585.520446777, 296.937530518, 486.796630859, 768.09967041, 690.868774414, 78.0629043579, 11.8385677338, 2.55024051666, 0.0264810398221, 1.31644401336e-05, 2.8406414998e-08],
        "max": [22.9109783173, 119.566719055, 262.878814697, 272.149108887, 279.335357666, 244.919998169, 270.887756348, 482.715820312, 258.323364258, 645.05871582, 653.61730957, 627.420410156, 776.527954102, 2518.0144043, 652.000183105, 438.656585693, 576.973999023, 600.447998047, 572.410827637, 326.078033447, 129.780151367, 188.015350342, 144.668716431, 119.14655304, 100.43006897, 161.461135864, 156.384048462, 167.910873413, 140.843261719, 277.366485596, 246.379684448, 312.542175293, 191.486282349, 189.193634033, 62.6774291992, 36.0418930054, 6.56529283524, 1.04846906662, 0.0236635114998, 0.000898644793779],
        "mean": [0.721222102642, 3.25545072556, 4.19486093521, 5.07550573349, 5.39260864258, 4.83787298203, 16.1130504608, 25.4785709381, 16.8052120209, 14.7774658203, 22.9753856659, 17.0402240753, 21.8889713287, 23.0117607117, 11.986579895, 14.7199764252, 19.9032230377, 17.3845787048, 12.0103750229, 5.93359899521, 7.23787736893, 7.53639888763, 5.35783672333, 4.42672586441, 3.20621109009, 2.99607610703, 3.16619277, 3.97229099274, 4.08486557007, 4.74707317352, 4.12754201889, 4.45427417755, 3.77072763443, 2.95616340637, 1.32501399517, 0.663208901882, 0.24541978538, 0.0217671655118, 0.00053164671408, 6.3150015194e-05],
        "median": [7.38242597436e-05, 0.00150913989637, 0.0885325148702, 0.957269966602, 1.80235254765, 0.975279092789, 8.06373596191, 15.7725257874, 10.2216033936, 4.1025724411, 11.9260435104, 6.76695775986, 4.0198302269, 3.03755664825, 2.78156876564, 2.36188149452, 3.05796074867, 0.573101222515, 0.685341060162, 0.219000965357, 0.241937324405, 0.266849666834, 0.27942943573, 0.261552214622, 0.0778482183814, 0.0367451645434, 0.0207566339523, 0.0170434378088, 0.0271919686347, 0.0368993543088, 0.0297811552882, 0.0113666942343, 0.00651355879381, 0.00444159843028, 0.0019186984282, 0.000645354040898, 0.000185756449355, 1.30198613988e-05, 3.6839051063e-06, 7.72356270318e-06],
        "min": [2.11869182211e-22, 1.31694736681e-21, 1.4552688683e-20, 1.45976569353e-20, 9.73803303669e-21, 9.94626266964e-20, 3.49965176221e-19, 3.69754877841e-19, 5.25755583748e-19, 8.5161800939e-19, 5.99191541158e-19, 7.41937168888e-19, 1.97974429958e-18, 1.90711494667e-18, 3.2811905707e-18, 7.1690676627e-18, 4.29768925082e-18, 3.12945131837e-18, 4.60252102298e-18, 1.03412010871e-17, 8.86793203194e-18, 9.56157591513e-18, 1.06005023568e-17, 1.25043693788e-17, 2.00430097586e-17, 2.54813500549e-17, 1.84182434015e-17, 1.80231951758e-17, 2.14577847368e-17, 1.47766469292e-17, 1.50061415727e-17, 1.79470631266e-17, 1.98469514098e-17, 9.61142595474e-18, 7.69350347978e-18, 6.54215864338e-18, 4.08147623282e-18, 1.29052231716e-18, 3.43457229355e-19, 3.70257997524e-20],
        "stdev": [2.69331979752, 13.4789447784, 22.9216251373, 20.6469612122, 17.4040966034, 15.5762891769, 28.6065158844, 36.6774177551, 23.4820842743, 39.7773742676, 42.3359832764, 45.1097335815, 58.4620323181, 140.473571777, 43.9988708496, 42.2321548462, 53.6760253906, 59.6571426392, 37.6630020142, 19.9761791229, 17.3533535004, 19.418794632, 15.6849346161, 11.5298013687, 8.93993282318, 10.9595756531, 9.75380706787, 13.652173996, 13.0316457748, 16.1413764954, 15.6837730408, 18.844083786, 15.0044183731, 12.491019249, 5.19230651855, 2.49102115631, 0.795432925224, 0.0826450064778, 0.00194544135593, 0.000131991881062],
        "var": [7.25397109985, 181.681945801, 525.400878906, 426.29699707, 302.902587891, 242.620788574, 818.332763672, 1345.23291016, 551.408325195, 1582.23962402, 1792.33532715, 2034.88818359, 3417.80908203, 19732.8222656, 1935.90075684, 1783.55493164, 2881.11572266, 3558.97485352, 1418.50158691, 399.04776001, 301.138885498, 377.089569092, 246.017181396, 132.936309814, 79.9223937988, 120.112297058, 95.1367492676, 186.381866455, 169.823791504, 260.544006348, 245.980743408, 355.099517822, 225.132568359, 156.02557373, 26.9600486755, 6.20518636703, 0.63271355629, 0.00683019682765, 3.78474192075e-06, 1.74218577342e-08]
    },
    "gfcc": {
        "mean": [-107.722946167, 120.204055786, -95.4025497437, -6.1045255661, -78.9082794189, 1.13804042339, -47.7567138672, 2.65291142464, -28.1092967987, -4.83409023285, -13.1630916595, -0.0872792601585, -15.1007623672],
        "cov": [[25128.6972656, -2672.72436523, 696.752807617, 2573.11279297, 1078.98535156, 1878.17797852, 14.5464248657, 781.955688477, 511.856903076, 1441.18359375, -96.1807785034, 573.446960449, 140.604110718], [-2672.72436523, 2773.15527344, -353.790588379, -860.150085449, -114.774307251, -780.521850586, -22.3199558258, -341.649902344, -29.2768878937, -541.383544922, 196.862640381, -317.951568604, 47.2359237671], [696.752807617, -353.790588379, 462.338195801, 388.431274414, 169.606491089, 292.848693848, 150.766357422, 125.391456604, 132.279983521, 180.777603149, 36.7213554382, 99.9837188721, 72.9244842529], [2573.11279297, -860.150085449, 388.431274414, 897.851379395, 267.157867432, 528.956054688, 195.777633667, 256.12121582, 257.17868042, 318.957122803, 30.7711315155, 176.658950806, 108.460891724], [1078.98535156, -114.774307251, 169.606491089, 267.157867432, 420.727844238, 240.587799072, 162.894073486, 159.827163696, 149.627670288, 225.798492432, 43.2481994629, 84.1796035767, 101.135482788], [1878.17797852, -780.521850586, 292.848693848, 528.956054688, 240.587799072, 575.998046875, 217.425476074, 182.570144653, 183.751190186, 370.438415527, 19.9949760437, 143.246490479, 91.3441772461], [14.5464248657, -22.3199558258, 150.766357422, 195.777633667, 162.894073486, 217.425476074, 276.686706543, 108.210296631, 138.092636108, 130.299972534, 66.0799636841, 51.1272735596, 99.6503601074], [781.955688477, -341.649902344, 125.391456604, 256.12121582, 159.827163696, 182.570144653, 108.210296631, 208.504623413, 100.699531555, 126.702674866, 2.77075433731, 93.8255462646, 54.1064720154], [511.856903076, -29.2768878937, 132.279983521, 257.17868042, 149.627670288, 183.751190186, 138.092636108, 100.699531555, 211.679016113, 127.895896912, 58.8436279297, 52.2560157776, 85.1176376343], [1441.18359375, -541.383544922, 180.777603149, 318.957122803, 225.798492432, 370.438415527, 130.299972534, 126.702674866, 127.895896912, 362.805786133, 42.5615196228, 93.4488143921, 70.1569976807], [-96.1807785034, 196.862640381, 36.7213554382, 30.7711315155, 43.2481994629, 19.9949760437, 66.0799636841, 2.77075433731, 58.8436279297, 42.5615196228, 112.643913269, -10.6903562546, 34.0910301208], [573.446960449, -317.951568604, 99.9837188721, 176.658950806, 84.1796035767, 143.246490479, 51.1272735596, 93.8255462646, 52.2560157776, 93.4488143921, -10.6903562546, 104.596763611, 19.6626815796], [140.604110718, 47.2359237671, 72.9244842529, 108.460891724, 101.135482788, 91.3441772461, 99.6503601074, 54.1064720154, 85.1176376343, 70.1569976807, 34.0910301208, 19.6626815796, 113.248947144]],
        "icov": [[9.15011332836e-05, -0.000182623916771, 0.000136796501465, -0.000316745077725, 2.47815592047e-06, -0.000280258507701, 0.000373545306502, -0.000198808280402, 0.000256009079749, -0.000312649412081, 0.000207154967939, -0.000126641665702, 0.000128862142446], [-0.000182623916771, 0.00204375362955, -0.000352764531272, 0.00146461324766, -0.00122363283299, 0.00150856177788, -0.00128316576593, 0.00171399547253, -0.00207807775587, 0.0025204482954, -0.00242647714913, 0.00185085285921, -0.00120550871361], [0.000136796501465, -0.000352764531272, 0.00403887964785, -0.001560180448, -0.000246674171649, -0.00117043429054, 7.00395366948e-06, 8.52697630762e-05, 0.000767982099205, -0.000217971639358, -0.000294210913125, -0.00152659707237, -0.000100371973531], [-0.000316745077725, 0.00146461324766, -0.001560180448, 0.0051634372212, -0.000561956490856, -0.00129220599774, -5.99157356191e-05, -0.000263479538262, -0.00358519819565, 0.00306552392431, -0.00216039828956, 0.000480032380437, -0.00107285263948], [2.47815592047e-06, -0.00122363283299, -0.000246674171649, -0.000561956490856, 0.0056934193708, 0.000483962765429, -0.000479181559058, -0.00262881745584, 0.000297896476695, -0.00398135604337, 0.00185375136789, -0.00148069811985, -0.000651267822832], [-0.000280258507701, 0.00150856177788, -0.00117043429054, -0.00129220599774, 0.000483962765429, 0.0119800977409, -0.00567136565223, 0.00260160700418, -0.00202507665381, -0.00565196713433, 0.00196903804317, -0.000654290139209, -9.34268609853e-05], [0.000373545306502, -0.00128316576593, 7.00395366948e-06, -5.99157356191e-05, -0.000479181559058, -0.00567136565223, 0.010570762679, -0.00324750249274, 5.21337642567e-05, 0.000923298881389, -0.00201470521279, -0.000535608269274, -0.00253496575169], [-0.000198808280402, 0.00171399547253, 8.52697630762e-05, -0.000263479538262, -0.00262881745584, 0.00260160700418, -0.00324750249274, 0.0127088772133, -0.00254716724157, 0.00161874119658, -0.00024778326042, -0.00452001625672, -0.00146471057087], [0.000256009079749, -0.00207807775587, 0.000767982099205, -0.00358519819565, 0.000297896476695, -0.00202507665381, 5.21337642567e-05, -0.00254716724157, 0.01329964865, -0.00232521328144, -0.000797854794655, -0.00188621983398, -0.00196142750792], [-0.000312649412081, 0.0025204482954, -0.000217971639358, 0.00306552392431, -0.00398135604337, -0.00565196713433, 0.000923298881389, 0.00161874119658, -0.00232521328144, 0.0141228213906, -0.00678560649976, 0.00170922861435, -0.00218570185825], [0.000207154967939, -0.00242647714913, -0.000294210913125, -0.00216039828956, 0.00185375136789, 0.00196903804317, -0.00201470521279, -0.00024778326042, -0.000797854794655, -0.00678560649976, 0.0167052131146, 0.000346728862496, 0.00137529103085], [-0.000126641665702, 0.00185085285921, -0.00152659707237, 0.000480032380437, -0.00148069811985, -0.000654290139209, -0.000535608269274, -0.00452001625672, -0.00188621983398, 0.00170922861435, 0.000346728862496, 0.0222371723503, 0.000782939139754], [0.000128862142446, -0.00120550871361, -0.000100371973531, -0.00107285263948, -0.000651267822832, -9.34268609853e-05, -0.00253496575169, -0.00146471057087, -0.00196142750792, -0.00218570185825, 0.00137529103085, 0.000782939139754, 0.0161306783557]]
    },
    "melbands": {
        "dmean": [0.0046644997783, 0.00310878641903, 0.00102076167241, 0.000340799160767, 0.000325573870214, 0.000334762764396, 0.000165304780239, 0.000124466780107, 0.000104929444205, 6.74146576785e-05, 7.71570848883e-05, 0.000125551378005, 5.33017118869e-05, 4.14431669924e-05, 3.97794065066e-05, 5.11506805196e-05, 2.40143745032e-05, 1.93738633243e-05, 1.13891637739e-05, 5.00642636325e-06, 8.49634216138e-06, 7.0874893936e-06, 7.55143582865e-06, 3.30936222781e-06, 3.08988501274e-06, 2.28973021876e-06, 2.82444329969e-06, 2.27466603064e-06, 2.42382839133e-06, 2.28642034017e-06, 2.45158480539e-06, 1.91479102796e-06, 3.13026589538e-06, 2.86509521175e-06, 2.65100106844e-06, 2.01472926165e-06, 2.99866087516e-06, 3.29952490574e-06, 3.14300041282e-06, 3.79647804039e-06],
        "dmean2": [0.00696249678731, 0.00505588576198, 0.0018906641053, 0.000617519894149, 0.000553218065761, 0.000577902654186, 0.000279277883237, 0.000206560958759, 0.000168786762515, 0.000101945559436, 0.00012581012561, 0.000231966521824, 9.72260386334e-05, 7.4028983363e-05, 7.09527084837e-05, 8.8741457148e-05, 3.86225256079e-05, 3.17106823786e-05, 1.82664061867e-05, 8.33689227875e-06, 1.46739330376e-05, 1.20863332995e-05, 1.32422874231e-05, 5.20899266121e-06, 4.95906124343e-06, 3.79241510018e-06, 5.04433273818e-06, 3.99205600843e-06, 4.2212268454e-06, 3.89031674786e-06, 4.0869458644e-06, 2.99956900562e-06, 5.26025723957e-06, 4.66193159809e-06, 4.23245001002e-06, 3.02756529891e-06, 4.63747119284e-06, 5.54949656362e-06, 5.51903849555e-06, 6.9578345574e-06],
        "dvar": [0.000386165105738, 0.000200171678443, 2.02398132387e-05, 2.14790338759e-06, 7.87357919307e-07, 5.33763738986e-07, 9.65940216702e-08, 1.40492801393e-07, 7.45538244473e-08, 4.32164917186e-08, 7.26508631033e-08, 6.07774097716e-07, 7.37653849114e-08, 1.79653838472e-08, 1.28985266912e-08, 1.74902172745e-08, 6.06421624028e-09, 3.1369487008e-09, 1.8034482796e-09, 1.89489715585e-10, 4.07473194075e-10, 3.5386119035e-10, 7.14546921632e-10, 8.18922568646e-11, 7.24791615614e-11, 3.64281139975e-11, 1.09526249181e-10, 6.99516347624e-11, 5.59474376549e-11, 4.34588129372e-11, 7.60441778991e-11, 3.55477348946e-11, 9.13652278833e-11, 8.66142157996e-11, 5.39168119873e-11, 6.0008664704e-11, 1.16364758107e-10, 1.12566601873e-10, 2.24479462796e-10, 1.87399581963e-10],
        "dvar2": [0.000752620224375, 0.000510006677359, 5.9178990341e-05, 6.2853973759e-06, 2.22883795686e-06, 1.37590518534e-06, 2.31485529412e-07, 3.22445885104e-07, 1.64743767073e-07, 8.63213216462e-08, 1.89988639931e-07, 1.78114805749e-06, 2.13893343926e-07, 5.06158315261e-08, 3.40755192951e-08, 4.59928592988e-08, 1.20994831931e-08, 7.60632534735e-09, 3.6059273345e-09, 4.60961546711e-10, 1.07790432136e-09, 9.66697721871e-10, 1.95046112594e-09, 1.91759469415e-10, 1.74645520268e-10, 9.2287483211e-11, 3.09576642099e-10, 1.93867602527e-10, 1.53177817652e-10, 1.10372440354e-10, 2.00345906531e-10, 8.48286996202e-11, 2.32091637575e-10, 2.11170178566e-10, 1.14180519206e-10, 1.29661781312e-10, 2.45513470665e-10, 2.92760843346e-10, 6.30419993985e-10, 5.30249566477e-10],
        "max": [0.165430516005, 0.128547430038, 0.042094156146, 0.0201508812606, 0.00881163775921, 0.00994910672307, 0.00464898487553, 0.00610849587247, 0.00445280456915, 0.0039130570367, 0.00385144702159, 0.010328293778, 0.00340217980556, 0.00163656519726, 0.00115509144962, 0.00110530364327, 0.00119446124882, 0.000903655716684, 0.000877344515175, 0.000137793409522, 0.000182269563084, 0.000178655915079, 0.000273842480965, 0.000146881895489, 0.00011566527246, 8.71534793987e-05, 0.000116730443551, 0.000106431420136, 0.000109594897367, 7.61421542848e-05, 0.000108786174678, 7.25562349544e-05, 9.07034700504e-05, 0.000192979234271, 0.000123645106214, 0.000184542121133, 0.000195961649297, 0.000113391361083, 0.000167839563801, 0.000165499615832],
        "mean": [0.00570430187508, 0.00284881098196, 0.000884756387677, 0.000338190497132, 0.000495692773256, 0.00056396110449, 0.000252344965702, 0.000168942584423, 0.000174453962245, 0.000106250219687, 0.00010830321844, 9.37370787142e-05, 4.49060789833e-05, 3.6352139432e-05, 3.78364529752e-05, 4.66743294965e-05, 3.00122501358e-05, 2.01163329621e-05, 1.20617432913e-05, 5.44191561858e-06, 9.26216216612e-06, 7.52293271944e-06, 6.88173349772e-06, 3.90557897845e-06, 3.58702345693e-06, 2.42381679527e-06, 2.21413233703e-06, 1.89259571926e-06, 2.03835497814e-06, 1.95510961021e-06, 2.34917547459e-06, 2.11165843211e-06, 2.74953276858e-06, 2.54628298535e-06, 2.46183049057e-06, 2.14813621824e-06, 2.96640223496e-06, 2.70429495686e-06, 2.43988984039e-06, 2.59617627307e-06],
        "median": [6.76036393088e-07, 4.62356983917e-05, 0.000184175427421, 0.000100744167867, 0.000241397501668, 0.000352288974682, 0.000148342805915, 5.44361682842e-05, 9.13146286621e-05, 3.92964066123e-05, 1.97062909137e-05, 1.17450072139e-05, 9.40858262766e-06, 7.03544537828e-06, 5.85812631471e-06, 4.69987571705e-06, 9.10528058284e-07, 1.2590892311e-06, 3.76696590365e-07, 1.90168748304e-07, 3.12582159268e-07, 2.4927877007e-07, 2.26381345669e-07, 3.06995190158e-07, 2.00937748218e-07, 5.99567826498e-08, 3.75147912735e-08, 2.08599004736e-08, 1.34849917899e-08, 1.02727231166e-08, 9.61627488749e-09, 1.32553781285e-08, 1.68490821295e-08, 2.04386108038e-08, 2.00035792375e-08, 9.03809649344e-09, 4.40198189011e-09, 4.5994283937e-09, 4.01535116268e-09, 3.79648801285e-09],
        "min": [1.78160054481e-24, 5.57281004618e-24, 2.45580150354e-24, 3.14555130513e-24, 1.12999449513e-23, 9.84265853521e-24, 7.79076821186e-24, 9.02987305646e-24, 4.88038107574e-24, 4.91831029692e-24, 9.59289018426e-24, 7.40286873868e-24, 8.73749596143e-24, 1.90196020857e-23, 1.54093706866e-23, 7.40312906278e-24, 5.8021678045e-24, 6.72552515533e-24, 1.15671755272e-23, 1.79531504942e-23, 7.76258221171e-24, 9.39997898305e-24, 1.24739845484e-23, 7.39816949427e-24, 9.99235988033e-24, 1.3495206011e-23, 1.53299150385e-23, 1.86221755393e-23, 1.27857762991e-23, 9.72664628391e-24, 1.08934985693e-23, 1.21380276215e-23, 1.05914492507e-23, 6.63472963172e-24, 8.03970037025e-24, 9.84202981307e-24, 1.13396885525e-23, 1.40972709647e-23, 1.11025230434e-23, 7.51816864859e-24],
        "stdev": [0.0209244973958, 0.0126448357478, 0.00339907105081, 0.00113916653208, 0.000915806274861, 0.000787724449765, 0.000369988731109, 0.000411874352721, 0.000324128894135, 0.000294453406241, 0.000294375087833, 0.000577571918257, 0.000206115917535, 0.000111022854981, 0.000106354375021, 0.000132373126689, 0.00011458631343, 6.54803297948e-05, 5.00382338942e-05, 1.52824795805e-05, 2.20909369091e-05, 1.85140579561e-05, 2.31026660913e-05, 1.14093736556e-05, 9.64916034718e-06, 6.54817540635e-06, 8.39557742438e-06, 6.97384439263e-06, 6.49575986245e-06, 6.20778200755e-06, 8.07949800219e-06, 6.52582821203e-06, 9.13105850486e-06, 9.46765976551e-06, 8.85099598236e-06, 9.77188301476e-06, 1.26971308418e-05, 9.80297227215e-06, 1.21081111502e-05, 1.07423056761e-05],
        "var": [0.000437834620243, 0.000159891875228, 1.15536840894e-05, 1.29770035073e-06, 8.38701168959e-07, 6.20509808869e-07, 1.36891657121e-07, 1.69640486547e-07, 1.05059548616e-07, 8.6702812041e-08, 8.66566907121e-08, 3.33589326829e-07, 4.2483772944e-08, 1.23260743834e-08, 1.13112532674e-08, 1.75226464449e-08, 1.31300224027e-08, 4.28767377159e-09, 2.50382492517e-09, 2.33554203755e-10, 4.88009521682e-10, 3.42770367645e-10, 5.33733168773e-10, 1.30173802293e-10, 9.31063004472e-11, 4.28785999762e-11, 7.04857144873e-11, 4.86345026751e-11, 4.21948968821e-11, 3.85365593603e-11, 6.52782897181e-11, 4.25864309095e-11, 8.33762225927e-11, 8.96365898173e-11, 7.83401260529e-11, 9.54896994809e-11, 1.61217122985e-10, 9.6098261293e-11, 1.46606365936e-10, 1.15397122413e-10]
    },
    "melbands128": {
