{
"lowlevel": {
    "average_loudness": 0.934670388699,
    "barkbands_crest": {
        "dmean": 2.80923819542,
        "dmean2": 4.47315692902,
        "dvar": 6.41850376129,
        "dvar2": 16.4154949188,
        "max": 25.670337677,
        "mean": 10.6671352386,
        "median": 10.0898208618,
        "min": 3.56118369102,
        "stdev": 3.92740130424,
        "var": 15.4244804382
    },
    "barkbands_flatness_db": {
        "dmean": 0.0227606184781,
        "dmean2": 0.0350825935602,
        "dvar": 0.000432132423157,
        "dvar2": 0.000989398104139,
        "max": 0.310719907284,
        "mean": 0.145825490355,
        "median": 0.138178482652,
        "min": 0.0316814295948,
        "stdev": 0.0432731956244,
        "var": 0.00187256955542
    },
    "barkbands_kurtosis": {
        "dmean": 2.98578929901,
        "dmean2": 4.78818082809,
        "dvar": 29.6760807037,
        "dvar2": 70.5140457153,
        "max": 91.9452209473,
        "mean": 4.60607433319,
        "median": 2.85196018219,
        "min": -1.91404294968,
        "stdev": 6.70598077774,
        "var": 44.9701805115
    },
    "barkbands_skewness": {
        "dmean": 0.545026600361,
        "dmean2": 0.816955685616,
        "dvar": 0.423021286726,
        "dvar2": 0.870670258999,
        "max": 8.7537651062,
        "mean": 1.59062790871,
        "median": 1.48804724216,
        "min": -3.3043076992,
        "stdev": 1.06992661953,
        "var": 1.14474308491
    },
    "barkbands_spread": {
        "dmean": 5.78555059433,
        "dmean2": 8.86115455627,
        "dvar": 73.0652694702,
        "dvar2": 154.895370483,
        "max": 113.779197693,
        "mean": 19.435092926,
        "median": 16.4936771393,
        "min": 1.62471675873,
        "stdev": 14.7786846161,
        "var": 218.40953064
    },
    "dissonance": {
        "dmean": 0.0248131714761,
        "dmean2": 0.0411024875939,
        "dvar": 0.000496619031765,
        "dvar2": 0.00137693400029,
        "max": 0.500000059605,
        "mean": 0.456469804049,
        "median": 0.462449461222,
        "min": 0.274930030107,
        "stdev": 0.0317759625614,
        "var": 0.00100971176289
    },
    "dynamic_complexity": 3.79000759125,
    "erbbands_crest": {
        "dmean": 3.32317447662,
        "dmean2": 5.38841104507,
        "dvar": 9.03868961334,
        "dvar2": 23.1286411285,
        "max": 28.3103199005,
        "mean": 10.645860672,
        "median": 9.67471027374,
        "min": 2.59358525276,
        "stdev": 4.72298336029,
        "var": 22.3065700531
    },
    "erbbands_flatness_db": {
        "dmean": 0.0210188943893,
        "dmean2": 0.032047867775,
        "dvar": 0.000385892286431,
        "dvar2": 0.000824047077913,
        "max": 0.352561175823,
        "mean": 0.166295453906,
        "median": 0.161533609033,
        "min": 0.0571897663176,
        "stdev": 0.0499584414065,
        "var": 0.00249584577978
    },
    "erbbands_kurtosis": {
        "dmean": 1.39597499371,
        "dmean2": 2.24949431419,
        "dvar": 3.04184818268,
        "dvar2": 7.93204450607,
        "max": 17.5949802399,
        "mean": 1.62073647976,
        "median": 0.841778516769,
        "min": -1.70805215836,
        "stdev": 2.5397541523,
        "var": 6.45035076141
    },
    "erbbands_skewness": {
        "dmean": 0.422002881765,
        "dmean2": 0.658328652382,
        "dvar": 0.196470022202,
        "dvar2": 0.445438027382,
        "max": 3.94330883026,
        "mean": 0.800457596779,
        "median": 0.809345185757,
        "min": -3.42789697647,
        "stdev": 0.821222364902,
        "var": 0.674406170845
    },
    "erbbands_spread": {
        "dmean": 8.68704223633,
        "dmean2": 13.2269496918,
        "dvar": 93.9417114258,
        "dvar2": 210.938156128,
        "max": 119.10093689,
        "mean": 32.7154884338,
        "median": 29.2660045624,
        "min": 3.96159768105,
        "stdev": 17.3158740997,
        "var": 299.839508057
    },
    "hfc": {
        "dmean": 7.21300983429,
        "dmean2": 10.2223396301,
        "dvar": 128.631149292,
        "dvar2": 215.24937439,
        "max": 212.246673584,
        "mean": 23.0450153351,
        "median": 16.9825572968,
        "min": 1.21479533001e-16,
        "stdev": 24.5200405121,
        "var": 601.23236084
    },
    "loudness_ebu128": {
        "integrated": -11.0550365448,
        "loudness_range": 8.20589447021,
        "momentary": {
            "dmean": 0.712141096592,
            "dmean2": 0.712751805782,
            "dvar": 0.609660565853,
            "dvar2": 0.802565157413,
            "max": -8.02498435974,
            "mean": -12.7808895111,
            "median": -10.9869346619,
            "min": -27.5311927795,
            "stdev": 4.39680957794,
            "var": 19.3319339752
        },
        "short_term": {
            "dmean": 0.119694687426,
            "dmean2": 0.0856441855431,
            "dvar": 0.0193085931242,
            "dvar2": 0.00946568511426,
            "max": -9.62647914886,
            "mean": -12.3211841583,
            "median": -10.4488544464,
            "min": -20.9876117706,
            "stdev": 3.28343558311,
            "var": 10.7809486389
        }
    },
    "melbands_crest": {
        "dmean": 3.27084493637,
        "dmean2": 5.27739477158,
        "dvar": 9.20966625214,
        "dvar2": 23.4322433472,
        "max": 30.3687858582,
        "mean": 13.2371864319,
        "median": 12.3007745743,
        "min": 1.92950344086,
        "stdev": 4.78878593445,
        "var": 22.9324703217
    },
    "melbands_flatness_db": {
        "dmean": 0.0253881383687,
        "dmean2": 0.0380632281303,
        "dvar": 0.000574353383854,
        "dvar2": 0.00122931506485,
        "max": 0.405472189188,
        "mean": 0.194252744317,
        "median": 0.189654290676,
        "min": 0.00587822310627,
        "stdev": 0.0517140999436,
        "var": 0.00267434795387
    },
    "melbands_kurtosis": {
        "dmean": 6.44439029694,
        "dmean2": 10.0874166489,
        "dvar": 175.258987427,
        "dvar2": 406.975738525,
        "max": 229.253494263,
        "mean": 11.0208024979,
        "median": 6.82933807373,
        "min": -1.79986584187,
        "stdev": 15.5298500061,
        "var": 241.176254272
    },
    "melbands_skewness": {
        "dmean": 0.720571815968,
        "dmean2": 1.06329119205,
        "dvar": 0.704680025578,
        "dvar2": 1.49569487572,
        "max": 11.676320076,
        "mean": 2.23506307602,
        "median": 2.00266361237,
        "min": -2.34096026421,
        "stdev": 1.42524838448,
        "var": 2.03133296967
    },
    "melbands_spread": {
        "dmean": 6.77804613113,
        "dmean2": 10.0388393402,
        "dvar": 158.35168457,
        "dvar2": 323.913330078,
        "max": 187.484664917,
        "mean": 21.0924797058,
        "median": 17.0428218842,
        "min": 1.41737604141,
        "stdev": 18.112859726,
        "var": 328.075653076
    },
    "pitch_salience": {
        "dmean": 0.0743569284678,
        "dmean2": 0.119896493852,
        "dvar": 0.00476914457977,
        "dvar2": 0.0111345741898,
        "max": 0.880519270897,
        "mean": 0.556805849075,
        "median": 0.560804188251,
        "min": 0.119696296751,
        "stdev": 0.126678928733,
        "var": 0.0160475503653
    },
    "silence_rate_20dB": {
        "dmean": 0,
        "dmean2": 0,
        "dvar": 0,
        "dvar2": 0,
        "max": 1,
        "mean": 1,
        "median": 1,
        "min": 1,
        "stdev": 0,
        "var": 0
    },
    "silence_rate_30dB": {
        "dmean": 0.00464396271855,
        "dmean2": 0.00929511990398,
        "dvar": 0.00462232483551,
        "dvar2": 0.0123073328286,
        "max": 1,
        "mean": 0.996906399727,
        "median": 1,
        "min": 0,
        "stdev": 0.0555335842073,
        "var": 0.00308397901244
    },
    "silence_rate_60dB": {
        "dmean": 0.0363777093589,
        "dmean2": 0.0720371827483,
        "dvar": 0.0350545272231,
        "dvar2": 0.0761423110962,
        "max": 1,
        "mean": 0.119876258075,
        "median": 0,
        "min": 0,
        "stdev": 0.324817687273,
        "var": 0.105506539345
    },
    "spectral_centroid": {
        "dmean": 244.788574219,
        "dmean2": 361.859130859,
        "dvar": 178452.671875,
        "dvar2": 266959.125,
        "max": 10934.0644531,
        "mean": 1194.37011719,
        "median": 1133.6348877,
        "min": 236.681274414,
        "stdev": 636.172241211,
        "var": 404715.09375
    },
    "spectral_complexity": {
        "dmean": 3.52941179276,
        "dmean2": 5.15956640244,
        "dvar": 13.5262050629,
        "dvar2": 26.2766304016,
        "max": 47,
        "mean": 15.9211139679,
        "median": 15,
        "min": 0,
        "stdev": 8.17149925232,
        "var": 66.7734069824
    },
    "spectral_decrease": {
        "dmean": 2.46240827728e-09,
        "dmean2": 3.66402863605e-09,
        "dvar": 1.23115701216e-17,
        "dvar2": 2.8220378328e-17,
        "max": 5.44672322804e-30,
        "mean": -6.89750301319e-09,
        "median": -5.74078029558e-09,
        "min": -3.522369596e-08,
        "stdev": 6.2475939977e-09,
        "var": 3.90324296449e-17
    },
    "spectral_energy": {
        "dmean": 0.00968382507563,
        "dmean2": 0.0144580472261,
        "dvar": 0.000185506840353,
        "dvar2": 0.000423163437517,
        "max": 0.136905565858,
        "mean": 0.0281230602413,
        "median": 0.024121792987,
        "min": 1.09979906683e-20,
        "stdev": 0.0248155668378,
        "var": 0.000615812372416
    },
    "spectral_energyband_high": {
        "dmean": 0.000487091281684,
        "dmean2": 0.000686013197992,
        "dvar": 1.69193867805e-06,
        "dvar2": 2.50817674896e-06,
        "max": 0.0251010358334,
        "mean": 0.000996164977551,
        "median": 0.000434685411165,
        "min": 8.09456329225e-21,
        "stdev": 0.00240119406953,
        "var": 5.76573256694e-06
    },
    "spectral_energyband_low": {
        "dmean": 0.00415032403544,
        "dmean2": 0.00621733767912,
        "dvar": 9.49699533521e-05,
        "dvar2": 0.000237042942899,
        "max": 0.10637011379,
        "mean": 0.00875698868185,
        "median": 0.00156829413027,
        "min": 4.47173692734e-23,
        "stdev": 0.0149391386658,
        "var": 0.000223177863518
    },
    "spectral_energyband_middle_high": {
        "dmean": 0.00222728191875,
        "dmean2": 0.00304471282288,
        "dvar": 1.17561994557e-05,
        "dvar2": 2.15968575503e-05,
        "max": 0.0462848767638,
        "mean": 0.00643480801955,
        "median": 0.00266815372743,
        "min": 1.49046990682e-21,
        "stdev": 0.00769029790536,
        "var": 5.91406787862e-05
    },
    "spectral_energyband_middle_low": {
        "dmean": 0.006509127561,
        "dmean2": 0.00998003408313,
        "dvar": 9.57389202085e-05,
        "dvar2": 0.000225855692406,
        "max": 0.109516330063,
        "mean": 0.0124862007797,
        "median": 0.00799759477377,
        "min": 3.53699784404e-22,
        "stdev": 0.0134286256507,
        "var": 0.000180327988346
    },
    "spectral_entropy": {
        "dmean": 0.193980112672,
        "dmean2": 0.288384526968,
        "dvar": 0.0342820063233,
        "dvar2": 0.0728425607085,
        "max": 9.79213523865,
        "mean": 7.53658914566,
        "median": 7.56148958206,
        "min": 6.17436647415,
        "stdev": 0.417807281017,
        "var": 0.174562931061
    },
    "spectral_flux": {
        "dmean": 0.025994528085,
        "dmean2": 0.0401381663978,
        "dvar": 0.000805912306532,
        "dvar2": 0.00184129027184,
        "max": 0.296770781279,
        "mean": 0.0900708734989,
        "median": 0.0851633325219,
        "min": 1.04871306084e-10,
        "stdev": 0.0547322668135,
        "var": 0.00299562094733
    },
    "spectral_kurtosis": {
        "dmean": 1.55471634865,
        "dmean2": 2.53503656387,
        "dvar": 4.916659832,
        "dvar2": 12.9336862564,
        "max": 45.2956962585,
        "mean": 4.76126813889,
        "median": 3.97027254105,
        "min": -1.15085864067,
        "stdev": 3.50302815437,
        "var": 12.2712059021
    },
    "spectral_rms": {
        "dmean": 0.000841107510496,
        "dmean2": 0.00121580413543,
        "dvar": 9.09584969122e-07,
        "dvar2": 1.87080127034e-06,
        "max": 0.0115570938215,
        "mean": 0.00466468185186,
        "median": 0.00485112937167,
        "min": 3.27562933375e-12,
        "stdev": 0.00238281325437,
        "var": 5.67779852645e-06
    },
    "spectral_rolloff": {
        "dmean": 480.896636963,
        "dmean2": 795.579101562,
        "dvar": 1670189.75,
        "dvar2": 3523676.5,
        "max": 18884.6191406,
        "mean": 1399.17260742,
        "median": 1012.06054688,
        "min": 86.1328125,
        "stdev": 1596.75012207,
        "var": 2549611
    },
    "spectral_skewness": {
        "dmean": 0.237422600389,
        "dmean2": 0.368506789207,
        "dvar": 0.0601564310491,
        "dvar2": 0.140689209104,
        "max": 4.74932003021,
        "mean": 1.75413584709,
        "median": 1.69795584679,
        "min": -0.0198306031525,
        "stdev": 0.504169583321,
        "var": 0.254186958075
    },
    "spectral_spread": {
        "dmean": 678589.75,
        "dmean2": 979203.25,
        "dvar": 1.35387742208e+12,
        "dvar2": 1.82178925773e+12,
        "max": 38956608,
        "mean": 5236261,
        "median": 5158928,
        "min": 1288817.625,
        "stdev": 1959656.625,
        "var": 3.84025414861e+12
    },
    "spectral_strongpeak": {
        "dmean": 0.617141723633,
        "dmean2": 1.03233444691,
        "dvar": 0.80841165781,
        "dvar2": 1.95274281502,
        "max": 7.64904165268,
        "mean": 1.1283390522,
        "median": 0.528395712376,
        "min": 1.85324644519e-09,
        "stdev": 1.31194972992,
        "var": 1.72121202946
    },
    "zerocrossingrate": {
        "dmean": 0.0122916866094,
        "dmean2": 0.0142263444141,
        "dvar": 0.000438024289906,
        "dvar2": 0.00048379341024,
        "max": 0.490234375,
        "mean": 0.0636767074466,
        "median": 0.05615234375,
        "min": 0.00732421875,
        "stdev": 0.0400690622628,
        "var": 0.00160552968737
    },
    "barkbands": {
        "dmean": [4.42055716121e-06, 0.00227499427274, 0.00203835661523, 0.000791593338363, 0.0013249614276, 0.00234272284433, 0.00268305605277, 0.00091996503761, 0.00128268240951, 0.0011043708073, 0.000595446035732, 0.000436739966972, 0.000465210148832, 0.000340191880241, 0.00033180275932, 0.000187805562746, 0.000147699407535, 0.00020459658117, 0.000146064485307, 6.8057597673e-05, 9.04641128727e-05, 0.000100115161331, 0.000106413783215, 0.000116276081826, 0.000120550575957, 3.08982052957e-05, 2.73813975582e-06],
        "dmean2": [7.38831249691e-06, 0.00326723977923, 0.00326323485933, 0.00134403491393, 0.00218097236939, 0.00371201359667, 0.00415805308148, 0.00152310368139, 0.00215815939009, 0.00161300238688, 0.000870140211191, 0.000687052262947, 0.000695499940775, 0.000527272175532, 0.000491141574457, 0.000286319234874, 0.000235440937104, 0.000309209804982, 0.000222116548684, 0.000107095242129, 0.000138942050398, 0.000151696702233, 0.000159778879606, 0.000161307572853, 0.000181119787158, 4.70579288958e-05, 4.39247060058e-06],
        "dvar": [3.71950165112e-10, 3.36880984833e-05, 2.75836755463e-05, 3.64860898117e-06, 6.69744486004e-06, 3.02062217088e-05, 4.60204137198e-05, 1.13630712804e-05, 1.29832569655e-05, 6.25219763606e-06, 3.02321609524e-06, 1.13534213142e-06, 1.30552598421e-06, 5.82083089284e-07, 6.8831786848e-07, 1.58130603722e-07, 5.57815624802e-08, 1.6827002014e-07, 9.33170412054e-08, 1.24370220789e-08, 5.32520481045e-08, 5.96702278699e-08, 1.27117644411e-07, 1.70008121358e-07, 1.09680051708e-07, 1.05495994163e-08, 5.71533688432e-11],
        "dvar2": [9.32635080275e-10, 7.73915089667e-05, 7.10977255949e-05, 9.45584270085e-06, 1.73861462827e-05, 7.40414179745e-05, 0.000104451624793, 2.82216042251e-05, 3.2519830711e-05, 1.22671281133e-05, 6.25443135505e-06, 2.72425154435e-06, 2.80537869912e-06, 1.26951215407e-06, 1.52494840222e-06, 3.71192726334e-07, 1.34610530722e-07, 3.26650933857e-07, 2.06759992238e-07, 3.10988674812e-08, 1.03012510522e-07, 1.14716058874e-07, 2.32700813285e-07, 2.61850033212e-07, 2.00882837476e-07, 2.0030523018e-08, 1.24777521648e-10],
        "max": [0.000266997318249, 0.0612649694085, 0.056363131851, 0.0210228059441, 0.0407200157642, 0.106391385198, 0.0696074515581, 0.0646273046732, 0.0493636056781, 0.0405264347792, 0.0373495928943, 0.0149088623002, 0.0166902132332, 0.0136036267504, 0.0110346702859, 0.00795402005315, 0.00297336699441, 0.00788627564907, 0.00463154120371, 0.00118956947699, 0.00445833522826, 0.00418809242547, 0.00783904455602, 0.00913383532315, 0.00705654080957, 0.00268314266577, 0.000161800679052],
        "mean": [3.6204173739e-06, 0.00554022751749, 0.00284907640889, 0.000933786621317, 0.00195696041919, 0.00303187058307, 0.00331515306607, 0.00117865751963, 0.00170823163353, 0.00190694467165, 0.00103191880044, 0.000624961860012, 0.000737313763238, 0.000547519128304, 0.000511872814968, 0.000357911427272, 0.000276311911875, 0.000334040989401, 0.000226985430345, 0.000108178872324, 0.000145453697769, 0.00016608540318, 0.000172634594492, 0.00018962782633, 0.000211729115108, 5.26909498149e-05, 3.26076883539e-06],
        "median": [2.72630103382e-07, 0.00030001878622, 0.000480836082716, 0.000240388180828, 0.00113015295938, 0.00128028995823, 0.000753373838961, 0.000408804742619, 0.000406514096539, 0.000333979813149, 0.000186841687537, 0.000163812859682, 0.000139227224281, 0.000116452923976, 0.000112959380203, 9.39354285947e-05, 0.000110817840323, 0.000121374585433, 7.70046390244e-05, 5.88510301895e-05, 5.91107600485e-05, 5.88316106587e-05, 6.05630557402e-05, 4.84312404296e-05, 6.77737916703e-05, 1.87335062947e-05, 9.0915580131e-07],
        "min": [6.83323780105e-24, 3.04968040823e-23, 5.28773819757e-24, 6.30746121886e-24, 1.95868009651e-23, 9.23684996315e-23, 9.7765046597e-23, 1.99933009896e-23, 1.0350712095e-22, 9.54449183223e-23, 4.25439596607e-23, 1.01778272323e-22, 6.93385511624e-23, 9.47226877646e-23, 1.7704185677e-22, 1.97044415831e-22, 1.19087590834e-22, 2.86876828627e-22, 1.84410196278e-22, 4.50133574581e-22, 3.28042872322e-22, 5.59642159971e-22, 7.12996114101e-22, 8.75739507243e-22, 1.21323273126e-21, 1.95675450598e-21, 2.34681681487e-21],
        "stdev": [1.78281534318e-05, 0.0103768929839, 0.00648976443335, 0.00201347772963, 0.00290253595449, 0.00620846822858, 0.00784496031702, 0.00350843905471, 0.00430754479021, 0.00453299237415, 0.00294829928316, 0.00134998618159, 0.00163978268392, 0.0013133714674, 0.00126485025976, 0.000687907158863, 0.00038563911221, 0.00057934661163, 0.00042636951548, 0.000149646657519, 0.000320314138662, 0.000372085662093, 0.000575492507778, 0.000717031594831, 0.000575926795136, 0.000170458457433, 1.02774656625e-05],
        "var": [3.17843085185e-10, 0.000107679901703, 4.21170443587e-05, 4.05409264204e-06, 8.42471490614e-06, 3.85450766771e-05, 6.15434037172e-05, 1.230914404e-05, 1.85549415619e-05, 2.05480209843e-05, 8.69246832735e-06, 1.82246265013e-06, 2.68888720711e-06, 1.72494446815e-06, 1.59984631409e-06, 4.73216260843e-07, 1.487175183e-07, 3.35642511118e-07, 1.8179095207e-07, 2.23941221122e-08, 1.02601141805e-07, 1.38447745712e-07, 3.31191614578e-07, 5.14134285368e-07, 3.31691666133e-07, 2.90560837612e-08, 1.05626306313e-10]
    },
    "erbbands": {
        "dmean": [0.0228782594204, 0.658519804478, 2.54979157448, 1.87079703808, 3.91656208038, 4.64619445801, 10.6394348145, 21.2098350525, 38.6444282532, 29.3250598907, 18.8950080872, 25.9784126282, 33.2798309326, 33.3905067444, 18.6240921021, 17.2690830231, 19.5449752808, 15.8544607162, 18.7203350067, 11.4430742264, 9.55229473114, 7.60146808624, 9.71433830261, 9.71221923828, 5.53873920441, 3.18806004524, 3.31399178505, 3.88472223282, 3.60486340523, 3.52762103081, 2.71003699303, 2.31799578667, 2.04937696457, 1.50725162029, 0.821307957172, 0.192553237081, 0.0486376062036, 0.00946997944266, 0.000284275971353, 1.62041415024e-05],
        "dmean2": [0.029219346121, 0.955903410912, 4.03916931152, 2.93333125114, 6.66553544998, 7.69380569458, 17.0174427032, 33.8597831726, 59.6559829712, 45.4688606262, 31.5032196045, 43.1741294861, 50.2119178772, 45.000743866, 27.9040813446, 26.8793754578, 28.8429660797, 23.6172809601, 27.3823318481, 16.7884807587, 14.0379199982, 11.9586639404, 14.6501874924, 13.7867841721, 8.51738929749, 4.98020458221, 5.06951236725, 5.86898422241, 5.55024290085, 5.26223468781, 4.13845014572, 3.19483280182, 2.93239855766, 2.20541381836, 1.26330828667, 0.294168710709, 0.0761998519301, 0.0146756572649, 0.000447379163234, 2.39471464738e-05],
        "dvar": [0.00271753314883, 2.80613541603, 40.3453521729, 19.9800262451, 71.9356994629, 118.392532349, 728.419616699, 2342.44702148, 9925.72265625, 7742.87597656, 2649.93432617, 5207.35009766, 6028.20996094, 5405.99609375, 2365.41870117, 1845.20996094, 2437.42480469, 1167.15686035, 2448.93457031, 515.246520996, 315.286834717, 155.975372314, 294.714782715, 478.353271484, 210.14050293, 26.6642627716, 45.6434440613, 131.563827515, 74.3847732544, 123.219924927, 78.8967514038, 67.5906677246, 55.18151474, 18.583562851, 5.52361679077, 0.367302060127, 0.0265725962818, 0.00103033590131, 8.04315448022e-07, 8.18714374073e-10],
        "dvar2": [0.00522242952138, 6.64230871201, 109.516227722, 46.8139686584, 191.102798462, 322.375579834, 1678.55029297, 5648.43164062, 23000.6347656, 18998.0839844, 6772.16503906, 12918.0253906, 13149.5380859, 9244.00488281, 5198.70703125, 4639.61328125, 5125.55712891, 2579.07348633, 5145.30175781, 1099.81298828, 685.791870117, 387.057312012, 663.880859375, 896.839782715, 542.847961426, 64.5980072021, 96.7011795044, 249.871856689, 152.622055054, 212.804656982, 137.325790405, 105.657035828, 93.8291320801, 31.1640892029, 11.1787414551, 0.619335949421, 0.0517753213644, 0.00172834005207, 1.53510313794e-06, 1.40902289836e-09],
        "max": [0.609548449516, 17.3042831421, 64.6759567261, 50.3873138428, 102.04800415, 207.335464478, 553.865234375, 734.637634277, 970.64263916, 1396.52258301, 585.360961914, 1004.22741699, 1428.20947266, 1578.45898438, 1059.07250977, 627.958374023, 922.054321289, 541.140197754, 725.074645996, 518.352661133, 255.649871826, 175.555664062, 264.436218262, 420.02532959, 302.675750732, 71.5361099243, 120.868049622, 228.193786621, 121.448318481, 235.227294922, 211.002990723, 207.813140869, 131.051315308, 100.955108643, 56.3323173523, 15.9535627365, 3.9752163887, 0.876639425755, 0.0223541241139, 0.000722847122233],
        "mean": [0.0671456232667, 1.55371212959, 3.72560811043, 2.91453313828, 4.72801208496, 6.85650777817, 14.1781463623, 27.5950698853, 47.0893135071, 38.2434921265, 26.1944904327, 35.0876998901, 49.0799789429, 62.7904815674, 36.0976638794, 26.5941314697, 31.7630958557, 27.7699775696, 32.8175811768, 21.1378269196, 19.444437027, 15.9267377853, 17.0094909668, 15.9647693634, 8.57805633545, 5.29332304001, 5.19801092148, 6.30060625076, 6.07147741318, 5.56248950958, 4.62508916855, 3.68636631966, 3.38623189926, 2.57944965363, 1.36862170696, 0.339763253927, 0.080048955977, 0.0146317435429, 0.000418644485762, 4.74489825137e-05],
        "median": [0.00329767772928, 0.0962434485555, 0.734915018082, 1.03528034687, 1.91839969158, 3.17080664635, 5.81628274918, 11.4399709702, 11.079791069, 11.8047304153, 11.5012960434, 10.2694921494, 12.7851991653, 11.4407205582, 9.63998222351, 8.79506969452, 7.88651704788, 7.23182535172, 6.57212686539, 6.55155038834, 6.25353002548, 6.21453285217, 6.8226275444, 6.02507781982, 3.52626276016, 2.81263303757, 2.40260100365, 2.46859288216, 2.22723197937, 1.83974230289, 1.70872879028, 1.07655358315, 0.749721825123, 0.757250487804, 0.412122070789, 0.112262032926, 0.0308082159609, 0.00453084846959, 0.000145375641296, 3.71464775526e-05],
        "min": [7.65018878093e-22, 7.10428188838e-21, 7.64000008067e-21, 1.78867500019e-20, 2.44250165924e-20, 7.79444213273e-20, 2.91446723226e-19, 9.76592799032e-19, 8.04782215926e-19, 1.81084456505e-18, 5.20885247699e-19, 1.57756774159e-18, 3.89852083853e-18, 2.59874629942e-18, 2.6754815701e-18, 3.34464649062e-18, 3.66061500896e-18, 5.18642492225e-18, 9.41337658222e-18, 4.48235773617e-18, 1.2699156351e-17, 8.34809616625e-18, 1.18722329916e-17, 1.50866014309e-17, 9.67008133198e-18, 1.95926430023e-17, 1.66180154928e-17, 1.62292422593e-17, 1.94305122935e-17, 1.67024673246e-17, 2.16891372279e-17, 1.91287766584e-17, 1.34200674159e-17, 1.41408593667e-17, 9.31741205063e-18, 8.29480588246e-18, 3.34797092951e-18, 1.23647485292e-18, 3.07754976743e-19, 3.72181709436e-20],
        "stdev": [0.117522209883, 2.88312363625, 7.66802787781, 5.55871629715, 8.53768253326, 11.8123493195, 31.4784183502, 56.4963912964, 112.588294983, 100.511550903, 57.7468223572, 81.7121734619, 104.324317932, 153.722015381, 86.6974868774, 51.4109954834, 67.5113220215, 57.431137085, 79.0142745972, 42.3847732544, 32.9437294006, 21.4660511017, 25.2148742676, 30.4887428284, 17.3268013, 7.2820110321, 9.01943683624, 15.7608098984, 12.8899803162, 17.8244018555, 14.8755531311, 13.730134964, 12.8281002045, 7.49760246277, 3.78761982918, 1.07638001442, 0.256023406982, 0.0539018772542, 0.00138024217449, 5.8036588598e-05],
        "var": [0.0138114700094, 8.31240177155, 58.7986526489, 30.8993282318, 72.8920288086, 139.531600952, 990.890869141, 3191.84204102, 12676.1240234, 10102.5722656, 3334.69555664, 6676.87988281, 10883.5634766, 23630.4570312, 7516.45410156, 2643.09033203, 4557.77832031, 3298.33569336, 6243.25537109, 1796.46887207, 1085.28930664, 460.791320801, 635.789855957, 929.563415527, 300.218048096, 53.0276832581, 81.3502349854, 248.403137207, 166.151580811, 317.709289551, 221.282073975, 188.516616821, 164.560150146, 56.2140426636, 14.3460645676, 1.15859401226, 0.0655479803681, 0.00290541234426, 1.90506841591e-06, 3.36824568237e-09]
    },
    "gfcc": {
        "mean": [-9.71782970428, 77.4650344849, -119.821090698, 11.542517662, -72.511680603, 11.369509697, -46.2719078064, 12.4629907608, -28.1014633179, 1.19871211052, -17.8986206055, 2.83024120331, -12.7877044678],
        "cov": [[9344.99707031, -967.823425293, 1193.19934082, 927.057189941, 461.506469727, 742.225585938, -224.264419556, 342.880493164, 202.608123779, 777.044921875, 157.541015625, 540.397888184, 6.8271985054], [-967.823425293, 1287.72680664, 86.2165679932, 98.2401580811, 227.698730469, -79.329284668, 87.2475967407, -35.487033844, 28.0270557404, -190.24760437, 4.35212039948, -190.906311035, -0.601269841194], [1193.19934082, 86.2165679932, 1044.78833008, 520.185546875, 172.70274353, 251.419311523, -0.151669710875, 114.906082153, 95.6475219727, 181.911117554, 54.0963630676, 92.7064590454, 4.9557261467], [927.057189941, 98.2401580811, 520.185546875, 542.893981934, 202.063613892, 181.639602661, 54.6654968262, 66.8440933228, 110.929176331, 135.634780884, 61.9518661499, 63.1676902771, 30.4388656616], [461.506469727, 227.698730469, 172.70274353, 202.063613892, 353.319580078, 188.45149231, 75.6593551636, 79.7891387939, 100.530853271, 88.712890625, 29.2733097076, 26.4277820587, 10.1991596222], [742.225585938, -79.329284668, 251.419311523, 181.639602661, 188.45149231, 337.402252197, 148.552963257, 109.852325439, 48.7246437073, 116.66985321, 47.0782661438, 87.853263855, 37.5638847351], [-224.264419556, 87.2475967407, -0.151669710875, 54.6654968262, 75.6593551636, 148.552963257, 304.045379639, 90.0813293457, -1.50105381012, -13.8763618469, 43.0985221863, 28.1278972626, 20.200094223], [342.880493164, -35.487033844, 114.906082153, 66.8440933228, 79.7891387939, 109.852325439, 90.0813293457, 166.004684448, 60.0297698975, 57.2268218994, 30.2535381317, 59.2531394958, 8.24856376648], [202.608123779, 28.0270557404, 95.6475219727, 110.929176331, 100.530853271, 48.7246437073, -1.50105381012, 60.0297698975, 161.077575684, 98.8621749878, 33.9440841675, 29.5213546753, 7.60732364655], [777.044921875, -190.24760437, 181.911117554, 135.634780884, 88.712890625, 116.66985321, -13.8763618469, 57.2268218994, 98.8621749878, 201.659881592, 61.4129981995, 92.6270141602, 21.4219074249], [157.541015625, 4.35212039948, 54.0963630676, 61.9518661499, 29.2733097076, 47.0782661438, 43.0985221863, 30.2535381317, 33.9440841675, 61.4129981995, 100.205718994, 64.6511306763, 18.239654541], [540.397888184, -190.906311035, 92.7064590454, 63.1676902771, 26.4277820587, 87.853263855, 28.1278972626, 59.2531394958, 29.5213546753, 92.6270141602, 64.6511306763, 159.342559814, 36.6951904297], [6.8271985054, -0.601269841194, 4.9557261467, 30.4388656616, 10.1991596222, 37.5638847351, 20.200094223, 8.24856376648, 7.60732364655, 21.4219074249, 18.239654541, 36.6951904297, 79.6398544312]],
        "icov": [[0.000245060247835, -9.31805334403e-05, 0.000145353522385, -0.000378478696803, 0.000111866575025, -0.00040174392052, 0.000474932778161, -0.000345194275724, 0.000540133274626, -0.000778168789111, 0.000386850646464, -0.000556499871891, 0.000529892393388], [-9.31805334403e-05, 0.00214622775093, -0.000897323596291, 0.000525022449438, -0.00228931638412, 0.00148739444558, -0.000719249073882, 0.00053453957662, -0.0010684337467, 0.00311125256121, -0.00250934599899, 0.00249030371197, -0.00170950440224], [0.000145353522385, -0.000897323596291, 0.00269519723952, -0.00248410226777, 0.00152494723443, -0.00183632748667, 0.00144882313907, -0.00134340836667, 0.00125895382371, -0.00195295363665, 0.00129722757265, -0.00120224652346, 0.00186690886039], [-0.000378478696803, 0.000525022449438, -0.00248410226777, 0.00533969607204, -0.00193942268379, 0.00113305135164, -0.00167628610507, 0.00183326157276, -0.00230638263747, 0.00143988686614, -0.00176414824091, 0.00138875341509, -0.00230348156765], [0.000111866575025, -0.00228931638412, 0.00152494723443, -0.00193942268379, 0.00770637812093, -0.00435212254524, 0.00105285423342, -0.00102912588045, -0.000933405011892, -0.00304970354773, 0.00275588571094, -0.00168926781043, 0.00258154980838], [-0.00040174392052, 0.00148739444558, -0.00183632748667, 0.00113305135164, -0.00435212254524, 0.0094685042277, -0.00419787084684, -0.000225079042139, 0.000696783768944, -0.000256603292655, -0.000648716872092, 0.00117551709991, -0.00348431523889], [0.000474932778161, -0.000719249073882, 0.00144882313907, -0.00167628610507, 0.00105285423342, -0.00419787084684, 0.00719826761633, -0.0034449303057, 0.0018594621215, 0.00055156723829, -0.00150564184878, -0.000852421449963, 0.00129219877999], [-0.000345194275724, 0.00053453957662, -0.00134340836667, 0.00183326157276, -0.00102912588045, -0.000225079042139, -0.0034449303057, 0.0110969655216, -0.00449422514066, 0.00197578780353, 5.22495574842e-05, -0.00170651182998, 5.1103412261e-05], [0.000540133274626, -0.0010684337467, 0.00125895382371, -0.00230638263747, -0.000933405011892, 0.000696783768944, 0.0018594621215, -0.00449422514066, 0.0134183000773, -0.00812510494143, 0.000763175252359, -0.00020097590459, 0.00135513732675], [-0.000778168789111, 0.00311125256121, -0.00195295363665, 0.00143988686614, -0.00304970354773, -0.000256603292655, 0.00055156723829, 0.00197578780353, -0.00812510494143, 0.0187252350152, -0.00743199838325, 0.00113174878061, -0.00325157656334], [0.000386850646464, -0.00250934599899, 0.00129722757265, -0.00176414824091, 0.00275588571094, -0.000648716872092, -0.00150564184878, 5.22495574842e-05, 0.000763175252359, -0.00743199838325, 0.0193088781089, -0.00839926488698, 0.00224499427713], [-0.000556499871891, 0.00249030371197, -0.00120224652346, 0.00138875341509, -0.00168926781043, 0.00117551709991, -0.000852421449963, -0.00170651182998, -0.00020097590459, 0.00113174878061, -0.00839926488698, 0.0158853307366, -0.00601559178904], [0.000529892393388, -0.00170950440224, 0.00186690886039, -0.00230348156765, 0.00258154980838, -0.00348431523889, 0.00129219877999, 5.1103412261e-05, 0.00135513732675, -0.00325157656334, 0.00224499427713, -0.00601559178904, 0.0172450095415]]
    },
    "melbands": {
        "dmean": [0.000418213254306, 0.00111662608106, 0.000388889864553, 0.000280687585473, 0.00032803157228, 0.000472603191156, 0.000577561149839, 0.000289967720164, 0.000167593563674, 0.000173230524524, 0.000175330671482, 0.000145410362165, 7.36736474209e-05, 4.89142548759e-05, 4.8758876801e-05, 4.34354478784e-05, 3.0434837754e-05, 3.31048941007e-05, 2.14790743485e-05, 1.39528710861e-05, 1.2099470041e-05, 8.99493625184e-06, 8.81431060407e-06, 1.06481693365e-05, 8.57558188727e-06, 5.66806420466e-06, 2.56735188486e-06, 2.20970923692e-06, 2.19514868149e-06, 2.30374257626e-06, 2.42483065449e-06, 2.25126586884e-06, 1.90699449831e-06, 2.18886793846e-06, 1.70779469499e-06, 1.46984461935e-06, 1.49456047893e-06, 1.54354677306e-06, 1.33250239287e-06, 1.3531159766e-06],
        "dmean2": [0.000571739859879, 0.00172559532803, 0.000610977876931, 0.000466490513645, 0.000517921813298, 0.000746271689422, 0.000891305156983, 0.000450140971225, 0.000277627113974, 0.00028602220118, 0.000261944369413, 0.000199150585104, 0.000108098123746, 7.52147388994e-05, 7.39384922781e-05, 6.42621453153e-05, 4.54643341072e-05, 4.89384656248e-05, 3.24709217239e-05, 2.01216898859e-05, 1.76567464223e-05, 1.41853342939e-05, 1.37228689709e-05, 1.56740607054e-05, 1.25479737108e-05, 8.88259000931e-06, 4.04294723921e-06, 3.48085495716e-06, 3.41417830896e-06, 3.62572177437e-06, 3.71860414816e-06, 3.46409296981e-06, 2.89030344902e-06, 3.33048956236e-06, 2.67627774519e-06, 2.17401429836e-06, 2.09926270145e-06, 2.24091377277e-06, 1.90242019471e-06, 2.01606735573e-06],
        "dvar": [1.06039897219e-06, 7.43121017877e-06, 7.97441430223e-07, 3.12003521685e-07, 5.96183099333e-07, 1.12643488137e-06, 2.20773176807e-06, 8.81680534803e-07, 2.30770424992e-07, 2.23831548851e-07, 1.59591238003e-07, 1.03022230746e-07, 4.90281522048e-08, 1.42378118184e-08, 1.47150709395e-08, 1.18979803787e-08, 4.46275771893e-09, 8.05002198234e-09, 2.92521362688e-09, 8.88617568418e-10, 5.25619603398e-10, 2.48483955634e-10, 2.25589463776e-10, 4.82465623008e-10, 4.00769722964e-10, 2.08452963224e-10, 2.94380318733e-11, 1.33914893063e-11, 1.69243473402e-11, 4.06753970783e-11, 5.74560642119e-11, 2.89269996845e-11, 2.45417887401e-11, 5.60869718724e-11, 3.2756776458e-11, 2.2830126678e-11, 3.40976691326e-11, 3.45754189168e-11, 1.72636609869e-11, 1.42967608238e-11],
        "dvar2": [2.25704320655e-06, 1.95532284124e-05, 1.91075764633e-06, 8.1167826238e-07, 1.3939005612e-06, 2.66521942649e-06, 5.03711498823e-06, 2.17964952753e-06, 6.17816453996e-07, 5.44116517176e-07, 3.42395111375e-07, 1.79395811983e-07, 1.05045415921e-07, 3.35893979297e-08, 3.53050637614e-08, 2.35747918964e-08, 9.56866141877e-09, 1.73538872161e-08, 6.86416834483e-09, 1.9318231459e-09, 1.11168108052e-09, 5.92867255289e-10, 5.50917589326e-10, 9.92962823076e-10, 7.88155984921e-10, 5.18594778232e-10, 7.53677606435e-11, 3.26476727597e-11, 4.00714322835e-11, 7.64922916674e-11, 1.14489737135e-10, 6.37246921897e-11, 4.92682249165e-11, 1.05014837104e-10, 6.29184551681e-11, 3.88250265271e-11, 5.97534938196e-11, 6.11484335389e-11, 3.00056195168e-11, 2.5697140596e-11],
        "max": [0.0113459238783, 0.0289028715342, 0.00972326193005, 0.00809569377452, 0.0153658501804, 0.0173695534468, 0.0147756133229, 0.0165604874492, 0.00631354143843, 0.00753420731053, 0.00718952016905, 0.00690776482224, 0.00526610342786, 0.00193836691324, 0.00218472839333, 0.00176527607255, 0.00108736974653, 0.00134897243697, 0.00116113491822, 0.000720080046449, 0.000379152072128, 0.000211663777009, 0.000237118365476, 0.000332659052219, 0.000357810000423, 0.000231786558288, 0.000111321212898, 4.57750538772e-05, 5.01195499965e-05, 0.000151861153427, 0.000164883109392, 6.81916062604e-05, 8.84436958586e-05, 0.000161415766343, 0.000138937844895, 9.61870100582e-05, 0.000153888424393, 0.000102899175545, 8.23536538519e-05, 8.92551615834e-05],
        "mean": [0.00113820808474, 0.00200262595899, 0.000588615366723, 0.000394353788579, 0.000464845157694, 0.000623526575509, 0.000718795810826, 0.000377770076739, 0.00021326278511, 0.000230313366046, 0.000252960802754, 0.000266539718723, 0.000136634815135, 7.25384161342e-05, 7.01502503944e-05, 6.89715670887e-05, 4.84746888105e-05, 5.56891318411e-05, 3.40583392244e-05, 2.52416557487e-05, 2.1528927391e-05, 1.64476732607e-05, 1.43618726725e-05, 1.67397411133e-05, 1.26320792333e-05, 7.94413062977e-06, 3.94581184082e-06, 3.31502155859e-06, 3.08886069433e-06, 3.54855069418e-06, 3.67198845197e-06, 3.53209520654e-06, 2.99027124129e-06, 3.21481525134e-06, 2.75626257462e-06, 2.32306501857e-06, 2.23580263992e-06, 2.39235691879e-06, 2.19987305172e-06, 2.18981267608e-06],
        "median": [5.77495629841e-05, 0.000349846348399, 0.000242124471697, 0.000225417446927, 0.000211083577597, 0.000260105676716, 0.000168543119798, 0.000123014993733, 7.99264744273e-05, 5.96787867835e-05, 5.81824533583e-05, 4.08640116802e-05, 2.84050420305e-05, 1.96235978365e-05, 1.60552226589e-05, 1.3509737073e-05, 1.00682718767e-05, 9.01649946172e-06, 8.17420823296e-06, 7.50255685489e-06, 6.89211901772e-06, 5.96589870838e-06, 5.50433878743e-06, 5.94837547396e-06, 4.10340499002e-06, 2.5973654374e-06, 1.8115573539e-06, 1.60279489592e-06, 1.34598144541e-06, 1.36039329846e-06, 1.27875705402e-06, 1.24301027427e-06, 9.56069015956e-07, 9.92968693936e-07, 9.92512127596e-07, 7.6581028452e-07, 5.45450461686e-07, 4.50271897989e-07, 5.55031363092e-07, 6.19026877757e-07],
        "min": [8.54946386492e-24, 6.22629058715e-24, 2.94188181612e-24, 3.55207105112e-24, 7.96712753355e-24, 1.98521122425e-23, 1.5413474341e-23, 1.65002674998e-23, 4.09200965871e-24, 1.24135294041e-23, 2.02025037462e-23, 1.12286705796e-23, 7.14822128303e-24, 1.15766836677e-23, 6.95508525647e-24, 8.48286980503e-24, 8.97318077864e-24, 1.38555781829e-23, 1.05588574625e-23, 6.1922591277e-24, 1.59266173158e-23, 8.60282162769e-24, 7.30920649454e-24, 1.44686051477e-23, 1.19332811401e-23, 6.09416230199e-24, 7.8582592066e-24, 1.52486418549e-23, 1.21581041316e-23, 7.76750628148e-24, 9.76806779232e-24, 1.13665918648e-23, 1.08762714249e-23, 8.58292892224e-24, 1.05995492745e-23, 1.51045075012e-23, 1.05560230852e-23, 9.53205717555e-24, 8.87478852451e-24, 1.35023357358e-23],
        "stdev": [0.00206854986027, 0.0036865293514, 0.00107413646765, 0.000598634185735, 0.00092023878824, 0.00124656502157, 0.0016964096576, 0.00104351853952, 0.000513376435265, 0.000567612412851, 0.000549911987036, 0.000668740598485, 0.000372909649741, 0.000162688433193, 0.000146402933751, 0.000166677928064, 0.000110111686809, 0.000143932164065, 8.97630234249e-05, 5.45484363101e-05, 3.8673664676e-05, 2.50057582889e-05, 2.19775920414e-05, 3.01388608932e-05, 2.6637879273e-05, 1.75636141648e-05, 6.67985523251e-06, 4.79151458421e-06, 5.09607798449e-06, 8.3857203208e-06, 9.98919495032e-06, 7.5133343671e-06, 7.51211155148e-06, 1.14274580483e-05, 8.99156293599e-06, 7.67404981161e-06, 9.1363908723e-06, 9.77826130111e-06, 7.22818003851e-06, 6.25562233836e-06],
        "var": [4.27889835919e-06, 1.35904983836e-05, 1.1537691762e-06, 3.58362910902e-07, 8.46839441238e-07, 1.55392433498e-06, 2.87780562758e-06, 1.08893095785e-06, 2.63555335778e-07, 3.22183865364e-07, 3.0240317983e-07, 4.47213949428e-07, 1.39061612003e-07, 2.64675286132e-08, 2.14338182758e-08, 2.77815335181e-08, 1.21245831153e-08, 2.07164685406e-08, 8.05740096865e-09, 2.97553182094e-09, 1.4956522687e-09, 6.25287988054e-10, 4.83014572783e-10, 9.08350894502e-10, 7.09576564173e-10, 3.08480518907e-10, 4.46204670435e-11, 2.2958610707e-11, 2.5970010864e-11, 7.03203120733e-11, 9.97840143846e-11, 5.64501952127e-11, 5.64318210217e-11, 1.3058679138e-10, 8.08482100711e-11, 5.88910378796e-11, 8.34736446631e-11, 9.56143914044e-11, 5.22465855302e-11, 3.91328081051e-11]
    },
    "melbands128": {
