{
"lowlevel": {
    "average_loudness": 0.974896490574,
    "barkbands_crest": {
        "dmean": 2.67540788651,
        "dmean2": 4.11346673965,
        "dvar": 5.83047819138,
        "dvar2": 14.1418037415,
        "max": 24.6381168365,
        "mean": 11.2822990417,
        "median": 10.0954322815,
        "min": 2.43396306038,
        "stdev": 4.85964250565,
        "var": 23.6161231995
    },
    "barkbands_flatness_db": {
        "dmean": 0.0306601915509,
        "dmean2": 0.0445568785071,
        "dvar": 0.00101015053224,
        "dvar2": 0.00204809615389,
        "max": 0.419121772051,
        "mean": 0.183854937553,
        "median": 0.181275442243,
        "min": 0.0325410403311,
        "stdev": 0.056978315115,
        "var": 0.00324652832933
    },
    "barkbands_kurtosis": {
        "dmean": 7.21134328842,
        "dmean2": 11.3545751572,
        "dvar": 359.24130249,
        "dvar2": 952.285644531,
        "max": 397.308868408,
        "mean": 12.7635755539,
        "median": 7.69766902924,
        "min": -1.80740618706,
        "stdev": 20.9454917908,
        "var": 438.713653564
    },
    "barkbands_skewness": {
        "dmean": 0.787422478199,
        "dmean2": 1.17750525475,
        "dvar": 0.786578536034,
        "dvar2": 1.80260920525,
        "max": 15.062333107,
        "mean": 2.38767647743,
        "median": 2.15790891647,
        "min": -1.80012714863,
        "stdev": 1.66720247269,
        "var": 2.77956414223
    },
    "barkbands_spread": {
        "dmean": 5.62774658203,
        "dmean2": 8.28833198547,
        "dvar": 75.7478637695,
        "dvar2": 142.252182007,
        "max": 100.921524048,
        "mean": 13.3739414215,
        "median": 9.58094978333,
        "min": 0.388439148664,
        "stdev": 13.161283493,
        "var": 173.21937561
    },
    "dissonance": {
        "dmean": 0.0374228470027,
        "dmean2": 0.0601166337729,
        "dvar": 0.00118962943088,
        "dvar2": 0.00288645271212,
        "max": 0.499827355146,
        "mean": 0.424940735102,
        "median": 0.435424268246,
        "min": 0.00850407592952,
        "stdev": 0.0515042170882,
        "var": 0.00265268422663
    },
    "dynamic_complexity": 1.58132612705,
    "erbbands_crest": {
        "dmean": 2.73700022697,
        "dmean2": 4.38713502884,
        "dvar": 6.6036605835,
        "dvar2": 16.3052158356,
        "max": 25.9333534241,
        "mean": 9.25784301758,
        "median": 8.67985439301,
        "min": 2.57901549339,
        "stdev": 3.61289072037,
        "var": 13.0529794693
    },
    "erbbands_flatness_db": {
        "dmean": 0.0223981179297,
        "dmean2": 0.0316744148731,
        "dvar": 0.000424991507316,
        "dvar2": 0.000815850449726,
        "max": 0.277116954327,
        "mean": 0.162431031466,
        "median": 0.163376033306,
        "min": 0.0635143741965,
        "stdev": 0.0431217849255,
        "var": 0.00185948831495
    },
    "erbbands_kurtosis": {
        "dmean": 2.23931789398,
        "dmean2": 3.41449666023,
        "dvar": 5.38863754272,
        "dvar2": 11.7143125534,
        "max": 29.8695793152,
        "mean": 3.95781254768,
        "median": 3.25140428543,
        "min": -1.83363354206,
        "stdev": 4.14018392563,
        "var": 17.1411247253
    },
    "erbbands_skewness": {
        "dmean": 0.524436414242,
        "dmean2": 0.77770537138,
        "dvar": 0.211675077677,
        "dvar2": 0.469175636768,
        "max": 4.54065418243,
        "mean": 1.30129003525,
        "median": 1.35951411724,
        "min": -1.36035358906,
        "stdev": 0.810288488865,
        "var": 0.656567394733
    },
    "erbbands_spread": {
        "dmean": 12.0302534103,
        "dmean2": 17.4511222839,
        "dvar": 233.553863525,
        "dvar2": 452.991638184,
        "max": 171.708312988,
        "mean": 34.2763442993,
        "median": 26.180814743,
        "min": 5.64502859116,
        "stdev": 25.2738227844,
        "var": 638.766113281
    },
    "hfc": {
        "dmean": 9.95764732361,
        "dmean2": 16.0515708923,
        "dvar": 389.442047119,
        "dvar2": 1009.90588379,
        "max": 159.127166748,
        "mean": 21.6538467407,
        "median": 17.4111862183,
        "min": 1.18685885992e-16,
        "stdev": 19.1524753571,
        "var": 366.81729126
    },
    "loudness_ebu128": {
        "integrated": -5.81874227524,
        "loudness_range": 0.446195602417,
        "momentary": {
            "dmean": 0.360437065363,
            "dmean2": 0.504231870174,
            "dvar": 0.0736131444573,
            "dvar2": 0.154867976904,
            "max": -4.5228433609,
            "mean": -5.86761188507,
            "median": -5.82850456238,
            "min": -8.22721099854,
            "stdev": 0.657328605652,
            "var": 0.432080864906
        },
        "short_term": {
            "dmean": 0.046226195991,
            "dmean2": 0.0656877085567,
            "dvar": 0.00116584810894,
            "dvar2": 0.00224636099301,
            "max": -5.41087675095,
            "mean": -5.79512071609,
            "median": -5.79843664169,
            "min": -6.18614244461,
            "stdev": 0.16493023932,
            "var": 0.0272019859403
        }
    },
    "melbands_crest": {
        "dmean": 3.33143377304,
        "dmean2": 5.36625432968,
        "dvar": 9.67052459717,
        "dvar2": 25.2117805481,
        "max": 36.8079414368,
        "mean": 14.6009340286,
        "median": 13.0756006241,
        "min": 2.1001701355,
        "stdev": 6.30697917938,
        "var": 39.7779846191
    },
    "melbands_flatness_db": {
        "dmean": 0.0369879230857,
        "dmean2": 0.0520396232605,
        "dvar": 0.0016081831418,
        "dvar2": 0.00317251658998,
        "max": 0.532643198967,
        "mean": 0.264294981956,
        "median": 0.261482417583,
        "min": 0.00537947332487,
        "stdev": 0.0746668949723,
        "var": 0.00557514512911
    },
    "melbands_kurtosis": {
        "dmean": 15.7483692169,
        "dmean2": 24.8934440613,
        "dvar": 1801.83105469,
        "dvar2": 4901.76074219,
        "max": 860.42791748,
        "mean": 25.2609939575,
        "median": 12.2576408386,
        "min": -1.2119383812,
        "stdev": 46.7999954224,
        "var": 2190.23950195
    },
    "melbands_skewness": {
        "dmean": 1.05777359009,
        "dmean2": 1.55862104893,
        "dvar": 1.76614940166,
        "dvar2": 4.17436504364,
        "max": 25.7953548431,
        "mean": 2.95527124405,
        "median": 2.40551900864,
        "min": -0.320236474276,
        "stdev": 2.34809875488,
        "var": 5.51356744766
    },
    "melbands_spread": {
        "dmean": 5.30100011826,
        "dmean2": 8.10745239258,
        "dvar": 98.2332687378,
        "dvar2": 212.447372437,
        "max": 133.388961792,
        "mean": 12.4590053558,
        "median": 9.63261413574,
        "min": 0.308824926615,
        "stdev": 12.2444000244,
        "var": 149.925323486
    },
    "pitch_salience": {
        "dmean": 0.0804397687316,
        "dmean2": 0.127355962992,
        "dvar": 0.00577063858509,
        "dvar2": 0.0134536810219,
        "max": 0.868757128716,
        "mean": 0.559717774391,
        "median": 0.581249952316,
        "min": 0.0782166048884,
        "stdev": 0.157693341374,
        "var": 0.0248671919107
    },
    "silence_rate_20dB": {
        "dmean": 0,
        "dmean2": 0,
        "dvar": 0,
        "dvar2": 0,
        "max": 1,
        "mean": 1,
        "median": 1,
        "min": 1,
        "stdev": 0,
        "var": 0
    },
    "silence_rate_30dB": {
        "dmean": 0.0371517017484,
        "dmean2": 0.0743609592319,
        "dvar": 0.035771779716,
        "dvar2": 0.0812258943915,
        "max": 1,
        "mean": 0.941221952438,
        "median": 1,
        "min": 0,
        "stdev": 0.235209956765,
        "var": 0.0553237237036
    },
    "silence_rate_60dB": {
        "dmean": 0.00154798757285,
        "dmean2": 0.00309837330133,
        "dvar": 0.00154557928909,
        "dvar2": 0.00308882864192,
        "max": 1,
        "mean": 0.00464037107304,
        "median": 0,
        "min": 0,
        "stdev": 0.0679620653391,
        "var": 0.00461884215474
    },
    "spectral_centroid": {
        "dmean": 235.024383545,
        "dmean2": 341.643218994,
        "dvar": 210528.203125,
        "dvar2": 345844.03125,
        "max": 11350.21875,
        "mean": 746.542236328,
        "median": 602.03692627,
        "min": 215.253540039,
        "stdev": 572.563964844,
        "var": 327829.46875
    },
    "spectral_complexity": {
        "dmean": 3.80804944038,
        "dmean2": 5.98450803757,
        "dvar": 36.2464942932,
        "dvar2": 74.9195098877,
        "max": 52,
        "mean": 14.1484918594,
        "median": 13,
        "min": 0,
        "stdev": 7.43000793457,
        "var": 55.2050209045
    },
    "spectral_decrease": {
        "dmean": 3.05469916029e-09,
        "dmean2": 4.64904559294e-09,
        "dvar": 1.24720514322e-17,
        "dvar2": 2.7943401863e-17,
        "max": -4.22959719313e-30,
        "mean": -1.2367798341e-08,
        "median": -1.11430296101e-08,
        "min": -4.26079118654e-08,
        "stdev": 7.31691063294e-09,
        "var": 5.35371839611e-17
    },
    "spectral_energy": {
        "dmean": 0.0121336765587,
        "dmean2": 0.0185184199363,
        "dvar": 0.000191393643036,
        "dvar2": 0.000433067441918,
        "max": 0.162771984935,
        "mean": 0.0486429706216,
        "median": 0.044048063457,
        "min": 1.07811449476e-20,
        "stdev": 0.0279284007847,
        "var": 0.000779995520134
    },
    "spectral_energyband_high": {
        "dmean": 0.000778497662395,
        "dmean2": 0.0012815130176,
        "dvar": 3.16905925501e-06,
        "dvar2": 8.16003466753e-06,
        "max": 0.0136192515492,
        "mean": 0.000852044206113,
        "median": 0.000310034491122,
        "min": 8.0216009539e-21,
        "stdev": 0.00164996797685,
        "var": 2.72239435617e-06
    },
    "spectral_energyband_low": {
        "dmean": 0.00808751769364,
        "dmean2": 0.0127222370356,
        "dvar": 0.000181184979738,
        "dvar2": 0.000408818508731,
        "max": 0.145901188254,
        "mean": 0.0241350810975,
        "median": 0.0142502542585,
        "min": 4.61214533322e-23,
        "stdev": 0.0282043199986,
        "var": 0.000795483705588
    },
    "spectral_energyband_middle_high": {
        "dmean": 0.00231093796901,
        "dmean2": 0.00357914669439,
        "dvar": 2.0352550564e-05,
        "dvar2": 5.22303016623e-05,
        "max": 0.035978641361,
        "mean": 0.00404743943363,
        "median": 0.00215678126551,
        "min": 1.5287264043e-21,
        "stdev": 0.00509279314429,
        "var": 2.59365424427e-05
    },
    "spectral_energyband_middle_low": {
        "dmean": 0.0080209961161,
        "dmean2": 0.0124649675563,
        "dvar": 0.000131472261273,
        "dvar2": 0.000327448215103,
        "max": 0.113661915064,
        "mean": 0.0219513326883,
        "median": 0.0197261199355,
        "min": 3.59098167837e-22,
        "stdev": 0.0147662851959,
        "var": 0.000218043191126
    },
    "spectral_entropy": {
        "dmean": 0.292620539665,
        "dmean2": 0.417919427156,
        "dvar": 0.0943375378847,
        "dvar2": 0.178204551339,
        "max": 9.79208278656,
        "mean": 7.23489332199,
        "median": 7.14167690277,
        "min": 5.93020391464,
        "stdev": 0.522067308426,
        "var": 0.272554248571
    },
    "spectral_flux": {
        "dmean": 0.0359251201153,
        "dmean2": 0.0543861053884,
        "dvar": 0.00113982928451,
        "dvar2": 0.00223898631521,
        "max": 0.378370970488,
        "mean": 0.104494415224,
        "median": 0.0910936892033,
        "min": 1.03832289988e-10,
        "stdev": 0.0557677336037,
        "var": 0.00311003997922
    },
    "spectral_kurtosis": {
        "dmean": 2.18328380585,
        "dmean2": 3.1503841877,
        "dvar": 5.1335234642,
        "dvar2": 9.25182914734,
        "max": 24.1178588867,
        "mean": 5.56743144989,
        "median": 4.92129802704,
        "min": -1.16377031803,
        "stdev": 3.96155571938,
        "var": 15.6939229965
    },
    "spectral_rms": {
        "dmean": 0.000865278416313,
        "dmean2": 0.00129645888228,
        "dvar": 7.99055953848e-07,
        "dvar2": 1.71350188793e-06,
        "max": 0.0126016642898,
        "mean": 0.00661148689687,
        "median": 0.0065554343164,
        "min": 3.24317591012e-12,
        "stdev": 0.00193514022976,
        "var": 3.74476780962e-06
    },
    "spectral_rolloff": {
        "dmean": 416.362915039,
        "dmean2": 686.828735352,
        "dvar": 1271390.875,
        "dvar2": 2538620.25,
        "max": 18626.2207031,
        "mean": 849.305114746,
        "median": 538.330078125,
        "min": 64.599609375,
        "stdev": 1333.39294434,
        "var": 1777936.625
    },
    "spectral_skewness": {
        "dmean": 0.369107991457,
        "dmean2": 0.505286514759,
        "dvar": 0.128146484494,
        "dvar2": 0.211292624474,
        "max": 4.14526987076,
        "mean": 2.05264306068,
        "median": 2.07788872719,
        "min": -0.0891833007336,
        "stdev": 0.68717366457,
        "var": 0.472207605839
    },
    "spectral_spread": {
        "dmean": 984882.5,
        "dmean2": 1404884.25,
        "dvar": 1.88317656678e+12,
        "dvar2": 2.64596645478e+12,
        "max": 39917260,
        "mean": 5647015,
        "median": 5303636,
        "min": 2509116.75,
        "stdev": 2264127.75,
        "var": 5.1262741545e+12
    },
    "spectral_strongpeak": {
        "dmean": 0.437292933464,
        "dmean2": 0.745625019073,
        "dvar": 0.340144306421,
        "dvar2": 0.839820027351,
        "max": 5.26476812363,
        "mean": 0.899079680443,
        "median": 0.591436088085,
        "min": 0,
        "stdev": 0.863842248917,
        "var": 0.746223390102
    },
    "zerocrossingrate": {
        "dmean": 0.0113854184747,
        "dmean2": 0.0134876817465,
        "dvar": 0.000384255399695,
        "dvar2": 0.000414913374698,
        "max": 0.4931640625,
        "mean": 0.0410303510725,
        "median": 0.03369140625,
        "min": 0.0029296875,
        "stdev": 0.0328212380409,
        "var": 0.00107723369729
    },
    "barkbands": {
        "dmean": [0.000639032688923, 0.00645118253306, 0.00311274500564, 0.0022548076231, 0.00296782422811, 0.00295863812789, 0.00213915598579, 0.00141907075886, 0.00148560199887, 0.000669422617648, 0.000719944364391, 0.000672316702548, 0.000224715433433, 0.00012384398724, 0.00019608947332, 0.000191665822058, 0.000120248463645, 0.000131753549795, 9.87823441392e-05, 0.000160863055498, 8.92255702638e-05, 0.000141755605, 0.00021167351224, 0.000151994652697, 9.74008653429e-05, 3.57445569534e-05, 8.95971595583e-07],
        "dmean2": [0.000903294421732, 0.010102270171, 0.00529327569529, 0.00381778390147, 0.00486346939579, 0.00486999191344, 0.00335612799972, 0.00225136475638, 0.00212237378582, 0.00101043656468, 0.00105223699939, 0.00105554354377, 0.000371046975488, 0.000207076882361, 0.000349387235474, 0.000346510321833, 0.000202119583264, 0.000228706761845, 0.000168604470673, 0.000288397859549, 0.000147981831105, 0.000232429796597, 0.000355860305717, 0.000246787298238, 0.000151296451804, 5.75435042265e-05, 1.65248525263e-06],
        "dvar": [2.34790036302e-06, 0.000181808543857, 8.16641186248e-05, 2.53740327025e-05, 2.68604326266e-05, 1.76442299562e-05, 1.10058799692e-05, 4.72578858535e-06, 5.66491780774e-06, 9.52896527906e-07, 1.51006986471e-06, 1.27766622882e-06, 2.33944987826e-07, 8.00655897137e-08, 3.60949172773e-07, 3.54840523187e-07, 1.13382668587e-07, 2.04648827662e-07, 7.91237155795e-08, 3.31407221665e-07, 4.89715645813e-08, 1.0706890663e-07, 2.22560984753e-07, 9.16486158076e-08, 3.26815481344e-08, 4.24006429967e-09, 1.87042187294e-11],
        "dvar2": [4.67915879199e-06, 0.000419267948018, 0.000216068321606, 7.10419044481e-05, 7.00037999195e-05, 4.59255170426e-05, 2.84471425402e-05, 1.10416422103e-05, 1.0528610801e-05, 2.17534329749e-06, 3.43148190041e-06, 3.02741545966e-06, 6.11613984347e-07, 2.14214068706e-07, 1.01758178062e-06, 1.00563579508e-06, 2.87802777166e-07, 5.45677153241e-07, 2.16376676576e-07, 9.26766574594e-07, 1.26564927427e-07, 2.60376197048e-07, 5.79653999466e-07, 2.18659536699e-07, 7.20199793136e-08, 1.00068549003e-08, 5.27622077973e-11],
        "max": [0.0196439735591, 0.142530456185, 0.0850128531456, 0.0519199408591, 0.0412582010031, 0.0449087545276, 0.038392059505, 0.0211480371654, 0.0318992473185, 0.00906704925001, 0.0176996588707, 0.0148935839534, 0.00567944766954, 0.00261107645929, 0.00484899245203, 0.00472274422646, 0.00283827306703, 0.00378100853413, 0.00285357190296, 0.00549661368132, 0.00202329480089, 0.00328963785432, 0.0054171490483, 0.00257319398224, 0.00189429323655, 0.00071575853508, 0.00010847444355],
        "mean": [0.00120840326417, 0.0167973656207, 0.00401877565309, 0.00335699995048, 0.00388260511681, 0.00519903469831, 0.0034717458766, 0.00233414839022, 0.0030968983192, 0.0012234057067, 0.00109378620982, 0.000981397810392, 0.0002625604684, 0.00014537043171, 0.000167666003108, 0.000177517489647, 0.000121660639707, 0.000102438592876, 9.59622702794e-05, 0.000129422434838, 0.000101596633613, 0.000135318099638, 0.000204680181923, 0.000165211284184, 0.000126930739498, 4.14957321482e-05, 5.92493279328e-07],
        "median": [0.0002564486349, 0.00809784606099, 0.00183888431638, 0.00215601385571, 0.00197236356325, 0.0030908761546, 0.00209044106305, 0.00117938918993, 0.000936484488193, 0.000509576755576, 0.000427675957326, 0.000337911973475, 0.000111966815894, 6.23132509645e-05, 4.25201142207e-05, 5.91008574702e-05, 3.35788354278e-05, 1.31146025524e-05, 2.57005449384e-05, 3.06544789055e-05, 3.37357560056e-05, 2.25268431677e-05, 6.92307512509e-05, 5.35434010089e-05, 4.65327429993e-05, 1.44971800182e-05, 3.71670161314e-08],
        "min": [1.26271450486e-23, 2.46946847928e-23, 1.49674145199e-23, 6.44514979011e-24, 1.27504559988e-22, 5.97261358819e-23, 2.11806912687e-23, 5.25148017821e-23, 6.76438949223e-23, 7.30936742217e-23, 8.84739059642e-23, 1.26146330835e-22, 1.27565207614e-22, 1.08169263656e-22, 1.41617205851e-22, 2.01976273236e-22, 2.4105920665e-22, 1.22799111973e-22, 1.79023929748e-22, 3.10779440272e-22, 4.39371946733e-22, 4.30695890415e-22, 8.58026815752e-22, 8.07789527978e-22, 1.12083296118e-21, 1.74822582784e-21, 2.57034783513e-21],
        "stdev": [0.00268351961859, 0.0244128946215, 0.00809627398849, 0.0045366329141, 0.00530299218372, 0.00570208905265, 0.00412814598531, 0.00299760419875, 0.004743645899, 0.00156783103012, 0.00171982869506, 0.00149081950076, 0.000469196558697, 0.000282799592242, 0.000479792332044, 0.000475302193081, 0.000308996997774, 0.000378797063604, 0.000249079370406, 0.00045489059994, 0.000205903008464, 0.000341595034115, 0.000422855024226, 0.000311681069434, 0.000228880700888, 7.1799448051e-05, 3.38326208293e-06],
        "var": [7.20127763998e-06, 0.000595989404246, 6.5549647843e-05, 2.05810392799e-05, 2.81217271549e-05, 3.251382077e-05, 1.70415896719e-05, 8.98563030205e-06, 2.25021758524e-05, 2.45809405897e-06, 2.95781069326e-06, 2.22254266191e-06, 2.20145409457e-07, 7.99756136871e-08, 2.30200669193e-07, 2.25912188512e-07, 9.54791445906e-08, 1.43487213222e-07, 6.20405273821e-08, 2.06925463431e-07, 4.23960493379e-08, 1.16687168372e-07, 1.78806374151e-07, 9.71450972997e-08, 5.23863725732e-08, 5.15516118682e-09, 1.14464618339e-11]
    },
    "erbbands": {
        "dmean": [0.255447328091, 1.41851043701, 3.20412564278, 6.04851388931, 5.92107963562, 11.6957416534, 26.1064777374, 19.6453285217, 23.1839561462, 31.4502105713, 32.4525184631, 33.3879508972, 21.9622325897, 24.3176078796, 28.7834243774, 21.3711719513, 11.4222812653, 6.36595153809, 7.90117740631, 12.2020158768, 9.33487510681, 6.41198825836, 6.8166475296, 5.61266899109, 5.6389298439, 6.81580209732, 5.19150924683, 3.59316945076, 4.29425954819, 5.82513666153, 5.84115839005, 4.02955389023, 2.43702912331, 1.32258403301, 0.611633896828, 0.244385808706, 0.0469793975353, 0.00460996897891, 0.000128319268697, 1.81285340659e-05],
        "dmean2": [0.364075064659, 2.14914441109, 5.1930437088, 10.2458667755, 9.97679901123, 18.8229236603, 43.1190910339, 32.4265060425, 37.2164001465, 50.088848114, 48.9007568359, 48.3737754822, 32.6752929688, 36.6137695312, 43.2852935791, 33.6762886047, 18.3273925781, 10.4108495712, 13.8171262741, 22.0404586792, 16.6559448242, 10.6395483017, 11.716553688, 9.86532211304, 9.54646396637, 12.1427955627, 8.92020130157, 5.9280333519, 6.92694854736, 9.4544878006, 9.86478805542, 6.54693412781, 3.9438533783, 2.09536623955, 0.944432675838, 0.390644699335, 0.0766845569015, 0.007877943106, 0.000221071968554, 2.87322600343e-05],
        "dvar": [0.301289498806, 9.61134243011, 82.9710693359, 179.213043213, 222.140701294, 405.762664795, 1283.3104248, 846.141845703, 1356.84533691, 2715.46826172, 2942.34204102, 3215.2890625, 891.772521973, 1411.4387207, 2923.14794922, 1515.33996582, 544.417175293, 190.774734497, 522.139160156, 1650.08374023, 774.887756348, 312.677032471, 508.825073242, 357.996246338, 266.171630859, 586.507080078, 226.033905029, 84.360168457, 102.389572144, 151.460739136, 163.580993652, 75.0814056396, 21.9942245483, 7.04408979416, 1.04156386852, 0.181022569537, 0.0087415035814, 0.00012453495583, 1.09624430422e-07, 5.35022248727e-10],
        "dvar2": [0.70549339056, 19.8065929413, 205.041000366, 488.105743408, 617.946838379, 1020.42590332, 3411.88354492, 2185.01538086, 3708.75488281, 6788.28662109, 6073.17480469, 6372.64013672, 1889.51843262, 3150.31835938, 6602.84960938, 3586.65380859, 1376.30505371, 501.273773193, 1458.03955078, 4697.49804688, 2172.51928711, 779.434509277, 1346.23999023, 985.369689941, 724.70880127, 1639.38476562, 609.923828125, 219.63243103, 243.803878784, 374.955566406, 421.873596191, 183.285293579, 52.1551170349, 16.3924999237, 2.15960049629, 0.413565516472, 0.0213163662702, 0.00031936733285, 2.89538917286e-07, 1.31166588702e-09],
        "max": [5.99672269821, 35.2253799438, 94.1098175049, 144.794815063, 149.381546021, 170.701660156, 324.77557373, 326.913818359, 448.402648926, 866.862854004, 672.912780762, 919.072265625, 395.590515137, 387.247161865, 931.689941406, 399.915985107, 237.336196899, 142.970809937, 179.275497437, 349.733703613, 221.494033813, 140.050750732, 196.77897644, 149.038101196, 164.14730835, 234.630279541, 132.789794922, 76.2853622437, 130.171951294, 89.8422241211, 132.0209198, 83.305015564, 36.3502998352, 28.0714206696, 9.75773906708, 4.63826274872, 0.984670937061, 0.201216042042, 0.00631847279146, 0.000200822149054],
        "mean": [0.562907159328, 3.36973834038, 5.04431772232, 9.45503902435, 7.50611686707, 15.5332183838, 41.2692146301, 33.9620475769, 39.9343414307, 53.5454559326, 65.6192474365, 64.5151748657, 43.7965621948, 41.7083778381, 44.3858337402, 30.5941810608, 14.8136491776, 8.12550640106, 7.92319059372, 10.3066892624, 8.93381309509, 6.65044116974, 5.58862304688, 4.6737651825, 5.58176231384, 5.66718244553, 5.22446489334, 3.64013814926, 4.18595743179, 5.92622900009, 5.59799957275, 4.08720493317, 2.64596509933, 1.61464381218, 0.792238712311, 0.299132108688, 0.050118252635, 0.00424165185541, 0.00013915184536, 6.21038925601e-05],
        "median": [0.197370857, 1.81077408791, 2.6994805336, 6.9582824707, 4.27367353439, 6.35815095901, 24.2872695923, 22.758480072, 25.9132556915, 36.8859214783, 25.211725235, 19.4571437836, 19.4309654236, 18.9673080444, 15.7341308594, 10.9232492447, 6.54549217224, 4.01754331589, 2.57875084877, 3.14330744743, 3.17381691933, 1.92218983173, 0.957008481026, 0.809320747852, 1.64455664158, 1.4190967083, 1.63252592087, 0.968546628952, 0.65685069561, 1.80357015133, 1.80043900013, 1.14132928848, 0.833590447903, 0.566614687443, 0.281437009573, 0.108921602368, 0.0155203239992, 0.00109617761336, 5.7898239902e-05, 5.49227916053e-05],
        "min": [2.77426880827e-22, 7.01728009784e-21, 1.89726717407e-20, 1.8544991899e-20, 1.18918082725e-19, 5.28661624337e-19, 4.4870024587e-19, 6.97522791571e-19, 3.4177595891e-19, 5.59408858283e-19, 1.51486476282e-18, 1.393942331e-18, 1.96836001961e-18, 2.31104833288e-18, 4.15705613898e-18, 5.85693090934e-18, 4.75646553883e-18, 7.94853980624e-18, 5.47728023719e-18, 6.27590905654e-18, 1.36257615916e-17, 1.38920996868e-17, 9.00710351564e-18, 5.40215155805e-18, 1.1126006064e-17, 1.46648782848e-17, 2.20328539335e-17, 1.61248653008e-17, 1.52204243647e-17, 1.74515058391e-17, 2.18152260231e-17, 1.44114715041e-17, 1.65292838285e-17, 1.28258076289e-17, 8.05876410441e-18, 5.40027882114e-18, 3.73328117141e-18, 1.58410949946e-18, 3.27510066024e-19, 3.63295010847e-20],
        "stdev": [1.03269052505, 4.84213924408, 9.08931446075, 12.0318460464, 12.6672000885, 22.2971515656, 47.0869560242, 35.6454544067, 46.0818328857, 59.9045982361, 95.7673950195, 100.560905457, 57.3002967834, 55.5530662537, 71.3004074097, 47.5083580017, 24.0760555267, 14.0166654587, 19.1811561584, 31.6627807617, 22.6718425751, 16.5278911591, 19.0820674896, 15.6514577866, 14.3290681839, 19.2197589874, 12.7357730865, 8.48018264771, 11.0700464249, 12.0360422134, 11.5555486679, 8.47071456909, 4.94391727448, 3.19238400459, 1.33851492405, 0.496346175671, 0.0958488658071, 0.0102796312422, 0.000291421631118, 3.41870800185e-05],
        "var": [1.06644976139, 23.4463119507, 82.6156387329, 144.765319824, 160.457962036, 497.162994385, 2217.18139648, 1270.59838867, 2123.53515625, 3588.56079102, 9171.39355469, 10112.4960938, 3283.32397461, 3086.14306641, 5083.74804688, 2257.04394531, 579.656494141, 196.466903687, 367.916778564, 1002.53173828, 514.012451172, 273.171173096, 364.125305176, 244.968139648, 205.322189331, 369.399108887, 162.199905396, 71.9134979248, 122.545921326, 144.866317749, 133.530700684, 71.7529983521, 24.44231987, 10.1913156509, 1.79162216187, 0.24635951221, 0.00918700452894, 0.000105670820631, 8.4926561783e-08, 1.168756536e-09]
    },
    "gfcc": {
        "mean": [8.73670291901, 106.112213135, -79.9008407593, 17.717092514, -79.4618988037, 23.0716915131, -40.8455810547, 13.6849594116, -24.0815372467, 5.87595319748, -13.1863908768, 1.71546816826, -7.58470726013],
        "cov": [[3949.89233398, -597.118286133, -460.397064209, 133.6980896, -193.523803711, 252.092514038, -62.3854560852, 160.829971313, -45.5937232971, -14.7678108215, -166.545150757, 55.0165672302, -109.822715759], [-597.118286133, 1014.23773193, 206.542984009, -200.489883423, 208.548904419, -18.1774024963, 187.020965576, -1.52557349205, 105.106651306, 22.0528144836, 99.8986740112, -37.8450012207, 133.199554443], [-460.397064209, 206.542984009, 664.780639648, 293.96005249, 182.67755127, 65.9614105225, 56.1344032288, 79.0109176636, 96.4119873047, 78.6260910034, 88.2357406616, 78.8450012207, 86.7714385986], [133.6980896, -200.489883423, 293.96005249, 743.708679199, 301.104187012, 37.1015396118, -14.996922493, 90.5720443726, 129.093017578, 97.6311416626, 127.149780273, 82.1965560913, 74.8778457642], [-193.523803711, 208.548904419, 182.67755127, 301.104187012, 443.507598877, 75.9783554077, 97.7391052246, 127.316925049, 130.820266724, 124.49723053, 125.138206482, 46.7719306946, 98.1655426025], [252.092514038, -18.1774024963, 65.9614105225, 37.1015396118, 75.9783554077, 246.419769287, 125.097595215, 89.1978378296, 68.0875320435, 36.0742797852, 33.5679931641, 21.0558948517, 8.78940010071], [-62.3854560852, 187.020965576, 56.1344032288, -14.996922493, 97.7391052246, 125.097595215, 261.711639404, 83.7242965698, 60.1729507446, 42.2979660034, 27.4328231812, 45.3350219727, 33.0133247375], [160.829971313, -1.52557349205, 79.0109176636, 90.5720443726, 127.316925049, 89.1978378296, 83.7242965698, 186.712371826, 88.1265029907, 64.7922363281, 50.3975486755, 25.3862075806, 36.9137763977], [-45.5937232971, 105.106651306, 96.4119873047, 129.093017578, 130.820266724, 68.0875320435, 60.1729507446, 88.1265029907, 159.256103516, 61.0038261414, 68.1610031128, 20.1837806702, 48.0376548767], [-14.7678108215, 22.0528144836, 78.6260910034, 97.6311416626, 124.49723053, 36.0742797852, 42.2979660034, 64.7922363281, 61.0038261414, 124.11239624, 60.4481239319, 19.3852615356, 34.3739585876], [-166.545150757, 99.8986740112, 88.2357406616, 127.149780273, 125.138206482, 33.5679931641, 27.4328231812, 50.3975486755, 68.1610031128, 60.4481239319, 132.180297852, 15.7080059052, 42.5021591187], [55.0165672302, -37.8450012207, 78.8450012207, 82.1965560913, 46.7719306946, 21.0558948517, 45.3350219727, 25.3862075806, 20.1837806702, 19.3852615356, 15.7080059052, 100.5389328, 26.6027259827], [-109.822715759, 133.199554443, 86.7714385986, 74.8778457642, 98.1655426025, 8.78940010071, 33.0133247375, 36.9137763977, 48.0376548767, 34.3739585876, 42.5021591187, 26.6027259827, 104.99332428]],
        "icov": [[0.00052688451251, -0.000624193402473, 0.000770217040554, -0.000812288606539, 0.000734363449737, -0.00113532005344, 0.000938297773246, -0.00110864499584, 0.0006347259623, -0.000684991595335, 0.0011676287977, -0.00102276622783, 0.00050927081611], [-0.000624193402473, 0.00436356337741, -0.00238584447652, 0.00339308171533, -0.00305787939578, 0.0033309024293, -0.00388262234628, 0.00357360835187, -0.00293574575335, 0.00299804168753, -0.00353425322101, 0.0041014906019, -0.00333906733431], [0.000770217040554, -0.00238584447652, 0.00377479544841, -0.00270708347671, 0.00198655086569, -0.00273070088588, 0.00248986948282, -0.00252520898357, 0.00166241591796, -0.00217023259029, 0.00234169024043, -0.00344853312708, 0.000995280803181], [-0.000812288606539, 0.00339308171533, -0.00270708347671, 0.0053028203547, -0.00383919337764, 0.00304868025705, -0.00216426886618, 0.00322917965241, -0.00319159612991, 0.00259674387053, -0.00390104739927, 0.00214185006917, -0.00217272597365], [0.000734363449737, -0.00305787939578, 0.00198655086569, -0.00383919337764, 0.00729798898101, -0.00271703815088, 0.00199741614051, -0.00372842838988, 0.00175142544322, -0.00421442184597, 0.00159027578775, -0.00266113481484, 0.000439523049863], [-0.00113532005344, 0.0033309024293, -0.00273070088588, 0.00304868025705, -0.00271703815088, 0.00967465247959, -0.00591130275279, 0.00206815847196, -0.00372391822748, 0.00293381419033, -0.00404735654593, 0.00401147082448, -0.00110340572428], [0.000938297773246, -0.00388262234628, 0.00248986948282, -0.00216426886618, 0.00199741614051, -0.00591130275279, 0.0100671863183, -0.00456553185359, 0.00222847494297, -0.00316593516618, 0.0040671331808, -0.00635418156162, 0.00244041159749], [-0.00110864499584, 0.00357360835187, -0.00252520898357, 0.00322917965241, -0.00372842838988, 0.00206815847196, -0.00456553185359, 0.0126500623301, -0.00525710731745, 0.000975426286459, -0.00359778222628, 0.0036809432786, -0.00299874367192], [0.0006347259623, -0.00293574575335, 0.00166241591796, -0.00319159612991, 0.00175142544322, -0.00372391822748, 0.00222847494297, -0.00525710731745, 0.0133680859581, -0.00323680718429, 0.000523914641235, -0.00210003554821, 0.000375816365704], [-0.000684991595335, 0.00299804168753, -0.00217023259029, 0.00259674387053, -0.00421442184597, 0.00293381419033, -0.00316593516618, 0.000975426286459, -0.00323680718429, 0.0151845822111, -0.00555309746414, 0.00277534080669, -0.00217663822696], [0.0011676287977, -0.00353425322101, 0.00234169024043, -0.00390104739927, 0.00159027578775, -0.00404735654593, 0.0040671331808, -0.00359778222628, 0.000523914641235, -0.00555309746414, 0.016210347414, -0.00333207380027, 0.00125043012667], [-0.00102276622783, 0.0041014906019, -0.00344853312708, 0.00214185006917, -0.00266113481484, 0.00401147082448, -0.00635418156162, 0.0036809432786, -0.00210003554821, 0.00277534080669, -0.00333207380027, 0.0170720834285, -0.0050191427581], [0.00050927081611, -0.00333906733431, 0.000995280803181, -0.00217272597365, 0.000439523049863, -0.00110340572428, 0.00244041159749, -0.00299874367192, 0.000375816365704, -0.00217663822696, 0.00125043012667, -0.0050191427581, 0.0162947811186]]
    },
    "melbands": {
        "dmean": [0.00194551539607, 0.00149200786836, 0.000935662072152, 0.00059179199161, 0.000783770810813, 0.000457119691418, 0.000384788989322, 0.000340621074429, 0.000282305991277, 0.000207713746931, 0.000106131570647, 9.70565888565e-05, 9.11320676096e-05, 8.1178281107e-05, 4.44548131782e-05, 2.05907726922e-05, 1.1542950233e-05, 1.20490467452e-05, 1.62380511028e-05, 1.44819969137e-05, 1.09731518023e-05, 7.22454387869e-06, 5.9285594034e-06, 6.42092618364e-06, 4.3423256102e-06, 3.94939434045e-06, 4.40175699623e-06, 5.02694319948e-06, 4.21244249083e-06, 1.96426481125e-06, 2.06196159525e-06, 2.38347297454e-06, 3.04241757476e-06, 3.2021844163e-06, 3.44632644556e-06, 3.40710016644e-06, 2.26049883167e-06, 1.71271483396e-06, 1.45934234297e-06, 1.01110208561e-06],
        "dmean2": [0.00291793118231, 0.0022348233033, 0.00155531265773, 0.000964452105109, 0.00128732121084, 0.00075122929411, 0.000613969925325, 0.000540205975994, 0.000417604489485, 0.000302034168271, 0.000159687391715, 0.000147737053339, 0.000136024187668, 0.000126318554976, 7.06643622834e-05, 3.40785118169e-05, 1.89470592886e-05, 2.1051208023e-05, 2.90041753033e-05, 2.61212826445e-05, 1.96240507648e-05, 1.21244102047e-05, 9.87355269899e-06, 1.12681564133e-05, 7.75085845817e-06, 6.70815506965e-06, 7.57972657084e-06, 9.12810810405e-06, 7.35261664886e-06, 3.26327062794e-06, 3.42349335369e-06, 3.87027102988e-06, 4.96973689224e-06, 5.23417884324e-06, 5.85381530982e-06, 5.79115294386e-06, 3.72903400603e-06, 2.77033859675e-06, 2.39589803641e-06, 1.58068360179e-06],
        "dvar": [1.60224371939e-05, 1.11208128146e-05, 4.24207792094e-06, 1.41294185596e-06, 1.08372103114e-06, 4.2174463033e-07, 3.52447500518e-07, 2.67569703283e-07, 2.5920141411e-07, 1.32653781293e-07, 2.14978932433e-08, 2.28389769319e-08, 2.673067101e-08, 1.8646451494e-08, 8.70714789158e-09, 1.82095039047e-09, 6.23662121946e-10, 1.15859211114e-09, 2.53706211595e-09, 2.15436801732e-09, 1.08453235281e-09, 3.95173338497e-10, 3.05772990261e-10, 5.11073128262e-10, 2.16793916152e-10, 1.12714053369e-10, 1.92219171136e-10, 3.47485151764e-10, 1.74821102039e-10, 2.06058763802e-11, 2.78302728085e-11, 3.443217933e-11, 4.64240625109e-11, 4.35161871815e-11, 5.36114243277e-11, 7.08326106102e-11, 2.39277139769e-11, 1.04580137952e-11, 8.22155798302e-12, 4.11097978575e-12],
        "dvar2": [3.78163531423e-05, 2.26684514928e-05, 1.11162617031e-05, 3.6560488752e-06, 2.84686166196e-06, 1.09935967885e-06, 9.54172946876e-07, 6.65037532599e-07, 5.11893290422e-07, 2.6496579153e-07, 4.71023291482e-08, 5.25357854997e-08, 6.24504039592e-08, 4.3159012364e-08, 2.07152162091e-08, 4.62292826242e-09, 1.65636371285e-09, 3.21122084479e-09, 7.15393744244e-09, 6.12433037617e-09, 3.04492275838e-09, 1.00151043014e-09, 7.87855947149e-10, 1.352749468e-09, 6.04412686567e-10, 3.05029529413e-10, 5.27755061874e-10, 9.84968329121e-10, 4.76284234274e-10, 5.46123424261e-11, 7.11064748748e-11, 8.13834971636e-11, 1.12437496813e-10, 1.07771180868e-10, 1.38628900026e-10, 1.88735138629e-10, 5.84778614421e-11, 2.4270656665e-11, 2.00872617151e-11, 9.09985801989e-12],
        "max": [0.0418829992414, 0.0392044298351, 0.0215323194861, 0.0100469375029, 0.00863532070071, 0.00650512333959, 0.00687024882063, 0.00779967941344, 0.00729327369481, 0.00619475916028, 0.00190116965678, 0.00150871847291, 0.00246094423346, 0.00200405926444, 0.00140750745777, 0.000427529157605, 0.000284040579572, 0.000273293087957, 0.000416725786636, 0.000392454589019, 0.000256025523413, 0.000155578454724, 0.000154247114551, 0.000197435365408, 0.000115970447951, 0.00011376501061, 0.000135582187795, 0.000174217391759, 0.000104593862488, 4.66343881271e-05, 4.52507920272e-05, 8.92479001777e-05, 8.61653679749e-05, 4.73775835417e-05, 6.84307669871e-05, 0.000128091109218, 4.06251201639e-05, 2.66333609034e-05, 2.83414810838e-05, 2.09368172364e-05],
        "mean": [0.00486043980345, 0.00330942356959, 0.00150539865717, 0.000757985981181, 0.00128366355784, 0.000812281563412, 0.000662591541186, 0.000566971197259, 0.000587629096117, 0.000391887821024, 0.000205748685403, 0.000159794188221, 0.000140643707709, 0.000116461756988, 5.58485044166e-05, 2.39218697971e-05, 1.38095228976e-05, 1.22042438306e-05, 1.35792924993e-05, 1.31129854708e-05, 9.99576514005e-06, 7.29440944269e-06, 5.24212191522e-06, 4.94432515552e-06, 3.49849210579e-06, 3.96743871534e-06, 4.00689350499e-06, 3.81092490898e-06, 3.83027600037e-06, 2.23669098887e-06, 1.98120665118e-06, 2.22770745495e-06, 2.92774598165e-06, 3.33321531798e-06, 3.24129814544e-06, 3.08021299134e-06, 2.31410263041e-06, 1.85669853181e-06, 1.5846385395e-06, 1.28523174681e-06],
        "median": [0.00211629690602, 0.00206835032441, 0.00110931775998, 0.000333066825988, 0.00085070496425, 0.000535987899639, 0.000421480886871, 0.000385724852094, 0.000189829763258, 0.000121195844258, 8.84326727828e-05, 7.09653395461e-05, 5.46627052245e-05, 4.44557517767e-05, 1.43015131471e-05, 9.55536324909e-06, 6.11615450907e-06, 3.82899452234e-06, 3.43388160218e-06, 4.13053157899e-06, 3.18081856676e-06, 1.96385190065e-06, 1.09272286863e-06, 5.57113196464e-07, 5.37010294011e-07, 1.06141396827e-06, 1.06853769921e-06, 8.40045288442e-07, 1.04790012756e-06, 7.7684740063e-07, 4.40161954884e-07, 2.9473125096e-07, 5.24403731106e-07, 1.16192393307e-06, 1.06605705241e-06, 7.8923642377e-07, 6.18223964466e-07, 5.48562411495e-07, 5.63813728149e-07, 4.32116905813e-07],
        "min": [5.54025493991e-24, 9.93912675759e-24, 5.59085563382e-24, 2.26311603488e-23, 1.96866802221e-23, 1.37071792471e-23, 5.25255618449e-24, 7.34723353448e-24, 1.2790529975e-23, 8.48486010109e-24, 1.0294420243e-23, 8.99820186883e-24, 1.36784457775e-23, 1.2268296956e-23, 1.26784683391e-23, 1.40753216989e-23, 1.39400383645e-23, 7.00592813067e-24, 1.17436271456e-23, 6.01530697704e-24, 1.86055258411e-23, 1.37671295204e-23, 1.36564255142e-23, 4.52170613809e-24, 3.99354837925e-24, 7.6932018951e-24, 9.08307856907e-24, 9.53015838735e-24, 1.50722273129e-23, 9.53367670699e-24, 1.02352580417e-23, 1.02312253847e-23, 5.58609880256e-24, 1.20632972502e-23, 1.17472606389e-23, 1.29984303222e-23, 7.2402726732e-24, 1.11329833295e-23, 1.16287350768e-23, 1.10460413914e-23],
        "stdev": [0.0076505606994, 0.00453096302226, 0.00191278173588, 0.00117900804617, 0.00133288349025, 0.000823062553536, 0.000746718782466, 0.000618148536887, 0.000948170141783, 0.000631434435491, 0.000272765493719, 0.000215507025132, 0.000219137233216, 0.000178404166945, 0.00010510552238, 4.2215706344e-05, 2.56693001575e-05, 2.93300872727e-05, 4.00615135732e-05, 3.66378226317e-05, 2.67442392214e-05, 1.84192213055e-05, 1.54455119628e-05, 1.90109421965e-05, 1.20106642498e-05, 9.70055407379e-06, 1.15778548206e-05, 1.44368596011e-05, 1.08939984784e-05, 4.27816576121e-06, 4.97251630804e-06, 6.35155629425e-06, 7.18713999959e-06, 6.37677658233e-06, 6.59995521346e-06, 7.30986403141e-06, 4.81174583911e-06, 3.46708452525e-06, 3.05036087411e-06, 2.61929085354e-06],
        "var": [5.85310772294e-05, 2.05296273634e-05, 3.65873393093e-06, 1.39006010613e-06, 1.77657830136e-06, 6.77432012708e-07, 5.5758897588e-07, 3.82107600672e-07, 8.99026645129e-07, 3.98709460114e-07, 7.44010080211e-08, 4.64432758918e-08, 4.80211284071e-08, 3.18280442002e-08, 1.10471702897e-08, 1.78216574831e-09, 6.58912924223e-10, 8.60254034674e-10, 1.60492485968e-09, 1.34233013593e-09, 7.15254300232e-10, 3.39267725025e-10, 2.38563863109e-10, 3.61415924965e-10, 1.44256065426e-10, 9.4100754966e-11, 1.34046732048e-10, 2.08422903936e-10, 1.18679205352e-10, 1.83027013684e-11, 2.47259192288e-11, 4.03422677209e-11, 5.16549789054e-11, 4.06632783001e-11, 4.35594095516e-11, 5.34341147718e-11, 2.31528997363e-11, 1.20206743864e-11, 9.30470110683e-12, 6.86068432967e-12]
    },
    "melbands128": {
