{
"lowlevel": {
    "average_loudness": 0.96179240942,
    "barkbands_crest": {
        "dmean": 3.20642924309,
        "dmean2": 4.81949567795,
        "dvar": 9.86702060699,
        "dvar2": 20.0804290771,
        "max": 25.8934364319,
        "mean": 12.4188785553,
        "median": 10.9614725113,
        "min": 3.54737401009,
        "stdev": 5.55918645859,
        "var": 30.9045543671
    },
    "barkbands_flatness_db": {
        "dmean": 0.0316403023899,
        "dmean2": 0.0439275726676,
        "dvar": 0.000929025292862,
        "dvar2": 0.00171243271325,
        "max": 0.414985716343,
        "mean": 0.153296709061,
        "median": 0.140849679708,
        "min": 0.0250432528555,
        "stdev": 0.0575815364718,
        "var": 0.00331563316286
    },
    "barkbands_kurtosis": {
        "dmean": 5.17392396927,
        "dmean2": 7.77089881897,
        "dvar": 107.540618896,
        "dvar2": 238.503799438,
        "max": 179.239685059,
        "mean": 6.74875020981,
        "median": 2.5815114975,
        "min": -1.90362691879,
        "stdev": 13.1334972382,
        "var": 172.488739014
    },
    "barkbands_skewness": {
        "dmean": 0.75022995472,
        "dmean2": 1.04834544659,
        "dvar": 0.780663192272,
        "dvar2": 1.49503695965,
        "max": 12.6905632019,
        "mean": 1.68348407745,
        "median": 1.32712745667,
        "min": -1.92581212521,
        "stdev": 1.57751202583,
        "var": 2.48854422569
    },
    "barkbands_spread": {
        "dmean": 7.62319898605,
        "dmean2": 11.2511281967,
        "dvar": 101.702209473,
        "dvar2": 210.515441895,
        "max": 118.155792236,
        "mean": 21.4767627716,
        "median": 18.5904121399,
        "min": 0.655817568302,
        "stdev": 15.7235956192,
        "var": 247.231445312
    },
    "dissonance": {
        "dmean": 0.0322692729533,
        "dmean2": 0.0541713126004,
        "dvar": 0.000865124049596,
        "dvar2": 0.00226220767945,
        "max": 0.499999850988,
        "mean": 0.444738388062,
        "median": 0.45313963294,
        "min": 0.189549833536,
        "stdev": 0.0399753674865,
        "var": 0.00159803009592
    },
    "dynamic_complexity": 2.16667819023,
    "erbbands_crest": {
        "dmean": 3.63016819954,
        "dmean2": 5.66938066483,
        "dvar": 11.1590671539,
        "dvar2": 26.6710529327,
        "max": 32.0889930725,
        "mean": 11.5325088501,
        "median": 10.6597261429,
        "min": 2.8003308773,
        "stdev": 5.28464317322,
        "var": 27.9274539948
    },
    "erbbands_flatness_db": {
        "dmean": 0.0237352661788,
        "dmean2": 0.0334659405053,
        "dvar": 0.000499093555845,
        "dvar2": 0.000931337301154,
        "max": 0.351921468973,
        "mean": 0.159223273396,
        "median": 0.155734598637,
        "min": 0.0539819635451,
        "stdev": 0.0459576100111,
        "var": 0.00211210199632
    },
    "erbbands_kurtosis": {
        "dmean": 2.35096073151,
        "dmean2": 3.57690787315,
        "dvar": 16.9964618683,
        "dvar2": 31.9032516479,
        "max": 94.5042724609,
        "mean": 3.22272729874,
        "median": 1.7910451889,
        "min": -1.87790870667,
        "stdev": 5.82041072845,
        "var": 33.8771820068
    },
    "erbbands_skewness": {
        "dmean": 0.539802908897,
        "dmean2": 0.786702573299,
        "dvar": 0.259925574064,
        "dvar2": 0.554432272911,
        "max": 6.32660055161,
        "mean": 0.892844855785,
        "median": 0.913611531258,
        "min": -3.46838068962,
        "stdev": 1.05567872524,
        "var": 1.11445748806
    },
    "erbbands_spread": {
        "dmean": 10.6833696365,
        "dmean2": 15.5948047638,
        "dvar": 149.55758667,
        "dvar2": 331.824493408,
        "max": 144.123092651,
        "mean": 32.8219032288,
        "median": 27.1682281494,
        "min": 2.23299503326,
        "stdev": 21.1395778656,
        "var": 446.881774902
    },
    "hfc": {
        "dmean": 12.231921196,
        "dmean2": 17.8114185333,
        "dvar": 332.689300537,
        "dvar2": 726.535644531,
        "max": 199.302124023,
        "mean": 30.5073051453,
        "median": 28.7553119659,
        "min": 0.00067533942638,
        "stdev": 24.8686714172,
        "var": 618.450805664
    },
    "loudness_ebu128": {
        "integrated": -8.3300409317,
        "loudness_range": 2.04669094086,
        "momentary": {
            "dmean": 0.679566860199,
            "dmean2": 0.962296009064,
            "dvar": 0.447978317738,
            "dvar2": 0.757269561291,
            "max": -6.31529951096,
            "mean": -8.55158615112,
            "median": -8.26145744324,
            "min": -14.3948040009,
            "stdev": 1.49846065044,
            "var": 2.24538445473
        },
        "short_term": {
            "dmean": 0.0769111439586,
            "dmean2": 0.107711389661,
            "dvar": 0.00443371990696,
            "dvar2": 0.00982908345759,
            "max": -7.27626371384,
            "mean": -8.41862773895,
            "median": -8.14834690094,
            "min": -9.77726745605,
            "stdev": 0.742158532143,
            "var": 0.550799250603
        }
    },
    "melbands_crest": {
        "dmean": 3.45696806908,
        "dmean2": 5.11073684692,
        "dvar": 11.7319288254,
        "dvar2": 22.5890426636,
        "max": 34.8759307861,
        "mean": 15.6424798965,
        "median": 13.7585306168,
        "min": 3.87764906883,
        "stdev": 7.23519039154,
        "var": 52.3479804993
    },
    "melbands_flatness_db": {
        "dmean": 0.0364674888551,
        "dmean2": 0.0481346994638,
        "dvar": 0.00132340483833,
        "dvar2": 0.00236639846116,
        "max": 0.525085628033,
        "mean": 0.214264154434,
        "median": 0.201886147261,
        "min": 0.0293617323041,
        "stdev": 0.0743887722492,
        "var": 0.00553368916735
    },
    "melbands_kurtosis": {
        "dmean": 10.7504577637,
        "dmean2": 16.2866668701,
        "dvar": 539.564025879,
        "dvar2": 1250.59619141,
        "max": 519.716552734,
        "mean": 15.7189474106,
        "median": 5.9950056076,
        "min": -1.66649925709,
        "stdev": 30.6714057922,
        "var": 940.735107422
    },
    "melbands_skewness": {
        "dmean": 0.952114999294,
        "dmean2": 1.3655295372,
        "dvar": 1.31432771683,
        "dvar2": 2.36703157425,
        "max": 16.9118556976,
        "mean": 2.40323972702,
        "median": 1.79114425182,
        "min": -1.48392748833,
        "stdev": 2.16367506981,
        "var": 4.68148994446
    },
    "melbands_spread": {
        "dmean": 8.19569683075,
        "dmean2": 11.5691537857,
        "dvar": 131.257263184,
        "dvar2": 245.528900146,
        "max": 202.113449097,
        "mean": 23.2669353485,
        "median": 19.555109024,
        "min": 0.660511016846,
        "stdev": 19.6054344177,
        "var": 384.373077393
    },
    "pitch_salience": {
        "dmean": 0.0905712246895,
        "dmean2": 0.138272508979,
        "dvar": 0.00901933014393,
        "dvar2": 0.0192613285035,
        "max": 0.888189971447,
        "mean": 0.49643522501,
        "median": 0.509094953537,
        "min": 0.103229507804,
        "stdev": 0.154762014747,
        "var": 0.0239512789994
    },
    "silence_rate_20dB": {
        "dmean": 0,
        "dmean2": 0,
        "dvar": 0,
        "dvar2": 0,
        "max": 1,
        "mean": 1,
        "median": 1,
        "min": 1,
        "stdev": 0,
        "var": 0
    },
    "silence_rate_30dB": {
        "dmean": 0.0495356023312,
        "dmean2": 0.0991479456425,
        "dvar": 0.0470813885331,
        "dvar2": 0.0893166810274,
        "max": 1,
        "mean": 0.887084305286,
        "median": 1,
        "min": 0,
        "stdev": 0.31648889184,
        "var": 0.100165225565
    },
    "silence_rate_60dB": {
        "dmean": 0.0193498451263,
        "dmean2": 0.0379550717771,
        "dvar": 0.0189752820879,
        "dvar2": 0.0380641408265,
        "max": 1,
        "mean": 0.0317092016339,
        "median": 0,
        "min": 0,
        "stdev": 0.175225645304,
        "var": 0.0307040270418
    },
    "spectral_centroid": {
        "dmean": 275.232421875,
        "dmean2": 400.219848633,
        "dvar": 105453.507812,
        "dvar2": 202492.515625,
        "max": 4766.63476562,
        "mean": 1217.97119141,
        "median": 1097.78027344,
        "min": 250.375366211,
        "stdev": 597.753845215,
        "var": 357309.65625
    },
    "spectral_complexity": {
        "dmean": 4.20201253891,
        "dmean2": 6.10611915588,
        "dvar": 26.6394882202,
        "dvar2": 44.1012573242,
        "max": 58,
        "mean": 15.125289917,
        "median": 14,
        "min": 0,
        "stdev": 7.94274282455,
        "var": 63.0871658325
    },
    "spectral_decrease": {
        "dmean": 3.96668164981e-09,
        "dmean2": 5.81745274175e-09,
        "dvar": 7.04547314798e-17,
        "dvar2": 1.0882568795e-16,
        "max": -1.16290996472e-13,
        "mean": -1.14815543739e-08,
        "median": -7.32924787528e-09,
        "min": -6.84048444555e-08,
        "stdev": 1.38266980088e-08,
        "var": 1.91177586127e-16
    },
    "spectral_energy": {
        "dmean": 0.0155583433807,
        "dmean2": 0.0230193845928,
        "dvar": 0.00104579236358,
        "dvar2": 0.00163193210028,
        "max": 0.260521560907,
        "mean": 0.0461011789739,
        "median": 0.0308041907847,
        "min": 5.00159217154e-07,
        "stdev": 0.0528855025768,
        "var": 0.00279687624425
    },
    "spectral_energyband_high": {
        "dmean": 0.000895975274034,
        "dmean2": 0.00127344881184,
        "dvar": 2.47752836913e-06,
        "dvar2": 4.90408410769e-06,
        "max": 0.0172594096512,
        "mean": 0.00142147461884,
        "median": 0.00082687381655,
        "min": 4.87713158748e-08,
        "stdev": 0.00213994947262,
        "var": 4.57938403997e-06
    },
    "spectral_energyband_low": {
        "dmean": 0.0115706855431,
        "dmean2": 0.0167265255004,
        "dvar": 0.000953298062086,
        "dvar2": 0.00144259887747,
        "max": 0.255146145821,
        "mean": 0.0244692452252,
        "median": 0.00625604949892,
        "min": 3.02144371744e-08,
        "stdev": 0.0504937469959,
        "var": 0.00254961848259
    },
    "spectral_energyband_middle_high": {
        "dmean": 0.00318395975046,
        "dmean2": 0.00477064074948,
        "dvar": 1.46322063301e-05,
        "dvar2": 3.25636210619e-05,
        "max": 0.0379913300276,
        "mean": 0.00800967309624,
        "median": 0.00600449414924,
        "min": 4.41915091187e-08,
        "stdev": 0.00713437562808,
        "var": 5.08993180119e-05
    },
    "spectral_energyband_middle_low": {
        "dmean": 0.00811656005681,
        "dmean2": 0.013663943857,
        "dvar": 0.000317858881317,
        "dvar2": 0.000914264353923,
        "max": 0.13688339293,
        "mean": 0.0133515736088,
        "median": 0.00983048137277,
        "min": 3.26207981516e-07,
        "stdev": 0.0150874014944,
        "var": 0.000227629672736
    },
    "spectral_entropy": {
        "dmean": 0.245154291391,
        "dmean2": 0.351637542248,
        "dvar": 0.0561846457422,
        "dvar2": 0.110210932791,
        "max": 8.96745491028,
        "mean": 7.56050395966,
        "median": 7.51982545853,
        "min": 6.24210691452,
        "stdev": 0.427650660276,
        "var": 0.182885080576
    },
    "spectral_flux": {
        "dmean": 0.0496482849121,
        "dmean2": 0.0735181793571,
        "dvar": 0.00396695034578,
        "dvar2": 0.00720449769869,
        "max": 0.543289065361,
        "mean": 0.115477219224,
        "median": 0.0941636115313,
        "min": 0.000707219354808,
        "stdev": 0.0917461365461,
        "var": 0.00841735396534
    },
    "spectral_kurtosis": {
        "dmean": 1.30753684044,
        "dmean2": 1.98873698711,
        "dvar": 2.14389038086,
        "dvar2": 4.92323112488,
        "max": 16.2690563202,
        "mean": 3.61892390251,
        "median": 3.32592964172,
        "min": -1.21782934666,
        "stdev": 2.27824234962,
        "var": 5.19038820267
    },
    "spectral_rms": {
        "dmean": 0.00105283712037,
        "dmean2": 0.0015175791923,
        "dvar": 3.08076391775e-06,
        "dvar2": 4.67287964057e-06,
        "max": 0.0159426275641,
        "mean": 0.00597097724676,
        "median": 0.00548204965889,
        "min": 2.20898218686e-05,
        "stdev": 0.00305355619639,
        "var": 9.32420607569e-06
    },
    "spectral_rolloff": {
        "dmean": 603.714111328,
        "dmean2": 1002.37042236,
        "dvar": 1889392,
        "dvar2": 4004527.25,
        "max": 14061.1816406,
        "mean": 1530.5892334,
        "median": 1098.19335938,
        "min": 64.599609375,
        "stdev": 1966.57666016,
        "var": 3867424
    },
    "spectral_skewness": {
        "dmean": 0.240653350949,
        "dmean2": 0.357432693243,
        "dvar": 0.0579318068922,
        "dvar2": 0.113456375897,
        "max": 3.04504489899,
        "mean": 1.67092394829,
        "median": 1.67624497414,
        "min": 0.0479022525251,
        "stdev": 0.449560672045,
        "var": 0.202104791999
    },
    "spectral_spread": {
        "dmean": 947564.3125,
        "dmean2": 1344317.25,
        "dvar": 1.26746034176e+12,
        "dvar2": 2.50739215565e+12,
        "max": 17635824,
        "mean": 6496029.5,
        "median": 6190647,
        "min": 2568509.25,
        "stdev": 2067674.375,
        "var": 4.27527713587e+12
    },
    "spectral_strongpeak": {
        "dmean": 0.770186305046,
        "dmean2": 1.29599714279,
        "dvar": 1.56878983974,
        "dvar2": 3.67948484421,
        "max": 12.1121692657,
        "mean": 1.46833229065,
        "median": 0.882640361786,
        "min": 0,
        "stdev": 1.62860810757,
        "var": 2.65236449242
    },
    "zerocrossingrate": {
        "dmean": 0.0164810046554,
        "dmean2": 0.0177853889763,
        "dvar": 0.000400926015573,
        "dvar2": 0.000401337980293,
        "max": 0.4150390625,
        "mean": 0.0680829435587,
        "median": 0.05859375,
        "min": 0.00341796875,
        "stdev": 0.0497014150023,
        "var": 0.00247023068368
    },
    "barkbands": {
        "dmean": [0.000516498228535, 0.0108337868005, 0.0050057861954, 0.00231732684188, 0.00141538120806, 0.00221634586342, 0.000689205655362, 0.0014753426658, 0.0023190875072, 0.0010322680464, 0.000867394555826, 0.000788871722762, 0.000700223085005, 0.00058250897564, 0.000748344638851, 0.000263798836386, 0.000210608719499, 9.00124287e-05, 0.000128706160467, 0.000199843445444, 0.000109719207103, 0.000146049816976, 0.000137484152219, 0.000178989081178, 0.000223130016821, 0.00012286483252, 1.42470580613e-05],
        "dmean2": [0.000635864096694, 0.0161691810936, 0.00932438392192, 0.0043962947093, 0.00251327874139, 0.0034624885302, 0.0011564202141, 0.00230245245621, 0.00358761870302, 0.00151988340076, 0.00129227049183, 0.00128658907488, 0.00115634815302, 0.00090292817913, 0.00115075788926, 0.000409118190873, 0.000320227234624, 0.000138032162795, 0.000206105702091, 0.000308587070322, 0.000166885831277, 0.000222598973778, 0.000205058924621, 0.000268465082627, 0.000338488665875, 0.000181883791811, 2.20100228034e-05],
        "dvar": [2.32869388128e-06, 0.000945989391766, 0.00042844179552, 9.17174620554e-05, 1.80310908036e-05, 1.00081897472e-05, 1.99552550839e-06, 7.17043621989e-06, 1.31891119963e-05, 5.70352858631e-06, 3.98101747123e-06, 3.48871958522e-06, 3.17551484841e-06, 1.33205855946e-06, 3.31165415446e-06, 5.56748091185e-07, 2.24126011972e-07, 4.53036754777e-08, 1.32828120059e-07, 1.8049543371e-07, 4.0990279615e-08, 1.06406567113e-07, 8.66492726459e-08, 1.39137512178e-07, 1.77369187782e-07, 8.90666669306e-08, 2.35457076059e-09],
        "dvar2": [3.36344555762e-06, 0.00168675626628, 0.001215913333, 0.000268920353847, 5.21684996784e-05, 2.36520099861e-05, 5.47587933397e-06, 1.68420356204e-05, 2.93157427222e-05, 1.26877921502e-05, 8.29526925372e-06, 9.05658725969e-06, 8.50489141158e-06, 3.02716944134e-06, 7.14306952432e-06, 1.28711940306e-06, 5.33177626494e-07, 1.01587204426e-07, 3.30287633687e-07, 4.60908381683e-07, 9.12105448947e-08, 2.00741027356e-07, 1.72686412725e-07, 3.1719869753e-07, 3.23192665519e-07, 1.59584089943e-07, 4.95121943445e-09],
        "max": [0.0166173931211, 0.249395087361, 0.157541304827, 0.0774163380265, 0.0347887799144, 0.0309882313013, 0.0113833844662, 0.0362714454532, 0.0357811227441, 0.0343186110258, 0.027059821412, 0.024463661015, 0.0196590032429, 0.017225522548, 0.0234861616045, 0.0137099353597, 0.00740768108517, 0.00241943984292, 0.00388896977529, 0.00572528177872, 0.00292611960322, 0.00554637331516, 0.00414890935645, 0.00416449597105, 0.00706556206569, 0.00571926822886, 0.00080358661944],
        "mean": [0.000676842755638, 0.0196006055921, 0.00320228422061, 0.00162083969917, 0.00148006156087, 0.00394865591079, 0.000664296909235, 0.00198429333977, 0.00338791985996, 0.0015978727024, 0.00147606641985, 0.00129967974499, 0.000826131086797, 0.000839947198983, 0.00100878102239, 0.000393538823118, 0.000311253621476, 0.000105822182377, 0.000128124665935, 0.000268185918685, 0.000155681482283, 0.000197517758352, 0.000171731080627, 0.000246949173743, 0.000320501771057, 0.000170010302099, 1.7587964976e-05],
        "median": [1.12003026516e-05, 0.00471075391397, 0.000327034038492, 0.000196697059437, 0.000596052384935, 0.00193323008716, 0.000168770435266, 0.000545497518033, 0.0016559046926, 0.000278518447885, 0.000281819171505, 0.000317905680276, 0.000253210833762, 0.000205369884497, 0.000123350997455, 6.46988701192e-05, 6.78322467138e-05, 3.5358403693e-05, 2.97763253911e-05, 0.000115200360597, 7.11170068826e-05, 8.59498613863e-05, 5.59880500077e-05, 0.000111846085929, 0.000148076171172, 6.52839298709e-05, 2.89581498691e-06],
        "min": [5.16571785347e-10, 3.40711725499e-09, 3.5641924967e-09, 6.11910788706e-09, 1.31932125669e-07, 6.29195398005e-08, 8.77177974701e-09, 1.14570841703e-08, 4.43001688666e-08, 1.56118140637e-08, 7.70916042114e-09, 1.53837724781e-08, 3.69105079834e-09, 2.42184206023e-09, 1.73248393409e-09, 4.14596940113e-10, 1.24154880821e-10, 1.18057363885e-09, 2.57421667316e-10, 3.50521417447e-10, 1.179220388e-09, 3.28896287982e-09, 3.14353476583e-09, 3.84042131429e-09, 2.7013731696e-08, 4.79356510041e-09, 1.46214149729e-12],
        "stdev": [0.00210184673779, 0.0433136373758, 0.0157657880336, 0.00707566970959, 0.00337723689154, 0.00475426577032, 0.00125813169871, 0.00343216327019, 0.00473291194066, 0.00360294082202, 0.00316158728674, 0.00252222223207, 0.00174638256431, 0.00158251321409, 0.00251297070645, 0.00108471885324, 0.000732526241336, 0.000234228442423, 0.000345276872395, 0.000469124293886, 0.000236365900491, 0.000384367798688, 0.000344191532349, 0.000454256107332, 0.000640894344542, 0.000425171514507, 6.36782642687e-05],
        "var": [4.41776001026e-06, 0.00187607121188, 0.000248560070759, 5.00651003676e-05, 1.14057293104e-05, 2.26030424528e-05, 1.58289526553e-06, 1.1779745364e-05, 2.2400454327e-05, 1.29811833176e-05, 9.99563417281e-06, 6.36160530121e-06, 3.04985201183e-06, 2.50434800364e-06, 6.31502189208e-06, 1.17661511467e-06, 5.36594654932e-07, 5.4862965726e-08, 1.19216110761e-07, 2.2007760947e-07, 5.58688384444e-08, 1.47738603573e-07, 1.18467802679e-07, 2.06348616416e-07, 4.10745570889e-07, 1.80770825864e-07, 4.05492128763e-09]
    },
    "erbbands": {
        "dmean": [0.42025500536, 2.43447899818, 5.07171583176, 7.5458650589, 5.14157390594, 4.60143995285, 13.0618391037, 17.9466609955, 12.5798139572, 12.5734968185, 41.1359214783, 49.1228637695, 33.1329650879, 29.0688037872, 31.6804065704, 26.3886756897, 31.2744235992, 25.7032642365, 26.0342311859, 35.6429595947, 13.7377414703, 11.4209814072, 5.42773580551, 5.63376760483, 7.32889890671, 9.12494182587, 5.18271207809, 4.36283922195, 5.15555143356, 5.00303554535, 3.80552387238, 3.43734550476, 3.21207475662, 2.44215607643, 1.65077340603, 0.715046107769, 0.189500585198, 0.040364086628, 0.00140827603173, 4.57963469671e-05],
        "dmean2": [0.555079221725, 3.69901371002, 8.82203006744, 14.1892471313, 9.51515579224, 8.02337360382, 21.0569381714, 28.2121543884, 20.9319438934, 19.6608657837, 66.5418243408, 76.7272186279, 49.0062980652, 41.8683815002, 49.5391921997, 42.1923370361, 50.4971466064, 40.0763282776, 40.0160942078, 52.9998664856, 21.0920848846, 17.7138786316, 8.22972774506, 8.99775886536, 11.5276193619, 13.9738121033, 7.97866916656, 6.51109933853, 7.70761823654, 7.64568090439, 5.61226654053, 5.29662513733, 4.81081771851, 3.68496704102, 2.4941906929, 1.05739152431, 0.286655455828, 0.0606161169708, 0.00209683529101, 6.67690110276e-05],
        "dvar": [1.49028015137, 46.4503898621, 369.426483154, 983.99005127, 391.330108643, 179.441238403, 461.641845703, 687.622802734, 778.344116211, 535.919067383, 4875.16162109, 6804.59960938, 4009.84375, 3001.16772461, 5953.203125, 3440.0456543, 6322.06982422, 3277.30615234, 2135.48657227, 8216.64257812, 1591.8326416, 627.024597168, 141.197143555, 377.583251953, 270.936279297, 335.265441895, 92.7817611694, 75.3441619873, 112.729957581, 142.849731445, 67.1191177368, 66.3438262939, 36.6118850708, 19.8539142609, 10.9333429337, 2.71081471443, 0.216108292341, 0.0148798981681, 2.44986222242e-05, 9.99338301e-09],
        "dvar2": [2.04825568199, 103.060577393, 996.847595215, 2837.60058594, 1147.81860352, 512.375793457, 1059.96887207, 1658.16687012, 2168.02246094, 1214.8293457, 11874.8046875, 15056.5546875, 8922.05566406, 6211.95849609, 13984.890625, 8551.55664062, 16679.8261719, 8055.64160156, 4792.37939453, 15755.4101562, 3959.61572266, 1472.96032715, 302.507110596, 953.766357422, 675.633056641, 790.763671875, 211.369720459, 167.617843628, 215.763916016, 292.561035156, 132.862792969, 159.51776123, 77.2894363403, 37.2675628662, 19.7999668121, 4.66268968582, 0.432214349508, 0.0303591098636, 4.7866935347e-05, 1.85514394957e-08],
        "max": [9.92341995239, 54.7103767395, 155.964157104, 233.20211792, 154.270629883, 117.404602051, 232.589309692, 271.269592285, 254.820251465, 323.353424072, 635.423522949, 788.553588867, 850.593383789, 669.746276855, 1051.50170898, 788.70703125, 917.738342285, 1037.37902832, 471.264007568, 1674.20581055, 709.860473633, 391.720275879, 128.255569458, 239.251098633, 159.083953857, 240.492874146, 87.8015289307, 142.474365234, 185.86706543, 218.056259155, 111.055541992, 85.2857589722, 78.4476394653, 69.0742645264, 56.0246925354, 34.8826179504, 8.10265731812, 2.08866095543, 0.0881535485387, 0.00176875223406],
        "mean": [0.715798437595, 3.78890419006, 4.04566669464, 5.18321466446, 4.28193950653, 4.76938915253, 19.568731308, 32.0841026306, 14.6965560913, 17.945148468, 59.798324585, 69.3825073242, 55.7891273499, 54.6140289307, 50.9509925842, 45.48229599, 43.6167221069, 37.298084259, 36.5379600525, 50.7562065125, 23.6490764618, 18.1742324829, 7.67106533051, 5.56084346771, 8.76503276825, 12.5038671494, 7.40838670731, 6.13600587845, 7.0921497345, 6.32555913925, 4.72078609467, 4.26428174973, 4.65722751617, 3.5886156559, 2.23780679703, 0.97715139389, 0.25974932313, 0.053881816566, 0.00189948419575, 9.89558539004e-05],
        "median": [0.0994500145316, 1.16316449642, 0.778800904751, 0.646251261234, 0.838431656361, 1.9076154232, 8.17123508453, 14.6572532654, 5.70307826996, 6.04954910278, 26.4703407288, 35.3249778748, 14.7055501938, 13.5291156769, 14.109582901, 14.0071306229, 14.9819536209, 12.6202287674, 9.66962623596, 6.08770799637, 4.01763343811, 4.2759604454, 2.60159492493, 1.24683272839, 3.06774735451, 5.42474317551, 3.72576618195, 2.59902620316, 3.1616499424, 2.33342719078, 1.51753652096, 1.79376506805, 2.10336732864, 1.75877821445, 0.918516099453, 0.385429918766, 0.0919685959816, 0.0146438097581, 0.000432957953308, 6.00743514951e-05],
        "min": [6.91431466748e-07, 3.24235361404e-06, 1.43769548231e-05, 4.23151941504e-05, 0.000207968900213, 0.000468548416393, 0.000567080453038, 0.000474456668599, 0.000216258034925, 7.88570469012e-05, 0.000428212719271, 0.000992940389551, 0.000801621004939, 0.000248005235335, 0.000525038514752, 0.000538915861398, 0.000192647683434, 0.000152727923705, 6.67941421852e-05, 9.44795974647e-05, 1.1531529708e-05, 9.96174003376e-06, 5.61237538932e-05, 3.22318664985e-05, 1.75940185727e-05, 1.6857202354e-05, 3.55623451469e-05, 5.63624671486e-05, 0.000134656074806, 0.00010983570246, 9.09676382435e-05, 6.30699796602e-05, 8.58135390445e-05, 0.0002384360414, 0.000191037965124, 4.46547528554e-05, 5.49066135136e-06, 6.84669885231e-07, 3.18176667236e-08, 2.38733077751e-09],
        "stdev": [1.76798272133, 8.31473636627, 15.8461503983, 23.5220527649, 14.8274316788, 10.9659252167, 28.9430179596, 40.1466369629, 24.8788719177, 29.5192050934, 85.0562667847, 103.614700317, 98.8899078369, 93.7230300903, 99.5507354736, 79.4299316406, 83.3396148682, 69.5301971436, 59.4123306274, 139.437683105, 62.3267707825, 39.3831253052, 14.6816444397, 17.9009399414, 17.1685829163, 21.1973190308, 11.2044649124, 9.97411823273, 12.901515007, 13.3369007111, 9.57287788391, 8.57232379913, 8.28069019318, 6.67447710037, 5.0014667511, 2.43205952644, 0.633962929249, 0.161739647388, 0.00674895709381, 0.000145865415107],
        "var": [3.12576293945, 69.1348342896, 251.100494385, 553.286987305, 219.852722168, 120.251525879, 837.698303223, 1611.75244141, 618.958251953, 871.383422852, 7234.56835938, 10736.0058594, 9779.21386719, 8784.00585938, 9910.34960938, 6309.11425781, 6945.49169922, 4834.44873047, 3529.82519531, 19442.8691406, 3884.62646484, 1551.03051758, 215.550674438, 320.443634033, 294.760223389, 449.326324463, 125.540039062, 99.4830322266, 166.44909668, 177.872909546, 91.6399917603, 73.4847412109, 68.5698242188, 44.5486450195, 25.0146694183, 5.91491317749, 0.401908993721, 0.0261597130448, 4.55484223494e-05, 2.12767208296e-08]
    },
    "gfcc": {
        "mean": [19.8407402039, 64.9860305786, -99.778213501, 6.83196020126, -67.9712677002, 27.1406402588, -34.3594703674, 16.2679920197, -23.4053821564, 17.9318809509, -16.0721607208, 5.31923723221, -4.56058740616],
        "cov": [[4096.47558594, -506.056732178, 382.090698242, 312.092834473, 394.418212891, 248.806259155, -76.0235977173, 179.35774231, 104.811141968, 156.149841309, -190.094940186, 14.4094142914, -68.3921966553], [-506.056732178, 1520.20788574, 322.797149658, 337.395904541, 392.57699585, 76.4063949585, 222.195266724, 41.0874633789, 141.874588013, -38.314540863, 69.0906677246, -42.7855644226, 100.52180481], [382.090698242, 322.797149658, 806.362915039, 348.661529541, 297.698394775, 198.668457031, 127.56086731, 138.552215576, 126.522109985, 59.9231147766, 36.5899810791, 38.0972442627, 61.4848403931], [312.092834473, 337.395904541, 348.661529541, 736.38104248, 410.777435303, 40.1974716187, 9.53394889832, 108.623146057, 229.889602661, 22.085849762, -7.89063310623, 43.1085014343, 42.5614814758], [394.418212891, 392.57699585, 297.698394775, 410.777435303, 598.564025879, 150.063308716, 4.32170200348, 101.829246521, 261.831176758, 88.8048248291, -54.5451774597, 15.6870059967, 110.554893494], [248.806259155, 76.4063949585, 198.668457031, 40.1974716187, 150.063308716, 273.496551514, 172.291870117, 86.8755645752, 35.8954124451, 32.9033622742, 18.2353916168, -9.02920341492, 0.275431483984], [-76.0235977173, 222.195266724, 127.56086731, 9.53394889832, 4.32170200348, 172.291870117, 382.648132324, 111.728050232, -68.2694320679, -7.0554356575, 108.666374207, 12.2181549072, -20.0816116333], [179.35774231, 41.0874633789, 138.552215576, 108.623146057, 101.829246521, 86.8755645752, 111.728050232, 167.308135986, 76.6288070679, 35.4435119629, 24.2485103607, 8.2994184494, 20.608543396], [104.811141968, 141.874588013, 126.522109985, 229.889602661, 261.831176758, 35.8954124451, -68.2694320679, 76.6288070679, 269.93560791, 79.1015701294, -38.6105461121, 13.3946352005, 77.1534576416], [156.149841309, -38.314540863, 59.9231147766, 22.085849762, 88.8048248291, 32.9033622742, -7.0554356575, 35.4435119629, 79.1015701294, 126.885421753, 33.1094741821, 17.6256790161, 39.6152153015], [-190.094940186, 69.0906677246, 36.5899810791, -7.89063310623, -54.5451774597, 18.2353916168, 108.666374207, 24.2485103607, -38.6105461121, 33.1094741821, 165.199829102, 60.360168457, 22.8228549957], [14.4094142914, -42.7855644226, 38.0972442627, 43.1085014343, 15.6870059967, -9.02920341492, 12.2181549072, 8.2994184494, 13.3946352005, 17.6256790161, 60.360168457, 133.890182495, 63.0302505493], [-68.3921966553, 100.52180481, 61.4848403931, 42.5614814758, 110.554893494, 0.275431483984, -20.0816116333, 20.608543396, 77.1534576416, 39.6152153015, 22.8228549957, 63.0302505493, 164.644973755]],
        "icov": [[0.000367315602489, 8.01703135949e-05, -5.77979408263e-05, -0.000133233741508, -0.000173553140485, -0.000261220207904, 0.000227290031034, -0.000411139422795, 0.000523136055563, -0.000589436443988, 0.000598393089604, -0.000331101706252, 0.000296302343486], [8.01703135949e-05, 0.00139506196138, -0.000389622786315, 0.000102429301478, -0.00116005993914, 0.000944798346609, -0.00127738947049, 0.00112144323066, -0.000802409020253, 0.00145035493188, -0.00113443552982, 0.00143755599856, -0.000584251014516], [-5.77979408263e-05, -0.000389622786315, 0.0021305414848, -0.000878362043295, 0.000257554056589, -0.0014550248161, 0.000490671198349, -0.000860118074343, 0.000626198539976, -0.000692073721439, 0.000119876189274, -0.000428270373959, -0.000337280100212], [-0.000133233741508, 0.000102429301478, -0.000878362043295, 0.00340448715724, -0.0021743804682, 0.00181495433208, -0.000404633698054, -0.000284173846012, -0.00191164377611, 0.00227121310309, -0.00134777708445, -0.000590424169786, 0.00153546535876], [-0.000173553140485, -0.00116005993914, 0.000257554056589, -0.0021743804682, 0.00623348588124, -0.002976245014, 0.000764586671721, -6.7822249548e-05, -0.00130016368348, -0.00263763172552, 0.0027158355806, -0.000580492778681, -0.00188716349658], [-0.000261220207904, 0.000944798346609, -0.0014550248161, 0.00181495433208, -0.002976245014, 0.008719176054, -0.00428971322253, 0.000614523713011, -0.00148892286234, 0.00105930585414, -0.000679647026118, 0.00140174804255, 0.000773024163209], [0.000227290031034, -0.00127738947049, 0.000490671198349, -0.000404633698054, 0.000764586671721, -0.00428971322253, 0.00782948266715, -0.00486215064302, 0.00346933514811, -0.000276671489701, -0.00188936037011, -0.0011642932659, 0.00100143975578], [-0.000411139422795, 0.00112144323066, -0.000860118074343, -0.000284173846012, -6.7822249548e-05, 0.000614523713011, -0.00486215064302, 0.0122089665383, -0.00470956321806, 0.000850217824336, -0.00127174309455, 0.00192323850933, -0.0010951384902], [0.000523136055563, -0.000802409020253, 0.000626198539976, -0.00191164377611, -0.00130016368348, -0.00148892286234, 0.00346933514811, -0.00470956321806, 0.0113700116053, -0.0054398314096, 0.00318291690201, -0.00115763163194, -0.00116151582915], [-0.000589436443988, 0.00145035493188, -0.000692073721439, 0.00227121310309, -0.00263763172552, 0.00105930585414, -0.000276671489701, 0.000850217824336, -0.0054398314096, 0.0155013818294, -0.00711725512519, 0.00252384855412, -0.000990113825537], [0.000598393089604, -0.00113443552982, 0.000119876189274, -0.00134777708445, 0.0027158355806, -0.000679647026118, -0.00188936037011, -0.00127174309455, 0.00318291690201, -0.00711725512519, 0.0137871308252, -0.00565478857607, -0.000174320637598], [-0.000331101706252, 0.00143755599856, -0.000428270373959, -0.000590424169786, -0.000580492778681, 0.00140174804255, -0.0011642932659, 0.00192323850933, -0.00115763163194, 0.00252384855412, -0.00565478857607, 0.0131111443043, -0.00499816425145], [0.000296302343486, -0.000584251014516, -0.000337280100212, 0.00153546535876, -0.00188716349658, 0.000773024163209, 0.00100143975578, -0.0010951384902, -0.00116151582915, -0.000990113825537, -0.000174320637598, -0.00499816425145, 0.0105277141556]]
    },
    "melbands": {
        "dmean": [0.00325670698658, 0.00236259866506, 0.00119828362949, 0.000314703152981, 0.000387146516005, 0.000403643149184, 0.000180891263881, 0.000173790685949, 0.000382795173209, 0.000295067875413, 0.00017092381313, 0.000122078417917, 0.000119168391393, 8.4652674559e-05, 8.5576204583e-05, 5.64889742236e-05, 5.25156938238e-05, 4.2341867811e-05, 6.78249780321e-05, 2.76057799056e-05, 1.67736488947e-05, 1.31544311444e-05, 7.97124539531e-06, 4.04242609875e-06, 4.8598030844e-06, 4.51957112091e-06, 6.8263416324e-06, 6.43288421998e-06, 4.01416991735e-06, 2.43093722929e-06, 2.72509623755e-06, 2.79622372545e-06, 3.3103417536e-06, 2.78013430943e-06, 2.40419149122e-06, 1.91883395928e-06, 2.16098442252e-06, 2.3114139367e-06, 2.20848937715e-06, 2.08854862649e-06],
        "dmean2": [0.00462008686736, 0.00364875979722, 0.00223439815454, 0.000564362329897, 0.0006335839862, 0.000636419921648, 0.000297194841551, 0.000264219444944, 0.00061867054319, 0.000459626549855, 0.000250957382377, 0.000178213769686, 0.000178669026354, 0.000138897608849, 0.000132213448524, 9.26122884266e-05, 8.16859610495e-05, 6.47043343633e-05, 0.000106073806819, 3.98651209252e-05, 2.62022022071e-05, 2.01891070901e-05, 1.23958616314e-05, 6.41487940811e-06, 7.88102715887e-06, 7.13019926479e-06, 1.08777412606e-05, 9.97640199785e-06, 6.48646482659e-06, 3.71825854018e-06, 4.11093333241e-06, 4.23686151407e-06, 5.23925473317e-06, 4.27338181908e-06, 3.64151492249e-06, 2.99338444165e-06, 3.37454457622e-06, 3.45780836142e-06, 3.42861130775e-06, 3.18494221574e-06],
        "dvar": [8.60934087541e-05, 5.18303495483e-05, 2.38573120441e-05, 1.14520332772e-06, 4.23621173695e-07, 3.43212946063e-07, 1.43202655067e-07, 1.17559977753e-07, 4.2187116378e-07, 2.30898635323e-07, 1.14444446808e-07, 5.66946276592e-08, 8.25860411169e-08, 4.57257129938e-08, 4.70284966525e-08, 2.34546497779e-08, 1.38672220373e-08, 6.13291284424e-09, 3.05236831366e-08, 6.83228895682e-09, 3.00259372921e-09, 8.677316643e-10, 3.01971697647e-10, 1.09778172663e-10, 3.0920682681e-10, 1.31366167944e-10, 2.9156380088e-10, 1.57969498593e-10, 6.14570824786e-11, 1.91071602984e-11, 3.1941276013e-11, 2.62769979387e-11, 7.91353926832e-11, 4.08983159839e-11, 2.82277621416e-11, 2.00538578798e-11, 2.57869437609e-11, 1.86615410624e-11, 1.6144004536e-11, 1.55421439607e-11],
        "dvar2": [0.000133514651679, 0.000119332085887, 6.84821716277e-05, 3.33199272973e-06, 1.03378579297e-06, 8.35486446249e-07, 3.96630525756e-07, 2.52748719731e-07, 1.01407761122e-06, 5.14309476785e-07, 2.49007996445e-07, 1.24430115989e-07, 1.78204558665e-07, 1.18806298133e-07, 1.14239114168e-07, 6.30220142739e-08, 3.38218058005e-08, 1.24715615613e-08, 6.79875711285e-08, 1.27657351356e-08, 7.86446729961e-09, 2.07102357486e-09, 6.82271128483e-10, 2.64262028926e-10, 7.94530830017e-10, 3.11285469623e-10, 8.40044700468e-10, 3.58213014806e-10, 1.4791100289e-10, 4.12237258218e-11, 7.26293677977e-11, 5.19071556571e-11, 1.51749154909e-10, 8.87761114621e-11, 5.5381671471e-11, 4.59240423467e-11, 6.19311060768e-11, 3.99052180189e-11, 3.35773457649e-11, 2.96709150305e-11],
        "max": [0.0716529935598, 0.0592992417514, 0.0367745682597, 0.00884706806391, 0.00638308841735, 0.0054024271667, 0.003534859512, 0.00554919894785, 0.00659375684336, 0.0043454603292, 0.00445801112801, 0.00293064350262, 0.00419688597322, 0.00313342153095, 0.00399983907118, 0.00213569588959, 0.0019825254567, 0.00105472735595, 0.00178815831896, 0.00144229049329, 0.000943018589169, 0.00038698874414, 0.000252209661994, 0.000123905425426, 0.00021132468828, 0.000132818240672, 0.000281597021967, 0.000110963934276, 6.97269788361e-05, 5.35098843102e-05, 9.9089134892e-05, 7.48732418288e-05, 0.000151190368342, 0.00010874983127, 7.83516516094e-05, 5.84623594477e-05, 5.193578545e-05, 5.92300384596e-05, 5.18533088325e-05, 6.18031117483e-05],
        "mean": [0.00593902356923, 0.00298663810827, 0.000856402737554, 0.000300089130178, 0.000574677775148, 0.000721122371033, 0.000209402162, 0.000252119934885, 0.000564952439163, 0.000412003573729, 0.00028125019162, 0.000227674812777, 0.0001965406409, 0.000126134313177, 0.000136934118927, 6.58957942505e-05, 7.38855233067e-05, 5.4608372011e-05, 8.86898706085e-05, 3.75286799681e-05, 2.62575813395e-05, 1.96670407604e-05, 1.11073995868e-05, 4.64045069748e-06, 4.3786058086e-06, 4.94328378409e-06, 8.35742503114e-06, 8.40876509756e-06, 5.14699831911e-06, 3.35151480613e-06, 3.58298370884e-06, 3.88725538869e-06, 4.08696814702e-06, 3.40323890669e-06, 2.88243018076e-06, 2.27257737606e-06, 2.6736468044e-06, 3.2377554362e-06, 3.20431468026e-06, 2.98353734252e-06],
        "median": [0.00118491530884, 0.000893765420187, 0.000119539763546, 8.75316545716e-05, 0.00024904453312, 0.000338843005011, 7.63835632824e-05, 6.06929206697e-05, 0.000270398915745, 0.000193169296836, 5.87432950852e-05, 5.01092508784e-05, 4.67833306175e-05, 3.11512885673e-05, 3.31534502038e-05, 2.14949850488e-05, 1.86132583622e-05, 1.31136284836e-05, 9.61089790508e-06, 4.92529352414e-06, 4.06481422033e-06, 3.83915812563e-06, 3.02433886645e-06, 1.41186933433e-06, 7.27498957076e-07, 1.3393143945e-06, 3.13569717036e-06, 3.34530523105e-06, 2.35819857153e-06, 1.49968047936e-06, 1.3692858829e-06, 1.729540827e-06, 1.51940798787e-06, 1.12184363843e-06, 8.2787687461e-07, 7.47183435124e-07, 1.10374912765e-06, 1.348380124e-06, 1.50750713601e-06, 1.38333257382e-06],
        "min": [8.00126576106e-10, 1.47685141894e-09, 1.18841603225e-08, 2.7681469561e-08, 2.06145678305e-08, 1.07239790381e-08, 2.8827984444e-09, 9.54712309209e-10, 4.16857259822e-09, 6.45135855848e-09, 3.88740906132e-09, 9.56274948116e-10, 1.38557898488e-09, 1.98520822003e-09, 7.0092548432e-10, 3.55029672328e-10, 2.71637601301e-10, 9.46983394479e-11, 1.54918355921e-10, 6.79767075962e-11, 3.96907116548e-12, 5.51751222835e-12, 2.98908502117e-11, 6.42732395084e-11, 2.18088880288e-11, 8.76920584758e-12, 1.7699931798e-11, 8.33978372472e-12, 1.45613694713e-11, 3.46249869054e-11, 2.64851595516e-11, 8.5770113234e-11, 5.36801540718e-11, 6.21470791495e-11, 6.51531328888e-11, 1.90483098045e-11, 4.75580304304e-11, 5.11171729944e-11, 7.19649201342e-11, 2.49974013711e-10],
        "stdev": [0.013539458625, 0.00766186602414, 0.00369441485964, 0.000826484581921, 0.000820290762931, 0.000872760661878, 0.000346453569364, 0.000465911900392, 0.000799514469691, 0.000603218155447, 0.000534737831913, 0.000395782291889, 0.000420871307142, 0.000271549739409, 0.000289113086183, 0.000141024211189, 0.000146194288391, 0.000100748780824, 0.000223134382395, 0.000120399534353, 8.15765088191e-05, 4.55009503639e-05, 2.34067465499e-05, 1.07748310256e-05, 1.58220573212e-05, 1.18329480756e-05, 1.74927336047e-05, 1.44212135638e-05, 8.6120380729e-06, 5.22433401784e-06, 6.35505193713e-06, 6.5188728513e-06, 9.8794389487e-06, 7.03926752976e-06, 6.14642658547e-06, 4.75308524983e-06, 5.39460052096e-06, 5.83014434596e-06, 5.59262844035e-06, 5.81685026191e-06],
        "var": [0.000183316937182, 5.8704190451e-05, 1.3648701497e-05, 6.83076734731e-07, 6.72876922181e-07, 7.61711191899e-07, 1.20030065887e-07, 2.17073903741e-07, 6.39223401322e-07, 3.63872146636e-07, 2.85944565803e-07, 1.56643622518e-07, 1.77132648105e-07, 7.3739258255e-08, 8.35863787074e-08, 1.98878282731e-08, 2.13727684439e-08, 1.01503170313e-08, 4.97889551809e-08, 1.44960470294e-08, 6.65472699168e-09, 2.0703363468e-09, 5.47875800283e-10, 1.1609699313e-10, 2.50337500729e-10, 1.40018649453e-10, 3.05995701e-10, 2.07971390109e-10, 7.41672001592e-11, 2.72936673262e-11, 4.03866835808e-11, 4.24957048717e-11, 9.76033143196e-11, 4.95512901544e-11, 3.77785615291e-11, 2.25918173058e-11, 2.91017140941e-11, 3.39905846525e-11, 3.12774944833e-11, 3.38357467045e-11]
    },
    "melbands128": {
