{
"lowlevel": {
    "average_loudness": 0.968938112259,
    "barkbands_crest": {
        "dmean": 3.46438980103,
        "dmean2": 5.40682125092,
        "dvar": 9.83958625793,
        "dvar2": 22.6887111664,
        "max": 26.0084018707,
        "mean": 14.3571987152,
        "median": 14.1324663162,
        "min": 2.9479162693,
        "stdev": 5.47726249695,
        "var": 30.0004043579
    },
    "barkbands_flatness_db": {
        "dmean": 0.0352025739849,
        "dmean2": 0.049990888685,
        "dvar": 0.00111129682045,
        "dvar2": 0.00207137688994,
        "max": 0.446727871895,
        "mean": 0.164468765259,
        "median": 0.156027883291,
        "min": 0.0264019649476,
        "stdev": 0.0640954896808,
        "var": 0.00410823151469
    },
    "barkbands_kurtosis": {
        "dmean": 7.90240716934,
        "dmean2": 12.0459537506,
        "dvar": 426.171234131,
        "dvar2": 907.734985352,
        "max": 574.645080566,
        "mean": 10.4043836594,
        "median": 4.95653152466,
        "min": -1.89969325066,
        "stdev": 24.3938236237,
        "var": 595.05859375
    },
    "barkbands_skewness": {
        "dmean": 0.970449090004,
        "dmean2": 1.41196119785,
        "dvar": 1.14832723141,
        "dvar2": 2.34348797798,
        "max": 20.1445541382,
        "mean": 2.29910063744,
        "median": 2.04932451248,
        "min": -4.53892850876,
        "stdev": 1.82449018955,
        "var": 3.32876443863
    },
    "barkbands_spread": {
        "dmean": 9.35397529602,
        "dmean2": 14.0230064392,
        "dvar": 126.822486877,
        "dvar2": 276.462615967,
        "max": 109.166870117,
        "mean": 21.5478897095,
        "median": 17.2665405273,
        "min": 0.259723335505,
        "stdev": 16.9074249268,
        "var": 285.861022949
    },
    "dissonance": {
        "dmean": 0.0324394479394,
        "dmean2": 0.0529558099806,
        "dvar": 0.00106788473204,
        "dvar2": 0.00266401632689,
        "max": 0.499949753284,
        "mean": 0.439472585917,
        "median": 0.448325335979,
        "min": 0.00964154209942,
        "stdev": 0.0433328524232,
        "var": 0.0018777360674
    },
    "dynamic_complexity": 2.79465174675,
    "erbbands_crest": {
        "dmean": 3.87412238121,
        "dmean2": 6.09725666046,
        "dvar": 11.6240005493,
        "dvar2": 26.8253555298,
        "max": 29.4783706665,
        "mean": 10.8186893463,
        "median": 9.58967590332,
        "min": 2.55188536644,
        "stdev": 5.19872426987,
        "var": 27.0267333984
    },
    "erbbands_flatness_db": {
        "dmean": 0.0271586664021,
        "dmean2": 0.0386553108692,
        "dvar": 0.000640059239231,
        "dvar2": 0.00125980935991,
        "max": 0.36132106185,
        "mean": 0.147134765983,
        "median": 0.141471639276,
        "min": 0.0522868968546,
        "stdev": 0.0509160906076,
        "var": 0.00259244837798
    },
    "erbbands_kurtosis": {
        "dmean": 1.83557105064,
        "dmean2": 2.70253324509,
        "dvar": 5.86523294449,
        "dvar2": 11.9858980179,
        "max": 28.5002880096,
        "mean": 1.50839388371,
        "median": 0.412638664246,
        "min": -1.78180575371,
        "stdev": 3.59923100471,
        "var": 12.9544630051
    },
    "erbbands_skewness": {
        "dmean": 0.57633960247,
        "dmean2": 0.83950394392,
        "dvar": 0.25515589118,
        "dvar2": 0.543335676193,
        "max": 4.51002597809,
        "mean": 0.812609493732,
        "median": 0.80887311697,
        "min": -3.06217813492,
        "stdev": 0.955527365208,
        "var": 0.913032591343
    },
    "erbbands_spread": {
        "dmean": 14.9643716812,
        "dmean2": 21.8389587402,
        "dvar": 259.762115479,
        "dvar2": 534.754577637,
        "max": 194.339660645,
        "mean": 45.3719291687,
        "median": 40.9024047852,
        "min": 5.54240274429,
        "stdev": 25.9213409424,
        "var": 671.91595459
    },
    "hfc": {
        "dmean": 11.9431810379,
        "dmean2": 16.8908786774,
        "dvar": 193.861709595,
        "dvar2": 424.909667969,
        "max": 209.147842407,
        "mean": 28.4027996063,
        "median": 26.2636928558,
        "min": 1.16167855564e-16,
        "stdev": 21.5014362335,
        "var": 462.311737061
    },
    "loudness_ebu128": {
        "integrated": -8.85888576508,
        "loudness_range": 1.45220375061,
        "momentary": {
            "dmean": 0.772814631462,
            "dmean2": 0.829555213451,
            "dvar": 0.925122976303,
            "dvar2": 0.835122168064,
            "max": -6.18946170807,
            "mean": -9.39309120178,
            "median": -8.6945142746,
            "min": -33.3557739258,
            "stdev": 2.56084036827,
            "var": 6.55790281296
        },
        "short_term": {
            "dmean": 0.0949197411537,
            "dmean2": 0.0908151045442,
            "dvar": 0.00861467607319,
            "dvar2": 0.0076196230948,
            "max": -7.87624645233,
            "mean": -8.80954265594,
            "median": -8.64103507996,
            "min": -13.6906375885,
            "stdev": 0.822758197784,
            "var": 0.676931083202
        }
    },
    "melbands_crest": {
        "dmean": 4.15134572983,
        "dmean2": 6.63441562653,
        "dvar": 14.8841695786,
        "dvar2": 35.5405921936,
        "max": 33.3618240356,
        "mean": 18.5127754211,
        "median": 18.7179946899,
        "min": 2.14503479004,
        "stdev": 6.45065832138,
        "var": 41.6109924316
    },
    "melbands_flatness_db": {
        "dmean": 0.0425007529557,
        "dmean2": 0.0581033192575,
        "dvar": 0.00172481546178,
        "dvar2": 0.00319962343201,
        "max": 0.569633424282,
        "mean": 0.233246415854,
        "median": 0.228029593825,
        "min": 0.00604256941006,
        "stdev": 0.0852336362004,
        "var": 0.00726477243006
    },
    "melbands_kurtosis": {
        "dmean": 16.7461776733,
        "dmean2": 25.8280467987,
        "dvar": 1186.33740234,
        "dvar2": 2729.09130859,
        "max": 690.30645752,
        "mean": 26.2628250122,
        "median": 13.5173244476,
        "min": -1.86139822006,
        "stdev": 44.4731788635,
        "var": 1977.86352539
    },
    "melbands_skewness": {
        "dmean": 1.24241709709,
        "dmean2": 1.83288502693,
        "dvar": 2.0513484478,
        "dvar2": 4.32973384857,
        "max": 23.2827587128,
        "mean": 3.45632314682,
        "median": 2.97096610069,
        "min": -2.0888133049,
        "stdev": 2.35669565201,
        "var": 5.55401468277
    },
    "melbands_spread": {
        "dmean": 9.69927120209,
        "dmean2": 14.7114973068,
        "dvar": 288.189300537,
        "dvar2": 615.539306641,
        "max": 228.582290649,
        "mean": 19.670463562,
        "median": 13.7940807343,
        "min": 0.369485676289,
        "stdev": 24.0084514618,
        "var": 576.405700684
    },
    "pitch_salience": {
        "dmean": 0.0985047891736,
        "dmean2": 0.15203563869,
        "dvar": 0.00879250001162,
        "dvar2": 0.0196528267115,
        "max": 0.950505256653,
        "mean": 0.471914768219,
        "median": 0.463204622269,
        "min": 0.0504425242543,
        "stdev": 0.160958632827,
        "var": 0.0259076803923
    },
    "silence_rate_20dB": {
        "dmean": 0,
        "dmean2": 0,
        "dvar": 0,
        "dvar2": 0,
        "max": 1,
        "mean": 1,
        "median": 1,
        "min": 1,
        "stdev": 0,
        "var": 0
    },
    "silence_rate_30dB": {
        "dmean": 0.0371517017484,
        "dmean2": 0.0743609592319,
        "dvar": 0.0357717946172,
        "dvar2": 0.0703813806176,
        "max": 1,
        "mean": 0.914926528931,
        "median": 1,
        "min": 0,
        "stdev": 0.278992116451,
        "var": 0.0778365954757
    },
    "silence_rate_60dB": {
        "dmean": 0.022445820272,
        "dmean2": 0.0449264124036,
        "dvar": 0.021941754967,
        "dvar2": 0.0460060425103,
        "max": 1,
        "mean": 0.0440835282207,
        "median": 0,
        "min": 0,
        "stdev": 0.205277115107,
        "var": 0.0421386957169
    },
    "spectral_centroid": {
        "dmean": 379.891601562,
        "dmean2": 544.495605469,
        "dvar": 288838.84375,
        "dvar2": 483286.84375,
        "max": 10994.6416016,
        "mean": 1212.13842773,
        "median": 1042.94836426,
        "min": 113.269584656,
        "stdev": 800.564819336,
        "var": 640904.0625
    },
    "spectral_complexity": {
        "dmean": 4.15170288086,
        "dmean2": 6.24709510803,
        "dvar": 26.1580524445,
        "dvar2": 58.0280609131,
        "max": 50,
        "mean": 15.0688323975,
        "median": 14,
        "min": 0,
        "stdev": 7.81013822556,
        "var": 60.998260498
    },
    "spectral_decrease": {
        "dmean": 3.86976850564e-09,
        "dmean2": 5.58500001802e-09,
        "dvar": 3.64080668027e-17,
        "dvar2": 7.42650231663e-17,
        "max": 2.74395332844e-11,
        "mean": -1.25045929167e-08,
        "median": -1.09320374975e-08,
        "min": -6.87538275201e-08,
        "stdev": 1.13997380424e-08,
        "var": 1.29954031464e-16
    },
    "spectral_energy": {
        "dmean": 0.0151565438136,
        "dmean2": 0.0218494962901,
        "dvar": 0.000530191638973,
        "dvar2": 0.00108080112841,
        "max": 0.262028425932,
        "mean": 0.0497714430094,
        "median": 0.044602945447,
        "min": 1.04381727628e-20,
        "stdev": 0.0436589829624,
        "var": 0.00190610694699
    },
    "spectral_energyband_high": {
        "dmean": 0.000882116903085,
        "dmean2": 0.0012739689555,
        "dvar": 1.65032327004e-06,
        "dvar2": 3.48903017766e-06,
        "max": 0.0202727504075,
        "mean": 0.00152301974595,
        "median": 0.000887458911166,
        "min": 7.65623511577e-21,
        "stdev": 0.00187236920465,
        "var": 3.50576647179e-06
    },
    "spectral_energyband_low": {
        "dmean": 0.0107577899471,
        "dmean2": 0.0159226004034,
        "dvar": 0.000607925816439,
        "dvar2": 0.00124861125369,
        "max": 0.250235378742,
        "mean": 0.0292451120913,
        "median": 0.0195638537407,
        "min": 9.52361226179e-23,
        "stdev": 0.0402251668274,
        "var": 0.00161806412507
    },
    "spectral_energyband_middle_high": {
        "dmean": 0.00245581101626,
        "dmean2": 0.00340984738432,
        "dvar": 1.24763218992e-05,
        "dvar2": 2.76868013316e-05,
        "max": 0.0388360768557,
        "mean": 0.00449929293245,
        "median": 0.0025175891351,
        "min": 1.34960292662e-21,
        "stdev": 0.00510544283316,
        "var": 2.60655451712e-05
    },
    "spectral_energyband_middle_low": {
        "dmean": 0.00931287463754,
        "dmean2": 0.0148790888488,
        "dvar": 0.000282679422526,
        "dvar2": 0.000732113257982,
        "max": 0.127446651459,
        "mean": 0.0160009395331,
        "median": 0.0117237986997,
        "min": 3.16445884953e-22,
        "stdev": 0.0168977659196,
        "var": 0.000285534508293
    },
    "spectral_entropy": {
        "dmean": 0.311629533768,
        "dmean2": 0.419859081507,
        "dvar": 0.0914630442858,
        "dvar2": 0.179749175906,
        "max": 9.79102516174,
        "mean": 7.55158042908,
        "median": 7.53668022156,
        "min": 5.06521320343,
        "stdev": 0.56188249588,
        "var": 0.315711915493
    },
    "spectral_flux": {
        "dmean": 0.0419540628791,
        "dmean2": 0.0648977160454,
        "dvar": 0.00208194344305,
        "dvar2": 0.00410180119798,
        "max": 0.477445006371,
        "mean": 0.109261624515,
        "median": 0.0932654961944,
        "min": 1.02167378724e-10,
        "stdev": 0.074521176517,
        "var": 0.00555340619758
    },
    "spectral_kurtosis": {
        "dmean": 2.0137386322,
        "dmean2": 2.93322849274,
        "dvar": 8.99702835083,
        "dvar2": 20.7909393311,
        "max": 45.3574447632,
        "mean": 4.21150350571,
        "median": 3.4065322876,
        "min": -1.48545873165,
        "stdev": 3.93208742142,
        "var": 15.461312294
    },
    "spectral_rms": {
        "dmean": 0.0010458851466,
        "dmean2": 0.00143860501703,
        "dvar": 1.53740870701e-06,
        "dvar2": 2.80601102531e-06,
        "max": 0.0159886665642,
        "mean": 0.00629324279726,
        "median": 0.0065965950489,
        "min": 3.1911725866e-12,
        "stdev": 0.002992100548,
        "var": 8.95266566658e-06
    },
    "spectral_rolloff": {
        "dmean": 996.39453125,
        "dmean2": 1659.37573242,
        "dvar": 4591488.5,
        "dvar2": 9640463,
        "max": 18389.3554688,
        "mean": 1674.99047852,
        "median": 689.0625,
        "min": 64.599609375,
        "stdev": 2724.66870117,
        "var": 7423820
    },
    "spectral_skewness": {
        "dmean": 0.333003669977,
        "dmean2": 0.462239563465,
        "dvar": 0.12928365171,
        "dvar2": 0.250494360924,
        "max": 5.24818992615,
        "mean": 1.66878128052,
        "median": 1.6389939785,
        "min": -0.398009866476,
        "stdev": 0.613281965256,
        "var": 0.376114755869
    },
    "spectral_spread": {
        "dmean": 1238183.375,
        "dmean2": 1713153.25,
        "dvar": 2.59480564531e+12,
        "dvar2": 4.24999360922e+12,
        "max": 40935136,
        "mean": 6577072.5,
        "median": 6215684.5,
        "min": 1295006.875,
        "stdev": 2691274.5,
        "var": 7.24295902822e+12
    },
    "spectral_strongpeak": {
        "dmean": 0.549319148064,
        "dmean2": 0.894493818283,
        "dvar": 0.84134376049,
        "dvar2": 1.93959140778,
        "max": 9.04456520081,
        "mean": 1.06391763687,
        "median": 0.640528917313,
        "min": 0,
        "stdev": 1.13388741016,
        "var": 1.28570067883
    },
    "zerocrossingrate": {
        "dmean": 0.0218301787972,
        "dmean2": 0.024023739621,
        "dvar": 0.00111965462565,
        "dvar2": 0.00125221931376,
        "max": 0.51318359375,
        "mean": 0.0695213526487,
        "median": 0.0498046875,
        "min": 0.00341796875,
        "stdev": 0.0680479705334,
        "var": 0.00463052652776
    },
    "barkbands": {
        "dmean": [0.000226952106459, 0.00961117818952, 0.00366589077748, 0.00232661445625, 0.0027596866712, 0.00177946512122, 0.00108079926576, 0.00357384607196, 0.001432006713, 0.00125406193547, 0.000325002591126, 0.000370074587408, 0.00037705610157, 0.000263696856564, 0.000395153329009, 0.000236960899201, 0.000241210815147, 0.000155884190463, 0.000133436376927, 0.000183690150152, 0.000104556209408, 0.000210278682061, 0.000144191988511, 0.00017823302187, 0.000150550287799, 0.000171995459823, 2.01229904633e-05],
        "dmean2": [0.000327529589413, 0.01415264979, 0.00615531112999, 0.00428737234324, 0.00463990308344, 0.00297566992231, 0.00187821465079, 0.00550220534205, 0.00224441569299, 0.00168811634649, 0.000537960091606, 0.000606310204603, 0.000579610932618, 0.000434721179772, 0.000598111830186, 0.000354072835762, 0.000361290818546, 0.000253067177255, 0.000198839552468, 0.000289448857075, 0.000163839256857, 0.000319660321111, 0.000211571998079, 0.000262757996097, 0.000219015899347, 0.000263002788415, 3.3068787161e-05],
        "dvar": [2.79408737924e-07, 0.000580615655053, 0.000233819679124, 9.53108174144e-05, 2.9861834264e-05, 1.46498423419e-05, 6.01057627136e-06, 4.30642321589e-05, 1.43466122609e-05, 7.11296843292e-06, 8.83892141701e-07, 8.61823821197e-07, 5.22159552929e-07, 3.64595024394e-07, 8.65020069796e-07, 3.17740585842e-07, 1.62662942671e-07, 5.4449117215e-08, 6.44602025091e-08, 9.53521350766e-08, 3.60112331066e-08, 1.0730342126e-07, 6.42867590273e-08, 6.459705304e-08, 5.863789454e-08, 7.62930199016e-08, 2.13662931792e-09],
        "dvar2": [5.48564173641e-07, 0.00121711310931, 0.000607036345173, 0.000275269267149, 8.43505258672e-05, 3.84174491046e-05, 1.60907984537e-05, 9.0254812676e-05, 3.40465921909e-05, 1.17152685561e-05, 2.37333733821e-06, 2.16885064219e-06, 1.08356573492e-06, 9.4578098242e-07, 1.90274272427e-06, 6.77103230373e-07, 3.41748403798e-07, 1.31327809072e-07, 1.46578713611e-07, 2.39293228788e-07, 8.53705017789e-08, 2.40635273485e-07, 1.30864691528e-07, 1.42376336498e-07, 1.18588765474e-07, 1.80536673611e-07, 5.38020206164e-09],
        "max": [0.00673695094883, 0.239637881517, 0.119278758764, 0.0784576535225, 0.0451688319445, 0.0345286652446, 0.0362454280257, 0.0577210560441, 0.0510210543871, 0.0293968692422, 0.0153249315917, 0.0122072789818, 0.0100224278867, 0.00669092033058, 0.0138661041856, 0.0107079651207, 0.00585269834846, 0.00232818513177, 0.00426614005119, 0.00302118505351, 0.00247051077895, 0.00365523644723, 0.00258433562703, 0.00338561390527, 0.00285854074173, 0.00357957882807, 0.000606530404184],
        "mean": [0.000466068479, 0.0247765202075, 0.00296711875126, 0.00166316353716, 0.00366578390822, 0.00211030663922, 0.00132034544367, 0.0044047026895, 0.00184123113286, 0.00188335427083, 0.000408554100432, 0.000405321770813, 0.000509429257363, 0.000260447646724, 0.000428847444709, 0.000292967830319, 0.000332266936311, 0.000191555562196, 0.00017701460456, 0.000231828031247, 0.000135954978759, 0.000310507690301, 0.000216581756831, 0.000279088155366, 0.000224792514928, 0.000247841933742, 1.9856624931e-05],
        "median": [2.38053380599e-05, 0.0107387602329, 0.000445181329269, 0.0003367587924, 0.00184487202205, 0.000626431254204, 0.000651016249321, 0.0011039864039, 0.000583549437579, 0.000386440835427, 0.000122928759083, 0.000129458043375, 0.000119725387776, 6.5216278017e-05, 8.81713931449e-05, 6.41435544821e-05, 0.000138828385388, 8.43491725391e-05, 6.82432219037e-05, 8.05659219623e-05, 4.37204471382e-05, 0.000161620468134, 8.04325391073e-05, 0.000139592797495, 8.47230985528e-05, 0.000122277764603, 1.94515791918e-06],
        "min": [1.41761255008e-23, 5.61939638471e-23, 2.47775719858e-23, 1.94818067341e-23, 8.53339681932e-23, 7.2509065182e-23, 2.92410416509e-23, 4.68841492989e-23, 5.86286599688e-23, 1.74236717878e-23, 8.09517512014e-23, 1.08922303965e-22, 9.30480622805e-23, 6.90990340589e-23, 2.58180769954e-22, 1.27635498276e-22, 1.38932503932e-22, 1.50205566081e-22, 2.40338175161e-22, 1.97097616611e-22, 4.44317814308e-22, 5.51901326654e-22, 5.94748716929e-22, 7.44358699337e-22, 1.37041118403e-21, 1.8398837405e-21, 2.296321639e-21],
        "stdev": [0.000787262397353, 0.0348139889538, 0.0131764532998, 0.00732778711244, 0.0052573857829, 0.00399110000581, 0.00221697846428, 0.00836808234453, 0.00423874845728, 0.00404002238065, 0.000879139173776, 0.000953825307079, 0.00103429902811, 0.000608379021287, 0.00108317122795, 0.00073978578439, 0.000554138736334, 0.000271752680419, 0.000301405700156, 0.000361026643077, 0.000236763575231, 0.00041572493501, 0.000374471099349, 0.000363746774383, 0.000347350985976, 0.000349443143932, 4.87334327772e-05],
        "var": [6.19782042577e-07, 0.00121201388538, 0.000173618915142, 5.36964616913e-05, 2.76401060546e-05, 1.59288811119e-05, 4.91499349664e-06, 7.00247983332e-05, 1.7966989617e-05, 1.63217810041e-05, 7.72885641709e-07, 9.09782670533e-07, 1.06977438463e-06, 3.70125064819e-07, 1.17325998872e-06, 5.47283036667e-07, 3.07069768724e-07, 7.38495202768e-08, 9.08454040882e-08, 1.30340239934e-07, 5.60569937136e-08, 1.72827213873e-07, 1.40228607393e-07, 1.32311711809e-07, 1.20652714486e-07, 1.22110520806e-07, 2.37494734989e-09]
    },
    "erbbands": {
        "dmean": [0.283444017172, 2.17277812958, 3.6672642231, 6.60845899582, 5.75132369995, 9.91134643555, 18.1547832489, 11.7590684891, 11.4220180511, 42.3590660095, 68.0581436157, 37.2683639526, 38.1508216858, 22.9360237122, 13.9120140076, 16.1092033386, 15.3305664062, 14.2885065079, 18.7454967499, 17.5655574799, 10.7720212936, 11.5901603699, 9.95502376556, 5.76621055603, 8.1479177475, 8.34087276459, 4.29350280762, 4.8182311058, 7.82246160507, 5.97802877426, 3.98674798012, 3.81182694435, 2.87159752846, 1.36267983913, 1.2938631773, 0.895172595978, 0.279627919197, 0.0599422864616, 0.00207102927379, 5.51500925212e-05],
        "dmean2": [0.418914407492, 3.10972762108, 5.6307053566, 11.701133728, 10.6213703156, 16.3159446716, 28.9950294495, 20.473608017, 19.7427883148, 66.2474975586, 104.955497742, 58.9305419922, 50.3415641785, 32.775970459, 22.6402339935, 25.4853248596, 23.586019516, 22.7227554321, 28.485710144, 25.8265037537, 15.5625696182, 17.6984786987, 15.7065067291, 8.70942306519, 12.3678236008, 13.1226415634, 6.78509807587, 7.48113536835, 11.8154716492, 8.94380378723, 5.84215545654, 5.57009267807, 4.27832269669, 2.0146882534, 1.92043888569, 1.38424634933, 0.428988844156, 0.0922262817621, 0.00329415034503, 8.25958195492e-05],
        "dvar": [0.424406439066, 33.5750656128, 184.815383911, 755.628051758, 551.433410645, 300.436462402, 801.937133789, 1001.11767578, 715.762451172, 6190.24804688, 19449.5117188, 11436.3320312, 8955.80664062, 2195.93432617, 1299.91101074, 1602.16723633, 779.698059082, 1104.16516113, 2324.35595703, 2459.81665039, 681.426330566, 342.971496582, 194.039505005, 80.0327606201, 242.512390137, 211.755706787, 75.6235198975, 70.1441116333, 147.401779175, 92.9591903687, 51.0240478516, 34.5743789673, 15.9254045486, 5.14694929123, 4.25317287445, 1.77891647816, 0.233151063323, 0.0146786877885, 2.07379398489e-05, 8.1662712148e-09],
        "dvar2": [0.897396624088, 68.7988967896, 434.021148682, 2094.67382812, 1604.20861816, 793.705200195, 1926.08642578, 2748.88696289, 2017.76049805, 12335.1582031, 41507.4453125, 28116.0117188, 13625.5986328, 3974.7409668, 3422.453125, 3823.94848633, 1790.50561523, 2494.55053711, 5394.16650391, 5044.45214844, 1273.85925293, 742.266052246, 439.04675293, 172.965621948, 566.695556641, 511.62902832, 187.942550659, 168.406921387, 330.71585083, 208.557754517, 105.66355896, 72.0972671509, 35.8587226868, 10.7555913925, 8.98613739014, 4.22311449051, 0.553802609444, 0.0321474671364, 4.92767430842e-05, 1.852465914e-08],
        "max": [7.49893045425, 60.7516326904, 116.306922913, 241.843521118, 195.337890625, 152.11428833, 248.553726196, 375.287536621, 317.162353516, 1013.48376465, 1568.86169434, 1537.18469238, 1145.25683594, 663.039733887, 537.898498535, 593.244384766, 351.835968018, 516.852600098, 817.861694336, 826.122924805, 697.92578125, 262.94241333, 156.231460571, 99.7933425903, 270.924682617, 183.809677124, 117.37512207, 94.2765426636, 142.84236145, 107.853942871, 83.5534896851, 63.6568908691, 63.0029754639, 28.1276512146, 24.3968467712, 16.6365070343, 5.76211023331, 1.64484262466, 0.0637291371822, 0.00137233734131],
        "mean": [0.756472826004, 5.27372169495, 4.7141919136, 5.14404392242, 4.94242668152, 13.7611322403, 25.8902683258, 13.0550336838, 15.6063270569, 53.4998626709, 83.2329330444, 50.4822769165, 59.6148605347, 35.9068183899, 17.6308498383, 19.9186592102, 21.3052062988, 16.238697052, 21.13422966, 20.6124706268, 14.1816568375, 16.4070892334, 13.8506155014, 8.23487663269, 10.8220882416, 10.9187784195, 5.50397062302, 6.38589096069, 11.3023509979, 8.89737224579, 5.89699649811, 5.86697626114, 4.39655399323, 1.99702012539, 1.91573274136, 1.30924153328, 0.383238226175, 0.0727492272854, 0.0023224549368, 0.000113914640679],
        "median": [0.313908338547, 2.06023597717, 0.953187048435, 1.12421309948, 1.51382374763, 6.51129388809, 10.7662830353, 4.77256774902, 8.49751758575, 18.8214817047, 22.4213409424, 20.7863693237, 9.04808521271, 15.0460281372, 6.39940071106, 7.17018175125, 5.56009674072, 4.87357378006, 5.22004699707, 4.1083741188, 4.2643198967, 7.17168855667, 7.09781599045, 3.79959011078, 4.54727888107, 3.84753680229, 1.83769929409, 2.46062874794, 5.76151037216, 4.39289045334, 2.08884954453, 2.24010586739, 2.24732756615, 0.665361762047, 0.819135606289, 0.681070387363, 0.152496397495, 0.0159787945449, 0.000433270237409, 7.77891546022e-05],
        "min": [2.78360089394e-21, 8.26092999294e-21, 2.24916483161e-20, 5.15625652086e-20, 1.58201575024e-19, 4.07061602346e-19, 2.49597226194e-19, 7.50314182047e-19, 3.12111917975e-19, 8.82043987066e-19, 9.36044715598e-19, 1.31283582437e-18, 6.1226637151e-19, 1.85543745828e-18, 4.04958966098e-18, 3.19826736866e-18, 4.6728673574e-18, 3.53051728299e-18, 5.80310419893e-18, 1.81175748293e-17, 6.21852877821e-18, 6.70131067478e-18, 7.4806045609e-18, 1.3518791422e-17, 9.40010529647e-18, 9.45416320386e-18, 1.82637955462e-17, 1.54559210308e-17, 2.10793810394e-17, 2.1484985744e-17, 1.52502640781e-17, 1.58280877863e-17, 1.36247797282e-17, 1.39854867236e-17, 9.38561309214e-18, 6.10575676376e-18, 3.48126612214e-18, 1.46745190748e-18, 3.40642540525e-19, 3.05677809903e-20],
        "stdev": [1.01526713371, 8.23000717163, 13.8229875565, 21.8852939606, 17.776676178, 19.9428920746, 36.6340789795, 29.080488205, 23.8908023834, 104.156288147, 169.048843384, 113.664428711, 152.563919067, 65.6629257202, 34.828578949, 44.0592536926, 39.3654022217, 38.1198196411, 55.0091667175, 58.7008247375, 37.6589622498, 26.5394992828, 18.2550163269, 11.3970308304, 18.2896671295, 17.5591907501, 10.0461893082, 10.2570114136, 15.289059639, 12.8868570328, 10.4702062607, 8.70826435089, 5.61003732681, 3.22812104225, 2.8611767292, 1.7408914566, 0.593052506447, 0.145502701402, 0.00513656018302, 0.000118627307529],
        "var": [1.0307674408, 67.7330245972, 191.074981689, 478.966064453, 316.010223389, 397.718933105, 1342.05566406, 845.674804688, 570.770446777, 10848.5322266, 28577.5136719, 12919.6015625, 23275.7480469, 4311.61962891, 1213.0300293, 1941.21789551, 1549.63500977, 1453.12060547, 3026.00854492, 3445.78686523, 1418.1973877, 704.345031738, 333.245635986, 129.892303467, 334.511901855, 308.325195312, 100.925926208, 105.206291199, 233.755340576, 166.071090698, 109.625228882, 75.8338623047, 31.4725170135, 10.4207658768, 8.18633270264, 3.03070306778, 0.351711273193, 0.0211710352451, 2.63842521235e-05, 1.40724374376e-08]
    },
    "gfcc": {
        "mean": [12.6794099808, 61.6381950378, -92.8388900757, 10.4622554779, -70.8099441528, 11.2404031754, -40.7121200562, 16.4077358246, -23.0513515472, 6.97612142563, -20.7912750244, 7.94400644302, -16.8238449097],
        "cov": [[8060.57910156, -800.102600098, 702.105712891, 839.325866699, 206.892852783, 637.205566406, 199.549072266, 641.468383789, 240.137390137, 435.870513916, -106.734977722, 174.252685547, -11.1852655411], [-800.102600098, 2491.28320312, 333.287475586, 441.398040771, 800.738586426, 157.017593384, 465.008911133, 266.437225342, 389.237548828, 13.6496047974, 336.403503418, -9.43036746979, 162.98210144], [702.105712891, 333.287475586, 1238.02941895, 615.394958496, 400.187805176, 446.50402832, 307.038574219, 300.083343506, 232.125549316, 212.863128662, 155.980148315, 84.4071426392, 122.516540527], [839.325866699, 441.398040771, 615.394958496, 794.617248535, 436.13973999, 238.613586426, 211.508590698, 267.535400391, 287.980438232, 138.826416016, 140.209136963, 36.7370300293, 143.549942017], [206.892852783, 800.738586426, 400.187805176, 436.13973999, 608.129333496, 209.409347534, 217.895996094, 239.068695068, 248.687469482, 101.932579041, 137.400222778, 24.9409503937, 137.796722412], [637.205566406, 157.017593384, 446.50402832, 238.613586426, 209.409347534, 435.09954834, 282.500518799, 225.395172119, 161.267913818, 165.274978638, 76.0040359497, 45.777923584, 72.0174255371], [199.549072266, 465.008911133, 307.038574219, 211.508590698, 217.895996094, 282.500518799, 513.635803223, 212.308624268, 164.565368652, 134.539199829, 100.408935547, 48.8462638855, 44.4608917236], [641.468383789, 266.437225342, 300.083343506, 267.535400391, 239.068695068, 225.395172119, 212.308624268, 305.870727539, 191.388031006, 135.974456787, 93.1971511841, 45.068397522, 74.6884918213], [240.137390137, 389.237548828, 232.125549316, 287.980438232, 248.687469482, 161.267913818, 164.565368652, 191.388031006, 290.308349609, 137.166244507, 88.3646392822, 28.4077224731, 102.035430908], [435.870513916, 13.6496047974, 212.863128662, 138.826416016, 101.932579041, 165.274978638, 134.539199829, 135.974456787, 137.166244507, 219.973129272, 33.372013092, 25.6785144806, 48.7975006104], [-106.734977722, 336.403503418, 155.980148315, 140.209136963, 137.400222778, 76.0040359497, 100.408935547, 93.1971511841, 88.3646392822, 33.372013092, 163.286499023, 40.4331893921, 52.2471046448], [174.252685547, -9.43036746979, 84.4071426392, 36.7370300293, 24.9409503937, 45.777923584, 48.8462638855, 45.068397522, 28.4077224731, 25.6785144806, 40.4331893921, 105.343940735, 37.39295578], [-11.1852655411, 162.98210144, 122.516540527, 143.549942017, 137.796722412, 72.0174255371, 44.4608917236, 74.6884918213, 102.035430908, 48.7975006104, 52.2471046448, 37.39295578, 155.989120483]],
        "icov": [[0.000227511292906, -7.45950546843e-06, 0.00012249291467, -0.000365474872524, 9.93087887764e-05, -0.000272014614893, 0.000217512249947, -0.000515418185387, 0.000272152945399, -0.000258720509009, 0.000471855688374, -0.00044490233995, 0.000338396726875], [-7.45950546843e-06, 0.00121862080414, -4.45134210167e-05, 0.000499349960592, -0.0013922295766, 0.000567540642805, -0.000863739347551, 0.000401907251216, -0.00105781562161, 0.000948028173298, -0.00155064300634, 0.000939292833209, 1.28132905957e-05], [0.00012249291467, -4.45134210167e-05, 0.00194616930094, -0.00134939746931, -0.000114938258776, -0.0014968275791, 0.000276480423054, -0.000145588855958, 0.000916974327993, -0.000722039490938, -8.88318754733e-05, -0.000868495146278, 0.000416033464717], [-0.000365474872524, 0.000499349960592, -0.00134939746931, 0.0039695976302, -0.00155655795243, 0.00121500168461, -0.000621217361186, 0.000341186998412, -0.00234459526837, 0.0012032110244, -0.00149913341738, 0.00161245127674, -0.00104053050745], [9.93087887764e-05, -0.0013922295766, -0.000114938258776, -0.00155655795243, 0.00522528355941, -0.000777563895099, 0.000695502792951, -0.00154458277393, 0.000233560014749, -0.00037444816553, 0.00115964340512, -0.000242283989792, -0.00109707366209], [-0.000272014614893, 0.000567540642805, -0.0014968275791, 0.00121500168461, -0.000777563895099, 0.00642680795863, -0.00227998383343, -0.00104870973155, -0.00069434416946, -0.000592535769101, -0.000746847654227, 0.00117336632684, -0.00107482867315], [0.000217512249947, -0.000863739347551, 0.000276480423054, -0.000621217361186, 0.000695502792951, -0.00227998383343, 0.00430256687105, -0.00142189417966, 0.000579089450184, -0.00118791591376, 0.000747977464925, -0.00161594385281, 0.00129494909197], [-0.000515418185387, 0.000401907251216, -0.000145588855958, 0.000341186998412, -0.00154458277393, -0.00104870973155, -0.00142189417966, 0.00962095428258, -0.00300269993022, -0.000395820301492, -0.00243183108978, 0.000140313859447, -0.000140362113598], [0.000272152945399, -0.00105781562161, 0.000916974327993, -0.00234459526837, 0.000233560014749, -0.00069434416946, 0.000579089450184, -0.00300269993022, 0.0104095190763, -0.00413260888308, 0.000918302393984, -0.000749962811824, -0.00169500068296], [-0.000258720509009, 0.000948028173298, -0.000722039490938, 0.0012032110244, -0.00037444816553, -0.000592535769101, -0.00118791591376, -0.000395820301492, -0.00413260888308, 0.00921869557351, -0.000625623564702, 0.00107459444553, -0.000645474123303], [0.000471855688374, -0.00155064300634, -8.88318754733e-05, -0.00149913341738, 0.00115964340512, -0.000746847654227, 0.000747977464925, -0.00243183108978, 0.000918302393984, -0.000625623564702, 0.0119957718998, -0.00427275337279, -2.36567120737e-05], [-0.00044490233995, 0.000939292833209, -0.000868495146278, 0.00161245127674, -0.000242283989792, 0.00117336632684, -0.00161594385281, 0.000140313859447, -0.000749962811824, 0.00107459444553, -0.00427275337279, 0.0134673668072, -0.00339214270934], [0.000338396726875, 1.28132905957e-05, 0.000416033464717, -0.00104053050745, -0.00109707366209, -0.00107482867315, 0.00129494909197, -0.000140362113598, -0.00169500068296, -0.000645474123303, -2.36567120737e-05, -0.00339214270934, 0.01034756843]]
    },
    "melbands": {
        "dmean": [0.00263862055726, 0.00180471979547, 0.0010422457708, 0.000504668569192, 0.00061025825562, 0.000274204852758, 0.000187805562746, 0.000559819396585, 0.000506243144628, 0.000216552827624, 0.00018647822435, 9.96548478724e-05, 4.3296469812e-05, 4.51039850304e-05, 3.90173845517e-05, 3.39125836035e-05, 2.64716072707e-05, 2.97575297736e-05, 2.45535011345e-05, 2.22832804866e-05, 1.24674825202e-05, 1.10089613372e-05, 1.43665383803e-05, 7.18848696124e-06, 4.71170233141e-06, 5.3805169955e-06, 7.75177068135e-06, 5.12471797265e-06, 2.68592498287e-06, 2.4485132144e-06, 3.10221275868e-06, 4.79936852571e-06, 4.22591710958e-06, 3.18844058711e-06, 2.35732477449e-06, 2.36702908296e-06, 2.44205239142e-06, 2.31150215768e-06, 1.42244493873e-06, 1.11135625502e-06],
        "dmean2": [0.00392459984869, 0.00253318110481, 0.00183271535207, 0.000871674739756, 0.000979374279268, 0.000472311861813, 0.000327607442159, 0.000870794407092, 0.00078527990263, 0.000341560255038, 0.000246793293627, 0.000143951314385, 7.10604072083e-05, 7.44054414099e-05, 5.90444251429e-05, 5.35624712938e-05, 4.29158208135e-05, 4.64405784442e-05, 3.76253738068e-05, 3.38471218129e-05, 1.81926607183e-05, 1.68642072822e-05, 2.22795115405e-05, 1.14520944408e-05, 7.30258489057e-06, 8.31464058137e-06, 1.2214311937e-05, 8.1860798673e-06, 4.3010841182e-06, 3.82420466849e-06, 4.84137308376e-06, 7.30891997591e-06, 6.41728138362e-06, 4.82667610413e-06, 3.49325136995e-06, 3.55106772076e-06, 3.58751844942e-06, 3.5077728171e-06, 2.13811131289e-06, 1.68118265265e-06],
        "dvar": [4.06944927818e-05, 2.72080014838e-05, 1.78268637683e-05, 1.7226128648e-06, 8.08702111499e-07, 4.85195187139e-07, 1.98274548779e-07, 1.03698187104e-06, 1.02551041437e-06, 4.00167436965e-07, 2.20247088123e-07, 4.65378739989e-08, 1.52543080389e-08, 1.17277387801e-08, 7.40682848388e-09, 4.78038986174e-09, 3.89880927543e-09, 6.02433924968e-09, 3.13434922461e-09, 3.43207084974e-09, 1.13978504412e-09, 3.27516541665e-10, 5.60703594665e-10, 1.27238372616e-10, 5.9897940774e-11, 1.40307904184e-10, 1.86974505323e-10, 8.59162047062e-11, 3.17828229013e-11, 2.31594084188e-11, 2.91801756369e-11, 6.72925049017e-11, 3.69255459542e-11, 3.01950721371e-11, 1.94667146985e-11, 1.71429537232e-11, 1.30623315983e-11, 1.06121396393e-11, 5.11986156596e-12, 4.11665189784e-12],
        "dvar2": [8.63487657625e-05, 5.11135294801e-05, 4.82151372125e-05, 4.97412429468e-06, 2.00592921829e-06, 1.31722038077e-06, 5.49803587546e-07, 2.07748644243e-06, 2.19182356886e-06, 9.78578668764e-07, 3.32910815359e-07, 8.43956158292e-08, 4.0751473307e-08, 2.95654754012e-08, 1.61463962201e-08, 1.00724655283e-08, 9.12187125834e-09, 1.43228815475e-08, 6.67397204168e-09, 7.67975816274e-09, 2.07015449227e-09, 7.24364346283e-10, 1.19327303594e-09, 2.91779989059e-10, 1.29723787268e-10, 3.37399053141e-10, 4.56424120721e-10, 2.03416963829e-10, 8.15994841141e-11, 5.32847550805e-11, 7.29521790199e-11, 1.57678217705e-10, 8.32874325063e-11, 6.81837017402e-11, 4.23987303599e-11, 3.51944411114e-11, 2.77495058182e-11, 2.51757347608e-11, 1.01421562121e-11, 9.29196129762e-12],
        "max": [0.0616377145052, 0.0560933724046, 0.0348142758012, 0.0106075396761, 0.00749435462058, 0.00759195536375, 0.00597817450762, 0.012068701908, 0.0113017512485, 0.00903633795679, 0.00564029160887, 0.00290322094224, 0.00197739689611, 0.00153028452769, 0.000810142140836, 0.00111650221515, 0.000838541658595, 0.00115964363795, 0.000677591597196, 0.000820149725769, 0.000968700274825, 0.000236737861997, 0.000310536386678, 0.000139802417834, 8.22224174044e-05, 0.000184338859981, 0.000165119505255, 0.000124940896058, 7.11658212822e-05, 6.99011216057e-05, 5.26205076312e-05, 0.000100921257399, 5.98375190748e-05, 6.25958273304e-05, 5.42542948097e-05, 4.73928885185e-05, 3.73989387299e-05, 4.69458500447e-05, 3.18855236401e-05, 2.33471018873e-05],
        "mean": [0.00697111897171, 0.00397844705731, 0.000847008195706, 0.000615660101175, 0.000900345330592, 0.000306866742903, 0.000241940972046, 0.000701808719896, 0.000626444234513, 0.000282810884528, 0.000290428666631, 0.000147763596033, 5.30799807166e-05, 5.23321941728e-05, 5.1402268582e-05, 4.23586461693e-05, 2.77210237982e-05, 3.23603308061e-05, 2.784912067e-05, 2.54346778092e-05, 1.54340941663e-05, 1.53500768647e-05, 1.87782206922e-05, 8.95641551324e-06, 6.16501984041e-06, 6.83725465933e-06, 9.48348406382e-06, 6.55998974253e-06, 3.24408938468e-06, 3.09829601974e-06, 3.87184445572e-06, 6.43098474029e-06, 6.27664803687e-06, 4.46977810498e-06, 3.32385343427e-06, 3.32557897309e-06, 3.70523275706e-06, 3.4516017422e-06, 2.03037620849e-06, 1.51667393311e-06],
        "median": [0.00291487551294, 0.00179217767436, 0.000187284764252, 0.000281625194475, 0.000453383254353, 0.000104375285446, 0.000125616599689, 0.000221420879825, 0.000186481178389, 9.85209844657e-05, 3.9442016714e-05, 5.77700993745e-05, 1.85132466868e-05, 1.86628276424e-05, 1.40002439366e-05, 1.10287792268e-05, 7.1728381954e-06, 7.06499486114e-06, 6.11153473074e-06, 5.20326420883e-06, 4.392441042e-06, 6.68948223392e-06, 8.05329000286e-06, 3.69981671611e-06, 2.37931180891e-06, 2.3765117021e-06, 3.35306845045e-06, 1.90847049453e-06, 8.79142419308e-07, 8.11905465525e-07, 1.48968388203e-06, 2.85407645606e-06, 3.26213444168e-06, 1.92504103325e-06, 1.10114353902e-06, 9.46271768498e-07, 1.48560013713e-06, 1.7455423631e-06, 7.15725093414e-07, 3.83548126592e-07],
        "min": [1.93235281043e-23, 1.1055600019e-23, 1.14333066204e-23, 2.19291467183e-23, 1.09522947392e-23, 1.56394940344e-23, 4.85129025213e-24, 1.06386538985e-23, 8.49674192404e-24, 7.86572419735e-24, 2.72097492746e-24, 6.83471612638e-24, 1.31736860275e-23, 1.26271576704e-23, 6.36851510862e-24, 1.06069330126e-23, 6.30187135048e-24, 7.58652029058e-24, 2.11865793265e-23, 1.77766554885e-23, 6.32494355981e-24, 7.63692140268e-24, 5.58717165339e-24, 7.17776649052e-24, 1.15677135303e-23, 8.35670412501e-24, 4.73060123895e-24, 6.48949245046e-24, 1.01345528474e-23, 1.20097335948e-23, 7.81804228879e-24, 1.12810706652e-23, 1.13803046339e-23, 1.25486967759e-23, 8.25724375322e-24, 9.32229432769e-24, 9.24496387087e-24, 9.04702920342e-24, 1.01878064805e-23, 1.24560000975e-23],
        "stdev": [0.00936932116747, 0.00739575223997, 0.00345281348564, 0.00114755739924, 0.00114216003567, 0.00066108017927, 0.000397493276978, 0.00135843153112, 0.00122615962755, 0.000672287482303, 0.000759848277085, 0.000295326055493, 0.000114842565381, 0.000110738605144, 0.000108152555185, 9.15481577977e-05, 6.81061501382e-05, 8.67190756253e-05, 6.61926678731e-05, 6.69798318995e-05, 4.73927357234e-05, 2.51717192441e-05, 3.06333422486e-05, 1.40482788993e-05, 9.48420711211e-06, 1.29748104882e-05, 1.57879185281e-05, 1.14708464025e-05, 6.28356656307e-06, 5.9184485508e-06, 6.30636441201e-06, 9.56086296355e-06, 8.11245354271e-06, 7.26632970327e-06, 6.16594297753e-06, 5.98252427153e-06, 5.33538286618e-06, 4.41371639681e-06, 3.12349425258e-06, 2.73008527074e-06],
        "var": [8.77841812326e-05, 5.46971496078e-05, 1.19219212138e-05, 1.31688796046e-06, 1.30452951908e-06, 4.37026983491e-07, 1.58000901251e-07, 1.84533610081e-06, 1.50346750161e-06, 4.5197046461e-07, 5.77369405619e-07, 8.72174865663e-08, 1.3188814485e-08, 1.22630385846e-08, 1.16969758324e-08, 8.38106561929e-09, 4.63844784804e-09, 7.52019779782e-09, 4.38146940951e-09, 4.48629755567e-09, 2.24607155097e-09, 6.33615437895e-10, 9.38401578665e-10, 1.97354146914e-10, 8.99501792495e-11, 1.68345698492e-10, 2.49258363949e-10, 1.31580316087e-10, 3.94832083694e-11, 3.50280325578e-11, 3.97702322463e-11, 9.14101017102e-11, 6.58119045371e-11, 5.27995459854e-11, 3.80188519555e-11, 3.57905961812e-11, 2.84663126404e-11, 1.94808925935e-11, 9.75621580052e-12, 7.45336518199e-12]
    },
    "melbands128": {
