{
"lowlevel": {
    "average_loudness": 0.916241884232,
    "barkbands_crest": {
        "dmean": 2.8300037384,
        "dmean2": 4.27042627335,
        "dvar": 7.25601100922,
        "dvar2": 16.3784332275,
        "max": 24.5234947205,
        "mean": 10.3027296066,
        "median": 9.31085968018,
        "min": 2.7566819191,
        "stdev": 4.51408195496,
        "var": 20.3769378662
    },
    "barkbands_flatness_db": {
        "dmean": 0.0215540509671,
        "dmean2": 0.0322912447155,
        "dvar": 0.000489354599267,
        "dvar2": 0.0010471373098,
        "max": 0.312212437391,
        "mean": 0.128249213099,
        "median": 0.123591631651,
        "min": 0.0355416685343,
        "stdev": 0.0450361222029,
        "var": 0.00202825223096
    },
    "barkbands_kurtosis": {
        "dmean": 4.08808851242,
        "dmean2": 6.24052333832,
        "dvar": 34.2915039062,
        "dvar2": 77.6418838501,
        "max": 53.4380302429,
        "mean": 7.14471244812,
        "median": 5.1543636322,
        "min": -1.91237103939,
        "stdev": 7.97620773315,
        "var": 63.6198883057
    },
    "barkbands_skewness": {
        "dmean": 0.605542361736,
        "dmean2": 0.873450160027,
        "dvar": 0.489273160696,
        "dvar2": 0.987794160843,
        "max": 6.76638555527,
        "mean": 2.09361386299,
        "median": 2.03975558281,
        "min": -3.9292485714,
        "stdev": 1.22609674931,
        "var": 1.50331318378
    },
    "barkbands_spread": {
        "dmean": 6.84961271286,
        "dmean2": 10.0981140137,
        "dvar": 102.555778503,
        "dvar2": 186.204421997,
        "max": 115.309165955,
        "mean": 22.0286903381,
        "median": 16.7261447906,
        "min": 2.08064866066,
        "stdev": 17.1633338928,
        "var": 294.58001709
    },
    "dissonance": {
        "dmean": 0.0227486360818,
        "dmean2": 0.0370731540024,
        "dvar": 0.00058638228802,
        "dvar2": 0.00148555985652,
        "max": 0.499987900257,
        "mean": 0.450578302145,
        "median": 0.459496736526,
        "min": 0.184566259384,
        "stdev": 0.0382689349353,
        "var": 0.00146451150067
    },
    "dynamic_complexity": 7.33037996292,
    "erbbands_crest": {
        "dmean": 2.3855509758,
        "dmean2": 3.72833824158,
        "dvar": 5.64283800125,
        "dvar2": 13.5977725983,
        "max": 26.2212753296,
        "mean": 8.21758937836,
        "median": 7.4067196846,
        "min": 2.12238025665,
        "stdev": 3.82735157013,
        "var": 14.6486206055
    },
    "erbbands_flatness_db": {
        "dmean": 0.0147829530761,
        "dmean2": 0.0219465177506,
        "dvar": 0.00024753154139,
        "dvar2": 0.000488388701342,
        "max": 0.322251141071,
        "mean": 0.128603711724,
        "median": 0.123026885092,
        "min": 0.0586192756891,
        "stdev": 0.035251993686,
        "var": 0.0012427031761
    },
    "erbbands_kurtosis": {
        "dmean": 1.17047584057,
        "dmean2": 1.80551028252,
        "dvar": 3.80719208717,
        "dvar2": 8.69764614105,
        "max": 34.186794281,
        "mean": 0.945168197155,
        "median": 0.189694643021,
        "min": -1.7349550724,
        "stdev": 2.69422221184,
        "var": 7.25883293152
    },
    "erbbands_skewness": {
        "dmean": 0.389083236456,
        "dmean2": 0.560273528099,
        "dvar": 0.173315048218,
        "dvar2": 0.28788498044,
        "max": 4.10600852966,
        "mean": 0.749075591564,
        "median": 0.78740477562,
        "min": -3.56696510315,
        "stdev": 0.858906507492,
        "var": 0.737720429897
    },
    "erbbands_spread": {
        "dmean": 10.3607807159,
        "dmean2": 15.2462444305,
        "dvar": 148.994812012,
        "dvar2": 302.57635498,
        "max": 177.484970093,
        "mean": 48.5623550415,
        "median": 45.1116828918,
        "min": 2.81631684303,
        "stdev": 22.1029376984,
        "var": 488.539886475
    },
    "hfc": {
        "dmean": 8.63062381744,
        "dmean2": 11.649810791,
        "dvar": 241.114395142,
        "dvar2": 403.724365234,
        "max": 312.756317139,
        "mean": 26.5715103149,
        "median": 21.0497932434,
        "min": 1.19953894314e-16,
        "stdev": 30.6184329987,
        "var": 937.48840332
    },
    "loudness_ebu128": {
        "integrated": -9.56063270569,
        "loudness_range": 2.24766349792,
        "momentary": {
            "dmean": 0.602532863617,
            "dmean2": 0.689613461494,
            "dvar": 0.422159284353,
            "dvar2": 0.351537108421,
            "max": -7.52067375183,
            "mean": -15.1720876694,
            "median": -9.75672721863,
            "min": -65.6280822754,
            "stdev": 13.9871587753,
            "var": 195.640609741
        },
        "short_term": {
            "dmean": 0.210289940238,
            "dmean2": 0.138428509235,
            "dvar": 0.334706634283,
            "dvar2": 0.0874238610268,
            "max": -8.75768756866,
            "mean": -11.8564825058,
            "median": -9.62470531464,
            "min": -50.0201034546,
            "stdev": 7.80697870255,
            "var": 60.9489173889
        }
    },
    "melbands_crest": {
        "dmean": 3.22608757019,
        "dmean2": 4.76888895035,
        "dvar": 8.25220584869,
        "dvar2": 16.6727542877,
        "max": 31.9427165985,
        "mean": 13.6905956268,
        "median": 12.7772502899,
        "min": 1.96707105637,
        "stdev": 5.14180374146,
        "var": 26.4381465912
    },
    "melbands_flatness_db": {
        "dmean": 0.0261256415397,
        "dmean2": 0.0373080521822,
        "dvar": 0.000811939593405,
        "dvar2": 0.00152704049833,
        "max": 0.437488555908,
        "mean": 0.194799870253,
        "median": 0.195098146796,
        "min": 0.0070699993521,
        "stdev": 0.0608922950923,
        "var": 0.00370787153952
    },
    "melbands_kurtosis": {
        "dmean": 10.1199388504,
        "dmean2": 15.4331626892,
        "dvar": 278.528594971,
        "dvar2": 661.724731445,
        "max": 236.735565186,
        "mean": 20.5511322021,
        "median": 14.3892269135,
        "min": -1.80947673321,
        "stdev": 21.4593162537,
        "var": 460.502227783
    },
    "melbands_skewness": {
        "dmean": 0.825621962547,
        "dmean2": 1.20979714394,
        "dvar": 0.9460734725,
        "dvar2": 2.07824707031,
        "max": 13.5097227097,
        "mean": 3.2288184166,
        "median": 3.04779052734,
        "min": -1.57599306107,
        "stdev": 1.67854630947,
        "var": 2.81751775742
    },
    "melbands_spread": {
        "dmean": 6.83949613571,
        "dmean2": 9.69354438782,
        "dvar": 220.184463501,
        "dvar2": 353.95880127,
        "max": 260.076843262,
        "mean": 20.4486408234,
        "median": 14.0565290451,
        "min": 2.05709266663,
        "stdev": 23.8577671051,
        "var": 569.193054199
    },
    "pitch_salience": {
        "dmean": 0.0707527622581,
        "dmean2": 0.108056984842,
        "dvar": 0.0042235981673,
        "dvar2": 0.00952135212719,
        "max": 0.841006100178,
        "mean": 0.573516368866,
        "median": 0.585683763027,
        "min": 0.155469149351,
        "stdev": 0.11389901489,
        "var": 0.0129729853943
    },
    "silence_rate_20dB": {
        "dmean": 0,
        "dmean2": 0,
        "dvar": 0,
        "dvar2": 0,
        "max": 1,
        "mean": 1,
        "median": 1,
        "min": 1,
        "stdev": 0,
        "var": 0
    },
    "silence_rate_30dB": {
        "dmean": 0.0646766200662,
        "dmean2": 0.129460588098,
        "dvar": 0.0604934506118,
        "dvar2": 0.130956754088,
        "max": 1,
        "mean": 0.933719992638,
        "median": 1,
        "min": 0,
        "stdev": 0.24877281487,
        "var": 0.0618879161775
    },
    "silence_rate_60dB": {
        "dmean": 0.00497512426227,
        "dmean2": 0.00995850656182,
        "dvar": 0.00495041534305,
        "dvar2": 0.0131788467988,
        "max": 1,
        "mean": 0.151615574956,
        "median": 0,
        "min": 0,
        "stdev": 0.358648151159,
        "var": 0.128628492355
    },
    "spectral_centroid": {
        "dmean": 261.479064941,
        "dmean2": 369.351409912,
        "dvar": 217070.671875,
        "dvar2": 291774.78125,
        "max": 11310.6445312,
        "mean": 1160.35583496,
        "median": 887.443725586,
        "min": 269.88269043,
        "stdev": 805.219177246,
        "var": 648377.9375
    },
    "spectral_complexity": {
        "dmean": 3.01824212074,
        "dmean2": 4.58091306686,
        "dvar": 14.502076149,
        "dvar2": 32.1736679077,
        "max": 51,
        "mean": 14.7845897675,
        "median": 15,
        "min": 0,
        "stdev": 8.49563789368,
        "var": 72.1758651733
    },
    "spectral_decrease": {
        "dmean": 3.81719500453e-09,
        "dmean2": 5.50509904329e-09,
        "dvar": 4.04729415206e-17,
        "dvar2": 8.39074013924e-17,
        "max": -6.12535639169e-29,
        "mean": -1.04623651964e-08,
        "median": -9.04033914395e-09,
        "min": -5.46048894989e-08,
        "stdev": 9.46894829212e-09,
        "var": 8.96609851832e-17
    },
    "spectral_energy": {
        "dmean": 0.0146110272035,
        "dmean2": 0.0211887266487,
        "dvar": 0.000582320208196,
        "dvar2": 0.00121715606656,
        "max": 0.209143325686,
        "mean": 0.0418974943459,
        "median": 0.0371805131435,
        "min": 1.11113572253e-20,
        "stdev": 0.0364786460996,
        "var": 0.00133069150615
    },
    "spectral_energyband_high": {
        "dmean": 0.0007847493398,
        "dmean2": 0.00102628953755,
        "dvar": 3.23495032717e-06,
        "dvar2": 4.83344729219e-06,
        "max": 0.0316000618041,
        "mean": 0.00164828717243,
        "median": 0.000650944537483,
        "min": 8.20765923838e-21,
        "stdev": 0.0033727446571,
        "var": 1.13754058475e-05
    },
    "spectral_energyband_low": {
        "dmean": 0.0105574997142,
        "dmean2": 0.0153422737494,
        "dvar": 0.00057946407469,
        "dvar2": 0.00122396845836,
        "max": 0.194644019008,
        "mean": 0.0185671690851,
        "median": 0.00876781065017,
        "min": 4.61757332734e-23,
        "stdev": 0.0307158194482,
        "var": 0.000943461607676
    },
    "spectral_energyband_middle_high": {
        "dmean": 0.00107405660674,
        "dmean2": 0.00152528320905,
        "dvar": 2.36055029745e-06,
        "dvar2": 4.71314206152e-06,
        "max": 0.0218964479864,
        "mean": 0.00314973760396,
        "median": 0.00240273331292,
        "min": 1.75519143177e-21,
        "stdev": 0.00317471195012,
        "var": 1.00787956399e-05
    },
    "spectral_energyband_middle_low": {
        "dmean": 0.00744252977893,
        "dmean2": 0.011124891229,
        "dvar": 7.76598535595e-05,
        "dvar2": 0.000170616607647,
        "max": 0.0935024693608,
        "mean": 0.0212073866278,
        "median": 0.0196483749896,
        "min": 3.32438026633e-22,
        "stdev": 0.0169274844229,
        "var": 0.000286539754597
    },
    "spectral_entropy": {
        "dmean": 0.169652730227,
        "dmean2": 0.245282188058,
        "dvar": 0.0371109284461,
        "dvar2": 0.0603082440794,
        "max": 9.7942533493,
        "mean": 7.69454526901,
        "median": 7.71297216415,
        "min": 5.78635931015,
        "stdev": 0.438496679068,
        "var": 0.192279338837
    },
    "spectral_flux": {
        "dmean": 0.0323220342398,
        "dmean2": 0.0504597313702,
        "dvar": 0.00205433415249,
        "dvar2": 0.00442480947822,
        "max": 0.412723720074,
        "mean": 0.0961882546544,
        "median": 0.0882384553552,
        "min": 1.05410423445e-10,
        "stdev": 0.0694531351328,
        "var": 0.00482373824343
    },
    "spectral_kurtosis": {
        "dmean": 0.895191192627,
        "dmean2": 1.36684751511,
        "dvar": 1.52602577209,
        "dvar2": 3.19861292839,
        "max": 22.528585434,
        "mean": 2.8323071003,
        "median": 2.5885720253,
        "min": -1.23198759556,
        "stdev": 2.25302934647,
        "var": 5.07614135742
    },
    "spectral_rms": {
        "dmean": 0.000971760717221,
        "dmean2": 0.00138104509097,
        "dvar": 1.81230427643e-06,
        "dvar2": 3.53745804205e-06,
        "max": 0.0142843369395,
        "mean": 0.00559355225414,
        "median": 0.00602276297286,
        "min": 3.29246851137e-12,
        "stdev": 0.00309642357752,
        "var": 9.58783857641e-06
    },
    "spectral_rolloff": {
        "dmean": 585.967834473,
        "dmean2": 911.472290039,
        "dvar": 2050817.5,
        "dvar2": 3420432.25,
        "max": 18453.9550781,
        "mean": 1489.89233398,
        "median": 667.529296875,
        "min": 64.599609375,
        "stdev": 2199.19384766,
        "var": 4836454
    },
    "spectral_skewness": {
        "dmean": 0.18335840106,
        "dmean2": 0.252245098352,
        "dvar": 0.0473534017801,
        "dvar2": 0.0786005780101,
        "max": 4.34519386292,
        "mean": 1.43297612667,
        "median": 1.44437468052,
        "min": -0.103576608002,
        "stdev": 0.515253901482,
        "var": 0.265486568213
    },
    "spectral_spread": {
        "dmean": 687870.3125,
        "dmean2": 960580,
        "dvar": 1.62149328486e+12,
        "dvar2": 1.9403276288e+12,
        "max": 41690264,
        "mean": 6241735.5,
        "median": 5934768.5,
        "min": 1844378.5,
        "stdev": 2071362.5,
        "var": 4.29054256742e+12
    },
    "spectral_strongpeak": {
        "dmean": 0.449877947569,
        "dmean2": 0.740069150925,
        "dvar": 0.358708918095,
        "dvar2": 0.869210422039,
        "max": 5.90512990952,
        "mean": 0.870381832123,
        "median": 0.543803811073,
        "min": 1.56805846085e-09,
        "stdev": 0.92183226347,
        "var": 0.849774718285
    },
    "zerocrossingrate": {
        "dmean": 0.0156379565597,
        "dmean2": 0.0168495532125,
        "dvar": 0.00065154832555,
        "dvar2": 0.000607068068348,
        "max": 0.49462890625,
        "mean": 0.0691182911396,
        "median": 0.05517578125,
        "min": 0.00634765625,
        "stdev": 0.0539562478662,
        "var": 0.00291127688251
    },
    "barkbands": {
        "dmean": [0.000184093165444, 0.00768436305225, 0.00356458872557, 0.00306520843878, 0.00225098780356, 0.003406643169, 0.00102849456016, 0.00103816040792, 0.00138793489896, 0.00030979316216, 0.000351430906449, 0.000278628926026, 0.000213959996472, 0.000186995210242, 0.000166094541783, 9.92960558506e-05, 9.47168518906e-05, 6.96375936968e-05, 7.42806005292e-05, 9.73426504061e-05, 0.000112414665637, 0.000133447814733, 0.000175875175046, 0.000183288910193, 0.000174722998054, 9.26963621168e-05, 5.16588033861e-06],
        "dmean2": [0.000242530586547, 0.0107489004731, 0.00631926255301, 0.00473829777911, 0.00374854705296, 0.00532245403156, 0.00164621125441, 0.00158044497948, 0.00210967822932, 0.000453817803646, 0.000526300515048, 0.000424712372478, 0.000327158486471, 0.000297526101349, 0.000257026433246, 0.000161464748089, 0.000149727449752, 0.000105742321466, 0.000118242132885, 0.000154018314788, 0.000167812118889, 0.000191645041923, 0.000245672883466, 0.000267933792202, 0.000246095558396, 0.000126140294014, 7.77561490395e-06],
        "dvar": [2.67249532726e-07, 0.000403125886805, 7.82133356552e-05, 4.04509191867e-05, 1.54882309289e-05, 3.06957845169e-05, 2.67229870587e-06, 5.37136156709e-06, 8.58040493767e-06, 3.61715564168e-07, 4.83985274968e-07, 3.9872767843e-07, 2.39971853944e-07, 2.4737553872e-07, 1.64013101767e-07, 3.83823461902e-08, 2.32213217544e-08, 1.17392104926e-08, 2.34483472639e-08, 4.12531946381e-08, 6.94586290706e-08, 1.02607174313e-07, 1.81259125043e-07, 2.05987191748e-07, 2.84549400931e-07, 9.30225070306e-08, 2.65259647581e-10],
        "dvar2": [5.1898092579e-07, 0.000813112594187, 0.000226402829867, 8.75293844729e-05, 4.07819570682e-05, 7.51439220039e-05, 6.3213788053e-06, 1.21305711218e-05, 1.82432795555e-05, 6.61971057525e-07, 9.9479052551e-07, 8.30751616832e-07, 4.62735783913e-07, 6.17023090399e-07, 3.7787614815e-07, 9.54519308038e-08, 5.32469144332e-08, 2.55817536043e-08, 5.6909478019e-08, 1.03395599638e-07, 1.48483138673e-07, 1.8821290837e-07, 3.02605798197e-07, 4.20551714342e-07, 4.43463108013e-07, 1.49768666802e-07, 4.73300065806e-10],
        "max": [0.00471033155918, 0.171309441328, 0.0647578090429, 0.0736693814397, 0.0501996167004, 0.0474879778922, 0.0162938386202, 0.0336634330451, 0.0422371253371, 0.0149835543707, 0.00985339935869, 0.00974888727069, 0.0121126221493, 0.00764211500064, 0.00742169423029, 0.00300282519311, 0.0022598169744, 0.00148775673006, 0.00264271558262, 0.00363996624947, 0.00424837879837, 0.00575766665861, 0.00663759047166, 0.00702708307654, 0.0105645526201, 0.00705494266003, 0.000298992003081],
        "mean": [0.000229877434322, 0.0113258697093, 0.00438776053488, 0.00456965528429, 0.00420535542071, 0.00609216559678, 0.00195577437989, 0.00156069197692, 0.0027258314658, 0.00056254392257, 0.000591143791098, 0.000446469202871, 0.000376235460863, 0.000310968665872, 0.000255011400441, 0.000164501878317, 0.000159801871632, 0.000126823273604, 0.000132777320687, 0.000187724945135, 0.000199195943424, 0.000238879074459, 0.000320760242175, 0.000311774929287, 0.000310356641421, 0.000142981021781, 6.55510893921e-06],
        "median": [9.36629385251e-06, 0.00194624369033, 0.0028945247177, 0.00242031365633, 0.00218507181853, 0.00225770403631, 0.00104877678677, 0.000564291607589, 0.000942868122365, 0.000211016144021, 0.000232722755754, 0.000219202687731, 0.000153570086695, 9.40403697314e-05, 8.87435890036e-05, 8.66892878548e-05, 8.31818688312e-05, 6.58678618493e-05, 7.60451366659e-05, 0.000113176247396, 9.21844621189e-05, 7.54674401833e-05, 0.000100676006696, 0.000120348253404, 0.000100353725429, 2.92367039947e-05, 6.0194560092e-07],
        "min": [2.35885882077e-23, 1.83788371936e-23, 5.62738817677e-24, 5.06670844383e-24, 3.13784192528e-23, 7.91407600659e-23, 8.29391695007e-23, 6.84436673515e-23, 4.20468636945e-23, 5.18006144502e-23, 7.39703132575e-23, 9.08234366625e-23, 1.20101068838e-22, 4.56608847813e-23, 2.48066033293e-22, 1.28012144648e-22, 2.0120774601e-22, 2.76060447522e-22, 2.9660114856e-22, 4.29102265168e-22, 4.71136611218e-22, 5.28065458952e-22, 7.98883906825e-22, 9.8047529483e-22, 1.09861066113e-21, 1.56068211197e-21, 2.72336736272e-21],
        "stdev": [0.000650538422633, 0.0258482955396, 0.00709697883576, 0.0075794858858, 0.00613566022366, 0.00861378572881, 0.00241752644069, 0.00305025698617, 0.00525487493724, 0.00106807262637, 0.00109441461973, 0.000794239516836, 0.000845924136229, 0.000678918673657, 0.000516960339155, 0.000258103042142, 0.000233162078075, 0.000171947423951, 0.000185884608072, 0.000264401751338, 0.000380713929189, 0.000535165541805, 0.000728397106286, 0.000691057939548, 0.000921678380109, 0.000495458603837, 2.42609548877e-05],
        "var": [4.23200219757e-07, 0.000668134365696, 5.03671108163e-05, 5.74486075493e-05, 3.76463285647e-05, 7.41973053664e-05, 5.84443432672e-06, 9.304068044e-06, 2.76137125184e-05, 1.14077909075e-06, 1.19774324503e-06, 6.30816373359e-07, 7.15587646027e-07, 4.60930550616e-07, 2.67247969532e-07, 6.66171757757e-08, 5.43645519713e-08, 2.95659177141e-08, 3.4553085726e-08, 6.99082818301e-08, 1.44943101077e-07, 2.86402155325e-07, 5.30562317635e-07, 4.77561115986e-07, 8.49491016197e-07, 2.45479213845e-07, 5.88593895845e-10]
    },
    "erbbands": {
        "dmean": [0.264301657677, 1.73959505558, 3.92621970177, 7.47075510025, 6.38276672363, 8.4681892395, 21.7147846222, 26.9875125885, 10.3233308792, 24.136680603, 24.2909755707, 32.7394218445, 12.9047622681, 8.65516662598, 12.1858282089, 9.92945766449, 10.8496284485, 6.72572660446, 9.22492599487, 7.68949127197, 5.12847089767, 5.34598064423, 3.68367218971, 3.53199696541, 3.80076980591, 4.61916255951, 4.2194647789, 5.31185293198, 4.97213840485, 4.50907659531, 5.38074684143, 4.04750680923, 3.04428672791, 2.13218307495, 1.1951713562, 0.555580317974, 0.138595208526, 0.0198727957904, 0.000584883615375, 2.90101179417e-05],
        "dmean2": [0.346525579691, 2.61132192612, 6.97676181793, 12.240105629, 10.0198087692, 13.7693452835, 34.45936203, 42.5524024963, 16.5839385986, 37.7167129517, 35.6314506531, 49.5094833374, 17.3155899048, 12.6325340271, 18.3057689667, 14.7325544357, 16.5442466736, 10.3439626694, 14.1123342514, 12.0281820297, 8.17057228088, 8.37318325043, 5.49216604233, 5.53606510162, 6.07014608383, 7.27475357056, 6.35893964767, 7.94652414322, 7.31749200821, 6.29543733597, 7.52415895462, 5.82378530502, 4.31368112564, 2.96492266655, 1.71081840992, 0.755268871784, 0.189552351832, 0.0280932597816, 0.000846758834086, 4.08256673836e-05],
        "dvar": [0.480391323566, 22.4316959381, 116.375480652, 207.21206665, 128.280548096, 319.421661377, 1117.34399414, 2405.39428711, 280.784667969, 1979.65710449, 2239.57324219, 6057.78222656, 888.549133301, 231.922088623, 660.534057617, 499.134338379, 662.621032715, 204.015014648, 816.292724609, 261.473327637, 98.6492385864, 74.8600616455, 34.3026504517, 32.7342796326, 77.4547958374, 111.061439514, 103.624839783, 160.471191406, 142.180114746, 115.815170288, 175.511764526, 101.673973083, 56.6297950745, 36.4347114563, 16.2793064117, 3.7017762661, 0.202061101794, 0.0039033908397, 3.42949761034e-06, 3.37254246752e-09],
        "dvar2": [0.911525666714, 51.6871490479, 332.925201416, 479.031646729, 282.684265137, 788.905700684, 2783.91040039, 6016.43896484, 695.31817627, 4570.52246094, 4574.08398438, 13586.3447266, 1244.24645996, 435.351043701, 1462.30554199, 1094.29992676, 1375.01416016, 446.68838501, 2010.00415039, 651.02154541, 246.92199707, 175.60824585, 69.7128829956, 76.8243484497, 187.544708252, 290.365936279, 254.964126587, 334.633056641, 266.852630615, 210.252456665, 302.176361084, 215.044631958, 108.282981873, 60.5433235168, 27.5211677551, 6.04519414902, 0.327128529549, 0.00629573175684, 5.7355628087e-06, 5.8765396993e-09],
        "max": [6.01861286163, 38.5374107361, 78.7749633789, 162.344329834, 107.997772217, 253.440231323, 300.87991333, 526.532714844, 240.15977478, 561.054931641, 650.990112305, 1179.30395508, 667.147216797, 300.134033203, 410.505462646, 347.766357422, 646.069946289, 208.648147583, 457.717590332, 343.02911377, 180.175521851, 156.445281982, 101.623550415, 83.5727233887, 142.49987793, 212.820266724, 186.208236694, 216.705551147, 200.300323486, 229.808303833, 203.396057129, 140.901000977, 150.632278442, 121.79650116, 97.5413513184, 40.3589668274, 10.5230884552, 1.17571175098, 0.039996728301, 0.00125020730775],
        "mean": [0.354616254568, 2.43815541267, 5.12736463547, 11.1964254379, 10.5099086761, 16.2977256775, 41.2144927979, 45.0593452454, 20.2972240448, 42.4716758728, 42.3784103394, 60.7152862549, 26.0368900299, 18.357093811, 21.3463344574, 17.0374031067, 19.5462207794, 12.9331865311, 14.1589164734, 13.502081871, 9.35493946075, 9.41553592682, 7.12596130371, 6.98376083374, 6.76223230362, 8.79268455505, 7.69484329224, 9.31462001801, 8.88462352753, 7.81397676468, 9.49914455414, 6.70194005966, 5.19851636887, 3.79651904106, 1.96899902821, 0.845376849174, 0.214262723923, 0.0305661838502, 0.000867879076395, 7.75575390435e-05],
        "median": [0.0223143715411, 0.612872302532, 3.36194014549, 6.87851810455, 6.77253484726, 6.59077882767, 19.7166290283, 16.2507190704, 13.6039514542, 18.9417896271, 18.9354000092, 19.4455757141, 10.2295303345, 9.89664554596, 9.69218540192, 9.49353885651, 9.08683109283, 5.06523704529, 4.65091133118, 5.83716678619, 5.09018707275, 5.13492107391, 4.13772535324, 4.37529277802, 3.89174675941, 5.23841333389, 3.63422751427, 4.38392114639, 2.96647906303, 2.4907515049, 2.8638586998, 2.34125208855, 2.04397940636, 1.35185825825, 0.493899285793, 0.178929030895, 0.0445528291166, 0.00516757555306, 0.000152535285451, 5.46663359273e-05],
        "min": [7.19752650956e-22, 3.54875992422e-21, 7.37560682282e-21, 1.61948570721e-20, 1.92419416483e-20, 1.67451018161e-19, 1.53482354533e-19, 8.86730068634e-19, 1.46937293106e-18, 7.2220244893e-19, 2.1120286775e-18, 9.38611043448e-19, 1.39810677179e-18, 1.59086001705e-18, 3.19028176702e-18, 4.70648480468e-18, 5.49034514137e-18, 2.8813695129e-18, 9.19992427951e-18, 9.30047056451e-18, 1.01821334281e-17, 1.08145700819e-17, 1.32727242149e-17, 1.63386104255e-17, 1.64473185016e-17, 1.827805614e-17, 1.51273863981e-17, 2.26915643251e-17, 1.6495266853e-17, 2.35230545486e-17, 2.17554374084e-17, 2.08519460756e-17, 1.70175983226e-17, 1.12253587274e-17, 9.00813170114e-18, 5.48254193306e-18, 2.87653112671e-18, 1.37434249318e-18, 4.1003138754e-19, 3.73843211556e-20],
        "stdev": [0.904528737068, 5.45703411102, 8.71662425995, 16.4125518799, 13.9976139069, 30.5609340668, 54.3306274414, 68.8866958618, 23.7462711334, 59.8671836853, 69.3706207275, 126.20803833, 56.2617607117, 26.8781433105, 37.7267913818, 27.580406189, 41.1236038208, 23.677854538, 33.4321937561, 23.6428184509, 14.3183307648, 13.2908124924, 9.63289260864, 8.22808742523, 10.0988121033, 13.0464925766, 13.7442750931, 18.4055595398, 19.3245239258, 18.0101699829, 21.9043617249, 14.9649152756, 11.8139867783, 10.1770954132, 6.60042142868, 3.05505084991, 0.728086650372, 0.102576553822, 0.00295819202438, 0.000105627004814],
        "var": [0.81817227602, 29.7792205811, 75.9795455933, 269.371856689, 195.933197021, 933.970703125, 2951.81713867, 4745.37646484, 563.885437012, 3584.07958984, 4812.28320312, 15928.46875, 3165.38574219, 722.434631348, 1423.31079102, 760.678771973, 1691.15075684, 560.640808105, 1117.71154785, 558.982849121, 205.014602661, 176.645706177, 92.7926177979, 67.701423645, 101.98600769, 170.210968018, 188.905090332, 338.764587402, 373.437225342, 324.366210938, 479.801055908, 223.948684692, 139.570281982, 103.573280334, 43.5655632019, 9.33333587646, 0.530110180378, 0.0105219492689, 8.75089972396e-06, 1.11570646055e-08]
    },
    "gfcc": {
        "mean": [-27.4475002289, 79.2439651489, -93.1888961792, 30.5960445404, -74.9528045654, 17.1688518524, -43.4089927673, 11.2999629974, -26.7608203888, 5.91014862061, -18.0365409851, -0.730475842953, -13.3339128494],
        "cov": [[34460.2695312, 11.7521915436, 2264.98828125, -678.793457031, -438.422119141, 372.54196167, -520.020690918, 158.269760132, -423.094970703, -409.111877441, -354.447021484, -119.21459198, -100.609565735], [11.7521915436, 962.698364258, -66.864074707, -80.2495498657, 116.189193726, -86.1524887085, 22.0443878174, 23.7854480743, 34.9704246521, -66.5385284424, 106.146400452, -48.7557487488, 56.7371482849], [2264.98828125, -66.864074707, 791.558105469, 98.8432540894, 135.590301514, 133.29246521, -64.1737823486, 15.2975225449, -45.8463249207, 10.981877327, -35.648601532, 45.0104141235, -1.76090049744], [-678.793457031, -80.2495498657, 98.8432540894, 438.289764404, 116.000999451, 53.7365188599, 67.2624588013, 35.4967918396, 97.1832427979, 27.1682395935, 5.99817991257, 74.8502349854, 55.7252807617], [-438.422119141, 116.189193726, 135.590301514, 116.000999451, 257.331817627, 50.7897109985, 24.1548480988, 53.4913253784, 54.2836341858, 47.903301239, 7.38245391846, 30.2396678925, 20.4796791077], [372.54196167, -86.1524887085, 133.29246521, 53.7365188599, 50.7897109985, 158.676040649, 75.0404586792, 41.3555297852, 23.4832210541, 46.4007911682, -0.0304923690856, 1.49271631241, -3.90040612221], [-520.020690918, 22.0443878174, -64.1737823486, 67.2624588013, 24.1548480988, 75.0404586792, 182.533218384, 57.4076805115, 50.5823822021, 30.3156585693, 38.7786483765, 11.3675603867, 10.198600769], [158.269760132, 23.7854480743, 15.2975225449, 35.4967918396, 53.4913253784, 41.3555297852, 57.4076805115, 129.247650146, 73.8642883301, 30.8109130859, 29.3717670441, -0.153975844383, 24.6817378998], [-423.094970703, 34.9704246521, -45.8463249207, 97.1832427979, 54.2836341858, 23.4832210541, 50.5823822021, 73.8642883301, 125.128395081, 48.0506973267, 35.182598114, 9.44716453552, 37.3233413696], [-409.111877441, -66.5385284424, 10.981877327, 27.1682395935, 47.903301239, 46.4007911682, 30.3156585693, 30.8109130859, 48.0506973267, 100.438468933, 24.9372253418, 6.51229286194, -0.661422729492], [-354.447021484, 106.146400452, -35.648601532, 5.99817991257, 7.38245391846, -0.0304923690856, 38.7786483765, 29.3717670441, 35.182598114, 24.9372253418, 89.6197280884, 20.6107273102, 21.6045036316], [-119.21459198, -48.7557487488, 45.0104141235, 74.8502349854, 30.2396678925, 1.49271631241, 11.3675603867, -0.153975844383, 9.44716453552, 6.51229286194, 20.6107273102, 82.4193191528, 30.2957115173], [-100.609565735, 56.7371482849, -1.76090049744, 55.7252807617, 20.4796791077, -3.90040612221, 10.198600769, 24.6817378998, 37.3233413696, -0.661422729492, 21.6045036316, 30.2957115173, 76.5182495117]],
        "icov": [[4.96190878039e-05, -6.17051045992e-05, -0.000133641471621, 6.28456400591e-05, 0.000200912661967, -0.000162094976986, 0.000131554203108, -0.000224304516451, 2.63214951701e-06, 0.000125986683997, 0.000190837221453, -0.000112887639261, 4.55519693787e-05], [-6.17051045992e-05, 0.00233648973517, -5.93212716922e-05, 0.000514573417604, -0.00230140425265, 0.00140647729859, -0.00093100394588, 0.00136554648634, -0.000609675247688, 0.00246122037061, -0.00369660858996, 0.00324804172851, -0.00174206390511], [-0.000133641471621, -5.93212716922e-05, 0.0025389874354, -0.000659978424665, -0.00109860079829, -0.00209252000786, 0.00157521653455, -0.000380058278097, 0.00164706050418, -0.000206647746381, -0.000279474450508, -0.000953468726948, 0.000158586233738], [6.28456400591e-05, 0.000514573417604, -0.000659978424665, 0.00418699486181, -0.00105639605317, -0.000191462939256, -0.00115584675223, 0.00152571732178, -0.0038453261368, 0.00174876162782, 0.000916500226595, -0.00205940334126, -0.00098107312806], [0.000200912661967, -0.00230140425265, -0.00109860079829, -0.00105639605317, 0.00812306348234, -0.00166815367993, 0.00131738744676, -0.00320968776941, -0.000235275903833, -0.00356244994327, 0.00457934336737, -0.00412548659369, 0.00173969427124], [-0.000162094976986, 0.00140647729859, -0.00209252000786, -0.000191462939256, -0.00166815367993, 0.0137324240059, -0.00649112602696, 0.000195116808754, 0.000484917807626, -0.00356083386578, -7.58659953135e-05, 0.00376859190874, -0.000954026472755], [0.000131554203108, -0.00093100394588, 0.00157521653455, -0.00115584675223, 0.00131738744676, -0.00649112602696, 0.0106919165701, -0.00344808632508, 0.000292651704513, 0.000665345636662, -0.00149661500473, -0.00246771494858, 0.00200760504231], [-0.000224304516451, 0.00136554648634, -0.000380058278097, 0.00152571732178, -0.00320968776941, 0.000195116808754, -0.00344808632508, 0.0157625004649, -0.00820456631482, 0.00185169454198, -0.00368026597425, 0.00364298163913, -0.00256841094233], [2.63214951701e-06, -0.000609675247688, 0.00164706050418, -0.0038453261368, -0.000235275903833, 0.000484917807626, 0.000292651704513, -0.00820456631482, 0.0208552833647, -0.007039450109, -0.00142009695992, 0.00256457482465, -0.00485888915136], [0.000125986683997, 0.00246122037061, -0.000206647746381, 0.00174876162782, -0.00356244994327, -0.00356083386578, 0.000665345636662, 0.00185169454198, -0.007039450109, 0.0191452391446, -0.00664077838883, 0.00168170209508, 0.00195666356012], [0.000190837221453, -0.00369660858996, -0.000279474450508, 0.000916500226595, 0.00457934336737, -7.58659953135e-05, -0.00149661500473, -0.00368026597425, -0.00142009695992, -0.00664077838883, 0.0219642352313, -0.0090566445142, 0.000494673615322], [-0.000112887639261, 0.00324804172851, -0.000953468726948, -0.00205940334126, -0.00412548659369, 0.00376859190874, -0.00246771494858, 0.00364298163913, 0.00256457482465, 0.00168170209508, -0.0090566445142, 0.0230066757649, -0.00841715559363], [4.55519693787e-05, -0.00174206390511, 0.000158586233738, -0.00098107312806, 0.00173969427124, -0.000954026472755, 0.00200760504231, -0.00256841094233, -0.00485888915136, 0.00195666356012, 0.000494673615322, -0.00841715559363, 0.0207650046796]]
    },
    "melbands": {
        "dmean": [0.00224610394798, 0.00193568028044, 0.00119402515702, 0.00044460783829, 0.00068704347359, 0.000602894986514, 0.000167898702784, 0.000260372267803, 0.000225699608563, 0.000190139922779, 6.6431115556e-05, 3.68392829841e-05, 4.90298152727e-05, 2.68372441496e-05, 3.35130243911e-05, 1.77946094482e-05, 1.32905433929e-05, 1.74668675754e-05, 1.23730351334e-05, 7.96357289801e-06, 6.37526409264e-06, 6.16871648162e-06, 4.41196561951e-06, 3.43080228049e-06, 3.05270896206e-06, 2.95660765914e-06, 2.93721518574e-06, 3.37472306455e-06, 2.91313904199e-06, 2.76858781945e-06, 3.34678884428e-06, 3.07462528326e-06, 2.46025160777e-06, 2.78742800219e-06, 3.27072871187e-06, 2.83264762402e-06, 2.55205031863e-06, 1.95262850866e-06, 2.41633483711e-06, 1.72766112883e-06],
        "dmean2": [0.0030137419235, 0.00327764358371, 0.00189634796698, 0.000707946135662, 0.00109346956015, 0.00094640936004, 0.000268776464509, 0.000410332868341, 0.00033230453846, 0.000286002934445, 9.09397640498e-05, 5.36021470907e-05, 7.44379067328e-05, 4.08323430747e-05, 4.99137240695e-05, 2.72959186987e-05, 2.06366930797e-05, 2.75443762803e-05, 1.87366695172e-05, 1.28102628878e-05, 1.02680687633e-05, 9.80751974566e-06, 6.88377394908e-06, 5.08294806423e-06, 4.84388738187e-06, 4.6978161663e-06, 4.81108509121e-06, 5.2972714002e-06, 4.52635413239e-06, 4.20888727604e-06, 5.14960993314e-06, 4.6898603614e-06, 3.58533907274e-06, 3.98536121793e-06, 4.60586397821e-06, 4.12837198382e-06, 3.80920437237e-06, 2.87250691144e-06, 3.48520188709e-06, 2.47155185207e-06],
        "dvar": [3.3628057281e-05, 2.78794232145e-05, 4.94443565913e-06, 6.67032338697e-07, 9.92190052784e-07, 1.07822427253e-06, 6.46337454668e-08, 2.40806087959e-07, 1.78089337055e-07, 2.1217076096e-07, 2.46508999879e-08, 4.02685129686e-09, 9.95033921924e-09, 5.56169998944e-09, 4.37134550779e-09, 1.68192548777e-09, 8.92251550422e-10, 3.20847060031e-09, 7.51859741133e-10, 2.85495155294e-10, 1.66448174688e-10, 1.04870334638e-10, 5.9273218278e-11, 3.08751565981e-11, 2.6143117185e-11, 4.27658672364e-11, 4.850059937e-11, 5.73993387543e-11, 4.2784206733e-11, 4.16961500049e-11, 6.50040785088e-11, 5.49001955008e-11, 3.42623741878e-11, 4.71401008506e-11, 6.39650693524e-11, 5.51973328156e-11, 4.29946876712e-11, 2.02560138801e-11, 4.42509986986e-11, 2.43353982798e-11],
        "dvar2": [6.51524751447e-05, 7.46087971493e-05, 1.10975470307e-05, 1.65308949818e-06, 2.53978532783e-06, 2.67990185421e-06, 1.59792804766e-07, 5.52731819425e-07, 3.61498507573e-07, 4.68049194069e-07, 3.52180329344e-08, 7.40594119364e-09, 2.09289989783e-08, 1.18455902864e-08, 8.86692941293e-09, 3.70390362825e-09, 1.93273219651e-09, 8.10097944282e-09, 1.54559964827e-09, 7.70062791311e-10, 4.23402340965e-10, 2.52427856395e-10, 1.24682195124e-10, 5.96535251751e-11, 6.39149705384e-11, 1.03560757192e-10, 1.26266913592e-10, 1.49984427655e-10, 1.05552871998e-10, 9.23026238775e-11, 1.38646080727e-10, 1.06263851885e-10, 6.4999880478e-11, 9.12506528672e-11, 1.07468145494e-10, 1.13153909853e-10, 9.47888018077e-11, 3.91955704004e-11, 8.23638796055e-11, 4.14536634186e-11],
        "max": [0.0520985201001, 0.0417807884514, 0.0246263407171, 0.0112973032519, 0.008151746355, 0.01022002846, 0.00333064771257, 0.00726806139573, 0.0060695358552, 0.00804823543876, 0.0033257692121, 0.00109650020022, 0.00154106668197, 0.00134958571289, 0.00128042930737, 0.000937086355407, 0.000423136691097, 0.000796164560597, 0.000531814352144, 0.0003750823671, 0.000220683083171, 0.000183875556104, 0.000145981670357, 9.2449481599e-05, 7.3409973993e-05, 0.000102063429949, 0.000121750425023, 0.000164656550623, 0.000111319386633, 0.000104349710455, 0.000118498399388, 0.000118041381938, 0.000122330049635, 0.000136452988954, 0.000135202222737, 0.000101870500657, 8.61445223563e-05, 8.63231616677e-05, 0.000130656088004, 9.46774380282e-05],
        "mean": [0.00317337922752, 0.00285228597932, 0.00189323397353, 0.000860035361256, 0.00133225566242, 0.00103601126466, 0.000326537730871, 0.000445782992756, 0.000394949747715, 0.000356169242878, 0.000123465288198, 7.53208005335e-05, 8.33987796796e-05, 4.27699087595e-05, 5.58408064535e-05, 3.16148689308e-05, 2.36033320107e-05, 2.46202653216e-05, 2.02585306397e-05, 1.28596993818e-05, 1.02984940895e-05, 9.9238823168e-06, 7.39347751733e-06, 6.15556928096e-06, 5.55334736418e-06, 4.98240024172e-06, 4.90329239256e-06, 6.20395576334e-06, 4.98060353493e-06, 4.70665918328e-06, 5.57939529244e-06, 5.36187599209e-06, 3.97698977395e-06, 4.56333918919e-06, 5.6572498579e-06, 4.70732493341e-06, 3.96818177251e-06, 3.32184163199e-06, 3.99237205784e-06, 2.95037716569e-06],
        "median": [0.000360173056833, 0.00183487136383, 0.00120053230785, 0.000484667660203, 0.000677303527482, 0.000381009711418, 0.000211735154153, 0.000190332881175, 0.00016917042376, 0.000112710433314, 4.24380777986e-05, 3.71828355128e-05, 3.538123201e-05, 1.76376106538e-05, 2.9079916203e-05, 1.13421592687e-05, 8.13292081148e-06, 6.76698573443e-06, 7.38059361538e-06, 6.63760692987e-06, 5.08149651068e-06, 5.01379054185e-06, 4.21028471465e-06, 3.07658001475e-06, 3.31264482156e-06, 2.72659758593e-06, 2.85888995677e-06, 3.45365629073e-06, 2.27203486247e-06, 2.25823691835e-06, 2.44970942731e-06, 1.88939065993e-06, 9.66707148109e-07, 1.48233698383e-06, 1.71483679878e-06, 1.39379062603e-06, 1.31017338845e-06, 1.29260070025e-06, 1.45511251048e-06, 1.01810405795e-06],
        "min": [7.9024393616e-24, 4.51299711369e-24, 2.33424375728e-24, 6.19935729813e-24, 5.68246486745e-24, 1.96496211145e-23, 2.13246000082e-23, 7.44640833862e-24, 1.79133887492e-23, 4.59775548479e-24, 7.04612059379e-24, 6.03855668007e-24, 1.07031850871e-23, 1.13298664454e-23, 8.89183659754e-24, 1.43650923975e-23, 3.23959397744e-24, 1.25320825763e-23, 1.85621826675e-23, 7.46936024666e-24, 1.35241366958e-23, 1.3045368335e-23, 8.2050755927e-24, 1.42906302389e-23, 1.35652836806e-23, 9.47178899126e-24, 1.56995042612e-23, 1.14828707511e-23, 9.72755899597e-24, 1.02363884793e-23, 1.46111980672e-23, 8.43149366085e-24, 1.06609636737e-23, 1.38717876967e-23, 1.12872616456e-23, 1.54719273564e-23, 1.09706396995e-23, 1.30600616582e-23, 9.31976050646e-24, 8.95673223991e-24],
        "stdev": [0.00762439984828, 0.00489628175274, 0.00264248508029, 0.00122704752721, 0.00159570015967, 0.00150867842603, 0.000368211331079, 0.000642671482638, 0.00064166233642, 0.000766617071349, 0.00028205930721, 0.000113907284685, 0.000153985325596, 9.21151877264e-05, 9.48190718191e-05, 6.76640484016e-05, 4.61203781015e-05, 6.48885397823e-05, 4.10885077144e-05, 2.15643885895e-05, 1.78156788024e-05, 1.50783189383e-05, 1.14213253255e-05, 9.32631974138e-06, 6.92472394803e-06, 7.64497781347e-06, 7.43458485886e-06, 9.53255221248e-06, 8.79916206031e-06, 8.82341282704e-06, 1.15764851216e-05, 1.17386989587e-05, 9.47468288359e-06, 1.08712974907e-05, 1.3257666069e-05, 1.09155625978e-05, 9.20007823879e-06, 7.13516101314e-06, 1.02836775113e-05, 8.22738911666e-06],
        "var": [5.81314743613e-05, 2.39735727519e-05, 6.98272697264e-06, 1.50564574142e-06, 2.54625888374e-06, 2.2761105356e-06, 1.35579583116e-07, 4.13026612023e-07, 4.11730553651e-07, 5.87701777022e-07, 7.95574592871e-08, 1.29748691791e-08, 2.37114825552e-08, 8.48520720353e-09, 8.99065621951e-09, 4.57842386226e-09, 2.12708939351e-09, 4.21052259725e-09, 1.68826552738e-09, 4.65022881313e-10, 3.17398413108e-10, 2.27355703708e-10, 1.30446667357e-10, 8.69802355141e-11, 4.79518022511e-11, 5.84456788522e-11, 5.52730534953e-11, 9.08695479973e-11, 7.74252467695e-11, 7.7852613245e-11, 1.34015007425e-10, 1.37797051547e-10, 8.97696153523e-11, 1.18185100595e-10, 1.75765707544e-10, 1.19149509703e-10, 8.46414396904e-11, 5.09105223256e-11, 1.05754023594e-10, 6.768993005e-11]
    },
    "melbands128": {
