{
"lowlevel": {
    "average_loudness": 0.941427707672,
    "barkbands_crest": {
        "dmean": 2.66240310669,
        "dmean2": 4.28721570969,
        "dvar": 5.70850610733,
        "dvar2": 13.8578033447,
        "max": 24.1468753815,
        "mean": 10.6099863052,
        "median": 9.79650688171,
        "min": 2.89220881462,
        "stdev": 4.02301216125,
        "var": 16.1846256256
    },
    "barkbands_flatness_db": {
        "dmean": 0.0221559777856,
        "dmean2": 0.0340196341276,
        "dvar": 0.000543557980563,
        "dvar2": 0.00117241684347,
        "max": 0.329391479492,
        "mean": 0.158025428653,
        "median": 0.153453290462,
        "min": 0.0359635315835,
        "stdev": 0.0482145436108,
        "var": 0.0023246423807
    },
    "barkbands_kurtosis": {
        "dmean": 5.10074710846,
        "dmean2": 8.04805183411,
        "dvar": 73.9018325806,
        "dvar2": 183.427597046,
        "max": 133.195892334,
        "mean": 8.41828250885,
        "median": 4.8775472641,
        "min": -1.93193817139,
        "stdev": 10.582903862,
        "var": 111.997848511
    },
    "barkbands_skewness": {
        "dmean": 0.70004171133,
        "dmean2": 1.05065870285,
        "dvar": 0.65657800436,
        "dvar2": 1.48931026459,
        "max": 10.0820102692,
        "mean": 2.04722762108,
        "median": 1.79945361614,
        "min": -0.39897814393,
        "stdev": 1.32820117474,
        "var": 1.764118433
    },
    "barkbands_spread": {
        "dmean": 5.40186452866,
        "dmean2": 8.06304359436,
        "dvar": 94.993637085,
        "dvar2": 170.795150757,
        "max": 107.237869263,
        "mean": 15.8542499542,
        "median": 12.246172905,
        "min": 1.30562782288,
        "stdev": 14.1399736404,
        "var": 199.938858032
    },
    "dissonance": {
        "dmean": 0.0325561240315,
        "dmean2": 0.0531215406954,
        "dvar": 0.000879546627402,
        "dvar2": 0.00220362842083,
        "max": 0.497068405151,
        "mean": 0.426374316216,
        "median": 0.434443473816,
        "min": 0.169425502419,
        "stdev": 0.0442106388509,
        "var": 0.00195458042435
    },
    "dynamic_complexity": 2.29937052727,
    "erbbands_crest": {
        "dmean": 3.01060509682,
        "dmean2": 4.90566396713,
        "dvar": 6.99956464767,
        "dvar2": 17.3203735352,
        "max": 26.3451843262,
        "mean": 11.1953907013,
        "median": 10.5639915466,
        "min": 3.10703063011,
        "stdev": 4.28749656677,
        "var": 18.3826274872
    },
    "erbbands_flatness_db": {
        "dmean": 0.0203487984836,
        "dmean2": 0.0289699099958,
        "dvar": 0.000435261317762,
        "dvar2": 0.00079161580652,
        "max": 0.283746510744,
        "mean": 0.164757475257,
        "median": 0.167307034135,
        "min": 0.040344260633,
        "stdev": 0.0451351702213,
        "var": 0.00203718361445
    },
    "erbbands_kurtosis": {
        "dmean": 1.63507211208,
        "dmean2": 2.50964736938,
        "dvar": 4.44432735443,
        "dvar2": 9.85545253754,
        "max": 24.7891197205,
        "mean": 2.83113622665,
        "median": 2.03039216995,
        "min": -1.76974821091,
        "stdev": 3.484333992,
        "var": 12.1405830383
    },
    "erbbands_skewness": {
        "dmean": 0.403341531754,
        "dmean2": 0.620434701443,
        "dvar": 0.153619170189,
        "dvar2": 0.321652978659,
        "max": 3.65621137619,
        "mean": 1.16128587723,
        "median": 1.14029145241,
        "min": -1.622133255,
        "stdev": 0.686076879501,
        "var": 0.470701515675
    },
    "erbbands_spread": {
        "dmean": 9.92747020721,
        "dmean2": 14.9237165451,
        "dvar": 208.484130859,
        "dvar2": 408.40045166,
        "max": 158.511795044,
        "mean": 34.6551094055,
        "median": 27.8290309906,
        "min": 5.42630529404,
        "stdev": 25.6634864807,
        "var": 658.614501953
    },
    "hfc": {
        "dmean": 7.44543743134,
        "dmean2": 10.8860731125,
        "dvar": 141.595230103,
        "dvar2": 352.086395264,
        "max": 153.354553223,
        "mean": 22.8806056976,
        "median": 18.5293178558,
        "min": 9.32747061597e-05,
        "stdev": 18.6854724884,
        "var": 349.146850586
    },
    "loudness_ebu128": {
        "integrated": -10.8701992035,
        "loudness_range": 3.00377941132,
        "momentary": {
            "dmean": 0.573061168194,
            "dmean2": 0.758475124836,
            "dvar": 0.292079538107,
            "dvar2": 0.455840229988,
            "max": -8.03125858307,
            "mean": -11.2250099182,
            "median": -11.1744260788,
            "min": -18.3390846252,
            "stdev": 1.8545062542,
            "var": 3.43919324875
        },
        "short_term": {
            "dmean": 0.0736386030912,
            "dmean2": 0.0878062024713,
            "dvar": 0.00339003209956,
            "dvar2": 0.00459411926568,
            "max": -8.79160022736,
            "mean": -11.0474271774,
            "median": -11.2956886292,
            "min": -12.6543998718,
            "stdev": 0.959272444248,
            "var": 0.920203566551
        }
    },
    "melbands_crest": {
        "dmean": 3.5342912674,
        "dmean2": 5.70835256577,
        "dvar": 10.7922334671,
        "dvar2": 25.777463913,
        "max": 34.1488609314,
        "mean": 14.2028741837,
        "median": 12.9777622223,
        "min": 5.00939130783,
        "stdev": 5.39422750473,
        "var": 29.0976924896
    },
    "melbands_flatness_db": {
        "dmean": 0.0267695281655,
        "dmean2": 0.039856210351,
        "dvar": 0.000861215230543,
        "dvar2": 0.00179966306314,
        "max": 0.459312498569,
        "mean": 0.23373092711,
        "median": 0.230036914349,
        "min": 0.0627145841718,
        "stdev": 0.0648872554302,
        "var": 0.00421035569161
    },
    "melbands_kurtosis": {
        "dmean": 10.9010658264,
        "dmean2": 17.1007614136,
        "dvar": 542.455993652,
        "dvar2": 1253.54248047,
        "max": 351.18762207,
        "mean": 17.9915142059,
        "median": 9.13667011261,
        "min": -1.03730618954,
        "stdev": 29.5768222809,
        "var": 874.788452148
    },
    "melbands_skewness": {
        "dmean": 0.900975346565,
        "dmean2": 1.346616745,
        "dvar": 1.392126441,
        "dvar2": 2.90794610977,
        "max": 15.5388221741,
        "mean": 2.62511897087,
        "median": 2.13728046417,
        "min": -0.583507359028,
        "stdev": 1.99605751038,
        "var": 3.98424553871
    },
    "melbands_spread": {
        "dmean": 4.58135700226,
        "dmean2": 6.93540000916,
        "dvar": 54.132183075,
        "dvar2": 126.847137451,
        "max": 90.9514160156,
        "mean": 14.8005981445,
        "median": 12.8325519562,
        "min": 1.07880842686,
        "stdev": 10.0415325165,
        "var": 100.832382202
    },
    "pitch_salience": {
        "dmean": 0.0786779746413,
        "dmean2": 0.128645226359,
        "dvar": 0.00562108913437,
        "dvar2": 0.0137727931142,
        "max": 0.801764965057,
        "mean": 0.550148665905,
        "median": 0.562488257885,
        "min": 0.125597238541,
        "stdev": 0.11287137121,
        "var": 0.0127399470657
    },
    "silence_rate_20dB": {
        "dmean": 0,
        "dmean2": 0,
        "dvar": 0,
        "dvar2": 0,
        "max": 1,
        "mean": 1,
        "median": 1,
        "min": 1,
        "stdev": 0,
        "var": 0
    },
    "silence_rate_30dB": {
        "dmean": 0.0185758508742,
        "dmean2": 0.0371804796159,
        "dvar": 0.0182308722287,
        "dvar2": 0.0419945344329,
        "max": 1,
        "mean": 0.98143851757,
        "median": 1,
        "min": 0,
        "stdev": 0.134970366955,
        "var": 0.0182169992477
    },
    "silence_rate_60dB": {
        "dmean": 0.0131578948349,
        "dmean2": 0.0255615804344,
        "dvar": 0.0129850571975,
        "dvar2": 0.0342029891908,
        "max": 1,
        "mean": 0.0131477182731,
        "median": 0,
        "min": 0,
        "stdev": 0.113908357918,
        "var": 0.0129751143977
    },
    "spectral_centroid": {
        "dmean": 166.742630005,
        "dmean2": 244.3125,
        "dvar": 53481.9765625,
        "dvar2": 120754.007812,
        "max": 2930.77905273,
        "mean": 810.875793457,
        "median": 742.832397461,
        "min": 252.672485352,
        "stdev": 372.526275635,
        "var": 138775.828125
    },
    "spectral_complexity": {
        "dmean": 2.87538695335,
        "dmean2": 4.40511226654,
        "dvar": 10.7050323486,
        "dvar2": 24.7073631287,
        "max": 42,
        "mean": 14.5630321503,
        "median": 14,
        "min": 0,
        "stdev": 5.94015645981,
        "var": 35.2854614258
    },
    "spectral_decrease": {
        "dmean": 2.88772250556e-09,
        "dmean2": 4.41858460931e-09,
        "dvar": 1.66414412477e-17,
        "dvar2": 3.67244600782e-17,
        "max": -1.02810379025e-13,
        "mean": -8.7267792992e-09,
        "median": -7.83664066972e-09,
        "min": -4.69952254889e-08,
        "stdev": 6.21354390162e-09,
        "var": 3.8608129004e-17
    },
    "spectral_energy": {
        "dmean": 0.0113530512899,
        "dmean2": 0.0173294637352,
        "dvar": 0.000246754061664,
        "dvar2": 0.000546183146071,
        "max": 0.180830195546,
        "mean": 0.0350122153759,
        "median": 0.0314688235521,
        "min": 3.96492566779e-07,
        "stdev": 0.0243003237993,
        "var": 0.000590505776927
    },
    "spectral_energyband_high": {
        "dmean": 0.000447326223366,
        "dmean2": 0.000685208535288,
        "dvar": 1.19623928185e-06,
        "dvar2": 3.01434374705e-06,
        "max": 0.0131207015365,
        "mean": 0.000894206285011,
        "median": 0.000361092126695,
        "min": 1.20318122132e-09,
        "stdev": 0.0012881407747,
        "var": 1.65930680396e-06
    },
    "spectral_energyband_low": {
        "dmean": 0.00634013162926,
        "dmean2": 0.0101724425331,
        "dvar": 0.00023179371783,
        "dvar2": 0.000523249967955,
        "max": 0.157558873296,
        "mean": 0.0106733003631,
        "median": 0.00368828256615,
        "min": 2.15153463046e-07,
        "stdev": 0.0195263773203,
        "var": 0.000381279445719
    },
    "spectral_energyband_middle_high": {
        "dmean": 0.00202871928923,
        "dmean2": 0.00282170111313,
        "dvar": 8.95006814972e-06,
        "dvar2": 1.68940259755e-05,
        "max": 0.0429296344519,
        "mean": 0.00541000580415,
        "median": 0.00260638003238,
        "min": 1.00880894749e-08,
        "stdev": 0.00663471734151,
        "var": 4.40194744442e-05
    },
    "spectral_energyband_middle_low": {
        "dmean": 0.00662916060537,
        "dmean2": 0.0099409846589,
        "dvar": 4.66782148578e-05,
        "dvar2": 9.94976508082e-05,
        "max": 0.0690026581287,
        "mean": 0.0199570395052,
        "median": 0.0183700155467,
        "min": 1.40534766047e-07,
        "stdev": 0.0128215616569,
        "var": 0.000164392433362
    },
    "spectral_entropy": {
        "dmean": 0.220736861229,
        "dmean2": 0.32518851757,
        "dvar": 0.057605329901,
        "dvar2": 0.111719712615,
        "max": 8.71081829071,
        "mean": 7.19579362869,
        "median": 7.20275974274,
        "min": 5.70790052414,
        "stdev": 0.481106579304,
        "var": 0.23146353662
    },
    "spectral_flux": {
        "dmean": 0.0330156385899,
        "dmean2": 0.0535806305707,
        "dvar": 0.00135933037382,
        "dvar2": 0.0034894507844,
        "max": 0.360668003559,
        "mean": 0.0947642549872,
        "median": 0.0881379246712,
        "min": 0.000629676564131,
        "stdev": 0.0505130253732,
        "var": 0.00255156587809
    },
    "spectral_kurtosis": {
        "dmean": 1.94936108589,
        "dmean2": 2.93456721306,
        "dvar": 4.90633296967,
        "dvar2": 10.8465576172,
        "max": 32.8103065491,
        "mean": 5.80718421936,
        "median": 4.64532470703,
        "min": -1.32049965858,
        "stdev": 4.46480894089,
        "var": 19.9345188141
    },
    "spectral_rms": {
        "dmean": 0.000941493257415,
        "dmean2": 0.00138243217953,
        "dvar": 1.14223951186e-06,
        "dvar2": 2.2684087071e-06,
        "max": 0.013282308355,
        "mean": 0.00549976946786,
        "median": 0.00554087478667,
        "min": 1.9667792003e-05,
        "stdev": 0.00197756849229,
        "var": 3.91077674067e-06
    },
    "spectral_rolloff": {
        "dmean": 506.86328125,
        "dmean2": 865.516174316,
        "dvar": 2350451.75,
        "dvar2": 5258680,
        "max": 14039.6484375,
        "mean": 1113.24719238,
        "median": 732.12890625,
        "min": 64.599609375,
        "stdev": 1645.03295898,
        "var": 2706133.25
    },
    "spectral_skewness": {
        "dmean": 0.276950538158,
        "dmean2": 0.406407207251,
        "dvar": 0.0812468901277,
        "dvar2": 0.156227186322,
        "max": 4.62056493759,
        "mean": 2.00662589073,
        "median": 1.90894627571,
        "min": 0.242273271084,
        "stdev": 0.658333539963,
        "var": 0.433403044939
    },
    "spectral_spread": {
        "dmean": 902751.625,
        "dmean2": 1254067.875,
        "dvar": 1.7727464407e+12,
        "dvar2": 2.5899326505e+12,
        "max": 25572720,
        "mean": 5531495,
        "median": 5026320.5,
        "min": 2026848.125,
        "stdev": 2426558,
        "var": 5.88818415616e+12
    },
    "spectral_strongpeak": {
        "dmean": 0.615171432495,
        "dmean2": 1.01899623871,
        "dvar": 0.754696965218,
        "dvar2": 1.80457484722,
        "max": 10.6835823059,
        "mean": 1.3082177639,
        "median": 0.827613532543,
        "min": 0,
        "stdev": 1.26642286777,
        "var": 1.60382699966
    },
    "zerocrossingrate": {
        "dmean": 0.0122433118522,
        "dmean2": 0.0141976000741,
        "dvar": 0.000402167905122,
        "dvar2": 0.000488486315589,
        "max": 0.3125,
        "mean": 0.0532151050866,
        "median": 0.04541015625,
        "min": 0.0068359375,
        "stdev": 0.0372914485633,
        "var": 0.00139065214898
    },
    "barkbands": {
        "dmean": [0.000124507307191, 0.00356136937626, 0.00287160440348, 0.0017467176076, 0.00284115201794, 0.00122181070037, 0.00158991699573, 0.00178577634506, 0.00153514894191, 0.0012710649753, 0.000397697498556, 0.000302380532958, 0.000426495447755, 0.000467644858873, 0.000248699827353, 0.000155405126861, 0.000127762439661, 4.38654933532e-05, 6.66382256895e-05, 5.29891294718e-05, 6.13434312982e-05, 0.000117702948046, 7.30637402739e-05, 8.41231958475e-05, 9.71425397438e-05, 8.43545494718e-05, 1.67213711393e-05],
        "dmean2": [0.000192655177671, 0.00547905638814, 0.00462210318074, 0.00301429978572, 0.00456766504794, 0.00189431942999, 0.002401933074, 0.0026912628673, 0.00232521491125, 0.00187492743134, 0.000569599156734, 0.000460447947262, 0.00061493634712, 0.00074065302033, 0.000392477057176, 0.000227605138207, 0.000192144158063, 7.29630191927e-05, 0.000105573722976, 8.23891314212e-05, 0.00010029902478, 0.000186252058484, 0.000111629909952, 0.000127360239276, 0.000139182404382, 0.000126139333588, 2.60586130025e-05],
        "dvar": [2.23499753815e-07, 9.44705243455e-05, 7.05194543116e-05, 6.86146950102e-06, 1.4824912796e-05, 4.05265700465e-06, 9.91213710222e-06, 1.15702041512e-05, 8.01201167633e-06, 6.64050139676e-06, 9.67187361312e-07, 5.65191214719e-07, 8.94404479368e-07, 1.47826142438e-06, 5.70069857986e-07, 3.64074736581e-07, 8.70232668149e-08, 1.10253957075e-08, 1.82854122954e-08, 1.34525768303e-08, 2.84883778789e-08, 1.0049350152e-07, 2.43479334472e-08, 3.01864773178e-08, 6.57954757344e-08, 5.02590111751e-08, 4.00268440615e-09],
        "dvar2": [5.45582793166e-07, 0.000211493810639, 0.000173120410182, 2.00321774173e-05, 3.66459316865e-05, 9.90205899143e-06, 1.88139165402e-05, 2.49822678597e-05, 1.68874503288e-05, 1.26913428176e-05, 2.07451762435e-06, 1.24253199374e-06, 1.62943013038e-06, 3.75550280296e-06, 1.61317768743e-06, 6.58002761611e-07, 2.00994662691e-07, 2.92087083409e-08, 4.20180654714e-08, 3.17094475122e-08, 7.88164058463e-08, 2.69795236818e-07, 5.9498088234e-08, 7.12487491228e-08, 1.26359168462e-07, 1.11726428997e-07, 9.18567266694e-09],
        "max": [0.00907934457064, 0.133236676455, 0.0900397747755, 0.022720457986, 0.0491301044822, 0.0328271239996, 0.0461547523737, 0.0414351113141, 0.0325272604823, 0.0371758937836, 0.0200130622834, 0.0125620765612, 0.0197328273207, 0.013973576948, 0.0123304380104, 0.0174340773374, 0.00522118248045, 0.0013618057128, 0.0025585477706, 0.0016212068731, 0.00266433134675, 0.00340806087479, 0.00181500404142, 0.00208596792072, 0.00437426939607, 0.00387980579399, 0.000815713370685],
        "mean": [0.000347300199792, 0.00584214413539, 0.00324291386642, 0.00249219080433, 0.00541648175567, 0.00229749572463, 0.0023893462494, 0.00301848212257, 0.00291330181062, 0.00264826905914, 0.000690043380018, 0.000474043394206, 0.000728702580091, 0.00062592397444, 0.000332304189214, 0.000232934282394, 0.000209553458262, 6.14356758888e-05, 0.000109087632154, 9.23231709749e-05, 0.000107149557152, 0.000213679770241, 0.000138966206578, 0.000136292059324, 0.000135458729346, 0.000101129939139, 1.52748489199e-05],
        "median": [1.1029509551e-05, 0.000446083809948, 0.00098068616353, 0.00142708595376, 0.00363121763803, 0.0014114928199, 0.000708719890099, 0.00104365916923, 0.00103103066795, 0.000540723674931, 0.000194026550162, 8.96645360626e-05, 0.000185016790056, 0.00014603236923, 8.00045017968e-05, 4.85468335683e-05, 7.14103516657e-05, 2.18527129618e-05, 4.4176060328e-05, 3.62174287147e-05, 4.21443692176e-05, 4.54255678051e-05, 2.94613819278e-05, 5.21779365954e-05, 2.83243643935e-05, 2.16298612941e-05, 7.11446261903e-07],
        "min": [8.2183010397e-10, 8.86347777396e-08, 4.6862780323e-08, 2.32892087837e-08, 8.00856181371e-09, 3.24291704601e-08, 5.34907300676e-08, 2.06974952732e-08, 2.41325803785e-09, 4.43136971562e-10, 1.07143205419e-09, 2.84633261405e-10, 1.01528119245e-09, 4.62755789243e-09, 4.65460364696e-10, 7.74891761868e-10, 4.72164807253e-10, 4.27398866298e-10, 4.27698793048e-10, 2.49174153533e-10, 5.28171062442e-10, 9.71303454333e-11, 1.31246791213e-10, 1.04485788077e-10, 1.78865269818e-10, 7.12354550347e-11, 2.02635911523e-11],
        "stdev": [0.000910054543056, 0.0134303113446, 0.00806784071028, 0.00299874041229, 0.00586046930403, 0.00281036552042, 0.00478731561452, 0.00534492218867, 0.00445255776867, 0.00485470239073, 0.00165345158894, 0.00105972378515, 0.00144852756057, 0.00138999777846, 0.000887253321707, 0.000918268458918, 0.000418653857196, 0.000113246642286, 0.000200218739337, 0.000169845327036, 0.000180460090633, 0.000390918139601, 0.000230013421969, 0.000211099337321, 0.000331895804266, 0.00025383499451, 6.44417377771e-05],
        "var": [8.28199290481e-07, 0.000180373273906, 6.50900474284e-05, 8.99244423636e-06, 3.43451029039e-05, 7.8981538536e-06, 2.29183897318e-05, 2.85681908281e-05, 1.98252710106e-05, 2.35681363847e-05, 2.73390196526e-06, 1.12301449917e-06, 2.09823224395e-06, 1.93209393728e-06, 7.87218425558e-07, 8.43216980684e-07, 1.75271040348e-07, 1.28248025533e-08, 4.00875421747e-08, 2.88474364396e-08, 3.2565846908e-08, 1.52816994614e-07, 5.29061736643e-08, 4.4562931123e-08, 1.10154822153e-07, 6.44322071253e-08, 4.15273770926e-09]
    },
    "erbbands": {
        "dmean": [0.0745650753379, 0.909274458885, 3.3717918396, 4.17575597763, 8.09762859344, 10.5988111496, 9.61946201324, 10.468911171, 16.1179866791, 33.6233482361, 32.5580635071, 36.0519332886, 45.5408973694, 21.4141769409, 15.8559207916, 12.7913951874, 19.3624591827, 22.8320999146, 16.6463413239, 8.94913482666, 7.6112742424, 5.70028448105, 2.64451313019, 2.4670624733, 3.43733930588, 2.64757609367, 2.4828312397, 2.49564146996, 4.17290592194, 3.10056900978, 2.18539452553, 2.13750171661, 1.18225181103, 0.936568498611, 0.80750221014, 0.437519788742, 0.127333134413, 0.0413202345371, 0.00188478978816, 4.2232692067e-05],
        "dmean2": [0.104369267821, 1.44036722183, 5.42594480515, 7.1506524086, 13.4270086288, 16.9632511139, 14.8408107758, 16.3067054749, 23.8738327026, 51.0370063782, 48.5500144958, 54.1295127869, 64.3899230957, 30.9399604797, 21.8673706055, 18.7602386475, 28.0571842194, 35.7905578613, 26.6743621826, 13.4339647293, 11.2696580887, 8.5757932663, 4.1613240242, 3.81884074211, 5.41770458221, 4.14149999619, 4.02266645432, 4.04899597168, 6.44706583023, 4.9966378212, 3.29578471184, 3.30816411972, 1.71871364117, 1.35150969028, 1.1893581152, 0.658025741577, 0.193026661873, 0.0623410753906, 0.00291685690172, 6.34988537058e-05],
        "dvar": [0.0548287332058, 6.91445922852, 100.991912842, 57.1889648438, 130.803909302, 303.687316895, 242.389343262, 281.442352295, 1238.08911133, 4273.52685547, 4440.48242188, 4773.21826172, 7960.77490234, 3091.6953125, 1557.46386719, 935.45135498, 2025.77783203, 3318.51733398, 2480.85571289, 562.365112305, 687.561706543, 143.850204468, 30.8198165894, 35.7408027649, 40.3557281494, 37.1922302246, 41.9387168884, 43.1399269104, 90.7792282104, 89.1239471436, 21.0980434418, 21.5048866272, 5.48038244247, 6.65002775192, 4.50302743912, 1.2236571312, 0.152151495218, 0.0191852003336, 4.36747432104e-05, 1.18980505448e-08],
        "dvar2": [0.120203137398, 15.1144886017, 235.187713623, 160.510375977, 338.849945068, 794.833068848, 546.207946777, 656.471130371, 2260.44702148, 8793.15527344, 10116.0664062, 10558.1064453, 15551.3017578, 5537.76269531, 2756.2734375, 2070.92944336, 3708.6784668, 8469.26855469, 7383.5546875, 1245.79650879, 1417.86022949, 331.802764893, 79.4944458008, 87.4091339111, 100.181663513, 87.0233612061, 114.089271545, 118.573051453, 221.106170654, 246.102096558, 49.7263145447, 53.2825088501, 11.6890115738, 12.4252319336, 9.29761981964, 2.74811553955, 0.34248739481, 0.0432905629277, 0.000100818338979, 2.72843703186e-08],
        "max": [5.64403629303, 36.1173019409, 97.0245666504, 75.1077575684, 115.861709595, 247.499404907, 234.801971436, 201.446670532, 697.79901123, 954.477478027, 865.75769043, 929.927307129, 1226.76757812, 1373.67785645, 832.237182617, 548.873474121, 1012.12097168, 781.655334473, 720.149230957, 491.364898682, 687.801574707, 235.673171997, 87.3605499268, 102.643196106, 83.1664657593, 82.2798843384, 105.606185913, 82.501121521, 100.686477661, 109.390464783, 51.466835022, 50.398563385, 25.5369110107, 39.1103935242, 36.0321655273, 13.903175354, 7.62913703918, 1.91596996784, 0.0764946863055, 0.00141745433211],
        "mean": [0.165385127068, 1.29414212704, 3.89968037605, 6.24973630905, 12.1904764175, 19.6015396118, 19.0117759705, 19.2351551056, 27.1932907104, 59.5431518555, 56.2512397766, 69.7845611572, 94.0968399048, 46.812461853, 32.0356559753, 23.5194301605, 35.5653381348, 34.2846679688, 22.039855957, 13.8414869308, 12.2034749985, 10.0159139633, 4.54231977463, 3.6637339592, 5.93203496933, 4.85833644867, 4.35740804672, 4.32730674744, 7.8562245369, 5.24756574631, 4.25877189636, 3.58032202721, 1.79207956791, 1.29732060432, 1.10353624821, 0.555324554443, 0.145923763514, 0.0416989400983, 0.00179406825919, 7.5431438745e-05],
        "median": [0.00463949143887, 0.157115936279, 0.99617600441, 3.85396671295, 7.87985038757, 11.1019592285, 10.8172035217, 11.0127458572, 9.96831893921, 21.2180290222, 20.5453186035, 29.7899246216, 18.4662284851, 12.4723081589, 9.35172653198, 5.36860132217, 9.88619232178, 10.7420225143, 5.83796072006, 3.48663473129, 3.22988557816, 3.72293567657, 1.89279258251, 1.2573890686, 2.72311997414, 1.85020661354, 1.63158237934, 1.48611426353, 1.54700505733, 1.5193901062, 0.846550643444, 1.09890532494, 0.681823253632, 0.247401669621, 0.266532629728, 0.138073340058, 0.0260738059878, 0.00440417649224, 0.000162348354934, 4.68329817522e-05],
        "min": [4.38733422925e-06, 2.09838672163e-05, 5.24057686562e-05, 7.3471761425e-05, 5.51067350898e-05, 1.52196089402e-05, 6.64014150971e-05, 0.000342964485753, 0.000708164880052, 0.000713960442226, 0.000331503862981, 6.52075468679e-05, 1.99434216483e-05, 1.84987693501e-05, 4.23145611421e-05, 9.31621707423e-06, 3.95845781895e-05, 0.000223697832553, 8.21645880933e-05, 5.05637763126e-05, 2.27758991969e-05, 2.68385338131e-05, 2.84822963295e-05, 1.06243232949e-05, 3.00892552332e-05, 1.21038219731e-05, 2.84682719212e-05, 7.93214803707e-06, 5.14035309607e-06, 3.12052907248e-06, 3.43993065144e-06, 1.80800464022e-06, 1.80503786851e-06, 2.20285687647e-06, 1.24217399389e-06, 4.1250615368e-07, 6.945546005e-08, 3.37029106845e-08, 3.38851657844e-09, 6.30004881597e-10],
        "stdev": [0.394530206919, 3.36965823174, 10.208237648, 7.6994767189, 13.5342798233, 25.8590106964, 23.2320957184, 24.9143409729, 57.4374275208, 101.931999207, 100.499000549, 104.654792786, 164.642486572, 111.8204422, 76.8082122803, 46.2300949097, 70.0983810425, 69.9699707031, 53.3960189819, 34.2515983582, 37.2986106873, 17.5825519562, 7.26635932922, 7.32274484634, 8.96676445007, 9.25230884552, 7.27261161804, 7.2079076767, 14.4636459351, 9.87070846558, 7.34994268417, 5.6791934967, 3.00256943703, 3.38035511971, 2.61572241783, 1.26014006138, 0.429952651262, 0.146030113101, 0.00674948189408, 0.000120138640341],
        "var": [0.155654087663, 11.3545970917, 104.208106995, 59.2819442749, 183.176742554, 668.688415527, 539.730285645, 620.72442627, 3299.05810547, 10390.1328125, 10100.0498047, 10952.6259766, 27107.1484375, 12503.8115234, 5899.50195312, 2137.22167969, 4913.78320312, 4895.796875, 2851.13476562, 1173.171875, 1391.1862793, 309.146118164, 52.7999763489, 53.6225891113, 80.4028625488, 85.60521698, 52.8908805847, 51.9539337158, 209.197067261, 97.4308853149, 54.0216598511, 32.253238678, 9.01542377472, 11.4268007278, 6.84200382233, 1.58795309067, 0.184859290719, 0.0213247947395, 4.55555054941e-05, 1.44332936713e-08]
    },
    "gfcc": {
        "mean": [6.47970962524, 88.0247650146, -93.9590148926, 8.12960720062, -73.3868789673, 12.3772192001, -44.6083526611, 2.20839285851, -29.258769989, 2.15817904472, -26.2800922394, -4.40733575821, -17.2303066254],
        "cov": [[3527.1394043, -920.624511719, -255.494781494, 36.2709884644, -110.807769775, 305.289001465, 105.52922821, 201.824890137, 169.403747559, 93.6672286987, -118.214332581, 149.485961914, -100.788673401], [-920.624511719, 1190.96716309, 35.3195877075, 1.88446974754, 186.152130127, -29.1343574524, 227.780166626, 58.5249595642, 63.1883659363, -53.5588912964, 152.439315796, -55.9353294373, 60.6875228882], [-255.494781494, 35.3195877075, 1052.57458496, 284.456787109, 385.358306885, 104.856712341, -70.3058013916, 117.347160339, 3.35815286636, 184.138717651, 96.1954421997, 9.43143939972, 1.96799337864], [36.2709884644, 1.88446974754, 284.456787109, 453.171569824, 206.811843872, 34.9046211243, -54.867816925, 24.4047641754, 89.8753051758, 124.536811829, 53.5179290771, 14.0726499557, 84.0462722778], [-110.807769775, 186.152130127, 385.358306885, 206.811843872, 436.551757812, 111.259254456, 70.2683563232, 74.3565063477, 67.4341049194, 139.564910889, 29.8564453125, 6.25225925446, 62.3312072754], [305.289001465, -29.1343574524, 104.856712341, 34.9046211243, 111.259254456, 330.862518311, 225.288803101, 81.3341598511, 51.9224510193, 53.3965988159, 4.49721717834, 49.1676292419, 28.9771213531], [105.52922821, 227.780166626, -70.3058013916, -54.867816925, 70.2683563232, 225.288803101, 423.547607422, 82.9167785645, 27.543176651, 17.0405750275, 22.5870800018, 54.3233795166, 14.7019910812], [201.824890137, 58.5249595642, 117.347160339, 24.4047641754, 74.3565063477, 81.3341598511, 82.9167785645, 170.682281494, 61.5280036926, 33.8927154541, 20.995891571, 9.80138683319, 10.5384349823], [169.403747559, 63.1883659363, 3.35815286636, 89.8753051758, 67.4341049194, 51.9224510193, 27.543176651, 61.5280036926, 157.229660034, 58.9922485352, 20.7244911194, 3.27119755745, 25.9250431061], [93.6672286987, -53.5588912964, 184.138717651, 124.536811829, 139.564910889, 53.3965988159, 17.0405750275, 33.8927154541, 58.9922485352, 171.509292603, 27.4817256927, 3.69362854958, 18.333864212], [-118.214332581, 152.439315796, 96.1954421997, 53.5179290771, 29.8564453125, 4.49721717834, 22.5870800018, 20.995891571, 20.7244911194, 27.4817256927, 117.571968079, 29.1033554077, -2.77509498596], [149.485961914, -55.9353294373, 9.43143939972, 14.0726499557, 6.25225925446, 49.1676292419, 54.3233795166, 9.80138683319, 3.27119755745, 3.69362854958, 29.1033554077, 110.701766968, 23.7575473785], [-100.788673401, 60.6875228882, 1.96799337864, 84.0462722778, 62.3312072754, 28.9771213531, 14.7019910812, 10.5384349823, 25.9250431061, 18.333864212, -2.77509498596, 23.7575473785, 108.953895569]],
        "icov": [[0.000547145144083, 0.000275750906439, 0.000311122334097, -0.000265822571237, 1.38547093229e-05, -0.000368839537259, 0.000136005372042, -0.000741571537219, -0.000316419580486, -0.000173566819285, 0.000481256080093, -0.000751118757762, 0.000976063252892], [0.000275750906439, 0.002433052985, -2.02098126465e-05, 0.000508639554027, -0.00132143998053, 0.00128777208738, -0.00186839082744, 5.21134825249e-05, -0.00130409176927, 0.00220823078416, -0.0033672968857, 0.00238051987253, -0.00149768521078], [0.000311122334097, -2.02098126465e-05, 0.00245726853609, -0.000849864212796, -0.00142544822302, -0.00117214920465, 0.00144826818723, -0.0018696479965, 0.00179611658677, -0.00115276454017, -0.00064129428938, -0.000736721907742, 0.00193380471319], [-0.000265822571237, 0.000508639554027, -0.000849864212796, 0.00441238097847, -0.00100039097015, 0.000545742048416, 4.54824476037e-05, 0.00136350980029, -0.00175361009315, -0.000306346075376, -0.00225757109001, 0.00120067526586, -0.00347889494151], [1.38547093229e-05, -0.00132143998053, -0.00142544822302, -0.00100039097015, 0.00565623492002, -0.000770913204178, -4.88063487865e-05, -0.000151846994413, -0.000182858973858, -0.0027957430575, 0.00286745582707, -0.000886026362423, -0.000683068064973], [-0.000368839537259, 0.00128777208738, -0.00117214920465, 0.000545742048416, -0.000770913204178, 0.00708491634578, -0.00436852360144, 0.000405152706662, -0.00178269331809, 0.00123092916328, -0.00089991488494, 0.00093895959435, -0.00236187572591], [0.000136005372042, -0.00186839082744, 0.00144826818723, 4.54824476037e-05, -4.88063487865e-05, -0.00436852360144, 0.00651300977916, -0.0020100090187, 0.00195971014909, -0.00220938608982, 0.00166741851717, -0.00324063608423, 0.00226516323164], [-0.000741571537219, 5.21134825249e-05, -0.0018696479965, 0.00136350980029, -0.000151846994413, 0.000405152706662, -0.0020100090187, 0.00987215619534, -0.00351060694084, 0.00133062107489, -0.00147142715286, 0.00188910902943, -0.0022755600512], [-0.000316419580486, -0.00130409176927, 0.00179611658677, -0.00175361009315, -0.000182858973858, -0.00178269331809, 0.00195971014909, -0.00351060694084, 0.0111590921879, -0.00356670585461, 2.16965654545e-05, -0.000317621423164, 0.000422542914748], [-0.000173566819285, 0.00220823078416, -0.00115276454017, -0.000306346075376, -0.0027957430575, 0.00123092916328, -0.00220938608982, 0.00133062107489, -0.00356670585461, 0.0119135603309, -0.00409316178411, 0.00320309656672, -0.00165067985654], [0.000481256080093, -0.0033672968857, -0.00064129428938, -0.00225757109001, 0.00286745582707, -0.00089991488494, 0.00166741851717, -0.00147142715286, 2.16965654545e-05, -0.00409316178411, 0.0172244329005, -0.00802444759756, 0.00546212075278], [-0.000751118757762, 0.00238051987253, -0.000736721907742, 0.00120067526586, -0.000886026362423, 0.00093895959435, -0.00324063608423, 0.00188910902943, -0.000317621423164, 0.00320309656672, -0.00802444759756, 0.0156227955595, -0.00649631582201], [0.000976063252892, -0.00149768521078, 0.00193380471319, -0.00347889494151, -0.000683068064973, -0.00236187572591, 0.00226516323164, -0.0022755600512, 0.000422542914748, -0.00165067985654, 0.00546212075278, -0.00649631582201, 0.0162302404642]]
    },
    "melbands": {
        "dmean": [0.000790676393081, 0.0014773143921, 0.000797735643573, 0.000665502564516, 0.000348467612639, 0.00023070932366, 0.000266604794888, 0.000369676097762, 0.000256607396295, 0.000235075072851, 0.000226117757848, 9.33658229769e-05, 5.02641487401e-05, 3.8269579818e-05, 4.46832164016e-05, 3.52026472683e-05, 4.76387649542e-05, 2.8921649573e-05, 1.56186470122e-05, 1.26682962218e-05, 8.59817009768e-06, 6.94320351613e-06, 4.17699629907e-06, 2.03092486117e-06, 2.01779607778e-06, 2.98967893286e-06, 2.05074957194e-06, 1.86183137885e-06, 1.4654054894e-06, 1.63822971899e-06, 1.69171244124e-06, 2.45414867095e-06, 2.67124437414e-06, 1.46886702623e-06, 1.3480691905e-06, 1.29155978357e-06, 1.46617253449e-06, 9.04666535462e-07, 6.85859674832e-07, 8.71180816375e-07],
        "dmean2": [0.00117644993588, 0.00239241076633, 0.00134734914172, 0.00108209636528, 0.000541569956113, 0.00035906911944, 0.000398398609832, 0.000559481559321, 0.000381788122468, 0.000353329756763, 0.000321328581776, 0.000136199087137, 7.00906894053e-05, 5.60477965337e-05, 6.56518386677e-05, 5.17169683008e-05, 7.51013940317e-05, 4.69247279398e-05, 2.42432106461e-05, 1.84578566405e-05, 1.29739310069e-05, 1.04777436718e-05, 6.71829275234e-06, 3.26317217514e-06, 3.15631382364e-06, 4.74699936603e-06, 3.18340403282e-06, 2.93180823974e-06, 2.38352026827e-06, 2.63565038949e-06, 2.77565504803e-06, 3.75204444936e-06, 4.29667079516e-06, 2.35993775277e-06, 2.01755460694e-06, 1.99041983251e-06, 2.26664974434e-06, 1.35379548283e-06, 9.81388211585e-07, 1.27296425489e-06],
        "dvar": [4.68219650429e-06, 1.80784572876e-05, 1.5792453496e-06, 9.44898772559e-07, 2.71498663551e-07, 1.33525503543e-07, 3.22016461496e-07, 5.09663323101e-07, 2.74788732213e-07, 2.00194733679e-07, 1.96947226527e-07, 6.07475811876e-08, 1.28225972063e-08, 9.25978760336e-09, 1.33389290724e-08, 5.18247178505e-09, 1.56678243712e-08, 7.57902629545e-09, 2.25633645101e-09, 2.37604758091e-09, 6.52549181357e-10, 2.45328229953e-10, 8.85949855145e-11, 2.47887266269e-11, 2.61019521969e-11, 4.06145533871e-11, 1.2790065014e-11, 2.00885974522e-11, 1.29680042746e-11, 2.05310698997e-11, 1.63441291751e-11, 2.55981052327e-11, 7.61685714501e-11, 1.51159380152e-11, 8.04076076555e-12, 7.0373455327e-12, 9.78844089117e-12, 2.8760676566e-12, 3.10663148852e-12, 6.07770127628e-12],
        "dvar2": [1.06399738797e-05, 4.03355261369e-05, 4.4016933316e-06, 2.35520633396e-06, 5.91984189668e-07, 3.09338673787e-07, 5.98369354066e-07, 1.05123967842e-06, 6.38725680346e-07, 4.48434150258e-07, 3.83790023761e-07, 1.09762055445e-07, 2.47402649478e-08, 2.10545891832e-08, 2.68804569714e-08, 9.44252942503e-09, 4.00186941363e-08, 2.19635651888e-08, 5.35816768732e-09, 4.24305390823e-09, 1.44273171188e-09, 5.51359291556e-10, 2.27833446553e-10, 6.48755701937e-11, 6.28116864076e-11, 9.63511284646e-11, 3.08410137706e-11, 4.69307162576e-11, 3.4423609796e-11, 5.68834042369e-11, 4.46200160154e-11, 5.81276589362e-11, 2.13530623738e-10, 4.01304128816e-11, 1.84899855843e-11, 1.75459473339e-11, 2.40174460181e-11, 6.38227144745e-12, 5.89214267654e-12, 1.1990044374e-11],
        "max": [0.0380085855722, 0.0430884547532, 0.0120629388839, 0.0110656432807, 0.00661118747666, 0.00432987976819, 0.0107110142708, 0.00937549117953, 0.00724834948778, 0.0054411413148, 0.00602487334982, 0.00586211495101, 0.00216244021431, 0.00165157660376, 0.00175914249849, 0.00136545544956, 0.00170360459015, 0.001139130909, 0.000962258200161, 0.00141795759555, 0.000550780503545, 0.000322500098264, 0.000150006831973, 6.71621528454e-05, 9.1198598966e-05, 0.000110042798042, 3.990825644e-05, 5.74900113861e-05, 5.59206528123e-05, 6.94494519848e-05, 4.85162636323e-05, 6.07896326983e-05, 0.000107863052108, 5.06601973029e-05, 3.97620315198e-05, 2.87354469037e-05, 3.51066410076e-05, 1.74535907718e-05, 2.3993805371e-05, 3.45221524185e-05],
        "mean": [0.00151364447083, 0.00192869070452, 0.00124108255841, 0.00118609273341, 0.000732957327273, 0.000428292056313, 0.000433439825429, 0.000669381406624, 0.000449446350103, 0.000438642600784, 0.000463691510959, 0.000190896273125, 9.61329205893e-05, 6.37544872006e-05, 7.96437234385e-05, 6.17757177679e-05, 6.66619089316e-05, 3.56538912456e-05, 2.1923235181e-05, 1.92319184862e-05, 1.3248387404e-05, 1.14051463243e-05, 6.509396826e-06, 2.84871339318e-06, 2.74256285593e-06, 4.66672645416e-06, 3.6119959077e-06, 3.14789917866e-06, 2.44104876401e-06, 2.64548884843e-06, 2.61987224803e-06, 4.48926994068e-06, 4.18918352807e-06, 2.39021869675e-06, 2.53303414866e-06, 2.08683331948e-06, 2.29856277656e-06, 1.32652223783e-06, 9.25950189412e-07, 1.13730447993e-06],
        "median": [7.56354420446e-05, 0.000577162893023, 0.000858973420691, 0.000769851496443, 0.000429127860116, 0.000252774509136, 0.000140953343362, 0.00023694979609, 0.000157798407599, 0.000174854605575, 7.92979481048e-05, 4.39213363279e-05, 2.81166812783e-05, 1.6626483557e-05, 1.78055252036e-05, 1.66580030054e-05, 1.70842104126e-05, 8.80170955497e-06, 4.83942494611e-06, 4.43207500211e-06, 3.25393239109e-06, 3.75361128135e-06, 2.39516020883e-06, 9.59714725468e-07, 7.41218798339e-07, 1.78903781034e-06, 1.7009979274e-06, 9.58796022132e-07, 8.8772003437e-07, 9.14800011742e-07, 8.3057551592e-07, 7.51402524202e-07, 9.16383612548e-07, 7.3622805985e-07, 4.80101959965e-07, 3.58801713674e-07, 7.27242934317e-07, 4.888646572e-07, 2.10523836586e-07, 1.6580283102e-07],
        "min": [2.11696438157e-08, 2.72679638869e-08, 1.21833352296e-08, 2.28696861448e-09, 1.81266279764e-09, 7.68588304112e-09, 1.09911626467e-08, 7.2183454769e-09, 2.17493978383e-09, 2.88460116904e-10, 8.74513447768e-11, 6.46964218309e-11, 1.54147583586e-10, 4.76765155133e-11, 1.16932071664e-11, 1.65116031958e-10, 4.61018806464e-10, 1.66560737425e-10, 4.09371321564e-11, 7.7583876823e-11, 1.46806612006e-11, 1.81140744765e-11, 5.21598216008e-11, 9.20621304884e-12, 7.48463270528e-12, 1.72126271569e-11, 2.01039324077e-11, 5.20295178469e-12, 1.33099295474e-11, 1.65404686475e-11, 1.74780665201e-12, 3.17053414772e-12, 1.19542830496e-12, 2.44710501862e-12, 2.7374693224e-12, 7.67970160121e-13, 1.26908021852e-12, 1.17568086343e-12, 1.26260156844e-12, 2.23230505261e-12],
        "stdev": [0.00336158205755, 0.00471281353384, 0.0013489832636, 0.00133236974943, 0.000880718871485, 0.000545585702639, 0.000910687842406, 0.00114477530587, 0.000800157838967, 0.000656196731143, 0.000822804984637, 0.000485978176584, 0.000219804511289, 0.000133874622406, 0.000167583915754, 0.000114473266876, 0.00014683844347, 8.92538300832e-05, 6.24325184617e-05, 7.61888877605e-05, 3.61086495104e-05, 2.27927466767e-05, 1.22036026369e-05, 5.3952626331e-06, 6.23030928182e-06, 9.03190539248e-06, 5.10324116476e-06, 6.79986260366e-06, 4.02453224524e-06, 4.997457836e-06, 4.57160649603e-06, 8.47397222969e-06, 8.85766712599e-06, 4.48105538453e-06, 4.68523694508e-06, 3.62062019121e-06, 3.72681938643e-06, 2.14836609302e-06, 2.31385729421e-06, 3.11859071189e-06],
        "var": [1.13002333819e-05, 2.22106100409e-05, 1.81975588021e-06, 1.77520928446e-06, 7.75665682795e-07, 2.97663746096e-07, 8.29352302389e-07, 1.31051046992e-06, 6.40252608264e-07, 4.30594127465e-07, 6.77008017647e-07, 2.36174798829e-07, 4.83140247809e-08, 1.79224155517e-08, 2.80843668321e-08, 1.31041293372e-08, 2.15615294508e-08, 7.96624632926e-09, 3.89781940058e-09, 5.80474646128e-09, 1.30383459584e-09, 5.19509268937e-10, 1.48927925547e-10, 2.91088611548e-11, 3.88167518961e-11, 8.15753159467e-11, 2.60430704779e-11, 4.62381313793e-11, 1.61968580908e-11, 2.49745849001e-11, 2.08995858814e-11, 7.18081982765e-11, 7.84582676605e-11, 2.00798561806e-11, 2.19514441346e-11, 1.31088898417e-11, 1.38891832063e-11, 4.61547727121e-12, 5.35393604451e-12, 9.72560833951e-12]
    },
    "melbands128": {
