{
"lowlevel": {
    "average_loudness": 0.873696088791,
    "barkbands_crest": {
        "dmean": 2.66733527184,
        "dmean2": 4.05496263504,
        "dvar": 8.06248378754,
        "dvar2": 17.5660190582,
        "max": 26.8021793365,
        "mean": 13.1954593658,
        "median": 11.833442688,
        "min": 2.53455257416,
        "stdev": 6.38345718384,
        "var": 40.7485275269
    },
    "barkbands_flatness_db": {
        "dmean": 0.0424740314484,
        "dmean2": 0.0611208342016,
        "dvar": 0.00392294721678,
        "dvar2": 0.00702692149207,
        "max": 0.837782680988,
        "mean": 0.279232740402,
        "median": 0.251646012068,
        "min": 0.0261073093861,
        "stdev": 0.173100456595,
        "var": 0.0299637690187
    },
    "barkbands_kurtosis": {
        "dmean": 65.3714447021,
        "dmean2": 99.9814300537,
        "dvar": 83012.1484375,
        "dvar2": 199047.1875,
        "max": 6329.92382812,
        "mean": 82.0044021606,
        "median": 6.35876464844,
        "min": -1.92044901848,
        "stdev": 363.988525391,
        "var": 132487.640625
    },
    "barkbands_skewness": {
        "dmean": 1.70138251781,
        "dmean2": 2.55041980743,
        "dvar": 10.9647436142,
        "dvar2": 26.0806388855,
        "max": 41.2108650208,
        "mean": 3.1272752285,
        "median": 1.79351782799,
        "min": -3.83804249763,
        "stdev": 4.46934318542,
        "var": 19.9750289917
    },
    "barkbands_spread": {
        "dmean": 5.45873022079,
        "dmean2": 7.95077562332,
        "dvar": 92.2995681763,
        "dvar2": 172.023544312,
        "max": 116.219444275,
        "mean": 12.7397975922,
        "median": 7.28805160522,
        "min": 0.00846355035901,
        "stdev": 15.763335228,
        "var": 248.482727051
    },
    "dissonance": {
        "dmean": 0.0397609397769,
        "dmean2": 0.0664692446589,
        "dvar": 0.00200404925272,
        "dvar2": 0.00532942963764,
        "max": 0.500000119209,
        "mean": 0.418734014034,
        "median": 0.440700411797,
        "min": 0.104542225599,
        "stdev": 0.0696672648191,
        "var": 0.00485352799296
    },
    "dynamic_complexity": 7.83583688736,
    "erbbands_crest": {
        "dmean": 3.38310265541,
        "dmean2": 5.50265789032,
        "dvar": 12.8221702576,
        "dvar2": 30.4485263824,
        "max": 31.5095767975,
        "mean": 12.2077159882,
        "median": 10.0799560547,
        "min": 2.24905276299,
        "stdev": 6.73477172852,
        "var": 45.3571472168
    },
    "erbbands_flatness_db": {
        "dmean": 0.0296907778829,
        "dmean2": 0.0457534119487,
        "dvar": 0.00129810092039,
        "dvar2": 0.00280795805156,
        "max": 0.495992094278,
        "mean": 0.217465996742,
        "median": 0.191494852304,
        "min": 0.0509660318494,
        "stdev": 0.0977746918797,
        "var": 0.00955989025533
    },
    "erbbands_kurtosis": {
        "dmean": 8.55826377869,
        "dmean2": 13.3658714294,
        "dvar": 607.714416504,
        "dvar2": 1259.72473145,
        "max": 443.447174072,
        "mean": 15.7438335419,
        "median": 2.62694787979,
        "min": -1.92383646965,
        "stdev": 46.5663299561,
        "var": 2168.4230957
    },
    "erbbands_skewness": {
        "dmean": 0.863092005253,
        "dmean2": 1.27810561657,
        "dvar": 1.3500841856,
        "dvar2": 2.60043644905,
        "max": 15.2404317856,
        "mean": 1.70034575462,
        "median": 1.10254538059,
        "min": -5.16447544098,
        "stdev": 2.45956730843,
        "var": 6.04947137833
    },
    "erbbands_spread": {
        "dmean": 13.2214136124,
        "dmean2": 20.9531726837,
        "dvar": 359.104766846,
        "dvar2": 871.666564941,
        "max": 183.679763794,
        "mean": 32.0525741577,
        "median": 24.838760376,
        "min": 0.483842492104,
        "stdev": 28.1659431458,
        "var": 793.3203125
    },
    "hfc": {
        "dmean": 8.81443691254,
        "dmean2": 12.6429195404,
        "dvar": 340.948883057,
        "dvar2": 637.529968262,
        "max": 196.871261597,
        "mean": 13.0613946915,
        "median": 4.40621042252,
        "min": 1.18507731141e-16,
        "stdev": 24.026889801,
        "var": 577.291442871
    },
    "loudness_ebu128": {
        "integrated": -9.77408599854,
        "loudness_range": 13.5564489365,
        "momentary": {
            "dmean": 1.50240385532,
            "dmean2": 1.9479624033,
            "dvar": 8.62596035004,
            "dvar2": 14.3501691818,
            "max": -7.20995140076,
            "mean": -14.512670517,
            "median": -10.4320697784,
            "min": -66.8781814575,
            "stdev": 8.81923961639,
            "var": 77.7789840698
        },
        "short_term": {
            "dmean": 0.178561940789,
            "dmean2": 0.173272877932,
            "dvar": 0.0766740292311,
            "dvar2": 0.0981996655464,
            "max": -8.53664970398,
            "mean": -12.5661439896,
            "median": -10.2978372574,
            "min": -27.6783466339,
            "stdev": 5.2686882019,
            "var": 27.7590751648
        }
    },
    "melbands_crest": {
        "dmean": 3.86110448837,
        "dmean2": 6.0341091156,
        "dvar": 17.5746326447,
        "dvar2": 42.209903717,
        "max": 39.4983711243,
        "mean": 19.4970397949,
        "median": 17.8444805145,
        "min": 2.84207439423,
        "stdev": 9.44312095642,
        "var": 89.1725387573
    },
    "melbands_flatness_db": {
        "dmean": 0.0475904718041,
        "dmean2": 0.065186329186,
        "dvar": 0.00482126604766,
        "dvar2": 0.00814655050635,
        "max": 0.983404874802,
        "mean": 0.357773393393,
        "median": 0.327390193939,
        "min": 0.00741977896541,
        "stdev": 0.20663356781,
        "var": 0.042697429657
    },
    "melbands_kurtosis": {
        "dmean": 61.8333930969,
        "dmean2": 103.15422821,
        "dvar": 48126.4804688,
        "dvar2": 127882.210938,
        "max": 2673.55737305,
        "mean": 75.6253967285,
        "median": 11.6945943832,
        "min": -1.88635396957,
        "stdev": 225.942733765,
        "var": 51050.1210938
    },
    "melbands_skewness": {
        "dmean": 1.80308222771,
        "dmean2": 2.8722846508,
        "dvar": 10.7436027527,
        "dvar2": 27.1331996918,
        "max": 40.7532691956,
        "mean": 3.98398423195,
        "median": 2.43376207352,
        "min": -2.24211859703,
        "stdev": 4.54738092422,
        "var": 20.6786727905
    },
    "melbands_spread": {
        "dmean": 6.19092035294,
        "dmean2": 9.28788471222,
        "dvar": 230.877685547,
        "dvar2": 432.060516357,
        "max": 260.322906494,
        "mean": 13.7125043869,
        "median": 7.42316818237,
        "min": 0.0223986450583,
        "stdev": 21.1128292084,
        "var": 445.751586914
    },
    "pitch_salience": {
        "dmean": 0.0952265262604,
        "dmean2": 0.147571206093,
        "dvar": 0.01486346405,
        "dvar2": 0.0342740565538,
        "max": 0.963357746601,
        "mean": 0.469426065683,
        "median": 0.529679119587,
        "min": 0.00446660816669,
        "stdev": 0.237173274159,
        "var": 0.0562511608005
    },
    "silence_rate_20dB": {
        "dmean": 0,
        "dmean2": 0,
        "dvar": 0,
        "dvar2": 0,
        "max": 1,
        "mean": 1,
        "median": 1,
        "min": 1,
        "stdev": 0,
        "var": 0
    },
    "silence_rate_30dB": {
        "dmean": 0.0681114569306,
        "dmean2": 0.136328428984,
        "dvar": 0.0634719952941,
        "dvar2": 0.134783670306,
        "max": 1,
        "mean": 0.879350364208,
        "median": 1,
        "min": 0,
        "stdev": 0.325719982386,
        "var": 0.106093510985
    },
    "silence_rate_60dB": {
        "dmean": 0.0541795678437,
        "dmean2": 0.108443066478,
        "dvar": 0.0512450896204,
        "dvar2": 0.105977393687,
        "max": 1,
        "mean": 0.319412231445,
        "median": 0,
        "min": 0,
        "stdev": 0.466246157885,
        "var": 0.217385485768
    },
    "spectral_centroid": {
        "dmean": 269.81640625,
        "dmean2": 388.287628174,
        "dvar": 333286.75,
        "dvar2": 533622.3125,
        "max": 11192.3671875,
        "mean": 813.959472656,
        "median": 539.348815918,
        "min": 41.5997924805,
        "stdev": 873.478881836,
        "var": 762965.375
    },
    "spectral_complexity": {
        "dmean": 3.23684215546,
        "dmean2": 4.82881498337,
        "dvar": 36.96717453,
        "dvar2": 67.1581344604,
        "max": 59,
        "mean": 7.58159303665,
        "median": 5,
        "min": 0,
        "stdev": 9.39116382599,
        "var": 88.1939620972
    },
    "spectral_decrease": {
        "dmean": 4.5899581913e-09,
        "dmean2": 6.44164721564e-09,
        "dvar": 8.045030921e-17,
        "dvar2": 1.66312828081e-16,
        "max": -5.76685115293e-29,
        "mean": -9.79484582331e-09,
        "median": -3.05592129379e-09,
        "min": -8.07467515074e-08,
        "stdev": 1.50270977883e-08,
        "var": 2.25813663312e-16
    },
    "spectral_energy": {
        "dmean": 0.0178964603692,
        "dmean2": 0.0249857772142,
        "dvar": 0.0011833794415,
        "dvar2": 0.00245354347862,
        "max": 0.306682825089,
        "mean": 0.0381526984274,
        "median": 0.0121865682304,
        "min": 1.09666458545e-20,
        "stdev": 0.0574392341077,
        "var": 0.00329926540144
    },
    "spectral_energyband_high": {
        "dmean": 0.000631783099379,
        "dmean2": 0.000896758458111,
        "dvar": 3.19472655974e-06,
        "dvar2": 5.99626764597e-06,
        "max": 0.0201459564269,
        "mean": 0.00075788225513,
        "median": 2.98057566397e-05,
        "min": 7.99772742282e-21,
        "stdev": 0.00217774393968,
        "var": 4.74256876259e-06
    },
    "spectral_energyband_low": {
        "dmean": 0.0122237494215,
        "dmean2": 0.0166619215161,
        "dvar": 0.00101114856079,
        "dvar2": 0.00202879868448,
        "max": 0.302996069193,
        "mean": 0.0278254337609,
        "median": 0.00244975788519,
        "min": 1.05647237477e-22,
        "stdev": 0.0538174286485,
        "var": 0.00289631565101
    },
    "spectral_energyband_middle_high": {
        "dmean": 0.00112363323569,
        "dmean2": 0.00171877944376,
        "dvar": 5.76467255087e-06,
        "dvar2": 1.12953412099e-05,
        "max": 0.0250483676791,
        "mean": 0.00161074008793,
        "median": 0.000160433803103,
        "min": 1.72267915434e-21,
        "stdev": 0.00348251010291,
        "var": 1.21278771985e-05
    },
    "spectral_energyband_middle_low": {
        "dmean": 0.00929252430797,
        "dmean2": 0.0157922599465,
        "dvar": 0.000491884187795,
        "dvar2": 0.00132383906748,
        "max": 0.178350284696,
        "mean": 0.010133292526,
        "median": 0.00167363567743,
        "min": 2.82323447751e-22,
        "stdev": 0.0208001229912,
        "var": 0.00043264508713
    },
    "spectral_entropy": {
        "dmean": 0.356994748116,
        "dmean2": 0.515921354294,
        "dvar": 0.237856149673,
        "dvar2": 0.438109606504,
        "max": 9.7985868454,
        "mean": 6.80396699905,
        "median": 6.93788099289,
        "min": 3.14410614967,
        "stdev": 1.21229791641,
        "var": 1.46966636181
    },
    "spectral_flux": {
        "dmean": 0.0399916544557,
        "dmean2": 0.0588234364986,
        "dvar": 0.00425731530413,
        "dvar2": 0.00783305987716,
        "max": 0.515467703342,
        "mean": 0.0795418396592,
        "median": 0.0497047826648,
        "min": 1.04721752103e-10,
        "stdev": 0.0945087745786,
        "var": 0.00893190782517
    },
    "spectral_kurtosis": {
        "dmean": 7.05080699921,
        "dmean2": 11.1160945892,
        "dvar": 146.259765625,
        "dvar2": 331.968231201,
        "max": 191.89743042,
        "mean": 15.1444206238,
        "median": 5.42870044708,
        "min": -1.20894551277,
        "stdev": 24.6314659119,
        "var": 606.709106445
    },
    "spectral_rms": {
        "dmean": 0.00122497533448,
        "dmean2": 0.00165978167206,
        "dvar": 3.77050582756e-06,
        "dvar2": 7.51284915168e-06,
        "max": 0.0172974783927,
        "mean": 0.00457703694701,
        "median": 0.00344809144735,
        "min": 3.27095815711e-12,
        "stdev": 0.00403396738693,
        "var": 1.62728938449e-05
    },
    "spectral_rolloff": {
        "dmean": 519.880004883,
        "dmean2": 843.982788086,
        "dvar": 1975825.875,
        "dvar2": 3907199.25,
        "max": 18217.0898438,
        "mean": 1172.5871582,
        "median": 495.263671875,
        "min": 43.06640625,
        "stdev": 1977.49560547,
        "var": 3910489
    },
    "spectral_skewness": {
        "dmean": 0.658518195152,
        "dmean2": 0.994982361794,
        "dvar": 0.684206008911,
        "dvar2": 1.56314945221,
        "max": 11.4350366592,
        "mean": 2.60112833977,
        "median": 2.04852032661,
        "min": -0.176682919264,
        "stdev": 1.80461812019,
        "var": 3.25664663315
    },
    "spectral_spread": {
        "dmean": 1012273.625,
        "dmean2": 1557421.375,
        "dvar": 2.96213649818e+12,
        "dvar2": 6.23283588301e+12,
        "max": 39401664,
        "mean": 4962255,
        "median": 4883617,
        "min": 475099.71875,
        "stdev": 3013970.25,
        "var": 9.08401731174e+12
    },
    "spectral_strongpeak": {
        "dmean": 0.255573183298,
        "dmean2": 0.396494418383,
        "dvar": 0.172589793801,
        "dvar2": 0.417196840048,
        "max": 5.46796751022,
        "mean": 0.501041173935,
        "median": 0.296486496925,
        "min": 0,
        "stdev": 0.542268395424,
        "var": 0.294055014849
    },
    "zerocrossingrate": {
        "dmean": 0.0132720284164,
        "dmean2": 0.0141412457451,
        "dvar": 0.000567197916098,
        "dvar2": 0.00051754177548,
        "max": 0.50048828125,
        "mean": 0.0478515625,
        "median": 0.03076171875,
        "min": 0.00146484375,
        "stdev": 0.0548822320998,
        "var": 0.00301205925643
    },
    "barkbands": {
        "dmean": [0.000550810364075, 0.00912160240114, 0.00438845856115, 0.00349662941881, 0.00251590367407, 0.00278836977668, 0.00071723817382, 0.000549046497326, 0.000478478352306, 0.000290329742711, 0.000234015591559, 0.000255072227446, 0.000184842327144, 0.000148283143062, 7.02087781974e-05, 6.40734433546e-05, 6.69477303745e-05, 5.13400264026e-05, 6.36234399281e-05, 5.84236986469e-05, 7.38017406547e-05, 0.000110554145067, 0.000147037309944, 0.00014511293557, 0.000112061206892, 4.99713278259e-05, 4.53006668977e-06],
        "dmean2": [0.000634311407339, 0.011446883902, 0.00756206410006, 0.00584724079818, 0.00443574599922, 0.00494217779487, 0.00129214581102, 0.000964853330515, 0.000798026216216, 0.000463780976133, 0.000378227268811, 0.000421731296228, 0.000299378094496, 0.000251698686043, 0.000107491643575, 0.000101043275208, 0.000110844637675, 7.95527084847e-05, 9.84943544609e-05, 9.21624887269e-05, 0.000108438915049, 0.000156537484145, 0.000211194725125, 0.000209247969906, 0.00016150160809, 7.4495379522e-05, 7.8456951087e-06],
        "dvar": [2.52772315434e-06, 0.00066124118166, 0.000326754583512, 0.000152326741954, 4.32411070506e-05, 6.92230896675e-05, 4.33150398749e-06, 2.11293126995e-06, 1.04217190255e-06, 4.93577772431e-07, 3.34154378834e-07, 3.49089901874e-07, 1.78364601311e-07, 2.16543924125e-07, 2.87320585102e-08, 3.16490762486e-08, 3.7003804465e-08, 2.16807869435e-08, 3.62852574654e-08, 4.05554310134e-08, 6.28376142231e-08, 1.27871217614e-07, 2.0193037642e-07, 1.48300841829e-07, 1.0447394061e-07, 2.77166911644e-08, 2.0360471642e-10],
        "dvar2": [4.60438650407e-06, 0.00120313407388, 0.000878046965227, 0.000389486725908, 0.000120815559058, 0.000195956847165, 1.22769151858e-05, 5.6457915889e-06, 2.72642068921e-06, 1.12295674626e-06, 7.35034973331e-07, 8.92319178547e-07, 4.15797757114e-07, 5.66584787975e-07, 5.90739297479e-08, 6.90462087505e-08, 8.92938700758e-08, 4.34588258713e-08, 8.0945298464e-08, 9.62752224609e-08, 1.36525258654e-07, 2.51395988471e-07, 3.73128017372e-07, 2.73991560107e-07, 2.00199494316e-07, 5.52599068726e-08, 5.19303100521e-10],
        "max": [0.0255962759256, 0.295112371445, 0.149984270334, 0.145721450448, 0.0547320321202, 0.0877686962485, 0.0169220939279, 0.0165310278535, 0.00998758617789, 0.0105707086623, 0.0130943497643, 0.00522145628929, 0.00589303066954, 0.00808042194694, 0.00181245245039, 0.00185615348164, 0.00148831843399, 0.00141308410093, 0.00172990758438, 0.00209059566259, 0.00300311204046, 0.00528511125594, 0.00623724423349, 0.00441325362772, 0.00451236730441, 0.00222321413457, 0.000156462090672],
        "mean": [0.00156151666306, 0.0204153358936, 0.00372843584046, 0.0034969476983, 0.00263024121523, 0.00236250390299, 0.000584413995966, 0.000463311735075, 0.000505993433762, 0.00034726926242, 0.000287189672235, 0.00026529058232, 0.000215230626054, 0.000153343731654, 9.315587522e-05, 6.87498395564e-05, 6.68789580232e-05, 5.6249606132e-05, 6.20355276624e-05, 5.34480677743e-05, 7.16501381248e-05, 0.000118859810755, 0.000168474623933, 0.000177935799002, 0.000137314767926, 5.6882181525e-05, 4.07927882407e-06],
        "median": [8.04432602308e-07, 0.000296004465781, 0.000328856229316, 0.000102594822238, 0.000393980415538, 0.000188726640772, 0.000102801059256, 3.54856820195e-05, 4.70582781418e-05, 3.05252215185e-05, 2.36756131926e-05, 1.03040565591e-05, 8.5265337475e-06, 8.52064749779e-06, 4.735933544e-06, 3.35279673891e-06, 3.43074771081e-06, 3.35419554176e-06, 2.96627717944e-06, 2.77430604001e-06, 2.03471768145e-06, 2.88791989078e-06, 4.93315064887e-06, 4.87326678922e-06, 2.45088199335e-06, 1.44658520185e-06, 3.35439587218e-08],
        "min": [6.33564232806e-23, 4.65225670144e-23, 1.50534066694e-23, 9.94638112247e-24, 3.02785578243e-23, 4.69882158296e-23, 6.13415084456e-23, 5.87926862391e-23, 5.76105623954e-23, 9.83684052826e-23, 2.11341642525e-22, 1.24595657488e-22, 1.93858705195e-22, 9.28824014904e-23, 8.65546768015e-23, 6.5894731549e-23, 1.22768731362e-22, 1.17025420075e-22, 3.71743646013e-22, 3.53531485663e-22, 5.37415316079e-22, 4.59620352718e-22, 6.89163881469e-22, 1.00866274648e-21, 1.12498956396e-21, 1.84270859461e-21, 2.37012367876e-21],
        "stdev": [0.00355563405901, 0.0456535220146, 0.0149802491069, 0.0120659088716, 0.00581464869902, 0.00686165317893, 0.00164554174989, 0.00133429828566, 0.0011302275816, 0.000923188752495, 0.000816324492916, 0.000658779405057, 0.000542290159501, 0.00046232479508, 0.000231029480346, 0.000194805295905, 0.000190869555809, 0.000166929879924, 0.000199977774173, 0.0001958066714, 0.000267223396804, 0.000409192231018, 0.000538528023753, 0.000491186103318, 0.000408489227993, 0.000191266342881, 1.34246383823e-05],
        "var": [1.26425329654e-05, 0.00208424404263, 0.000224407849601, 0.000145586163853, 3.38101417583e-05, 4.70822851639e-05, 2.70780765277e-06, 1.78035202225e-06, 1.27741429878e-06, 8.5227748059e-07, 6.66385631121e-07, 4.3399032279e-07, 2.94078603247e-07, 2.13744229427e-07, 5.33746202791e-08, 3.79491034153e-08, 3.64311887324e-08, 2.78655836183e-08, 3.99911073146e-08, 3.83402500859e-08, 7.14083441267e-08, 1.67438273024e-07, 2.90012422965e-07, 2.41263762746e-07, 1.66863458162e-07, 3.65828149995e-08, 1.80220907642e-10]
    },
    "erbbands": {
        "dmean": [0.288829445839, 2.08095264435, 4.88830757141, 9.15626430511, 7.68887710571, 7.86277198792, 24.8294525146, 18.5330905914, 11.2671337128, 10.4263916016, 11.6554069519, 11.9041633606, 7.8593287468, 8.820561409, 10.0382404327, 10.0773906708, 8.16374397278, 7.12531137466, 4.47697687149, 4.02513551712, 3.52282524109, 3.80060172081, 2.96628475189, 2.83974671364, 3.08064246178, 2.93504548073, 2.87142634392, 2.89165711403, 3.80551171303, 4.16218137741, 4.3612947464, 3.59034609795, 2.08693170547, 1.46489083767, 0.694503247738, 0.283887475729, 0.0866869688034, 0.015305083245, 0.000443679484306, 2.93600969599e-05],
        "dmean2": [0.349407821894, 2.63594031334, 7.68018960953, 15.2645492554, 13.1843709946, 13.9109735489, 43.9460754395, 33.3996315002, 20.4518375397, 18.5057849884, 20.1162528992, 19.8392772675, 12.4864292145, 14.034781456, 15.6885290146, 16.5740909576, 13.227145195, 11.66822052, 7.24409675598, 6.08523273468, 5.60781049728, 6.24220848083, 4.67678403854, 4.24369430542, 4.95156145096, 4.61484479904, 4.37929487228, 4.19667673111, 5.58669996262, 5.85296678543, 6.30405759811, 5.38342189789, 2.96009325981, 2.07934832573, 1.02159893513, 0.416820704937, 0.133857786655, 0.0247850324959, 0.000723545672372, 4.19367097493e-05],
        "dvar": [0.559284627438, 41.0378456116, 374.943969727, 1043.19104004, 544.072631836, 493.229400635, 5633.0234375, 3099.22387695, 1120.17358398, 795.021789551, 990.268493652, 717.716186523, 330.998474121, 430.963867188, 559.984680176, 559.383850098, 330.517669678, 422.293151855, 149.749969482, 106.227348328, 99.5621795654, 118.800636292, 69.3249206543, 76.6223754883, 90.0930404663, 105.576515198, 101.10635376, 93.2633056641, 169.84815979, 173.786026001, 171.162918091, 103.622558594, 29.6880683899, 16.9211330414, 4.45149612427, 1.03055536747, 0.0807785093784, 0.00192538136616, 1.68278631918e-06, 2.98766900109e-09],
        "dvar2": [1.29229593277, 66.275932312, 949.731811523, 2690.27392578, 1375.71289062, 1409.16943359, 15648.5341797, 8890.76953125, 3189.90161133, 2255.35180664, 2553.36645508, 1893.07751465, 731.182800293, 978.870422363, 1202.07324219, 1387.14990234, 797.152893066, 1079.98388672, 358.436767578, 212.410385132, 224.268417358, 288.762542725, 143.052947998, 159.538757324, 198.706115723, 250.545440674, 226.974365234, 190.721130371, 349.442108154, 316.563568115, 325.463775635, 209.326004028, 53.0282058716, 32.682094574, 8.50914382935, 2.02240037918, 0.164285153151, 0.00454133376479, 4.07875404562e-06, 6.17160278438e-09],
        "max": [9.79845142365, 62.222114563, 183.034683228, 362.301849365, 268.589385986, 177.953582764, 826.878662109, 574.46496582, 271.926635742, 279.226104736, 442.766082764, 259.284057617, 339.324127197, 290.659545898, 561.471435547, 228.797973633, 193.519271851, 342.007202148, 194.19418335, 105.407249451, 100.601371765, 86.012046814, 85.271522522, 109.025527954, 91.7157287598, 99.2615814209, 121.512329102, 98.3916625977, 150.979507446, 240.911361694, 181.942169189, 129.134414673, 60.9670295715, 59.6801528931, 30.3321361542, 16.2103424072, 3.25750803947, 0.621683418751, 0.0167349539697, 0.000556973100174],
        "mean": [0.752575874329, 3.84498929977, 4.97657489777, 9.23736190796, 8.60940170288, 7.7931599617, 20.4032993317, 15.9361038208, 8.98012638092, 9.13124370575, 10.4477338791, 12.5651540756, 10.0982809067, 10.7079486847, 12.1762180328, 11.4353160858, 9.72085475922, 8.16663646698, 5.57391023636, 5.02444314957, 3.71519732475, 3.75044751167, 3.19144511223, 3.05917620659, 3.01440143585, 2.65112113953, 2.74633026123, 2.97752857208, 4.00865221024, 4.71428871155, 4.93952083588, 4.06734132767, 2.69561886787, 1.77166378498, 0.835296392441, 0.313480526209, 0.0948700159788, 0.0169277600944, 0.000487005570903, 5.70694173803e-05],
        "median": [0.0024808566086, 0.0971182659268, 0.437437176704, 0.75550276041, 0.480217754841, 1.44330370426, 1.11493527889, 1.27525269985, 1.7127020359, 1.31490814686, 1.07876038551, 1.1681163311, 0.864201962948, 1.18882906437, 0.906443893909, 0.514181494713, 0.431687176228, 0.447337806225, 0.383424073458, 0.233708873391, 0.194882124662, 0.193386420608, 0.190955147147, 0.172206372023, 0.175216495991, 0.137277454138, 0.0930288657546, 0.0709514468908, 0.0927824825048, 0.12164554745, 0.131606891751, 0.109099179506, 0.0700739175081, 0.0350498519838, 0.0148772504181, 0.00615765573457, 0.00205030757934, 0.000446374295279, 4.94037376484e-05, 2.15487980313e-05],
        "min": [2.70031313627e-21, 5.99061688342e-21, 1.94833911454e-20, 2.15319394753e-20, 4.49273326938e-20, 9.71714204102e-20, 2.41328625393e-19, 5.49130105197e-19, 6.87823375106e-19, 1.01308759407e-18, 1.44124403394e-18, 8.78210211722e-19, 2.12755713235e-18, 4.3810678158e-18, 9.85999703754e-18, 5.60827131822e-18, 7.09663890108e-18, 7.7319103028e-18, 4.33833566535e-18, 4.12300731702e-18, 3.25189845085e-18, 6.55830562253e-18, 7.63639410311e-18, 1.56861071973e-17, 1.75676469602e-17, 1.79920286647e-17, 1.96474817682e-17, 2.10433904109e-17, 1.43355313608e-17, 1.88688566576e-17, 1.8906165812e-17, 1.88644593655e-17, 1.88346940983e-17, 1.06336383849e-17, 9.0350258244e-18, 5.84100023792e-18, 3.24317893322e-18, 1.55090223038e-18, 3.52274457696e-19, 3.34187785249e-20],
        "stdev": [1.53803002834, 10.3405866623, 18.1434497833, 30.8374786377, 23.6497840881, 18.391960144, 62.0644416809, 47.0119438171, 26.2889404297, 23.6959457397, 30.0262889862, 29.4919872284, 26.36120224, 25.4331359863, 32.9686088562, 28.0564994812, 23.0466556549, 22.1337509155, 14.0793886185, 13.3369541168, 10.6165266037, 10.766002655, 9.30259418488, 9.7286157608, 9.81263256073, 9.94243144989, 10.297914505, 10.8571395874, 14.3444757462, 15.7771520615, 15.5492782593, 11.9217414856, 7.2748632431, 5.25213718414, 2.62010383606, 1.16254627705, 0.318396687508, 0.0467500127852, 0.00132391799707, 8.04763258202e-05],
        "var": [2.36553621292, 106.927726746, 329.184753418, 950.950134277, 559.312255859, 338.264190674, 3851.99487305, 2210.12280273, 691.108398438, 561.497802734, 901.57800293, 869.77734375, 694.912963867, 646.844421387, 1086.92907715, 787.167175293, 531.148376465, 489.902893066, 198.229171753, 177.874343872, 112.710639954, 115.906814575, 86.5382614136, 94.6459655762, 96.2877655029, 98.8519363403, 106.047035217, 117.877479553, 205.76399231, 248.918533325, 241.780059814, 142.127914429, 52.9236335754, 27.5849456787, 6.86494445801, 1.3515137434, 0.101376444101, 0.00218556378968, 1.75275897618e-06, 6.47643938478e-09]
    },
    "gfcc": {
        "mean": [-166.135467529, 106.912452698, -82.0816192627, 16.0485477448, -57.0868263245, 9.09571552277, -30.5184707642, 1.26101708412, -20.7889080048, -4.47858524323, -11.4524402618, -2.11207103729, -7.99687719345],
        "cov": [[38900.4453125, -5603.64599609, 260.219787598, 398.200775146, -1910.40869141, 2315.44067383, -3125.23657227, -29.6554737091, -1747.19116211, 350.625305176, -755.340026855, 629.444885254, -1366.80383301], [-5603.64599609, 5809.15966797, 816.798095703, 493.580688477, 1330.85534668, -1227.32592773, 1541.33203125, -225.835723877, 734.567932129, -323.6065979, 320.864227295, -519.542724609, 403.727783203], [260.219787598, 816.798095703, 4020.88037109, 1352.71044922, 1513.86437988, 796.910095215, 581.893066406, 356.002166748, 391.915313721, 345.213897705, 382.366577148, 84.8003463745, -24.6094303131], [398.200775146, 493.580688477, 1352.71044922, 1266.72314453, 788.075683594, 249.437530518, 387.998016357, 73.4366455078, 272.836395264, 76.1875762939, 172.611251831, -55.7284431458, 63.1722793579], [-1910.40869141, 1330.85534668, 1513.86437988, 788.075683594, 1350.93701172, 179.838195801, 751.236877441, 211.749206543, 392.828979492, 74.1411514282, 302.231262207, -83.7734451294, 165.240753174], [2315.44067383, -1227.32592773, 796.910095215, 249.437530518, 179.838195801, 819.317810059, -148.207229614, 240.685897827, -70.4687652588, 166.332992554, 65.7420654297, 153.983459473, -111.387733459], [-3125.23657227, 1541.33203125, 581.893066406, 387.998016357, 751.236877441, -148.207229614, 926.048583984, 79.8018417358, 396.492828369, -12.0225343704, 220.935775757, -140.002243042, 212.613922119], [-29.6554737091, -225.835723877, 356.002166748, 73.4366455078, 211.749206543, 240.685897827, 79.8018417358, 308.302398682, 53.0446739197, 70.7888717651, 101.27015686, 73.0059204102, 23.5855903625], [-1747.19116211, 734.567932129, 391.915313721, 272.836395264, 392.828979492, -70.4687652588, 396.492828369, 53.0446739197, 438.798217773, 61.1079406738, 148.97618103, -46.1666641235, 127.01058197], [350.625305176, -323.6065979, 345.213897705, 76.1875762939, 74.1411514282, 166.332992554, -12.0225343704, 70.7888717651, 61.1079406738, 200.93081665, 62.2825813293, 73.6409301758, -0.7847032547], [-755.340026855, 320.864227295, 382.366577148, 172.611251831, 302.231262207, 65.7420654297, 220.935775757, 101.27015686, 148.97618103, 62.2825813293, 210.381744385, 37.8668479919, 91.2434539795], [629.444885254, -519.542724609, 84.8003463745, -55.7284431458, -83.7734451294, 153.983459473, -140.002243042, 73.0059204102, -46.1666641235, 73.6409301758, 37.8668479919, 167.327194214, 10.2351255417], [-1366.80383301, 403.727783203, -24.6094303131, 63.1722793579, 165.240753174, -111.387733459, 212.613922119, 23.5855903625, 127.01058197, -0.7847032547, 91.2434539795, 10.2351255417, 186.752609253]],
        "icov": [[5.94761913817e-05, -9.71079061856e-05, 6.12857911619e-05, -0.000123593505123, 3.99751879741e-05, -0.000218907240196, 0.000149348765262, 8.36668277771e-06, 0.000107813204522, -0.000132304427098, 9.26863140194e-05, -0.000202995768632, 0.000250045733992], [-9.71079061856e-05, 0.000944621919189, -0.000393759721192, 0.000433945417171, -0.000345517793903, 0.00135504768696, -0.000721566611901, 0.000239469023654, -0.000345835782355, 0.000983283272944, -0.000756365305278, 0.00118794059381, -0.000502555980347], [6.12857911619e-05, -0.000393759721192, 0.000871907745022, -0.000544336391613, -0.000464296987047, -0.00074885279173, 0.000262670480879, -3.95276947529e-05, 0.000155733709107, -0.000933207571507, 0.000193727231817, -0.00104138092138, 0.00112150702626], [-0.000123593505123, 0.000433945417171, -0.000544336391613, 0.00187368504703, -0.000639576290268, 0.000336375465849, -0.000255839258898, 0.000585344154388, -0.000657792144921, 0.000735103385523, -0.000404098886065, 0.00125971913803, -0.000985484453849], [3.99751879741e-05, -0.000345517793903, -0.000464296987047, -0.000639576290268, 0.00292674591765, -0.000729800609406, -0.00074217346264, -0.000739615701605, 9.96824164758e-05, 4.46657941211e-05, -0.000765882839914, 0.000857561826706, -0.000632270646747], [-0.000218907240196, 0.00135504768696, -0.00074885279173, 0.000336375465849, -0.000729800609406, 0.00477324519306, -0.00100517796818, -0.00110803020652, -8.10053752502e-05, 0.000609376933426, -0.00105832831468, 0.000319674087223, 0.000590248266235], [0.000149348765262, -0.000721566611901, 0.000262670480879, -0.000255839258898, -0.00074217346264, -0.00100517796818, 0.00404401309788, -0.000350307760527, -0.000740202667657, -0.000389456341509, -0.000437699985923, 0.00120154302567, -0.00107874302194], [8.36668277771e-06, 0.000239469023654, -3.95276947529e-05, 0.000585344154388, -0.000739615701605, -0.00110803020652, -0.000350307760527, 0.00542027736083, -0.000228610355407, 0.000300581712509, -0.00127529993188, -0.000981101999059, -0.000118258773], [0.000107813204522, -0.000345835782355, 0.000155733709107, -0.000657792144921, 9.96824164758e-05, -8.10053752502e-05, -0.000740202667657, -0.000228610355407, 0.00483825383708, -0.00203268346377, -0.000739393930417, 0.000251032819506, -0.000436751608504], [-0.000132304427098, 0.000983283272944, -0.000933207571507, 0.000735103385523, 4.46657941211e-05, 0.000609376933426, -0.000389456341509, 0.000300581712509, -0.00203268346377, 0.00891327206045, -0.00174735439941, -0.000789393787272, -0.000419405667344], [9.26863140194e-05, -0.000756365305278, 0.000193727231817, -0.000404098886065, -0.000765882839914, -0.00105832831468, -0.000437699985923, -0.00127529993188, -0.000739393930417, -0.00174735439941, 0.0111622102559, -0.00401505501941, -0.00155654689297], [-0.000202995768632, 0.00118794059381, -0.00104138092138, 0.00125971913803, 0.000857561826706, 0.000319674087223, 0.00120154302567, -0.000981101999059, 0.000251032819506, -0.000789393787272, -0.00401505501941, 0.0146024757996, -0.00544197158888], [0.000250045733992, -0.000502555980347, 0.00112150702626, -0.000985484453849, -0.000632270646747, 0.000590248266235, -0.00107874302194, -0.000118258773, -0.000436751608504, -0.000419405667344, -0.00155654689297, -0.00544197158888, 0.0122608700767]]
    },
    "melbands": {
        "dmean": [0.0025293903891, 0.00230840640143, 0.00148796790745, 0.000485815282445, 0.000761734030675, 0.000433128181612, 0.000164412544109, 0.00011434910266, 9.35692514759e-05, 7.09891319275e-05, 3.96803952754e-05, 3.69036351913e-05, 3.44652253261e-05, 3.03977813019e-05, 2.16871540033e-05, 1.60960844369e-05, 1.40038146128e-05, 8.41052315081e-06, 5.7619713516e-06, 4.5500764827e-06, 4.21750883106e-06, 4.08115602113e-06, 3.34596711582e-06, 2.33224841395e-06, 2.35723268815e-06, 2.44716306952e-06, 2.32307411352e-06, 1.74243621132e-06, 1.6214075913e-06, 1.8881133883e-06, 1.63576612522e-06, 2.10822213376e-06, 2.26460292652e-06, 2.38337042902e-06, 2.59269449998e-06, 2.49734898716e-06, 2.04268485504e-06, 1.45848105149e-06, 1.4328755924e-06, 1.21350876725e-06],
        "dmean2": [0.00310079590417, 0.00312836049125, 0.00247258902527, 0.000848066236358, 0.00134754518513, 0.000775318301748, 0.000298443977954, 0.000202248920687, 0.00015966630599, 0.000118649477372, 6.36833719909e-05, 5.95750789216e-05, 5.5339474784e-05, 4.99181296618e-05, 3.53260584234e-05, 2.54914375546e-05, 2.35887710005e-05, 1.38910272653e-05, 9.01074508874e-06, 6.93801030138e-06, 6.81270739733e-06, 6.7344699346e-06, 5.42266343473e-06, 3.62076684723e-06, 3.58310353477e-06, 3.82949428968e-06, 3.7281290588e-06, 2.7231740205e-06, 2.50430139204e-06, 2.86340059574e-06, 2.38060306401e-06, 3.16884484164e-06, 3.23990707329e-06, 3.35960453413e-06, 3.78986669602e-06, 3.81713653042e-06, 3.03828005599e-06, 2.09548670682e-06, 2.01467082661e-06, 1.77285130576e-06],
        "dvar": [4.50745901617e-05, 5.96806276008e-05, 2.50258108281e-05, 1.56404792051e-06, 5.09127221449e-06, 1.65239191574e-06, 2.35349730815e-07, 9.14894968673e-08, 5.56034720489e-08, 2.51897347425e-08, 8.88788509457e-09, 8.03683786188e-09, 7.72301333996e-09, 5.06328801109e-09, 2.51382403782e-09, 1.35302791193e-09, 1.85625637084e-09, 6.1306332233e-10, 2.26180116303e-10, 1.40796721504e-10, 1.47718129395e-10, 1.37253125532e-10, 8.5058078636e-11, 4.82891539255e-11, 5.81869379068e-11, 5.55554283133e-11, 6.08436009908e-11, 3.73517813901e-11, 3.34541526426e-11, 4.30958532749e-11, 3.07455623461e-11, 5.66187166595e-11, 5.76298488097e-11, 5.79362807729e-11, 6.32575589132e-11, 5.84886306054e-11, 3.17103218683e-11, 1.50845464592e-11, 1.49270474453e-11, 1.24519517961e-11],
        "dvar2": [9.18393270695e-05, 0.000125235485029, 6.44852261757e-05, 4.25991811426e-06, 1.4242395082e-05, 4.73039244753e-06, 6.6956226874e-07, 2.59213265963e-07, 1.42500383049e-07, 6.62689956243e-08, 1.98554577224e-08, 1.84940578407e-08, 1.71388112591e-08, 1.2891661072e-08, 6.28247498469e-09, 3.13542036778e-09, 4.89760010325e-09, 1.53262103009e-09, 4.76947314976e-10, 2.79612499821e-10, 3.44028694421e-10, 3.38707312197e-10, 1.93281696204e-10, 9.7630369067e-11, 1.27546154194e-10, 1.2573375674e-10, 1.46341688767e-10, 8.84667616941e-11, 7.60799756527e-11, 9.61085031004e-11, 6.19495427179e-11, 1.18974149976e-10, 1.13438328175e-10, 1.03863424805e-10, 1.21452195523e-10, 1.21324214564e-10, 6.34877081462e-11, 2.81018420339e-11, 2.87413304961e-11, 2.53182249471e-11],
        "max": [0.0878375470638, 0.0791028663516, 0.0528407357633, 0.0102269491181, 0.0236119683832, 0.012240441516, 0.00389782409184, 0.00302129494958, 0.0031191946473, 0.00143514643423, 0.00174980610609, 0.00125330127776, 0.00212167436257, 0.000734349421691, 0.000559586973395, 0.000458393042209, 0.00075516308425, 0.000381950958399, 0.000150950188981, 0.000121646946354, 0.000120065793453, 9.27020300878e-05, 8.02533904789e-05, 7.1963564551e-05, 0.000102092017187, 7.52708656364e-05, 8.05290401331e-05, 5.91625030211e-05, 7.2229981015e-05, 8.1513695477e-05, 5.78426406719e-05, 9.16370481718e-05, 0.00015694128524, 0.000129385400214, 0.000111580862722, 0.00010403363558, 7.2809838457e-05, 3.3949232602e-05, 5.59038562642e-05, 5.0770911912e-05],
        "mean": [0.00616060523316, 0.00343958940357, 0.00153281190433, 0.000552192854229, 0.000629192800261, 0.000369298679288, 0.000131099106511, 9.93603898678e-05, 8.65372348926e-05, 7.49644750613e-05, 4.98191293445e-05, 4.36151931353e-05, 4.15530339524e-05, 3.23535423377e-05, 2.54517944995e-05, 1.8908891434e-05, 1.50842288349e-05, 9.60812303674e-06, 7.51505876906e-06, 5.37450750926e-06, 4.17935734731e-06, 3.96073755837e-06, 3.32544209414e-06, 2.55623581324e-06, 2.46749186772e-06, 2.33487253354e-06, 2.08057463169e-06, 1.58298223596e-06, 1.56130215601e-06, 1.79256676347e-06, 1.70677787992e-06, 2.19108255806e-06, 2.4472046789e-06, 2.69900169769e-06, 2.88705723506e-06, 2.76577407021e-06, 2.30506611842e-06, 1.83421150268e-06, 1.77135177637e-06, 1.40435474805e-06],
        "median": [5.39111933904e-05, 0.000238261563936, 0.000137935843668, 7.74356740294e-05, 5.60034204682e-05, 3.03528286167e-05, 2.46899235208e-05, 1.26259674289e-05, 9.20686034078e-06, 6.48722698315e-06, 3.77715423383e-06, 4.40767917098e-06, 3.15784632221e-06, 1.41301734402e-06, 1.11116605694e-06, 7.07982053427e-07, 8.24557389478e-07, 6.04415163252e-07, 3.05877620121e-07, 2.52878407991e-07, 2.13288430473e-07, 1.95528087943e-07, 1.8132075752e-07, 1.43864824054e-07, 1.22731691476e-07, 1.087327135e-07, 1.14793763828e-07, 7.9353284832e-08, 5.27542809436e-08, 4.81164512678e-08, 3.37128760464e-08, 4.12676790518e-08, 5.50760113072e-08, 6.79668943349e-08, 7.44846673228e-08, 7.41104031476e-08, 5.35318918082e-08, 4.94486691593e-08, 3.83172888974e-08, 2.25731167092e-08],
        "min": [2.19943255618e-23, 8.71537472393e-24, 4.47819769815e-24, 5.19691230282e-24, 8.00595211186e-24, 1.10187783586e-23, 1.09316502493e-23, 1.09894737536e-23, 1.17362654957e-23, 6.17014932868e-24, 1.12174301006e-23, 1.68374582051e-23, 3.16995613719e-23, 2.08216806707e-23, 1.06680429115e-23, 1.89513340629e-23, 1.35820611743e-23, 5.92429491111e-24, 6.943903942e-24, 4.44313440863e-24, 3.6349744158e-24, 5.70307622518e-24, 8.80469744423e-24, 5.67815453146e-24, 1.34329143984e-23, 1.46763548226e-23, 1.35081654179e-23, 1.01715827671e-23, 1.1599594555e-23, 1.15682278676e-23, 1.30371342048e-23, 7.81745458742e-24, 8.07074046915e-24, 1.13149380416e-23, 9.22849482175e-24, 1.33565147975e-23, 1.07939151352e-23, 1.40718743767e-23, 1.05406963067e-23, 8.81130573203e-24],
        "stdev": [0.0128886001185, 0.00973100867122, 0.00478187203407, 0.00121682719328, 0.00185254123062, 0.00107178033795, 0.000380757061066, 0.000257569714449, 0.000230907986406, 0.000175190114533, 0.000134205285576, 0.000107072883111, 0.000122123848996, 8.09975535958e-05, 6.1460013967e-05, 4.61713934783e-05, 4.35989059042e-05, 2.63528982032e-05, 1.98214911507e-05, 1.45224275911e-05, 1.24331809275e-05, 1.14163067337e-05, 9.63727325143e-06, 7.81231938163e-06, 8.18044554762e-06, 7.64695414546e-06, 7.45752822695e-06, 5.95557912675e-06, 5.8527712099e-06, 6.85717532178e-06, 6.2646695369e-06, 8.14096256363e-06, 8.6318123067e-06, 9.16001317819e-06, 9.34822946874e-06, 8.66702521307e-06, 6.64091521685e-06, 4.97453538628e-06, 5.10997006131e-06, 4.31189073424e-06],
        "var": [0.000166116005857, 9.46925283642e-05, 2.28663011512e-05, 1.4806685158e-06, 3.43190890817e-06, 1.14871318146e-06, 1.44975942362e-07, 6.63421602098e-08, 5.33184980611e-08, 3.06915737269e-08, 1.80110575343e-08, 1.14646017124e-08, 1.49142351802e-08, 6.56060317183e-09, 3.77733355705e-09, 2.13179762731e-09, 1.90086457685e-09, 6.9447519957e-10, 3.9289152487e-10, 2.10900907849e-10, 1.5458399838e-10, 1.30332050707e-10, 9.28770324538e-11, 6.1032338905e-11, 6.691969201e-11, 5.84759116129e-11, 5.56147281006e-11, 3.54689229376e-11, 3.42549287546e-11, 4.70208559589e-11, 3.92460820786e-11, 6.62752769331e-11, 7.45081912834e-11, 8.39058406088e-11, 8.7389401271e-11, 7.51173290237e-11, 4.41017534991e-11, 2.47460021224e-11, 2.61117950179e-11, 1.85924036583e-11]
    },
    "melbands128": {
