{
"lowlevel": {
    "average_loudness": 0.966116249561,
    "barkbands_crest": {
        "dmean": 2.74663162231,
        "dmean2": 4.37693691254,
        "dvar": 6.35099124908,
        "dvar2": 14.9724264145,
        "max": 23.9731845856,
        "mean": 10.3230447769,
        "median": 9.57884311676,
        "min": 2.89215564728,
        "stdev": 4.25830125809,
        "var": 18.1331291199
    },
    "barkbands_flatness_db": {
        "dmean": 0.0279973000288,
        "dmean2": 0.0428291745484,
        "dvar": 0.000842741224915,
        "dvar2": 0.00191286625341,
        "max": 0.425624340773,
        "mean": 0.169465050101,
        "median": 0.161017090082,
        "min": 0.0395138189197,
        "stdev": 0.0646224096417,
        "var": 0.00417605554685
    },
    "barkbands_kurtosis": {
        "dmean": 4.31482028961,
        "dmean2": 6.92440223694,
        "dvar": 88.2659835815,
        "dvar2": 215.050888062,
        "max": 153.925674438,
        "mean": 6.88302183151,
        "median": 2.51900148392,
        "min": -1.86842262745,
        "stdev": 12.8670473099,
        "var": 165.560897827
    },
    "barkbands_skewness": {
        "dmean": 0.625702917576,
        "dmean2": 0.95864456892,
        "dvar": 0.483628213406,
        "dvar2": 1.06230902672,
        "max": 10.2167472839,
        "mean": 1.79788851738,
        "median": 1.56976115704,
        "min": -1.84543478489,
        "stdev": 1.35431778431,
        "var": 1.83417654037
    },
    "barkbands_spread": {
        "dmean": 5.03030967712,
        "dmean2": 7.69790840149,
        "dvar": 49.3369598389,
        "dvar2": 96.7554397583,
        "max": 89.5677337646,
        "mean": 16.9491252899,
        "median": 14.8684272766,
        "min": 0.693403840065,
        "stdev": 12.45470047,
        "var": 155.119567871
    },
    "dissonance": {
        "dmean": 0.0243098661304,
        "dmean2": 0.040901016444,
        "dvar": 0.000497705186717,
        "dvar2": 0.00128898466937,
        "max": 0.499908328056,
        "mean": 0.450137764215,
        "median": 0.457959264517,
        "min": 0.278024554253,
        "stdev": 0.0346778668463,
        "var": 0.00120255432557
    },
    "dynamic_complexity": 1.886931777,
    "erbbands_crest": {
        "dmean": 2.7730383873,
        "dmean2": 4.48023366928,
        "dvar": 6.99189519882,
        "dvar2": 17.4607620239,
        "max": 29.1611537933,
        "mean": 9.58292770386,
        "median": 8.66896820068,
        "min": 3.0732190609,
        "stdev": 4.11546945572,
        "var": 16.9370880127
    },
    "erbbands_flatness_db": {
        "dmean": 0.0187044367194,
        "dmean2": 0.0272677931935,
        "dvar": 0.000367135420674,
        "dvar2": 0.00072934984928,
        "max": 0.33791539073,
        "mean": 0.168342813849,
        "median": 0.165160045028,
        "min": 0.053573153913,
        "stdev": 0.0407865829766,
        "var": 0.00166354549583
    },
    "erbbands_kurtosis": {
        "dmean": 1.12778842449,
        "dmean2": 1.79574906826,
        "dvar": 2.35924887657,
        "dvar2": 5.59998178482,
        "max": 17.000535965,
        "mean": 1.03021645546,
        "median": 0.475555181503,
        "min": -1.74728357792,
        "stdev": 2.21232771873,
        "var": 4.89439344406
    },
    "erbbands_skewness": {
        "dmean": 0.376811295748,
        "dmean2": 0.579499959946,
        "dvar": 0.145194888115,
        "dvar2": 0.310012817383,
        "max": 3.4519007206,
        "mean": 0.540891826153,
        "median": 0.502488970757,
        "min": -2.942663908,
        "stdev": 0.7097645998,
        "var": 0.503765821457
    },
    "erbbands_spread": {
        "dmean": 8.23001098633,
        "dmean2": 12.5686998367,
        "dvar": 102.481506348,
        "dvar2": 236.874969482,
        "max": 150.546112061,
        "mean": 33.6024856567,
        "median": 31.1070613861,
        "min": 2.78929281235,
        "stdev": 16.9338531494,
        "var": 286.755401611
    },
    "hfc": {
        "dmean": 8.58466434479,
        "dmean2": 12.31437397,
        "dvar": 170.144607544,
        "dvar2": 376.277099609,
        "max": 149.854217529,
        "mean": 26.2750720978,
        "median": 20.0546245575,
        "min": 1.20178794797e-16,
        "stdev": 24.0076885223,
        "var": 576.369140625
    },
    "loudness_ebu128": {
        "integrated": -10.2278270721,
        "loudness_range": 2.01623058319,
        "momentary": {
            "dmean": 0.577085494995,
            "dmean2": 0.740176618099,
            "dvar": 0.21294490993,
            "dvar2": 0.36851978302,
            "max": -7.25247192383,
            "mean": -10.4172592163,
            "median": -10.1482963562,
            "min": -14.3028736115,
            "stdev": 1.31799447536,
            "var": 1.73710942268
        },
        "short_term": {
            "dmean": 0.0673622265458,
            "dmean2": 0.0678692609072,
            "dvar": 0.00316198100336,
            "dvar2": 0.00312363961712,
            "max": -9.19291496277,
            "mean": -10.2486190796,
            "median": -10.1057167053,
            "min": -11.9670820236,
            "stdev": 0.723554491997,
            "var": 0.523531138897
        }
    },
    "melbands_crest": {
        "dmean": 3.37470555305,
        "dmean2": 5.41296815872,
        "dvar": 9.7756319046,
        "dvar2": 23.8784313202,
        "max": 30.1647701263,
        "mean": 14.0535049438,
        "median": 13.3113832474,
        "min": 1.88467109203,
        "stdev": 5.1274895668,
        "var": 26.2911491394
    },
    "melbands_flatness_db": {
        "dmean": 0.0331503711641,
        "dmean2": 0.0490595698357,
        "dvar": 0.00130640727002,
        "dvar2": 0.00275712343864,
        "max": 0.552826106548,
        "mean": 0.234802275896,
        "median": 0.220822528005,
        "min": 0.00468227872625,
        "stdev": 0.0915367975831,
        "var": 0.00837898533791
    },
    "melbands_kurtosis": {
        "dmean": 8.42496681213,
        "dmean2": 13.2526054382,
        "dvar": 303.271850586,
        "dvar2": 720.993469238,
        "max": 351.917175293,
        "mean": 14.6537790298,
        "median": 7.45798778534,
        "min": -1.5723105669,
        "stdev": 22.8214149475,
        "var": 520.817016602
    },
    "melbands_skewness": {
        "dmean": 0.774532914162,
        "dmean2": 1.20633924007,
        "dvar": 0.714332461357,
        "dvar2": 1.577429533,
        "max": 12.8236293793,
        "mean": 2.60243606567,
        "median": 2.34557366371,
        "min": -0.69652479887,
        "stdev": 1.57084012032,
        "var": 2.4675385952
    },
    "melbands_spread": {
        "dmean": 6.30089235306,
        "dmean2": 9.10222148895,
        "dvar": 93.3868942261,
        "dvar2": 157.354003906,
        "max": 169.074417114,
        "mean": 19.5934638977,
        "median": 16.0938148499,
        "min": 0.588413119316,
        "stdev": 20.1693000793,
        "var": 406.80065918
    },
    "pitch_salience": {
        "dmean": 0.0783666968346,
        "dmean2": 0.127739146352,
        "dvar": 0.00602262886241,
        "dvar2": 0.0151947811246,
        "max": 0.822110652924,
        "mean": 0.523793399334,
        "median": 0.529287934303,
        "min": 0.125330731273,
        "stdev": 0.120749220252,
        "var": 0.0145803736523
    },
    "silence_rate_20dB": {
        "dmean": 0,
        "dmean2": 0,
        "dvar": 0,
        "dvar2": 0,
        "max": 1,
        "mean": 1,
        "median": 1,
        "min": 1,
        "stdev": 0,
        "var": 0
    },
    "silence_rate_30dB": {
        "dmean": 0.0386996902525,
        "dmean2": 0.0774593353271,
        "dvar": 0.0372025445104,
        "dvar2": 0.0792039856315,
        "max": 1,
        "mean": 0.947409152985,
        "median": 1,
        "min": 0,
        "stdev": 0.223214998841,
        "var": 0.0498249381781
    },
    "silence_rate_60dB": {
        "dmean": 0.00541795650497,
        "dmean2": 0.0100697129965,
        "dvar": 0.00538864871487,
        "dvar2": 0.0115175070241,
        "max": 1,
        "mean": 0.00618716143072,
        "median": 0,
        "min": 0,
        "stdev": 0.0784146115184,
        "var": 0.00614885101095
    },
    "spectral_centroid": {
        "dmean": 241.835235596,
        "dmean2": 356.682647705,
        "dvar": 159719.078125,
        "dvar2": 237937.109375,
        "max": 11007.09375,
        "mean": 1045.57434082,
        "median": 937.136169434,
        "min": 152.343582153,
        "stdev": 709.180541992,
        "var": 502937
    },
    "spectral_complexity": {
        "dmean": 4.0208978653,
        "dmean2": 6.31138658524,
        "dvar": 23.0622005463,
        "dvar2": 52.4019851685,
        "max": 53,
        "mean": 18.6736278534,
        "median": 16,
        "min": 0,
        "stdev": 9.37803649902,
        "var": 87.9475708008
    },
    "spectral_decrease": {
        "dmean": 3.72630593048e-09,
        "dmean2": 5.48498801933e-09,
        "dvar": 2.67931476642e-17,
        "dvar2": 5.56160906725e-17,
        "max": -5.62451229113e-29,
        "mean": -1.08973647883e-08,
        "median": -9.22245124713e-09,
        "min": -5.82437600372e-08,
        "stdev": 8.11010636426e-09,
        "var": 6.577382889e-17
    },
    "spectral_energy": {
        "dmean": 0.0144840469584,
        "dmean2": 0.0212628021836,
        "dvar": 0.000384667946491,
        "dvar2": 0.000795020721853,
        "max": 0.222242742777,
        "mean": 0.0435124337673,
        "median": 0.0370786488056,
        "min": 1.11128629525e-20,
        "stdev": 0.0310021135956,
        "var": 0.000961131008808
    },
    "spectral_energyband_high": {
        "dmean": 0.00065089634154,
        "dmean2": 0.000936753698625,
        "dvar": 2.27976079259e-06,
        "dvar2": 4.42225928055e-06,
        "max": 0.0188323613256,
        "mean": 0.00126086140517,
        "median": 0.000310247618472,
        "min": 8.05244897463e-21,
        "stdev": 0.00265269051306,
        "var": 7.03676732883e-06
    },
    "spectral_energyband_low": {
        "dmean": 0.0110179353505,
        "dmean2": 0.0171313509345,
        "dvar": 0.000425560661824,
        "dvar2": 0.000957571261097,
        "max": 0.200374647975,
        "mean": 0.0202825907618,
        "median": 0.0118699753657,
        "min": 6.25622738519e-23,
        "stdev": 0.028554616496,
        "var": 0.00081536610378
    },
    "spectral_energyband_middle_high": {
        "dmean": 0.0028790240176,
        "dmean2": 0.00432268343866,
        "dvar": 1.42079670695e-05,
        "dvar2": 3.10009381792e-05,
        "max": 0.0488220900297,
        "mean": 0.00749045237899,
        "median": 0.00556438416243,
        "min": 1.75170560058e-21,
        "stdev": 0.00714394357055,
        "var": 5.10359313921e-05
    },
    "spectral_energyband_middle_low": {
        "dmean": 0.00694063259289,
        "dmean2": 0.0110625103116,
        "dvar": 8.40078064357e-05,
        "dvar2": 0.000206548284041,
        "max": 0.0826168879867,
        "mean": 0.0172923542559,
        "median": 0.0150442915037,
        "min": 3.04102243892e-22,
        "stdev": 0.0117986388505,
        "var": 0.000139207870234
    },
    "spectral_entropy": {
        "dmean": 0.202153921127,
        "dmean2": 0.303095012903,
        "dvar": 0.0610634312034,
        "dvar2": 0.129661813378,
        "max": 9.80006408691,
        "mean": 7.35593080521,
        "median": 7.43960189819,
        "min": 5.67761850357,
        "stdev": 0.565070152283,
        "var": 0.319304257631
    },
    "spectral_flux": {
        "dmean": 0.033724412322,
        "dmean2": 0.0509221591055,
        "dvar": 0.00147237000056,
        "dvar2": 0.00301227299497,
        "max": 0.39826977253,
        "mean": 0.101479440928,
        "median": 0.0895084515214,
        "min": 1.05417563567e-10,
        "stdev": 0.059498179704,
        "var": 0.00354003324173
    },
    "spectral_kurtosis": {
        "dmean": 2.00479221344,
        "dmean2": 3.19277834892,
        "dvar": 7.78693914413,
        "dvar2": 18.7944355011,
        "max": 37.8908424377,
        "mean": 5.84352445602,
        "median": 4.3659787178,
        "min": -1.22336244583,
        "stdev": 5.00356626511,
        "var": 25.0356731415
    },
    "spectral_rms": {
        "dmean": 0.0010217607487,
        "dmean2": 0.00146846962161,
        "dvar": 1.31367926315e-06,
        "dvar2": 2.40088047576e-06,
        "max": 0.0147248832509,
        "mean": 0.00614020740613,
        "median": 0.00601450679824,
        "min": 3.29269142334e-12,
        "stdev": 0.00217921147123,
        "var": 4.7489629651e-06
    },
    "spectral_rolloff": {
        "dmean": 422.046539307,
        "dmean2": 678.087890625,
        "dvar": 934940.8125,
        "dvar2": 1573670,
        "max": 18497.0214844,
        "mean": 1241.33056641,
        "median": 947.4609375,
        "min": 86.1328125,
        "stdev": 1572.33276367,
        "var": 2472230.5
    },
    "spectral_skewness": {
        "dmean": 0.275813162327,
        "dmean2": 0.415370047092,
        "dvar": 0.0942110195756,
        "dvar2": 0.208454743028,
        "max": 4.74746608734,
        "mean": 1.80935955048,
        "median": 1.6650826931,
        "min": 0.00636508082971,
        "stdev": 0.710297167301,
        "var": 0.504522025585
    },
    "spectral_spread": {
        "dmean": 612093.75,
        "dmean2": 853728.75,
        "dvar": 1.57194597171e+12,
        "dvar2": 2.02697906586e+12,
        "max": 40973296,
        "mean": 4583935,
        "median": 4319626,
        "min": 1504960.5,
        "stdev": 1823757.25,
        "var": 3.32609067418e+12
    },
    "spectral_strongpeak": {
        "dmean": 0.495960116386,
        "dmean2": 0.849134683609,
        "dvar": 0.670930743217,
        "dvar2": 1.59261894226,
        "max": 10.6561536789,
        "mean": 0.955561220646,
        "median": 0.616400957108,
        "min": 0,
        "stdev": 1.0581394434,
        "var": 1.11965918541
    },
    "zerocrossingrate": {
        "dmean": 0.0104840639979,
        "dmean2": 0.0116083100438,
        "dvar": 0.000345900567481,
        "dvar2": 0.000347361667082,
        "max": 0.48583984375,
        "mean": 0.0510591901839,
        "median": 0.0419921875,
        "min": 0.00439453125,
        "stdev": 0.0436319038272,
        "var": 0.00190374290105
    },
    "barkbands": {
        "dmean": [5.80039013585e-05, 0.00721146445721, 0.00436911778525, 0.00336824520491, 0.00308857113123, 0.00126966112293, 0.000847398885526, 0.00113376125228, 0.000589635630604, 0.0012937807478, 0.00079568271758, 0.000520481960848, 0.0008334267186, 0.000411415123381, 0.000273437413853, 0.000179308932275, 0.000146966747707, 0.000113137422886, 0.000181243260158, 0.000102627687738, 0.000159642469953, 0.00016273635265, 0.000124058802612, 0.000121360157209, 7.96685053501e-05, 5.15147839906e-05, 3.97465601054e-06],
        "dmean2": [7.54573848099e-05, 0.0114566842094, 0.00705996248871, 0.00575608480722, 0.00504129612818, 0.00203994684853, 0.00135768356267, 0.00179781124461, 0.000962218793575, 0.00204443908297, 0.00125590804964, 0.000809600169305, 0.00126778846607, 0.000653709052131, 0.000465288729174, 0.000294488476356, 0.000245770672336, 0.000180732808076, 0.000278400053503, 0.000173617896507, 0.000257885403698, 0.000246968731517, 0.000166356898262, 0.000184360134881, 0.000121539975225, 7.76399683673e-05, 6.42873919787e-06],
        "dvar": [3.16595212269e-08, 0.000267890834948, 0.000110803397547, 3.94211929233e-05, 2.43138365477e-05, 4.1254579628e-06, 2.86513090941e-06, 4.6735599426e-06, 8.72628788784e-07, 4.39964514953e-06, 2.00309887077e-06, 1.08731308046e-06, 3.24797633766e-06, 5.96543884512e-07, 2.59515587686e-07, 1.49776340663e-07, 9.03766803617e-08, 7.18202812777e-08, 8.7032248075e-08, 4.40344614105e-08, 1.28729908511e-07, 2.14203410565e-07, 1.52777886342e-07, 2.80129768271e-07, 5.08461326376e-08, 2.47900917572e-08, 2.18913109862e-10],
        "dvar2": [5.85913184636e-08, 0.00065363291651, 0.00026847133995, 0.000107307314465, 6.44288229523e-05, 9.52662230702e-06, 7.11036591383e-06, 1.17302088256e-05, 2.18847412725e-06, 1.10857590698e-05, 5.00188343722e-06, 2.43488852902e-06, 5.51702078155e-06, 1.30187424929e-06, 7.07059484739e-07, 3.80885410323e-07, 2.36628480366e-07, 1.81445784619e-07, 1.93039682017e-07, 1.1388998189e-07, 3.01366071653e-07, 4.54575285858e-07, 2.44844812869e-07, 5.6135087334e-07, 1.07749144718e-07, 6.12147417201e-08, 5.27557109109e-10],
        "max": [0.0022017119918, 0.146236419678, 0.0969888418913, 0.0506451278925, 0.0529880300164, 0.0243668928742, 0.0303471535444, 0.0280995517969, 0.00959594734013, 0.0225203018636, 0.019841413945, 0.0185324344784, 0.040293071419, 0.00943980552256, 0.00542788347229, 0.0047140493989, 0.00315416837111, 0.00491449655965, 0.00352114113048, 0.00448872940615, 0.00763506256044, 0.00734013272449, 0.0100916130468, 0.00874495599419, 0.00395625410601, 0.00157058599871, 0.000160467374371],
        "mean": [7.45219149394e-05, 0.0114792380482, 0.00621136650443, 0.00445911195129, 0.00549109047279, 0.00239563919604, 0.001362214447, 0.00201151752844, 0.000976728857495, 0.00203648675233, 0.00132843328174, 0.00102683377918, 0.00129755190574, 0.000652123009786, 0.000386579049518, 0.000246571173193, 0.000215483218199, 0.000179911410669, 0.000350250164047, 0.000179412250873, 0.000280705309706, 0.000265125272563, 0.000213609309867, 0.000201752845896, 0.000122497571283, 6.38312922092e-05, 3.82886719308e-06],
        "median": [2.93288439934e-06, 0.00305631104857, 0.00209902785718, 0.00252808933146, 0.00311282323673, 0.00147856608965, 0.000764246797189, 0.000777509296313, 0.00045058701653, 0.000839434855152, 0.00055227347184, 0.000362828548532, 0.000435277936049, 0.000193113199202, 0.000155723479111, 9.22653489397e-05, 7.04433186911e-05, 5.45007096662e-05, 0.00012847429025, 6.55030307826e-05, 9.91137640085e-05, 5.03969313286e-05, 2.56544972217e-05, 2.40116060013e-05, 2.91203468805e-05, 8.22617676022e-06, 1.16780007886e-07],
        "min": [1.79170806182e-23, 3.56697279139e-23, 6.57807285264e-24, 4.47010635184e-24, 3.20520370461e-23, 5.44929904088e-23, 6.57773048701e-23, 3.29447530672e-23, 1.07719297396e-22, 5.6736637041e-23, 6.08331033694e-23, 1.37171337251e-22, 9.39996935895e-23, 8.92632780512e-23, 1.35825616277e-22, 9.05336091659e-23, 1.99874230292e-22, 2.33510804907e-22, 4.42963346445e-22, 3.31372319726e-22, 4.88020758945e-22, 4.67332812285e-22, 8.29937410049e-22, 8.29663467055e-22, 1.29490651738e-21, 2.03350620395e-21, 2.13534150776e-21],
        "stdev": [0.000234123202972, 0.0207043606788, 0.0117323901504, 0.00646158773452, 0.00632223160937, 0.0028383245226, 0.00198073498905, 0.00297776376829, 0.00129290588666, 0.00293719163164, 0.00211150688119, 0.00184958195314, 0.00263993814588, 0.00116631726269, 0.000631239206996, 0.000441325420979, 0.000375594507204, 0.000340351311024, 0.000511751743034, 0.000297490798403, 0.000507054268382, 0.000623073894531, 0.000756126246415, 0.000836358522065, 0.000328688707668, 0.00017376652977, 1.47525961438e-05],
        "var": [5.48136718237e-08, 0.000428670522524, 0.000137648981763, 4.17521187046e-05, 3.99706113967e-05, 8.05608578958e-06, 3.92331139665e-06, 8.86707766767e-06, 1.67160567344e-06, 8.62709475768e-06, 4.4584612624e-06, 3.42095336237e-06, 6.96927327226e-06, 1.36029598252e-06, 3.98462958628e-07, 1.94768119854e-07, 1.41071225812e-07, 1.15839007719e-07, 2.61889823605e-07, 8.85007835905e-08, 2.57104005641e-07, 3.88221053527e-07, 5.71726900489e-07, 6.99495615208e-07, 1.08036267932e-07, 3.01948084314e-08, 2.17639101185e-10]
    },
    "erbbands": {
        "dmean": [0.143585726619, 1.89134323597, 5.01154518127, 8.51413726807, 10.4138832092, 10.3567523956, 9.83261871338, 10.1846790314, 11.4220323563, 16.9071598053, 22.5814704895, 13.7587556839, 26.6577644348, 36.2837638855, 34.2446670532, 24.6383571625, 38.8497467041, 25.2455368042, 14.8632392883, 10.0827093124, 8.65894031525, 7.45522928238, 5.11783790588, 10.2094736099, 6.51283502579, 4.97602796555, 5.74746322632, 7.00314807892, 5.88323307037, 4.88023662567, 3.46355772018, 2.68558883667, 2.07518362999, 0.905237317085, 0.637885272503, 0.260092526674, 0.0854850187898, 0.0150474496186, 0.000424501369707, 2.54302412941e-05],
        "dmean2": [0.197569489479, 3.04395151138, 7.85519170761, 14.5318069458, 17.3085803986, 16.8085632324, 15.8727912903, 16.3674526215, 18.3220252991, 27.4154262543, 36.2483673096, 21.9801177979, 41.6776885986, 58.496509552, 54.0974464417, 37.8874130249, 58.6810264587, 39.6618423462, 24.3341808319, 16.3263607025, 14.5785017014, 12.3088626862, 8.22718524933, 16.0411930084, 9.85778236389, 8.37616920471, 9.42379379272, 11.1371803284, 8.97167778015, 7.34379243851, 4.39757633209, 3.91286873817, 3.20861673355, 1.35895144939, 0.98148560524, 0.388747364283, 0.132754072547, 0.0239347722381, 0.000680731143802, 3.73527582269e-05],
        "dvar": [0.131798267365, 18.9678783417, 153.298660278, 270.38482666, 347.452850342, 287.816009521, 185.47857666, 347.097198486, 547.750061035, 1204.46362305, 2958.22924805, 436.365722656, 2568.55419922, 4695.42431641, 4113.80664062, 2545.59448242, 7420.22607422, 2245.97998047, 623.79888916, 342.207000732, 379.504608154, 264.089111328, 141.821426392, 326.934356689, 105.916603088, 119.805473328, 131.960617065, 298.338104248, 263.94921875, 244.506851196, 136.256973267, 114.344512939, 98.5142364502, 9.19943523407, 2.95473885536, 0.524904251099, 0.077564522624, 0.00288991583511, 2.55039071817e-06, 2.01434202651e-09],
        "dvar2": [0.245874881744, 47.7047920227, 358.432434082, 738.422363281, 917.775085449, 761.506164551, 465.146636963, 813.344299316, 1345.52648926, 2928.47216797, 7664.04736328, 1075.93261719, 6107.51953125, 12361.8710938, 10197.9482422, 5715.43652344, 12338.9912109, 5019.12744141, 1679.66772461, 831.434082031, 1024.85559082, 690.008850098, 348.352264404, 758.9296875, 239.213867188, 304.254333496, 321.183105469, 685.596923828, 555.121948242, 549.297607422, 203.596588135, 247.62286377, 198.520095825, 19.7198448181, 6.70833015442, 1.22580504417, 0.198238626122, 0.0071469778195, 6.20116270511e-06, 4.54907755909e-09],
        "max": [3.80536365509, 39.118270874, 118.331695557, 138.924911499, 189.45401001, 166.567108154, 158.937408447, 214.684463501, 364.488433838, 603.315002441, 835.803161621, 187.62651062, 809.341796875, 778.829956055, 960.430603027, 939.340087891, 1991.94030762, 686.369018555, 230.312820435, 213.297042847, 241.947067261, 149.370193481, 210.705108643, 214.019744873, 126.574943542, 247.977813721, 193.740707397, 391.560089111, 264.13269043, 236.19342041, 374.379333496, 217.040969849, 193.25769043, 64.2639770508, 22.0856761932, 6.97827720642, 2.90771842003, 0.592055439949, 0.0185052417219, 0.000520791043527],
        "mean": [0.219046607614, 2.93841433525, 7.59889507294, 11.9098014832, 15.854801178, 19.116268158, 19.7903957367, 17.8447303772, 19.1505966187, 28.7452545166, 41.7330322266, 25.8333702087, 43.0726852417, 58.5154075623, 62.4326591492, 55.1672096252, 64.0127487183, 41.0207366943, 23.3693351746, 15.349521637, 12.0015869141, 10.8037948608, 8.81542778015, 18.7432003021, 12.8231868744, 8.92027378082, 10.4391527176, 11.7278175354, 9.72364044189, 7.31594848633, 6.03942775726, 4.44508123398, 3.14866948128, 1.34397482872, 0.952328562737, 0.353466451168, 0.0986218601465, 0.0167065765709, 0.000477899389807, 6.50820365991e-05],
        "median": [0.0474297963083, 0.94183576107, 2.74572849274, 7.02070999146, 9.6746969223, 8.96835327148, 13.0776472092, 9.53904533386, 9.86117172241, 15.4126377106, 16.9774456024, 13.2202997208, 16.5882873535, 24.0626926422, 28.8788261414, 24.3081569672, 25.566368103, 12.7901515961, 11.0179843903, 6.52025794983, 4.77802848816, 3.60214281082, 3.01957583427, 6.73757553101, 4.70873260498, 3.28566718102, 4.11864328384, 3.35559749603, 2.11936950684, 1.02917695045, 0.737038195133, 0.672216236591, 0.279274702072, 0.236160889268, 0.244202256203, 0.0595422871411, 0.0114446496591, 0.00123366329353, 5.8931291278e-05, 5.07361037307e-05],
        "min": [1.24275395106e-21, 6.62823904196e-21, 1.17563149572e-20, 1.28268175324e-20, 1.43803798529e-20, 9.28536539349e-20, 3.87836348097e-19, 4.78715476674e-19, 9.87597506504e-19, 9.20361164389e-19, 8.22395062517e-19, 2.26821195768e-18, 1.70023966041e-18, 1.95227197708e-18, 3.56790419231e-18, 5.77654301587e-18, 5.62762031352e-18, 3.61583186419e-18, 4.70970584598e-18, 7.60044152496e-18, 6.9663496828e-18, 1.24796011097e-17, 1.09382890045e-17, 2.27608638624e-17, 1.99689125737e-17, 1.51662192192e-17, 2.0054204821e-17, 1.86074576579e-17, 1.58451194351e-17, 2.15041862604e-17, 2.24188544576e-17, 1.55844632436e-17, 1.69542875729e-17, 1.46580838232e-17, 9.06126233907e-18, 6.64400897862e-18, 4.42606354599e-18, 1.34585056717e-18, 2.75831259321e-19, 3.25912134026e-20],
        "stdev": [0.486676156521, 5.28677034378, 14.349568367, 16.7162189484, 20.3536472321, 24.8501644135, 20.4114208221, 23.8803367615, 28.6569137573, 41.7276611328, 73.2636032104, 31.6157970428, 69.9643478394, 94.3045883179, 99.1474533081, 89.7898864746, 126.325775146, 69.8840637207, 32.5812530518, 23.3574314117, 20.1914520264, 19.2512111664, 15.2685670853, 28.9351978302, 18.4612216949, 15.20353508, 16.4447345734, 24.1409416199, 21.9613933563, 21.628528595, 23.0249214172, 17.0885124207, 14.8642587662, 4.45442390442, 2.27094960213, 0.904378771782, 0.283528149128, 0.0540254414082, 0.00158912234474, 5.88632938161e-05],
        "var": [0.236853674054, 27.9499416351, 205.910110474, 279.431976318, 414.270965576, 617.530700684, 416.626068115, 570.270507812, 821.218688965, 1741.19763184, 5367.55517578, 999.55859375, 4895.00976562, 8893.35546875, 9830.21777344, 8062.22363281, 15958.2011719, 4883.78271484, 1061.53808594, 545.569580078, 407.694702148, 370.609100342, 233.129150391, 837.245666504, 340.816680908, 231.147476196, 270.429321289, 582.785095215, 482.30279541, 467.793273926, 530.146972656, 292.017272949, 220.94619751, 19.8418941498, 5.15721225739, 0.817900955677, 0.0803882181644, 0.00291874841787, 2.52530981015e-06, 3.46488748804e-09]
    },
    "gfcc": {
        "mean": [11.4650154114, 102.452270508, -110.463386536, 20.362487793, -63.4946708679, 16.5910072327, -34.1926040649, 1.23170995712, -36.0449523926, 4.57032060623, -17.9532279968, -2.02035808563, -12.3297491074],
        "cov": [[4988.1484375, -1450.07971191, -356.229431152, 158.410247803, -315.738769531, 365.410552979, 27.5066757202, 294.346710205, -169.242599487, 115.673606873, -269.685211182, 95.8297729492, -281.641448975], [-1450.07971191, 1827.28442383, 473.30267334, 81.1302032471, 610.440246582, 54.2578735352, 277.550994873, 0.704889595509, 190.471420288, -12.0153865814, 187.118148804, -121.781265259, 170.636383057], [-356.229431152, 473.30267334, 1195.20446777, 389.575195312, 434.776306152, 216.151870728, 92.0429916382, 53.996963501, 127.524093628, 36.3702583313, 15.6041669846, 19.4100399017, 25.3863716125], [158.410247803, 81.1302032471, 389.575195312, 441.385253906, 168.231048584, 121.494186401, 127.316421509, 51.9076766968, 105.541191101, 25.147480011, 10.5007095337, 11.4013433456, 6.32720565796], [-315.738769531, 610.440246582, 434.776306152, 168.231048584, 472.673217773, 96.7519836426, 110.385871887, 84.0697631836, 123.261985779, 46.6335792542, 46.4824829102, -17.2012138367, 51.0569915771], [365.410552979, 54.2578735352, 216.151870728, 121.494186401, 96.7519836426, 306.720031738, 189.067504883, 86.3899841309, 74.8343200684, 38.9092330933, 32.1163787842, 27.5356636047, 3.13613295555], [27.5066757202, 277.550994873, 92.0429916382, 127.316421509, 110.385871887, 189.067504883, 348.782043457, 82.6303787231, 79.5141830444, 43.0728111267, 48.026309967, 9.3835477829, 21.2270107269], [294.346710205, 0.704889595509, 53.996963501, 51.9076766968, 84.0697631836, 86.3899841309, 82.6303787231, 159.133621216, 52.5173301697, 34.7790031433, 22.4511833191, 12.3301124573, -0.221730753779], [-169.242599487, 190.471420288, 127.524093628, 105.541191101, 123.261985779, 74.8343200684, 79.5141830444, 52.5173301697, 153.23765564, 26.1028175354, 48.3986358643, 11.7288665771, 37.5400276184], [115.673606873, -12.0153865814, 36.3702583313, 25.147480011, 46.6335792542, 38.9092330933, 43.0728111267, 34.7790031433, 26.1028175354, 115.88155365, 19.2052135468, 7.41576337814, 8.98923969269], [-269.685211182, 187.118148804, 15.6041669846, 10.5007095337, 46.4824829102, 32.1163787842, 48.026309967, 22.4511833191, 48.3986358643, 19.2052135468, 129.360092163, 14.6460351944, 29.4341583252], [95.8297729492, -121.781265259, 19.4100399017, 11.4013433456, -17.2012138367, 27.5356636047, 9.3835477829, 12.3301124573, 11.7288665771, 7.41576337814, 14.6460351944, 91.8963394165, 14.565331459], [-281.641448975, 170.636383057, 25.3863716125, 6.32720565796, 51.0569915771, 3.13613295555, 21.2270107269, -0.221730753779, 37.5400276184, 8.98923969269, 29.4341583252, 14.565331459, 102.747215271]],
        "icov": [[0.000496325199492, -8.27160838526e-05, 0.000364755745977, -0.000486058474053, 0.000177820315002, -0.000889177783392, 0.000501784554217, -0.000942946062423, 0.000643500301521, -0.000528213276993, 0.000989108462818, -0.000606250774581, 0.000884429959115], [-8.27160838526e-05, 0.00254153902642, -0.000512894999702, 0.00123378029093, -0.00273042917252, 0.00117127294652, -0.00218261568807, 0.00181529228576, -0.000735085457563, 0.00176511658356, -0.00254626944661, 0.00323849497363, -0.00223644403741], [0.000364755745977, -0.000512894999702, 0.00214672088623, -0.00165081000887, -0.000846020062454, -0.00188291119412, 0.00145308545325, -0.0003791822528, 0.000874864985235, -0.000601723208092, 0.00133948319126, -0.00146014068741, 0.00115599692799], [-0.000486058474053, 0.00123378029093, -0.00165081000887, 0.00479276943952, -0.00123469007667, 0.00152344384696, -0.00240636966191, 0.0016189039452, -0.00267165992409, 0.00129791803192, -0.00144612719305, 0.00189254374709, -0.00119235401507], [0.000177820315002, -0.00273042917252, -0.000846020062454, -0.00123469007667, 0.0072700609453, -0.00070434587542, 0.00181685038842, -0.00346659799106, -0.00067324237898, -0.00250160461292, 0.00255071069114, -0.00195218448061, 0.00134393351618], [-0.000889177783392, 0.00117127294652, -0.00188291119412, 0.00152344384696, -0.00070434587542, 0.00821063388139, -0.00452026491985, 0.000828022079077, -0.00234009791166, 0.00125683716033, -0.00278958375566, 0.00134553282987, -0.00162264495157], [0.000501784554217, -0.00218261568807, 0.00145308545325, -0.00240636966191, 0.00181685038842, -0.00452026491985, 0.00729806302115, -0.00286218686961, 0.00103382684756, -0.00232430291362, 0.00227570929565, -0.0027259667404, 0.00207072636113], [-0.000942946062423, 0.00181529228576, -0.0003791822528, 0.0016189039452, -0.00346659799106, 0.000828022079077, -0.00286218686961, 0.0116266682744, -0.00304233189672, 0.000828748510685, -0.00347133539617, 0.00222758715972, -0.00157399929594], [0.000643500301521, -0.000735085457563, 0.000874864985235, -0.00267165992409, -0.00067324237898, -0.00234009791166, 0.00103382684756, -0.00304233189672, 0.012168311514, -0.00130719493609, -0.000479808048112, -0.00186325644609, -0.000811021833215], [-0.000528213276993, 0.00176511658356, -0.000601723208092, 0.00129791803192, -0.00250160461292, 0.00125683716033, -0.00232430291362, 0.000828748510685, -0.00130719493609, 0.011330101639, -0.00325995730236, 0.00231058662757, -0.00253115524538], [0.000989108462818, -0.00254626944661, 0.00133948319126, -0.00144612719305, 0.00255071069114, -0.00278958375566, 0.00227570929565, -0.00347133539617, -0.000479808048112, -0.00325995730236, 0.0136896288022, -0.00518652098253, 0.00231211516075], [-0.000606250774581, 0.00323849497363, -0.00146014068741, 0.00189254374709, -0.00195218448061, 0.00134553282987, -0.0027259667404, 0.00222758715972, -0.00186325644609, 0.00231058662757, -0.00518652098253, 0.0168758090585, -0.00572678213939], [0.000884429959115, -0.00223644403741, 0.00115599692799, -0.00119235401507, 0.00134393351618, -0.00162264495157, 0.00207072636113, -0.00157399929594, -0.000811021833215, -0.00253115524538, 0.00231211516075, -0.00572678213939, 0.015276638791]]
    },
    "melbands": {
        "dmean": [0.00161737482995, 0.00243620737456, 0.00143575365655, 0.0007378696464, 0.000345408945577, 0.000229897123063, 0.000170676255948, 0.000188578749658, 0.000178513393621, 8.16873653093e-05, 0.000137226976221, 0.000157024012879, 0.000111754357931, 7.22372642485e-05, 8.10926358099e-05, 6.87465144438e-05, 4.68350117444e-05, 2.32605416386e-05, 1.79878588824e-05, 1.34504507514e-05, 1.05584513221e-05, 8.53088113217e-06, 6.23206597083e-06, 5.08498487761e-06, 9.39911569731e-06, 6.67773838359e-06, 3.05740945805e-06, 3.65074015463e-06, 3.73059197045e-06, 4.28637758887e-06, 4.29462716056e-06, 3.5440918964e-06, 3.17038325193e-06, 2.58264276454e-06, 2.14598912862e-06, 1.95610800802e-06, 1.60844490438e-06, 1.7582573264e-06, 9.64671471593e-07, 7.48382660731e-07],
        "dmean2": [0.00246246159077, 0.003797366051, 0.00240740994923, 0.00119683134835, 0.000556918908842, 0.000368324894225, 0.000271556578809, 0.000302685511997, 0.000288167968392, 0.000131315799081, 0.000215603344259, 0.00025384966284, 0.000176321889739, 0.00011146721954, 0.000122016281239, 0.000106257284642, 7.45045472286e-05, 3.80189121643e-05, 2.98132908938e-05, 2.20170113607e-05, 1.80078895937e-05, 1.4438774997e-05, 1.03125530586e-05, 8.00097586762e-06, 1.50008308992e-05, 1.04093596747e-05, 4.8370498007e-06, 6.25392203801e-06, 6.04549632044e-06, 7.10659560355e-06, 6.90342903908e-06, 5.47999070477e-06, 4.94568803333e-06, 3.95148435928e-06, 2.85976420855e-06, 2.90356956612e-06, 2.34110757447e-06, 2.71167164101e-06, 1.56384351158e-06, 1.12569045996e-06],
        "dvar": [1.3598827536e-05, 3.04073964799e-05, 6.84467431711e-06, 1.60491094903e-06, 1.96679806663e-07, 1.58593962851e-07, 1.15711458193e-07, 1.3700470447e-07, 1.98105837512e-07, 1.55711692429e-08, 6.48112887802e-08, 9.0935117214e-08, 4.28840500888e-08, 1.54180721523e-08, 2.75992562138e-08, 1.82359354284e-08, 8.18839129835e-09, 1.4986052399e-09, 1.46904088894e-09, 7.74555086736e-10, 6.05487104899e-10, 3.68914371274e-10, 2.37367903111e-10, 1.14773274218e-10, 2.84588019817e-10, 1.18234297353e-10, 3.40404197885e-11, 6.42566208575e-11, 4.95352960039e-11, 8.7283902328e-11, 1.24453281014e-10, 9.45861861057e-11, 1.09817314964e-10, 7.15185757838e-11, 6.26217619426e-11, 6.34376370878e-11, 4.25170940122e-11, 7.74216732391e-11, 1.79022543317e-11, 5.7956144224e-12],
        "dvar2": [2.9487615393e-05, 7.06337596057e-05, 1.84081218322e-05, 4.16719149143e-06, 5.0541177643e-07, 3.65989620832e-07, 2.82919074834e-07, 3.3038543279e-07, 5.20957598837e-07, 3.87786371903e-08, 1.54168603217e-07, 2.3788334147e-07, 1.08470480598e-07, 3.4806905802e-08, 4.81284878617e-08, 3.40466819182e-08, 1.84581701035e-08, 3.87778298361e-09, 3.93961174794e-09, 1.88625559616e-09, 1.66140901037e-09, 9.78998881962e-10, 5.95709037654e-10, 2.77944778304e-10, 6.67251587316e-10, 2.82792123052e-10, 8.07508296341e-11, 1.6809389991e-10, 1.20542714699e-10, 2.19228690757e-10, 2.89790386132e-10, 1.99006630619e-10, 2.62668192752e-10, 1.54590465429e-10, 1.1058425009e-10, 1.41750125526e-10, 9.14873177216e-11, 1.58039512033e-10, 4.29154593806e-11, 1.21147840024e-11],
        "max": [0.0349957421422, 0.0541423894465, 0.0206286758184, 0.0135329598561, 0.00486468989402, 0.00438460195437, 0.00477382680401, 0.0052941525355, 0.00719128875062, 0.00116922496818, 0.00404059281573, 0.00347100943327, 0.00289859669283, 0.00174391397741, 0.00377736915834, 0.00248904037289, 0.00108462548815, 0.0004020157794, 0.000540142529644, 0.000460947834654, 0.000304919638438, 0.000189272905118, 0.000272521661827, 0.000183697222383, 0.000208486133488, 0.000141376425745, 0.000108845037175, 0.000175843786565, 0.000115153416118, 0.000166963247466, 0.000242522291956, 0.000153754735948, 0.000170338709722, 0.000124989775941, 0.000249402510235, 0.000222555740038, 0.000127550883917, 0.00018070016813, 6.69451328577e-05, 5.40388682566e-05],
        "mean": [0.00262414640747, 0.00401530554518, 0.00214376673102, 0.0013074784074, 0.000715327798389, 0.000410225824453, 0.000284996145638, 0.000330067763571, 0.000330090493662, 0.000141745782457, 0.000218138404307, 0.000241457033553, 0.000185793469427, 0.000149885265273, 0.000148835591972, 0.000107651183498, 7.27879232727e-05, 3.47574787156e-05, 2.56857183558e-05, 1.95297361643e-05, 1.31255401357e-05, 1.16751407404e-05, 8.79328490555e-06, 8.53578876558e-06, 1.63029399118e-05, 1.2196634998e-05, 5.5675668591e-06, 5.92985998082e-06, 6.40476855551e-06, 6.62256661599e-06, 6.93364972904e-06, 5.86260375712e-06, 4.38419283455e-06, 3.89722936234e-06, 3.65217397302e-06, 2.95907784675e-06, 2.57427768702e-06, 2.57621672972e-06, 1.24727841921e-06, 1.08698668555e-06],
        "median": [0.000729517487343, 0.00186895707157, 0.00131956883706, 0.000680027878843, 0.000497360189911, 0.0002348174894, 0.000148804756464, 0.000177043650183, 0.000136702990858, 7.04784542904e-05, 7.95374435256e-05, 8.00679044914e-05, 8.0703473941e-05, 6.43194944132e-05, 6.62699094391e-05, 3.71451751562e-05, 1.98132729565e-05, 1.60286617756e-05, 9.78989919531e-06, 7.16697559255e-06, 4.83390658701e-06, 3.73762850359e-06, 2.45263368015e-06, 2.45380192609e-06, 5.67202005186e-06, 4.26561700806e-06, 1.929246082e-06, 2.11874703382e-06, 2.47618845606e-06, 2.19414300773e-06, 1.79500705144e-06, 1.22442804695e-06, 6.84316489696e-07, 4.20416370162e-07, 3.86888814319e-07, 4.06333697356e-07, 3.86197484659e-07, 2.00876300482e-07, 1.28675452515e-07, 2.07685161513e-07],
        "min": [1.16949536389e-23, 7.68919842601e-24, 2.03909598555e-24, 3.42581820197e-24, 1.22553967136e-23, 1.14633701095e-23, 1.41830359223e-23, 9.52535422444e-24, 8.32716680614e-24, 1.45986188913e-23, 8.75114167737e-24, 8.16042212116e-24, 9.01676061049e-24, 1.4768569507e-23, 1.33628493506e-23, 1.00909903705e-23, 6.58166926951e-24, 7.37599698081e-24, 1.13164297776e-23, 7.60441323363e-24, 7.84104310621e-24, 1.51966496103e-23, 7.8887565692e-24, 1.12560787629e-23, 2.00564445719e-23, 1.52021495486e-23, 1.34730958175e-23, 8.75972448402e-24, 1.08647548445e-23, 1.11255514709e-23, 1.16183796997e-23, 9.53345582594e-24, 8.01685732502e-24, 1.29739180473e-23, 1.11125825977e-23, 1.43334385648e-23, 7.80376311755e-24, 1.12831974342e-23, 1.17332662465e-23, 1.33708026462e-23],
        "stdev": [0.0049313493073, 0.00673562288284, 0.00273116445169, 0.00165425601881, 0.000673676026054, 0.000525890674908, 0.000421954609919, 0.000467244099127, 0.000587612623349, 0.000179181413841, 0.000352094735717, 0.000413358968217, 0.000296141311992, 0.000210056969081, 0.000256307102973, 0.000192622697796, 0.000132316243253, 4.97206237924e-05, 4.66189703729e-05, 3.5784622014e-05, 2.43904523813e-05, 2.16646494664e-05, 1.80591778189e-05, 1.55342477228e-05, 2.61118384515e-05, 1.78456757567e-05, 9.10966809897e-06, 1.06310653791e-05, 1.01677351267e-05, 1.18730813483e-05, 1.52450165842e-05, 1.31052865981e-05, 1.24137295643e-05, 1.23082727441e-05, 1.45452895595e-05, 1.17543095257e-05, 1.02206931842e-05, 1.28591300381e-05, 5.42781435797e-06, 3.55014481102e-06],
        "var": [2.43182075792e-05, 4.53686152468e-05, 7.45925945012e-06, 2.73656291938e-06, 4.53839419379e-07, 2.76560996326e-07, 1.78045681309e-07, 2.1831704089e-07, 3.45288611925e-07, 3.21059800967e-08, 1.23970693267e-07, 1.70865632754e-07, 8.76996750776e-08, 4.41239293991e-08, 6.56933352161e-08, 3.7103504269e-08, 1.7507588268e-08, 2.47214049232e-09, 2.17332840613e-09, 1.28053923021e-09, 5.94894133954e-10, 4.69357053223e-10, 3.26133897666e-10, 2.41312858584e-10, 6.81828093985e-10, 3.18468140748e-10, 8.29860485885e-11, 1.13019545112e-10, 1.03382837013e-10, 1.40970068951e-10, 2.32410535261e-10, 1.71748545941e-10, 1.54100690541e-10, 1.51493567691e-10, 2.11565445718e-10, 1.38163799845e-10, 1.04462563599e-10, 1.65357214033e-10, 2.9461169615e-11, 1.26035275966e-11]
    },
    "melbands128": {
