{
"lowlevel": {
    "average_loudness": 0.962553203106,
    "barkbands_crest": {
        "dmean": 2.45599079132,
        "dmean2": 3.59781241417,
        "dvar": 6.58474683762,
        "dvar2": 12.7856779099,
        "max": 26.0493621826,
        "mean": 13.3080949783,
        "median": 12.3330554962,
        "min": 3.66667127609,
        "stdev": 4.94926452637,
        "var": 24.495218277
    },
    "barkbands_flatness_db": {
        "dmean": 0.0285369493067,
        "dmean2": 0.0376792438328,
        "dvar": 0.000874144025147,
        "dvar2": 0.00154090335127,
        "max": 0.53407150507,
        "mean": 0.246756777167,
        "median": 0.236056625843,
        "min": 0.023699497804,
        "stdev": 0.0770601928234,
        "var": 0.00593827292323
    },
    "barkbands_kurtosis": {
        "dmean": 6.43359136581,
        "dmean2": 9.09217262268,
        "dvar": 226.301208496,
        "dvar2": 344.921478271,
        "max": 522.756530762,
        "mean": 11.7013988495,
        "median": 6.17875862122,
        "min": -1.80056488514,
        "stdev": 23.3952083588,
        "var": 547.33581543
    },
    "barkbands_skewness": {
        "dmean": 0.692970097065,
        "dmean2": 0.984727025032,
        "dvar": 0.633675038815,
        "dvar2": 1.11202561855,
        "max": 20.401632309,
        "mean": 2.12841200829,
        "median": 1.81516611576,
        "min": -1.8282841444,
        "stdev": 1.64165735245,
        "var": 2.69503903389
    },
    "barkbands_spread": {
        "dmean": 2.78202486038,
        "dmean2": 3.98983192444,
        "dvar": 29.7246303558,
        "dvar2": 47.535282135,
        "max": 97.8734588623,
        "mean": 9.34830379486,
        "median": 6.95437479019,
        "min": 0.453126877546,
        "stdev": 10.2833461761,
        "var": 105.747200012
    },
    "dissonance": {
        "dmean": 0.0361057519913,
        "dmean2": 0.0589846819639,
        "dvar": 0.00121662078891,
        "dvar2": 0.00298907328397,
        "max": 0.499999850988,
        "mean": 0.404342621565,
        "median": 0.409424483776,
        "min": 0.0480038225651,
        "stdev": 0.0555506795645,
        "var": 0.00308587797917
    },
    "dynamic_complexity": 2.97460627556,
    "erbbands_crest": {
        "dmean": 2.52232384682,
        "dmean2": 3.96659255028,
        "dvar": 5.34577083588,
        "dvar2": 13.0633687973,
        "max": 25.870223999,
        "mean": 11.3109750748,
        "median": 10.7197675705,
        "min": 3.1672604084,
        "stdev": 4.11501169205,
        "var": 16.9333229065
    },
    "erbbands_flatness_db": {
        "dmean": 0.0237163044512,
        "dmean2": 0.0319286249578,
        "dvar": 0.000548729789443,
        "dvar2": 0.000993731082417,
        "max": 0.366176426411,
        "mean": 0.205690816045,
        "median": 0.207022592425,
        "min": 0.0746698006988,
        "stdev": 0.0513366572559,
        "var": 0.00263545219786
    },
    "erbbands_kurtosis": {
        "dmean": 2.32858181,
        "dmean2": 3.54364871979,
        "dvar": 10.4459066391,
        "dvar2": 23.9248828888,
        "max": 41.6198692322,
        "mean": 4.16038036346,
        "median": 3.02817583084,
        "min": -1.75734639168,
        "stdev": 5.05518198013,
        "var": 25.5548648834
    },
    "erbbands_skewness": {
        "dmean": 0.480045557022,
        "dmean2": 0.703549206257,
        "dvar": 0.238027617335,
        "dvar2": 0.515898227692,
        "max": 5.01843070984,
        "mean": 1.28072750568,
        "median": 1.30625748634,
        "min": -2.40972566605,
        "stdev": 0.942981719971,
        "var": 0.889214515686
    },
    "erbbands_spread": {
        "dmean": 7.60431909561,
        "dmean2": 11.2403783798,
        "dvar": 145.122360229,
        "dvar2": 317.778686523,
        "max": 147.40032959,
        "mean": 24.6298522949,
        "median": 17.5138549805,
        "min": 3.07560610771,
        "stdev": 19.793964386,
        "var": 391.800994873
    },
    "hfc": {
        "dmean": 3.8546974659,
        "dmean2": 5.61445808411,
        "dvar": 23.3481426239,
        "dvar2": 49.6238098145,
        "max": 56.9455032349,
        "mean": 14.9596281052,
        "median": 13.0188474655,
        "min": 1.19518638494e-16,
        "stdev": 10.8563194275,
        "var": 117.859664917
    },
    "loudness_ebu128": {
        "integrated": -10.2676181793,
        "loudness_range": 3.73031425476,
        "momentary": {
            "dmean": 0.605314314365,
            "dmean2": 0.788576722145,
            "dvar": 0.455627739429,
            "dvar2": 0.80330401659,
            "max": -7.83310317993,
            "mean": -10.722196579,
            "median": -10.0753755569,
            "min": -19.6639213562,
            "stdev": 2.22462415695,
            "var": 4.94895219803
        },
        "short_term": {
            "dmean": 0.0914619043469,
            "dmean2": 0.103819355369,
            "dvar": 0.00689837615937,
            "dvar2": 0.00977122224867,
            "max": -8.36444187164,
            "mean": -10.4862670898,
            "median": -10.4487943649,
            "min": -13.6160345078,
            "stdev": 1.42345499992,
            "var": 2.02622413635
        }
    },
    "melbands_crest": {
        "dmean": 2.92187094688,
        "dmean2": 4.41678142548,
        "dvar": 9.1518611908,
        "dvar2": 18.467300415,
        "max": 33.807346344,
        "mean": 16.7169570923,
        "median": 15.9576530457,
        "min": 1.79334235191,
        "stdev": 5.68868017197,
        "var": 32.3610839844
    },
    "melbands_flatness_db": {
        "dmean": 0.0345903784037,
        "dmean2": 0.0444214455783,
        "dvar": 0.00133627874311,
        "dvar2": 0.00221686298028,
        "max": 0.674960792065,
        "mean": 0.338260084391,
        "median": 0.322955697775,
        "min": 0.00840689893812,
        "stdev": 0.0981624871492,
        "var": 0.00963587407023
    },
    "melbands_kurtosis": {
        "dmean": 10.3868265152,
        "dmean2": 15.1613817215,
        "dvar": 533.929870605,
        "dvar2": 852.092102051,
        "max": 679.840026855,
        "mean": 19.1049213409,
        "median": 9.32755088806,
        "min": -1.13101375103,
        "stdev": 38.1315460205,
        "var": 1454.01489258
    },
    "melbands_skewness": {
        "dmean": 0.800946891308,
        "dmean2": 1.15446341038,
        "dvar": 0.96237295866,
        "dvar2": 1.9081441164,
        "max": 19.3326091766,
        "mean": 2.56135964394,
        "median": 2.17097353935,
        "min": -0.301387012005,
        "stdev": 1.9569529295,
        "var": 3.82966470718
    },
    "melbands_spread": {
        "dmean": 2.45138812065,
        "dmean2": 3.51879143715,
        "dvar": 22.117389679,
        "dvar2": 31.3913002014,
        "max": 117.638916016,
        "mean": 9.17112350464,
        "median": 7.08573675156,
        "min": 0.357118695974,
        "stdev": 8.54821872711,
        "var": 73.0720443726
    },
    "pitch_salience": {
        "dmean": 0.0744592249393,
        "dmean2": 0.115792877972,
        "dvar": 0.00670170132071,
        "dvar2": 0.0144432960078,
        "max": 0.886888086796,
        "mean": 0.4853104949,
        "median": 0.494294375181,
        "min": 0.0620817914605,
        "stdev": 0.13262078166,
        "var": 0.0175882726908
    },
    "silence_rate_20dB": {
        "dmean": 0,
        "dmean2": 0,
        "dvar": 0,
        "dvar2": 0,
        "max": 1,
        "mean": 1,
        "median": 1,
        "min": 1,
        "stdev": 0,
        "var": 0
    },
    "silence_rate_30dB": {
        "dmean": 0.061919502914,
        "dmean2": 0.123934932053,
        "dvar": 0.0580856986344,
        "dvar2": 0.108574189246,
        "max": 1,
        "mean": 0.884764134884,
        "median": 1,
        "min": 0,
        "stdev": 0.319308429956,
        "var": 0.101957879961
    },
    "silence_rate_60dB": {
        "dmean": 0.0108359130099,
        "dmean2": 0.0209140200168,
        "dvar": 0.0107184350491,
        "dvar2": 0.0251239575446,
        "max": 1,
        "mean": 0.0193348806351,
        "median": 0,
        "min": 0,
        "stdev": 0.137699127197,
        "var": 0.0189610477537
    },
    "spectral_centroid": {
        "dmean": 130.305770874,
        "dmean2": 185.214904785,
        "dvar": 111110.609375,
        "dvar2": 138975.296875,
        "max": 10708.3652344,
        "mean": 642.423828125,
        "median": 532.235046387,
        "min": 161.785888672,
        "stdev": 538.927124023,
        "var": 290442.4375
    },
    "spectral_complexity": {
        "dmean": 2.12693500519,
        "dmean2": 3.28892326355,
        "dvar": 5.97460842133,
        "dvar2": 11.458735466,
        "max": 36,
        "mean": 11.3085842133,
        "median": 11,
        "min": 0,
        "stdev": 5.17234945297,
        "var": 26.7531967163
    },
    "spectral_decrease": {
        "dmean": 3.82926801379e-09,
        "dmean2": 5.45753797709e-09,
        "dvar": 3.85847098665e-17,
        "dvar2": 7.28160740483e-17,
        "max": -2.70848704016e-29,
        "mean": -1.29218955536e-08,
        "median": -1.00360342259e-08,
        "min": -6.42641637683e-08,
        "stdev": 1.07246451719e-08,
        "var": 1.15018008338e-16
    },
    "spectral_energy": {
        "dmean": 0.0146978776902,
        "dmean2": 0.0209678616375,
        "dvar": 0.000559356529266,
        "dvar2": 0.00105983088724,
        "max": 0.244130805135,
        "mean": 0.0501270741224,
        "median": 0.0392336323857,
        "min": 1.09429144951e-20,
        "stdev": 0.0409536957741,
        "var": 0.00167720532045
    },
    "spectral_energyband_high": {
        "dmean": 0.000124131489429,
        "dmean2": 0.000174257729668,
        "dvar": 1.08980721336e-07,
        "dvar2": 1.56783571015e-07,
        "max": 0.00621141167358,
        "mean": 0.000207678764127,
        "median": 7.39438037272e-05,
        "min": 8.34270535911e-21,
        "stdev": 0.000527675671037,
        "var": 2.78441632418e-07
    },
    "spectral_energyband_low": {
        "dmean": 0.0112478481606,
        "dmean2": 0.0161975733936,
        "dvar": 0.000586573267356,
        "dvar2": 0.00108633725904,
        "max": 0.231128320098,
        "mean": 0.0280842799693,
        "median": 0.0169058963656,
        "min": 2.11060303172e-23,
        "stdev": 0.0376064404845,
        "var": 0.00141424429603
    },
    "spectral_energyband_middle_high": {
        "dmean": 0.000840846216306,
        "dmean2": 0.00122748012654,
        "dvar": 2.33055357057e-06,
        "dvar2": 5.20131106896e-06,
        "max": 0.0226205755025,
        "mean": 0.00258004968055,
        "median": 0.000964346399996,
        "min": 1.54955596727e-21,
        "stdev": 0.00320219108835,
        "var": 1.0254027984e-05
    },
    "spectral_energyband_middle_low": {
        "dmean": 0.00738623924553,
        "dmean2": 0.0120951812714,
        "dvar": 0.000140184885822,
        "dvar2": 0.000389978842577,
        "max": 0.102456450462,
        "mean": 0.0204876046628,
        "median": 0.0175494849682,
        "min": 2.60116722968e-22,
        "stdev": 0.0163261070848,
        "var": 0.000266541755991
    },
    "spectral_entropy": {
        "dmean": 0.260938078165,
        "dmean2": 0.35238340497,
        "dvar": 0.0826684236526,
        "dvar2": 0.153350666165,
        "max": 9.78304290771,
        "mean": 6.69805622101,
        "median": 6.72059059143,
        "min": 5.00897216797,
        "stdev": 0.669658064842,
        "var": 0.448441922665
    },
    "spectral_flux": {
        "dmean": 0.0376202203333,
        "dmean2": 0.0551739670336,
        "dvar": 0.00206614541821,
        "dvar2": 0.00369528448209,
        "max": 0.425060629845,
        "mean": 0.0934260860085,
        "median": 0.0726543739438,
        "min": 1.04608384455e-10,
        "stdev": 0.0735058709979,
        "var": 0.00540311355144
    },
    "spectral_kurtosis": {
        "dmean": 6.05089092255,
        "dmean2": 8.83145427704,
        "dvar": 102.915405273,
        "dvar2": 205.405639648,
        "max": 131.520553589,
        "mean": 13.6788311005,
        "median": 9.1415977478,
        "min": -1.20502579212,
        "stdev": 16.3933696747,
        "var": 268.742553711
    },
    "spectral_rms": {
        "dmean": 0.000945977459196,
        "dmean2": 0.00132970733102,
        "dvar": 1.64667665103e-06,
        "dvar2": 2.82776818494e-06,
        "max": 0.0154329640791,
        "mean": 0.0064868927002,
        "median": 0.00618681777269,
        "min": 3.26741715281e-12,
        "stdev": 0.00261242152192,
        "var": 6.8247463787e-06
    },
    "spectral_rolloff": {
        "dmean": 180.481781006,
        "dmean2": 283.783843994,
        "dvar": 503904.0625,
        "dvar2": 784177.5,
        "max": 18367.8222656,
        "mean": 556.882568359,
        "median": 409.130859375,
        "min": 64.599609375,
        "stdev": 892.63104248,
        "var": 796790.125
    },
    "spectral_skewness": {
        "dmean": 0.531085014343,
        "dmean2": 0.746377646923,
        "dvar": 0.417586624622,
        "dvar2": 0.779199838638,
        "max": 9.3798532486,
        "mean": 2.74958300591,
        "median": 2.51685214043,
        "min": 0.0374513305724,
        "stdev": 1.33263206482,
        "var": 1.77590835094
    },
    "spectral_spread": {
        "dmean": 856463.5625,
        "dmean2": 1179578.625,
        "dvar": 1.85050018611e+12,
        "dvar2": 3.34649176883e+12,
        "max": 40145676,
        "mean": 3855743.25,
        "median": 3605800.75,
        "min": 589887.8125,
        "stdev": 2116502.75,
        "var": 4.47958378086e+12
    },
    "spectral_strongpeak": {
        "dmean": 0.379347980022,
        "dmean2": 0.63599395752,
        "dvar": 0.421114951372,
        "dvar2": 0.951768875122,
        "max": 4.87723922729,
        "mean": 0.904315173626,
        "median": 0.384100228548,
        "min": 0,
        "stdev": 1.05990445614,
        "var": 1.12339746952
    },
    "zerocrossingrate": {
        "dmean": 0.0061212782748,
        "dmean2": 0.00692935753614,
        "dvar": 0.000238184133195,
        "dvar2": 0.000253193516983,
        "max": 0.4873046875,
        "mean": 0.024448050186,
        "median": 0.0205078125,
        "min": 0.00244140625,
        "stdev": 0.0232168398798,
        "var": 0.000539021624718
    },
    "barkbands": {
        "dmean": [0.000387272419175, 0.00968064367771, 0.00402179779485, 0.00185596279334, 0.00309262541123, 0.00155102927238, 0.00181996356696, 0.00141261063982, 0.000773137086071, 0.000415618909756, 0.000229035780649, 0.000202481198357, 0.000202642739168, 0.00013179340749, 5.64079018659e-05, 3.74423289031e-05, 5.74284822505e-05, 3.42540843121e-05, 4.8818616051e-05, 6.0799982748e-05, 1.68887545442e-05, 1.68507267517e-05, 1.87707191799e-05, 4.03290723625e-05, 2.62987305177e-05, 3.72446788788e-06, 4.53592967631e-08],
        "dmean2": [0.000620805250946, 0.0123850433156, 0.00730819767341, 0.00349451019429, 0.00520646618679, 0.00241767545231, 0.00291367038153, 0.00193294719793, 0.00113071035594, 0.000609769544099, 0.000332596973749, 0.000314906705171, 0.000304510176647, 0.00019642560801, 9.07544745132e-05, 5.67183851672e-05, 8.63793175085e-05, 5.13774430146e-05, 7.41057156119e-05, 9.01433522813e-05, 2.59117277892e-05, 2.58527907135e-05, 2.68718868028e-05, 5.4082229326e-05, 3.86239262298e-05, 5.44827798876e-06, 7.65339791542e-08],
        "dvar": [8.04442038316e-07, 0.000430936401244, 0.000178593996679, 3.47297354892e-05, 2.83000263153e-05, 4.83793610329e-06, 8.37437255541e-06, 8.26066025184e-06, 2.41382554123e-06, 7.56209146857e-07, 2.37395681779e-07, 5.83726489367e-07, 2.31508153092e-07, 7.4259631333e-08, 3.46014417119e-08, 1.61587347947e-08, 1.70575429337e-08, 2.05016874588e-08, 1.83325425951e-08, 2.2627814289e-08, 2.62682098295e-09, 3.97792110363e-09, 7.1286194725e-09, 1.77098939957e-08, 3.94489152455e-09, 1.29769126e-10, 8.00760892599e-14],
        "dvar2": [1.93743107957e-06, 0.000617468089331, 0.000497563334648, 0.000102881218481, 7.70566548454e-05, 1.0328452845e-05, 1.991893987e-05, 1.42781955219e-05, 4.48443233836e-06, 1.69851671217e-06, 5.05909724779e-07, 1.50753965045e-06, 5.20581238561e-07, 1.58177925869e-07, 8.57322675074e-08, 3.63190508779e-08, 3.58987399807e-08, 4.67669245552e-08, 3.37165886322e-08, 4.83838498155e-08, 5.07525532711e-09, 8.49967918271e-09, 1.07947428774e-08, 2.53885836798e-08, 6.60542687214e-09, 2.41851844107e-10, 2.06378425634e-13],
        "max": [0.00864078290761, 0.219384402037, 0.101163603365, 0.0510006994009, 0.0500275678933, 0.0377501063049, 0.0356698743999, 0.0515059232712, 0.0277130529284, 0.0127624943852, 0.00636535510421, 0.0172429997474, 0.00674352096394, 0.00371509464458, 0.00420279614627, 0.00302100204863, 0.00320976856165, 0.00441200379282, 0.00354175688699, 0.00366766867228, 0.000785916869063, 0.00125891319476, 0.00256188469939, 0.00282374722883, 0.00147720216773, 0.00022353354143, 5.65095251659e-06],
        "mean": [0.00051814870676, 0.0228784326464, 0.00385418138467, 0.00173825048842, 0.0051856408827, 0.00350023340434, 0.00345784379169, 0.00422276742756, 0.00155961315613, 0.00111757393461, 0.000474977743579, 0.000295714155072, 0.000360655540135, 0.000316346238833, 8.3468563389e-05, 5.33651837031e-05, 9.14347256185e-05, 4.87544675707e-05, 8.61528460518e-05, 0.000113929556392, 2.55807099165e-05, 2.18131717702e-05, 2.53948201134e-05, 5.82156862947e-05, 3.37031378876e-05, 4.93429160997e-06, 3.54209213071e-08],
        "median": [0.000104141399788, 0.014049641788, 0.00146755645983, 0.000672392663546, 0.00336755532771, 0.00183849013411, 0.00158593943343, 0.000628242851235, 0.000456416950328, 0.000164724697242, 0.000116028255434, 4.74165244668e-05, 5.82793145441e-05, 3.8835209125e-05, 1.8987851945e-05, 1.89106576727e-05, 2.39194923779e-05, 1.52965567395e-05, 2.04559910344e-05, 3.61516031262e-05, 5.73633224121e-06, 2.23153097068e-06, 4.66737446914e-06, 1.3589567061e-05, 1.34989913931e-05, 1.27740418066e-06, 4.32653024518e-09],
        "min": [7.69390713675e-24, 3.14035468392e-24, 9.13156827119e-24, 7.55285012943e-24, 2.83633108315e-23, 5.03229391352e-23, 7.24404153506e-23, 1.42040779981e-23, 6.60832125074e-23, 8.1500766837e-23, 4.07155473209e-23, 6.29329311923e-23, 1.17422046716e-22, 8.37987312757e-23, 1.91567386121e-22, 2.35335938741e-22, 2.04718416852e-22, 1.50531712733e-22, 2.16878638286e-22, 2.82910663187e-22, 5.76412509779e-22, 6.0690464696e-22, 6.36576924158e-22, 1.00169603183e-21, 1.30384142105e-21, 1.88112947808e-21, 2.50381250435e-21],
        "stdev": [0.000964070204645, 0.0328266881406, 0.0105745596811, 0.00445233145729, 0.00577064650133, 0.00460711121559, 0.00486178696156, 0.00830497127026, 0.00298360479064, 0.00217812554911, 0.000777849694714, 0.000832620309666, 0.00073925574543, 0.000611940049566, 0.000283219356788, 0.000149971485371, 0.000203193252673, 0.000146383841638, 0.000199309724849, 0.000223187817028, 7.09343730705e-05, 7.84743315307e-05, 0.000117343028251, 0.000213990279008, 8.59177453094e-05, 1.40490756166e-05, 2.48240695555e-07],
        "var": [9.2943139407e-07, 0.00107759144157, 0.000111821318569, 1.98232573894e-05, 3.3300362702e-05, 2.12254744838e-05, 2.36369724007e-05, 6.89725420671e-05, 8.90189767233e-06, 4.74423131891e-06, 6.05050104241e-07, 6.93256595241e-07, 5.46499052234e-07, 3.74470602083e-07, 8.02132120725e-08, 2.24914451508e-08, 4.12874960887e-08, 2.14282298572e-08, 3.97243660188e-08, 4.98128045479e-08, 5.03168573474e-09, 6.15822015604e-09, 1.37693865199e-08, 4.57918396535e-08, 7.38185867988e-09, 1.97376531785e-10, 6.16234493989e-14]
    },
    "erbbands": {
        "dmean": [0.3514097929, 2.14549803734, 4.57111263275, 5.47251415253, 8.68760108948, 11.1943397522, 10.683886528, 13.8081026077, 26.9269599915, 30.4503555298, 19.2915382385, 17.8109912872, 15.1800384521, 6.68600654602, 8.7102022171, 7.90220022202, 8.47077083588, 7.19472312927, 3.75461030006, 2.18655228615, 2.16288328171, 3.11253380775, 2.00756120682, 1.33633077145, 3.2240190506, 2.84452056885, 0.882246732712, 0.692628026009, 0.597176253796, 0.573174655437, 0.549634456635, 0.708853900433, 0.716377317905, 0.342913776636, 0.162682563066, 0.0343902371824, 0.00314904330298, 0.000305926572764, 1.407502441e-05, 1.62970463862e-05],
        "dmean2": [0.438726574183, 2.81492471695, 7.78385210037, 10.0869588852, 15.395275116, 18.9875793457, 17.2130374908, 21.3965511322, 42.6672439575, 43.8199157715, 28.3029689789, 26.2094707489, 21.5385322571, 10.1179208755, 13.1582937241, 11.7923221588, 12.4920663834, 10.4263792038, 6.12418174744, 3.48432540894, 3.2770755291, 4.73029232025, 2.99440383911, 1.95392620564, 4.80570459366, 4.31658172607, 1.33936274052, 1.04318368435, 0.897444963455, 0.869273126125, 0.771940350533, 0.982770979404, 0.992123186588, 0.497444748878, 0.24617446959, 0.0504352562129, 0.00443025724962, 0.000475544220535, 2.06502372748e-05, 2.32300208154e-05],
        "dvar": [0.632997274399, 22.4670982361, 205.301757812, 336.82522583, 353.329772949, 361.273132324, 324.182617188, 450.106292725, 2105.19360352, 3526.31274414, 1082.3638916, 1685.2791748, 838.377441406, 228.454956055, 424.491149902, 1145.51208496, 421.913879395, 202.661621094, 95.7931518555, 58.0946044922, 53.7092933655, 58.1459770203, 42.9751434326, 48.8130302429, 63.2145042419, 52.5154418945, 6.5771522522, 4.138920784, 5.01648283005, 7.37961244583, 5.37459659576, 6.39872550964, 5.91814088821, 0.991047561169, 0.101722843945, 0.0064623192884, 0.000287130649667, 2.18789818973e-06, 1.79373460529e-09, 6.56373400076e-10],
        "dvar2": [0.896497130394, 36.7316970825, 547.259033203, 975.895019531, 1015.28533936, 974.666992188, 799.548583984, 933.890197754, 5278.77001953, 6994.15087891, 2339.90942383, 3112.45410156, 1804.64916992, 537.841674805, 1001.94268799, 2924.56567383, 925.674987793, 423.929595947, 231.495834351, 147.998641968, 123.679084778, 127.017211914, 103.54964447, 71.7483215332, 125.078353882, 118.401176453, 14.3997735977, 7.76972579956, 10.8138933182, 12.3671131134, 7.97803592682, 9.69558048248, 9.53771591187, 1.54946160316, 0.208237156272, 0.0117904320359, 0.000552710145712, 4.6435807235e-06, 3.55406126751e-09, 1.25842114507e-09],
        "max": [8.21254348755, 42.7713775635, 120.792572021, 160.60559082, 139.344421387, 197.572036743, 246.423873901, 330.827484131, 771.80670166, 926.437255859, 467.516052246, 774.344238281, 503.650085449, 217.002792358, 285.325744629, 843.88482666, 282.144744873, 256.704498291, 162.742706299, 143.754821777, 183.015090942, 196.128646851, 178.343521118, 231.328720093, 165.102828979, 171.953430176, 41.862575531, 31.4793548584, 49.77709198, 75.5840988159, 70.3748779297, 63.6112060547, 51.117275238, 28.4927864075, 6.2362575531, 1.17465770245, 0.418864756823, 0.0266654863954, 0.000914067320991, 0.000263401248958],
        "mean": [0.706608235836, 4.87940740585, 5.41007471085, 5.44747591019, 10.9969711304, 16.8757705688, 22.1865177155, 31.3065128326, 50.3745994568, 92.5407028198, 50.504486084, 37.9546127319, 45.5583992004, 13.8036212921, 19.8927459717, 13.8017568588, 16.5924396515, 18.400844574, 7.1693110466, 3.51358127594, 3.25545763969, 5.04850435257, 3.31576323509, 2.3291311264, 6.26420211792, 5.47498416901, 1.49244368076, 0.98933672905, 0.793190062046, 0.754386425018, 0.73174571991, 1.02104580402, 1.00326657295, 0.434759885073, 0.213039264083, 0.0487202107906, 0.00417811563239, 0.000328931317199, 3.48397661583e-05, 5.67499446333e-05],
        "median": [0.400441586971, 3.00006628036, 2.38512134552, 2.22786450386, 5.38129997253, 10.9354248047, 12.0761766434, 15.8269195557, 24.7208938599, 16.2861366272, 16.9714031219, 13.8311023712, 7.17496967316, 4.92720603943, 3.85225915909, 2.47406673431, 3.03964567184, 2.72952413559, 1.6368175745, 0.99578922987, 1.1691814661, 1.54324054718, 1.22038137913, 0.687988102436, 1.58057463169, 1.71431148052, 0.506914317608, 0.161780908704, 0.0837949365377, 0.0877257585526, 0.138894841075, 0.219685479999, 0.257279932499, 0.127095505595, 0.0868544280529, 0.0169490668923, 0.00110534171108, 6.94560148986e-05, 2.57273368334e-05, 4.54233377241e-05],
        "min": [1.49130594792e-22, 7.84048273098e-22, 9.52816019006e-21, 2.04175252418e-20, 3.33377180561e-20, 1.45888668489e-19, 1.31090394405e-19, 5.39156064768e-19, 1.26148052284e-18, 3.3847618035e-19, 5.06003544696e-19, 1.20631822593e-18, 2.01807853751e-18, 3.35745558921e-18, 1.60606711222e-18, 2.47465493867e-18, 6.390233689e-18, 4.37399542156e-18, 1.02479439176e-17, 8.8870738185e-18, 1.3432222835e-17, 1.06952137097e-17, 7.9063279524e-18, 9.0086453803e-18, 1.25571046244e-17, 1.58487590298e-17, 1.93094477934e-17, 2.27584005185e-17, 2.1912080601e-17, 1.75376120321e-17, 1.92616400628e-17, 2.26431494438e-17, 1.53224984523e-17, 1.5370205267e-17, 8.88579747881e-18, 5.65429688827e-18, 4.00365921669e-18, 1.40682546225e-18, 3.21671592616e-19, 3.69831127091e-20],
        "stdev": [1.16655576229, 6.97274065018, 12.3221244812, 14.0810575485, 16.7409610748, 20.4068660736, 28.5111484528, 44.7280578613, 72.8421020508, 166.546737671, 72.1915130615, 74.8860626221, 83.3405990601, 22.1415309906, 34.4432754517, 37.3813095093, 33.024559021, 33.8008842468, 13.9236221313, 10.8353118896, 8.40947723389, 11.3729524612, 7.01701498032, 9.75096702576, 12.0440750122, 10.4699144363, 3.46358847618, 2.8505654335, 2.82879519463, 3.48006248474, 3.27970576286, 3.97402334213, 3.66361618042, 1.39473247528, 0.411174118519, 0.108794040978, 0.0190536025912, 0.00155458343215, 4.97996879858e-05, 4.45307487098e-05],
        "var": [1.36085247993, 48.6191101074, 151.834762573, 198.276184082, 280.259796143, 416.440155029, 812.885559082, 2000.59924316, 5305.97167969, 27737.8164062, 5211.61425781, 5607.92285156, 6945.65527344, 490.247375488, 1186.33911133, 1397.36218262, 1090.62158203, 1142.49975586, 193.867248535, 117.403991699, 70.7193069458, 129.344039917, 49.2385025024, 95.0813598633, 145.059738159, 109.619117737, 11.9964447021, 8.12572383881, 8.00208187103, 12.1108350754, 10.7564697266, 15.7928619385, 13.4220838547, 1.94527864456, 0.169064164162, 0.0118361432105, 0.00036303975503, 2.41672978518e-06, 2.48000886494e-09, 1.98298755194e-09]
    },
    "gfcc": {
        "mean": [-48.1080474854, 146.999664307, -78.7220153809, 25.9488677979, -60.4974365234, 11.6723985672, -36.3291740417, 20.5625133514, -19.8360061646, 6.75339174271, 3.92866063118, -12.2684659958, -0.3419739604],
        "cov": [[7005.44140625, -1301.55664062, -1418.37634277, -2.76792287827, -661.351501465, 556.440124512, -245.283554077, 618.106384277, -441.051513672, 378.081970215, 79.5088882446, -63.9782562256, -56.1367301941], [-1301.55664062, 1250.61083984, 362.822479248, -407.030853271, 301.461181641, -271.262298584, 196.838653564, -134.330551147, 131.118927002, -204.150924683, 106.690910339, -10.0957746506, 71.1560592651], [-1418.37634277, 362.822479248, 984.575378418, 195.978744507, 109.917198181, -31.9167404175, 69.9959259033, -178.889465332, 144.591156006, -119.047180176, -35.4975357056, 62.9221153259, 56.6858444214], [-2.76792287827, -407.030853271, 195.978744507, 687.456298828, 38.350315094, 38.1983222961, -77.9890518188, -85.2742996216, 107.003540039, -7.00292491913, -75.3583450317, 41.4319381714, 37.1123352051], [-661.351501465, 301.461181641, 109.917198181, 38.350315094, 377.782043457, -76.0708770752, 49.0672340393, -21.1590671539, 111.683639526, -15.4789524078, 8.17984485626, -35.2233047485, 4.63338279724], [556.440124512, -271.262298584, -31.9167404175, 38.1983222961, -76.0708770752, 246.231262207, 15.8664331436, 65.9844818115, -15.9344778061, 62.6962966919, 3.94171690941, 8.06581306458, -20.4119663239], [-245.283554077, 196.838653564, 69.9959259033, -77.9890518188, 49.0672340393, 15.8664331436, 238.472839355, 23.3840618134, 36.5431594849, -0.609682619572, 45.8125762939, -1.50572657585, -40.7348594666], [618.106384277, -134.330551147, -178.889465332, -85.2742996216, -21.1590671539, 65.9844818115, 23.3840618134, 202.322280884, -44.7923698425, 71.1938705444, 43.5683135986, -45.4751777649, -13.0350017548], [-441.051513672, 131.118927002, 144.591156006, 107.003540039, 111.683639526, -15.9344778061, 36.5431594849, -44.7923698425, 194.827819824, -12.2943983078, -8.19295310974, 20.53556633, 19.9723644257], [378.081970215, -204.150924683, -119.047180176, -7.00292491913, -15.4789524078, 62.6962966919, -0.609682619572, 71.1938705444, -12.2943983078, 154.543197632, 9.70451545715, -42.1191940308, -33.3286819458], [79.5088882446, 106.690910339, -35.4975357056, -75.3583450317, 8.17984485626, 3.94171690941, 45.8125762939, 43.5683135986, -8.19295310974, 9.70451545715, 120.949958801, 11.0830831528, 15.6707201004], [-63.9782562256, -10.0957746506, 62.9221153259, 41.4319381714, -35.2233047485, 8.06581306458, -1.50572657585, -45.4751777649, 20.53556633, -42.1191940308, 11.0830831528, 125.598983765, 40.2826423645], [-56.1367301941, 71.1560592651, 56.6858444214, 37.1123352051, 4.63338279724, -20.4119663239, -40.7348594666, -13.0350017548, 19.9723644257, -33.3286819458, 15.6707201004, 40.2826423645, 119.555603027]],
        "icov": [[0.000452583481092, -0.000772671424784, 0.000554007303435, -0.000733363907784, 0.000701426994056, -0.000911268754862, 0.000608644273598, -0.00116795487702, 0.00066546787275, -0.000801436195616, 0.000378245546017, -0.000545713177416, 0.000334328709869], [-0.000772671424784, 0.00653193984181, -0.00193065183703, 0.00464625982568, -0.00332379317842, 0.00402964372188, -0.00345655926503, 0.00446408474818, -0.00321183633059, 0.00546836527064, -0.00369248655625, 0.00371138355695, -0.00335704931058], [0.000554007303435, -0.00193065183703, 0.00232838606462, -0.00175589264836, 0.00111148715951, -0.00187411217485, 0.000598267884925, -0.000916745979339, 0.000732554588467, -0.00112837122288, 0.00120989896823, -0.00107231782749, 0.000356910255505], [-0.000733363907784, 0.00464625982568, -0.00175589264836, 0.00531403021887, -0.0026281515602, 0.00260000675917, -0.00192752340809, 0.00384671497159, -0.0032608313486, 0.00364944827743, -0.0017732369015, 0.00234391726553, -0.00261351582594], [0.000701426994056, -0.00332379317842, 0.00111148715951, -0.0026281515602, 0.00563661102206, -0.00144172785804, 0.00151172326878, -0.00295155611821, -9.04732296476e-05, -0.00274873408489, 0.00137411721516, -0.000507005199324, 0.00156464194879], [-0.000911268754862, 0.00402964372188, -0.00187411217485, 0.00260000675917, -0.00144172785804, 0.00845774170011, -0.0027819420211, 0.0017386872787, -0.0023297953885, 0.00181528925896, -0.00188320467714, 0.00114541454241, -0.00124696234707], [0.000608644273598, -0.00345655926503, 0.000598267884925, -0.00192752340809, 0.00151172326878, -0.0027819420211, 0.00777451740578, -0.0035361952614, 0.000601766456384, -0.00240791286342, -0.000174121028977, -0.00254917517304, 0.00449748151004], [-0.00116795487702, 0.00446408474818, -0.000916745979339, 0.00384671497159, -0.00295155611821, 0.0017386872787, -0.0035361952614, 0.0124677550048, -0.00192721642088, 0.00219017104246, -0.0043553779833, 0.0050771003589, -0.00360627123155], [0.00066546787275, -0.00321183633059, 0.000732554588467, -0.0032608313486, -9.04732296476e-05, -0.0023297953885, 0.000601766456384, -0.00192721642088, 0.00946705881506, -0.00369641627185, 0.00226094736718, -0.00294808950275, 0.000574589765165], [-0.000801436195616, 0.00546836527064, -0.00112837122288, 0.00364944827743, -0.00274873408489, 0.00181528925896, -0.00240791286342, 0.00219017104246, -0.00369641627185, 0.0140637280419, -0.00382063281722, 0.00529221259058, -0.00113823427819], [0.000378245546017, -0.00369248655625, 0.00120989896823, -0.0017732369015, 0.00137411721516, -0.00188320467714, -0.000174121028977, -0.0043553779833, 0.00226094736718, -0.00382063281722, 0.0129958773032, -0.00386741943657, -0.000400054879719], [-0.000545713177416, 0.00371138355695, -0.00107231782749, 0.00234391726553, -0.000507005199324, 0.00114541454241, -0.00254917517304, 0.0050771003589, -0.00294808950275, 0.00529221259058, -0.00386741943657, 0.0134935416281, -0.00485584465787], [0.000334328709869, -0.00335704931058, 0.000356910255505, -0.00261351582594, 0.00156464194879, -0.00124696234707, 0.00449748151004, -0.00360627123155, 0.000574589765165, -0.00113823427819, -0.000400054879719, -0.00485584465787, 0.0133022796363]]
    },
    "melbands": {
        "dmean": [0.00287405145355, 0.00221006805077, 0.000990935019217, 0.000711387780029, 0.000389502238249, 0.00033099137363, 0.000381481164368, 0.000338422396453, 0.000152995082317, 0.000112701891339, 7.53413696657e-05, 2.93550747301e-05, 2.98673185171e-05, 2.23267052206e-05, 2.3059805244e-05, 1.77577476279e-05, 1.43930119521e-05, 7.08269362804e-06, 4.22556331614e-06, 2.64604659606e-06, 2.61121022049e-06, 3.3786639051e-06, 2.72539750767e-06, 1.47854041188e-06, 1.06688844426e-06, 1.94486960936e-06, 2.83066174234e-06, 1.77611309482e-06, 6.37110531443e-07, 3.88340197333e-07, 4.23821973072e-07, 3.49559741153e-07, 3.22845409073e-07, 3.36237803822e-07, 3.31580793045e-07, 3.18574677749e-07, 5.04031334003e-07, 5.58675480988e-07, 4.06405490594e-07, 2.64312490117e-07],
        "dmean2": [0.00356138218194, 0.00326555292122, 0.00180001766421, 0.0012255726615, 0.000626394059509, 0.000519727822393, 0.000606304616667, 0.000470005674288, 0.000226261545322, 0.00016265049635, 0.000106818704808, 4.44651632279e-05, 4.44477263954e-05, 3.39134312526e-05, 3.47156528733e-05, 2.60307933786e-05, 2.06235272344e-05, 1.15358379844e-05, 6.68301436235e-06, 4.11943619838e-06, 3.99541795559e-06, 5.22331720276e-06, 4.11756627727e-06, 2.24310724661e-06, 1.59694502599e-06, 2.93599919132e-06, 4.18601575802e-06, 2.77547337646e-06, 9.96410562948e-07, 6.01780641318e-07, 6.30545400782e-07, 5.3443369552e-07, 5.05532455009e-07, 5.01390104546e-07, 4.81385029616e-07, 4.49872629815e-07, 7.12432040473e-07, 7.8303941109e-07, 5.80415587592e-07, 3.92815422856e-07],
        "dvar": [3.84401027986e-05, 3.29726863129e-05, 8.85311601451e-06, 1.74219314886e-06, 3.98310930905e-07, 2.49048810019e-07, 3.85582723084e-07, 4.57022764522e-07, 7.1832140236e-08, 7.09363376927e-08, 2.08634656218e-08, 4.68997596315e-09, 4.85943063566e-09, 6.6421734779e-09, 5.23893151083e-09, 1.80242454295e-09, 8.72644401184e-10, 3.06091652025e-10, 2.58760513017e-10, 6.53260848194e-11, 7.2546878227e-11, 7.21799564563e-11, 3.20854037783e-11, 8.83103798421e-11, 3.44809181207e-11, 2.63031280784e-11, 4.72973986365e-11, 1.96229733851e-11, 3.44052195587e-12, 1.44860902787e-12, 1.57431131933e-12, 1.89304171297e-12, 1.68432433799e-12, 2.68901871256e-12, 2.37117248579e-12, 1.51897136362e-12, 3.74755695226e-12, 4.09079627811e-12, 1.74843418823e-12, 5.21473977281e-13],
        "dvar2": [5.16916152264e-05, 7.80675109127e-05, 2.55235736404e-05, 4.75939714306e-06, 1.00793261026e-06, 5.33386582902e-07, 9.4187976174e-07, 8.65863796662e-07, 1.50905293594e-07, 1.2719063136e-07, 4.54579662801e-08, 1.08064996951e-08, 1.09803588444e-08, 1.7317930201e-08, 1.06970459157e-08, 3.75154174392e-09, 1.75962233673e-09, 7.20431214685e-10, 6.34817809431e-10, 1.57274096524e-10, 1.6546281012e-10, 1.58719468124e-10, 7.00458024916e-11, 2.13550510608e-10, 5.36196399781e-11, 5.09784089942e-11, 9.29924193205e-11, 4.63326321753e-11, 7.82598118254e-12, 2.97924272058e-12, 2.87516863616e-12, 4.37931722136e-12, 3.33412854617e-12, 4.81270969258e-12, 3.53610998989e-12, 2.17221401456e-12, 6.42963850564e-12, 6.62918201236e-12, 2.91578415058e-12, 8.63250931241e-13],
        "max": [0.0681731104851, 0.0554414577782, 0.0255622845143, 0.0130399568006, 0.00716847507283, 0.00919768773019, 0.0100755961612, 0.0117381904274, 0.00416245032102, 0.00532095879316, 0.00248039374128, 0.000869395094924, 0.000991516746581, 0.00174490979407, 0.00146938476246, 0.00082400883548, 0.000456600420875, 0.000243081420194, 0.000378432741854, 0.000185035183677, 0.000201897579245, 0.000189692989807, 0.000125058635604, 0.000290643802145, 0.000192128500203, 9.95428999886e-05, 0.000146138598211, 9.6902687801e-05, 3.18400780088e-05, 2.25050625886e-05, 2.12481736526e-05, 3.3021242416e-05, 2.85283931589e-05, 4.53205866506e-05, 4.89205049234e-05, 3.61359598173e-05, 5.24917013536e-05, 4.38342613052e-05, 3.65126143151e-05, 2.02037044801e-05],
        "mean": [0.00647371076047, 0.00398333137855, 0.0010928028496, 0.00102457008325, 0.000803537666798, 0.000742420263123, 0.000733186432626, 0.00106318132021, 0.000358555553248, 0.000235511761275, 0.000220646412345, 5.02184120705e-05, 6.20003047516e-05, 4.00466342398e-05, 3.90616914956e-05, 3.18592246913e-05, 3.65297455573e-05, 1.23831359815e-05, 6.28667930869e-06, 3.80365781893e-06, 3.71739383809e-06, 5.2046775636e-06, 4.51466848972e-06, 2.02984915632e-06, 1.67404004969e-06, 3.5181203657e-06, 5.58233659831e-06, 3.14250632982e-06, 9.91544084172e-07, 5.65213383652e-07, 5.68635698528e-07, 4.48497729622e-07, 3.97930023155e-07, 4.34399083815e-07, 4.18839647409e-07, 4.33956302004e-07, 7.14499037713e-07, 7.76124295498e-07, 5.08901052854e-07, 3.21783062418e-07],
        "median": [0.00395847298205, 0.00213549635373, 0.000563852488995, 0.000632261275314, 0.000471907842439, 0.000384442333598, 0.000329814560246, 0.000147523620399, 0.000117721021525, 6.89734442858e-05, 3.22468113154e-05, 1.84934033314e-05, 1.42908957059e-05, 6.8871527219e-06, 6.5887988967e-06, 5.30160650669e-06, 4.12398685512e-06, 2.67037012236e-06, 1.4324083395e-06, 1.14589613531e-06, 1.08459119019e-06, 1.43471822867e-06, 1.29051829845e-06, 6.05488708061e-07, 4.62173630922e-07, 8.62914419031e-07, 1.40582949371e-06, 9.97280949377e-07, 3.0667666806e-07, 1.09434274975e-07, 7.01575970652e-08, 3.99065207546e-08, 3.53478597503e-08, 5.74910181683e-08, 7.18643349273e-08, 7.71552279843e-08, 1.39338993677e-07, 1.92834193058e-07, 1.13893669607e-07, 8.80620092403e-08],
        "min": [1.53002363163e-24, 3.50909627558e-24, 3.54326263025e-24, 6.10249306757e-24, 5.17791258792e-24, 1.29951888928e-23, 1.77021128661e-23, 2.81166789915e-24, 4.31429882888e-24, 9.15326746811e-24, 9.57191989482e-24, 1.3265088974e-23, 5.4856168559e-24, 5.31565322399e-24, 9.20551451472e-24, 1.44147243702e-23, 6.51561834035e-24, 1.53443196386e-23, 1.20678134789e-23, 1.58366335301e-23, 1.54987375831e-23, 1.17223815437e-23, 8.00702022953e-24, 6.59114270012e-24, 6.92820008796e-24, 1.01884210031e-23, 8.76944246151e-24, 9.47737807077e-24, 1.17814956245e-23, 1.40155923066e-23, 1.18402681285e-23, 1.19926697445e-23, 1.26569994895e-23, 8.78314497543e-24, 1.02420130576e-23, 1.02581807618e-23, 1.73820104657e-23, 1.19993837397e-23, 8.75661558319e-24, 1.40874086257e-23],
        "stdev": [0.00972595252097, 0.00635193055496, 0.00233632908203, 0.00129881175235, 0.000972226145677, 0.0010324845789, 0.00102835311554, 0.00200859596953, 0.000519083754625, 0.000498339300975, 0.000413825269789, 9.2509224487e-05, 0.000106099840195, 9.14132760954e-05, 9.4801405794e-05, 7.22848053556e-05, 7.29147723177e-05, 2.36073701672e-05, 2.36878586293e-05, 1.02274634628e-05, 9.80394179351e-06, 1.21325783766e-05, 8.79719300428e-06, 8.82315998751e-06, 8.10173969512e-06, 7.72589100961e-06, 1.05836124931e-05, 6.17507839706e-06, 2.3702712042e-06, 1.6039006141e-06, 1.75093725829e-06, 1.64338291597e-06, 1.59068838457e-06, 2.08799701795e-06, 2.11831570596e-06, 1.84399198133e-06, 2.93970060739e-06, 3.01889986076e-06, 1.83993904557e-06, 9.83844529401e-07],
        "var": [9.45941501413e-05, 4.03470221499e-05, 5.45843386135e-06, 1.68691201452e-06, 9.45223689541e-07, 1.0660243106e-06, 1.05751018964e-06, 4.03445801567e-06, 2.6944795195e-07, 2.48342047371e-07, 1.71251357983e-07, 8.55795700971e-09, 1.12571756361e-08, 8.35638669372e-09, 8.98730601051e-09, 5.22509324696e-09, 5.31656452196e-09, 5.57307922033e-10, 5.6111465474e-10, 1.04601001472e-10, 9.61172738623e-11, 1.47199447076e-10, 7.73906008722e-11, 7.78481584751e-11, 6.56381893283e-11, 5.96893853788e-11, 1.12012850384e-10, 3.81315916342e-11, 5.61818603792e-12, 2.57249711984e-12, 3.06578135274e-12, 2.70070727934e-12, 2.53028956294e-12, 4.35973175963e-12, 4.48726125701e-12, 3.40030629521e-12, 8.64183984789e-12, 9.11375575702e-12, 3.38537574709e-12, 9.67950004004e-13]
    },
    "melbands128": {
