{
"lowlevel": {
    "average_loudness": 0.702950596809,
    "barkbands_crest": {
        "dmean": 2.62115645409,
        "dmean2": 4.06953668594,
        "dvar": 9.00955963135,
        "dvar2": 17.2664470673,
        "max": 26.5323085785,
        "mean": 11.6610832214,
        "median": 10.2727861404,
        "min": 2.99954009056,
        "stdev": 5.48821783066,
        "var": 30.1205348969
    },
    "barkbands_flatness_db": {
        "dmean": 0.0291348323226,
        "dmean2": 0.0422650575638,
        "dvar": 0.000955286202952,
        "dvar2": 0.00156014913227,
        "max": 0.555727124214,
        "mean": 0.233854353428,
        "median": 0.208106771111,
        "min": 0.0290519800037,
        "stdev": 0.117780379951,
        "var": 0.013872217387
    },
    "barkbands_kurtosis": {
        "dmean": 7.32366752625,
        "dmean2": 9.04562568665,
        "dvar": 843.81427002,
        "dvar2": 973.972717285,
        "max": 563.129577637,
        "mean": 10.7689599991,
        "median": 2.49616384506,
        "min": -1.88877379894,
        "stdev": 44.6487846375,
        "var": 1993.51391602
    },
    "barkbands_skewness": {
        "dmean": 0.693275928497,
        "dmean2": 0.89554810524,
        "dvar": 1.28825974464,
        "dvar2": 1.31170976162,
        "max": 20.0019950867,
        "mean": 1.9210524559,
        "median": 1.43766582012,
        "min": -2.93636965752,
        "stdev": 2.25242114067,
        "var": 5.07340097427
    },
    "barkbands_spread": {
        "dmean": 5.30205583572,
        "dmean2": 8.05454730988,
        "dvar": 78.3474884033,
        "dvar2": 185.372070312,
        "max": 113.255187988,
        "mean": 16.0711212158,
        "median": 12.6427984238,
        "min": 0.176124721766,
        "stdev": 13.7483987808,
        "var": 189.018478394
    },
    "dissonance": {
        "dmean": 0.0257088150829,
        "dmean2": 0.0432165898383,
        "dvar": 0.000636794255115,
        "dvar2": 0.00161942117848,
        "max": 0.499999910593,
        "mean": 0.444411933422,
        "median": 0.455909222364,
        "min": 0.275500386953,
        "stdev": 0.0415401160717,
        "var": 0.00172558124177
    },
    "dynamic_complexity": 4.98783063889,
    "erbbands_crest": {
        "dmean": 2.71144390106,
        "dmean2": 4.26090335846,
        "dvar": 6.02620267868,
        "dvar2": 14.167757988,
        "max": 26.5917129517,
        "mean": 9.91987228394,
        "median": 8.97799301147,
        "min": 2.42496967316,
        "stdev": 4.37714004517,
        "var": 19.1593532562
    },
    "erbbands_flatness_db": {
        "dmean": 0.0178373996168,
        "dmean2": 0.0260834731162,
        "dvar": 0.000348122994183,
        "dvar2": 0.000695320544764,
        "max": 0.409207314253,
        "mean": 0.224465280771,
        "median": 0.212721332908,
        "min": 0.0717235505581,
        "stdev": 0.0899706631899,
        "var": 0.00809472054243
    },
    "erbbands_kurtosis": {
        "dmean": 1.04407393932,
        "dmean2": 1.61192083359,
        "dvar": 1.97734308243,
        "dvar2": 4.52063655853,
        "max": 16.4175853729,
        "mean": 0.8645003438,
        "median": 0.275084257126,
        "min": -1.61212944984,
        "stdev": 2.19855213165,
        "var": 4.8336315155
    },
    "erbbands_skewness": {
        "dmean": 0.371108829975,
        "dmean2": 0.562219142914,
        "dvar": 0.133027404547,
        "dvar2": 0.29000505805,
        "max": 3.5466299057,
        "mean": 0.471280097961,
        "median": 0.524957597256,
        "min": -3.39995932579,
        "stdev": 0.789425671101,
        "var": 0.62319290638
    },
    "erbbands_spread": {
        "dmean": 7.75884342194,
        "dmean2": 11.6172676086,
        "dvar": 104.300186157,
        "dvar2": 246.600509644,
        "max": 122.251625061,
        "mean": 31.8875789642,
        "median": 25.7337779999,
        "min": 3.53926730156,
        "stdev": 20.7548503876,
        "var": 430.763824463
    },
    "hfc": {
        "dmean": 7.68469285965,
        "dmean2": 10.4962921143,
        "dvar": 246.934692383,
        "dvar2": 488.035766602,
        "max": 213.096618652,
        "mean": 18.6458854675,
        "median": 6.0646572113,
        "min": 7.63269708841e-05,
        "stdev": 27.4999465942,
        "var": 756.247070312
    },
    "loudness_ebu128": {
        "integrated": -14.2889823914,
        "loudness_range": 10.2000608444,
        "momentary": {
            "dmean": 0.680228292942,
            "dmean2": 0.765120446682,
            "dvar": 0.563272297382,
            "dvar2": 0.920599043369,
            "max": -9.26701450348,
            "mean": -16.1282234192,
            "median": -15.0172977448,
            "min": -26.985458374,
            "stdev": 4.29932022095,
            "var": 18.4841537476
        },
        "short_term": {
            "dmean": 0.122651301324,
            "dmean2": 0.0965714156628,
            "dvar": 0.0102997673675,
            "dvar2": 0.00949412956834,
            "max": -11.1348514557,
            "mean": -15.7524471283,
            "median": -13.937286377,
            "min": -24.2434959412,
            "stdev": 3.69686698914,
            "var": 13.6668252945
        }
    },
    "melbands_crest": {
        "dmean": 3.14686107635,
        "dmean2": 4.88444471359,
        "dvar": 11.6491527557,
        "dvar2": 24.2378959656,
        "max": 36.7665634155,
        "mean": 16.5405406952,
        "median": 14.590880394,
        "min": 3.06309604645,
        "stdev": 7.71288776398,
        "var": 59.4886360168
    },
    "melbands_flatness_db": {
        "dmean": 0.0318204462528,
        "dmean2": 0.0435583367944,
        "dvar": 0.00154574750923,
        "dvar2": 0.0022884006612,
        "max": 0.695033013821,
        "mean": 0.307641297579,
        "median": 0.264050513506,
        "min": 0.0247242245823,
        "stdev": 0.159702420235,
        "var": 0.0255048647523
    },
    "melbands_kurtosis": {
        "dmean": 10.6972999573,
        "dmean2": 14.8263683319,
        "dvar": 1077.64855957,
        "dvar2": 1888.18554688,
        "max": 650.07434082,
        "mean": 20.1174602509,
        "median": 6.55868053436,
        "min": -1.79692983627,
        "stdev": 49.7476997375,
        "var": 2474.83349609
    },
    "melbands_skewness": {
        "dmean": 0.791860878468,
        "dmean2": 1.13022613525,
        "dvar": 1.31529664993,
        "dvar2": 2.2391731739,
        "max": 17.9896316528,
        "mean": 2.83276128769,
        "median": 2.16140294075,
        "min": -0.854494094849,
        "stdev": 2.2588224411,
        "var": 5.10227870941
    },
    "melbands_spread": {
        "dmean": 6.96080827713,
        "dmean2": 10.2897148132,
        "dvar": 212.423370361,
        "dvar2": 392.317596436,
        "max": 217.790725708,
        "mean": 18.2584953308,
        "median": 12.855257988,
        "min": 0.311847507954,
        "stdev": 23.2238006592,
        "var": 539.344909668
    },
    "pitch_salience": {
        "dmean": 0.0794035792351,
        "dmean2": 0.123085558414,
        "dvar": 0.0098057128489,
        "dvar2": 0.0202379915863,
        "max": 0.899579167366,
        "mean": 0.529239654541,
        "median": 0.569856643677,
        "min": 0.0555889457464,
        "stdev": 0.17282435298,
        "var": 0.029868254438
    },
    "silence_rate_20dB": {
        "dmean": 0,
        "dmean2": 0,
        "dvar": 0,
        "dvar2": 0,
        "max": 1,
        "mean": 1,
        "median": 1,
        "min": 1,
        "stdev": 0,
        "var": 0
    },
    "silence_rate_30dB": {
        "dmean": 0.0510835908353,
        "dmean2": 0.102246321738,
        "dvar": 0.0484739765525,
        "dvar2": 0.101086758077,
        "max": 1,
        "mean": 0.899458646774,
        "median": 1,
        "min": 0,
        "stdev": 0.300720900297,
        "var": 0.0904330685735
    },
    "silence_rate_60dB": {
        "dmean": 0.0371517017484,
        "dmean2": 0.0735863670707,
        "dvar": 0.035771805793,
        "dvar2": 0.0836639553308,
        "max": 1,
        "mean": 0.0835266858339,
        "median": 0,
        "min": 0,
        "stdev": 0.276674449444,
        "var": 0.0765487477183
    },
    "spectral_centroid": {
        "dmean": 223.501785278,
        "dmean2": 330.394958496,
        "dvar": 129658.640625,
        "dvar2": 243745.765625,
        "max": 4909.58300781,
        "mean": 943.699157715,
        "median": 768.975952148,
        "min": 128.775421143,
        "stdev": 692.330566406,
        "var": 479321.625
    },
    "spectral_complexity": {
        "dmean": 3.23065018654,
        "dmean2": 4.89000797272,
        "dvar": 22.6588630676,
        "dvar2": 45.6377983093,
        "max": 52,
        "mean": 13.4083528519,
        "median": 12,
        "min": 0,
        "stdev": 8.95172214508,
        "var": 80.1333236694
    },
    "spectral_decrease": {
        "dmean": 2.88024915029e-09,
        "dmean2": 3.57840157506e-09,
        "dvar": 3.56839231159e-17,
        "dvar2": 4.63727840786e-17,
        "max": -1.00226850609e-14,
        "mean": -7.84608555904e-09,
        "median": -2.76045097891e-09,
        "min": -5.42970539641e-08,
        "stdev": 1.20443042206e-08,
        "var": 1.45065271297e-16
    },
    "spectral_energy": {
        "dmean": 0.0112577965483,
        "dmean2": 0.013997239992,
        "dvar": 0.000521234702319,
        "dvar2": 0.00068400654709,
        "max": 0.208934500813,
        "mean": 0.0313041843474,
        "median": 0.0120016196743,
        "min": 4.47514132418e-08,
        "stdev": 0.0464985407889,
        "var": 0.00216211425141
    },
    "spectral_energyband_high": {
        "dmean": 0.000565025722608,
        "dmean2": 0.000761362025514,
        "dvar": 2.24564041673e-06,
        "dvar2": 4.00903400077e-06,
        "max": 0.0222128406167,
        "mean": 0.00100007117726,
        "median": 4.41933807451e-05,
        "min": 1.04245745369e-09,
        "stdev": 0.00248017068952,
        "var": 6.15124645265e-06
    },
    "spectral_energyband_low": {
        "dmean": 0.00758082931861,
        "dmean2": 0.00934891216457,
        "dvar": 0.000484244839754,
        "dvar2": 0.000619249534793,
        "max": 0.197128430009,
        "mean": 0.0164076909423,
        "median": 0.00168604892679,
        "min": 2.66693289674e-09,
        "stdev": 0.0406992472708,
        "var": 0.00165642879438
    },
    "spectral_energyband_middle_high": {
        "dmean": 0.00150704220869,
        "dmean2": 0.00221739709377,
        "dvar": 8.2948099589e-06,
        "dvar2": 1.82280291483e-05,
        "max": 0.0346028991044,
        "mean": 0.00357452291064,
        "median": 0.00156582193449,
        "min": 2.9031451021e-08,
        "stdev": 0.00545747997239,
        "var": 2.97840851999e-05
    },
    "spectral_energyband_middle_low": {
        "dmean": 0.00605145609006,
        "dmean2": 0.00997313577682,
        "dvar": 0.000242499474552,
        "dvar2": 0.000601290783379,
        "max": 0.138026744127,
        "mean": 0.0109336711466,
        "median": 0.00496975844726,
        "min": 1.03395274564e-08,
        "stdev": 0.0165750253946,
        "var": 0.00027473148657
    },
    "spectral_entropy": {
        "dmean": 0.187054157257,
        "dmean2": 0.272966772318,
        "dvar": 0.0474825166166,
        "dvar2": 0.0912511721253,
        "max": 8.80109119415,
        "mean": 7.05844211578,
        "median": 7.15278577805,
        "min": 5.14654779434,
        "stdev": 0.845664203167,
        "var": 0.715147972107
    },
    "spectral_flux": {
        "dmean": 0.029856685549,
        "dmean2": 0.0442170202732,
        "dvar": 0.00235172221437,
        "dvar2": 0.00418618274853,
        "max": 0.438426196575,
        "mean": 0.0760353058577,
        "median": 0.0468387007713,
        "min": 0.000211545295315,
        "stdev": 0.0766704827547,
        "var": 0.00587836327031
    },
    "spectral_kurtosis": {
        "dmean": 11.910618782,
        "dmean2": 21.0939655304,
        "dvar": 503.148223877,
        "dvar2": 1494.90466309,
        "max": 240.46043396,
        "mean": 33.5790252686,
        "median": 5.34126663208,
        "min": -1.20953547955,
        "stdev": 55.3199539185,
        "var": 3060.29736328
    },
    "spectral_rms": {
        "dmean": 0.000843707995955,
        "dmean2": 0.00105244631413,
        "dvar": 1.85969679478e-06,
        "dvar2": 2.4045864393e-06,
        "max": 0.0142772039399,
        "mean": 0.00450723385438,
        "median": 0.00342182675377,
        "min": 6.60756495563e-06,
        "stdev": 0.00319773564115,
        "var": 1.02255125967e-05
    },
    "spectral_rolloff": {
        "dmean": 580.313842773,
        "dmean2": 966.059448242,
        "dvar": 1987183.125,
        "dvar2": 4420281,
        "max": 11498.7304688,
        "mean": 1277.40209961,
        "median": 689.0625,
        "min": 43.06640625,
        "stdev": 1879.57543945,
        "var": 3532804
    },
    "spectral_skewness": {
        "dmean": 0.762645542622,
        "dmean2": 1.32480931282,
        "dvar": 1.25645697117,
        "dvar2": 3.83026313782,
        "max": 12.7373762131,
        "mean": 3.1371512413,
        "median": 1.81568026543,
        "min": -0.0634659901261,
        "stdev": 2.82175564766,
        "var": 7.96230459213
    },
    "spectral_spread": {
        "dmean": 592763.3125,
        "dmean2": 873265.375,
        "dvar": 705078165504,
        "dvar2": 1.43208179302e+12,
        "max": 17250610,
        "mean": 4027759.5,
        "median": 3836005.25,
        "min": 356954.65625,
        "stdev": 2904145.75,
        "var": 8.43406324531e+12
    },
    "spectral_strongpeak": {
        "dmean": 0.38488098979,
        "dmean2": 0.620164394379,
        "dvar": 0.445734351873,
        "dvar2": 1.13100445271,
        "max": 8.7898015976,
        "mean": 0.778725266457,
        "median": 0.382531434298,
        "min": 0,
        "stdev": 1.03396677971,
        "var": 1.06908726692
    },
    "zerocrossingrate": {
        "dmean": 0.0128279644996,
        "dmean2": 0.014181336388,
        "dvar": 0.000482618866954,
        "dvar2": 0.000549836899154,
        "max": 0.35595703125,
        "mean": 0.0509300380945,
        "median": 0.037109375,
        "min": 0.00146484375,
        "stdev": 0.0518053472042,
        "var": 0.00268379412591
    },
    "barkbands": {
        "dmean": [0.00017997372197, 0.0072099128738, 0.00198485981673, 0.00184405699838, 0.00241208495572, 0.00148311362136, 0.000762465409935, 0.000488492951263, 0.000741343828849, 0.000413958186982, 0.00031453819247, 0.000324728927808, 0.000334300770191, 0.000260529661318, 0.000273727055173, 0.000131984459586, 9.91628330667e-05, 0.000108703061414, 0.000122733137687, 9.07955763978e-05, 4.90254533361e-05, 8.42935260152e-05, 0.000107256040792, 0.000161420859513, 0.000133647816256, 4.9355738156e-05, 7.06811215423e-06],
        "dmean2": [0.000231072554016, 0.00884552486241, 0.00364567129873, 0.00326516618952, 0.00413333624601, 0.00242238887586, 0.00119611038826, 0.00076500227442, 0.00107485009357, 0.000606079760473, 0.000459000119008, 0.000523803348187, 0.000495425192639, 0.000389162654756, 0.000443113356596, 0.000217363325646, 0.000169754508534, 0.000165897290572, 0.000185978176887, 0.000138544724905, 7.19936870155e-05, 0.000127162013086, 0.000161841817317, 0.000227942335187, 0.000188064237591, 7.48755628592e-05, 1.11845711217e-05],
        "dvar": [2.31616752444e-07, 0.000475287990412, 8.81711093825e-05, 6.10690403846e-05, 3.8853908336e-05, 1.08187032311e-05, 5.36762399861e-06, 2.24212340072e-06, 5.19488958162e-06, 1.65588357959e-06, 6.54090229091e-07, 1.27806094952e-06, 8.31775594179e-07, 5.61989907055e-07, 5.25222617398e-07, 1.11993713858e-07, 9.39769009278e-08, 9.8794160408e-08, 8.70028813438e-08, 8.51451957828e-08, 1.55140593705e-08, 4.12655580817e-08, 1.14784192817e-07, 2.98226694895e-07, 1.66533411061e-07, 1.63852931223e-08, 4.19899531812e-10],
        "dvar2": [3.99122683348e-07, 0.000625668442808, 0.000252432975685, 0.000159727947903, 9.95036534732e-05, 2.51328401646e-05, 1.28745614347e-05, 5.21055244462e-06, 9.55362520472e-06, 2.71550948128e-06, 1.13755049824e-06, 3.08351309286e-06, 1.24988991956e-06, 1.16461694688e-06, 1.33719061068e-06, 2.52292323921e-07, 2.28984632145e-07, 1.96395063767e-07, 1.82529390713e-07, 1.96406674036e-07, 3.06244878345e-08, 8.74705676779e-08, 2.07002713637e-07, 5.93504751123e-07, 3.0473918855e-07, 3.79976938802e-08, 1.00572683515e-09],
        "max": [0.0057417601347, 0.193495541811, 0.0871619284153, 0.0902459323406, 0.0567706488073, 0.0374320782721, 0.0338181219995, 0.019488375634, 0.04239500314, 0.0243278108537, 0.0210746768862, 0.0256257764995, 0.0264977291226, 0.0136363822967, 0.0118417162448, 0.00489245355129, 0.00569044798613, 0.00600993866101, 0.00524049205706, 0.00743368221447, 0.00217978027649, 0.00323023810051, 0.00645522400737, 0.00963301211596, 0.010151331313, 0.00155101495329, 0.000204814728932],
        "mean": [0.00046180645586, 0.0139278126881, 0.00145483971573, 0.0014488811139, 0.00340853980742, 0.00246303877793, 0.00128505402245, 0.000670604407787, 0.00154983287212, 0.000644056941383, 0.000592788332142, 0.000402068515541, 0.000525401323102, 0.000394336413592, 0.00034747380414, 0.000181155759492, 0.000117664683785, 0.000152920911205, 0.000206408556551, 0.000149232364492, 8.06016614661e-05, 0.000118302014016, 0.00017042006948, 0.000272611214314, 0.000208052369999, 6.32302690065e-05, 7.05856291461e-06],
        "median": [5.20075009263e-05, 0.000871174735948, 0.000140813950566, 0.000237708285567, 0.00106869090814, 0.000832074612845, 0.000382773985621, 0.00017933435447, 0.000140036077937, 0.000124793325085, 8.85878762347e-05, 0.000117483315989, 0.000105947066913, 7.72860075813e-05, 7.56416557124e-05, 4.57868445665e-05, 2.86860758933e-05, 2.02669561986e-05, 2.00921222131e-05, 1.5119143427e-05, 6.43536532152e-06, 6.08361733612e-06, 5.22221580468e-06, 7.32422086003e-06, 2.94281358038e-06, 6.69664416364e-07, 2.59001065039e-09],
        "min": [5.82386708303e-11, 1.77689263303e-09, 6.00627492187e-10, 2.18697615573e-10, 4.65295979524e-09, 7.88963283593e-10, 8.86520357124e-10, 3.1187037397e-09, 6.60778209927e-10, 9.25675786023e-11, 1.19023102485e-09, 3.78702624815e-09, 1.80020442997e-09, 3.67506203247e-09, 5.76641534522e-09, 6.72034783378e-09, 2.87753687545e-09, 6.37500163769e-10, 1.37864530902e-09, 7.23103132927e-10, 3.82672948884e-10, 1.29730809428e-10, 3.67305491578e-11, 8.93016780315e-13, 1.76267068433e-13, 2.04234944386e-13, 2.17689540981e-13],
        "stdev": [0.000874181801919, 0.0377881489694, 0.00727140950039, 0.00670454418287, 0.00683290977031, 0.00434583611786, 0.00285615003668, 0.00176303531043, 0.00428434321657, 0.00216470635496, 0.00179171236232, 0.00122177624144, 0.00179498142097, 0.00105151068419, 0.000833761238027, 0.000422670826083, 0.0003213059681, 0.000471003848361, 0.000463112315629, 0.000392908288632, 0.000190245569684, 0.000280557345832, 0.00047148016165, 0.000910115835723, 0.000632218434475, 0.000154888766701, 2.12368086068e-05],
        "var": [7.64193828218e-07, 0.00142794428393, 5.2873394452e-05, 4.49509097962e-05, 4.6688655857e-05, 1.88862904906e-05, 8.15759267425e-06, 3.10829341288e-06, 1.83555966942e-05, 4.68595317216e-06, 3.21023298966e-06, 1.49273716943e-06, 3.22195842273e-06, 1.10567475531e-06, 6.95157837072e-07, 1.78650637395e-07, 1.03237532301e-07, 2.21844629777e-07, 2.144730189e-07, 1.54376920136e-07, 3.61933771842e-08, 7.87124250223e-08, 2.22293550678e-07, 8.28310874113e-07, 3.99700127218e-07, 2.39905286747e-08, 4.51002013513e-10]
    },
    "erbbands": {
        "dmean": [0.237961351871, 1.73736345768, 2.50976157188, 3.9261701107, 8.36091423035, 8.33574199677, 10.1866092682, 12.3122663498, 10.9858455658, 9.2421913147, 13.0250854492, 20.2728996277, 7.4402680397, 15.304066658, 11.550989151, 14.8242645264, 14.765668869, 10.5366840363, 14.0104656219, 12.7858304977, 5.79175281525, 5.1975812912, 5.87978553772, 6.58370113373, 5.2034034729, 4.39226055145, 2.56246995926, 1.98624157906, 3.05103063583, 2.95947980881, 3.09641838074, 3.04917001724, 2.97602200508, 1.86636590958, 0.782345175743, 0.276738166809, 0.0792541801929, 0.0186414606869, 0.000689112755936, 2.52552217717e-05],
        "dmean2": [0.255419850349, 2.08136916161, 4.01859617233, 6.96835947037, 14.6423721313, 13.9409255981, 16.4182071686, 20.7024822235, 16.9285564423, 15.0798864365, 19.395198822, 28.559967041, 11.1666660309, 22.5191707611, 16.779001236, 23.4152507782, 21.3460826874, 16.192440033, 21.9942092896, 19.7933063507, 9.46968460083, 8.83047294617, 8.8104352951, 9.80945968628, 7.80227994919, 6.6005320549, 3.70515370369, 2.96564626694, 4.67064428329, 4.25796508789, 4.6557598114, 4.42977523804, 4.29338359833, 2.66608595848, 1.11154329777, 0.417796224356, 0.123448722064, 0.0289211757481, 0.0010660024127, 3.47362802131e-05],
        "dvar": [0.409549355507, 27.7570171356, 106.553077698, 221.774642944, 938.774475098, 471.48626709, 666.207336426, 889.475891113, 961.901794434, 1571.11914062, 1171.18981934, 4011.62915039, 590.380981445, 1661.66796875, 941.812988281, 2335.77148438, 1811.62963867, 690.829223633, 1484.8248291, 1037.34179688, 216.424179077, 263.135101318, 273.893554688, 420.471710205, 140.675750732, 244.223495483, 39.6178512573, 26.2715530396, 55.6635971069, 60.9936981201, 103.000595093, 124.994728088, 103.868797302, 32.7123298645, 5.49328327179, 0.549397945404, 0.0454070605338, 0.00265840324573, 3.74126625502e-06, 2.6284405763e-09],
        "dvar2": [0.439857393503, 40.7309684753, 284.413360596, 598.381652832, 2450.12719727, 1201.4864502, 1667.48059082, 2170.09692383, 2247.53979492, 4078.08569336, 2556.27392578, 7243.45800781, 1159.67907715, 2459.55053711, 1785.82434082, 5478.56103516, 2598.58569336, 1512.14599609, 3705.81298828, 2303.12304688, 560.319885254, 670.508483887, 530.962646484, 919.337219238, 318.958068848, 562.310913086, 83.8414840698, 52.6510505676, 119.277656555, 112.645683289, 189.334152222, 260.542755127, 219.123474121, 62.0938415527, 10.5670967102, 1.22045505047, 0.109788179398, 0.00610195100307, 8.62753040565e-06, 5.34295097054e-09],
        "max": [6.97035264969, 47.9928474426, 99.5518951416, 128.478057861, 338.765258789, 257.470275879, 337.233398438, 444.469482422, 492.731994629, 844.190490723, 505.157440186, 1300.45178223, 592.697998047, 925.848205566, 836.43737793, 1195.07043457, 1223.26538086, 463.626098633, 659.406005859, 517.677978516, 180.632446289, 269.153411865, 308.285919189, 503.318328857, 151.027618408, 428.870666504, 109.927253723, 86.9909515381, 125.543701172, 169.066741943, 177.045471191, 228.628585815, 204.484603882, 133.052612305, 54.4468612671, 12.9183063507, 2.16411423683, 0.507745206356, 0.020754205063, 0.000465242570499],
        "mean": [0.46696972847, 2.82857465744, 2.3838031292, 3.22463083267, 8.80905628204, 11.9096431732, 15.8772277832, 18.8911628723, 20.5332183838, 12.0096540451, 22.1859169006, 42.3970222473, 12.4257354736, 26.7716159821, 21.8853473663, 20.2740955353, 24.9927272797, 16.1635932922, 20.6288986206, 18.8030929565, 7.96380758286, 6.36340904236, 8.26069927216, 10.2187843323, 8.90059566498, 7.34086418152, 4.39496803284, 3.05898070335, 4.29672527313, 4.46106481552, 4.89497423172, 5.09219169617, 4.74815034866, 2.88964939117, 1.15790247917, 0.373098105192, 0.0994150266051, 0.0204601604491, 0.000762215291616, 5.56830455025e-05],
        "median": [0.0352831073105, 0.108914710581, 0.207034245133, 0.608185529709, 2.27560448647, 3.30618715286, 4.43391466141, 6.6664648056, 6.72323274612, 3.8511993885, 6.72099637985, 4.4497833252, 3.41636800766, 6.19573545456, 5.20933198929, 6.84169006348, 5.15629673004, 5.2295384407, 5.3144288063, 4.13054037094, 2.29556560516, 1.57927787304, 1.44666826725, 1.28425824642, 0.88028138876, 0.670543968678, 0.357167690992, 0.23267634213, 0.228807479143, 0.161442577839, 0.167573720217, 0.142131507397, 0.10587888211, 0.043287076056, 0.0133825410157, 0.00463054329157, 0.000830420001876, 0.000127039427753, 1.13361211334e-05, 1.64081011462e-05],
        "min": [5.66742244246e-08, 3.71420014744e-07, 7.71692953094e-07, 7.28883549073e-07, 4.44667330157e-06, 1.97781464522e-05, 1.76815556188e-05, 4.75296565128e-06, 1.02976955532e-05, 4.4438354962e-05, 4.54256369267e-05, 2.05776359508e-05, 5.17186572324e-06, 7.62602076065e-06, 0.000137757815537, 9.68798485701e-05, 9.43661361816e-05, 6.59254510538e-05, 0.000319748476613, 0.00033367969445, 0.000410595705034, 0.000144710342283, 6.0240545281e-05, 8.70163785294e-05, 4.30358595622e-05, 3.92572037526e-05, 1.99282530957e-05, 7.86613327364e-06, 6.39207746644e-06, 2.81000257019e-06, 1.5744861912e-06, 9.79762262432e-07, 7.77234788529e-07, 5.98744065883e-07, 4.85902546643e-07, 3.68292973008e-07, 4.07104288058e-08, 1.1476551931e-09, 1.46523335132e-10, 7.25561763448e-11],
        "stdev": [1.20359098911, 8.37008953094, 9.37385559082, 12.512843132, 27.417848587, 25.5010414124, 31.2590694427, 36.5956077576, 43.2055435181, 36.8819770813, 45.8512458801, 118.156242371, 36.2303962708, 76.967666626, 60.038860321, 54.3315620422, 87.6628494263, 34.1257896423, 45.3036499023, 45.7065391541, 17.1839675903, 16.8775844574, 24.5726833344, 27.2130336761, 19.5388183594, 20.3233985901, 10.1368217468, 7.43599748611, 10.2068595886, 11.4084787369, 13.8754034042, 16.622220993, 16.4039344788, 8.87899494171, 3.47652387619, 0.963721394539, 0.242942392826, 0.0562694817781, 0.00211181677878, 7.95953164925e-05],
        "var": [1.44863128662, 70.0583953857, 87.8691635132, 156.571243286, 751.73840332, 650.303161621, 977.129455566, 1339.23852539, 1866.71887207, 1360.28027344, 2102.33691406, 13960.8974609, 1312.64147949, 5924.02197266, 3604.66479492, 2951.91870117, 7684.77490234, 1164.56945801, 2052.4206543, 2089.08764648, 295.288726807, 284.852844238, 603.816772461, 740.549194336, 381.765441895, 413.040557861, 102.755149841, 55.2940597534, 104.179985046, 130.153381348, 192.526809692, 276.298217773, 269.089050293, 78.836555481, 12.0862178802, 0.928758978844, 0.0590210035443, 0.00316625437699, 4.45977048003e-06, 6.33541397121e-09]
    },
    "gfcc": {
        "mean": [-90.7353210449, 141.441635132, -114.342834473, 1.69840347767, -50.9665031433, 0.681508660316, -35.9229393005, -7.24312019348, -20.3373565674, -2.77719807625, -6.81900215149, -4.12470674515, -6.17267417908],
        "cov": [[18205.6699219, -11827.0224609, -1166.56103516, 1907.92651367, -3765.6328125, 1580.49743652, -2330.63623047, 1033.99401855, -1968.35546875, 115.517181396, -1211.00280762, 31.2725448608, -827.607177734], [-11827.0224609, 10395.1396484, 369.241394043, -979.079650879, 3583.33056641, -1170.7355957, 2189.54516602, -728.891784668, 1950.29492188, -113.339447021, 1160.38085938, 12.4613761902, 758.745056152], [-1166.56103516, 369.241394043, 1687.00537109, -235.485366821, 224.676574707, 229.390655518, 162.200866699, 268.826416016, -56.5226402283, 214.840637207, 88.6721801758, 92.2097167969, 2.36628079414], [1907.92651367, -979.079650879, -235.485366821, 908.809326172, -95.5350723267, 294.306304932, -39.0482978821, 132.373458862, 64.2965316772, 4.75099754333, -35.3097686768, 79.4657058716, 28.9290466309], [-3765.6328125, 3583.33056641, 224.676574707, -95.5350723267, 1592.98474121, -305.227905273, 876.778259277, -140.829345703, 768.217346191, 23.868642807, 430.03604126, 56.3154525757, 309.545349121], [1580.49743652, -1170.7355957, 229.390655518, 294.306304932, -305.227905273, 454.217346191, -113.230384827, 222.501602173, -171.502670288, 78.3439941406, -36.2897491455, 16.7614746094, -27.6008300781], [-2330.63623047, 2189.54516602, 162.200866699, -39.0482978821, 876.778259277, -113.230384827, 694.369995117, -79.1584777832, 498.753295898, 43.0239524841, 298.723083496, 46.2331428528, 194.114898682], [1033.99401855, -728.891784668, 268.826416016, 132.373458862, -140.829345703, 222.501602173, -79.1584777832, 285.583312988, -106.039512634, 87.7493972778, -14.1980657578, 22.1982078552, -17.1618652344], [-1968.35546875, 1950.29492188, -56.5226402283, 64.2965316772, 768.217346191, -171.502670288, 498.753295898, -106.039512634, 555.678222656, 4.93145561218, 261.041900635, 44.8586082458, 196.350112915], [115.517181396, -113.339447021, 214.840637207, 4.75099754333, 23.868642807, 78.3439941406, 43.0239524841, 87.7493972778, 4.93145561218, 125.311752319, 35.6532745361, 30.2006454468, -1.88431477547], [-1211.00280762, 1160.38085938, 88.6721801758, -35.3097686768, 430.03604126, -36.2897491455, 298.723083496, -14.1980657578, 261.041900635, 35.6532745361, 260.667022705, 35.6499862671, 122.532348633], [31.2725448608, 12.4613761902, 92.2097167969, 79.4657058716, 56.3154525757, 16.7614746094, 46.2331428528, 22.1982078552, 44.8586082458, 30.2006454468, 35.6499862671, 99.1504364014, 25.3048667908], [-827.607177734, 758.745056152, 2.36628079414, 28.9290466309, 309.545349121, -27.6008300781, 194.114898682, -17.1618652344, 196.350112915, -1.88431477547, 122.532348633, 25.3048667908, 155.149093628]],
        "icov": [[0.000315906800097, 0.000212592349271, 0.000267793133389, -0.000208759651287, -7.7180833614e-05, -0.000270858698059, 0.000122501471196, -0.000460863957414, 6.46264015813e-05, -4.48323626188e-05, 7.45418146835e-05, -0.000237125132116, 0.000479332782561], [0.000212592349271, 0.00212298706174, -0.000467404257506, 0.000853332167026, -0.00171674462035, 0.00114648335148, -0.00125279382337, 0.00103825819679, -0.00175136968028, 0.00215397356078, -0.00234270654619, 0.00159382738639, -0.000256000319496], [0.000267793133389, -0.000467404257506, 0.00152280868497, 8.02556533017e-05, -5.8854893723e-06, -0.00131266866811, 0.00040169962449, -0.00140071194619, 0.00103272462729, -0.0015333086485, 0.00111155456398, -0.00178009923548, 0.00088365591364], [-0.000208759651287, 0.000853332167026, 8.02556533017e-05, 0.00300479098223, -0.00100361194927, -0.00131018762477, -0.000190783655853, 0.000439483497757, -0.00271460600197, 0.00182685791515, 2.3408270863e-05, -0.00103189097717, -0.000184155913303], [-7.7180833614e-05, -0.00171674462035, -5.8854893723e-06, -0.00100361194927, 0.00458377366886, 0.000336948956829, -0.00103255268186, -0.00142316624988, -4.80386661366e-05, -0.00141911511309, 0.00143025582656, -0.000677937583532, -0.000755219836719], [-0.000270858698059, 0.00114648335148, -0.00131266866811, -0.00131018762477, 0.000336948956829, 0.00744481245056, -0.00261469604447, -0.000880681618582, 0.00110256241169, 0.000401239609346, -0.00314241927117, 0.00330214295536, -0.00240845535882], [0.000122501471196, -0.00125279382337, 0.00040169962449, -0.000190783655853, -0.00103255268186, -0.00261469604447, 0.0075967325829, 5.40308928976e-06, -0.0016669241013, -0.00237282086164, 0.000383383856388, -0.00151399534661, 0.000925399654079], [-0.000460863957414, 0.00103825819679, -0.00140071194619, 0.000439483497757, -0.00142316624988, -0.000880681618582, 5.40308928976e-06, 0.00877739582211, -0.000589498900808, -0.00143135967664, -0.00213686027564, 0.00189612340182, -0.00184253719635], [6.46264015813e-05, -0.00175136968028, 0.00103272462729, -0.00271460600197, -4.80386661366e-05, 0.00110256241169, -0.0016669241013, -0.000589498900808, 0.0115304021165, -0.00308191031218, -0.000290484895231, -0.00137983111199, -0.00246290583163], [-4.48323626188e-05, 0.00215397356078, -0.0015333086485, 0.00182685791515, -0.00141911511309, 0.000401239609346, -0.00237282086164, -0.00143135967664, -0.00308191031218, 0.0157592594624, -0.00384382740594, -0.000626238354016, 0.00185252528172], [7.45418146835e-05, -0.00234270654619, 0.00111155456398, 2.3408270863e-05, 0.00143025582656, -0.00314241927117, 0.000383383856388, -0.00213686027564, -0.000290484895231, -0.00384382740594, 0.0129634784535, -0.00371168507263, -0.00160737277474], [-0.000237125132116, 0.00159382738639, -0.00178009923548, -0.00103189097717, -0.000677937583532, 0.00330214295536, -0.00151399534661, 0.00189612340182, -0.00137983111199, -0.000626238354016, -0.00371168507263, 0.0153725296259, -0.00263304938562], [0.000479332782561, -0.000256000319496, 0.00088365591364, -0.000184155913303, -0.000755219836719, -0.00240845535882, 0.000925399654079, -0.00184253719635, -0.00246290583163, 0.00185252528172, -0.00160737277474, -0.00263304938562, 0.0148301580921]]
    },
    "melbands": {
        "dmean": [0.00205694977194, 0.00143289042171, 0.000830713834148, 0.000588887312915, 0.000338415935403, 0.000270722899586, 0.00016612377658, 9.6928270068e-05, 0.000117708470498, 0.000114968468552, 3.6404668208e-05, 6.48491259199e-05, 4.42976343038e-05, 3.79774937755e-05, 3.58169672836e-05, 2.6845258617e-05, 2.17651922867e-05, 2.51251021837e-05, 1.79617400136e-05, 1.34404881464e-05, 6.9014786277e-06, 5.68369159737e-06, 5.46240562471e-06, 5.66149992665e-06, 5.71669352212e-06, 4.43053431809e-06, 3.27499810737e-06, 3.01377690448e-06, 2.03865079129e-06, 9.82427422969e-07, 1.32654565732e-06, 1.80220581569e-06, 1.7220107793e-06, 1.74839249212e-06, 1.90163018488e-06, 1.78990956101e-06, 2.0748316274e-06, 2.13636326407e-06, 2.02763249035e-06, 1.50291657519e-06],
        "dmean2": [0.00238386774436, 0.00178393058013, 0.00146047805902, 0.00101227953564, 0.0005482112756, 0.000448299746495, 0.000254538987065, 0.000158039474627, 0.000175502413185, 0.000165319870575, 5.47726158402e-05, 9.5594652521e-05, 6.2429200625e-05, 6.22358274995e-05, 5.36258412467e-05, 4.07138868468e-05, 3.35041331709e-05, 3.86129722756e-05, 2.92589211313e-05, 2.10906709981e-05, 1.15824905151e-05, 9.77049876383e-06, 8.69240193424e-06, 8.44046826387e-06, 8.58544353832e-06, 6.79849381413e-06, 5.22868594999e-06, 4.49662047686e-06, 3.00871556647e-06, 1.46383661104e-06, 2.05489300242e-06, 2.80792232843e-06, 2.61228387899e-06, 2.62658318206e-06, 2.8430281418e-06, 2.6701702609e-06, 3.05086587105e-06, 3.11283974952e-06, 3.04083846459e-06, 2.1479197585e-06],
        "dvar": [3.50135851477e-05, 2.22940943786e-05, 1.0188286069e-05, 2.51087703873e-06, 7.14151099146e-07, 3.95614932813e-07, 2.11856260535e-07, 1.47551205032e-07, 8.95951757229e-08, 1.2843062791e-07, 1.54218806614e-08, 3.25402069734e-08, 1.4145482119e-08, 2.12915143294e-08, 1.07456754606e-08, 4.28054791612e-09, 3.53828677468e-09, 4.70384575735e-09, 2.3150945605e-09, 9.826335301e-10, 3.87990778394e-10, 3.60070889771e-10, 2.26428278904e-10, 3.01202313091e-10, 3.52741558185e-10, 1.01827671295e-10, 9.89910792226e-11, 1.06151358537e-10, 2.66115775249e-11, 6.28362769803e-12, 1.21508896694e-11, 1.94689542266e-11, 1.91398823873e-11, 2.44691645418e-11, 4.22372518905e-11, 3.72135273985e-11, 5.97319693707e-11, 5.14148550124e-11, 5.24737787944e-11, 1.94775740675e-11],
        "dvar2": [3.95050919906e-05, 4.66625024274e-05, 2.70352156804e-05, 6.379923434e-06, 1.7882746306e-06, 9.32489967909e-07, 4.90644936235e-07, 3.77287818765e-07, 1.8836986726e-07, 2.37925704027e-07, 2.99569542506e-08, 4.79080490834e-08, 2.23614513573e-08, 5.55291670423e-08, 1.8245202682e-08, 7.8926891689e-09, 7.72422126261e-09, 1.07807762717e-08, 5.6816866767e-09, 2.06373362843e-09, 9.8339392185e-10, 9.0335772196e-10, 4.99549845934e-10, 5.24559062853e-10, 7.93125454202e-10, 2.33800978577e-10, 2.56451054836e-10, 2.33663838278e-10, 5.94511870289e-11, 1.18187994114e-11, 2.61838085935e-11, 4.245337068e-11, 4.19431191168e-11, 4.41202144263e-11, 8.19585371792e-11, 7.55429885313e-11, 1.28800192734e-10, 1.04082763241e-10, 1.17442847114e-10, 3.64583502277e-11],
        "max": [0.050508543849, 0.042383056134, 0.0328459106386, 0.0154668418691, 0.01073958911, 0.00874070171267, 0.00757604278624, 0.00785772781819, 0.0040158056654, 0.00750831095502, 0.0029224534519, 0.00408279942349, 0.00349406688474, 0.00323152635247, 0.00273363501765, 0.0014418651117, 0.00105869676918, 0.00106907403097, 0.000644790241495, 0.000472987128887, 0.000279950152617, 0.000345334672602, 0.000325423869072, 0.00048615410924, 0.000459908536868, 0.00011821143562, 0.000219873327296, 0.00027241036878, 8.95859120646e-05, 4.35972178821e-05, 5.64956681046e-05, 7.69409889472e-05, 6.08929294685e-05, 0.000114776928967, 0.00011884902051, 0.000113829795737, 0.000144983583596, 0.0001495496399, 0.000136405535159, 0.000103576319816],
        "mean": [0.00409306120127, 0.00203802296892, 0.000724490033463, 0.000799838278908, 0.000530481222086, 0.000436059664935, 0.000304996065097, 0.000122374171042, 0.000221862981562, 0.000233964965446, 5.38509520993e-05, 0.000108929911221, 8.61892767716e-05, 4.7917230404e-05, 5.71214877709e-05, 4.14118330809e-05, 3.12752017635e-05, 3.70764610125e-05, 2.35841544054e-05, 1.97069148271e-05, 8.11698009784e-06, 6.46414218863e-06, 6.8071340138e-06, 8.06927437225e-06, 8.28637348604e-06, 7.20349180483e-06, 5.24817824044e-06, 4.8410574891e-06, 3.21681841342e-06, 1.64075265729e-06, 1.83220777217e-06, 2.42979513132e-06, 2.33591163123e-06, 2.6238526516e-06, 2.85115356746e-06, 2.71837961918e-06, 3.32293598149e-06, 3.39357484336e-06, 3.0790395158e-06, 2.22993276111e-06],
        "median": [0.00028464346542, 0.000134387417347, 0.000162098964211, 0.00024573423434, 0.000159651142894, 0.000154548775754, 9.44932326092e-05, 3.73030270566e-05, 5.1479688409e-05, 2.23529987124e-05, 1.29433383336e-05, 2.44543261942e-05, 1.34218744279e-05, 1.49977686306e-05, 1.38697305374e-05, 1.03972824945e-05, 8.59040301293e-06, 8.08696950116e-06, 5.01178556078e-06, 4.3493459998e-06, 1.90620505691e-06, 1.43606632719e-06, 1.41015812005e-06, 1.00559020666e-06, 8.48741592563e-07, 6.20011519459e-07, 5.60259763915e-07, 3.80364411967e-07, 2.53886071278e-07, 1.28047233261e-07, 1.16026740216e-07, 1.26184247051e-07, 9.00333887444e-08, 7.79326114753e-08, 8.89545006544e-08, 8.64342837303e-08, 7.41597077081e-08, 6.89041215196e-08, 5.3711502801e-08, 2.99192812747e-08],
        "min": [5.09545960981e-10, 4.24546231503e-10, 2.01028194091e-10, 8.67944660587e-10, 7.3884437457e-10, 1.11260708979e-10, 1.46108181109e-10, 5.92376814268e-10, 3.01324215579e-10, 1.17091961127e-10, 2.06635472622e-11, 1.57080928126e-11, 3.02341374159e-10, 5.34443711508e-10, 1.39138631172e-10, 1.58356563973e-10, 1.06778613729e-10, 5.99451932537e-10, 3.50283274608e-10, 4.06323058533e-10, 3.88089088643e-10, 1.48676959633e-10, 9.47069783708e-11, 2.99232444378e-11, 6.04105029889e-11, 3.45807410485e-11, 1.47006677664e-11, 1.81733343652e-11, 1.06831262586e-11, 4.75479421461e-12, 3.48659079039e-12, 3.20960424037e-12, 1.32458475612e-12, 7.44147473676e-13, 4.83804023319e-13, 1.93053675802e-13, 2.20544475694e-14, 1.68637261189e-15, 1.94869966856e-15, 1.2233363338e-15],
        "stdev": [0.010785090737, 0.00620556762442, 0.00272782403044, 0.00171928189229, 0.0010119273793, 0.000819536973722, 0.000642060884275, 0.000371006637579, 0.000458288908703, 0.000654455390759, 0.000182328425581, 0.000336312223226, 0.000268253701506, 0.000151347092469, 0.000183384458069, 0.000117565279652, 7.52100531827e-05, 8.85927438503e-05, 5.84262998018e-05, 4.48901446362e-05, 2.13631956285e-05, 1.92744464584e-05, 1.80500865099e-05, 2.89897379844e-05, 2.31397425523e-05, 1.5704681573e-05, 1.30555708893e-05, 1.37064616865e-05, 7.98074415798e-06, 3.7766492369e-06, 4.7135654313e-06, 5.91560046814e-06, 5.88478133068e-06, 7.01364797351e-06, 8.30518547446e-06, 8.47795945447e-06, 1.13973264888e-05, 1.20152353702e-05, 1.05394319689e-05, 6.69614291837e-06],
        "var": [0.000116318173241, 3.85090679629e-05, 7.44102453609e-06, 2.95593031296e-06, 1.02399712887e-06, 6.71640805194e-07, 4.12242144421e-07, 1.37645926657e-07, 2.10028730407e-07, 4.28311835776e-07, 3.324365494e-08, 1.13105905086e-07, 7.19600521393e-08, 2.29059402557e-08, 3.36298597858e-08, 1.38215945356e-08, 5.65655255969e-09, 7.84867371095e-09, 3.41363248779e-09, 2.01512517783e-09, 4.56386095582e-10, 3.7150427179e-10, 3.25805604717e-10, 8.40404856817e-10, 5.3544768619e-10, 2.46637016366e-10, 1.70447933545e-10, 1.87867083001e-10, 6.36922806163e-11, 1.42630794328e-11, 2.22176981673e-11, 3.49943268807e-11, 3.46306525123e-11, 4.91912587053e-11, 6.89761026074e-11, 7.18758039198e-11, 1.2989904985e-10, 1.44365880361e-10, 1.11079624665e-10, 4.48383274954e-11]
    },
    "melbands128": {
