{
"lowlevel": {
    "average_loudness": 0.964038550854,
    "barkbands_crest": {
        "dmean": 3.19191765785,
        "dmean2": 4.62358188629,
        "dvar": 8.43598937988,
        "dvar2": 18.3799171448,
        "max": 26.8149242401,
        "mean": 11.613079071,
        "median": 10.3770589828,
        "min": 2.8770031929,
        "stdev": 5.24716949463,
        "var": 27.5327854156
    },
    "barkbands_flatness_db": {
        "dmean": 0.0304866675287,
        "dmean2": 0.0398851744831,
        "dvar": 0.00102345377672,
        "dvar2": 0.00185160210822,
        "max": 0.489635944366,
        "mean": 0.17364808917,
        "median": 0.165585488081,
        "min": 0.0281965024769,
        "stdev": 0.0713161453605,
        "var": 0.00508599309251
    },
    "barkbands_kurtosis": {
        "dmean": 6.38328886032,
        "dmean2": 9.49831104279,
        "dvar": 472.087280273,
        "dvar2": 867.184448242,
        "max": 586.396118164,
        "mean": 7.79939985275,
        "median": 1.49611711502,
        "min": -1.89582264423,
        "stdev": 29.0750617981,
        "var": 845.35925293
    },
    "barkbands_skewness": {
        "dmean": 0.809124052525,
        "dmean2": 1.10701036453,
        "dvar": 1.25002408028,
        "dvar2": 2.38801312447,
        "max": 22.3750553131,
        "mean": 1.60766625404,
        "median": 1.14117729664,
        "min": -3.26498317719,
        "stdev": 1.9440510273,
        "var": 3.77933454514
    },
    "barkbands_spread": {
        "dmean": 7.20112276077,
        "dmean2": 10.2918577194,
        "dvar": 100.81414032,
        "dvar2": 170.357330322,
        "max": 115.853302002,
        "mean": 20.0510215759,
        "median": 16.4654083252,
        "min": 0.476895749569,
        "stdev": 16.2173728943,
        "var": 263.003204346
    },
    "dissonance": {
        "dmean": 0.0304808728397,
        "dmean2": 0.0503859557211,
        "dvar": 0.00100359867793,
        "dvar2": 0.00263725104742,
        "max": 0.499999910593,
        "mean": 0.443021386862,
        "median": 0.453363776207,
        "min": 0.0828113108873,
        "stdev": 0.0436358973384,
        "var": 0.00190409168135
    },
    "dynamic_complexity": 2.49156498909,
    "erbbands_crest": {
        "dmean": 3.22006702423,
        "dmean2": 5.25438070297,
        "dvar": 7.81759738922,
        "dvar2": 19.4756526947,
        "max": 27.9736499786,
        "mean": 10.6321392059,
        "median": 9.73093605042,
        "min": 3.10544037819,
        "stdev": 4.42473983765,
        "var": 19.5783233643
    },
    "erbbands_flatness_db": {
        "dmean": 0.023017751053,
        "dmean2": 0.0333881415427,
        "dvar": 0.000491732207593,
        "dvar2": 0.00097829522565,
        "max": 0.400396972895,
        "mean": 0.188236132264,
        "median": 0.187766894698,
        "min": 0.0596062317491,
        "stdev": 0.0560269355774,
        "var": 0.00313901761547
    },
    "erbbands_kurtosis": {
        "dmean": 1.29621195793,
        "dmean2": 2.05816435814,
        "dvar": 2.55039072037,
        "dvar2": 6.05736160278,
        "max": 16.7770938873,
        "mean": 1.22665262222,
        "median": 0.355689525604,
        "min": -1.78081989288,
        "stdev": 2.63033485413,
        "var": 6.91866111755
    },
    "erbbands_skewness": {
        "dmean": 0.471548587084,
        "dmean2": 0.693670213223,
        "dvar": 0.209959477186,
        "dvar2": 0.429987043142,
        "max": 3.39323377609,
        "mean": 0.531102836132,
        "median": 0.52170675993,
        "min": -2.31983089447,
        "stdev": 0.806081116199,
        "var": 0.649766743183
    },
    "erbbands_spread": {
        "dmean": 9.81325435638,
        "dmean2": 15.0481672287,
        "dvar": 152.94670105,
        "dvar2": 335.451171875,
        "max": 134.605651855,
        "mean": 32.2840232849,
        "median": 27.5192108154,
        "min": 4.06011009216,
        "stdev": 21.1691169739,
        "var": 448.131530762
    },
    "hfc": {
        "dmean": 8.98702144623,
        "dmean2": 12.7761592865,
        "dvar": 170.261734009,
        "dvar2": 392.005706787,
        "max": 108.250564575,
        "mean": 21.2709503174,
        "median": 17.712928772,
        "min": 1.18464691279e-16,
        "stdev": 17.7350635529,
        "var": 314.532501221
    },
    "loudness_ebu128": {
        "integrated": -8.79116249084,
        "loudness_range": 2.24623203278,
        "momentary": {
            "dmean": 0.801916718483,
            "dmean2": 1.24399530888,
            "dvar": 1.30564129353,
            "dvar2": 2.8274743557,
            "max": -5.6444940567,
            "mean": -9.12360954285,
            "median": -9.00796318054,
            "min": -29.8575363159,
            "stdev": 1.98606872559,
            "var": 3.94446921349
        },
        "short_term": {
            "dmean": 0.0687157660723,
            "dmean2": 0.0781556591392,
            "dvar": 0.00337194651365,
            "dvar2": 0.00518805393949,
            "max": -7.62442684174,
            "mean": -8.89365768433,
            "median": -8.81827831268,
            "min": -10.368888855,
            "stdev": 0.801914453506,
            "var": 0.643066823483
        }
    },
    "melbands_crest": {
        "dmean": 3.95229434967,
        "dmean2": 5.79098653793,
        "dvar": 14.1266403198,
        "dvar2": 29.9174232483,
        "max": 39.4188613892,
        "mean": 17.1760253906,
        "median": 15.4621458054,
        "min": 2.48441267014,
        "stdev": 7.59622812271,
        "var": 57.7026786804
    },
    "melbands_flatness_db": {
        "dmean": 0.0376588255167,
        "dmean2": 0.0465537570417,
        "dvar": 0.00147855852265,
        "dvar2": 0.0025543468073,
        "max": 0.593669652939,
        "mean": 0.24422635138,
        "median": 0.232657670975,
        "min": 0.00684351660311,
        "stdev": 0.0889007821679,
        "var": 0.00790334865451
    },
    "melbands_kurtosis": {
        "dmean": 12.8688154221,
        "dmean2": 19.7986545563,
        "dvar": 1335.03881836,
        "dvar2": 3348.29516602,
        "max": 658.088745117,
        "mean": 16.917798996,
        "median": 5.09463500977,
        "min": -1.45148789883,
        "stdev": 41.5539169312,
        "var": 1726.72790527
    },
    "melbands_skewness": {
        "dmean": 1.04189145565,
        "dmean2": 1.46146762371,
        "dvar": 1.91931378841,
        "dvar2": 4.27598237991,
        "max": 19.1984386444,
        "mean": 2.50073933601,
        "median": 1.86008417606,
        "min": -1.89159762859,
        "stdev": 2.3672118187,
        "var": 5.60369157791
    },
    "melbands_spread": {
        "dmean": 8.2161397934,
        "dmean2": 11.6510877609,
        "dvar": 144.67237854,
        "dvar2": 286.861724854,
        "max": 193.835189819,
        "mean": 21.3401889801,
        "median": 18.2298088074,
        "min": 0.506501615047,
        "stdev": 16.9652805328,
        "var": 287.820739746
    },
    "pitch_salience": {
        "dmean": 0.0905991271138,
        "dmean2": 0.139075830579,
        "dvar": 0.00859886687249,
        "dvar2": 0.0208788719028,
        "max": 0.871643900871,
        "mean": 0.48981487751,
        "median": 0.500601053238,
        "min": 0.0269396137446,
        "stdev": 0.150518029928,
        "var": 0.022655678913
    },
    "silence_rate_20dB": {
        "dmean": 0,
        "dmean2": 0,
        "dvar": 0,
        "dvar2": 0,
        "max": 1,
        "mean": 1,
        "median": 1,
        "min": 1,
        "stdev": 0,
        "var": 0
    },
    "silence_rate_30dB": {
        "dmean": 0.0108359130099,
        "dmean2": 0.0216886140406,
        "dvar": 0.0107184182853,
        "dvar2": 0.0227672941983,
        "max": 1,
        "mean": 0.989945888519,
        "median": 1,
        "min": 0,
        "stdev": 0.0997650027275,
        "var": 0.00995305646211
    },
    "silence_rate_60dB": {
        "dmean": 0.0208978336304,
        "dmean2": 0.0418280400336,
        "dvar": 0.0204611755908,
        "dvar2": 0.0462755151093,
        "max": 1,
        "mean": 0.0425367355347,
        "median": 0,
        "min": 0,
        "stdev": 0.201809808612,
        "var": 0.0407272018492
    },
    "spectral_centroid": {
        "dmean": 315.751647949,
        "dmean2": 463.079772949,
        "dvar": 222570.453125,
        "dvar2": 350990.96875,
        "max": 11064.6679688,
        "mean": 1279.62854004,
        "median": 1206.09838867,
        "min": 161.616821289,
        "stdev": 699.80670166,
        "var": 489729.4375
    },
    "spectral_complexity": {
        "dmean": 4.60448932648,
        "dmean2": 6.44151830673,
        "dvar": 31.7084274292,
        "dvar2": 56.7143859863,
        "max": 52,
        "mean": 16.3132247925,
        "median": 15,
        "min": 0,
        "stdev": 9.43279838562,
        "var": 88.9776763916
    },
    "spectral_decrease": {
        "dmean": 2.76316081127e-09,
        "dmean2": 3.64493635274e-09,
        "dvar": 1.38938119506e-17,
        "dvar2": 2.49139140808e-17,
        "max": 5.87435942123e-30,
        "mean": -8.92943052833e-09,
        "median": -7.42668904152e-09,
        "min": -3.55440192834e-08,
        "stdev": 6.42361541736e-09,
        "var": 4.12628361399e-17
    },
    "spectral_energy": {
        "dmean": 0.0109994383529,
        "dmean2": 0.0146917495877,
        "dvar": 0.000214983243495,
        "dvar2": 0.000391918903915,
        "max": 0.136187419295,
        "mean": 0.0356310233474,
        "median": 0.0299690701067,
        "min": 1.07229256497e-20,
        "stdev": 0.0250699948519,
        "var": 0.000628504669294
    },
    "spectral_energyband_high": {
        "dmean": 0.000478480447782,
        "dmean2": 0.000654793519061,
        "dvar": 8.35969615309e-07,
        "dvar2": 1.83943404863e-06,
        "max": 0.00948194600642,
        "mean": 0.000731795385946,
        "median": 0.000225952666369,
        "min": 7.96286789923e-21,
        "stdev": 0.00119294889737,
        "var": 1.42312705975e-06
    },
    "spectral_energyband_low": {
        "dmean": 0.0063940808177,
        "dmean2": 0.0076100109145,
        "dvar": 0.000126837592688,
        "dvar2": 0.000183935029781,
        "max": 0.122643321753,
        "mean": 0.0161500591785,
        "median": 0.0106351273134,
        "min": 7.44076451216e-23,
        "stdev": 0.0197777226567,
        "var": 0.00039115830441
    },
    "spectral_energyband_middle_high": {
        "dmean": 0.00322470837273,
        "dmean2": 0.00474006589502,
        "dvar": 3.30049806507e-05,
        "dvar2": 7.86375094322e-05,
        "max": 0.0543291904032,
        "mean": 0.00640507368371,
        "median": 0.00386139424518,
        "min": 1.49527183568e-21,
        "stdev": 0.00745875481516,
        "var": 5.56330232939e-05
    },
    "spectral_energyband_middle_low": {
        "dmean": 0.00666416389868,
        "dmean2": 0.0104538695887,
        "dvar": 9.94160945993e-05,
        "dvar2": 0.000241361369262,
        "max": 0.0929304212332,
        "mean": 0.013216518797,
        "median": 0.00920743588358,
        "min": 3.53558950644e-22,
        "stdev": 0.0134034771472,
        "var": 0.000179653201485
    },
    "spectral_entropy": {
        "dmean": 0.232959151268,
        "dmean2": 0.335545480251,
        "dvar": 0.0645154491067,
        "dvar2": 0.118583992124,
        "max": 9.79386997223,
        "mean": 7.35333871841,
        "median": 7.32023000717,
        "min": 5.45879936218,
        "stdev": 0.542163789272,
        "var": 0.29394158721
    },
    "spectral_flux": {
        "dmean": 0.0372208543122,
        "dmean2": 0.055663689971,
        "dvar": 0.00182597653475,
        "dvar2": 0.00315523450263,
        "max": 0.354373782873,
        "mean": 0.101812541485,
        "median": 0.0850866734982,
        "min": 1.03551563158e-10,
        "stdev": 0.0637078434229,
        "var": 0.00405868934467
    },
    "spectral_kurtosis": {
        "dmean": 2.67340636253,
        "dmean2": 4.37318134308,
        "dvar": 11.4652824402,
        "dvar2": 29.0359859467,
        "max": 37.304058075,
        "mean": 5.64685726166,
        "median": 4.63968753815,
        "min": -1.67974805832,
        "stdev": 4.90680789948,
        "var": 24.0767631531
    },
    "spectral_rms": {
        "dmean": 0.00091839057859,
        "dmean2": 0.00121295766439,
        "dvar": 1.26326858663e-06,
        "dvar2": 2.14402507481e-06,
        "max": 0.0115267420188,
        "mean": 0.00547911599278,
        "median": 0.00540722813457,
        "min": 3.23440731663e-12,
        "stdev": 0.00217744009569,
        "var": 4.7412454478e-06
    },
    "spectral_rolloff": {
        "dmean": 588.797729492,
        "dmean2": 946.227233887,
        "dvar": 1882989.75,
        "dvar2": 3403414.75,
        "max": 18475.4882812,
        "mean": 1289.29467773,
        "median": 904.39453125,
        "min": 21.533203125,
        "stdev": 1645.3996582,
        "var": 2707340
    },
    "spectral_skewness": {
        "dmean": 0.349882721901,
        "dmean2": 0.534286856651,
        "dvar": 0.133805036545,
        "dvar2": 0.288238465786,
        "max": 4.68647480011,
        "mean": 1.643029809,
        "median": 1.54589700699,
        "min": -0.0303822346032,
        "stdev": 0.664640665054,
        "var": 0.441747248173
    },
    "spectral_spread": {
        "dmean": 791438.6875,
        "dmean2": 1046008.4375,
        "dvar": 1.81742206976e+12,
        "dvar2": 2.17987756851e+12,
        "max": 40801324,
        "mean": 4295940.5,
        "median": 3598876.5,
        "min": 1256071.75,
        "stdev": 2615374.25,
        "var": 6.84018263654e+12
    },
    "spectral_strongpeak": {
        "dmean": 0.567285776138,
        "dmean2": 0.95165592432,
        "dvar": 0.81011235714,
        "dvar2": 2.04216814041,
        "max": 7.82387208939,
        "mean": 1.04637432098,
        "median": 0.48382127285,
        "min": 0,
        "stdev": 1.24613845348,
        "var": 1.55286097527
    },
    "zerocrossingrate": {
        "dmean": 0.0131507143378,
        "dmean2": 0.0134192248806,
        "dvar": 0.000459155329736,
        "dvar2": 0.000468503712909,
        "max": 0.5029296875,
        "mean": 0.0481672659516,
        "median": 0.04052734375,
        "min": 0,
        "stdev": 0.038431070745,
        "var": 0.0014769473346
    },
    "barkbands": {
        "dmean": [0.000557093473617, 0.00591078680009, 0.00268429610878, 0.00173613941297, 0.00137127004564, 0.00197412841953, 0.00131586333737, 0.00187918788288, 0.00111233314965, 0.000747495272662, 0.000653936993331, 0.000847809889819, 0.000714166671969, 0.000708661740646, 0.000339871301549, 0.000237939093495, 0.000170962390257, 0.000152277876623, 0.000160275711096, 0.000142111472087, 0.000137269627885, 6.91626919433e-05, 8.32248551887e-05, 0.000102528370917, 7.2037204518e-05, 1.19065416584e-05, 1.51204153553e-06],
        "dmean2": [0.000655948359054, 0.00721725728363, 0.00487333722413, 0.00319104525261, 0.00242403429002, 0.0029954414349, 0.00216084369458, 0.0028334246017, 0.0016154240584, 0.00109234347474, 0.000988476793282, 0.00136794627178, 0.00119609176181, 0.0011125280289, 0.000539379077964, 0.000375631876523, 0.000258983811364, 0.000252481753705, 0.000252387777437, 0.00020480529929, 0.000204581170692, 9.86753148027e-05, 0.000121016026242, 0.000141062118928, 0.00010497369658, 1.73738626472e-05, 2.45007731792e-06],
        "dvar": [5.96370114181e-07, 0.00013006964582, 7.61046539992e-05, 2.17619508476e-05, 1.38213736136e-05, 9.42800579651e-06, 1.25217011373e-05, 9.71475037659e-06, 5.7694815041e-06, 3.16200203088e-06, 1.47950288465e-06, 3.00666920339e-06, 2.56433145296e-06, 2.36183814195e-06, 4.52296234243e-07, 2.46033152962e-07, 8.1826215137e-08, 1.83560530331e-07, 9.39910478337e-08, 4.72667558427e-08, 8.60771223188e-08, 2.37899886457e-08, 4.04958484523e-08, 7.52321227537e-08, 1.13215129716e-07, 1.73946146376e-09, 4.02765217011e-11],
        "dvar2": [7.54228040023e-07, 0.00022806871857, 0.000211831327761, 6.05265595368e-05, 3.93593327317e-05, 1.87143214134e-05, 2.76675327768e-05, 2.14187839447e-05, 1.22627016026e-05, 5.59743648409e-06, 2.99718226415e-06, 7.46730847823e-06, 6.66593541609e-06, 5.86400938118e-06, 1.05537014861e-06, 5.71974339891e-07, 1.70131414734e-07, 4.92209608183e-07, 2.33356587387e-07, 1.00113268786e-07, 2.12558035173e-07, 4.90432334743e-08, 9.35056974072e-08, 1.52520655661e-07, 2.46325697617e-07, 3.68825570085e-09, 8.82507122935e-11],
        "max": [0.00813268683851, 0.116698697209, 0.0726981163025, 0.0477832742035, 0.0505318716168, 0.0444349385798, 0.0701071321964, 0.0582603141665, 0.0492648258805, 0.0476364940405, 0.0202541444451, 0.0198620781302, 0.0138354711235, 0.0211852993816, 0.00756437936798, 0.00600326340646, 0.00401933165267, 0.00966159906238, 0.0024859989062, 0.00236102961935, 0.00322017958388, 0.00243389653042, 0.00225369888358, 0.00454613100737, 0.00566630018875, 0.000878004357219, 0.000182562347618],
        "mean": [0.00135990802664, 0.0118867149577, 0.00226212921552, 0.0014061301481, 0.00141858530696, 0.003154596081, 0.00162196403835, 0.00335651659407, 0.00173530704342, 0.00134024082217, 0.000954367627855, 0.00114273175132, 0.000800957437605, 0.000881815562025, 0.000442925927928, 0.000335587072186, 0.000271126831649, 0.000198677473236, 0.000211389764445, 0.000228169810725, 0.00018287615967, 9.58314994932e-05, 0.000102896687167, 0.000135436508572, 8.67894195835e-05, 1.58083767019e-05, 1.55282805281e-06],
        "median": [0.000601067673415, 0.00588239356875, 0.000648271059617, 0.000379960343707, 0.000408864812925, 0.00106750044506, 0.000257104635239, 0.00099248229526, 0.000518765940797, 0.00029130798066, 0.000276986480458, 0.000313672731863, 0.000190194434253, 0.000143216690049, 0.000109232882096, 8.89910661499e-05, 0.000115620474389, 5.32022713742e-05, 7.1496135206e-05, 0.000107601998025, 4.79268019262e-05, 1.31600199893e-05, 1.08287367766e-05, 1.04969649328e-05, 4.63438755105e-06, 1.1958406958e-06, 7.43962758065e-08],
        "min": [1.81607155756e-23, 5.53904048855e-24, 2.50244302289e-23, 7.23437325581e-23, 5.15978456431e-23, 6.45208955727e-23, 4.50053855453e-23, 2.11258717467e-23, 8.27535663069e-23, 4.76775792865e-23, 7.61119443975e-23, 1.41237770067e-22, 7.55690377007e-23, 4.55487150715e-23, 2.14692016831e-22, 1.27630096157e-22, 1.49535968323e-22, 1.72775911565e-22, 3.6359775471e-22, 2.73347498071e-22, 6.26062228706e-22, 4.18858912625e-22, 6.02606175442e-22, 6.95722407926e-22, 1.36413281048e-21, 1.76814965228e-21, 2.55217066234e-21],
        "stdev": [0.00154966302216, 0.0168248638511, 0.00678733224049, 0.00372841674834, 0.00313308346085, 0.00509670004249, 0.00515433168039, 0.00611245492473, 0.00324117904529, 0.00308922096156, 0.00193029025104, 0.00211707665585, 0.00156261445954, 0.00176241411828, 0.000824489165097, 0.000631723727565, 0.000410676526371, 0.000479473354062, 0.000336083088769, 0.00031095961458, 0.000330536393449, 0.000205947057111, 0.000228815420996, 0.000352374569047, 0.000381649937481, 5.44325266674e-05, 7.39650386095e-06],
        "var": [2.40145550379e-06, 0.000283076020423, 4.60678820673e-05, 1.39010908242e-05, 9.81621269602e-06, 2.59763492068e-05, 2.65671369561e-05, 3.73621041945e-05, 1.05052422441e-05, 9.54328606895e-06, 3.72602039533e-06, 4.4820135372e-06, 2.44176385422e-06, 3.10610334964e-06, 6.79782431234e-07, 3.99074878032e-07, 1.68655219568e-07, 2.29894709491e-07, 1.12951852316e-07, 9.66958779713e-08, 1.09254315817e-07, 4.24141894939e-08, 5.23564978039e-08, 1.24167840454e-07, 1.45656684936e-07, 2.96289992541e-09, 5.47082691649e-11]
    },
    "erbbands": {
        "dmean": [0.224918618798, 1.34023964405, 2.86798977852, 4.71019697189, 5.2052321434, 4.46122312546, 6.80239963531, 19.3031177521, 22.045217514, 20.9539031982, 41.5895767212, 22.2308578491, 27.5120601654, 29.6230792999, 21.7152118683, 34.5250282288, 29.3448238373, 39.6959190369, 17.412109375, 18.7853088379, 11.958981514, 8.698554039, 8.16496658325, 5.3021645546, 10.0816707611, 6.8541226387, 6.08113527298, 4.15574073792, 2.67432045937, 2.55604052544, 2.34392952919, 2.11926198006, 1.66192746162, 1.04771101475, 0.382108032703, 0.0720785856247, 0.01902288571, 0.0041937250644, 0.00016492557188, 1.5459370843e-05],
        "dmean2": [0.256904691458, 1.81722927094, 4.86441612244, 8.59130001068, 9.31918716431, 7.93260335922, 11.2582435608, 28.8668174744, 35.3866920471, 32.2020797729, 61.9793777466, 31.295501709, 40.4334602356, 42.0004310608, 33.3681755066, 55.1647415161, 48.8586730957, 63.081905365, 26.9823207855, 29.8768882751, 17.9986000061, 12.9238777161, 13.1251134872, 8.17225074768, 15.6589260101, 9.94399547577, 8.83165073395, 6.13284635544, 3.74533653259, 3.73681569099, 3.48493933678, 2.89535880089, 2.31039261818, 1.51477622986, 0.590762794018, 0.108786776662, 0.027967646718, 0.00624224822968, 0.000264947797405, 2.10583493754e-05],
        "dvar": [0.163271486759, 8.13372421265, 69.8325042725, 175.717315674, 168.732910156, 195.179275513, 223.018600464, 1001.31347656, 3217.09765625, 1857.26940918, 5130.75976562, 2112.15356445, 3481.70947266, 5637.45800781, 1615.26403809, 5338.4921875, 5460.89941406, 7707.49365234, 1319.60839844, 1464.95922852, 539.233032227, 203.608764648, 413.837127686, 134.616577148, 325.28729248, 126.557106018, 109.574256897, 105.475730896, 34.6937255859, 46.3827476501, 31.5814990997, 30.7358322144, 21.8994178772, 23.8744373322, 4.03328704834, 0.1049252823, 0.00433978857473, 0.000234815888689, 4.4928745524e-07, 4.74615347024e-10],
        "dvar2": [0.210450395942, 16.4424533844, 183.575027466, 490.112640381, 473.635131836, 554.578796387, 586.967590332, 1945.60742188, 7287.25, 3912.48266602, 11070.3330078, 4132.61474609, 7629.66992188, 9750.23632812, 3663.86132812, 13507.6386719, 14345.0283203, 18713.515625, 2980.32885742, 3706.30761719, 1211.51013184, 400.226928711, 1092.77062988, 326.484344482, 818.734985352, 277.037017822, 253.797897339, 258.051727295, 73.1802597046, 109.745872498, 73.2691497803, 63.8871879578, 45.8222198486, 49.0517120361, 10.409945488, 0.259602844715, 0.00887568946928, 0.000476924004033, 1.06869731553e-06, 1.02656971812e-09],
        "max": [4.14137458801, 26.8567314148, 72.5204925537, 89.2351608276, 140.241027832, 187.708602905, 182.708892822, 493.59362793, 1179.75170898, 778.824645996, 1573.19189453, 626.983459473, 1138.82006836, 1966.67553711, 588.253601074, 774.195556641, 666.43157959, 944.515686035, 531.41229248, 354.700592041, 298.475311279, 147.372833252, 423.819885254, 200.368652344, 158.46434021, 143.213729858, 104.256988525, 105.775901794, 85.4077453613, 146.991821289, 47.236656189, 104.646690369, 63.9284896851, 96.0140914917, 32.933971405, 6.42151927948, 1.44677734375, 0.393238008022, 0.0175026860088, 0.000347958557541],
        "mean": [0.482570141554, 2.0951218605, 2.82176065445, 3.9288918972, 4.88735723495, 4.25712108612, 8.0135717392, 31.4989452362, 31.3477020264, 30.1725521088, 77.837562561, 38.1417312622, 49.3153381348, 47.7695617676, 35.0605888367, 47.2324981689, 34.5869026184, 51.3905296326, 24.7327594757, 24.6760005951, 18.6416358948, 14.4708070755, 11.4450054169, 7.51509428024, 13.9570236206, 10.9474124908, 9.1405954361, 5.06357908249, 3.69955039024, 3.14092969894, 2.88888645172, 2.70536231995, 2.21040415764, 1.30250680447, 0.432127356529, 0.0913914889097, 0.0259272847325, 0.00531597062945, 0.000193813117221, 4.68354082841e-05],
        "median": [0.239885896444, 0.753712177277, 1.11596167088, 1.044500947, 1.76561141014, 0.917400598526, 2.33577346802, 10.4347276688, 8.02440834045, 10.4824914932, 26.322183609, 14.9254684448, 15.0169372559, 13.3584833145, 13.6525030136, 13.9284543991, 10.7258043289, 9.68678569794, 5.57651185989, 6.60830020905, 5.92562961578, 6.41001987457, 3.9912917614, 2.59049057961, 5.67518281937, 5.18157672882, 3.18609333038, 0.95607739687, 0.491316199303, 0.414007514715, 0.303795039654, 0.21410022676, 0.163652509451, 0.0754279121757, 0.022966247052, 0.00581320980564, 0.00233977730386, 0.00042841330287, 3.42101338902e-05, 3.95644965465e-05],
        "min": [2.86349389914e-22, 1.42259131631e-21, 2.04606969612e-20, 1.42985484258e-19, 1.31715574927e-19, 1.6913483477e-19, 5.61760791259e-19, 4.34641225685e-19, 3.97329899988e-19, 1.06600502619e-18, 3.98017674818e-19, 1.67319757522e-18, 2.36312596989e-18, 1.40413433352e-18, 4.58254130246e-18, 5.35527854146e-18, 2.67294357319e-18, 3.5714416302e-18, 8.9460675126e-18, 8.06451383684e-18, 9.6968488966e-18, 8.04044536256e-18, 8.71483744417e-18, 1.31185427118e-17, 1.86922271271e-17, 1.41324088896e-17, 2.64174918608e-17, 1.80210511237e-17, 1.40308393822e-17, 1.76758421843e-17, 1.58132580923e-17, 1.32917717029e-17, 1.29834368208e-17, 1.22339731355e-17, 1.22573641489e-17, 5.8274377846e-18, 3.37153192848e-18, 1.30274277333e-18, 3.73574048277e-19, 3.66335513521e-20],
        "stdev": [0.652669131756, 3.5363740921, 7.09965085983, 10.418056488, 10.8614807129, 11.5170431137, 16.0503139496, 53.5857772827, 84.4259185791, 58.7471084595, 151.239028931, 65.8583831787, 94.0463943481, 110.485481262, 61.9905471802, 88.7700271606, 68.8927230835, 97.7036972046, 51.168838501, 43.1276512146, 32.6639213562, 20.2068004608, 23.2285900116, 13.3983745575, 20.4326782227, 15.3646745682, 13.9021730423, 11.0425872803, 7.85476541519, 7.66440248489, 6.38077735901, 6.87655162811, 6.04485225677, 5.6706032753, 1.97268211842, 0.342997580767, 0.0897482633591, 0.0207772292197, 0.000757707632147, 3.42562925653e-05],
        "var": [0.425976991653, 12.505941391, 50.405040741, 108.535903931, 117.971755981, 132.642272949, 257.612579346, 2871.43554688, 7127.73535156, 3451.22265625, 22873.2460938, 4337.32666016, 8844.72460938, 12207.0419922, 3842.82788086, 7880.11767578, 4746.20751953, 9546.01269531, 2618.25, 1859.99438477, 1066.9317627, 408.314758301, 539.567382812, 179.516433716, 417.494354248, 236.07321167, 193.27041626, 121.938735962, 61.6973419189, 58.7430686951, 40.7143211365, 47.2869606018, 36.5402374268, 32.1557426453, 3.89147472382, 0.117647349834, 0.0080547509715, 0.000431693246355, 5.74120861074e-07, 1.17349352458e-09]
    },
    "gfcc": {
        "mean": [-24.9267139435, 110.927032471, -122.34526062, 25.5839195251, -55.8271522522, 16.4730167389, -21.3465900421, 16.4711589813, -12.7419624329, 9.08517169952, -2.77059555054, -3.62363004684, -4.50044870377],
        "cov": [[9812.6171875, -773.872314453, -410.27331543, 210.356445312, -650.180664062, 358.292694092, -388.038757324, 54.2488861084, -143.004562378, 208.355789185, -121.375869751, 24.8706874847, -158.329864502], [-773.872314453, 1959.47216797, -166.302032471, -92.2781600952, 341.370697021, -463.763336182, 290.036560059, -222.519622803, 69.0794830322, -217.867919922, 186.875534058, -179.721588135, 77.4376296997], [-410.27331543, -166.302032471, 1552.61450195, 255.383132935, -47.4256820679, 284.983947754, -126.774902344, 147.910095215, -0.705617427826, 67.2516860962, 50.2116928101, 126.455604553, -58.9739608765], [210.356445312, -92.2781600952, 255.383132935, 472.114929199, 132.176864624, 30.575876236, -106.346977234, -49.2620010376, 56.3131942749, 15.7161684036, -13.5502214432, -42.8914260864, -21.6546192169], [-650.180664062, 341.370697021, -47.4256820679, 132.176864624, 530.090759277, -8.03086471558, 103.662269592, -24.4073810577, 50.2878227234, 0.975396037102, -8.92728233337, -66.913230896, 20.393081665], [358.292694092, -463.763336182, 284.983947754, 30.575876236, -8.03086471558, 433.076629639, 28.2917919159, 89.9954452515, -12.6016645432, 63.9065208435, -29.4233512878, 31.6758365631, -43.3272705078], [-388.038757324, 290.036560059, -126.774902344, -106.346977234, 103.662269592, 28.2917919159, 360.655426025, 77.4835968018, 52.2624969482, -21.3178062439, 27.2674999237, 0.366789519787, 45.8624229431], [54.2488861084, -222.519622803, 147.910095215, -49.2620010376, -24.4073810577, 89.9954452515, 77.4835968018, 256.560577393, 61.6728134155, 77.6237869263, 14.8802623749, 41.870136261, 28.3339271545], [-143.004562378, 69.0794830322, -0.705617427826, 56.3131942749, 50.2878227234, -12.6016645432, 52.2624969482, 61.6728134155, 180.988677979, 30.3875389099, 6.84875297546, -7.93173265457, 36.3923301697], [208.355789185, -217.867919922, 67.2516860962, 15.7161684036, 0.975396037102, 63.9065208435, -21.3178062439, 77.6237869263, 30.3875389099, 159.109161377, 16.6942195892, 25.3715438843, 22.7237205505], [-121.375869751, 186.875534058, 50.2116928101, -13.5502214432, -8.92728233337, -29.4233512878, 27.2674999237, 14.8802623749, 6.84875297546, 16.6942195892, 150.180801392, 19.5388946533, 1.84910953045], [24.8706874847, -179.721588135, 126.455604553, -42.8914260864, -66.913230896, 31.6758365631, 0.366789519787, 41.870136261, -7.93173265457, 25.3715438843, 19.5388946533, 154.059631348, 13.7648105621], [-158.329864502, 77.4376296997, -58.9739608765, -21.6546192169, 20.393081665, -43.3272705078, 45.8624229431, 28.3339271545, 36.3923301697, 22.7237205505, 1.84910953045, 13.7648105621, 141.373550415]],
        "icov": [[0.000170995685039, -0.000306550849928, 0.000256109982729, -0.000346183864167, 0.000365302286809, -0.000407475454267, 0.000300993851852, -0.000360630016075, 0.000257753010374, -0.00041064445395, 0.000401386700105, -0.00034336571116, 0.000238122665905], [-0.000306550849928, 0.00279145594686, -0.00128658942413, 0.00167409179267, -0.00165030173957, 0.00260735256597, -0.00208865432069, 0.00256999535486, -0.00136308034416, 0.00232987594791, -0.00316685182042, 0.00293857650831, -0.00122128461953], [0.000256109982729, -0.00128658942413, 0.00167306221556, -0.00149389577564, 0.000928013992961, -0.00180506426841, 0.00136986235157, -0.00186375994235, 0.000879747851286, -0.000911105249543, 0.00107133272104, -0.0020668709185, 0.000809933815617], [-0.000346183864167, 0.00167409179267, -0.00149389577564, 0.00440648104995, -0.00198517763056, 0.00156741891988, -0.00040093541611, 0.00251837074757, -0.0022749020718, 0.00136437802576, -0.00182403961662, 0.00254760612734, -0.000718734401744], [0.000365302286809, -0.00165030173957, 0.000928013992961, -0.00198517763056, 0.00363748613745, -0.00163586612325, 0.000329271249939, -0.00123812898528, 0.000808664888609, -0.00196569459513, 0.00212282058783, -0.00101217010524, 0.000689963053446], [-0.000407475454267, 0.00260735256597, -0.00180506426841, 0.00156741891988, -0.00163586612325, 0.00576181011274, -0.00277348631062, 0.00190722872503, -0.000775493972469, 0.00104178139009, -0.00190763757564, 0.00265609729104, -7.96020758571e-05], [0.000300993851852, -0.00208865432069, 0.00136986235157, -0.00040093541611, 0.000329271249939, -0.00277348631062, 0.00580720650032, -0.00318984827027, 0.000156009584316, -0.000162516575074, 0.00139571737964, -0.0023006873671, 4.08131927543e-05], [-0.000360630016075, 0.00256999535486, -0.00186375994235, 0.00251837074757, -0.00123812898528, 0.00190722872503, -0.00318984827027, 0.00866864342242, -0.00307118357159, -0.000169541046489, -0.00274856784381, 0.00236311042681, -0.00151906278916], [0.000257753010374, -0.00136308034416, 0.000879747851286, -0.0022749020718, 0.000808664888609, -0.000775493972469, 0.000156009584316, -0.00307118357159, 0.00798904895782, -0.00199085636996, 0.00157793413382, -0.00106843141839, -0.000388723186916], [-0.00041064445395, 0.00232987594791, -0.000911105249543, 0.00136437802576, -0.00196569459513, 0.00104178139009, -0.000162516575074, -0.000169541046489, -0.00199085636996, 0.0108029814437, -0.00397490803152, 0.0017416436458, -0.00255916221067], [0.000401386700105, -0.00316685182042, 0.00107133272104, -0.00182403961662, 0.00212282058783, -0.00190763757564, 0.00139571737964, -0.00274856784381, 0.00157793413382, -0.00397490803152, 0.011028827168, -0.0039327419363, 0.00203029462136], [-0.00034336571116, 0.00293857650831, -0.0020668709185, 0.00254760612734, -0.00101217010524, 0.00265609729104, -0.0023006873671, 0.00236311042681, -0.00106843141839, 0.0017416436458, -0.0039327419363, 0.0111174909398, -0.00226927851327], [0.000238122665905, -0.00122128461953, 0.000809933815617, -0.000718734401744, 0.000689963053446, -7.96020758571e-05, 4.08131927543e-05, -0.00151906278916, -0.000388723186916, -0.00255916221067, 0.00203029462136, -0.00226927851327, 0.00910996738821]]
    },
    "melbands": {
        "dmean": [0.00173148489557, 0.00135366129689, 0.000818778877147, 0.000328984460793, 0.000220158501179, 0.000423710094765, 0.000320597027894, 0.000273248180747, 0.000304370943923, 0.000150651467266, 0.000137872921186, 0.000120649987366, 8.32948717289e-05, 8.99281221791e-05, 7.84901494626e-05, 7.67405945226e-05, 7.15029018465e-05, 3.06587644445e-05, 2.45148494287e-05, 2.14178016904e-05, 1.34995134431e-05, 9.62007561611e-06, 7.14283123671e-06, 8.87959413376e-06, 3.34826358994e-06, 8.67067410582e-06, 5.53811241844e-06, 4.59957254861e-06, 3.73471630155e-06, 4.06420258514e-06, 1.86385250345e-06, 1.46898605635e-06, 1.46804984524e-06, 1.45413753216e-06, 1.46414106439e-06, 1.2070744333e-06, 1.40288329931e-06, 1.3803796719e-06, 8.6801122734e-07, 9.75163061412e-07],
        "dmean2": [0.00205216673203, 0.00199418817647, 0.00147705699783, 0.000587668793742, 0.00036629466922, 0.000636102864519, 0.000512811646331, 0.000413029629271, 0.000449655635748, 0.000214660234633, 0.000203058370971, 0.000170914252521, 0.000126893399283, 0.000139769123052, 0.0001318288123, 0.000126338025439, 0.000113081550808, 4.82131836179e-05, 3.87841500924e-05, 3.45068838215e-05, 2.03763920581e-05, 1.43862007462e-05, 1.08778767753e-05, 1.50311007019e-05, 5.08174116476e-06, 1.39194407893e-05, 8.32738260215e-06, 6.84571159582e-06, 5.46947330804e-06, 6.23051619186e-06, 2.75296747532e-06, 2.05764604289e-06, 2.19088087761e-06, 2.14918782149e-06, 2.20641391024e-06, 1.78284506092e-06, 1.94061499315e-06, 1.93056484932e-06, 1.25896679037e-06, 1.43408578879e-06],
        "dvar": [1.03904685602e-05, 1.01026544144e-05, 4.57289934275e-06, 8.64016044488e-07, 2.39546466219e-07, 4.74009681284e-07, 6.56703491586e-07, 2.24947243055e-07, 2.55974441643e-07, 1.05640246773e-07, 8.74810908158e-08, 9.97941711489e-08, 2.45024995849e-08, 2.69642566053e-08, 5.74615661719e-08, 2.8161714738e-08, 2.51815777119e-08, 4.94834262454e-09, 2.29560659371e-09, 1.95814853221e-09, 7.50044970577e-10, 2.53653015259e-10, 1.77647493937e-10, 8.40407077263e-10, 5.3417194279e-11, 3.26452864741e-10, 7.62677837551e-11, 6.56599427606e-11, 3.57604293399e-11, 1.07582547038e-10, 2.06430931377e-11, 1.02374211539e-11, 1.23585039771e-11, 1.64781365636e-11, 1.28010449463e-11, 8.04493537759e-12, 1.59349044376e-11, 1.47012072654e-11, 1.02160866572e-11, 2.55216611733e-11],
        "dvar2": [1.56203041115e-05, 2.22237267735e-05, 1.26256663862e-05, 2.4810569812e-06, 6.33096931324e-07, 9.22248830193e-07, 1.44255125178e-06, 4.82925145207e-07, 5.38905624126e-07, 2.16907039885e-07, 1.91550697082e-07, 1.70932324295e-07, 5.17646228104e-08, 6.09554575703e-08, 1.58056693067e-07, 7.185531814e-08, 6.09495458548e-08, 1.13491065434e-08, 5.5827533707e-09, 4.72570427235e-09, 1.70965874791e-09, 5.01215347004e-10, 3.67791352929e-10, 2.28097385424e-09, 1.19717000202e-10, 8.42435732284e-10, 1.66942362712e-10, 1.44268708091e-10, 7.73510283603e-11, 2.74460731919e-10, 4.85637745296e-11, 2.1442524839e-11, 2.69675289044e-11, 4.05371430867e-11, 2.97469410215e-11, 1.83955749938e-11, 3.28546669037e-11, 3.16965897973e-11, 2.28145558001e-11, 5.63857155411e-11],
        "max": [0.0337386317551, 0.0289660450071, 0.0162920597941, 0.0124746756628, 0.00516074616462, 0.00981105864048, 0.0169370435178, 0.00900262780488, 0.011443532072, 0.00586964190006, 0.00573087064549, 0.00845636893064, 0.00286064553075, 0.00241186795756, 0.00217974185944, 0.00123723235447, 0.0020304210484, 0.00101943849586, 0.000497047556564, 0.00044340142631, 0.000401950324886, 0.000199570480618, 0.000180047398317, 0.000705545884557, 8.57536506373e-05, 0.000156573965796, 0.00011143417214, 0.000103728634713, 6.8629407906e-05, 0.000119762938994, 4.41112460976e-05, 4.20654214395e-05, 6.68936409056e-05, 8.45779431984e-05, 3.06623151118e-05, 3.15705183311e-05, 7.92951323092e-05, 5.6176999351e-05, 7.38676244509e-05, 0.000107153347926],
        "mean": [0.00378871359862, 0.00185582996346, 0.000715410045814, 0.000313720025588, 0.000251644029049, 0.00069001672091, 0.000460331328213, 0.000413600966567, 0.000574612407945, 0.000237468193518, 0.000242035122938, 0.000187494748388, 0.000126136888866, 0.000130505664856, 8.64819958224e-05, 9.43227059906e-05, 9.00671293493e-05, 4.01036195399e-05, 3.13274140353e-05, 2.85224941763e-05, 2.07766752283e-05, 1.54864410433e-05, 1.04141727206e-05, 1.12083689601e-05, 4.51270716439e-06, 1.0763611499e-05, 8.59353986016e-06, 6.90142724125e-06, 5.72612589167e-06, 5.05430898556e-06, 2.14137639887e-06, 2.0122145088e-06, 1.87973250831e-06, 1.72435568402e-06, 1.74891215465e-06, 1.46199079154e-06, 1.74730030267e-06, 1.74554179466e-06, 1.15316663596e-06, 1.09692643946e-06],
        "median": [0.00202812836505, 0.000853978854138, 0.000221650028834, 9.87464372884e-05, 6.33970485069e-05, 0.00023031917226, 0.000110864508315, 0.000138683361001, 0.000192988969502, 7.69924445194e-05, 6.89620719641e-05, 4.60693809146e-05, 4.25558719144e-05, 3.71912501578e-05, 2.33698847296e-05, 2.04040279641e-05, 1.44028545037e-05, 6.65520292387e-06, 7.68822610553e-06, 7.7175163824e-06, 6.46829630568e-06, 6.7277405833e-06, 4.44563193014e-06, 2.13825705941e-06, 1.54216991177e-06, 3.24688153341e-06, 4.15912836615e-06, 2.93780726679e-06, 1.99703754333e-06, 9.81003267952e-07, 2.79978024764e-07, 2.27776098427e-07, 2.57012743532e-07, 2.04283736593e-07, 1.76596515189e-07, 1.38853579301e-07, 1.22107906009e-07, 1.10610443471e-07, 8.74852759125e-08, 4.82825903703e-08],
        "min": [3.59407316115e-24, 8.98050140784e-24, 2.55961981907e-23, 8.49885291583e-24, 1.78959328351e-23, 1.00643245053e-23, 7.46366388206e-24, 1.03887356639e-23, 2.94577780291e-24, 1.22874970415e-23, 1.20050098957e-23, 5.07740579213e-24, 1.23243155466e-23, 1.89555891787e-23, 5.05735728666e-24, 9.22385079761e-24, 5.05175479651e-24, 1.36186895639e-23, 1.21225612146e-23, 7.81118235436e-24, 1.29611353452e-23, 9.26371351687e-24, 4.40941573253e-24, 1.05969349895e-23, 1.0243660988e-23, 1.41604113916e-23, 1.03787589401e-23, 9.61042261788e-24, 1.21514343126e-23, 2.23557248306e-23, 6.20677140734e-24, 6.94990165146e-24, 9.78443586724e-24, 9.86559861033e-24, 9.02042408053e-24, 8.79445487423e-24, 7.94532420699e-24, 9.32782029833e-24, 8.65179095724e-24, 1.04671823589e-23],
        "stdev": [0.0050719473511, 0.00346401473507, 0.00171838887036, 0.000749952974729, 0.000518625602126, 0.00116270873696, 0.0012408120092, 0.000702816469129, 0.00109845004044, 0.00043933672714, 0.000471404287964, 0.000464652926894, 0.000251058721915, 0.000237418251345, 0.000207686098292, 0.000171584106283, 0.000176726985956, 9.47476000874e-05, 5.74567056901e-05, 5.21095244039e-05, 3.87117652281e-05, 2.27920263569e-05, 1.72236595972e-05, 3.28142050421e-05, 8.39475433168e-06, 1.89134843822e-05, 1.19903052109e-05, 1.0583972653e-05, 8.68021106726e-06, 1.08138210635e-05, 4.95515041621e-06, 4.2870165089e-06, 4.42080909124e-06, 4.33812465417e-06, 3.98508609578e-06, 3.39409871231e-06, 4.83566054754e-06, 4.83666826767e-06, 3.83884889743e-06, 5.50621234652e-06],
        "var": [2.5724648367e-05, 1.19993974295e-05, 2.9528603136e-06, 5.62429477213e-07, 2.68972485173e-07, 1.35189168304e-06, 1.53961445903e-06, 4.93950949476e-07, 1.2065924011e-06, 1.93016759908e-07, 2.22221999024e-07, 2.15902346667e-07, 6.30304839433e-08, 5.63674227294e-08, 4.31335180906e-08, 2.94411073298e-08, 3.12324281992e-08, 8.9771079459e-09, 3.30127303272e-09, 2.71540256946e-09, 1.49860068799e-09, 5.19476461847e-10, 2.96654451004e-10, 1.07677211592e-09, 7.04718991495e-11, 3.5771990925e-10, 1.43767428518e-10, 1.12020476228e-10, 7.53460696612e-11, 1.16938722594e-10, 2.45535154708e-11, 1.8378510519e-11, 1.95435542749e-11, 1.88193245709e-11, 1.58809129042e-11, 1.15199065565e-11, 2.33836127544e-11, 2.33933584309e-11, 1.47367604231e-11, 3.03183762818e-11]
    },
    "melbands128": {
