{
"lowlevel": {
    "average_loudness": 0.796227395535,
    "barkbands_crest": {
        "dmean": 2.1722342968,
        "dmean2": 3.46673560143,
        "dvar": 5.78052902222,
        "dvar2": 13.7433776855,
        "max": 24.9011955261,
        "mean": 10.8306427002,
        "median": 11.5495481491,
        "min": 2.15478014946,
        "stdev": 4.12448120117,
        "var": 17.0113449097
    },
    "barkbands_flatness_db": {
        "dmean": 0.0335590578616,
        "dmean2": 0.0443595834076,
        "dvar": 0.001298640389,
        "dvar2": 0.00210296851583,
        "max": 0.489313811064,
        "mean": 0.185847550631,
        "median": 0.166061252356,
        "min": 0.0275815352798,
        "stdev": 0.103878125548,
        "var": 0.010790665634
    },
    "barkbands_kurtosis": {
        "dmean": 12.1537303925,
        "dmean2": 18.5757923126,
        "dvar": 642.432434082,
        "dvar2": 1463.11462402,
        "max": 257.105804443,
        "mean": 22.5484428406,
        "median": 5.59581947327,
        "min": -1.87196397781,
        "stdev": 40.525428772,
        "var": 1642.31030273
    },
    "barkbands_skewness": {
        "dmean": 1.00060069561,
        "dmean2": 1.43775129318,
        "dvar": 1.43029987812,
        "dvar2": 3.16296482086,
        "max": 13.759563446,
        "mean": 2.81589651108,
        "median": 2.15633964539,
        "min": -6.46419143677,
        "stdev": 2.82216835022,
        "var": 7.96463441849
    },
    "barkbands_spread": {
        "dmean": 7.81680965424,
        "dmean2": 11.4694652557,
        "dvar": 118.717163086,
        "dvar2": 242.933456421,
        "max": 121.384063721,
        "mean": 18.8130950928,
        "median": 12.8794393539,
        "min": 0.447053074837,
        "stdev": 18.3898010254,
        "var": 338.184783936
    },
    "dissonance": {
        "dmean": 0.014344275929,
        "dmean2": 0.0230697784573,
        "dvar": 0.000412950204918,
        "dvar2": 0.000751193088945,
        "max": 0.499659627676,
        "mean": 0.471598297358,
        "median": 0.477366626263,
        "min": 0,
        "stdev": 0.0271558072418,
        "var": 0.000737437861972
    },
    "dynamic_complexity": 2.09672760963,
    "erbbands_crest": {
        "dmean": 2.72356128693,
        "dmean2": 4.35463523865,
        "dvar": 5.40278720856,
        "dvar2": 12.9997367859,
        "max": 29.3731803894,
        "mean": 8.67385578156,
        "median": 7.97070121765,
        "min": 2.58125090599,
        "stdev": 3.69186878204,
        "var": 13.6298942566
    },
    "erbbands_flatness_db": {
        "dmean": 0.0251577328891,
        "dmean2": 0.0360030755401,
        "dvar": 0.000572264252696,
        "dvar2": 0.00109416246414,
        "max": 0.341999620199,
        "mean": 0.154445424676,
        "median": 0.154131501913,
        "min": 0.0508545041084,
        "stdev": 0.0485813207924,
        "var": 0.00236014486291
    },
    "erbbands_kurtosis": {
        "dmean": 1.36251223087,
        "dmean2": 2.10391688347,
        "dvar": 4.9555683136,
        "dvar2": 9.73834133148,
        "max": 30.5312156677,
        "mean": 0.913699030876,
        "median": 0.0278136730194,
        "min": -1.73537313938,
        "stdev": 3.12484526634,
        "var": 9.76465797424
    },
    "erbbands_skewness": {
        "dmean": 0.500748157501,
        "dmean2": 0.72222751379,
        "dvar": 0.269381135702,
        "dvar2": 0.476439148188,
        "max": 3.99560427666,
        "mean": 0.220636159182,
        "median": 0.285812884569,
        "min": -4.74355220795,
        "stdev": 0.95430457592,
        "var": 0.910697221756
    },
    "erbbands_spread": {
        "dmean": 12.4469614029,
        "dmean2": 19.6285495758,
        "dvar": 233.611907959,
        "dvar2": 604.924865723,
        "max": 178.05947876,
        "mean": 39.6913833618,
        "median": 35.1206321716,
        "min": 4.16615152359,
        "stdev": 22.1500358582,
        "var": 490.62411499
    },
    "hfc": {
        "dmean": 22.5688800812,
        "dmean2": 34.1874771118,
        "dvar": 1932.95568848,
        "dvar2": 4597.60888672,
        "max": 340.018096924,
        "mean": 33.2777137756,
        "median": 17.4842433929,
        "min": 1.65141500474e-06,
        "stdev": 47.7559700012,
        "var": 2280.6328125
    },
    "loudness_ebu128": {
        "integrated": -9.36288833618,
        "loudness_range": 2.5433473587,
        "momentary": {
            "dmean": 0.616481244564,
            "dmean2": 0.843720436096,
            "dvar": 0.262729495764,
            "dvar2": 0.591574728489,
            "max": -7.26756286621,
            "mean": -9.63146400452,
            "median": -9.31007766724,
            "min": -15.3768672943,
            "stdev": 1.62107551098,
            "var": 2.62788581848
        },
        "short_term": {
            "dmean": 0.0540152825415,
            "dmean2": 0.0607941783965,
            "dvar": 0.00315623986535,
            "dvar2": 0.00326661998406,
            "max": -8.21130561829,
            "mean": -9.43538188934,
            "median": -9.20153331757,
            "min": -11.1066207886,
            "stdev": 0.825711727142,
            "var": 0.681799829006
        }
    },
    "melbands_crest": {
        "dmean": 2.97767424583,
        "dmean2": 4.68339776993,
        "dvar": 14.0479755402,
        "dvar2": 31.1162319183,
        "max": 38.927570343,
        "mean": 21.8266334534,
        "median": 17.531835556,
        "min": 2.92365074158,
        "stdev": 12.5777053833,
        "var": 158.198684692
    },
    "melbands_flatness_db": {
        "dmean": 0.039869081229,
        "dmean2": 0.0496751070023,
        "dvar": 0.00179334299173,
        "dvar2": 0.00269823777489,
        "max": 0.625336050987,
        "mean": 0.249150395393,
        "median": 0.229545935988,
        "min": 0.0130353523418,
        "stdev": 0.137791097164,
        "var": 0.0189863853157
    },
    "melbands_kurtosis": {
        "dmean": 45.2319564819,
        "dmean2": 73.1957855225,
        "dvar": 16552.734375,
        "dvar2": 40144.09375,
        "max": 1556.98242188,
        "mean": 77.1600875854,
        "median": 12.3149147034,
        "min": -1.90664660931,
        "stdev": 176.061523438,
        "var": 30997.6621094
    },
    "melbands_skewness": {
        "dmean": 1.70318257809,
        "dmean2": 2.60374283791,
        "dvar": 8.32888793945,
        "dvar2": 17.6434345245,
        "max": 33.878364563,
        "mean": 5.10784864426,
        "median": 3.08343696594,
        "min": -2.19170331955,
        "stdev": 5.6718287468,
        "var": 32.1696434021
    },
    "melbands_spread": {
        "dmean": 11.4415359497,
        "dmean2": 16.1470127106,
        "dvar": 428.872039795,
        "dvar2": 832.47833252,
        "max": 264.652770996,
        "mean": 24.8835697174,
        "median": 12.6081438065,
        "min": 0.204299807549,
        "stdev": 34.2308883667,
        "var": 1171.75378418
    },
    "pitch_salience": {
        "dmean": 0.0670186728239,
        "dmean2": 0.103990137577,
        "dvar": 0.00558819435537,
        "dvar2": 0.0117789721116,
        "max": 0.869260132313,
        "mean": 0.47710993886,
        "median": 0.541578114033,
        "min": 0.0587791651487,
        "stdev": 0.266478657722,
        "var": 0.0710108801723
    },
    "silence_rate_20dB": {
        "dmean": 0,
        "dmean2": 0,
        "dvar": 0,
        "dvar2": 0,
        "max": 1,
        "mean": 1,
        "median": 1,
        "min": 1,
        "stdev": 0,
        "var": 0
    },
    "silence_rate_30dB": {
        "dmean": 0.0340557284653,
        "dmean2": 0.0681642144918,
        "dvar": 0.0328958295286,
        "dvar2": 0.0681653097272,
        "max": 1,
        "mean": 0.655065715313,
        "median": 1,
        "min": 0,
        "stdev": 0.475345671177,
        "var": 0.225953519344
    },
    "silence_rate_60dB": {
        "dmean": 0.0417956672609,
        "dmean2": 0.082881487906,
        "dvar": 0.0400490164757,
        "dvar2": 0.089954636991,
        "max": 1,
        "mean": 0.0556844547391,
        "median": 0,
        "min": 0,
        "stdev": 0.229311481118,
        "var": 0.0525837577879
    },
    "spectral_centroid": {
        "dmean": 450.699157715,
        "dmean2": 619.360351562,
        "dvar": 306424.1875,
        "dvar2": 522479.4375,
        "max": 8004.03759766,
        "mean": 1626.6817627,
        "median": 1413.57409668,
        "min": 229.927719116,
        "stdev": 1015.39746094,
        "var": 1031032.0625
    },
    "spectral_complexity": {
        "dmean": 6.84055709839,
        "dmean2": 9.12161159515,
        "dvar": 59.1386833191,
        "dvar2": 100.004684448,
        "max": 61,
        "mean": 20.1802005768,
        "median": 18,
        "min": 0,
        "stdev": 13.5476303101,
        "var": 183.538299561
    },
    "spectral_decrease": {
        "dmean": 3.93299304235e-09,
        "dmean2": 6.08973138583e-09,
        "dvar": 4.60924856562e-17,
        "dvar2": 8.29487387671e-17,
        "max": 8.29810040126e-11,
        "mean": -2.11138324602e-08,
        "median": -7.00512758911e-09,
        "min": -7.81047617693e-08,
        "stdev": 2.31903776182e-08,
        "var": 5.37793606069e-16
    },
    "spectral_energy": {
        "dmean": 0.0161068104208,
        "dmean2": 0.0249771699309,
        "dvar": 0.000706671911757,
        "dvar2": 0.00131196842995,
        "max": 0.300519019365,
        "mean": 0.0827067345381,
        "median": 0.0315582230687,
        "min": 1.87662263507e-09,
        "stdev": 0.0874699801207,
        "var": 0.00765099795535
    },
    "spectral_energyband_high": {
        "dmean": 0.00196705921553,
        "dmean2": 0.00301940809004,
        "dvar": 1.71649444383e-05,
        "dvar2": 3.96935538447e-05,
        "max": 0.0308836828917,
        "mean": 0.00218598055653,
        "median": 0.000356781529263,
        "min": 1.03942930652e-10,
        "stdev": 0.00459141982719,
        "var": 2.10811340366e-05
    },
    "spectral_energyband_low": {
        "dmean": 0.0098145166412,
        "dmean2": 0.0136870229617,
        "dvar": 0.000643907522317,
        "dvar2": 0.00113601353951,
        "max": 0.282363504171,
        "mean": 0.0645875260234,
        "median": 0.00101653765887,
        "min": 7.31931293352e-10,
        "stdev": 0.0852686017752,
        "var": 0.00727073429152
    },
    "spectral_energyband_middle_high": {
        "dmean": 0.00270434864797,
        "dmean2": 0.00389419985004,
        "dvar": 1.59073279065e-05,
        "dvar2": 3.42316016031e-05,
        "max": 0.0363753847778,
        "mean": 0.00503952242434,
        "median": 0.00312332855538,
        "min": 2.82574436072e-10,
        "stdev": 0.00571877462789,
        "var": 3.27043853758e-05
    },
    "spectral_energyband_middle_low": {
        "dmean": 0.00415431894362,
        "dmean2": 0.00642334064469,
        "dvar": 3.21171646647e-05,
        "dvar2": 7.83447030699e-05,
        "max": 0.0508396215737,
        "mean": 0.00783282332122,
        "median": 0.00680760340765,
        "min": 6.9671307612e-10,
        "stdev": 0.00693643838167,
        "var": 4.81141760247e-05
    },
    "spectral_entropy": {
        "dmean": 0.229651719332,
        "dmean2": 0.305850088596,
        "dvar": 0.0604498498142,
        "dvar2": 0.092568166554,
        "max": 8.95833587646,
        "mean": 7.71174049377,
        "median": 7.64552116394,
        "min": 6.07434463501,
        "stdev": 0.513119220734,
        "var": 0.263291358948
    },
    "spectral_flux": {
        "dmean": 0.0379904620349,
        "dmean2": 0.0570549927652,
        "dvar": 0.00273571512662,
        "dvar2": 0.00485301483423,
        "max": 0.486416906118,
        "mean": 0.109810367227,
        "median": 0.0960829257965,
        "min": 4.3320003897e-05,
        "stdev": 0.0726068019867,
        "var": 0.00527174770832
    },
    "spectral_kurtosis": {
        "dmean": 2.02508974075,
        "dmean2": 3.14335942268,
        "dvar": 5.76368141174,
        "dvar2": 13.943230629,
        "max": 23.8852596283,
        "mean": 5.13987445831,
        "median": 4.87614870071,
        "min": -1.46945893764,
        "stdev": 3.55991721153,
        "var": 12.6730108261
    },
    "spectral_rms": {
        "dmean": 0.00100901210681,
        "dmean2": 0.00146663014311,
        "dvar": 1.85503574812e-06,
        "dvar2": 3.22389178109e-06,
        "max": 0.0171227715909,
        "mean": 0.0075664408505,
        "median": 0.00554873934016,
        "min": 1.35308960125e-06,
        "stdev": 0.00484134210274,
        "var": 2.34385915974e-05
    },
    "spectral_rolloff": {
        "dmean": 918.311035156,
        "dmean2": 1394.12145996,
        "dvar": 3205578.75,
        "dvar2": 5991194,
        "max": 14577.9785156,
        "mean": 1946.94665527,
        "median": 775.1953125,
        "min": 43.06640625,
        "stdev": 2873.9128418,
        "var": 8259375.5
    },
    "spectral_skewness": {
        "dmean": 0.307706624269,
        "dmean2": 0.456831634045,
        "dvar": 0.099895209074,
        "dvar2": 0.203359663486,
        "max": 4.02054166794,
        "mean": 1.67279279232,
        "median": 1.67268371582,
        "min": -0.34419053793,
        "stdev": 0.560813248158,
        "var": 0.31451150775
    },
    "spectral_spread": {
        "dmean": 1016363.1875,
        "dmean2": 1444069.875,
        "dvar": 1.94860666061e+12,
        "dvar2": 3.35860727808e+12,
        "max": 21706330,
        "mean": 5170131.5,
        "median": 4441299.5,
        "min": 2100036,
        "stdev": 2386436,
        "var": 5.69507630285e+12
    },
    "spectral_strongpeak": {
        "dmean": 0.426743596792,
        "dmean2": 0.693887531757,
        "dvar": 0.471051335335,
        "dvar2": 1.07942092419,
        "max": 9.69449520111,
        "mean": 0.829318523407,
        "median": 0.610573530197,
        "min": 0,
        "stdev": 0.861112952232,
        "var": 0.741515517235
    },
    "zerocrossingrate": {
        "dmean": 0.0202886145562,
        "dmean2": 0.0215206835419,
        "dvar": 0.000850603042636,
        "dvar2": 0.000891941657756,
        "max": 0.46435546875,
        "mean": 0.0678125619888,
        "median": 0.0439453125,
        "min": 0.00146484375,
        "stdev": 0.0758140385151,
        "var": 0.00574776809663
    },
    "barkbands": {
        "dmean": [0.00732709746808, 0.00853851810098, 0.00159383518621, 0.000546073017176, 0.000969528162386, 0.00132487353403, 0.00149047456216, 0.000930123205762, 0.000839681888465, 0.000412896333728, 0.00042292434955, 0.000446626188932, 0.000501816393808, 0.000483737676404, 0.000321073137457, 0.000236006409978, 0.000315343088005, 0.000304924644297, 0.000408650637837, 0.000361121405149, 0.00021561246831, 0.000238440465182, 0.000259043532424, 0.000451993691968, 0.000464937853394, 0.00026386740501, 2.00069316634e-05],
        "dmean2": [0.0118087641895, 0.0130210705101, 0.00291355582885, 0.000932273687795, 0.00151993206237, 0.00221859919839, 0.00244826450944, 0.00141658028588, 0.00126091565471, 0.000598414801061, 0.000649900350254, 0.000655698706396, 0.000774309795815, 0.000735430337954, 0.000505734642502, 0.0003627310507, 0.000508350960445, 0.000489984289743, 0.00063488050364, 0.000578697596211, 0.00034167765989, 0.000380090728868, 0.000400303513743, 0.000707288447302, 0.000746071862523, 0.000408661988331, 3.09085990011e-05],
        "dvar": [0.000156838083058, 0.000571156269871, 4.62747229903e-05, 2.0946456516e-06, 2.82730275103e-06, 8.00291218184e-06, 6.71161660648e-06, 2.51674055107e-06, 3.09713846036e-06, 7.26762721115e-07, 8.07159949545e-07, 7.24678727693e-07, 8.43718510168e-07, 7.99370297955e-07, 3.33139468012e-07, 1.85592952562e-07, 4.43015352403e-07, 4.64447452941e-07, 6.68778852742e-07, 6.17376372247e-07, 2.1373247705e-07, 3.00582797763e-07, 3.75089854288e-07, 1.100748932e-06, 1.21366599615e-06, 4.17331136759e-07, 6.25541440868e-09],
        "dvar2": [0.000351429276634, 0.00129140098579, 0.000133343186462, 5.76494312554e-06, 7.19756098988e-06, 2.16394200834e-05, 1.52090779011e-05, 4.96594429933e-06, 6.30152408121e-06, 1.47412777096e-06, 1.85802389296e-06, 1.53810913162e-06, 1.68948474766e-06, 1.78216669156e-06, 7.93836420598e-07, 4.31365265285e-07, 1.17875379146e-06, 1.12705208721e-06, 1.55404120505e-06, 1.59936791988e-06, 5.1594378192e-07, 6.87928661591e-07, 8.37560889977e-07, 2.44496391133e-06, 2.9608972909e-06, 9.79002948043e-07, 1.46151952762e-08],
        "max": [0.151355832815, 0.238813012838, 0.0670197159052, 0.0194479376078, 0.0170238092542, 0.030594849959, 0.0244264528155, 0.0170811191201, 0.0196287594736, 0.00910919439048, 0.0110099995509, 0.00825518555939, 0.0162832885981, 0.0101284589618, 0.00478357821703, 0.00390135240741, 0.0107041271403, 0.00948376581073, 0.00955271627754, 0.00954414345324, 0.00370915862732, 0.00431382609531, 0.00815308839083, 0.0113534405828, 0.0140156149864, 0.00609153928235, 0.000741428288165],
        "mean": [0.0286638718098, 0.0375570729375, 0.00152394885663, 0.000701700570062, 0.00146889302414, 0.00145175575744, 0.00171488546766, 0.00113718118519, 0.00115664477926, 0.000587717746384, 0.000531559693627, 0.000570464413613, 0.000716654001735, 0.000577328552026, 0.000409488158766, 0.000307204958517, 0.000354803312803, 0.000380036683055, 0.000512209662702, 0.000425422564149, 0.000227152049774, 0.000240369437961, 0.000283046450932, 0.000464446755359, 0.000460874871351, 0.000263975554844, 1.81321483979e-05],
        "median": [5.72453864152e-05, 0.000282509543467, 0.000303223612718, 0.00034043675987, 0.000859472493175, 0.000476357963635, 0.000501834671013, 0.000250669429079, 0.000184366625035, 0.000151791755343, 0.000147732091136, 0.000111890534754, 0.000220948684728, 0.000134354297188, 0.0001091601589, 0.000111261193524, 9.93525027297e-05, 5.31145160494e-05, 0.000160978495842, 0.000136976072099, 4.49706967629e-05, 1.14356753329e-05, 1.91616800294e-05, 3.48929715983e-05, 4.23867968493e-05, 1.6429417883e-05, 3.68983023691e-07],
        "min": [2.70955591297e-10, 3.54074297659e-10, 1.7484017012e-10, 1.26422747271e-10, 1.88254412059e-10, 1.19243087626e-10, 9.31161814322e-11, 7.51639583907e-11, 7.93367940788e-11, 4.40876571361e-11, 3.20784995789e-11, 3.53916687623e-11, 2.85266046895e-11, 2.00389652788e-11, 2.96358909635e-11, 4.8736049918e-11, 1.40018639044e-11, 2.41997723943e-11, 9.20442281421e-12, 1.52740251003e-11, 1.84194083597e-11, 1.14392835482e-11, 1.75495191296e-11, 1.0811632839e-11, 1.75864774132e-11, 1.38888475373e-11, 2.05252590098e-12],
        "stdev": [0.0393988788128, 0.0522582381964, 0.00537695921957, 0.00133211899083, 0.00191947282292, 0.00272564170882, 0.00299468170851, 0.00205372646451, 0.00241106119938, 0.00116523448378, 0.00105962797534, 0.00110590225086, 0.00130566232838, 0.00109087908641, 0.000704216130544, 0.000483708747197, 0.000670585839543, 0.000888355076313, 0.000944115570746, 0.000810599129181, 0.000480892544147, 0.000573774217628, 0.000713599089067, 0.00119346869178, 0.0011372679146, 0.000679160701111, 7.79820256867e-05],
        "var": [0.00155227165669, 0.00273092347197, 2.8911692425e-05, 1.77454114691e-06, 3.68437576981e-06, 7.42912288842e-06, 8.96811798157e-06, 4.21779213866e-06, 5.81321637583e-06, 1.3577714526e-06, 1.12281145448e-06, 1.22301969441e-06, 1.70475425421e-06, 1.19001708754e-06, 4.95920346566e-07, 2.33974162711e-07, 4.49685387593e-07, 7.89174691818e-07, 8.91354204668e-07, 6.57070927446e-07, 2.31257644145e-07, 3.29216845785e-07, 5.09223696099e-07, 1.42436749684e-06, 1.29337831822e-06, 4.61259247686e-07, 6.08119687939e-09]
    },
    "erbbands": {
        "dmean": [0.474387288094, 1.56907427311, 2.03366804123, 1.68378555775, 3.26502227783, 2.33306932449, 6.69907426834, 12.061170578, 17.7218132019, 26.0184459686, 21.3853435516, 21.8734893799, 13.6491222382, 13.0483703613, 18.2339229584, 17.6926078796, 22.1181468964, 20.1785202026, 22.9706306458, 13.4642333984, 13.2699298859, 18.0731678009, 16.0134315491, 18.2509365082, 20.0081558228, 17.5598220825, 10.9821958542, 7.6931552887, 8.89359283447, 7.78499507904, 7.34569787979, 8.22268486023, 7.90387964249, 5.96659374237, 3.11621189117, 1.46196842194, 0.408681720495, 0.0724491998553, 0.00253721792251, 7.86048040027e-05],
        "dmean2": [0.687729895115, 2.66272425652, 3.72695803642, 2.8686068058, 5.40143823624, 3.79350686073, 10.4569673538, 20.9154701233, 30.025812149, 41.0126609802, 31.3991298676, 33.0408287048, 18.7092399597, 18.9050750732, 28.2064857483, 25.4418506622, 33.5737075806, 30.3388233185, 35.8606491089, 20.7572422028, 20.2794818878, 28.8503608704, 25.4399547577, 27.8524227142, 31.2618179321, 28.5165328979, 17.32421875, 11.902012825, 14.1241559982, 12.4360265732, 11.2543582916, 12.4089956284, 12.8123216629, 9.70115566254, 5.03652715683, 2.338514328, 0.63643860817, 0.108638107777, 0.0039088842459, 0.000120432567201],
        "dvar": [1.75958156586, 29.8689250946, 78.112197876, 35.0008392334, 40.530254364, 16.7234764099, 184.575866699, 844.081176758, 1267.51538086, 2114.77001953, 1332.765625, 2159.37646484, 932.17010498, 686.45501709, 1489.32202148, 1046.23059082, 1843.58557129, 1299.49707031, 1971.52709961, 595.729370117, 577.036071777, 1556.01843262, 1244.46630859, 1540.74060059, 1425.03161621, 1528.13049316, 518.843566895, 296.088226318, 455.927337646, 298.886413574, 298.146972656, 436.909637451, 343.311706543, 192.925857544, 82.8413467407, 14.2132930756, 0.963336646557, 0.0503333583474, 8.57852646732e-05, 3.81471743083e-08],
        "dvar2": [3.77714824677, 80.7973175049, 226.271331787, 93.8814468384, 113.611999512, 42.8475914001, 400.076446533, 2377.32080078, 3386.43774414, 4293.06982422, 2738.20117188, 4487.53417969, 1821.44812012, 1538.26623535, 3557.29248047, 2175.58837891, 3583.64331055, 2957.70483398, 4816.44726562, 1384.87341309, 1327.48266602, 4087.11352539, 2922.67504883, 3503.68017578, 3605.38305664, 3970.03027344, 1257.41333008, 689.559020996, 1046.27416992, 719.565856934, 641.088317871, 929.573364258, 798.113525391, 475.38583374, 220.62461853, 35.96824646, 2.08745408058, 0.111776314676, 0.000203294708626, 8.78951880168e-08],
        "max": [13.886141777, 48.2922859192, 85.1155700684, 68.2585983276, 68.5089263916, 39.1641807556, 270.257293701, 256.724182129, 438.888092041, 525.464416504, 359.752990723, 525.348815918, 391.712280273, 338.618347168, 426.739990234, 321.43927002, 881.914978027, 499.01663208, 400.856109619, 239.736099243, 186.922363281, 670.335266113, 548.104187012, 439.332214355, 413.646575928, 401.077301025, 243.767486572, 141.512802124, 162.1015625, 166.158111572, 206.861343384, 234.440048218, 223.40687561, 120.721504211, 169.379058838, 51.8978462219, 9.09505558014, 2.0414659977, 0.0903660133481, 0.00180627859663],
        "mean": [2.6684949398, 2.42407464981, 2.02331805229, 1.90196120739, 4.57860136032, 3.12434768677, 8.74398612976, 12.1679096222, 18.4133319855, 30.6403503418, 27.145652771, 29.1293010712, 19.9310779572, 19.2178516388, 23.3388004303, 24.948682785, 32.5269012451, 26.9917926788, 27.6939582825, 18.8202896118, 17.0781555176, 20.8162975311, 21.2653617859, 22.1607913971, 25.2670841217, 20.4876384735, 12.2691469193, 8.0558052063, 8.8234128952, 7.94266462326, 8.13909912109, 8.9941072464, 7.86165809631, 5.686024189, 3.0298871994, 1.4053760767, 0.424180030823, 0.0717332139611, 0.00239153346047, 0.000155823683599],
        "median": [0.0127192270011, 0.0645874366164, 0.317811250687, 0.789294540882, 2.78752064705, 1.77723515034, 3.11609983444, 3.91718244553, 6.25339794159, 8.75937271118, 6.74737119675, 5.05070209503, 4.87836790085, 5.63084411621, 6.57740783691, 6.35938549042, 10.248957634, 8.26597881317, 6.62005996704, 5.58478021622, 6.41516590118, 5.61423015594, 3.40983247757, 4.98288536072, 9.14964485168, 6.83984327316, 3.40427207947, 1.05175924301, 0.401458442211, 0.519539535046, 0.517664134502, 0.51121789217, 0.650465369225, 0.479973107576, 0.311951935291, 0.0831307023764, 0.0280434396118, 0.00385208963417, 0.000143408164149, 9.107432561e-05],
        "min": [1.37835041158e-08, 6.81857272866e-08, 1.8895428866e-07, 3.46984904809e-07, 5.0140630492e-07, 6.42932320716e-07, 8.08311369838e-07, 1.02091087228e-06, 1.2637360669e-06, 1.4978299987e-06, 1.71417786987e-06, 1.81363350293e-06, 1.5465038814e-06, 1.33608887154e-06, 1.33924595502e-06, 1.46468914863e-06, 1.35245636557e-06, 1.06385630261e-06, 1.15123077649e-06, 2.43377007791e-06, 2.09957011066e-06, 8.72154998888e-07, 1.30985972646e-06, 7.49665389321e-07, 4.53854653415e-07, 6.59485522192e-07, 1.14272108931e-06, 3.55715485512e-07, 4.03239567959e-07, 4.18689467097e-07, 5.09089488787e-07, 1.50005163846e-07, 3.24214340708e-07, 2.9003095392e-07, 5.21865679559e-08, 3.25871418738e-08, 3.30238805191e-08, 6.12475670181e-09, 5.5613169625e-10, 4.32005403672e-11],
        "stdev": [3.63104581833, 5.41344261169, 6.95370340347, 5.13907241821, 6.27884292603, 4.2433924675, 16.6831798553, 25.5068912506, 34.1967964172, 55.8488311768, 46.4822425842, 61.4413719177, 42.5372314453, 34.1691589355, 45.1435012817, 44.7103881836, 61.7420539856, 46.4906158447, 50.6486473083, 29.5416278839, 26.568944931, 39.8857841492, 49.1217155457, 46.2946090698, 41.6572341919, 39.4979629517, 24.1913700104, 18.331489563, 21.8975830078, 18.4375133514, 20.7593746185, 24.989572525, 19.9280452728, 14.2583713531, 8.31868553162, 3.66767048836, 1.09472811222, 0.235355257988, 0.0090703163296, 0.000212629311136],
        "var": [13.1844940186, 29.3053588867, 48.3539886475, 26.4100646973, 39.4238700867, 18.0063781738, 278.328460693, 650.601501465, 1169.42077637, 3119.09204102, 2160.59887695, 3775.04223633, 1809.4161377, 1167.53137207, 2037.93566895, 1999.01879883, 3812.08129883, 2161.37744141, 2565.28564453, 872.707824707, 705.908813477, 1590.87573242, 2412.94287109, 2143.19067383, 1735.32507324, 1560.08911133, 585.222412109, 336.043518066, 479.504119873, 339.941864014, 430.951660156, 624.47869873, 397.126953125, 203.301147461, 69.2005233765, 13.4518060684, 1.19842970371, 0.0553920939565, 8.22706351755e-05, 4.52112267624e-08]
    },
    "gfcc": {
        "mean": [-5.75770616531, 69.2975082397, -107.454910278, 18.759147644, -48.7778167725, 13.4902105331, -38.2343521118, 17.7344608307, -28.8867607117, 12.9026384354, -8.83181858063, -3.13073444366, -10.5771808624],
        "cov": [[6093.83056641, -2148.02685547, 77.3323974609, 369.145294189, -547.07635498, 243.680419922, -304.31842041, 324.317443848, 44.9897155762, 350.942871094, -139.996200562, 309.067687988, -177.169387817], [-2148.02685547, 3410.23608398, 270.643493652, -90.589263916, 885.947631836, -258.866638184, 608.070861816, 39.8711853027, 175.639831543, -75.6396789551, 435.436004639, -298.556304932, 340.733276367], [77.3323974609, 270.643493652, 1246.28991699, 516.387084961, 402.879333496, 426.210327148, 266.553833008, 64.745262146, 325.364044189, 127.609558105, 179.470352173, 179.751724243, 106.678215027], [369.145294189, -90.589263916, 516.387084961, 598.731079102, 307.395446777, 205.143188477, 72.3408813477, 26.90102005, 194.285949707, 94.9702606201, 93.9769439697, 89.3894348145, 31.9211788177], [-547.07635498, 885.947631836, 402.879333496, 307.395446777, 759.295776367, 188.957092285, 392.065856934, 73.8843460083, 193.988342285, 54.4407539368, 215.97052002, -20.0381088257, 129.896652222], [243.680419922, -258.866638184, 426.210327148, 205.143188477, 188.957092285, 574.11730957, 309.551147461, 97.4275588989, 150.962799072, 56.5407028198, 57.1598548889, 105.451622009, 13.7206487656], [-304.31842041, 608.070861816, 266.553833008, 72.3408813477, 392.065856934, 309.551147461, 647.939025879, 173.955429077, 180.029266357, 53.8687057495, 188.295974731, 1.83533465862, 102.699790955], [324.317443848, 39.8711853027, 64.745262146, 26.90102005, 73.8843460083, 97.4275588989, 173.955429077, 186.085708618, 84.5537948608, 73.8305206299, 58.122756958, 12.6576147079, 24.7762355804], [44.9897155762, 175.639831543, 325.364044189, 194.285949707, 193.988342285, 150.962799072, 180.029266357, 84.5537948608, 253.1771698, 103.031005859, 108.884689331, 31.6895503998, 44.3761940002], [350.942871094, -75.6396789551, 127.609558105, 94.9702606201, 54.4407539368, 56.5407028198, 53.8687057495, 73.8305206299, 103.031005859, 184.377792358, 63.9222373962, 5.01347303391, 4.9787478447], [-139.996200562, 435.436004639, 179.470352173, 93.9769439697, 215.97052002, 57.1598548889, 188.295974731, 58.122756958, 108.884689331, 63.9222373962, 198.700973511, 23.9740047455, 79.2143325806], [309.067687988, -298.556304932, 179.751724243, 89.3894348145, -20.0381088257, 105.451622009, 1.83533465862, 12.6576147079, 31.6895503998, 5.01347303391, 23.9740047455, 187.753341675, 14.1790628433], [-177.169387817, 340.733276367, 106.678215027, 31.9211788177, 129.896652222, 13.7206487656, 102.699790955, 24.7762355804, 44.3761940002, 4.9787478447, 79.2143325806, 14.1790628433, 122.689483643]],
        "icov": [[0.000291911244858, 4.71426574222e-05, 5.34039500053e-05, -0.000254878599662, 0.000166208046721, -3.54993499059e-05, 0.000115653252578, -0.000606025510933, 0.000207361561479, -0.000414623384131, 9.67245650827e-05, -0.000300117448205, 7.81169219408e-05], [4.71426574222e-05, 0.00122843554709, -0.000519661058206, 0.000655756273773, -0.00075006793486, 0.000945723266341, -0.000412399676861, 0.000125340695377, -0.000206657903618, 0.00108034268487, -0.00156201981008, 0.00174278777558, -0.00121603044681], [5.34039500053e-05, -0.000519661058206, 0.00213699880987, -0.00107454380486, 0.00019148462161, -0.00114492070861, 0.000307542621158, 0.000418707641074, -0.00109604827594, -0.000747367099393, 0.000601314241067, -0.00166978605557, -0.000243404487264], [-0.000254878599662, 0.000655756273773, -0.00107454380486, 0.00414912216365, -0.00195640209131, 0.000144867080962, 0.000786084623542, 0.000778405170422, -0.00149222323671, 0.000473570253234, -0.000863046851009, 0.00052057026187, -7.6921794971e-05], [0.000166208046721, -0.00075006793486, 0.00019148462161, -0.00195640209131, 0.00376769900322, -0.000562679953873, -0.000962046848144, -1.40595102494e-05, 0.000268366216915, -0.000399648590246, -0.000422835000791, 4.97386681673e-05, -0.00026593360235], [-3.54993499059e-05, 0.000945723266341, -0.00114492070861, 0.000144867080962, -0.000562679953873, 0.00434052851051, -0.00226759724319, 4.94624036946e-05, -0.000279191037407, 0.000735422829166, 0.000181988405529, 9.79243559414e-05, 0.000220882895519], [0.000115653252578, -0.000412399676861, 0.000307542621158, 0.000786084623542, -0.000962046848144, -0.00226759724319, 0.00472892867401, -0.00260999868624, -0.000729742809199, 0.000527990690898, -0.00138908450026, 8.65474794409e-05, -0.000189454643987], [-0.000606025510933, 0.000125340695377, 0.000418707641074, 0.000778405170422, -1.40595102494e-05, 4.94624036946e-05, -0.00260999868624, 0.0102177150548, -0.0018006041646, -0.00177944044117, -5.69407820876e-05, 0.000160824536579, -0.000917442550417], [0.000207361561479, -0.000206657903618, -0.00109604827594, -0.00149222323671, 0.000268366216915, -0.000279191037407, -0.000729742809199, -0.0018006041646, 0.00919247511774, -0.00282223336399, -0.000970130844507, 2.51189085247e-05, 0.000349296431523], [-0.000414623384131, 0.00108034268487, -0.000747367099393, 0.000473570253234, -0.000399648590246, 0.000735422829166, 0.000527990690898, -0.00177944044117, -0.00282223336399, 0.0103121018037, -0.00417306786403, 0.0032755760476, 0.000103922713606], [9.67245650827e-05, -0.00156201981008, 0.000601314241067, -0.000863046851009, -0.000422835000791, 0.000181988405529, -0.00138908450026, -5.69407820876e-05, -0.000970130844507, -0.00417306786403, 0.0132045280188, -0.00421751756221, -0.00173683720641], [-0.000300117448205, 0.00174278777558, -0.00166978605557, 0.00052057026187, 4.97386681673e-05, 9.79243559414e-05, 8.65474794409e-05, 0.000160824536579, 2.51189085247e-05, 0.0032755760476, -0.00421751756221, 0.0105362934992, -0.00276219449006], [7.81169219408e-05, -0.00121603044681, -0.000243404487264, -7.6921794971e-05, -0.00026593360235, 0.000220882895519, -0.000189454643987, -0.000917442550417, 0.000349296431523, 0.000103922713606, -0.00173683720641, -0.00276219449006, 0.0137830413878]]
    },
    "melbands": {
        "dmean": [0.00304538174532, 0.00129253405612, 0.000341323349858, 0.000194967142306, 0.000198878784431, 0.0002697846503, 0.000284424750134, 0.000259348307736, 0.000171548192156, 0.000130366504891, 6.64592953399e-05, 5.27489173692e-05, 5.90776544414e-05, 4.85257223772e-05, 5.87990143686e-05, 4.40330259153e-05, 3.94018934458e-05, 4.13725683757e-05, 2.44200673478e-05, 1.63246968441e-05, 1.5863972294e-05, 1.9125527615e-05, 1.85834014701e-05, 1.29681093313e-05, 1.51792010001e-05, 1.70747789525e-05, 1.2903262359e-05, 1.16478449854e-05, 7.7200229498e-06, 5.33340698894e-06, 4.1373368731e-06, 5.38202584721e-06, 4.38112647316e-06, 4.58873500975e-06, 4.37065136794e-06, 4.51154573966e-06, 5.46776618648e-06, 5.74400974074e-06, 5.08591529069e-06, 5.20090725331e-06],
        "dmean2": [0.00436986470595, 0.00226519652642, 0.000583339366131, 0.000317835918395, 0.000308316812152, 0.000462176452857, 0.000474526459584, 0.0004057038459, 0.000255264225416, 0.000196866356418, 9.29537272896e-05, 7.86358650657e-05, 9.20034071896e-05, 7.38503440516e-05, 8.65736728883e-05, 6.84121696395e-05, 5.95568817516e-05, 6.48071727483e-05, 3.82142861781e-05, 2.48228989221e-05, 2.44988932536e-05, 3.08211601805e-05, 3.02213029499e-05, 2.05548785743e-05, 2.34772924159e-05, 2.69096508418e-05, 2.10505331779e-05, 1.87917357835e-05, 1.22508090499e-05, 8.32966634334e-06, 6.43230168862e-06, 8.52977609611e-06, 7.00423106537e-06, 7.4408171713e-06, 6.86368957759e-06, 6.96976803738e-06, 8.41224482429e-06, 9.32144212129e-06, 8.35814716993e-06, 8.47781211633e-06],
        "dvar": [6.73281829222e-05, 2.56624862232e-05, 1.08658139197e-06, 1.39991072956e-07, 1.48292059521e-07, 3.83139507676e-07, 2.71899779136e-07, 1.9888541658e-07, 9.33552470883e-08, 7.81855149512e-08, 2.29364989224e-08, 1.18299992025e-08, 1.67408717999e-08, 9.70632640929e-09, 1.12494396021e-08, 8.02014010759e-09, 5.1527542233e-09, 7.02578661915e-09, 2.05568473355e-09, 8.69234517697e-10, 8.43939529371e-10, 1.65994573642e-09, 1.78493564373e-09, 8.3867829348e-10, 1.14288301045e-09, 1.16573029008e-09, 6.94547419577e-10, 6.70325905894e-10, 2.53581350362e-10, 1.50081502781e-10, 8.64637250686e-11, 1.73619313371e-10, 9.63671364929e-11, 1.11161781169e-10, 1.09181434726e-10, 1.39183303771e-10, 2.15259296499e-10, 1.8909816768e-10, 1.44883993691e-10, 1.50251450171e-10],
        "dvar2": [0.00013738036796, 7.07193248672e-05, 3.0133742257e-06, 3.79606433398e-07, 3.21987840834e-07, 1.06390052679e-06, 7.01744284015e-07, 4.06825336086e-07, 2.00344700829e-07, 1.60610071021e-07, 4.55760620355e-08, 2.64958792684e-08, 3.93442789459e-08, 1.99278353818e-08, 2.41921132016e-08, 1.63785180973e-08, 1.16937970418e-08, 1.7242891559e-08, 4.97318097814e-09, 2.02384864423e-09, 1.956848239e-09, 4.36139924176e-09, 4.35250457897e-09, 2.02544758743e-09, 2.57163290662e-09, 2.89133783582e-09, 1.8453274464e-09, 1.71709202412e-09, 6.1863403289e-10, 3.5581576574e-10, 2.03779382257e-10, 3.99122429551e-10, 2.27137544884e-10, 2.74776285059e-10, 2.50152176751e-10, 2.88514989677e-10, 4.83697248921e-10, 4.33062752325e-10, 3.57788076943e-10, 3.74940301029e-10],
        "max": [0.0884832814336, 0.0443684458733, 0.0118777062744, 0.003958332818, 0.00700678676367, 0.00527640618384, 0.00596396159381, 0.00479000946507, 0.00308866472915, 0.00297698262148, 0.00187339552213, 0.00135373231024, 0.00145534996409, 0.000987902516499, 0.00148840260226, 0.00186378578655, 0.00109336443711, 0.000811844423879, 0.000420310097979, 0.000320382794598, 0.000223977214773, 0.000622950959951, 0.000719866598956, 0.000433836859884, 0.000403898360673, 0.000390813045669, 0.000218662971747, 0.00033780594822, 0.00023380118364, 0.000109617052658, 8.37925617816e-05, 0.000107643580122, 7.01495009707e-05, 0.000111269597255, 0.000128402418341, 0.00014035210188, 0.000172727013705, 0.000195678701857, 0.00011807915871, 0.000110194800072],
        "mean": [0.018068484962, 0.00142516859341, 0.00043007027125, 0.000274793885183, 0.000265610317001, 0.000278932944639, 0.000312774645863, 0.000315033830702, 0.000215292602661, 0.000173813372385, 9.50689427555e-05, 7.61961637181e-05, 7.48155871406e-05, 6.37675111648e-05, 8.08465119917e-05, 5.98741207796e-05, 4.95767635584e-05, 4.72503161291e-05, 3.02456264762e-05, 2.19510566239e-05, 1.92237621377e-05, 2.10473554034e-05, 2.20366091526e-05, 1.66085155797e-05, 1.76689118234e-05, 2.06578260986e-05, 1.53244582179e-05, 1.33187959364e-05, 8.53968595038e-06, 5.42976249562e-06, 4.26932001574e-06, 5.17775788467e-06, 4.40280109615e-06, 4.49307117378e-06, 4.5296751523e-06, 5.14117482453e-06, 5.6725284594e-06, 5.68975701754e-06, 4.85642112835e-06, 4.83202074975e-06],
        "median": [9.39425517572e-05, 0.000151403917698, 0.000233493439737, 0.000165958015714, 0.000104070524685, 8.8793989562e-05, 0.000107458981802, 9.03997424757e-05, 4.85364616907e-05, 2.74836711469e-05, 2.20979090955e-05, 2.16692606045e-05, 1.96916080313e-05, 1.37970473588e-05, 2.51458968705e-05, 1.49361076183e-05, 1.38305676955e-05, 9.96824110189e-06, 8.08957975096e-06, 7.86183773016e-06, 6.52062180961e-06, 5.96440486333e-06, 3.66190124623e-06, 2.3867339678e-06, 3.58441207027e-06, 6.48682816973e-06, 5.48709658688e-06, 4.08379037253e-06, 2.16744706449e-06, 9.75518901214e-07, 3.87607144603e-07, 2.09507177829e-07, 2.27064916203e-07, 2.93715231692e-07, 2.91388943197e-07, 2.92186825845e-07, 3.22016234122e-07, 4.37337263293e-07, 4.22789980803e-07, 3.84961367672e-07],
        "min": [1.23707419308e-10, 9.58951668073e-11, 6.41688369107e-11, 4.09776344801e-11, 2.87771056984e-11, 2.30046173083e-11, 1.93893772565e-11, 1.63990643981e-11, 1.39958513529e-11, 1.12273038089e-11, 7.56112533695e-12, 5.36943449772e-12, 4.45151684611e-12, 3.97198463356e-12, 3.64790359378e-12, 2.55303785925e-12, 1.89596168626e-12, 1.69504482065e-12, 2.51283260692e-12, 3.85310706952e-12, 2.05830448172e-12, 8.1118331453e-13, 1.00349882484e-12, 1.2166607782e-12, 5.42012994816e-13, 3.1030083017e-13, 3.21067120373e-13, 4.70008038565e-13, 7.92961887559e-13, 4.73650524184e-13, 1.20859214563e-13, 1.96288081275e-13, 2.72379666565e-13, 2.216401162e-13, 2.97558310457e-13, 2.4109856364e-13, 3.43836931312e-14, 1.60888392452e-13, 3.84223712959e-13, 1.92840399682e-13],
        "stdev": [0.0242657437921, 0.00435672653839, 0.000900508777704, 0.000372759037418, 0.000478156813188, 0.000562499277294, 0.000540180073585, 0.00055122456979, 0.000378755823476, 0.000372309761588, 0.000209835619899, 0.000139399038744, 0.000149528103066, 0.000124579295516, 0.000148582708789, 0.000118614210805, 9.07755020307e-05, 9.25061758608e-05, 5.28927266714e-05, 3.48879148078e-05, 3.12807387672e-05, 4.02475525334e-05, 4.93379775435e-05, 4.02516234317e-05, 3.92869660573e-05, 3.69192202925e-05, 2.68959574896e-05, 2.6672054446e-05, 1.69745580934e-05, 1.26171780721e-05, 9.90126682154e-06, 1.33411231218e-05, 1.04262453533e-05, 1.08443236968e-05, 1.16374321806e-05, 1.45996036736e-05, 1.64715602295e-05, 1.49876623254e-05, 1.21847097034e-05, 1.23805566545e-05],
        "var": [0.000588826311287, 1.89810652955e-05, 8.1091610582e-07, 1.38949289408e-07, 2.28633950883e-07, 3.1640544762e-07, 2.9179452099e-07, 3.03848537442e-07, 1.43455977764e-07, 1.38614566936e-07, 4.40309904093e-08, 1.94320932678e-08, 2.23586535952e-08, 1.55200012841e-08, 2.20768221482e-08, 1.40693314776e-08, 8.24019164014e-09, 8.55739301642e-09, 2.79764056366e-09, 1.21716670076e-09, 9.78484626657e-10, 1.61986546399e-09, 2.43423592394e-09, 1.62019320182e-09, 1.54346557757e-09, 1.36302891196e-09, 7.23392568069e-10, 7.11398495667e-10, 2.88135626469e-10, 1.59193172533e-10, 9.80350800539e-11, 1.77985556848e-10, 1.08706599278e-10, 1.17599360805e-10, 1.35429834014e-10, 2.13148429462e-10, 2.71312278199e-10, 2.24630009038e-10, 1.48467155237e-10, 1.53278181814e-10]
    },
    "melbands128": {
