{
"lowlevel": {
    "average_loudness": 0.974129736423,
    "barkbands_crest": {
        "dmean": 2.32574105263,
        "dmean2": 3.44122409821,
        "dvar": 4.82895565033,
        "dvar2": 10.886516571,
        "max": 23.5258331299,
        "mean": 11.6003513336,
        "median": 11.0523958206,
        "min": 3.12270975113,
        "stdev": 4.69637680054,
        "var": 22.0559558868
    },
    "barkbands_flatness_db": {
        "dmean": 0.0202978551388,
        "dmean2": 0.0298253670335,
        "dvar": 0.000480536808027,
        "dvar2": 0.00102241162676,
        "max": 0.347795188427,
        "mean": 0.131774157286,
        "median": 0.123417019844,
        "min": 0.0365509204566,
        "stdev": 0.0474693439901,
        "var": 0.00225333869457
    },
    "barkbands_kurtosis": {
        "dmean": 4.09737205505,
        "dmean2": 6.14998292923,
        "dvar": 51.1599006653,
        "dvar2": 109.499771118,
        "max": 101.5754776,
        "mean": 6.72528028488,
        "median": 2.33841538429,
        "min": -1.81603193283,
        "stdev": 11.7445964813,
        "var": 137.935546875
    },
    "barkbands_skewness": {
        "dmean": 0.602352797985,
        "dmean2": 0.866257488728,
        "dvar": 0.507593035698,
        "dvar2": 1.08239626884,
        "max": 8.93532943726,
        "mean": 1.9685997963,
        "median": 1.56114506721,
        "min": -1.92266273499,
        "stdev": 1.42803680897,
        "var": 2.03928923607
    },
    "barkbands_spread": {
        "dmean": 5.78575801849,
        "dmean2": 8.2682762146,
        "dvar": 60.8906898499,
        "dvar2": 118.23790741,
        "max": 99.6302337646,
        "mean": 22.3826255798,
        "median": 20.4664478302,
        "min": 2.31903958321,
        "stdev": 14.8246421814,
        "var": 219.770019531
    },
    "dissonance": {
        "dmean": 0.0209923610091,
        "dmean2": 0.0342266447842,
        "dvar": 0.00065826048376,
        "dvar2": 0.00164516584482,
        "max": 0.499996513128,
        "mean": 0.452267050743,
        "median": 0.459861844778,
        "min": 0.0173983387649,
        "stdev": 0.0351474694908,
        "var": 0.00123534456361
    },
    "dynamic_complexity": 2.37600278854,
    "erbbands_crest": {
        "dmean": 2.31923484802,
        "dmean2": 3.76219844818,
        "dvar": 4.85212802887,
        "dvar2": 12.265789032,
        "max": 20.4133548737,
        "mean": 8.04760837555,
        "median": 7.38930797577,
        "min": 2.3090968132,
        "stdev": 3.3312022686,
        "var": 11.0969085693
    },
    "erbbands_flatness_db": {
        "dmean": 0.0132684186101,
        "dmean2": 0.0195189714432,
        "dvar": 0.000152212975081,
        "dvar2": 0.000296323560178,
        "max": 0.3221565485,
        "mean": 0.127524331212,
        "median": 0.126831144094,
        "min": 0.0400699563324,
        "stdev": 0.0344230756164,
        "var": 0.00118494813796
    },
    "erbbands_kurtosis": {
        "dmean": 0.65204256773,
        "dmean2": 1.01592993736,
        "dvar": 0.45168620348,
        "dvar2": 1.03000545502,
        "max": 5.87290000916,
        "mean": 0.352065056562,
        "median": -0.0228484869003,
        "min": -1.65565562248,
        "stdev": 1.33994376659,
        "var": 1.7954492569
    },
    "erbbands_skewness": {
        "dmean": 0.314493924379,
        "dmean2": 0.4779317379,
        "dvar": 0.0898297056556,
        "dvar2": 0.210797786713,
        "max": 2.03142857552,
        "mean": 0.406558424234,
        "median": 0.406250834465,
        "min": -2.17143154144,
        "stdev": 0.590286374092,
        "var": 0.348437994719
    },
    "erbbands_spread": {
        "dmean": 8.05443477631,
        "dmean2": 11.8518829346,
        "dvar": 70.9169235229,
        "dvar2": 153.486297607,
        "max": 128.680862427,
        "mean": 41.8309249878,
        "median": 38.4011230469,
        "min": 11.3567380905,
        "stdev": 17.9001483917,
        "var": 320.415344238
    },
    "hfc": {
        "dmean": 6.41120910645,
        "dmean2": 9.15945911407,
        "dvar": 63.3696479797,
        "dvar2": 130.897735596,
        "max": 93.1811981201,
        "mean": 25.4226818085,
        "median": 24.5272216797,
        "min": 1.24148586758e-16,
        "stdev": 16.8677177429,
        "var": 284.519927979
    },
    "loudness_ebu128": {
        "integrated": -10.0909252167,
        "loudness_range": 2.07889175415,
        "momentary": {
            "dmean": 0.500677227974,
            "dmean2": 0.647544503212,
            "dvar": 0.227453514934,
            "dvar2": 0.385655105114,
            "max": -7.59353971481,
            "mean": -10.4112167358,
            "median": -10.0691041946,
            "min": -17.6678600311,
            "stdev": 1.84412026405,
            "var": 3.4007794857
        },
        "short_term": {
            "dmean": 0.0932966694236,
            "dmean2": 0.111566834152,
            "dvar": 0.00482944678515,
            "dvar2": 0.00827152747661,
            "max": -8.68387794495,
            "mean": -10.088850975,
            "median": -10.0896434784,
            "min": -12.0510444641,
            "stdev": 0.73258793354,
            "var": 0.536685109138
        }
    },
    "melbands_crest": {
        "dmean": 3.36579489708,
        "dmean2": 4.78205633163,
        "dvar": 9.70543766022,
        "dvar2": 21.6470050812,
        "max": 35.6576080322,
        "mean": 18.4249343872,
        "median": 17.5590763092,
        "min": 2.48166632652,
        "stdev": 8.10311985016,
        "var": 65.6605529785
    },
    "melbands_flatness_db": {
        "dmean": 0.0258912686259,
        "dmean2": 0.0366364344954,
        "dvar": 0.000906528090127,
        "dvar2": 0.00186617358122,
        "max": 0.457121282816,
        "mean": 0.206168532372,
        "median": 0.196917518973,
        "min": 0.00791101809591,
        "stdev": 0.0642286986113,
        "var": 0.00412532594055
    },
    "melbands_kurtosis": {
        "dmean": 10.9455337524,
        "dmean2": 16.5386657715,
        "dvar": 428.59262085,
        "dvar2": 940.413391113,
        "max": 311.33807373,
        "mean": 20.0510559082,
        "median": 8.43635368347,
        "min": -1.12201178074,
        "stdev": 33.1713752747,
        "var": 1100.34008789
    },
    "melbands_skewness": {
        "dmean": 0.857555747032,
        "dmean2": 1.25327455997,
        "dvar": 1.10770487785,
        "dvar2": 2.45557498932,
        "max": 14.9319286346,
        "mean": 3.14461731911,
        "median": 2.59191989899,
        "min": -0.0851093381643,
        "stdev": 2.14518117905,
        "var": 4.60180234909
    },
    "melbands_spread": {
        "dmean": 6.14555835724,
        "dmean2": 8.69038772583,
        "dvar": 82.279624939,
        "dvar2": 152.969192505,
        "max": 178.672653198,
        "mean": 20.9412879944,
        "median": 19.3817672729,
        "min": 1.25973415375,
        "stdev": 15.8070688248,
        "var": 249.863433838
    },
    "pitch_salience": {
        "dmean": 0.0685289651155,
        "dmean2": 0.102190859616,
        "dvar": 0.00375149189495,
        "dvar2": 0.00836651492864,
        "max": 0.797826707363,
        "mean": 0.498543322086,
        "median": 0.505289614201,
        "min": 0.120433777571,
        "stdev": 0.137671142817,
        "var": 0.0189533438534
    },
    "silence_rate_20dB": {
        "dmean": 0,
        "dmean2": 0,
        "dvar": 0,
        "dvar2": 0,
        "max": 1,
        "mean": 1,
        "median": 1,
        "min": 1,
        "stdev": 0,
        "var": 0
    },
    "silence_rate_30dB": {
        "dmean": 0.0912606343627,
        "dmean2": 0.182662531734,
        "dvar": 0.0829328373075,
        "dvar2": 0.180258363485,
        "max": 1,
        "mean": 0.916537880898,
        "median": 1,
        "min": 0,
        "stdev": 0.276579141617,
        "var": 0.0764960199594
    },
    "silence_rate_60dB": {
        "dmean": 0.00077339517884,
        "dmean2": 0.00154798757285,
        "dvar": 0.000772794999648,
        "dvar2": 0.00154557928909,
        "max": 1,
        "mean": 0.00154559500515,
        "median": 0,
        "min": 0,
        "stdev": 0.0392836034298,
        "var": 0.00154320150614
    },
    "spectral_centroid": {
        "dmean": 263.465393066,
        "dmean2": 387.367156982,
        "dvar": 160790.046875,
        "dvar2": 259113.984375,
        "max": 10909.8134766,
        "mean": 1255.31396484,
        "median": 1190.37280273,
        "min": 287.001983643,
        "stdev": 595.812316895,
        "var": 354992.28125
    },
    "spectral_complexity": {
        "dmean": 3.1013147831,
        "dmean2": 4.79024744034,
        "dvar": 8.5798368454,
        "dvar2": 16.9691390991,
        "max": 39,
        "mean": 18.5301399231,
        "median": 18,
        "min": 0,
        "stdev": 5.90276193619,
        "var": 34.8425979614
    },
    "spectral_decrease": {
        "dmean": 5.38032152164e-09,
        "dmean2": 8.37143510068e-09,
        "dvar": 9.64515093549e-17,
        "dvar2": 2.47516526775e-16,
        "max": 1.37279455879e-28,
        "mean": -1.25652004357e-08,
        "median": -9.1072376307e-09,
        "min": -6.57245919911e-08,
        "stdev": 1.10660121067e-08,
        "var": 1.22456625211e-16
    },
    "spectral_energy": {
        "dmean": 0.0206505674869,
        "dmean2": 0.0321707576513,
        "dvar": 0.00140610348899,
        "dvar2": 0.00360038364306,
        "max": 0.251753091812,
        "mean": 0.0497299022973,
        "median": 0.0369264595211,
        "min": 1.07425122203e-20,
        "stdev": 0.0425112433732,
        "var": 0.00180720596109
    },
    "spectral_energyband_high": {
        "dmean": 0.000386763247661,
        "dmean2": 0.000533901795279,
        "dvar": 4.46166410484e-07,
        "dvar2": 8.79589663327e-07,
        "max": 0.0104053206742,
        "mean": 0.00107871135697,
        "median": 0.000730843225028,
        "min": 7.68230099859e-21,
        "stdev": 0.00122312945314,
        "var": 1.49604579747e-06
    },
    "spectral_energyband_low": {
        "dmean": 0.0157722383738,
        "dmean2": 0.0237424653023,
        "dvar": 0.000919349957258,
        "dvar2": 0.0023404895328,
        "max": 0.214550375938,
        "mean": 0.0284154433757,
        "median": 0.0152692086995,
        "min": 9.04019577472e-23,
        "stdev": 0.0343520864844,
        "var": 0.00118006591219
    },
    "spectral_energyband_middle_high": {
        "dmean": 0.0018496888224,
        "dmean2": 0.00258962670341,
        "dvar": 4.63431251774e-06,
        "dvar2": 8.72362761584e-06,
        "max": 0.0432579442859,
        "mean": 0.00643060449511,
        "median": 0.00423615798354,
        "min": 1.58129013755e-21,
        "stdev": 0.00562417088076,
        "var": 3.16312980431e-05
    },
    "spectral_energyband_middle_low": {
        "dmean": 0.00783938076347,
        "dmean2": 0.0134674711153,
        "dvar": 0.000246275594691,
        "dvar2": 0.000682900892571,
        "max": 0.160889148712,
        "mean": 0.0151287447661,
        "median": 0.0119697172195,
        "min": 2.76506904929e-22,
        "stdev": 0.0149610443041,
        "var": 0.000223832859774
    },
    "spectral_entropy": {
        "dmean": 0.150277152658,
        "dmean2": 0.226382941008,
        "dvar": 0.0274291392416,
        "dvar2": 0.0574520081282,
        "max": 9.81149673462,
        "mean": 7.70907020569,
        "median": 7.68918323517,
        "min": 5.5038895607,
        "stdev": 0.366441577673,
        "var": 0.134279429913
    },
    "spectral_flux": {
        "dmean": 0.0385265052319,
        "dmean2": 0.0611182451248,
        "dvar": 0.00379645358771,
        "dvar2": 0.00694052502513,
        "max": 0.442931711674,
        "mean": 0.103048607707,
        "median": 0.0761809498072,
        "min": 1.03646091709e-10,
        "stdev": 0.0795576646924,
        "var": 0.00632942235097
    },
    "spectral_kurtosis": {
        "dmean": 1.01579117775,
        "dmean2": 1.56075119972,
        "dvar": 3.02298331261,
        "dvar2": 6.00155544281,
        "max": 54.5458335876,
        "mean": 3.58114409447,
        "median": 3.26252770424,
        "min": -1.19484889507,
        "stdev": 3.27140212059,
        "var": 10.7020721436
    },
    "spectral_rms": {
        "dmean": 0.00123201229144,
        "dmean2": 0.0018326753052,
        "dvar": 3.61021648132e-06,
        "dvar2": 8.7615198936e-06,
        "max": 0.015672037378,
        "mean": 0.00643820688128,
        "median": 0.00600215094164,
        "min": 3.23736003283e-12,
        "stdev": 0.00265829428099,
        "var": 7.06652872395e-06
    },
    "spectral_rolloff": {
        "dmean": 458.142486572,
        "dmean2": 712.113220215,
        "dvar": 1233162.125,
        "dvar2": 2224437.25,
        "max": 19250.6835938,
        "mean": 1270.22607422,
        "median": 904.39453125,
        "min": 64.599609375,
        "stdev": 1660.6583252,
        "var": 2757786.25
    },
    "spectral_skewness": {
        "dmean": 0.173578739166,
        "dmean2": 0.255073189735,
        "dvar": 0.0354496948421,
        "dvar2": 0.0667514428496,
        "max": 5.33201503754,
        "mean": 1.55590569973,
        "median": 1.57415354252,
        "min": 0.00463216844946,
        "stdev": 0.399442344904,
        "var": 0.159554183483
    },
    "spectral_spread": {
        "dmean": 603092,
        "dmean2": 861448.6875,
        "dvar": 967185268736,
        "dvar2": 1.30230596403e+12,
        "max": 40215436,
        "mean": 5722864,
        "median": 5528384,
        "min": 1167675.75,
        "stdev": 1810020.875,
        "var": 3.27617557299e+12
    },
    "spectral_strongpeak": {
        "dmean": 0.415153622627,
        "dmean2": 0.700845301151,
        "dvar": 0.574398756027,
        "dvar2": 1.39745020866,
        "max": 8.5321893692,
        "mean": 0.811021089554,
        "median": 0.455471932888,
        "min": 0,
        "stdev": 1.05646979809,
        "var": 1.11612844467
    },
    "zerocrossingrate": {
        "dmean": 0.0112263150513,
        "dmean2": 0.0125426305458,
        "dvar": 0.000390723987948,
        "dvar2": 0.000401609955588,
        "max": 0.52587890625,
        "mean": 0.0531449243426,
        "median": 0.0458984375,
        "min": 0.0009765625,
        "stdev": 0.0392494015396,
        "var": 0.00154051545542
    },
    "barkbands": {
        "dmean": [0.00125328369904, 0.01077773422, 0.00446014013141, 0.00337563897483, 0.00337710091844, 0.00053149368614, 0.00162645452656, 0.000781644775998, 0.00114420684986, 0.000536533538252, 0.000450027961051, 0.000449963612482, 0.00046967875096, 0.000527979806066, 0.000399929878768, 0.000268440664513, 0.000174248561962, 0.000123324804008, 9.40720929066e-05, 7.48866368667e-05, 8.5477506218e-05, 9.87456514849e-05, 8.00684065325e-05, 0.000102743055322, 7.43187629269e-05, 3.83448277717e-05, 2.61196032625e-06],
        "dmean2": [0.00174898153637, 0.0160930305719, 0.00817453116179, 0.00622209301218, 0.00592703837901, 0.00084002391668, 0.00246437080204, 0.00120155641343, 0.00152756110765, 0.000827845244203, 0.000706594437361, 0.000677362200804, 0.000698518939316, 0.00074956077151, 0.00057596352417, 0.000416730763391, 0.000269290670985, 0.000191506667761, 0.000138709394378, 0.000113373593194, 0.000127261853777, 0.00014808891865, 0.000116987910587, 0.00015128168161, 0.000111086359539, 5.54696016479e-05, 4.13298585045e-06],
        "dvar": [4.49520166512e-06, 0.00039841546095, 0.000175334906089, 9.32055918383e-05, 5.9915069869e-05, 5.95952712956e-07, 6.5102208282e-06, 4.81463030155e-06, 4.33425157098e-06, 1.38682878514e-06, 8.07348271792e-07, 9.64396804193e-07, 7.91572347225e-07, 1.03335457879e-06, 8.55071334627e-07, 5.26236590304e-07, 9.36906516813e-08, 4.56897204515e-08, 2.46604372478e-08, 2.00911678405e-08, 1.61934394782e-08, 2.47906370987e-08, 3.13342169989e-08, 4.02383051323e-08, 3.25337694562e-08, 8.9281391169e-09, 9.65305960166e-11],
        "dvar2": [1.17627332656e-05, 0.000936837226618, 0.000499579764437, 0.000264704227448, 0.000168357219081, 1.28241663333e-06, 1.52071825141e-05, 1.06074112409e-05, 7.49228547647e-06, 2.87463558379e-06, 1.72686634414e-06, 2.1814100819e-06, 1.71866349774e-06, 2.00943122763e-06, 1.61849720826e-06, 1.2377809071e-06, 2.04089033673e-07, 1.02684893477e-07, 4.04805895471e-08, 4.39887379855e-08, 3.29001608179e-08, 5.70467300065e-08, 7.07273173362e-08, 8.23964896313e-08, 7.72444153085e-08, 2.00801117956e-08, 2.32529745459e-10],
        "max": [0.0201178286225, 0.13125038147, 0.0924503952265, 0.0745345056057, 0.0734349265695, 0.0122204376385, 0.0288256127387, 0.0378889106214, 0.0347801335156, 0.0358563736081, 0.020684460178, 0.0174548234791, 0.0126321446151, 0.0133311543614, 0.0135636562482, 0.0155234821141, 0.0064347316511, 0.00445103552192, 0.00358491018414, 0.00313798361458, 0.00255071045831, 0.00188083364628, 0.00276982248761, 0.00368439336307, 0.00338844489306, 0.00208284612745, 0.000233976068557],
        "mean": [0.00246615009382, 0.021128050983, 0.00356803019531, 0.00270031997934, 0.00442348280922, 0.000947205873672, 0.00337455002591, 0.00118982431013, 0.00238285469823, 0.00100551184732, 0.000814663188066, 0.000861305743456, 0.000841463392135, 0.000932102208026, 0.000617408193648, 0.000511235615704, 0.000347083434463, 0.000237906962866, 0.00020168843912, 0.000153383924044, 0.000195914151845, 0.000219700508751, 0.00016351690283, 0.000221633381443, 0.00015291145246, 6.91690001986e-05, 2.83314670924e-06],
        "median": [0.00121870916337, 0.0112341754138, 0.00109457154758, 0.00073438527761, 0.00244574947283, 0.000590914743952, 0.00140491488855, 0.000303550681565, 0.000664218736347, 0.000393794791307, 0.000409150612541, 0.000316484860377, 0.00022452668054, 0.000267361203441, 0.000191857223399, 0.000185844328371, 0.000151908883709, 0.000149343220983, 0.00011048282613, 9.74720242084e-05, 0.000123927893583, 0.000140345859108, 7.55255314289e-05, 0.000127304840134, 9.04301487026e-05, 3.39704565704e-05, 3.45461842244e-07],
        "min": [4.1098757016e-23, 5.07798315943e-23, 1.66208764436e-23, 1.99181635661e-23, 5.4850117207e-23, 2.62527797439e-23, 4.28924058334e-23, 8.81884519124e-23, 3.94891178934e-23, 2.637783313e-23, 8.91372433221e-23, 4.6413451774e-23, 6.70933078758e-23, 6.53958622235e-23, 8.84583433162e-23, 1.45527797618e-22, 4.94040840502e-22, 2.67355714531e-22, 1.83735499323e-22, 2.65222508426e-22, 4.37877478147e-22, 4.03732599431e-22, 6.52318851781e-22, 7.38955873039e-22, 8.95086668042e-22, 1.75347446654e-21, 2.79636665763e-21],
        "stdev": [0.00302490661852, 0.0254343282431, 0.0102540906519, 0.00746776117012, 0.00676940614358, 0.00125688745175, 0.00441069714725, 0.00313985627145, 0.00384477735497, 0.00225783674978, 0.00133910181466, 0.00175078900065, 0.00156189943664, 0.00174741866067, 0.00136113283224, 0.00112513091881, 0.000602062325925, 0.000323476531776, 0.000276058010058, 0.00019841453468, 0.000232586709899, 0.000249458069447, 0.000272140983725, 0.000333972595399, 0.000250030047027, 0.000122989906231, 1.06745355879e-05],
        "var": [9.15006057767e-06, 0.000646905042231, 0.000105146369606, 5.57674575248e-05, 4.5824857807e-05, 1.57976614901e-06, 1.9454248104e-05, 9.85869701253e-06, 1.47823120642e-05, 5.0978269428e-06, 1.79319363269e-06, 3.06526226268e-06, 2.43952990786e-06, 3.05347202811e-06, 1.85268254427e-06, 1.26591953631e-06, 3.62479056548e-07, 1.04637067011e-07, 7.62080247796e-08, 3.93683272648e-08, 5.40965778839e-08, 6.22293327979e-08, 7.40607219996e-08, 1.11537694636e-07, 6.25150278211e-08, 1.51265169279e-08, 1.13945707036e-10]
    },
    "erbbands": {
        "dmean": [0.500176846981, 1.97615373135, 5.02914857864, 8.22792816162, 14.0292406082, 10.4162158966, 4.22903728485, 4.75077962875, 17.9465713501, 23.0150108337, 19.7859783173, 23.048160553, 16.3720550537, 16.1477508545, 13.1179714203, 18.0843162537, 17.5234050751, 21.8045101166, 22.9042243958, 17.3057804108, 11.1909837723, 10.0889816284, 6.65762662888, 4.41996097565, 4.93481254578, 3.09267377853, 2.56830072403, 4.17818498611, 3.82492041588, 2.35688877106, 2.41652393341, 2.64292883873, 1.43950748444, 1.01210427284, 0.458723276854, 0.209839269519, 0.0646429657936, 0.00905320700258, 0.000287759379717, 2.75804450212e-05],
        "dmean2": [0.692858159542, 3.21559619904, 9.25206661224, 15.0458593369, 25.4706363678, 17.8611621857, 6.98098564148, 7.47289514542, 27.398891449, 34.3617172241, 28.7027015686, 31.5674953461, 24.2117805481, 24.3335266113, 19.6996650696, 26.8743629456, 27.0958385468, 31.0512371063, 32.9331436157, 25.3389511108, 16.7304534912, 15.3394584656, 10.4027900696, 6.82554626465, 7.18864345551, 4.74168634415, 3.74547386169, 6.21714544296, 5.75710296631, 3.46558022499, 3.52746772766, 4.08634281158, 2.11340308189, 1.50702464581, 0.689425706863, 0.308109253645, 0.0960170924664, 0.013679693453, 0.000435285212006, 4.23763667641e-05],
        "dvar": [0.667181491852, 20.2118587494, 220.917205811, 559.591430664, 1460.10668945, 345.318878174, 60.3562812805, 53.0244598389, 916.767883301, 2157.87133789, 1736.06066895, 2183.50512695, 1132.56713867, 1016.81292725, 446.402557373, 1870.37219238, 1208.35327148, 1374.10339355, 2428.33789062, 2178.85546875, 437.278656006, 311.112762451, 145.913192749, 39.8497848511, 74.7736816406, 38.0086021423, 17.0941162109, 36.5847206116, 34.5732345581, 23.3841514587, 26.9529018402, 28.4632930756, 9.34177112579, 5.90852689743, 1.1508898735, 0.307021677494, 0.0218617431819, 0.000634685682599, 1.10698056233e-06, 2.1306476583e-09],
        "dvar2": [1.64090275764, 51.5233955383, 632.433227539, 1580.26953125, 4167.20703125, 941.631286621, 137.430160522, 109.266967773, 2237.83447266, 4696.84765625, 3796.48657227, 4051.87255859, 1992.01696777, 1743.7512207, 915.670593262, 4215.89453125, 2871.56958008, 2783.41088867, 4542.58984375, 4378.37060547, 978.37298584, 652.72052002, 324.786224365, 84.5843582153, 126.171356201, 89.3471984863, 33.7306785583, 81.6931228638, 80.4361877441, 52.3336143494, 60.6492118835, 60.6326065063, 20.7736644745, 13.7977733612, 2.79494547844, 0.742939949036, 0.0489208735526, 0.00142795674037, 2.63258039013e-06, 5.24093346499e-09],
        "max": [6.67867279053, 31.3513011932, 102.124015808, 182.028442383, 406.934387207, 209.292205811, 153.490539551, 154.230789185, 296.508239746, 664.284790039, 630.024291992, 908.672241211, 858.289855957, 878.872924805, 478.908721924, 853.671691895, 575.815429688, 468.936126709, 926.653015137, 952.98034668, 467.835357666, 470.581390381, 262.401763916, 90.3988723755, 186.139953613, 133.000106812, 70.3977279663, 103.422119141, 74.1994552612, 64.2672576904, 80.6073379517, 77.7061386108, 63.1343383789, 43.7007637024, 18.6766357422, 13.3731107712, 2.4065387249, 0.395977646112, 0.0243396889418, 0.000416735420004],
        "mean": [1.05219912529, 2.94651556015, 4.26856470108, 6.81769609451, 13.231256485, 15.2903347015, 8.0688533783, 9.09143733978, 35.8961715698, 44.2443962097, 38.5919113159, 47.8836326599, 35.7011032104, 32.3251533508, 26.2855548859, 36.4455986023, 33.9224395752, 45.4625930786, 42.1034927368, 33.0799484253, 25.0632915497, 21.2335968018, 13.8191461563, 10.0997152328, 11.1451616287, 6.66211557388, 5.84426736832, 9.46228122711, 8.6036567688, 4.83376312256, 4.95777463913, 5.48832321167, 2.98789763451, 1.99572718143, 0.899909257889, 0.385121405125, 0.112757630646, 0.0135544138029, 0.000415771792177, 7.08831503289e-05],
        "median": [0.560978293419, 1.25549936295, 1.37837266922, 2.12413787842, 5.32362794876, 8.33614063263, 4.37519931793, 5.87683105469, 15.825504303, 14.2861299515, 12.842880249, 14.9528226852, 15.0974597931, 15.543305397, 14.2854528427, 12.5194330215, 11.4865942001, 17.6097927094, 11.5362300873, 10.3303718567, 11.1298618317, 9.81507492065, 8.30515861511, 6.76166439056, 5.8857383728, 4.57466316223, 3.70803451538, 5.9388999939, 5.63939523697, 2.5308637619, 2.26726198196, 2.7910835743, 1.74902153015, 1.08512687683, 0.525231420994, 0.197077512741, 0.0527405515313, 0.00468214228749, 0.000151180996909, 5.56455197511e-05],
        "min": [1.4616449041e-21, 1.11692719851e-20, 2.45458415074e-20, 4.64036271362e-20, 6.71751695244e-20, 1.66657803652e-19, 3.99093449054e-19, 1.70523347901e-19, 4.7939531574e-19, 1.52368995278e-18, 1.529977973e-18, 9.31099726498e-19, 4.0872369254e-19, 3.02967968801e-18, 2.07512442806e-18, 1.85719769863e-18, 2.50209313998e-18, 3.6427532844e-18, 3.77517290635e-18, 5.47635627644e-18, 1.25834676977e-17, 2.1274225087e-17, 1.74334005098e-17, 1.19008104274e-17, 9.99621383209e-18, 1.17907557012e-17, 1.95043596699e-17, 1.51521190985e-17, 1.41170663436e-17, 1.61586854074e-17, 1.68300020315e-17, 1.42410441738e-17, 1.38619166934e-17, 9.80119442215e-18, 6.35072588858e-18, 4.94163446844e-18, 3.37068282759e-18, 1.666116082e-18, 4.3895068158e-19, 3.87391913002e-20],
        "stdev": [1.21854019165, 4.53567838669, 11.5126771927, 18.4320240021, 30.1819000244, 19.672744751, 13.7980461121, 10.9917545319, 44.7769813538, 78.9712142944, 68.841545105, 82.005279541, 67.2938308716, 55.8003997803, 37.7829399109, 78.4505004883, 54.4877281189, 69.9461288452, 79.9962387085, 75.5619888306, 45.5841674805, 36.0055046082, 19.2543830872, 10.948346138, 15.3839416504, 8.22721862793, 7.06287670135, 10.7409276962, 9.41598892212, 7.2655711174, 8.17608261108, 8.79397773743, 4.46109676361, 3.39719820023, 1.40879631042, 0.660462617874, 0.202116936445, 0.032117087394, 0.00117790396325, 5.58786341571e-05],
        "var": [1.48484015465, 20.5723781586, 132.541732788, 339.739532471, 910.94708252, 387.016876221, 190.386077881, 120.81867218, 2004.97802734, 6236.45214844, 4739.15820312, 6724.86621094, 4528.45996094, 3113.68481445, 1427.55065918, 6154.48046875, 2968.91259766, 4892.46044922, 6399.39794922, 5709.61376953, 2077.91625977, 1296.39624023, 370.731292725, 119.866279602, 236.665649414, 67.6871337891, 49.884223938, 115.367523193, 88.6608428955, 52.788520813, 66.8483200073, 77.3340377808, 19.901386261, 11.5409555435, 1.98470711708, 0.436210900545, 0.0408512540162, 0.00103150727227, 1.38745781442e-06, 3.12242187661e-09]
    },
    "gfcc": {
        "mean": [36.6329193115, 84.5548858643, -101.26725769, 31.1079177856, -57.6569976807, 27.2362499237, -37.4329910278, 17.2876338959, -21.0499305725, 9.85040569305, -16.9732093811, 3.68698120117, -10.9903039932],
        "cov": [[4026.23510742, -646.3203125, -30.4748897552, 111.293296814, -244.541732788, 343.165252686, -106.304679871, 244.930801392, 168.750335693, 221.80317688, -114.526161194, 38.8385314941, -47.2630767822], [-646.3203125, 839.431152344, -109.415000916, -66.3248596191, 210.426544189, -136.55859375, 107.536132812, -74.9677200317, -24.9583911896, -65.7036361694, 94.4564208984, -40.7884140015, 51.5789108276], [-30.4748897552, -109.415000916, 456.619354248, 164.878601074, 79.5727081299, 73.4284210205, 52.001953125, 19.6160793304, 10.0756845474, 13.523730278, -0.170503869653, 71.9181594849, 22.7454738617], [111.293296814, -66.3248596191, 164.878601074, 324.189880371, 106.721458435, 21.0823249817, 11.3473644257, 38.3511199951, 86.6612472534, 3.08088350296, -12.2849740982, 40.8830528259, 77.0307388306], [-244.541732788, 210.426544189, 79.5727081299, 106.721458435, 261.369842529, -30.0903091431, 73.4889831543, 25.5415344238, 34.3119850159, -3.79978919029, 22.2070426941, 28.3511810303, 59.2865905762], [343.165252686, -136.55859375, 73.4284210205, 21.0823249817, -30.0903091431, 182.792861938, 58.818649292, 59.0005302429, 34.5696029663, 56.4829559326, 6.88010883331, 8.35360431671, -1.99033689499], [-106.304679871, 107.536132812, 52.001953125, 11.3473644257, 73.4889831543, 58.818649292, 200.927139282, 45.8627967834, -17.4469108582, 7.04360675812, 49.995010376, 24.1010780334, 10.52085495], [244.930801392, -74.9677200317, 19.6160793304, 38.3511199951, 25.5415344238, 59.0005302429, 45.8627967834, 124.814460754, 63.9214324951, 40.0319976807, 1.3968231678, 27.5750312805, 31.5157527924], [168.750335693, -24.9583911896, 10.0756845474, 86.6612472534, 34.3119850159, 34.5696029663, -17.4469108582, 63.9214324951, 154.042251587, 51.8555793762, -8.67932033539, 11.2787265778, 47.4463768005], [221.80317688, -65.7036361694, 13.523730278, 3.08088350296, -3.79978919029, 56.4829559326, 7.04360675812, 40.0319976807, 51.8555793762, 93.6799621582, 22.7266387939, 9.82015419006, 5.96770000458], [-114.526161194, 94.4564208984, -0.170503869653, -12.2849740982, 22.2070426941, 6.88010883331, 49.995010376, 1.3968231678, -8.67932033539, 22.7266387939, 80.2276992798, 21.3490104675, 9.47593593597], [38.8385314941, -40.7884140015, 71.9181594849, 40.8830528259, 28.3511810303, 8.35360431671, 24.1010780334, 27.5750312805, 11.2787265778, 9.82015419006, 21.3490104675, 94.5897674561, 35.3907089233], [-47.2630767822, 51.5789108276, 22.7454738617, 77.0307388306, 59.2865905762, -1.99033689499, 10.52085495, 31.5157527924, 47.4463768005, 5.96770000458, 9.47593593597, 35.3907089233, 105.135307312]],
        "icov": [[0.000428151572123, -0.000182735559065, 0.00023795918969, -0.000409298780141, 0.000344594736816, -0.000630636874121, 0.000383611157304, -0.000682799087372, 0.000341440230841, -0.000879982253537, 0.000865930749569, -0.000532086705789, 0.000487485405756], [-0.000182735559065, 0.00317137665115, 9.62169506238e-05, 0.00152879045345, -0.00227090134285, 0.00147533044219, -0.00150871509686, 0.00211970764212, -0.00169872620609, 0.00251173577271, -0.00369565701112, 0.00248804898001, -0.00183526217006], [0.00023795918969, 9.62169506238e-05, 0.00360367097892, -0.00177962088492, -0.000688975851517, -0.00174689502455, -6.807527825e-05, 0.000581504835282, 0.00101319234818, -0.000838239328004, 0.00122747744899, -0.00254373485222, 0.00110795430373], [-0.000409298780141, 0.00152879045345, -0.00177962088492, 0.00643193954602, -0.00232492550276, 0.000804655312095, -0.000693504291121, 0.00166712107603, -0.00353628862649, 0.00328407716006, -0.00172739720438, 0.00141325069126, -0.00327619933523], [0.000344594736816, -0.00227090134285, -0.000688975851517, -0.00232492550276, 0.00776082323864, 0.00116345926654, -0.0013637014199, -0.00195116759278, 0.000420895579737, -0.00237384717911, 0.00256391684525, -0.00135982222855, -0.000340059166774], [-0.000630636874121, 0.00147533044219, -0.00174689502455, 0.000804655312095, 0.00116345926654, 0.0110353939235, -0.00428825058043, -0.000519112567417, -0.00155204767361, -0.00238317297772, -0.00124468246941, 0.00292835198343, -0.00111921411008], [0.000383611157304, -0.00150871509686, -6.807527825e-05, -0.000693504291121, -0.0013637014199, -0.00428825058043, 0.00993727333844, -0.0048414086923, 0.00322700315155, 0.000858439772855, -0.00291082286276, -0.00126659555826, 0.00176382437348], [-0.000682799087372, 0.00211970764212, 0.000581504835282, 0.00166712107603, -0.00195116759278, -0.000519112567417, -0.0048414086923, 0.0163555815816, -0.00558843789622, -6.2805665948e-05, 0.000170188737684, -0.00105675135273, -0.00315607571974], [0.000341440230841, -0.00169872620609, 0.00101319234818, -0.00353628862649, 0.000420895579737, -0.00155204767361, 0.00322700315155, -0.00558843789622, 0.0139969792217, -0.00749741448089, 0.00401039980352, -0.00047587879817, -0.00164816610049], [-0.000879982253537, 0.00251173577271, -0.000838239328004, 0.00328407716006, -0.00237384717911, -0.00238317297772, 0.000858439772855, -6.2805665948e-05, -0.00749741448089, 0.022454932332, -0.0112084988505, 0.0026222311426, -0.000389792287024], [0.000865930749569, -0.00369565701112, 0.00122747744899, -0.00172739720438, 0.00256391684525, -0.00124468246941, -0.00291082286276, 0.000170188737684, 0.00401039980352, -0.0112084988505, 0.024431463331, -0.00732953194529, 0.00106492778286], [-0.000532086705789, 0.00248804898001, -0.00254373485222, 0.00141325069126, -0.00135982222855, 0.00292835198343, -0.00126659555826, -0.00105675135273, -0.00047587879817, 0.0026222311426, -0.00732953194529, 0.0176046043634, -0.00587872741744], [0.000487485405756, -0.00183526217006, 0.00110795430373, -0.00327619933523, -0.000340059166774, -0.00111921411008, 0.00176382437348, -0.00315607571974, -0.00164816610049, -0.000389792287024, 0.00106492778286, -0.00587872741744, 0.0163807701319]]
    },
    "melbands": {
        "dmean": [0.00349965807982, 0.00247235829011, 0.00160347332712, 0.000883345899638, 0.000179234106326, 0.000115021037345, 0.000287674425635, 0.000229947530897, 0.0001767550566, 0.000145636324305, 8.64042012836e-05, 7.08270745235e-05, 5.03992196172e-05, 3.87258369301e-05, 4.94210034958e-05, 5.39456050319e-05, 4.04025377065e-05, 4.32034721598e-05, 3.23574640788e-05, 2.16734370042e-05, 1.28031197164e-05, 1.15481279863e-05, 7.78435605753e-06, 5.77177888772e-06, 3.72488648281e-06, 4.07155266657e-06, 3.72608019461e-06, 1.87039609045e-06, 1.5786623635e-06, 2.1344965262e-06, 2.69855445367e-06, 2.46167792284e-06, 1.65890810422e-06, 1.29750605993e-06, 1.35155892167e-06, 1.75003594904e-06, 1.7059143147e-06, 1.1379102034e-06, 8.73095643783e-07, 9.01013265775e-07],
        "dmean2": [0.00510999374092, 0.0043714903295, 0.00293659302406, 0.00156104180496, 0.000296197686112, 0.000178483271156, 0.000440054544015, 0.00034761466668, 0.000253608857747, 0.000198731737328, 0.000129538486362, 0.000107538406155, 7.87971366663e-05, 5.76118618483e-05, 7.80769769335e-05, 8.0362209701e-05, 5.73607794649e-05, 6.23691521469e-05, 4.6856541303e-05, 3.25669025187e-05, 1.97927911358e-05, 1.78730333573e-05, 1.19818905659e-05, 9.22215622268e-06, 5.78099070481e-06, 5.96025529376e-06, 5.68043924432e-06, 2.9281065963e-06, 2.33741502598e-06, 3.21312882079e-06, 4.06784920415e-06, 3.75225295102e-06, 2.52466429629e-06, 1.91957906281e-06, 1.9439917196e-06, 2.72389229394e-06, 2.6009904559e-06, 1.6921386532e-06, 1.30716273361e-06, 1.37075085149e-06],
        "dvar": [3.61797065125e-05, 4.48295977549e-05, 1.98772850126e-05, 4.20400101575e-06, 8.33209270468e-08, 2.81866174845e-08, 2.16621899085e-07, 2.48825273275e-07, 1.17338203154e-07, 9.80551035923e-08, 3.16084864949e-08, 1.90159425983e-08, 7.0508368033e-09, 6.72361943899e-09, 1.58720254717e-08, 1.20552732241e-08, 4.89185492114e-09, 1.03024033749e-08, 6.42885655822e-09, 3.87017795589e-09, 6.08972483551e-10, 4.11480627349e-10, 2.62991434186e-10, 8.68554880795e-11, 2.91988239143e-11, 6.7507201218e-11, 5.16210962864e-11, 1.42304163245e-11, 6.06941493592e-12, 1.16533267411e-11, 1.507343729e-11, 1.32240867562e-11, 9.61864442262e-12, 7.80939202194e-12, 7.25059248752e-12, 1.79775205139e-11, 1.07189535026e-11, 6.81507671477e-12, 3.09161008426e-12, 5.28973869915e-12],
        "dvar2": [8.38910636958e-05, 0.000126089289552, 5.60668813705e-05, 1.18565249068e-05, 1.96925768137e-07, 5.97457585627e-08, 5.23460471413e-07, 5.35166236659e-07, 2.39343506792e-07, 1.77087187581e-07, 5.64193634034e-08, 3.32261009817e-08, 1.52658952146e-08, 1.2530320781e-08, 3.97631154669e-08, 2.60582204703e-08, 9.70669322697e-09, 1.86865900531e-08, 1.15440359494e-08, 8.03569388808e-09, 1.38319145027e-09, 8.66886396e-10, 5.77541681146e-10, 2.03634414886e-10, 6.33104263459e-11, 1.01555652776e-10, 1.08624123585e-10, 3.49264332733e-11, 1.22913805869e-11, 2.49819626791e-11, 3.48136484918e-11, 3.08529694848e-11, 2.23102300523e-11, 1.81219483864e-11, 1.53964289235e-11, 4.52649792648e-11, 2.19601125478e-11, 1.60751637696e-11, 6.66209101774e-12, 1.30157169764e-11],
        "max": [0.045595344156, 0.0462451130152, 0.0345881022513, 0.0190416630358, 0.00467574084178, 0.00296312361024, 0.00447324290872, 0.00656018266454, 0.00460807420313, 0.00643751211464, 0.00423845369369, 0.003270073561, 0.00135837402195, 0.00187432824168, 0.00170286139473, 0.00171225634404, 0.000944654573686, 0.00170464196708, 0.00145445892122, 0.00138626853004, 0.000532349979039, 0.000533933111001, 0.000325489323586, 0.000129789419589, 8.54750542203e-05, 0.00019440719916, 0.00015448074555, 6.24344029347e-05, 4.10538668802e-05, 4.7988811275e-05, 6.89339940436e-05, 4.21456934419e-05, 4.41374540969e-05, 3.98831725761e-05, 4.72071587865e-05, 7.36857036827e-05, 5.26465810253e-05, 5.49867472728e-05, 3.05914654746e-05, 4.3162071961e-05],
        "mean": [0.00723774451762, 0.00260935141705, 0.00137059437111, 0.00108072790317, 0.000345980399288, 0.00022295252711, 0.000590460957028, 0.000424993369961, 0.000349006964825, 0.00030151125975, 0.00018023524899, 0.00013802741887, 9.39629826462e-05, 8.01075730124e-05, 8.83761167643e-05, 9.59890239756e-05, 8.1028068962e-05, 7.47289086576e-05, 5.19287677889e-05, 3.80293276976e-05, 2.65526596195e-05, 2.26347219723e-05, 1.45473013617e-05, 1.07558744276e-05, 7.62301851864e-06, 8.47953015182e-06, 7.29179600967e-06, 3.59287082574e-06, 3.23220069731e-06, 4.41927249994e-06, 5.85569750911e-06, 5.36918878424e-06, 3.27996735905e-06, 2.42668033934e-06, 2.71091653303e-06, 3.18071965921e-06, 3.47427589986e-06, 2.19924845624e-06, 1.7303578943e-06, 1.65563221799e-06],
        "median": [0.00392324896529, 0.00104646978434, 0.000476443528896, 0.000574841746129, 0.000194503430976, 0.000134890462505, 0.000262508547166, 0.000111720430141, 8.31581273815e-05, 8.15355306258e-05, 7.32252956368e-05, 6.53432434774e-05, 5.12899569003e-05, 3.03764463752e-05, 2.72398283414e-05, 2.55600134551e-05, 2.90468506137e-05, 1.56248934218e-05, 1.5637044271e-05, 1.08979947981e-05, 1.21310949908e-05, 1.01622727016e-05, 6.88901354806e-06, 7.07908111508e-06, 4.69076530862e-06, 4.17984574597e-06, 3.65908726963e-06, 2.32571483139e-06, 1.98023917619e-06, 2.51472442869e-06, 3.5513403418e-06, 3.35191657541e-06, 1.84885152521e-06, 1.13946862257e-06, 1.18811340144e-06, 1.39094970564e-06, 1.74085164417e-06, 1.14924523587e-06, 9.43702730183e-07, 8.56551594097e-07],
        "min": [1.45312012606e-23, 1.37792953333e-23, 8.14957133941e-24, 8.11382016318e-24, 1.33522155056e-23, 4.3187779811e-24, 6.93989573974e-24, 1.84510842308e-23, 1.22908047353e-23, 4.81483738413e-24, 1.50954144987e-24, 1.15148117292e-23, 9.66097676899e-24, 4.02358978025e-24, 5.55593157825e-24, 7.15696186186e-24, 6.82324529996e-24, 5.51717129211e-24, 7.9490791849e-24, 6.86691032879e-24, 1.80410974411e-23, 2.17892027938e-23, 2.42836125305e-23, 1.24437688091e-23, 8.77845125305e-24, 8.26723625431e-24, 6.62222066434e-24, 7.84560745541e-24, 1.21348879551e-23, 1.1826949001e-23, 7.65202256699e-24, 8.29418610941e-24, 7.63544623278e-24, 9.6729422112e-24, 9.6089269376e-24, 9.50970795725e-24, 8.73650278555e-24, 1.03836238453e-23, 6.81452049835e-24, 9.74751007713e-24],
        "stdev": [0.00844176393002, 0.00552158476785, 0.00348502863199, 0.0017389889108, 0.000493334140629, 0.000260743196122, 0.000727741164155, 0.000806488678791, 0.000616731704213, 0.000558467640076, 0.000357737590093, 0.000245487928623, 0.000136003596708, 0.000180005445145, 0.000185485128895, 0.000182083545951, 0.000131129927468, 0.000163460310432, 0.000124037775095, 9.74107897491e-05, 5.08923876623e-05, 3.94572853111e-05, 2.57309784502e-05, 1.261608395e-05, 9.23217430682e-06, 1.37809229273e-05, 1.06041816252e-05, 4.69665837954e-06, 4.10186612498e-06, 5.66624567e-06, 6.71624638926e-06, 5.84397639614e-06, 4.56052885056e-06, 4.0757631723e-06, 4.45313617092e-06, 5.72411636313e-06, 5.54178541279e-06, 3.51308608515e-06, 2.62431740339e-06, 3.03618594444e-06],
        "var": [7.12633773219e-05, 3.04878958559e-05, 1.21454240798e-05, 3.02408238895e-06, 2.43378593723e-07, 6.79870169051e-08, 5.29607234512e-07, 6.50423942261e-07, 3.80357960239e-07, 3.11886083182e-07, 1.27976193198e-07, 6.02643197567e-08, 1.84969799477e-08, 3.2401960226e-08, 3.44047350609e-08, 3.31544178778e-08, 1.71950578221e-08, 2.67192739045e-08, 1.53853711993e-08, 9.48886125229e-09, 2.5900350753e-09, 1.55687740477e-09, 6.62083277092e-10, 1.59165569613e-10, 8.52330428458e-11, 1.89913834658e-10, 1.12448668432e-10, 2.20585980037e-11, 1.68253050381e-11, 3.21063418907e-11, 4.51079659736e-11, 3.41520596525e-11, 2.07984220124e-11, 1.66118455797e-11, 1.98304220267e-11, 3.2765509056e-11, 3.07113848241e-11, 1.23417743039e-11, 6.88704128449e-12, 9.21842463475e-12]
    },
    "melbands128": {
