{
"lowlevel": {
    "average_loudness": 0.880831360817,
    "barkbands_crest": {
        "dmean": 2.86123108864,
        "dmean2": 4.43914842606,
        "dvar": 8.42665481567,
        "dvar2": 17.2304935455,
        "max": 25.465883255,
        "mean": 12.5501728058,
        "median": 12.2105770111,
        "min": 2.8704662323,
        "stdev": 4.82743406296,
        "var": 23.3041191101
    },
    "barkbands_flatness_db": {
        "dmean": 0.0381477065384,
        "dmean2": 0.0537584163249,
        "dvar": 0.00147813651711,
        "dvar2": 0.00292645092122,
        "max": 0.543225109577,
        "mean": 0.203380987048,
        "median": 0.200116172433,
        "min": 0.0333141498268,
        "stdev": 0.0783362165093,
        "var": 0.0061365631409
    },
    "barkbands_kurtosis": {
        "dmean": 13.9891366959,
        "dmean2": 20.8484077454,
        "dvar": 703.147216797,
        "dvar2": 1283.49731445,
        "max": 319.122589111,
        "mean": 23.9758758545,
        "median": 13.0242938995,
        "min": -1.93023943901,
        "stdev": 36.9952049255,
        "var": 1368.64526367
    },
    "barkbands_skewness": {
        "dmean": 1.13689386845,
        "dmean2": 1.64131677151,
        "dvar": 1.94514393806,
        "dvar2": 3.58650517464,
        "max": 14.8603601456,
        "mean": 3.3015961647,
        "median": 2.95926237106,
        "min": -4.33798503876,
        "stdev": 2.32181143761,
        "var": 5.39080810547
    },
    "barkbands_spread": {
        "dmean": 7.77544116974,
        "dmean2": 12.2956800461,
        "dvar": 176.751663208,
        "dvar2": 387.027801514,
        "max": 125.83203125,
        "mean": 14.5226249695,
        "median": 8.00441932678,
        "min": 0.36450061202,
        "stdev": 18.2454566956,
        "var": 332.89666748
    },
    "dissonance": {
        "dmean": 0.0332819595933,
        "dmean2": 0.0524608679116,
        "dvar": 0.00115583324805,
        "dvar2": 0.00269742263481,
        "max": 0.499977380037,
        "mean": 0.421473443508,
        "median": 0.432431906462,
        "min": 0.0456170663238,
        "stdev": 0.0561110265553,
        "var": 0.00314844725654
    },
    "dynamic_complexity": 3.50392746925,
    "erbbands_crest": {
        "dmean": 3.24217796326,
        "dmean2": 5.06281518936,
        "dvar": 10.5354127884,
        "dvar2": 22.0732345581,
        "max": 31.2155723572,
        "mean": 11.6747779846,
        "median": 10.921043396,
        "min": 2.59097528458,
        "stdev": 5.38221979141,
        "var": 28.9682884216
    },
    "erbbands_flatness_db": {
        "dmean": 0.0246312338859,
        "dmean2": 0.0354957543314,
        "dvar": 0.000621499260888,
        "dvar2": 0.00121214613318,
        "max": 0.403932869434,
        "mean": 0.17093269527,
        "median": 0.16816739738,
        "min": 0.048284124583,
        "stdev": 0.0536061860621,
        "var": 0.00287362304516
    },
    "erbbands_kurtosis": {
        "dmean": 3.01856327057,
        "dmean2": 4.67448043823,
        "dvar": 36.2507629395,
        "dvar2": 76.7019577026,
        "max": 126.123138428,
        "mean": 4.26712751389,
        "median": 2.62810659409,
        "min": -1.84294497967,
        "stdev": 7.34908676147,
        "var": 54.0090751648
    },
    "erbbands_skewness": {
        "dmean": 0.655790984631,
        "dmean2": 0.970832824707,
        "dvar": 0.676698446274,
        "dvar2": 1.38816738129,
        "max": 10.5166130066,
        "mean": 1.44488477707,
        "median": 1.42193651199,
        "min": -3.7010576725,
        "stdev": 1.24304914474,
        "var": 1.54517114162
    },
    "erbbands_spread": {
        "dmean": 13.7414302826,
        "dmean2": 21.3951416016,
        "dvar": 296.27835083,
        "dvar2": 714.708557129,
        "max": 168.808441162,
        "mean": 38.9395217896,
        "median": 32.2386245728,
        "min": 2.61744856834,
        "stdev": 25.209903717,
        "var": 635.539245605
    },
    "hfc": {
        "dmean": 7.57732772827,
        "dmean2": 10.730758667,
        "dvar": 156.315856934,
        "dvar2": 348.756835938,
        "max": 105.619346619,
        "mean": 13.9934549332,
        "median": 8.26508808136,
        "min": 1.06743727288e-16,
        "stdev": 16.1154136658,
        "var": 259.706573486
    },
    "loudness_ebu128": {
        "integrated": -13.2348232269,
        "loudness_range": 5.4113368988,
        "momentary": {
            "dmean": 1.22801744938,
            "dmean2": 1.92694211006,
            "dvar": 2.18343114853,
            "dvar2": 4.74216556549,
            "max": -8.13973236084,
            "mean": -14.3101406097,
            "median": -14.1244707108,
            "min": -25.3001537323,
            "stdev": 3.17953896523,
            "var": 10.1094675064
        },
        "short_term": {
            "dmean": 0.165639728308,
            "dmean2": 0.242724955082,
            "dvar": 0.0413297303021,
            "dvar2": 0.0658300966024,
            "max": -10.9622879028,
            "mean": -13.7219743729,
            "median": -13.3270368576,
            "min": -18.0924816132,
            "stdev": 1.88294458389,
            "var": 3.54548048973
        }
    },
    "melbands_crest": {
        "dmean": 3.39054679871,
        "dmean2": 5.34546947479,
        "dvar": 11.1355772018,
        "dvar2": 25.4390010834,
        "max": 39.0725517273,
        "mean": 18.2190666199,
        "median": 16.6451969147,
        "min": 3.57286071777,
        "stdev": 7.72671890259,
        "var": 59.7021865845
    },
    "melbands_flatness_db": {
        "dmean": 0.0452111773193,
        "dmean2": 0.0625585913658,
        "dvar": 0.00224855798297,
        "dvar2": 0.00435480521992,
        "max": 0.685106813908,
        "mean": 0.273537844419,
        "median": 0.267278343439,
        "min": 0.00906583480537,
        "stdev": 0.0990299582481,
        "var": 0.00980693288147
    },
    "melbands_kurtosis": {
        "dmean": 27.6871128082,
        "dmean2": 42.1284866333,
        "dvar": 3997.85864258,
        "dvar2": 8061.86914062,
        "max": 1196.43347168,
        "mean": 49.5771827698,
        "median": 24.2589321136,
        "min": -1.66794490814,
        "stdev": 93.8757781982,
        "var": 8812.66113281
    },
    "melbands_skewness": {
        "dmean": 1.30610716343,
        "dmean2": 1.93046665192,
        "dvar": 2.99784970284,
        "dvar2": 6.0082244873,
        "max": 28.8269424438,
        "mean": 4.2819647789,
        "median": 3.51968097687,
        "min": -1.02295696735,
        "stdev": 3.18914413452,
        "var": 10.1706409454
    },
    "melbands_spread": {
        "dmean": 8.54407978058,
        "dmean2": 13.1819992065,
        "dvar": 387.039306641,
        "dvar2": 836.348449707,
        "max": 218.690551758,
        "mean": 13.9989776611,
        "median": 6.75279664993,
        "min": 0.126658156514,
        "stdev": 24.4470996857,
        "var": 597.660644531
    },
    "pitch_salience": {
        "dmean": 0.086844727397,
        "dmean2": 0.134390771389,
        "dvar": 0.00871441047639,
        "dvar2": 0.0183689668775,
        "max": 0.967384278774,
        "mean": 0.507700622082,
        "median": 0.536232352257,
        "min": 0.0472093932331,
        "stdev": 0.173830956221,
        "var": 0.0302172023803
    },
    "silence_rate_20dB": {
        "dmean": 0.0247678011656,
        "dmean2": 0.0495739728212,
        "dvar": 0.0241546034813,
        "dvar2": 0.0688042268157,
        "max": 1,
        "mean": 0.986078858376,
        "median": 1,
        "min": 0,
        "stdev": 0.117163211107,
        "var": 0.0137272179127
    },
    "silence_rate_30dB": {
        "dmean": 0.0541795678437,
        "dmean2": 0.108443066478,
        "dvar": 0.0512451604009,
        "dvar2": 0.110624849796,
        "max": 1,
        "mean": 0.88553750515,
        "median": 1,
        "min": 0,
        "stdev": 0.31837245822,
        "var": 0.101361021399
    },
    "silence_rate_60dB": {
        "dmean": 0.0479876175523,
        "dmean2": 0.0960495769978,
        "dvar": 0.0456852503121,
        "dvar2": 0.10386415571,
        "max": 1,
        "mean": 0.105955146253,
        "median": 0,
        "min": 0,
        "stdev": 0.307777881622,
        "var": 0.0947272256017
    },
    "spectral_centroid": {
        "dmean": 311.49621582,
        "dmean2": 469.695007324,
        "dvar": 328838.96875,
        "dvar2": 607225.3125,
        "max": 10305.8984375,
        "mean": 794.11907959,
        "median": 537.20098877,
        "min": 177.401779175,
        "stdev": 765.896911621,
        "var": 586598.0625
    },
    "spectral_complexity": {
        "dmean": 3.7074303627,
        "dmean2": 5.40821075439,
        "dvar": 31.2394580841,
        "dvar2": 62.881893158,
        "max": 48,
        "mean": 9.98685264587,
        "median": 8,
        "min": 0,
        "stdev": 7.4161939621,
        "var": 54.9999351501
    },
    "spectral_decrease": {
        "dmean": 5.45733458424e-09,
        "dmean2": 7.06615743695e-09,
        "dvar": 1.78607895122e-16,
        "dvar2": 2.92778896982e-16,
        "max": -1.39038467882e-28,
        "mean": -1.09283853078e-08,
        "median": -4.27556789973e-09,
        "min": -1.40240416613e-07,
        "stdev": 1.90360349706e-08,
        "var": 3.62370594533e-16
    },
    "spectral_energy": {
        "dmean": 0.0210912991315,
        "dmean2": 0.0272320918739,
        "dvar": 0.00258858478628,
        "dvar2": 0.00423758430406,
        "max": 0.533884584904,
        "mean": 0.0425155311823,
        "median": 0.0170835182071,
        "min": 1.02067221344e-20,
        "stdev": 0.0726422891021,
        "var": 0.00527690257877
    },
    "spectral_energyband_high": {
        "dmean": 0.000558446103241,
        "dmean2": 0.000883639382664,
        "dvar": 1.57245744958e-06,
        "dvar2": 4.16527700509e-06,
        "max": 0.0108762215823,
        "mean": 0.000676401949022,
        "median": 0.000183216732694,
        "min": 7.31493667918e-21,
        "stdev": 0.001293698675,
        "var": 1.67365635662e-06
    },
    "spectral_energyband_low": {
        "dmean": 0.0151715585962,
        "dmean2": 0.0193350464106,
        "dvar": 0.00259250611998,
        "dvar2": 0.00437093852088,
        "max": 0.527745425701,
        "mean": 0.0269456412643,
        "median": 0.00132197246421,
        "min": 3.045887565e-23,
        "stdev": 0.0692376121879,
        "var": 0.0047938474454
    },
    "spectral_energyband_middle_high": {
        "dmean": 0.000937757082283,
        "dmean2": 0.00140447495505,
        "dvar": 3.48667208527e-06,
        "dvar2": 7.983571777e-06,
        "max": 0.0164494272321,
        "mean": 0.00135771406349,
        "median": 0.00060064002173,
        "min": 1.53803632614e-21,
        "stdev": 0.00211342261173,
        "var": 4.46655485575e-06
    },
    "spectral_energyband_middle_low": {
        "dmean": 0.00748481228948,
        "dmean2": 0.0116986706853,
        "dvar": 0.000255946069956,
        "dvar2": 0.000651321141049,
        "max": 0.219165042043,
        "mean": 0.0142067912966,
        "median": 0.0105161452666,
        "min": 4.82506406647e-22,
        "stdev": 0.0165659878403,
        "var": 0.000274431949947
    },
    "spectral_entropy": {
        "dmean": 0.350700050592,
        "dmean2": 0.503581821918,
        "dvar": 0.138817489147,
        "dvar2": 0.271414965391,
        "max": 9.8050365448,
        "mean": 7.17148065567,
        "median": 7.12198400497,
        "min": 5.26921319962,
        "stdev": 0.70487767458,
        "var": 0.496852517128
    },
    "spectral_flux": {
        "dmean": 0.0420707389712,
        "dmean2": 0.064404040575,
        "dvar": 0.00400914764032,
        "dvar2": 0.00791867263615,
        "max": 0.596262872219,
        "mean": 0.0874916687608,
        "median": 0.0564163997769,
        "min": 1.01028324595e-10,
        "stdev": 0.0957074537873,
        "var": 0.00915991608053
    },
    "spectral_kurtosis": {
        "dmean": 2.50601625443,
        "dmean2": 3.71156382561,
        "dvar": 19.6701583862,
        "dvar2": 36.5790100098,
        "max": 91.6943740845,
        "mean": 5.9773774147,
        "median": 3.86539459229,
        "min": -1.2222994566,
        "stdev": 9.41983604431,
        "var": 88.7333145142
    },
    "spectral_rms": {
        "dmean": 0.00124834908638,
        "dmean2": 0.00161192228552,
        "dvar": 4.14399346482e-06,
        "dvar2": 6.0567977016e-06,
        "max": 0.0228224229068,
        "mean": 0.00516326352954,
        "median": 0.00408250512555,
        "min": 3.15559470915e-12,
        "stdev": 0.00384958414361,
        "var": 1.48192984852e-05
    },
    "spectral_rolloff": {
        "dmean": 761.314697266,
        "dmean2": 1306.85559082,
        "dvar": 3908413,
        "dvar2": 8077100,
        "max": 17915.625,
        "mean": 1283.96398926,
        "median": 430.6640625,
        "min": 43.06640625,
        "stdev": 2483.92138672,
        "var": 6169865.5
    },
    "spectral_skewness": {
        "dmean": 0.386439591646,
        "dmean2": 0.564835309982,
        "dvar": 0.19416539371,
        "dvar2": 0.387062460184,
        "max": 7.71662807465,
        "mean": 1.95803761482,
        "median": 1.85808765888,
        "min": -0.188973084092,
        "stdev": 0.936341643333,
        "var": 0.876735627651
    },
    "spectral_spread": {
        "dmean": 1053299.875,
        "dmean2": 1544575.625,
        "dvar": 1.94870928998e+12,
        "dvar2": 3.5066371113e+12,
        "max": 42166436,
        "mean": 6091134.5,
        "median": 5813268.5,
        "min": 824117.5,
        "stdev": 2443625,
        "var": 5.97130267853e+12
    },
    "spectral_strongpeak": {
        "dmean": 0.333387166262,
        "dmean2": 0.531492888927,
        "dvar": 0.211054846644,
        "dvar2": 0.475126594305,
        "max": 5.63392734528,
        "mean": 0.812452316284,
        "median": 0.557257473469,
        "min": 0,
        "stdev": 0.675051748753,
        "var": 0.455694884062
    },
    "zerocrossingrate": {
        "dmean": 0.0185905899853,
        "dmean2": 0.0206655301154,
        "dvar": 0.000904906250071,
        "dvar2": 0.000957850774284,
        "max": 0.48828125,
        "mean": 0.0558653399348,
        "median": 0.0380859375,
        "min": 0.00146484375,
        "stdev": 0.0610244572163,
        "var": 0.00372398458421
    },
    "barkbands": {
        "dmean": [0.000932748662308, 0.0114545915276, 0.00558642204851, 0.00196525547653, 0.00219186511822, 0.00233050901443, 0.00179219222628, 0.000333047093591, 0.000536846520845, 0.000190351463971, 0.000160507697728, 0.000185923141544, 0.000165816672961, 0.000117925817904, 8.57122213347e-05, 6.58328135614e-05, 6.2290673668e-05, 6.11421783105e-05, 6.76354538882e-05, 5.11239995831e-05, 7.90446720202e-05, 0.000105714694655, 0.000173197040567, 7.73716674303e-05, 8.97457866813e-05, 5.45548246009e-05, 3.78530398848e-06],
        "dmean2": [0.00147773651406, 0.0162775106728, 0.00962447561324, 0.00341781065799, 0.00355135905556, 0.00370151316747, 0.00266413716599, 0.000502774200868, 0.000783764582593, 0.000302146072499, 0.000260159373283, 0.000284630659735, 0.000273894635029, 0.000183061914868, 0.000135588445119, 0.000104150611151, 9.87612365861e-05, 9.20703969314e-05, 0.000109479376988, 8.35195896798e-05, 0.000125413178466, 0.000179953640327, 0.000313886383083, 0.000118165691674, 0.000139199750265, 7.92436912889e-05, 5.90037006987e-06],
        "dvar": [7.08903735358e-06, 0.00192960107233, 0.000561086519156, 4.32038941653e-05, 6.96740753483e-05, 1.90252430912e-05, 2.49302247539e-05, 6.3370589487e-07, 1.05056255961e-06, 2.18658854578e-07, 1.32457429913e-07, 1.31918923785e-07, 1.76474543423e-07, 7.62140217603e-08, 4.23387085391e-08, 2.63144190882e-08, 1.65486344628e-08, 1.46836685033e-08, 2.12523243448e-08, 2.11696526975e-08, 3.07078877881e-08, 7.19562933682e-08, 4.5150875394e-07, 2.26537881787e-08, 4.71953747194e-08, 1.96551415144e-08, 1.39862371684e-10],
        "dvar2": [1.35286845762e-05, 0.00356116145849, 0.00139882450458, 0.00011765491945, 0.000188306512428, 4.63163596578e-05, 5.48127027287e-05, 1.12026225452e-06, 2.24714585784e-06, 5.20743355992e-07, 3.44982197475e-07, 3.03504378962e-07, 4.57168738421e-07, 1.70304573999e-07, 9.82181944664e-08, 5.99311533733e-08, 4.02137487754e-08, 3.23912914268e-08, 5.33847668294e-08, 5.61779067709e-08, 6.98347975003e-08, 1.92244868913e-07, 1.31562990191e-06, 5.85709685197e-08, 1.19028115364e-07, 4.22710471071e-08, 2.92979862593e-10],
        "max": [0.057515271008, 0.425512373447, 0.221027374268, 0.0578749477863, 0.155037492514, 0.0636177808046, 0.0957097634673, 0.0253838803619, 0.0140478368849, 0.00775589700788, 0.00371627043933, 0.00414910214022, 0.00580279389396, 0.00285726157017, 0.00241517834365, 0.00177391141187, 0.00184222322423, 0.00141507573426, 0.00168883195147, 0.00203088554554, 0.00212900643237, 0.00193955400027, 0.00522460928187, 0.00209782645106, 0.00327854161151, 0.00212901434861, 0.000153092376422],
        "mean": [0.00444937217981, 0.0171564575285, 0.00469673145562, 0.00213304278441, 0.00367328617722, 0.00429347530007, 0.00248361029662, 0.000613456883002, 0.000944875995629, 0.000242290072492, 0.00018687438569, 0.000278822815744, 0.000164527678862, 0.000128099462017, 8.89427174116e-05, 7.0419991971e-05, 6.96772985975e-05, 7.17379589332e-05, 7.26657308405e-05, 5.62671120861e-05, 8.88163922355e-05, 0.000107466243207, 0.000141561657074, 0.000114897193271, 0.000120340155263, 6.4013634983e-05, 3.8143839447e-06],
        "median": [4.72467081636e-06, 6.7526314524e-05, 0.000294824189041, 0.00042357185157, 0.00166739802808, 0.00169610872399, 0.000417943054345, 0.000168669474078, 0.000303628796246, 6.55148978694e-05, 5.78679500904e-05, 5.80994346819e-05, 3.96266004827e-05, 2.71843746305e-05, 1.81274590432e-05, 1.79482649401e-05, 1.78419086296e-05, 1.73976168298e-05, 1.74408633029e-05, 1.19446622193e-05, 1.19440201161e-05, 1.79505659617e-05, 2.58466661762e-05, 4.05605424021e-05, 2.85727146547e-05, 4.86202179673e-06, 1.76714110012e-08],
        "min": [1.06654728027e-23, 1.19608478845e-23, 1.19671201175e-23, 4.25317118063e-24, 1.33143640661e-22, 1.34604977089e-22, 2.42622564881e-23, 1.24715753672e-22, 5.25897435681e-23, 4.55971826855e-23, 6.08827006323e-23, 7.54733583393e-23, 1.69520730682e-22, 7.7306393404e-23, 1.57916346952e-22, 1.0492814343e-22, 1.23094650822e-22, 2.97848533288e-22, 3.17447523732e-22, 2.33785656668e-22, 5.2929128569e-22, 5.23242830383e-22, 8.23239892611e-22, 8.33988949171e-22, 1.01826731101e-21, 1.39237206189e-21, 2.31439723175e-21],
        "stdev": [0.0113754011691, 0.0522498376667, 0.0211763437837, 0.00573639385402, 0.0078514739871, 0.0061101061292, 0.00611246889457, 0.00148700794671, 0.00165481225122, 0.000549655233044, 0.000364122301107, 0.000509352481458, 0.00039128397475, 0.000293636578135, 0.000213500868995, 0.000168904050952, 0.000139089650474, 0.000148964347318, 0.000159534625709, 0.000140984717291, 0.000206335520488, 0.000256062252447, 0.000511702906806, 0.000194657652173, 0.000240754263359, 0.000168031692738, 1.31623746711e-05],
        "var": [0.000129399748403, 0.00273004570045, 0.000448437553132, 3.29062131641e-05, 6.16456454736e-05, 3.73333969037e-05, 3.73622788175e-05, 2.21119262278e-06, 2.73840350928e-06, 3.02120895412e-07, 1.32585043389e-07, 2.59439929096e-07, 1.53103158596e-07, 8.62224425191e-08, 4.55826238976e-08, 2.85285768342e-08, 1.9345929303e-08, 2.21903757591e-08, 2.54512961817e-08, 1.98766887394e-08, 4.25743458266e-08, 6.55678746853e-08, 2.61839886662e-07, 3.78915991917e-08, 5.79626124875e-08, 2.82346519498e-08, 1.73248096424e-10]
    },
    "erbbands": {
        "dmean": [0.237501606345, 3.01943516731, 6.98071527481, 6.09631824493, 7.47362756729, 6.3247461319, 12.1479816437, 21.610200882, 32.2689208984, 10.0349407196, 8.1647233963, 10.2366828918, 9.83615398407, 5.67100143433, 7.16144180298, 6.56688022614, 6.93336486816, 6.90764856339, 5.02549886703, 3.98961305618, 3.4452316761, 3.7257771492, 3.2127737999, 3.72216534615, 2.62405133247, 2.37893676758, 3.38979625702, 2.95865154266, 3.00322890282, 6.69029426575, 4.0737118721, 1.63408899307, 1.41507124901, 1.12884247303, 0.603051126003, 0.3508900702, 0.0744608789682, 0.0136828655377, 0.000386390835047, 3.17858684866e-05],
        "dmean2": [0.330624759197, 4.23353242874, 11.0092821121, 10.4146747589, 12.9129915237, 10.2389965057, 19.1057529449, 34.169342041, 48.1941108704, 15.4265012741, 11.9036931992, 15.0099639893, 14.8554325104, 8.98690795898, 11.5331439972, 9.99407958984, 11.0809793472, 10.9558849335, 7.73119783401, 6.30300426483, 5.45735263824, 5.86355447769, 4.82617473602, 5.96961355209, 4.17445087433, 3.90245676041, 5.49678897858, 4.73751115799, 4.91538476944, 12.2578401566, 7.24132156372, 2.52957630157, 2.18565797806, 1.76393663883, 0.927150428295, 0.523474633694, 0.109354175627, 0.021590558812, 0.000606325338595, 4.16248149122e-05],
        "dvar": [0.592140436172, 144.703491211, 862.875488281, 427.300537109, 1213.8046875, 419.509277344, 490.328308105, 2097.00244141, 8805.39550781, 351.806121826, 258.827941895, 460.616577148, 511.644592285, 166.697845459, 240.226318359, 157.931564331, 302.554931641, 260.045898438, 141.07170105, 90.8325500488, 62.9703636169, 59.3828620911, 40.4952545166, 69.7194671631, 30.3324508667, 45.0487785339, 68.1942825317, 41.8184547424, 43.5251502991, 725.760131836, 211.412704468, 8.47099208832, 9.54123306274, 6.62628507614, 3.05912256241, 0.905100941658, 0.037958342582, 0.00169736309908, 1.36712424137e-06, 3.80200670946e-09],
        "dvar2": [1.13546681404, 271.969604492, 1992.34936523, 1168.66394043, 3152.66308594, 1156.79052734, 1172.18334961, 5047.55712891, 19412.5917969, 809.054138184, 449.817352295, 1028.27587891, 1230.60327148, 380.467956543, 612.683776855, 355.066772461, 784.946411133, 619.139831543, 301.318634033, 207.9009552, 147.069610596, 141.281387329, 88.3454437256, 167.581481934, 75.6413421631, 120.597038269, 160.101242065, 96.3152542114, 101.902557373, 2126.31787109, 611.753356934, 20.5464229584, 25.2430667877, 16.8640060425, 7.77474784851, 1.96830999851, 0.084465585649, 0.00420514680445, 3.36613516083e-06, 6.44217790224e-09],
        "max": [9.69330501556, 116.372650146, 288.763549805, 199.749649048, 550.11895752, 328.172912598, 270.744873047, 743.172790527, 1720.82104492, 197.189926147, 486.103057861, 426.283050537, 300.366699219, 286.003417969, 160.106750488, 111.345169067, 291.659759521, 147.082107544, 117.490486145, 89.4565582275, 85.4213104248, 103.81804657, 74.138420105, 103.857162476, 69.1962432861, 95.8200836182, 113.707229614, 78.82862854, 67.4113235474, 219.858520508, 112.553619385, 37.089138031, 43.1627807617, 28.1674804688, 31.455575943, 14.2079753876, 2.37704443932, 0.347604066133, 0.0114646023139, 0.000577778206207],
        "mean": [0.645641863346, 3.16767883301, 6.31762266159, 6.24439287186, 8.61921882629, 11.3531217575, 24.6021156311, 39.1328659058, 46.8964958191, 14.6850767136, 16.0633335114, 17.5966320038, 14.4838476181, 7.834004879, 9.23983287811, 9.40667247772, 7.43964290619, 7.32001924515, 5.40751600266, 4.19407320023, 3.7878613472, 4.24450588226, 3.86610627174, 4.14050626755, 2.99774503708, 2.66496062279, 3.66397857666, 3.31292796135, 3.35632514954, 5.21335506439, 3.54041361809, 2.4074447155, 1.93908619881, 1.42868363857, 0.81302946806, 0.405919581652, 0.0912064760923, 0.0141436466947, 0.00041228486225, 6.009068602e-05],
        "median": [0.00104078790173, 0.0267446357757, 0.349825084209, 1.21966636181, 2.72252821922, 3.73525285721, 10.4057035446, 12.7140550613, 8.83177185059, 5.50846815109, 5.63622713089, 6.34076595306, 3.6566016674, 2.93628311157, 2.54301357269, 2.24499726295, 2.08405590057, 1.58960032463, 1.17678141594, 1.10537075996, 0.937276780605, 1.02340579033, 1.07854962349, 0.889152705669, 0.845976293087, 0.570432960987, 0.529211103916, 0.459758430719, 0.543867707253, 0.822936177254, 0.702613651752, 0.843565225601, 0.620184004307, 0.337089538574, 0.20443110168, 0.0435680299997, 0.00579263176769, 0.000454131542938, 3.4303895518e-05, 2.64573936875e-05],
        "min": [1.33523303637e-22, 3.41565695091e-21, 1.31854221384e-20, 1.96011415981e-20, 1.5629139527e-19, 3.73480731964e-19, 1.36763426521e-18, 7.66680777647e-19, 3.54816306171e-19, 1.24019675209e-18, 2.73285316303e-18, 1.44290470242e-18, 1.09106394586e-18, 1.52151105565e-18, 2.87959231536e-18, 3.78662770348e-18, 8.22971173134e-18, 4.05797024135e-18, 7.35468451061e-18, 6.07048578244e-18, 6.44651629865e-18, 7.70469606065e-18, 9.53248976325e-18, 2.49900362039e-17, 1.2413423352e-17, 1.11375328259e-17, 1.97425926494e-17, 1.98048214469e-17, 1.77279562172e-17, 2.06045727503e-17, 2.117088045e-17, 1.64908463998e-17, 1.65429637415e-17, 1.11461611468e-17, 6.31854938993e-18, 4.5825739761e-18, 3.0663599783e-18, 1.19562112625e-18, 3.56086648796e-19, 2.72947468599e-20],
        "stdev": [1.47793376446, 13.4430265427, 28.704284668, 17.5129985809, 30.2462272644, 21.3462238312, 33.5147781372, 63.4175071716, 112.870117188, 24.4569568634, 31.2304363251, 31.8108196259, 29.5962963104, 15.7476873398, 16.5950107574, 16.6646652222, 16.5506515503, 16.5437660217, 13.058470726, 9.72372341156, 8.44515609741, 8.48365783691, 7.50879335403, 9.98319530487, 5.86822462082, 6.46834611893, 9.35829353333, 7.55190134048, 7.54184436798, 20.223493576, 11.395070076, 4.03431034088, 3.63632273674, 2.83820438385, 1.85284519196, 1.08499908447, 0.243400856853, 0.0415455698967, 0.00119179405738, 8.88082940946e-05],
        "var": [2.18428826332, 180.71496582, 823.935913086, 306.70513916, 914.834228516, 455.661254883, 1123.24047852, 4021.78027344, 12739.6630859, 598.142700195, 975.340209961, 1011.92828369, 875.940734863, 247.989654541, 275.394378662, 277.71105957, 273.924041748, 273.696166992, 170.523666382, 94.5508041382, 71.3206558228, 71.972442627, 56.3819770813, 99.6641845703, 34.4360580444, 41.8395004272, 87.5776519775, 57.031211853, 56.8794174194, 408.989654541, 129.847625732, 16.2756614685, 13.2228422165, 8.05540466309, 3.43303513527, 1.17722296715, 0.0592439770699, 0.0017260343302, 1.42037299611e-06, 7.88691334463e-09]
    },
    "gfcc": {
        "mean": [-51.8289451599, 88.5487289429, -84.8258895874, 17.6210002899, -80.8219299316, 9.1827173233, -54.74766922, 5.63967657089, -30.0272407532, -0.396057039499, -12.6798191071, -0.506814479828, -11.6338300705],
        "cov": [[8601.65527344, -1541.45349121, -346.241394043, 516.701782227, -119.565887451, 503.989898682, 11.1720409393, 325.30557251, 37.4838867188, 315.108276367, -118.676696777, 260.340484619, -1.95401299], [-1541.45349121, 2150.19580078, 138.991912842, -115.138496399, 351.555084229, -64.1881256104, 293.343841553, -75.5166778564, 175.439804077, -234.74710083, 218.169143677, -157.630233765, 110.807144165], [-346.241394043, 138.991912842, 700.326416016, 225.8934021, 272.419769287, 127.908416748, 237.592712402, 110.252891541, 81.258605957, 115.516120911, 56.2255096436, 90.9550704956, 79.4486465454], [516.701782227, -115.138496399, 225.8934021, 708.839355469, 278.51965332, 121.010276794, 203.167709351, 80.5542984009, 122.625747681, 87.543548584, 25.0057811737, 66.9243392944, 104.875495911], [-119.565887451, 351.555084229, 272.419769287, 278.51965332, 631.492370605, 108.677825928, 318.03918457, 113.583641052, 154.732254028, 117.754425049, 79.2686691284, 79.1245651245, 69.0205078125], [503.989898682, -64.1881256104, 127.908416748, 121.010276794, 108.677825928, 285.929046631, 149.098968506, 109.184669495, 56.0899085999, 62.7402763367, 48.5441169739, 29.8238945007, 9.11116313934], [11.1720409393, 293.343841553, 237.592712402, 203.167709351, 318.03918457, 149.098968506, 458.170074463, 125.860145569, 130.101959229, 127.258995056, 96.7125854492, 93.4579467773, 71.9195861816], [325.30557251, -75.5166778564, 110.252891541, 80.5542984009, 113.583641052, 109.184669495, 125.860145569, 184.922103882, 91.0056762695, 89.2761611938, 47.900352478, 68.6729049683, 49.43983078], [37.4838867188, 175.439804077, 81.258605957, 122.625747681, 154.732254028, 56.0899085999, 130.101959229, 91.0056762695, 207.876281738, 86.6642227173, 95.8783111572, 56.6841125488, 67.5035324097], [315.108276367, -234.74710083, 115.516120911, 87.543548584, 117.754425049, 62.7402763367, 127.258995056, 89.2761611938, 86.6642227173, 212.772186279, 43.3841400146, 98.1721115112, 30.7727718353], [-118.676696777, 218.169143677, 56.2255096436, 25.0057811737, 79.2686691284, 48.5441169739, 96.7125854492, 47.900352478, 95.8783111572, 43.3841400146, 183.570053101, 48.685333252, 53.7006568909], [260.340484619, -157.630233765, 90.9550704956, 66.9243392944, 79.1245651245, 29.8238945007, 93.4579467773, 68.6729049683, 56.6841125488, 98.1721115112, 48.685333252, 165.446746826, 64.783744812], [-1.95401299, 110.807144165, 79.4486465454, 104.875495911, 69.0205078125, 9.11116313934, 71.9195861816, 49.43983078, 67.5035324097, 30.7727718353, 53.7006568909, 64.783744812, 126.241500854]],
        "icov": [[0.000179141119588, -2.34295475821e-05, 0.000204539799597, -0.000172098414623, 8.58882558532e-05, -0.000329142640112, 0.000126924438518, -0.000226119198487, 0.00010489403212, -0.000216317901504, 0.000195168002392, -0.000312629534164, 0.000104681203084], [-2.34295475821e-05, 0.00163159356453, -0.000352559436578, 0.000911651877686, -0.000793685612734, 0.000567097740714, -0.001376273809, 0.0011499383254, -0.00144651008304, 0.00238556344993, -0.00124582927674, 0.00205731438473, -0.00157507753465], [0.000204539799597, -0.000352559436578, 0.00227932608686, -0.000575164158363, -0.000194367603399, -0.000818407977931, 5.00328242197e-05, -0.000689602515195, 0.000892062846106, -0.00110338360537, 0.000472488958621, -0.00089686276624, -0.000185909870197], [-0.000172098414623, 0.000911651877686, -0.000575164158363, 0.00272569665685, -0.0010312567465, -7.55347136874e-05, -0.00100301729981, 0.00136132503394, -0.00149384478573, 0.00132185802795, 1.68717069755e-05, 0.0015286190901, -0.0024127624929], [8.58882558532e-05, -0.000793685612734, -0.000194367603399, -0.0010312567465, 0.00327771925367, -0.000128551386297, -0.000665610190481, -0.000800095673185, -0.00021742953686, -0.00125036446843, 0.000704333651811, -0.00109101936687, 0.00126812234521], [-0.000329142640112, 0.000567097740714, -0.000818407977931, -7.55347136874e-05, -0.000128551386297, 0.00617577834055, -0.00168876035605, -0.0020549655892, -0.000199931469979, 0.00118744943757, -0.00174489524215, 0.00172434770502, 0.0011411862215], [0.000126924438518, -0.001376273809, 5.00328242197e-05, -0.00100301729981, -0.000665610190481, -0.00168876035605, 0.00558727793396, -0.00148995453492, 0.00108581536915, -0.00279413396493, 0.000426468730439, -0.00227220845409, 0.000983107602224], [-0.000226119198487, 0.0011499383254, -0.000689602515195, 0.00136132503394, -0.000800095673185, -0.0020549655892, -0.00148995453492, 0.0109765846282, -0.0033934796229, 0.000389055348933, -0.000250783778029, 0.000500500784256, -0.00300439889543], [0.00010489403212, -0.00144651008304, 0.000892062846106, -0.00149384478573, -0.00021742953686, -0.000199931469979, 0.00108581536915, -0.0033934796229, 0.0106274764985, -0.00409341370687, -0.00199930742383, -0.000889593560714, -0.000583307933994], [-0.000216317901504, 0.00238556344993, -0.00110338360537, 0.00132185802795, -0.00125036446843, 0.00118744943757, -0.00279413396493, 0.000389055348933, -0.00409341370687, 0.0118659706786, -0.0016862571938, -0.000600944273174, -0.000141576514579], [0.000195168002392, -0.00124582927674, 0.000472488958621, 1.68717069755e-05, 0.000704333651811, -0.00174489524215, 0.000426468730439, -0.000250783778029, -0.00199930742383, -0.0016862571938, 0.00926575437188, -0.00268603651784, -0.000701691198628], [-0.000312629534164, 0.00205731438473, -0.00089686276624, 0.0015286190901, -0.00109101936687, 0.00172434770502, -0.00227220845409, 0.000500500784256, -0.000889593560714, -0.000600944273174, -0.00268603651784, 0.013501862064, -0.00610962696373], [0.000104681203084, -0.00157507753465, -0.000185909870197, -0.0024127624929, 0.00126812234521, 0.0011411862215, 0.000983107602224, -0.00300439889543, -0.000583307933994, -0.000141576514579, -0.000701691198628, -0.00610962696373, 0.0150479078293]]
    },
    "melbands": {
        "dmean": [0.00245549646206, 0.00356814521365, 0.00111299462151, 0.000469115184387, 0.000389039196307, 0.000496539461892, 0.000436967035057, 9.38465163927e-05, 7.03925688867e-05, 6.85771374265e-05, 5.00058304169e-05, 2.31657468248e-05, 2.37547683355e-05, 2.1051891963e-05, 1.64883913385e-05, 1.6947495169e-05, 1.22455912788e-05, 8.58325802255e-06, 6.30006115898e-06, 4.93943480251e-06, 3.93643722418e-06, 3.89937395084e-06, 3.15694273922e-06, 2.99974635709e-06, 3.16723912874e-06, 2.35061224885e-06, 1.41968894241e-06, 1.70922862708e-06, 2.0855461571e-06, 2.17802403313e-06, 1.67143048202e-06, 1.71014448824e-06, 2.19455046135e-06, 4.49672779723e-06, 2.69917427431e-06, 1.22354856558e-06, 9.55572545536e-07, 1.02115438949e-06, 1.01816283404e-06, 9.46737316099e-07],
        "dmean2": [0.00376105075702, 0.00493654282764, 0.00188123260159, 0.000776225177106, 0.000608565285802, 0.000776794622652, 0.000654720934108, 0.000145940270158, 0.000102737954876, 0.000100069511973, 7.60533876019e-05, 3.70578018192e-05, 3.86613901355e-05, 3.28851274389e-05, 2.56402781815e-05, 2.7606050935e-05, 1.92934967345e-05, 1.32090090119e-05, 1.00517490864e-05, 7.870706213e-06, 6.28279076409e-06, 6.2689623519e-06, 4.92668868901e-06, 4.62822663394e-06, 5.18023898621e-06, 3.74982323592e-06, 2.29577676691e-06, 2.85485452878e-06, 3.40818542099e-06, 3.54657163371e-06, 2.67860127678e-06, 2.75311117548e-06, 3.80386154575e-06, 8.33934700495e-06, 4.88777277496e-06, 1.98218799596e-06, 1.46949139435e-06, 1.61221032613e-06, 1.58870716405e-06, 1.52084862748e-06],
        "dvar": [8.35601385916e-05, 0.000190835635294, 1.34733754749e-05, 3.97137910113e-06, 5.09380981839e-07, 1.06622155727e-06, 1.49223706103e-06, 3.30919185387e-08, 1.60938053995e-08, 1.97526937029e-08, 1.36935165429e-08, 3.04440606058e-09, 2.92997093254e-09, 1.85420978571e-09, 1.26780863585e-09, 1.76427239484e-09, 8.15712053459e-10, 4.3013489992e-10, 2.49662457374e-10, 1.69427569197e-10, 8.0925134649e-11, 7.01108199275e-11, 4.30042945698e-11, 4.11803820211e-11, 5.51600709553e-11, 2.23677031758e-11, 1.29968700732e-11, 2.5209891466e-11, 2.80885991549e-11, 2.88742432741e-11, 1.46679578206e-11, 1.37669094874e-11, 3.5544144017e-11, 3.74412167936e-10, 1.0470201095e-10, 6.33048084439e-12, 2.93460741818e-12, 4.87843663036e-12, 5.35744278801e-12, 4.65777893685e-12],
        "dvar2": [0.000143130848301, 0.000381445453968, 3.55351839971e-05, 1.06559336928e-05, 1.23399331642e-06, 2.51387632488e-06, 3.31762680617e-06, 7.32024432182e-08, 2.91753590176e-08, 4.36060041409e-08, 3.31431273537e-08, 6.8841226053e-09, 7.65174767992e-09, 4.41617009628e-09, 3.07933700761e-09, 4.50907622351e-09, 1.91427940166e-09, 9.0719981527e-10, 5.94470195292e-10, 4.05125544223e-10, 1.97390506718e-10, 1.72317327074e-10, 9.25744966795e-11, 9.64093527234e-11, 1.36379338378e-10, 5.40578172503e-11, 3.47788672861e-11, 6.77806977212e-11, 6.82291237397e-11, 6.7621193367e-11, 3.44417411258e-11, 3.19254934988e-11, 9.69145041996e-11, 1.10078612892e-09, 3.0294322606e-10, 1.60904067847e-11, 7.26504750456e-12, 1.30699218809e-11, 1.33987100928e-11, 1.17890463017e-11],
        "max": [0.0823825895786, 0.131150856614, 0.030015507713, 0.0336212217808, 0.0103712584823, 0.0165813490748, 0.0221340302378, 0.00319747626781, 0.00316434446722, 0.0026213536039, 0.00151576520875, 0.001273240312, 0.000512323342264, 0.000560026383027, 0.000473043706734, 0.000504518800881, 0.000249413482379, 0.000205219548661, 0.000216594693484, 0.000145156998769, 9.55246723606e-05, 0.000103240694443, 9.10217568162e-05, 9.46958098211e-05, 9.80511540547e-05, 5.5182397773e-05, 4.9510064855e-05, 7.08825391484e-05, 6.33141680737e-05, 8.18075641291e-05, 5.04691161041e-05, 4.30631298514e-05, 4.57869900856e-05, 0.00015702827659, 7.85427910159e-05, 2.69337215286e-05, 2.01764396479e-05, 2.92257809633e-05, 2.88958126475e-05, 2.16356220335e-05],
        "mean": [0.00541989319026, 0.00359545368701, 0.00116834731307, 0.000679051212501, 0.000816892832518, 0.000907014531549, 0.000638846599031, 0.000141263924888, 0.000134619374876, 0.000115908558655, 7.1775415563e-05, 3.12020965794e-05, 2.88959909085e-05, 3.21585175698e-05, 1.88678477571e-05, 1.64750508702e-05, 1.29250802274e-05, 8.97518839338e-06, 6.50862375551e-06, 4.96439088238e-06, 4.16153352489e-06, 4.25466078013e-06, 3.76706407224e-06, 3.45789408129e-06, 3.39083862855e-06, 2.57942633652e-06, 1.62669675774e-06, 1.81174095815e-06, 2.18040850086e-06, 2.37315998675e-06, 1.78158779818e-06, 1.86542206393e-06, 2.12683221434e-06, 3.25078508467e-06, 2.17294518734e-06, 1.53310907081e-06, 1.41065049775e-06, 1.37412575896e-06, 1.26236295728e-06, 1.17958825285e-06],
        "median": [1.45325138874e-05, 0.000198237539735, 0.000320880586514, 0.000335292512318, 0.000341122213285, 0.000309332885081, 0.000122746583656, 4.57221358374e-05, 4.98321860505e-05, 3.52883871528e-05, 1.54700865096e-05, 1.0174646377e-05, 8.65367746883e-06, 5.64564425076e-06, 4.73464479001e-06, 3.35488562087e-06, 2.68514236268e-06, 1.70392399923e-06, 1.47521177496e-06, 1.25435269638e-06, 9.14938595997e-07, 9.831751413e-07, 1.0652607898e-06, 7.8430468875e-07, 6.65548554935e-07, 6.63077116769e-07, 4.3119774773e-07, 3.55359105697e-07, 2.89519164198e-07, 2.78808499843e-07, 2.06946751291e-07, 2.52672265333e-07, 3.80125925403e-07, 4.67631934953e-07, 3.54594931196e-07, 3.98747147301e-07, 5.20435094131e-07, 4.14902842749e-07, 2.81417328551e-07, 2.49763246529e-07],
        "min": [2.72896253856e-24, 6.35349835242e-24, 6.53629320138e-24, 1.92089981227e-23, 4.21309152462e-23, 1.89847565218e-23, 5.04056362128e-24, 1.71508521324e-23, 2.14419525342e-23, 7.26805319884e-24, 5.54590160627e-24, 6.11290208722e-24, 9.11815132491e-24, 7.85755554268e-24, 1.65655757164e-23, 1.40615197885e-23, 6.68028003811e-24, 1.14623564233e-23, 1.03389238309e-23, 6.9182817398e-24, 7.57009778426e-24, 8.11566136453e-24, 6.61086856149e-24, 1.31011305458e-23, 2.21480997958e-23, 8.37851849562e-24, 8.87832262137e-24, 6.80378252371e-24, 1.22504797436e-23, 1.4140740356e-23, 1.02262058628e-23, 9.73262979387e-24, 9.77561088029e-24, 1.26304282877e-23, 1.26452620281e-23, 1.16217820568e-23, 9.46196767299e-24, 1.07442949954e-23, 1.39647044673e-23, 8.02824374332e-24],
        "stdev": [0.0131626604125, 0.0152848735452, 0.0032017880585, 0.00175078248139, 0.00110495125409, 0.00140738429036, 0.00147709320299, 0.000261542299995, 0.000243796734139, 0.000212865212234, 0.000150991225382, 6.79162258166e-05, 5.43370770174e-05, 6.29923742963e-05, 3.8651189243e-05, 3.96431751142e-05, 2.95727368211e-05, 2.2843860279e-05, 1.58258917509e-05, 1.26471923068e-05, 9.40172776609e-06, 8.82637596078e-06, 7.40619952921e-06, 7.52965706852e-06, 8.63835612108e-06, 5.15933197676e-06, 3.43025067195e-06, 4.82160203319e-06, 5.72720364289e-06, 6.13263273408e-06, 4.30952422903e-06, 4.36263371739e-06, 5.33048523721e-06, 1.43147217386e-05, 7.89261503087e-06, 3.05850790028e-06, 2.30799400924e-06, 2.58854561253e-06, 2.57614851762e-06, 2.38063330471e-06],
        "var": [0.000173255626578, 0.000233627361013, 1.02514468381e-05, 3.06523929794e-06, 1.22091728372e-06, 1.9807305307e-06, 2.18180434786e-06, 6.84043754973e-08, 5.94368465556e-08, 4.53116015819e-08, 2.2798351651e-08, 4.61261384643e-09, 2.95251778581e-09, 3.96803967462e-09, 1.49391432558e-09, 1.57158130953e-09, 8.74546768337e-10, 5.21841958534e-10, 2.50458875861e-10, 1.59951468737e-10, 8.83924877737e-11, 7.79049047495e-11, 5.48517932464e-11, 5.66957383819e-11, 7.46211981095e-11, 2.66187055037e-11, 1.17666189292e-11, 2.32478463563e-11, 3.28008592509e-11, 3.76091865983e-11, 1.85719998408e-11, 1.90325741278e-11, 2.84140731777e-11, 2.04911268509e-10, 6.22933718497e-11, 9.35447032335e-12, 5.32683619436e-12, 6.70056848548e-12, 6.63654114302e-12, 5.6674144544e-12]
    },
    "melbands128": {
