{
"lowlevel": {
    "average_loudness": 0.953727781773,
    "barkbands_crest": {
        "dmean": 0.932536482811,
        "dmean2": 1.51159274578,
        "dvar": 1.06377971172,
        "dvar2": 2.57395410538,
        "max": 20.392993927,
        "mean": 10.4260807037,
        "median": 9.56085395813,
        "min": 4.97199583054,
        "stdev": 2.99505782127,
        "var": 8.97037124634
    },
    "barkbands_flatness_db": {
        "dmean": 0.0214970763773,
        "dmean2": 0.0337280780077,
        "dvar": 0.000520010187756,
        "dvar2": 0.00113405357115,
        "max": 0.689105331898,
        "mean": 0.421602398157,
        "median": 0.379217416048,
        "min": 0.077928327024,
        "stdev": 0.122994489968,
        "var": 0.0151276439428
    },
    "barkbands_kurtosis": {
        "dmean": 1.15769588947,
        "dmean2": 1.86109781265,
        "dvar": 3.22834253311,
        "dvar2": 8.48020744324,
        "max": 24.0384483337,
        "mean": 2.90945076942,
        "median": 1.90655708313,
        "min": -1.600253582,
        "stdev": 4.48244190216,
        "var": 20.0922851562
    },
    "barkbands_skewness": {
        "dmean": 0.219077467918,
        "dmean2": 0.351431518793,
        "dvar": 0.0711061730981,
        "dvar2": 0.199679121375,
        "max": 3.81619310379,
        "mean": 1.24171447754,
        "median": 1.13182556629,
        "min": -1.92321777344,
        "stdev": 0.731042742729,
        "var": 0.534423470497
    },
    "barkbands_spread": {
        "dmean": 0.457837462425,
        "dmean2": 0.650604963303,
        "dvar": 1.21799981594,
        "dvar2": 1.85958909988,
        "max": 27.6814727783,
        "mean": 4.20490407944,
        "median": 4.24231147766,
        "min": 1.06514275074,
        "stdev": 2.16782736778,
        "var": 4.69947528839
    },
    "dissonance": {
        "dmean": 0.050197429955,
        "dmean2": 0.0856571495533,
        "dvar": 0.00240034167655,
        "dvar2": 0.00664458516985,
        "max": 0.495587825775,
        "mean": 0.301862597466,
        "median": 0.306141018867,
        "min": 0.101203300059,
        "stdev": 0.0787927657366,
        "var": 0.00620830012485
    },
    "dynamic_complexity": 0.835751950741,
    "erbbands_crest": {
        "dmean": 0.852304816246,
        "dmean2": 1.26256740093,
        "dvar": 0.737766087055,
        "dvar2": 1.65867781639,
        "max": 23.0185165405,
        "mean": 12.0285797119,
        "median": 10.2975225449,
        "min": 4.07214069366,
        "stdev": 4.64397668839,
        "var": 21.5665187836
    },
    "erbbands_flatness_db": {
        "dmean": 0.013096967712,
        "dmean2": 0.0201140753925,
        "dvar": 0.000297647260595,
        "dvar2": 0.000466403260361,
        "max": 0.564368247986,
        "mean": 0.396482169628,
        "median": 0.352908909321,
        "min": 0.109014473855,
        "stdev": 0.11298532784,
        "var": 0.0127656850964
    },
    "erbbands_kurtosis": {
        "dmean": 0.501828610897,
        "dmean2": 0.763502001762,
        "dvar": 0.506771683693,
        "dvar2": 1.16130268574,
        "max": 7.19606685638,
        "mean": 0.732515454292,
        "median": 0.298276662827,
        "min": -1.49886906147,
        "stdev": 1.80752968788,
        "var": 3.26716351509
    },
    "erbbands_skewness": {
        "dmean": 0.164852753282,
        "dmean2": 0.244659096003,
        "dvar": 0.041142616421,
        "dvar2": 0.0879919677973,
        "max": 2.00601553917,
        "mean": 0.210858628154,
        "median": 0.274060338736,
        "min": -1.24131858349,
        "stdev": 0.831530511379,
        "var": 0.691443026066
    },
    "erbbands_spread": {
        "dmean": 1.13349580765,
        "dmean2": 1.60139226913,
        "dvar": 8.08430767059,
        "dvar2": 13.6968631744,
        "max": 76.3161087036,
        "mean": 10.4002037048,
        "median": 8.94139766693,
        "min": 4.34542703629,
        "stdev": 5.70332336426,
        "var": 32.5278968811
    },
    "hfc": {
        "dmean": 1.51502466202,
        "dmean2": 2.21010494232,
        "dvar": 5.14710474014,
        "dvar2": 10.2883787155,
        "max": 50.1724319458,
        "mean": 13.5177640915,
        "median": 12.4356956482,
        "min": 1.22741479744e-16,
        "stdev": 5.62891101837,
        "var": 31.6846389771
    },
    "loudness_ebu128": {
        "integrated": -14.7070827484,
        "loudness_range": 2.63114261627,
        "momentary": {
            "dmean": 0.153392195702,
            "dmean2": 0.183072537184,
            "dvar": 0.0292546916753,
            "dvar2": 0.0301881562918,
            "max": -11.6744346619,
            "mean": -14.8310222626,
            "median": -15.1302108765,
            "min": -15.9777412415,
            "stdev": 0.98329859972,
            "var": 0.966876089573
        },
        "short_term": {
            "dmean": 0.0266273003072,
            "dmean2": 0.0214364156127,
            "dvar": 0.000858619285282,
            "dvar2": 0.00044966553105,
            "max": -12.7996511459,
            "mean": -14.8326721191,
            "median": -15.1363868713,
            "min": -15.5888061523,
            "stdev": 0.865109741688,
            "var": 0.748414874077
        }
    },
    "melbands_crest": {
        "dmean": 0.892210304737,
        "dmean2": 1.52254259586,
        "dvar": 1.25414395332,
        "dvar2": 3.18451499939,
        "max": 22.5374145508,
        "mean": 10.6093406677,
        "median": 10.1010885239,
        "min": 1.63490533829,
        "stdev": 2.21370077133,
        "var": 4.90047073364
    },
    "melbands_flatness_db": {
        "dmean": 0.0227769576013,
        "dmean2": 0.0347241573036,
        "dvar": 0.000718265539035,
        "dvar2": 0.0013445224613,
        "max": 0.855397522449,
        "mean": 0.510084986687,
        "median": 0.445692002773,
        "min": 0.00551612721756,
        "stdev": 0.146831899881,
        "var": 0.0215596072376
    },
    "melbands_kurtosis": {
        "dmean": 1.08945202827,
        "dmean2": 1.68262267113,
        "dvar": 4.21349859238,
        "dvar2": 9.32954311371,
        "max": 34.3008003235,
        "mean": 3.08184695244,
        "median": 1.68906974792,
        "min": -1.33810555935,
        "stdev": 4.42250585556,
        "var": 19.5585594177
    },
    "melbands_skewness": {
        "dmean": 0.17574416101,
        "dmean2": 0.27183547616,
        "dvar": 0.0520640388131,
        "dvar2": 0.124031595886,
        "max": 4.53479957581,
        "mean": 1.38054144382,
        "median": 1.19941020012,
        "min": -0.259676277637,
        "stdev": 0.615951061249,
        "var": 0.379395723343
    },
    "melbands_spread": {
        "dmean": 0.623256981373,
        "dmean2": 0.842211961746,
        "dvar": 10.6416721344,
        "dvar2": 10.512878418,
        "max": 124.434516907,
        "mean": 6.51443147659,
        "median": 6.72379827499,
        "min": 1.74561047554,
        "stdev": 4.06066465378,
        "var": 16.4889965057
    },
    "pitch_salience": {
        "dmean": 0.0240437332541,
        "dmean2": 0.0381206385791,
        "dvar": 0.000732625951059,
        "dvar2": 0.00184356875252,
        "max": 0.876842498779,
        "mean": 0.577412188053,
        "median": 0.581092476845,
        "min": 0.427445858717,
        "stdev": 0.0489592775702,
        "var": 0.00239701080136
    },
    "silence_rate_20dB": {
        "dmean": 0,
        "dmean2": 0,
        "dvar": 0,
        "dvar2": 0,
        "max": 1,
        "mean": 1,
        "median": 1,
        "min": 1,
        "stdev": 0,
        "var": 0
    },
    "silence_rate_30dB": {
        "dmean": 0,
        "dmean2": 0,
        "dvar": 0,
        "dvar2": 0,
        "max": 1,
        "mean": 1,
        "median": 1,
        "min": 1,
        "stdev": 0,
        "var": 0
    },
    "silence_rate_60dB": {
        "dmean": 0.000773993786424,
        "dmean2": 0.000774593325332,
        "dvar": 0.000773391744588,
        "dvar2": 0.000773989362642,
        "max": 1,
        "mean": 0.00077339517884,
        "median": 0,
        "min": 0,
        "stdev": 0.0277991909534,
        "var": 0.000772794999648
    },
    "spectral_centroid": {
        "dmean": 28.6441898346,
        "dmean2": 36.5433883667,
        "dvar": 84661.109375,
        "dvar2": 81658.921875,
        "max": 11040.3798828,
        "mean": 414.401306152,
        "median": 404.642913818,
        "min": 279.074829102,
        "stdev": 304.943084717,
        "var": 92990.2890625
    },
    "spectral_complexity": {
        "dmean": 0.706656336784,
        "dmean2": 1.15104568005,
        "dvar": 1.21193921566,
        "dvar2": 2.69523048401,
        "max": 21,
        "mean": 8.37354946136,
        "median": 8,
        "min": 0,
        "stdev": 2.38625001907,
        "var": 5.69418859482
    },
    "spectral_decrease": {
        "dmean": 1.07178910191e-09,
        "dmean2": 1.62597446618e-09,
        "dvar": 2.23554370016e-18,
        "dvar2": 5.31300134035e-18,
        "max": -7.00162562744e-29,
        "mean": -8.89734952381e-09,
        "median": -7.97865240543e-09,
        "min": -2.40088962045e-08,
        "stdev": 2.92710611305e-09,
        "var": 8.56795084689e-18
    },
    "spectral_energy": {
        "dmean": 0.00416546175256,
        "dmean2": 0.00631533423439,
        "dvar": 3.36945668096e-05,
        "dvar2": 7.97800312284e-05,
        "max": 0.0940092727542,
        "mean": 0.034806702286,
        "median": 0.0311654470861,
        "min": 1.1397265257e-20,
        "stdev": 0.0114933568984,
        "var": 0.00013209725148
    },
    "spectral_energyband_high": {
        "dmean": 2.03518738999e-05,
        "dmean2": 2.91233263852e-05,
        "dvar": 1.22810170922e-08,
        "dvar2": 2.26234817546e-08,
        "max": 0.00241475249641,
        "mean": 2.88515748252e-05,
        "median": 1.77027993686e-06,
        "min": 8.63024028706e-21,
        "stdev": 0.000148276434629,
        "var": 2.19859010997e-08
    },
    "spectral_energyband_low": {
        "dmean": 0.000694549933542,
        "dmean2": 0.00124073459301,
        "dvar": 1.62819026173e-06,
        "dvar2": 5.2908503676e-06,
        "max": 0.0133694382384,
        "mean": 0.00217264168896,
        "median": 0.00214037671685,
        "min": 4.85084139028e-23,
        "stdev": 0.00149604992475,
        "var": 2.23816550715e-06
    },
    "spectral_energyband_middle_high": {
        "dmean": 0.000611452909652,
        "dmean2": 0.000779085909016,
        "dvar": 1.03339573343e-06,
        "dvar2": 1.83894655947e-06,
        "max": 0.0234057549387,
        "mean": 0.00344043946825,
        "median": 0.00364551041275,
        "min": 1.57647023528e-21,
        "stdev": 0.00338388164528,
        "var": 1.14506547106e-05
    },
    "spectral_energyband_middle_low": {
        "dmean": 0.00400562398136,
        "dmean2": 0.00609947228804,
        "dvar": 3.01507661788e-05,
        "dvar2": 7.45004363125e-05,
        "max": 0.084345549345,
        "mean": 0.0313076563179,
        "median": 0.0286194644868,
        "min": 2.82314612509e-22,
        "stdev": 0.00942663475871,
        "var": 8.8861437689e-05
    },
    "spectral_entropy": {
        "dmean": 0.0984150916338,
        "dmean2": 0.144841372967,
        "dvar": 0.0362132564187,
        "dvar2": 0.0495744347572,
        "max": 9.79796409607,
        "mean": 5.33071708679,
        "median": 5.33214521408,
        "min": 4.60433626175,
        "stdev": 0.639687359333,
        "var": 0.409199923277
    },
    "spectral_flux": {
        "dmean": 0.0128039428964,
        "dmean2": 0.0210162065923,
        "dvar": 0.000282338703983,
        "dvar2": 0.000731487176381,
        "max": 0.218045204878,
        "mean": 0.037139467895,
        "median": 0.0282464195043,
        "min": 1.06757977458e-10,
        "stdev": 0.0281178224832,
        "var": 0.0007906119572
    },
    "spectral_kurtosis": {
        "dmean": 66.5628585815,
        "dmean2": 117.170227051,
        "dvar": 9018.84472656,
        "dvar2": 26837.5996094,
        "max": 829.311157227,
        "mean": 200.316848755,
        "median": 61.9803314209,
        "min": -1.22955536842,
        "stdev": 213.81388855,
        "var": 45716.3789062
    },
    "spectral_rms": {
        "dmean": 0.000333866802976,
        "dmean2": 0.000497417466249,
        "dvar": 1.9755114522e-07,
        "dvar2": 4.14097542034e-07,
        "max": 0.00957686640322,
        "mean": 0.00575985852629,
        "median": 0.0055141011253,
        "min": 3.33455897443e-12,
        "stdev": 0.000884211040102,
        "var": 7.81829157859e-07
    },
    "spectral_rolloff": {
        "dmean": 55.7494506836,
        "dmean2": 86.5660705566,
        "dvar": 237993.515625,
        "dvar2": 238781.84375,
        "max": 18260.15625,
        "mean": 683.963928223,
        "median": 710.595703125,
        "min": 279.931640625,
        "stdev": 520.627319336,
        "var": 271052.78125
    },
    "spectral_skewness": {
        "dmean": 1.59640491009,
        "dmean2": 2.73987054825,
        "dvar": 4.12239551544,
        "dvar2": 12.2625246048,
        "max": 21.7187919617,
        "mean": 9.45934295654,
        "median": 6.05410814285,
        "min": -0.00425763474777,
        "stdev": 6.1406788826,
        "var": 37.7079391479
    },
    "spectral_spread": {
        "dmean": 365156.78125,
        "dmean2": 563479.8125,
        "dvar": 1.53775675802e+12,
        "dvar2": 1.68077767475e+12,
        "max": 41087688,
        "mean": 1324280.125,
        "median": 1169686.875,
        "min": 91715.5703125,
        "stdev": 1630479.125,
        "var": 2.65846207283e+12
    },
    "spectral_strongpeak": {
        "dmean": 0.318191021681,
        "dmean2": 0.571285486221,
        "dvar": 0.256152391434,
        "dvar2": 0.63984131813,
        "max": 5.0502114296,
        "mean": 1.33461225033,
        "median": 1.14703226089,
        "min": 3.06761793745e-09,
        "stdev": 0.833641171455,
        "var": 0.69495755434
    },
    "zerocrossingrate": {
        "dmean": 0.00238358345814,
        "dmean2": 0.00288619217463,
        "dvar": 0.000156081237947,
        "dvar2": 0.000136947623105,
        "max": 0.494140625,
        "mean": 0.0212770532817,
        "median": 0.02001953125,
        "min": 0.00537109375,
        "stdev": 0.0147098330781,
        "var": 0.000216379179619
    },
    "barkbands": {
        "dmean": [1.03066201973e-06, 4.41035763288e-06, 0.000421263539465, 0.00115200178698, 0.00234610727057, 0.000949829234742, 0.00048788820277, 0.000213611885556, 0.000425182253821, 0.00046513453708, 0.000100116449175, 9.93885914795e-05, 0.000114611415484, 1.82937546924e-05, 1.14917775136e-05, 1.59341143444e-05, 9.94273432298e-06, 4.76113746117e-06, 6.20161790721e-06, 2.60495926341e-06, 2.99964017358e-06, 5.9588583099e-06, 5.06856667926e-06, 4.13394718635e-06, 2.19747835217e-06, 1.01608702607e-06, 7.79179210042e-09],
        "dmean2": [1.64668597336e-06, 7.83573523222e-06, 0.000805272313301, 0.00171852449421, 0.00364347430877, 0.0013732209336, 0.000688776548486, 0.000274468126008, 0.000610884861089, 0.000665952102281, 0.000134265574161, 0.000143463053973, 0.000169808932696, 2.94978217426e-05, 1.71902702277e-05, 2.55948125414e-05, 1.63497352332e-05, 7.31086765882e-06, 9.09649315872e-06, 3.95313190893e-06, 4.52870563095e-06, 9.0120238383e-06, 7.55101245886e-06, 6.47042679702e-06, 3.30742659571e-06, 1.60831473295e-06, 1.33448292416e-08],
        "dvar": [1.8563366122e-11, 1.31269300985e-10, 6.38716244339e-07, 4.47491993327e-06, 1.16159435493e-05, 3.07388449983e-06, 1.97209897124e-06, 3.37785422744e-07, 2.60840067767e-07, 4.52002808515e-07, 1.7324198609e-07, 1.87423594866e-07, 3.58605575457e-07, 3.56184282069e-09, 1.30242983065e-09, 2.84598211664e-09, 9.85535986153e-10, 3.22619847504e-10, 4.73866779149e-10, 1.61627794482e-10, 3.07735947835e-10, 1.05648723103e-09, 7.97898469518e-10, 8.31847202232e-10, 3.75702080557e-10, 3.81677293937e-11, 3.42236060217e-15],
        "dvar2": [3.6550446697e-11, 3.59886370704e-10, 2.45239380092e-06, 1.21296689031e-05, 2.92684890155e-05, 6.20245327809e-06, 4.09228141507e-06, 5.2023739272e-07, 5.35246499567e-07, 9.29027009988e-07, 2.79748121557e-07, 3.70076833178e-07, 7.2717381272e-07, 8.14885758871e-09, 2.72795253053e-09, 5.99487881559e-09, 2.54533283339e-09, 6.72338240637e-10, 8.42943936874e-10, 3.55900864335e-10, 6.73388511618e-10, 2.20572404785e-09, 1.5884661364e-09, 1.55688939518e-09, 8.31860247352e-10, 9.38813332629e-11, 7.91122419988e-15],
        "max": [0.000100945457234, 0.000191100465599, 0.00449281558394, 0.0375706292689, 0.0468183644116, 0.0305082742125, 0.0347454436123, 0.016816643998, 0.00931254401803, 0.0100229587406, 0.0100269410759, 0.00854474119842, 0.0105717657134, 0.00101561786141, 0.000738412025385, 0.000980606419034, 0.00070837099338, 0.000295538280625, 0.00059893092839, 0.000228469230933, 0.000355862110155, 0.000824957853183, 0.000562544213608, 0.000632062437944, 0.000565285386983, 0.000151540938532, 1.82672954452e-06],
        "mean": [1.39233884511e-06, 8.52248558658e-06, 0.000797086337116, 0.00439590215683, 0.012913341634, 0.00738685438409, 0.00143769488204, 0.000666904787067, 0.00297567783855, 0.00359074538574, 0.000167128848261, 0.000148942868691, 0.00018269661814, 2.74086924037e-05, 1.78810932994e-05, 2.50988396147e-05, 1.44340910992e-05, 7.34513605494e-06, 1.0811327229e-05, 3.63506433132e-06, 3.77417222808e-06, 8.42361623654e-06, 6.42907116344e-06, 5.12681162945e-06, 2.46008107752e-06, 1.04143066437e-06, 9.68830793369e-09],
        "median": [6.64414585572e-08, 1.3476528693e-06, 0.000719397445209, 0.00345466239378, 0.0118000712246, 0.00717125879601, 0.000940987258218, 0.000420794764068, 0.00245390320197, 0.00442526023835, 1.64494667843e-05, 5.52234178031e-06, 5.37626101504e-06, 2.85440705738e-06, 3.34172136718e-06, 3.85878911402e-06, 3.00312672152e-06, 1.67895905179e-06, 2.10541384149e-06, 7.33765546101e-07, 3.57325859568e-07, 3.04915005245e-07, 2.01803572963e-07, 1.27224822677e-07, 5.26927799172e-08, 7.91029375335e-09, 8.45500613966e-10],
        "min": [3.05340793378e-23, 1.3061678823e-23, 2.16378519405e-23, 9.34574400696e-24, 2.75784320961e-23, 4.2689797954e-23, 5.26698792143e-23, 6.82922944102e-23, 5.61401067354e-23, 4.78740435173e-23, 2.55783084031e-23, 8.10068326253e-23, 7.29317431659e-23, 1.72191005913e-22, 9.31189777205e-23, 1.92623702427e-22, 1.95502501995e-22, 2.16669672188e-22, 2.98957406664e-22, 3.75620045393e-22, 7.35537391638e-22, 5.07577592662e-22, 8.8296067686e-22, 1.01644109171e-21, 1.17385441046e-21, 1.87446558505e-21, 2.4562094314e-21],
        "stdev": [6.50329593554e-06, 1.63496279129e-05, 0.000765608041547, 0.00365220336244, 0.00606242613867, 0.00305863167159, 0.00236091087572, 0.00095727207372, 0.00130385905504, 0.00315596116707, 0.000665745406877, 0.000610322866123, 0.000943176797591, 8.26756077004e-05, 5.10663157911e-05, 7.94421284809e-05, 3.87136351492e-05, 2.41530105995e-05, 3.47142777173e-05, 1.57687318278e-05, 2.18208751903e-05, 4.27359191235e-05, 3.64148254448e-05, 3.38599020324e-05, 1.94111180463e-05, 6.30719705441e-06, 7.4788999882e-08],
        "var": [4.22928567168e-11, 2.67310312774e-10, 5.86155692872e-07, 1.3338590179e-05, 3.67530119547e-05, 9.35522803047e-06, 5.57389967071e-06, 9.16369799597e-07, 1.70004830125e-06, 9.96009111986e-06, 4.43216947588e-07, 3.724940143e-07, 8.89582508989e-07, 6.83525636092e-09, 2.60776844563e-09, 6.31105212534e-09, 1.49874557209e-09, 5.83367909535e-10, 1.20508103496e-09, 2.48652876067e-10, 4.76150563422e-10, 1.82635873092e-09, 1.32603961145e-09, 1.14649301164e-09, 3.76791514656e-10, 3.97807342623e-11, 5.59339434917e-15]
    },
    "erbbands": {
        "dmean": [0.00012035927648, 0.00674356194213, 0.291951686144, 1.96707630157, 7.98555469513, 7.33510541916, 6.42666482925, 9.97239017487, 7.50008392334, 5.00480937958, 3.95603322983, 11.5379018784, 15.1397485733, 6.30152225494, 4.12397623062, 4.22776842117, 5.44203710556, 1.5519400835, 0.673023641109, 0.544901788235, 0.707181453705, 0.532484054565, 0.283830434084, 0.294764786959, 0.24348397553, 0.114655852318, 0.1008996889, 0.140222176909, 0.184346362948, 0.227864652872, 0.135102242231, 0.0981217995286, 0.0634903386235, 0.0281382463872, 0.0129217039794, 0.00759358983487, 0.000716467970051, 4.66975725431e-05, 3.10366885969e-06, 4.66481105832e-06],
        "dmean2": [0.000221681286348, 0.0128243099898, 0.556439995766, 3.04707574844, 12.4313306808, 11.407535553, 9.96311473846, 14.3354911804, 11.6852531433, 6.65424251556, 5.13496351242, 16.6858654022, 21.6914310455, 8.18496131897, 5.70579385757, 5.91177749634, 7.93856191635, 2.2193403244, 0.999755978584, 0.827255666256, 1.11014068127, 0.848074018955, 0.427772372961, 0.424422442913, 0.355623841286, 0.172476351261, 0.155039355159, 0.202431365848, 0.269554287195, 0.357003480196, 0.205427408218, 0.148314878345, 0.0988399833441, 0.0432369858027, 0.0219665952027, 0.0124221891165, 0.00110582436901, 7.53512140363e-05, 4.86687258672e-06, 7.07844765202e-06],
        "dvar": [3.95565287192e-08, 0.000167494348716, 0.294853031635, 11.2772941589, 171.347366333, 216.752883911, 86.6153106689, 439.686523438, 438.225036621, 372.566040039, 95.0895462036, 198.699417114, 423.823669434, 120.660232544, 336.64666748, 379.141021729, 794.433410645, 53.0180015564, 3.31570243835, 3.37239265442, 5.58473396301, 2.07157564163, 0.9304895401, 1.03105485439, 0.858069717884, 0.323932409286, 0.316823035479, 0.67365694046, 0.854207634926, 1.76494657993, 0.624405562878, 0.297294974327, 0.314232826233, 0.0922550112009, 0.00566778704524, 0.00213790358976, 2.19123612624e-05, 7.62838467949e-08, 1.0636005271e-10, 4.20446490124e-11],
        "dvar2": [1.39405784694e-07, 0.000613790180068, 1.11854743958, 31.4297866821, 462.879302979, 548.182678223, 207.754074097, 877.705932617, 1079.1340332, 644.743347168, 162.336410522, 402.376098633, 876.143493652, 197.374847412, 570.54296875, 701.130065918, 1634.98291016, 96.9613113403, 5.94327449799, 7.12093353271, 11.7508773804, 5.26043796539, 1.90057992935, 1.46457147598, 1.77426409721, 0.699369430542, 0.709722340107, 1.42293822765, 1.60022628307, 3.83182883263, 1.29053604603, 0.635803818703, 0.597223162651, 0.182717233896, 0.0128535265103, 0.00532856630161, 5.16440486535e-05, 1.97313866579e-07, 2.6263821673e-10, 1.01821204246e-10],
        "max": [0.00198552804068, 0.127663135529, 3.25257563591, 56.4867897034, 153.116088867, 257.586181641, 146.126953125, 371.96005249, 488.285552979, 410.057739258, 202.134902954, 253.299026489, 376.296112061, 319.245605469, 453.678741455, 402.599884033, 553.307006836, 144.36882019, 44.0166816711, 41.9571380615, 46.3371086121, 26.2213535309, 20.8482551575, 30.2115802765, 24.9141941071, 8.96165466309, 9.34009933472, 17.5435295105, 21.6316146851, 32.4266624451, 15.4288511276, 10.292222023, 14.2009077072, 9.01329994202, 1.46584105492, 1.12909686565, 0.130312755704, 0.006172535941, 0.00028324246523, 0.000105044106022],
        "mean": [0.000332792726113, 0.0144125325605, 0.634082794189, 7.42913627625, 21.9395656586, 48.7011413574, 57.0898284912, 78.3151855469, 29.9145240784, 13.566400528, 19.1599788666, 82.1074981689, 120.940361023, 36.8187217712, 7.86701154709, 7.00106811523, 8.91592502594, 2.78254532814, 1.28647220135, 0.968153357506, 1.19574069977, 0.800152003765, 0.483325451612, 0.548633754253, 0.406894773245, 0.170031189919, 0.12394643575, 0.186222031713, 0.269919931889, 0.289130121469, 0.172972351313, 0.119401663542, 0.0761691853404, 0.0319033190608, 0.0159067194909, 0.00803439505398, 0.000834959850181, 6.320837565e-05, 1.85487951967e-05, 3.89947381336e-05],
        "median": [0.000250000593951, 0.0118627492338, 0.526735007763, 6.78776931763, 14.2992458344, 41.0051689148, 54.4298171997, 84.1589202881, 25.1403255463, 5.76150131226, 13.0752162933, 70.0478134155, 111.61781311, 25.6807823181, 1.77593195438, 0.286790341139, 0.277763009071, 0.225882858038, 0.359093874693, 0.240381315351, 0.232150480151, 0.17727547884, 0.139064386487, 0.112774558365, 0.0700006633997, 0.0293096732348, 0.01457652729, 0.0132037578151, 0.012409074232, 0.00805887207389, 0.00551917590201, 0.00292751169764, 0.00184981350321, 0.000884003995452, 0.000234590101172, 6.65860716254e-05, 2.01567399927e-05, 3.02207195091e-06, 1.48724220708e-05, 3.47234818037e-05],
        "min": [6.19369457056e-22, 2.83373740947e-21, 2.02743712971e-20, 3.05616256033e-20, 3.63692283723e-20, 7.49338974879e-20, 2.62135914262e-19, 4.55838400966e-19, 7.36296520893e-19, 7.71427191701e-19, 1.59643387021e-18, 1.32974225872e-18, 2.05440189936e-18, 6.98580445382e-19, 1.62218586383e-18, 3.53248431848e-18, 3.68385464827e-18, 6.25531970391e-18, 6.51413748654e-18, 1.07363287221e-17, 7.47227898804e-18, 1.11755368119e-17, 1.19437708797e-17, 1.078038188e-17, 1.96714915127e-17, 1.52727236861e-17, 2.27643677995e-17, 3.13221931285e-17, 1.93321820254e-17, 2.1937782757e-17, 2.11455472166e-17, 1.90333448311e-17, 2.10342136692e-17, 1.48226381712e-17, 7.9876704123e-18, 6.8798361033e-18, 3.0489565118e-18, 1.2312321822e-18, 3.65908901583e-19, 3.61932715464e-20],
        "stdev": [0.000243303336902, 0.0143883051351, 0.534176886082, 5.12400817871, 19.4359607697, 24.290845871, 15.2310705185, 44.1461601257, 32.0720291138, 31.8746891022, 17.6400585175, 39.5775604248, 104.539520264, 38.1743164062, 28.9595375061, 28.8729000092, 44.8813705444, 11.744758606, 3.11571788788, 2.92028212547, 3.6542570591, 1.93423438072, 1.46806371212, 1.7981055975, 1.31175327301, 0.742964982986, 0.683085978031, 1.05742442608, 1.31960439682, 1.60151422024, 1.00392723083, 0.645254731178, 0.628332674503, 0.319359451532, 0.0813701748848, 0.0477443672717, 0.00495355809107, 0.000278164778138, 1.40213451232e-05, 1.30338667077e-05],
        "var": [5.91965161334e-08, 0.000207023316761, 0.285344928503, 26.2554588318, 377.756561279, 590.045227051, 231.98550415, 1948.88342285, 1028.61499023, 1015.99584961, 311.171691895, 1566.38330078, 10928.5107422, 1457.27856445, 838.654846191, 833.644348145, 2014.33740234, 137.939346313, 9.70769786835, 8.52804756165, 13.3535938263, 3.74126267433, 2.15521097183, 3.23318386078, 1.72069656849, 0.551996946335, 0.46660643816, 1.11814641953, 1.741355896, 2.56484770775, 1.00786995888, 0.416353702545, 0.394801944494, 0.1019904688, 0.00662110559642, 0.00227952445857, 2.45377359533e-05, 7.73756454464e-08, 1.96598112789e-10, 1.69881692047e-10]
    },
    "gfcc": {
        "mean": [-161.476318359, 219.696609497, -74.2531738281, -46.2444953918, -78.1767196655, -30.7388439178, -42.5245056152, -20.6603488922, -23.549325943, -37.6688270569, -27.6045017242, -19.6557102203, 3.06541752815],
        "cov": [[8691.41992188, -4510.86914062, -2736.5793457, 3392.1640625, -812.390991211, 657.64440918, -1006.15362549, 276.147979736, -403.847473145, 250.446685791, 399.654754639, 331.068023682, -903.048461914], [-4510.86914062, 3054.47265625, 1636.70275879, -2252.94262695, 514.815429688, -342.259246826, 602.080871582, -212.667572021, 212.695465088, -191.914352417, -243.863967896, -187.19821167, 534.398986816], [-2736.5793457, 1636.70275879, 1209.29174805, -1415.54016113, 235.935272217, -34.3523406982, 425.23348999, -80.4158782959, 13.2994241714, -84.7529907227, -201.552902222, -15.0042133331, 320.476531982], [3392.1640625, -2252.94262695, -1415.54016113, 2136.66040039, -324.677978516, 12.1510896683, -507.593170166, 159.153106689, -4.59414243698, 115.090415955, 238.74256897, 0.783407986164, -382.780029297], [-812.390991211, 514.815429688, 235.935272217, -324.677978516, 191.137420654, -35.8135719299, 89.1116943359, -40.0422744751, 43.7442855835, -23.5481700897, -28.3488025665, -34.478969574, 85.3307800293], [657.64440918, -342.259246826, -34.3523406982, 12.1510896683, -35.8135719299, 304.985137939, -14.4349660873, 8.55427265167, -145.973220825, 38.7851905823, 1.29127979279, 131.348876953, -80.9017715454], [-1006.15362549, 602.080871582, 425.23348999, -507.593170166, 89.1116943359, -14.4349660873, 188.797134399, -34.5816879272, -15.8062047958, -34.9144058228, -59.5643310547, 6.56640529633, 111.514381409], [276.147979736, -212.667572021, -80.4158782959, 159.153106689, -40.0422744751, 8.55427265167, -34.5816879272, 48.4541435242, -18.0585327148, 5.30663728714, 11.8739538193, 15.112033844, -29.5565490723], [-403.847473145, 212.695465088, 13.2994241714, -4.59414243698, 43.7442855835, -145.973220825, -15.8062047958, -18.0585327148, 129.327407837, -23.5549964905, -8.36855983734, -85.1085357666, 40.8784713745], [250.446685791, -191.914352417, -84.7529907227, 115.090415955, -23.5481700897, 38.7851905823, -34.9144058228, 5.30663728714, -23.5549964905, 44.8749198914, 10.6704044342, 2.55624604225, -31.1886768341], [399.654754639, -243.863967896, -201.552902222, 238.74256897, -28.3488025665, 1.29127979279, -59.5643310547, 11.8739538193, -8.36855983734, 10.6704044342, 76.6903915405, 0.289238482714, -60.3753128052], [331.068023682, -187.19821167, -15.0042133331, 0.783407986164, -34.478969574, 131.348876953, 6.56640529633, 15.112033844, -85.1085357666, 2.55624604225, 0.289238482714, 105.246177673, -38.9933624268], [-903.048461914, 534.398986816, 320.476531982, -382.780029297, 85.3307800293, -80.9017715454, 111.514381409, -29.5565490723, 40.8784713745, -31.1886768341, -60.3753128052, -38.9933624268, 136.434326172]],
        "icov": [[0.00373696605675, -0.00985859706998, 0.00637839362025, -0.00711799040437, 0.00919660087675, -0.0063018980436, 0.0114217372611, -0.00561267789453, 0.0112297479063, -0.00459593255073, 0.00760759459808, -0.00612636795267, 0.0055572190322], [-0.00985859706998, 0.0410590469837, -0.0213294774294, 0.0269685294479, -0.033592376858, 0.0216972250491, -0.0364506579936, 0.0260960869491, -0.0330254398286, 0.0279000606388, -0.0249320920557, 0.0272765494883, -0.0179550405592], [0.00637839362025, -0.0213294774294, 0.0243478678167, -0.0112713919953, 0.019499540329, -0.0175400897861, 0.00527204945683, -0.0222268141806, 0.013932143338, -0.0141595751047, 0.0191768184304, -0.0105283567682, 0.00329389655963], [-0.00711799040437, 0.0269685294479, -0.0112713919953, 0.0209615007043, -0.0218442492187, 0.0141095351428, -0.0268386360258, 0.0115452473983, -0.0253258161247, 0.0152928354219, -0.0177936032414, 0.018404673785, -0.012524491176], [0.00919660087675, -0.033592376858, 0.019499540329, -0.0218442492187, 0.0378974787891, -0.0219981893897, 0.0280992854387, -0.0202560219914, 0.0246030110866, -0.0213510822505, 0.0186423230916, -0.0200823657215, 0.0115157663822], [-0.0063018980436, 0.0216972250491, -0.0175400897861, 0.0141095351428, -0.0219981893897, 0.0273201987147, -0.0109860049561, 0.0210631694645, -0.00924448575824, 0.00893639028072, -0.0124327698722, 0.003759812098, -0.00202472368255], [0.0114217372611, -0.0364506579936, 0.00527204945683, -0.0268386360258, 0.0280992854387, -0.0109860049561, 0.0797952264547, -0.00748316012323, 0.0538457967341, -0.0138799184933, 0.0201611053199, -0.0291804559529, 0.0210362076759], [-0.00561267789453, 0.0260960869491, -0.0222268141806, 0.0115452473983, -0.0202560219914, 0.0210631694645, -0.00748316012323, 0.0572971254587, -0.00659549143165, 0.0248140580952, -0.0136069394648, 0.0120051130652, -0.00601869542152], [0.0112297479063, -0.0330254398286, 0.013932143338, -0.0253258161247, 0.0246030110866, -0.00924448575824, 0.0538457967341, -0.00659549143165, 0.0685928538442, -0.00418757367879, 0.0293744951487, -0.0110977860168, 0.0219152700156], [-0.00459593255073, 0.0279000606388, -0.0141595751047, 0.0152928354219, -0.0213510822505, 0.00893639028072, -0.0138799184933, 0.0248140580952, -0.00418757367879, 0.0615297779441, -0.0100703909993, 0.0333772078156, -0.0077598313801], [0.00760759459808, -0.0249320920557, 0.0191768184304, -0.0177936032414, 0.0186423230916, -0.0124327698722, 0.0201611053199, -0.0136069394648, 0.0293744951487, -0.0100703909993, 0.0453057400882, -0.0117421438918, 0.0201748851687], [-0.00612636795267, 0.0272765494883, -0.0105283567682, 0.018404673785, -0.0200823657215, 0.003759812098, -0.0291804559529, 0.0120051130652, -0.0110977860168, 0.0333772078156, -0.0117421438918, 0.0512501783669, -0.0093753002584], [0.0055572190322, -0.0179550405592, 0.00329389655963, -0.012524491176, 0.0115157663822, -0.00202472368255, 0.0210362076759, -0.00601869542152, 0.0219152700156, -0.0077598313801, 0.0201748851687, -0.0093753002584, 0.0425719544291]]
    },
    "melbands": {
        "dmean": [6.65830384605e-07, 0.000115974478831, 0.000525578332599, 0.000502241542563, 0.000265392416622, 0.000205494783586, 0.00010645743896, 5.07494842168e-05, 3.01065101667e-05, 7.92600549175e-05, 7.97140746727e-05, 3.18776546919e-05, 1.31131328089e-05, 1.26649329104e-05, 7.8531629697e-06, 1.37800752782e-05, 1.84306861684e-06, 1.17502258945e-06, 8.49564685268e-07, 1.16632099889e-06, 7.89607838669e-07, 6.27753649951e-07, 3.70064498156e-07, 2.2780042741e-07, 2.59856136609e-07, 2.45994982606e-07, 1.20635064604e-07, 7.56901172849e-08, 5.62227278067e-08, 7.34887706244e-08, 8.90246383278e-08, 9.27181105226e-08, 1.46617310293e-07, 1.21732142588e-07, 7.88283074371e-08, 6.75466935718e-08, 6.07506152051e-08, 4.68795100517e-08, 4.13793657117e-08, 1.76515868588e-08],
        "dmean2": [1.17691342894e-06, 0.000219225403271, 0.000813099148218, 0.000775369815528, 0.000420223135734, 0.000299737526802, 0.000161953998031, 6.92221001373e-05, 4.00044191338e-05, 0.000114474183647, 0.000112536108645, 4.11811233789e-05, 1.83550491784e-05, 1.80769402505e-05, 1.08924268716e-05, 2.05453798117e-05, 2.95945437756e-06, 1.80405925221e-06, 1.26699171688e-06, 1.9112044356e-06, 1.2154422393e-06, 1.02893432086e-06, 5.72595638459e-07, 3.40600252002e-07, 3.72815321725e-07, 3.6910421386e-07, 1.86290790793e-07, 1.1545477463e-07, 8.9306524842e-08, 1.12641700412e-07, 1.34529656748e-07, 1.39733401738e-07, 2.20365407699e-07, 1.93272512661e-07, 1.20107401358e-07, 1.07414876993e-07, 9.29593895194e-08, 7.26829370024e-08, 6.82989949041e-08, 2.59862371621e-08],
        "dvar": [2.64301427966e-12, 4.55098358998e-08, 7.36682977731e-07, 5.68056861994e-07, 1.81098499752e-07, 1.75086881882e-07, 8.2035043647e-08, 3.57674885265e-08, 6.03755889728e-09, 9.25895271564e-09, 1.12060103419e-08, 2.80097767202e-09, 3.86871468194e-09, 2.96512725484e-09, 1.01852049017e-09, 6.10862471717e-09, 4.5571768581e-11, 1.11732385497e-11, 1.14307036059e-11, 1.70403448296e-11, 8.47574180979e-12, 2.44452093116e-12, 3.09772736976e-12, 7.61079513214e-13, 7.70404302419e-13, 1.04297234911e-12, 2.30192465566e-13, 1.50444625291e-13, 1.03271673168e-13, 1.87302118802e-13, 2.56049142392e-13, 2.22947907965e-13, 6.78104111491e-13, 4.89302229376e-13, 2.31754421426e-13, 1.1993181513e-13, 1.34278411957e-13, 1.25370661118e-13, 2.77310943306e-13, 2.82245879229e-14],
        "dvar2": [7.05116737568e-12, 1.69179926957e-07, 2.06639515454e-06, 1.43790612128e-06, 4.37175913248e-07, 3.48658915073e-07, 1.83406314136e-07, 6.04082117661e-08, 1.07390354387e-08, 1.88604989404e-08, 2.36943957788e-08, 4.87659024273e-09, 6.43043662762e-09, 5.76979752864e-09, 1.92660043474e-09, 1.24423298331e-08, 9.77232184063e-11, 2.27532402641e-11, 2.33076231926e-11, 3.90240131876e-11, 1.86596103152e-11, 6.17224370572e-12, 7.21197710926e-12, 1.55242962582e-12, 1.07572566306e-12, 2.14401239818e-12, 5.26393869899e-13, 3.3515667997e-13, 2.4497155064e-13, 3.983526562e-13, 5.51332688271e-13, 4.11630825996e-13, 1.50658901587e-12, 1.04609355032e-12, 4.79154476513e-13, 2.66819742299e-13, 2.95753683046e-13, 2.40336423723e-13, 5.32853709073e-13, 6.32682654097e-14],
        "max": [2.65808394033e-05, 0.00135587400291, 0.0133856125176, 0.0103602530435, 0.00648486241698, 0.00721567776054, 0.00658501777798, 0.00373167381622, 0.00163654692005, 0.00176124821883, 0.00188727187924, 0.00132087164093, 0.00155347480904, 0.00113840121776, 0.000667374697514, 0.00145463540684, 0.000124023790704, 7.46265359339e-05, 7.32392800273e-05, 9.39423334785e-05, 6.21430663159e-05, 2.38147331402e-05, 5.26154617546e-05, 1.66900572367e-05, 2.64033787971e-05, 2.82336677628e-05, 8.25188726594e-06, 5.5985342442e-06, 5.14456996825e-06, 8.49340904097e-06, 1.05542212623e-05, 9.06944660528e-06, 2.12017876038e-05, 1.56891237566e-05, 9.61109344644e-06, 6.53821780361e-06, 8.00644193077e-06, 8.2281203504e-06, 1.43087763718e-05, 5.02298416905e-06],
        "mean": [1.28816816414e-06, 0.000275364960544, 0.0018008640036, 0.00240172585472, 0.00229469779879, 0.00158971676137, 0.000399561453378, 0.000142185468576, 0.000155425543198, 0.000549601565581, 0.000615071970969, 0.000184692165931, 2.14373285417e-05, 1.973182043e-05, 1.33510784508e-05, 2.14736774069e-05, 2.91267724606e-06, 2.12682925849e-06, 1.25885105717e-06, 1.82726068942e-06, 1.24741120544e-06, 8.82058998286e-07, 5.30486147454e-07, 3.56340876806e-07, 4.56952193417e-07, 3.86800564911e-07, 1.76631900217e-07, 9.72172387037e-08, 6.63891839281e-08, 9.18948828144e-08, 1.14076435409e-07, 1.41180450441e-07, 1.85079684911e-07, 1.46884573837e-07, 9.79544125812e-08, 8.3595764977e-08, 7.02077826986e-08, 5.47815623975e-08, 4.67222989187e-08, 1.87992856837e-08],
        "median": [2.1857907484e-07, 0.000222265327466, 0.00131333491299, 0.00189507228788, 0.0021423199214, 0.00161478307564, 0.000328257825458, 6.25734319328e-05, 7.98604742158e-05, 0.000467699224828, 0.000610751158092, 6.72841197229e-05, 2.00359340852e-06, 7.89227215137e-07, 4.72669483997e-07, 4.54468789712e-07, 2.59614523657e-07, 5.34995194812e-07, 1.92336671034e-07, 2.95647339499e-07, 1.80384745363e-07, 1.90480875517e-07, 1.04468760753e-07, 8.17583156731e-08, 7.98938089019e-08, 5.39256603815e-08, 3.36535741496e-08, 1.09301065976e-08, 7.4809101136e-09, 8.4185671767e-09, 5.9105724759e-09, 7.3340089557e-09, 4.34923386194e-09, 4.15777057228e-09, 3.24923199457e-09, 1.99038163728e-09, 1.52618895299e-09, 1.32539701436e-09, 9.42910194368e-10, 5.69678637596e-10],
        "min": [5.7238441718e-24, 7.70822022901e-24, 5.28792042444e-24, 4.3291384858e-24, 7.97638718286e-24, 9.08660635504e-24, 1.15494655999e-23, 1.03443614492e-23, 1.20354331053e-23, 8.23943995145e-24, 1.01310566158e-23, 2.76299380079e-24, 3.75130378919e-24, 1.07924778307e-23, 5.12287415699e-24, 9.60325187225e-24, 1.26019283209e-23, 1.24816151999e-23, 8.66448372921e-24, 1.65078768521e-23, 7.02406956491e-24, 1.13436588895e-23, 1.03418260502e-23, 1.15968406415e-23, 7.98438228813e-24, 1.14812504308e-23, 1.62103611171e-23, 8.89736651248e-24, 1.40500387069e-23, 1.71011049859e-23, 1.71354551452e-23, 8.53062823309e-24, 1.24201637243e-23, 1.27953980356e-23, 1.04216564072e-23, 1.68136866706e-23, 9.22617241525e-24, 1.47458092921e-23, 1.53629130902e-23, 1.10568164425e-23],
        "stdev": [2.30821137848e-06, 0.000214818457607, 0.00138414767571, 0.00118595571257, 0.000741933006793, 0.000828292279039, 0.000480835034978, 0.000317579542752, 0.000165757344803, 0.000270380842267, 0.000531497178599, 0.000211704493267, 9.15761847864e-05, 7.93991130195e-05, 5.26455987711e-05, 0.000118669049698, 9.46071668295e-06, 5.19867671755e-06, 4.68988127977e-06, 5.61060687687e-06, 4.21360664404e-06, 2.05861692848e-06, 2.09803806683e-06, 1.17069168937e-06, 1.5418561361e-06, 1.38092650559e-06, 6.16282875399e-07, 4.85524026317e-07, 3.64503620176e-07, 5.50475760974e-07, 6.40004827801e-07, 6.92747846642e-07, 9.84152961792e-07, 8.36239394175e-07, 6.0249044509e-07, 4.3039784714e-07, 4.08510373973e-07, 4.09790089861e-07, 5.59141085432e-07, 1.66072155139e-07],
        "var": [5.32784016558e-12, 4.61469689128e-08, 1.91586468645e-06, 1.40649103741e-06, 5.50464562821e-07, 6.86068062805e-07, 2.31202321288e-07, 1.00856759389e-07, 2.74754992091e-08, 7.31058023007e-08, 2.82489224901e-07, 4.48187904567e-08, 8.3861975142e-09, 6.30421936876e-09, 2.77155898232e-09, 1.40823432915e-08, 8.95051671668e-11, 2.70262406205e-11, 2.19949874286e-11, 3.14789097566e-11, 1.77544801777e-11, 4.23790343096e-12, 4.40176367578e-12, 1.37051893272e-12, 2.37732034579e-12, 1.90695809837e-12, 3.79804586219e-13, 2.35733578925e-13, 1.32862891153e-13, 3.03023556768e-13, 4.09606213964e-13, 4.79899594456e-13, 9.6855715722e-13, 6.99296360835e-13, 3.62994709161e-13, 1.85242297304e-13, 1.66880737202e-13, 1.67927927423e-13, 3.12638722419e-13, 2.75799619687e-14]
    },
    "melbands128": {
