{
"lowlevel": {
    "average_loudness": 0.949174761772,
    "barkbands_crest": {
        "dmean": 2.39084720612,
        "dmean2": 3.83673739433,
        "dvar": 4.84699201584,
        "dvar2": 11.9090900421,
        "max": 24.0403137207,
        "mean": 9.40143585205,
        "median": 8.57407474518,
        "min": 2.70498490334,
        "stdev": 4.11409854889,
        "var": 16.9258079529
    },
    "barkbands_flatness_db": {
        "dmean": 0.0161625947803,
        "dmean2": 0.0247297808528,
        "dvar": 0.000234499573708,
        "dvar2": 0.000511773861945,
        "max": 0.32259735465,
        "mean": 0.111073955894,
        "median": 0.100146912038,
        "min": 0.0286414250731,
        "stdev": 0.0500005483627,
        "var": 0.00250005489215
    },
    "barkbands_kurtosis": {
        "dmean": 1.40238022804,
        "dmean2": 2.17312693596,
        "dvar": 6.45715236664,
        "dvar2": 16.0336475372,
        "max": 38.8686981201,
        "mean": 1.47870743275,
        "median": 0.217263698578,
        "min": -1.7909989357,
        "stdev": 3.75721359253,
        "var": 14.1166543961
    },
    "barkbands_skewness": {
        "dmean": 0.398917853832,
        "dmean2": 0.588543474674,
        "dvar": 0.175196617842,
        "dvar2": 0.361684381962,
        "max": 5.93807888031,
        "mean": 0.843944787979,
        "median": 0.785898506641,
        "min": -3.11955952644,
        "stdev": 0.903485000134,
        "var": 0.816285192966
    },
    "barkbands_spread": {
        "dmean": 5.59325838089,
        "dmean2": 8.00863265991,
        "dvar": 38.0043792725,
        "dvar2": 71.8750762939,
        "max": 90.7965698242,
        "mean": 28.2451782227,
        "median": 26.7180328369,
        "min": 2.31382584572,
        "stdev": 15.0153512955,
        "var": 225.460769653
    },
    "dissonance": {
        "dmean": 0.0186636094004,
        "dmean2": 0.0315283387899,
        "dvar": 0.000652551592793,
        "dvar2": 0.00175123242661,
        "max": 0.499999940395,
        "mean": 0.467748045921,
        "median": 0.477538108826,
        "min": 0.0490580461919,
        "stdev": 0.0317834429443,
        "var": 0.00101018731948
    },
    "dynamic_complexity": 1.79576814175,
    "erbbands_crest": {
        "dmean": 2.49147367477,
        "dmean2": 4.03221082687,
        "dvar": 6.08616018295,
        "dvar2": 14.4962177277,
        "max": 28.6273365021,
        "mean": 9.30757141113,
        "median": 8.04692745209,
        "min": 2.18433380127,
        "stdev": 5.09283399582,
        "var": 25.936958313
    },
    "erbbands_flatness_db": {
        "dmean": 0.0141937322915,
        "dmean2": 0.020208850503,
        "dvar": 0.00018587015802,
        "dvar2": 0.000359692028724,
        "max": 0.378105729818,
        "mean": 0.158573970199,
        "median": 0.14647655189,
        "min": 0.0632371529937,
        "stdev": 0.0553147830069,
        "var": 0.00305972527713
    },
    "erbbands_kurtosis": {
        "dmean": 1.09577703476,
        "dmean2": 1.65003585815,
        "dvar": 4.51468706131,
        "dvar2": 9.18673324585,
        "max": 40.8282089233,
        "mean": 1.19100391865,
        "median": -0.136017560959,
        "min": -1.64350581169,
        "stdev": 3.99048185349,
        "var": 15.9239444733
    },
    "erbbands_skewness": {
        "dmean": 0.345910876989,
        "dmean2": 0.514271140099,
        "dvar": 0.12252279371,
        "dvar2": 0.258198082447,
        "max": 4.70168399811,
        "mean": 0.288398891687,
        "median": 0.0924751088023,
        "min": -2.5085670948,
        "stdev": 0.872475743294,
        "var": 0.761213958263
    },
    "erbbands_spread": {
        "dmean": 6.67265939713,
        "dmean2": 10.182682991,
        "dvar": 49.8717727661,
        "dvar2": 110.361335754,
        "max": 105.006011963,
        "mean": 35.5116958618,
        "median": 35.0300331116,
        "min": 3.10193943977,
        "stdev": 17.2856616974,
        "var": 298.7940979
    },
    "hfc": {
        "dmean": 9.91860103607,
        "dmean2": 14.1148195267,
        "dvar": 296.796661377,
        "dvar2": 568.797607422,
        "max": 294.37020874,
        "mean": 36.4616661072,
        "median": 30.0502510071,
        "min": 1.12293487158e-16,
        "stdev": 28.4454727173,
        "var": 809.144897461
    },
    "loudness_ebu128": {
        "integrated": -5.54098510742,
        "loudness_range": 2.94468832016,
        "momentary": {
            "dmean": 0.306369274855,
            "dmean2": 0.288285046816,
            "dvar": 0.0782020315528,
            "dvar2": 0.0693893656135,
            "max": -2.84301280975,
            "mean": -5.76290273666,
            "median": -5.92044973373,
            "min": -9.38456916809,
            "stdev": 1.38811743259,
            "var": 1.92686998844
        },
        "short_term": {
            "dmean": 0.0598250366747,
            "dmean2": 0.0422626845539,
            "dvar": 0.00182931940071,
            "dvar2": 0.00114813039545,
            "max": -4.02441549301,
            "mean": -5.72168970108,
            "median": -5.68304157257,
            "min": -7.52740192413,
            "stdev": 0.975328207016,
            "var": 0.951265096664
        }
    },
    "melbands_crest": {
        "dmean": 3.05732679367,
        "dmean2": 4.98374319077,
        "dvar": 8.2457742691,
        "dvar2": 21.0936050415,
        "max": 33.2637481689,
        "mean": 12.935303688,
        "median": 11.5596857071,
        "min": 1.71525907516,
        "stdev": 5.74035978317,
        "var": 32.9517326355
    },
    "melbands_flatness_db": {
        "dmean": 0.0195937212557,
        "dmean2": 0.0282170027494,
        "dvar": 0.000373887305614,
        "dvar2": 0.000734358327463,
        "max": 0.367033779621,
        "mean": 0.151367232203,
        "median": 0.151574194431,
        "min": 0.00627368781716,
        "stdev": 0.0556964874268,
        "var": 0.00310209859163
    },
    "melbands_kurtosis": {
        "dmean": 3.10958385468,
        "dmean2": 4.86290931702,
        "dvar": 41.0108222961,
        "dvar2": 103.492240906,
        "max": 159.698944092,
        "mean": 5.61965894699,
        "median": 3.60597467422,
        "min": -1.7400842905,
        "stdev": 8.55663204193,
        "var": 73.2159500122
    },
    "melbands_skewness": {
        "dmean": 0.505327701569,
        "dmean2": 0.755627930164,
        "dvar": 0.282483041286,
        "dvar2": 0.610135138035,
        "max": 10.7322368622,
        "mean": 1.68620300293,
        "median": 1.60433924198,
        "min": -1.52299523354,
        "stdev": 1.22699117661,
        "var": 1.50550746918
    },
    "melbands_spread": {
        "dmean": 8.3149728775,
        "dmean2": 12.3059129715,
        "dvar": 125.099098206,
        "dvar2": 227.295043945,
        "max": 166.506271362,
        "mean": 34.926815033,
        "median": 30.0280075073,
        "min": 2.56246614456,
        "stdev": 23.5038013458,
        "var": 552.428710938
    },
    "pitch_salience": {
        "dmean": 0.0638380646706,
        "dmean2": 0.10204269737,
        "dvar": 0.00359576707706,
        "dvar2": 0.00902519375086,
        "max": 0.971408784389,
        "mean": 0.581411480904,
        "median": 0.591646075249,
        "min": 0.190441310406,
        "stdev": 0.114343076944,
        "var": 0.0130743393674
    },
    "silence_rate_20dB": {
        "dmean": 0,
        "dmean2": 0,
        "dvar": 0,
        "dvar2": 0,
        "max": 1,
        "mean": 1,
        "median": 1,
        "min": 1,
        "stdev": 0,
        "var": 0
    },
    "silence_rate_30dB": {
        "dmean": 0.00464396271855,
        "dmean2": 0.00929511990398,
        "dvar": 0.00462235882878,
        "dvar2": 0.0123072201386,
        "max": 1,
        "mean": 0.996906399727,
        "median": 1,
        "min": 0,
        "stdev": 0.0555337294936,
        "var": 0.00308399507776
    },
    "silence_rate_60dB": {
        "dmean": 0.00154798757285,
        "dmean2": 0.00309837330133,
        "dvar": 0.00154557928909,
        "dvar2": 0.00308882840909,
        "max": 1,
        "mean": 0.0116009283811,
        "median": 0,
        "min": 0,
        "stdev": 0.107080645859,
        "var": 0.0114662647247
    },
    "spectral_centroid": {
        "dmean": 251.78352356,
        "dmean2": 377.093841553,
        "dvar": 130708.640625,
        "dvar2": 180945.828125,
        "max": 11008.9541016,
        "mean": 1792.0592041,
        "median": 1717.17919922,
        "min": 433.636322021,
        "stdev": 721.349914551,
        "var": 520345.6875
    },
    "spectral_complexity": {
        "dmean": 4.17801856995,
        "dmean2": 6.32687854767,
        "dvar": 15.9698629379,
        "dvar2": 31.7692108154,
        "max": 54,
        "mean": 24.4578495026,
        "median": 23,
        "min": 0,
        "stdev": 10.3867588043,
        "var": 107.884765625
    },
    "spectral_decrease": {
        "dmean": 1.45714051936e-09,
        "dmean2": 2.29261942764e-09,
        "dvar": 2.99161345661e-18,
        "dvar2": 6.47580717773e-18,
        "max": -9.07879042442e-29,
        "mean": -6.63294352776e-09,
        "median": -5.76604097802e-09,
        "min": -3.22855768786e-08,
        "stdev": 4.02922761822e-09,
        "var": 1.62346751815e-17
    },
    "spectral_energy": {
        "dmean": 0.00607183901593,
        "dmean2": 0.00956095382571,
        "dvar": 4.7866236855e-05,
        "dvar2": 0.000106033752672,
        "max": 0.124445274472,
        "mean": 0.0283415019512,
        "median": 0.0250257756561,
        "min": 1.05280074853e-20,
        "stdev": 0.0156607292593,
        "var": 0.00024525844492
    },
    "spectral_energyband_high": {
        "dmean": 0.000827813579235,
        "dmean2": 0.0011610299116,
        "dvar": 3.46882416125e-06,
        "dvar2": 6.16854458713e-06,
        "max": 0.0269362870604,
        "mean": 0.00209574494511,
        "median": 0.00120361044537,
        "min": 7.67922492069e-21,
        "stdev": 0.0032103008125,
        "var": 1.03060319816e-05
    },
    "spectral_energyband_low": {
        "dmean": 0.00196203682572,
        "dmean2": 0.00293866428547,
        "dvar": 2.73825007753e-05,
        "dvar2": 5.14755520271e-05,
        "max": 0.104327499866,
        "mean": 0.00598822487518,
        "median": 0.00146550347563,
        "min": 2.19488871736e-23,
        "stdev": 0.011805520393,
        "var": 0.000139370313263
    },
    "spectral_energyband_middle_high": {
        "dmean": 0.00341138872318,
        "dmean2": 0.00520716188475,
        "dvar": 2.32844013226e-05,
        "dvar2": 5.38841159141e-05,
        "max": 0.0655789598823,
        "mean": 0.0107294144109,
        "median": 0.00718908151612,
        "min": 1.66362661732e-21,
        "stdev": 0.00980755873024,
        "var": 9.61882033153e-05
    },
    "spectral_energyband_middle_low": {
        "dmean": 0.003256597789,
        "dmean2": 0.0051996326074,
        "dvar": 2.0669602236e-05,
        "dvar2": 5.60531116207e-05,
        "max": 0.0548968650401,
        "mean": 0.00981800910085,
        "median": 0.00814219657332,
        "min": 3.28401154013e-22,
        "stdev": 0.00697559537366,
        "var": 4.86589306092e-05
    },
    "spectral_entropy": {
        "dmean": 0.124855965376,
        "dmean2": 0.169010549784,
        "dvar": 0.0182578433305,
        "dvar2": 0.0293201208115,
        "max": 9.80711841583,
        "mean": 7.81008863449,
        "median": 7.87089395523,
        "min": 6.55068445206,
        "stdev": 0.413465201855,
        "var": 0.170953467488
    },
    "spectral_flux": {
        "dmean": 0.0181486196816,
        "dmean2": 0.0276798065752,
        "dvar": 0.000409655534895,
        "dvar2": 0.000815850915387,
        "max": 0.32518851757,
        "mean": 0.0860451459885,
        "median": 0.0783499404788,
        "min": 1.02606076413e-10,
        "stdev": 0.0373441129923,
        "var": 0.00139458279591
    },
    "spectral_kurtosis": {
        "dmean": 0.94230902195,
        "dmean2": 1.49954581261,
        "dvar": 1.14061033726,
        "dvar2": 2.72430896759,
        "max": 14.7991600037,
        "mean": 3.762362957,
        "median": 3.3603272438,
        "min": -1.18912184238,
        "stdev": 2.11875414848,
        "var": 4.48911952972
    },
    "spectral_rms": {
        "dmean": 0.00056196708465,
        "dmean2": 0.000872311065905,
        "dvar": 3.34029806481e-07,
        "dvar2": 7.14330496976e-07,
        "max": 0.0110186217353,
        "mean": 0.00506602134556,
        "median": 0.00494119338691,
        "min": 3.20487560102e-12,
        "stdev": 0.00140914146323,
        "var": 1.9856797735e-06
    },
    "spectral_rolloff": {
        "dmean": 669.99621582,
        "dmean2": 1017.28167725,
        "dvar": 1571803.5,
        "dvar2": 2627350.5,
        "max": 18174.0234375,
        "mean": 2632.91259766,
        "median": 1873.38867188,
        "min": 86.1328125,
        "stdev": 2395.01733398,
        "var": 5736108.5
    },
    "spectral_skewness": {
        "dmean": 0.156710237265,
        "dmean2": 0.239635229111,
        "dvar": 0.0273128282279,
        "dvar2": 0.0551545582712,
        "max": 3.14261984825,
        "mean": 1.47130846977,
        "median": 1.41545796394,
        "min": -0.00493153138086,
        "stdev": 0.405550658703,
        "var": 0.16447134316
    },
    "spectral_spread": {
        "dmean": 560931.6875,
        "dmean2": 718922,
        "dvar": 1.07686166528e+12,
        "dvar2": 805569626112,
        "max": 40981784,
        "mean": 5297624.5,
        "median": 4908082.5,
        "min": 2315980,
        "stdev": 2063239.625,
        "var": 4.25695772672e+12
    },
    "spectral_strongpeak": {
        "dmean": 0.832628965378,
        "dmean2": 1.39443278313,
        "dvar": 1.87548530102,
        "dvar2": 5.07593297958,
        "max": 14.3554859161,
        "mean": 1.76045143604,
        "median": 0.884215474129,
        "min": 0,
        "stdev": 2.03761458397,
        "var": 4.15187358856
    },
    "zerocrossingrate": {
        "dmean": 0.0146159362048,
        "dmean2": 0.0150259006768,
        "dvar": 0.000525640323758,
        "dvar2": 0.000467780861072,
        "max": 0.49462890625,
        "mean": 0.0957575067878,
        "median": 0.08154296875,
        "min": 0.0107421875,
        "stdev": 0.0595176704228,
        "var": 0.00354235316627
    },
    "barkbands": {
        "dmean": [0.000352448463673, 0.00164086348377, 0.000702669087332, 0.000405965169193, 0.00102274783421, 0.00119167158846, 0.000669986824505, 0.000590068579186, 0.00102924695238, 0.000929924543016, 0.00157699233387, 0.000713870220352, 0.0005689903046, 0.000471041013952, 0.000756802386604, 0.0003599562624, 0.000273284269497, 0.000324395776261, 0.000256234663539, 0.000172241474502, 0.000214829400647, 0.000168262791703, 0.000186322635273, 0.000107318948722, 0.000132520857733, 0.000132948931423, 1.01297755464e-05],
        "dmean2": [0.000608460628428, 0.00244217901491, 0.00117302988656, 0.000705050129909, 0.00166574283503, 0.00188768957742, 0.00105028948747, 0.000963023339864, 0.00154385773931, 0.00149158586282, 0.0024499502033, 0.00113804929424, 0.000924398482312, 0.00076663197251, 0.00121249048971, 0.000582313456107, 0.000440864940174, 0.000501371861901, 0.000401116412831, 0.000273797457339, 0.000346527725924, 0.000248402066063, 0.000268311821856, 0.000157734626555, 0.000187276236829, 0.000187207799172, 1.58946077136e-05],
        "dvar": [2.52808240475e-06, 2.26551564992e-05, 7.62772742746e-06, 1.32278580622e-06, 4.56361294709e-06, 5.61410070077e-06, 2.70949726655e-06, 1.94704625756e-06, 3.40852102454e-06, 6.56634892948e-06, 1.35339769258e-05, 2.52535028267e-06, 1.80891800028e-06, 1.04185460259e-06, 2.72759052677e-06, 7.32174328277e-07, 5.87909767091e-07, 4.55586814496e-07, 2.03078059258e-07, 8.39588949475e-08, 1.62060260323e-07, 1.74105707629e-07, 4.20679242552e-07, 8.68538734267e-08, 2.00937591899e-07, 2.31917837823e-07, 1.64228630695e-09],
        "dvar2": [7.04478134139e-06, 4.45461446361e-05, 2.12528084376e-05, 4.0281092879e-06, 1.23798781715e-05, 1.25013239085e-05, 5.75127887714e-06, 4.95331642014e-06, 7.04033573129e-06, 1.5385221559e-05, 3.02870867017e-05, 6.13548081674e-06, 4.84941938339e-06, 2.68592930297e-06, 7.01299086359e-06, 1.79652897714e-06, 1.5491917793e-06, 1.04593800643e-06, 4.55165206859e-07, 2.14572693835e-07, 4.04950384336e-07, 3.48220396518e-07, 7.65869344832e-07, 1.89433222886e-07, 3.97208907543e-07, 4.69970984796e-07, 3.66563979171e-09],
        "max": [0.0400512218475, 0.098980396986, 0.0562995821238, 0.0211608558893, 0.0282546225935, 0.0336785279214, 0.0288645979017, 0.0263989530504, 0.0333667136729, 0.0481947660446, 0.0502099841833, 0.0221540275961, 0.0171646252275, 0.0180027615279, 0.0288861189038, 0.0125619331375, 0.0156397689134, 0.0131456749514, 0.00614610733464, 0.00401638494805, 0.00499977637082, 0.00695511512458, 0.0137312738225, 0.00542117049918, 0.0101333511993, 0.00958461035043, 0.0006693819887],
        "mean": [0.000990054570138, 0.00369778950699, 0.00107638048939, 0.000656853895634, 0.00242981710471, 0.00232834555209, 0.00122278393246, 0.000846417038701, 0.0021990169771, 0.00155464664567, 0.00268661533482, 0.00116558698937, 0.000896315032151, 0.000746254692785, 0.00139348360244, 0.00061559031019, 0.000494198175147, 0.00060260790633, 0.00053194881184, 0.000354315532604, 0.000443920871476, 0.000355358846718, 0.000354192801751, 0.000211797261727, 0.000253613165114, 0.000221797876293, 1.1775974599e-05],
        "median": [2.83707213384e-05, 0.000675421091728, 0.000390960805817, 0.000379938719561, 0.00119441794232, 0.00118386559188, 0.00024412064522, 0.000283936533378, 0.000808986078482, 0.000443675788119, 0.000682525103912, 0.00044935187907, 0.000437415321358, 0.000335103221005, 0.000452169944765, 0.000286325288471, 0.00025847190409, 0.000329278613208, 0.000303325621644, 0.000249829899985, 0.000266924849711, 0.000140134754474, 0.000124806101667, 9.86994782579e-05, 0.000103964070149, 5.12424994668e-05, 1.43312081491e-06],
        "min": [1.40356530394e-23, 7.98995559043e-24, 2.96616472972e-24, 2.20715865988e-23, 2.82293117627e-23, 4.46565701857e-23, 3.7658695536e-23, 6.95722306952e-23, 8.67904263053e-23, 8.16168429861e-23, 4.36598728309e-23, 5.32204504836e-23, 8.68539958725e-23, 1.80587628767e-22, 1.82162333973e-22, 1.95250306319e-22, 1.22365692859e-22, 1.38985401788e-22, 3.69154541414e-22, 4.53426747005e-22, 4.47784864298e-22, 5.0293262819e-22, 6.95545147725e-22, 1.02783683751e-21, 1.03001656747e-21, 1.86734973152e-21, 1.99294749479e-21],
        "stdev": [0.00405578082427, 0.00878163706511, 0.00250325282104, 0.00109136744868, 0.00347837875597, 0.00364691298455, 0.00270057702437, 0.00170595105737, 0.00378446257673, 0.00445133261383, 0.00541231362149, 0.00236575864255, 0.00173373473808, 0.00131634646095, 0.00304565159604, 0.00114144082181, 0.00101518549491, 0.000901760358829, 0.000755263026804, 0.000387214793591, 0.000626393593848, 0.00076534046093, 0.000993561116047, 0.00039870411274, 0.000624590611551, 0.000667871674523, 5.17435510119e-05],
        "var": [1.64493594639e-05, 7.71171544329e-05, 6.26627479505e-06, 1.19108301533e-06, 1.2099118976e-05, 1.32999739435e-05, 7.29311659597e-06, 2.91026890409e-06, 1.43221568578e-05, 1.98143607122e-05, 2.92931363219e-05, 5.59681438972e-06, 3.00583633361e-06, 1.73276794158e-06, 9.27599376155e-06, 1.30288719902e-06, 1.03060165202e-06, 8.13171709524e-07, 5.70422230339e-07, 1.49935303284e-07, 3.92368917801e-07, 5.85746022352e-07, 9.87163616628e-07, 1.58964965635e-07, 3.90113456206e-07, 4.46052609959e-07, 2.67739497239e-09]
    },
    "erbbands": {
        "dmean": [0.0651036724448, 0.342745631933, 0.795013546944, 1.03428244591, 2.14037847519, 3.38303422928, 9.47621059418, 9.27762794495, 8.52680015564, 9.2785243988, 16.9874286652, 17.3886928558, 25.307592392, 65.7364044189, 25.0838737488, 25.0013141632, 23.8575592041, 21.5742607117, 30.8454818726, 29.9414615631, 18.4252891541, 14.6838684082, 16.0252819061, 16.6389865875, 9.37281608582, 7.78454875946, 9.7385969162, 7.65900564194, 6.66641759872, 5.25333309174, 5.49518871307, 2.99960803986, 1.4798463583, 1.3133739233, 1.08780562878, 0.710678577423, 0.218152284622, 0.0354724638164, 0.00103028491139, 3.07809823425e-05],
        "dmean2": [0.0999530553818, 0.515590131283, 1.30255222321, 1.77778887749, 3.68305325508, 5.49796199799, 14.9397907257, 15.0677785873, 13.1537265778, 14.6363315582, 26.5670452118, 26.8048992157, 39.8491630554, 102.611869812, 38.8649673462, 39.6936569214, 38.6803894043, 33.8266029358, 50.2524528503, 46.5272293091, 29.7635154724, 22.7058830261, 24.5397090912, 25.8844547272, 15.0622653961, 12.2552576065, 15.6063232422, 12.1075954437, 10.4518928528, 7.16939258575, 7.89815330505, 4.47349405289, 2.1263794899, 1.93129909039, 1.44690310955, 0.963055312634, 0.317941576242, 0.052822701633, 0.00154909293633, 4.53750108136e-05],
        "dvar": [0.0247885081917, 1.47809541225, 9.93481445312, 10.1411724091, 27.5731277466, 52.910446167, 562.751953125, 259.498382568, 470.862335205, 413.730163574, 1449.23156738, 880.063964844, 3003.74121094, 22378.5214844, 2470.92871094, 3164.20654297, 2725.046875, 1554.26013184, 3908.20361328, 3566.73266602, 2123.78125, 1664.46398926, 1166.79003906, 816.013183594, 248.877182007, 163.057723999, 338.503692627, 275.030151367, 323.840606689, 249.467514038, 376.387207031, 67.8519897461, 16.419834137, 18.8355369568, 11.9897279739, 6.7978181839, 0.611843347549, 0.0150748630986, 1.64455832419e-05, 8.72497452065e-09],
        "dvar2": [0.0493010208011, 2.96102166176, 26.2473468781, 29.9032878876, 84.4088668823, 131.150558472, 1476.56872559, 639.81237793, 910.784667969, 1023.05908203, 3333.62597656, 1860.19348145, 6774.32910156, 51725.3554688, 5439.859375, 7782.49511719, 6891.49414062, 3702.41552734, 10396.0117188, 8348.32324219, 5361.94970703, 4106.41455078, 2460.60839844, 1944.14599609, 617.220397949, 404.829223633, 835.554138184, 695.530090332, 774.998962402, 395.39364624, 729.97088623, 131.989501953, 36.2755126953, 42.9787216187, 20.7589874268, 12.9697637558, 1.29627263546, 0.0322320349514, 3.38353820553e-05, 1.7748051917e-08],
        "max": [3.05585741997, 24.5350284576, 66.5610809326, 60.7849311829, 72.8893203735, 90.4443664551, 341.56729126, 215.208358765, 514.898742676, 242.409088135, 781.364746094, 417.431671143, 1054.47473145, 1804.49853516, 974.455383301, 824.936035156, 765.210266113, 662.731445312, 819.146484375, 984.903686523, 727.002380371, 958.125671387, 736.565307617, 430.56640625, 238.066314697, 167.339645386, 206.005691528, 288.944458008, 284.675628662, 299.756103516, 449.046630859, 144.956268311, 74.7292404175, 96.6170501709, 71.0404968262, 55.1056938171, 14.5350828171, 1.8099809885, 0.0820819288492, 0.00170646049082],
        "mean": [0.163135021925, 0.615684270859, 1.18366837502, 1.95603001118, 3.98303747177, 8.14166259766, 18.8763389587, 17.6643924713, 15.5968561172, 16.4803390503, 28.2112026215, 36.5416488647, 51.3786964417, 120.821136475, 48.8480110168, 41.1406745911, 42.4834442139, 38.9360733032, 53.7281684875, 57.3802146912, 34.6369552612, 28.6419296265, 30.6452560425, 33.7982902527, 20.1656131744, 16.7200317383, 20.2706756592, 15.7930517197, 13.3627119064, 10.609711647, 9.97380256653, 5.9187951088, 2.90110993385, 2.4172706604, 1.97694635391, 1.21569442749, 0.345217496157, 0.0517235174775, 0.00143491255585, 7.84365547588e-05],
        "median": [0.0245473198593, 0.1009292081, 0.327161073685, 1.35167860985, 1.88703334332, 4.21489953995, 8.40325069427, 9.32037830353, 5.71922111511, 4.92820501328, 8.4929151535, 15.2940664291, 18.4259700775, 31.6354789734, 22.486284256, 17.660276413, 21.3428077698, 21.6380596161, 22.7100849152, 23.3285770416, 17.8744010925, 15.6748151779, 17.4515552521, 19.2961406708, 13.3475418091, 11.4976396561, 12.6376466751, 8.1980676651, 5.21637773514, 3.97736978531, 3.46374845505, 2.3142478466, 1.49676156044, 1.21967160702, 0.657242059708, 0.272387802601, 0.0807434991002, 0.0109235653654, 0.000272333913017, 5.03419432789e-05],
        "min": [1.82444430633e-22, 1.95953614312e-21, 4.81164176856e-21, 3.73690183143e-20, 1.02098450643e-19, 5.70780407432e-20, 2.98917017187e-19, 3.6655112978e-19, 6.41788757765e-19, 3.49604628872e-19, 2.01214372341e-18, 2.2686975127e-18, 2.71595758543e-18, 2.17548087511e-18, 1.30439723796e-18, 2.23909065063e-18, 4.29788074313e-18, 7.97241389308e-18, 8.65857427326e-18, 1.32864752654e-17, 8.01447520005e-18, 7.47978399773e-18, 8.24098951181e-18, 1.43524306607e-17, 2.07226825613e-17, 1.93286830514e-17, 1.90638181649e-17, 1.80387494801e-17, 1.94996778276e-17, 1.85777320954e-17, 2.10169834971e-17, 1.95448402347e-17, 1.6934466671e-17, 1.35582909506e-17, 6.23627883339e-18, 5.56509497179e-18, 4.00277496062e-18, 1.19259912528e-18, 3.12522380505e-19, 2.83567692182e-20],
        "stdev": [0.379407405853, 1.76237726212, 2.99778151512, 2.98770308495, 6.38547945023, 11.3660745621, 36.0327072144, 22.9241847992, 33.7306442261, 30.6530437469, 56.2822418213, 55.5110244751, 105.654579163, 228.182617188, 76.5349197388, 77.5170516968, 77.4497909546, 53.2741737366, 92.8075790405, 102.964836121, 65.7943649292, 51.8827667236, 48.1497764587, 44.8444137573, 25.8189182281, 18.3957557678, 25.8868923187, 28.1747550964, 30.2310562134, 26.8144359589, 28.4385910034, 12.8929738998, 5.08176231384, 5.13904285431, 5.36308383942, 3.77684617043, 1.05043101311, 0.165553793311, 0.0053871544078, 0.000128218714963],
        "var": [0.143949970603, 3.10597372055, 8.98669338226, 8.92636966705, 40.7743492126, 129.187652588, 1298.35595703, 525.518249512, 1137.75646973, 939.609130859, 3167.69067383, 3081.47387695, 11162.8896484, 52067.3046875, 5857.59375, 6008.89306641, 5998.46972656, 2838.13769531, 8613.24707031, 10601.7568359, 4328.89892578, 2691.8215332, 2318.40112305, 2011.02160645, 666.616516113, 338.403808594, 670.131225586, 793.816833496, 913.916748047, 719.013977051, 808.753417969, 166.228775024, 25.824306488, 26.4097633362, 28.7626667023, 14.2645673752, 1.10340535641, 0.0274080596864, 2.90214338747e-05, 1.64400404401e-08]
    },
    "gfcc": {
        "mean": [34.9251327515, 47.2305335999, -132.443649292, 13.9296875, -66.2662658691, 13.3015623093, -42.865020752, 10.3718729019, -33.9590263367, 6.16451835632, -20.8179130554, 7.380838871, -7.9548740387],
        "cov": [[3907.00976562, 491.195495605, 584.085876465, 538.853393555, 176.892150879, 217.617111206, 129.460372925, 104.229934692, -11.0365419388, 80.0127716064, -55.589263916, 62.4500236511, -56.2692832947], [491.195495605, 2041.26953125, 530.364196777, 534.105957031, 574.149475098, 186.623382568, 318.558898926, 91.2852554321, -24.0746765137, -166.704299927, -63.0634918213, -235.371368408, 30.814250946], [584.085876465, 530.364196777, 1036.37280273, 460.374511719, 241.076553345, 268.171600342, 97.6762619019, -7.15281534195, -45.2512016296, -56.844997406, -94.8952407837, 12.7701053619, -61.0935668945], [538.853393555, 534.105957031, 460.374511719, 861.948791504, 323.967895508, 137.614654541, 58.9356842041, 4.37232685089, 92.8214263916, -28.4895458221, -73.12109375, -15.8092660904, 36.7041397095], [176.892150879, 574.149475098, 241.076553345, 323.967895508, 436.006713867, 173.036392212, 162.275756836, 88.0447006226, 65.7952880859, 9.8844461441, -4.55642271042, -27.3382358551, 47.3032569885], [217.617111206, 186.623382568, 268.171600342, 137.614654541, 173.036392212, 344.665679932, 160.051971436, 59.7550621033, 29.8692131042, 23.54438591, 18.786108017, 10.1239862442, -2.57468986511], [129.460372925, 318.558898926, 97.6762619019, 58.9356842041, 162.275756836, 160.051971436, 233.805603027, 112.16708374, 59.8267097473, 20.7204113007, 28.347536087, 7.6561126709, 4.86933755875], [104.229934692, 91.2852554321, -7.15281534195, 4.37232685089, 88.0447006226, 59.7550621033, 112.16708374, 174.027420044, 88.7328414917, 48.6984062195, 46.7160835266, 22.7988529205, 15.3787517548], [-11.0365419388, -24.0746765137, -45.2512016296, 92.8214263916, 65.7952880859, 29.8692131042, 59.8267097473, 88.7328414917, 189.793533325, 93.342880249, 38.3981170654, 48.9876976013, 31.1271743774], [80.0127716064, -166.704299927, -56.844997406, -28.4895458221, 9.8844461441, 23.54438591, 20.7204113007, 48.6984062195, 93.342880249, 159.417007446, 80.009262085, 52.8608016968, 27.5844764709], [-55.589263916, -63.0634918213, -94.8952407837, -73.12109375, -4.55642271042, 18.786108017, 28.347536087, 46.7160835266, 38.3981170654, 80.009262085, 124.469573975, 63.3177490234, 30.0977249146], [62.4500236511, -235.371368408, 12.7701053619, -15.8092660904, -27.3382358551, 10.1239862442, 7.6561126709, 22.7988529205, 48.9876976013, 52.8608016968, 63.3177490234, 147.84602356, 33.3507919312], [-56.2692832947, 30.814250946, -61.0935668945, 36.7041397095, 47.3032569885, -2.57468986511, 4.86933755875, 15.3787517548, 31.1271743774, 27.5844764709, 30.0977249146, 33.3507919312, 103.825691223]],
        "icov": [[0.000372034992324, -0.000256002269452, 0.000112856912892, -0.000284675188595, 0.000282900262391, -0.000226393298362, 0.000191778352018, -0.000526578282006, 0.000724907149561, -0.000976964714937, 0.000875031633768, -0.000829375756439, 0.000434133020462], [-0.000256002269452, 0.00202572904527, -0.00101385056041, -3.67285028915e-05, -0.00138093915302, 0.00143558089621, -0.00238210707903, 0.000952131580561, -0.000984751270153, 0.00287474272773, -0.00320087070577, 0.00405428186059, -0.00153105263598], [0.000112856912892, -0.00101385056041, 0.002518968191, -0.000828984077089, 0.000236611085711, -0.00182117219083, 0.00128257239703, -0.000740510236938, 0.00191223574802, -0.00198152544908, 0.00319252721965, -0.00354008655995, 0.00219874735922], [-0.000284675188595, -3.67285028915e-05, -0.000828984077089, 0.00261539453641, -0.00140425807331, 3.19351056532e-05, 0.000801084446721, 0.00117751688231, -0.0024531702511, 0.00135968974791, -7.15058413334e-05, 0.000485826807562, -0.000888277427293], [0.000282900262391, -0.00138093915302, 0.000236611085711, -0.00140425807331, 0.00610179407522, -0.00156432494987, -0.000586086127441, -0.00167316989973, 0.000862440268975, -0.00227774726227, 0.00202362262644, -0.00101919972803, -0.00125728757121], [-0.000226393298362, 0.00143558089621, -0.00182117219083, 3.19351056532e-05, -0.00156432494987, 0.0064426898025, -0.00472729466856, 0.00141180050559, -0.000621751067229, 0.00146439648233, -0.00335305789486, 0.00318235717714, -0.000999489682727], [0.000191778352018, -0.00238210707903, 0.00128257239703, 0.000801084446721, -0.000586086127441, -0.00472729466856, 0.0125967254862, -0.00491025159135, -7.57155721658e-05, -0.001666589058, 0.00286821578629, -0.00480513833463, 0.00274627003819], [-0.000526578282006, 0.000952131580561, -0.000740510236938, 0.00117751688231, -0.00167316989973, 0.00141180050559, -0.00491025159135, 0.0119332503527, -0.00535569293424, 0.00274622952566, -0.00464525166899, 0.00291532208212, -0.000873767887242], [0.000724907149561, -0.000984751270153, 0.00191223574802, -0.0024531702511, 0.000862440268975, -0.000621751067229, -7.57155721658e-05, -0.00535569293424, 0.0134472493082, -0.00873307790607, 0.00588945951313, -0.00543969543651, 0.00139481888618], [-0.000976964714937, 0.00287474272773, -0.00198152544908, 0.00135968974791, -0.00227774726227, 0.00146439648233, -0.001666589058, 0.00274622952566, -0.00873307790607, 0.0182080920786, -0.0123826181516, 0.00683515891433, -0.00310923019424], [0.000875031633768, -0.00320087070577, 0.00319252721965, -7.15058413334e-05, 0.00202362262644, -0.00335305789486, 0.00286821578629, -0.00464525166899, 0.00588945951313, -0.0123826181516, 0.0228326264769, -0.0122684342787, 0.00172259681858], [-0.000829375756439, 0.00405428186059, -0.00354008655995, 0.000485826807562, -0.00101919972803, 0.00318235717714, -0.00480513833463, 0.00291532208212, -0.00543969543651, 0.00683515891433, -0.0122684342787, 0.0193812642246, -0.00642507662997], [0.000434133020462, -0.00153105263598, 0.00219874735922, -0.000888277427293, -0.00125728757121, -0.000999489682727, 0.00274627003819, -0.000873767887242, 0.00139481888618, -0.00310923019424, 0.00172259681858, -0.00642507662997, 0.0144500806928]]
    },
    "melbands": {
        "dmean": [0.000492592225783, 0.00037922206684, 0.00019695708761, 0.000189943631995, 0.000281988672214, 0.000207162520383, 0.000134199697641, 0.000100543911685, 0.000152911437908, 0.000122388766613, 0.000134800386149, 0.000259246357018, 0.000128692263388, 7.02302204445e-05, 7.75991138653e-05, 5.61906417715e-05, 4.11876135331e-05, 4.61140298285e-05, 6.90271554049e-05, 2.60477427219e-05, 2.29206980293e-05, 1.74064152816e-05, 1.35513255373e-05, 1.63725690072e-05, 1.47072560139e-05, 1.01389441625e-05, 4.52507811133e-06, 6.18139210928e-06, 7.03316936779e-06, 5.37121559319e-06, 4.57054329672e-06, 4.32187789556e-06, 3.169534466e-06, 3.22693335875e-06, 3.59175078302e-06, 2.5777007977e-06, 1.77281788183e-06, 1.02789738321e-06, 1.26702286707e-06, 1.08493372863e-06],
        "dmean2": [0.000749004422687, 0.000574275269173, 0.000340155820595, 0.000310119736241, 0.000440882256953, 0.000332791154506, 0.00020975334337, 0.000158613780513, 0.000235418396187, 0.000188197664102, 0.000213652543607, 0.000406829727581, 0.00019847114163, 0.000110917113489, 0.000127021354274, 8.80240768311e-05, 6.59461948089e-05, 7.55357250455e-05, 0.000108792526589, 4.13642119383e-05, 3.74086193915e-05, 2.78375700873e-05, 2.15040599869e-05, 2.54299029621e-05, 2.31713293033e-05, 1.63876429724e-05, 7.539143553e-06, 9.90778244159e-06, 1.14098966151e-05, 8.60609725351e-06, 7.41611438571e-06, 6.92029016136e-06, 4.6092741286e-06, 4.4980806706e-06, 5.3052262956e-06, 3.758371804e-06, 2.67594236902e-06, 1.53386520196e-06, 1.88663932477e-06, 1.60426873208e-06],
        "dvar": [1.65671474406e-06, 1.79945163836e-06, 2.97615287081e-07, 1.69693805674e-07, 4.54196936062e-07, 1.29102446067e-07, 1.04010830171e-07, 4.54022242025e-08, 1.19881761407e-07, 4.7026667005e-08, 9.63718136404e-08, 3.35778906901e-07, 7.90141996276e-08, 3.12483834364e-08, 5.7403706677e-08, 1.42341978204e-08, 6.20726492429e-09, 1.12355023063e-08, 2.66070703248e-08, 5.04523089973e-09, 3.8636254196e-09, 2.10909667508e-09, 2.04877093068e-09, 7.92378718195e-10, 6.93859913969e-10, 3.59213297996e-10, 4.61816036801e-11, 1.17923823484e-10, 2.00416960805e-10, 9.85504178264e-11, 1.23402218999e-10, 1.54793247664e-10, 6.83982662175e-11, 1.09119442648e-10, 1.96121258123e-10, 5.42652485447e-11, 2.54246814574e-11, 7.39193602162e-12, 2.03468526749e-11, 1.03287864373e-11],
        "dvar2": [3.16734440275e-06, 4.11398923461e-06, 8.72174666711e-07, 4.69824556149e-07, 1.21426228361e-06, 2.96353448448e-07, 2.11557932062e-07, 1.15895701924e-07, 2.65461864046e-07, 1.02383374667e-07, 2.14654320985e-07, 7.8162383943e-07, 1.78783281513e-07, 7.28768299041e-08, 1.43456986734e-07, 3.41646178015e-08, 1.44553125025e-08, 2.9526262324e-08, 6.66572432806e-08, 1.19775451779e-08, 9.53370005163e-09, 5.6587579067e-09, 4.40306990868e-09, 1.7982905165e-09, 1.69916736237e-09, 8.36173630336e-10, 1.1957981827e-10, 2.9726154871e-10, 5.16925557914e-10, 2.4423543743e-10, 3.104393409e-10, 3.92121501935e-10, 1.16373757852e-10, 1.90774063213e-10, 3.98151206449e-10, 9.78316525013e-11, 6.13347983514e-11, 1.73452346236e-11, 4.8225257121e-11, 2.37839956063e-11],
        "max": [0.0253820400685, 0.0282186605036, 0.010665779002, 0.00570527790114, 0.00917038135231, 0.00522380694747, 0.0066328975372, 0.00268610054627, 0.00676481612027, 0.0039085666649, 0.00601243181154, 0.00665725162253, 0.00512591795996, 0.00311703584157, 0.00436992850155, 0.00207121344283, 0.00110974907875, 0.00165180524345, 0.00281981797889, 0.00123525119852, 0.00122478371486, 0.000914955686312, 0.00113526778296, 0.000473621301353, 0.000390036846511, 0.000282125052763, 0.000100973149529, 0.000143459765241, 0.000197391156689, 0.000105828825326, 0.000206473909202, 0.000231943296967, 0.000170075858478, 0.00020683859475, 0.000354046875145, 0.000132623914396, 8.43293382786e-05, 5.27724114363e-05, 0.000102558857179, 6.87651991029e-05],
        "mean": [0.0012762886472, 0.000668385997415, 0.000384588172892, 0.000434024608694, 0.000605433713645, 0.000399686949095, 0.000249933509622, 0.000171346051502, 0.000255405873759, 0.000258727377513, 0.000256129191257, 0.000473754131235, 0.000227630051086, 0.000118113173812, 0.000111490429845, 9.03494219529e-05, 6.83538528392e-05, 7.14374691597e-05, 0.000127336999867, 4.35126094089e-05, 3.83622027584e-05, 3.06047077174e-05, 2.33668761211e-05, 3.01025957015e-05, 2.75474940281e-05, 1.87245514098e-05, 9.29461111809e-06, 1.17424069686e-05, 1.35638774736e-05, 1.01211353467e-05, 8.78856462805e-06, 7.93663366494e-06, 6.12481608186e-06, 5.92711512581e-06, 6.04920796832e-06, 4.803567208e-06, 3.13547820951e-06, 1.91626531887e-06, 2.10516486732e-06, 1.9358415102e-06],
        "median": [0.000227290394832, 0.000164563549333, 0.000274457997875, 0.000224596908083, 0.000288788462058, 0.000215095453314, 8.27735493658e-05, 5.30532270204e-05, 6.74478214933e-05, 0.000101395206002, 7.43133423384e-05, 0.000123175836052, 7.94847437646e-05, 4.36502377852e-05, 3.72353970306e-05, 4.32898013969e-05, 3.27334855683e-05, 2.86437552859e-05, 3.72659487766e-05, 1.93367559405e-05, 1.75247078005e-05, 1.57746617333e-05, 1.3147368918e-05, 1.60348699865e-05, 1.49939342009e-05, 1.05473855001e-05, 6.47234173812e-06, 7.43187729313e-06, 8.26024279377e-06, 5.56416625841e-06, 3.95095003114e-06, 2.78786887975e-06, 2.24924565373e-06, 2.10968460124e-06, 1.97022836801e-06, 1.58445266152e-06, 1.3070695104e-06, 9.49520824634e-07, 1.04800324152e-06, 9.11487290978e-07],
        "min": [2.29610706568e-24, 2.8418019913e-24, 8.98741025165e-24, 5.04668715405e-24, 8.92039020686e-24, 9.40554991877e-24, 8.30128585756e-24, 5.03843093582e-24, 1.76363549987e-23, 1.33068528481e-23, 1.31184562978e-23, 8.78256121836e-24, 5.22563906711e-24, 5.24101475502e-24, 6.07856218315e-24, 1.23981860594e-23, 1.44574474991e-23, 1.37583116332e-23, 1.60916564835e-23, 1.49044586865e-23, 8.95413846525e-24, 7.87555182651e-24, 7.10988185418e-24, 6.65959610517e-24, 1.19468116824e-23, 1.45315325822e-23, 1.50258927788e-23, 1.18043583913e-23, 1.5126541964e-23, 6.89360222638e-24, 1.16589326723e-23, 1.17010673109e-23, 8.00873205769e-24, 1.16057823799e-23, 1.30814169117e-23, 9.20612114876e-24, 1.35436026275e-23, 1.17323827223e-23, 1.16105360557e-23, 1.13677720007e-23],
        "stdev": [0.00295114517212, 0.00161483755801, 0.00053773378022, 0.000590106006712, 0.00107348070014, 0.000530499790329, 0.00051035406068, 0.000309005903546, 0.000549550983123, 0.000431389315054, 0.000586394453421, 0.000894235097803, 0.000404402118875, 0.00027837062953, 0.000300325453281, 0.000164739234606, 0.000107046304038, 0.000128646584926, 0.000303142063785, 8.65071560838e-05, 8.75272235135e-05, 5.6998396758e-05, 5.28066448169e-05, 4.24165118602e-05, 3.9197570004e-05, 2.9063097827e-05, 1.01647019619e-05, 1.45954782056e-05, 1.82485982805e-05, 1.42176559166e-05, 1.84565487871e-05, 1.98902944248e-05, 1.41049449667e-05, 1.657568464e-05, 1.9112650989e-05, 1.22001420095e-05, 6.56585780234e-06, 3.2996997561e-06, 4.86621956952e-06, 3.90361765312e-06],
        "var": [8.70925850904e-06, 2.60770048044e-06, 2.89157640054e-07, 3.482250861e-07, 1.15236093734e-06, 2.81430033056e-07, 2.60461263224e-07, 9.54846512968e-08, 3.0200629908e-07, 1.86096741572e-07, 3.43858431506e-07, 7.99656390882e-07, 1.63541074016e-07, 7.74902062517e-08, 9.01953853827e-08, 2.71390145912e-08, 1.14589111533e-08, 1.65499436378e-08, 9.18951172935e-08, 7.48348849555e-09, 7.66101493355e-09, 3.2488174373e-09, 2.78854184188e-09, 1.79916059828e-09, 1.53644941214e-09, 8.44663672339e-10, 1.03321171063e-10, 2.13027984142e-10, 3.33011340725e-10, 2.02141747785e-10, 3.40644179531e-10, 3.95623783733e-10, 1.98949481889e-10, 2.74753331198e-10, 3.65293462146e-10, 1.48843465331e-10, 4.31104908716e-11, 1.08880187852e-11, 2.3680092609e-11, 1.52382308161e-11]
    },
    "melbands128": {
