{
"lowlevel": {
    "average_loudness": 0.977797210217,
    "barkbands_crest": {
        "dmean": 1.71915125847,
        "dmean2": 2.65953803062,
        "dvar": 2.72491192818,
        "dvar2": 5.63964128494,
        "max": 24.2424678802,
        "mean": 11.6933164597,
        "median": 11.3773851395,
        "min": 3.68976831436,
        "stdev": 3.57621645927,
        "var": 12.7893247604
    },
    "barkbands_flatness_db": {
        "dmean": 0.0213247742504,
        "dmean2": 0.0305904261768,
        "dvar": 0.000668651831802,
        "dvar2": 0.0012883861782,
        "max": 0.484638184309,
        "mean": 0.207567617297,
        "median": 0.191709756851,
        "min": 0.037313234061,
        "stdev": 0.0726133957505,
        "var": 0.00527270510793
    },
    "barkbands_kurtosis": {
        "dmean": 4.34845399857,
        "dmean2": 6.63938093185,
        "dvar": 36.4824714661,
        "dvar2": 82.4972839355,
        "max": 90.8245391846,
        "mean": 11.7331676483,
        "median": 8.97542572021,
        "min": -1.92777204514,
        "stdev": 10.9282913208,
        "var": 119.427558899
    },
    "barkbands_skewness": {
        "dmean": 0.513429880142,
        "dmean2": 0.77689242363,
        "dvar": 0.317068219185,
        "dvar2": 0.700094401836,
        "max": 8.09707832336,
        "mean": 2.63233375549,
        "median": 2.56507921219,
        "min": -1.95222854614,
        "stdev": 1.14506590366,
        "var": 1.31117594242
    },
    "barkbands_spread": {
        "dmean": 4.87351989746,
        "dmean2": 7.00483226776,
        "dvar": 77.7920761108,
        "dvar2": 131.137634277,
        "max": 109.401908875,
        "mean": 16.4701118469,
        "median": 11.5907230377,
        "min": 1.5782866478,
        "stdev": 17.4105815887,
        "var": 303.128356934
    },
    "dissonance": {
        "dmean": 0.0283007677644,
        "dmean2": 0.0453353412449,
        "dvar": 0.000882866501343,
        "dvar2": 0.0021619591862,
        "max": 0.500000059605,
        "mean": 0.422691702843,
        "median": 0.4304728508,
        "min": 0.00650032190606,
        "stdev": 0.0472424551845,
        "var": 0.00223184959032
    },
    "dynamic_complexity": 1.06735229492,
    "erbbands_crest": {
        "dmean": 2.65712547302,
        "dmean2": 4.20968484879,
        "dvar": 6.47910404205,
        "dvar2": 15.5886707306,
        "max": 28.6865348816,
        "mean": 11.0565443039,
        "median": 9.96982192993,
        "min": 2.70870542526,
        "stdev": 4.68132638931,
        "var": 21.9148159027
    },
    "erbbands_flatness_db": {
        "dmean": 0.0169011112303,
        "dmean2": 0.0252380371094,
        "dvar": 0.000392209389247,
        "dvar2": 0.000881672021933,
        "max": 0.367637246847,
        "mean": 0.155132010579,
        "median": 0.142980098724,
        "min": 0.0719993561506,
        "stdev": 0.0515306405723,
        "var": 0.00265540694818
    },
    "erbbands_kurtosis": {
        "dmean": 1.81247842312,
        "dmean2": 2.78141975403,
        "dvar": 5.1547999382,
        "dvar2": 11.6995801926,
        "max": 41.7267799377,
        "mean": 2.7217669487,
        "median": 1.77155828476,
        "min": -1.81766855717,
        "stdev": 3.80318713188,
        "var": 14.4642324448
    },
    "erbbands_skewness": {
        "dmean": 0.434905260801,
        "dmean2": 0.633877396584,
        "dvar": 0.207181826234,
        "dvar2": 0.377400904894,
        "max": 4.65898084641,
        "mean": 1.14715182781,
        "median": 1.1883649826,
        "min": -3.68989229202,
        "stdev": 1.01996946335,
        "var": 1.04033780098
    },
    "erbbands_spread": {
        "dmean": 10.6348390579,
        "dmean2": 16.7332744598,
        "dvar": 152.042816162,
        "dvar2": 348.756072998,
        "max": 141.352783203,
        "mean": 46.4007797241,
        "median": 45.160697937,
        "min": 4.83216619492,
        "stdev": 27.0658302307,
        "var": 732.559204102
    },
    "hfc": {
        "dmean": 8.40260791779,
        "dmean2": 11.6517496109,
        "dvar": 278.722290039,
        "dvar2": 471.044006348,
        "max": 240.562713623,
        "mean": 29.9394741058,
        "median": 21.8633403778,
        "min": 1.20168603932e-16,
        "stdev": 29.6726551056,
        "var": 880.466491699
    },
    "loudness_ebu128": {
        "integrated": -7.87006902695,
        "loudness_range": 1.33004045486,
        "momentary": {
            "dmean": 0.240852564573,
            "dmean2": 0.278451621532,
            "dvar": 0.0496735088527,
            "dvar2": 0.0705790370703,
            "max": -6.19696617126,
            "mean": -7.93405342102,
            "median": -7.91634845734,
            "min": -10.4580583572,
            "stdev": 0.755564391613,
            "var": 0.570877552032
        },
        "short_term": {
            "dmean": 0.0344571135938,
            "dmean2": 0.0344789922237,
            "dvar": 0.0007877156022,
            "dvar2": 0.00104786735028,
            "max": -7.00057697296,
            "mean": -7.87554931641,
            "median": -7.73417282104,
            "min": -8.77150344849,
            "stdev": 0.493442088366,
            "var": 0.243485093117
        }
    },
    "melbands_crest": {
        "dmean": 2.30420041084,
        "dmean2": 3.71607613564,
        "dvar": 5.16184949875,
        "dvar2": 13.7645244598,
        "max": 29.41755867,
        "mean": 16.4445800781,
        "median": 16.0500450134,
        "min": 2.73213887215,
        "stdev": 4.21685838699,
        "var": 17.7818927765
    },
    "melbands_flatness_db": {
        "dmean": 0.0234782043844,
        "dmean2": 0.0331597141922,
        "dvar": 0.000895256351214,
        "dvar2": 0.00166645913851,
        "max": 0.607942521572,
        "mean": 0.296460419893,
        "median": 0.27985137701,
        "min": 0.00925007462502,
        "stdev": 0.0836717858911,
        "var": 0.00700096739456
    },
    "melbands_kurtosis": {
        "dmean": 10.0625696182,
        "dmean2": 15.8992261887,
        "dvar": 203.042434692,
        "dvar2": 497.601501465,
        "max": 211.914642334,
        "mean": 28.9998760223,
        "median": 22.6054229736,
        "min": -1.29814422131,
        "stdev": 24.9303131104,
        "var": 621.520507812
    },
    "melbands_skewness": {
        "dmean": 0.728887021542,
        "dmean2": 1.12993216515,
        "dvar": 0.566501438618,
        "dvar2": 1.38335895538,
        "max": 10.6970863342,
        "mean": 3.65730667114,
        "median": 3.45442056656,
        "min": 0.110161796212,
        "stdev": 1.54841601849,
        "var": 2.39759206772
    },
    "melbands_spread": {
        "dmean": 3.35906195641,
        "dmean2": 4.78604078293,
        "dvar": 54.3935966492,
        "dvar2": 80.574005127,
        "max": 152.096038818,
        "mean": 11.1237659454,
        "median": 8.42155838013,
        "min": 1.3228110075,
        "stdev": 11.9662561417,
        "var": 143.19128418
    },
    "pitch_salience": {
        "dmean": 0.0506608039141,
        "dmean2": 0.0771458297968,
        "dvar": 0.00242995773442,
        "dvar2": 0.00550996465608,
        "max": 0.889246225357,
        "mean": 0.493393391371,
        "median": 0.497961908579,
        "min": 0.158847510815,
        "stdev": 0.0893133208156,
        "var": 0.00797686912119
    },
    "silence_rate_20dB": {
        "dmean": 0,
        "dmean2": 0,
        "dvar": 0,
        "dvar2": 0,
        "max": 1,
        "mean": 1,
        "median": 1,
        "min": 1,
        "stdev": 0,
        "var": 0
    },
    "silence_rate_30dB": {
        "dmean": 0.0154679045081,
        "dmean2": 0.030959751457,
        "dvar": 0.0152286579832,
        "dvar2": 0.0300013329834,
        "max": 1,
        "mean": 0.960587322712,
        "median": 1,
        "min": 0,
        "stdev": 0.194574177265,
        "var": 0.0378591120243
    },
    "silence_rate_60dB": {
        "dmean": 0.00077339517884,
        "dmean2": 0.00154798757285,
        "dvar": 0.000772794999648,
        "dvar2": 0.00154557928909,
        "max": 1,
        "mean": 0.00154559500515,
        "median": 0,
        "min": 0,
        "stdev": 0.0392836034298,
        "var": 0.00154320150614
    },
    "spectral_centroid": {
        "dmean": 171.687301636,
        "dmean2": 245.09437561,
        "dvar": 181760.609375,
        "dvar2": 230311.1875,
        "max": 11607.3046875,
        "mean": 711.153381348,
        "median": 540.265563965,
        "min": 196.940963745,
        "stdev": 655.178833008,
        "var": 429259.3125
    },
    "spectral_complexity": {
        "dmean": 2.53750967979,
        "dmean2": 3.86455106735,
        "dvar": 12.1000976562,
        "dvar2": 20.2951316833,
        "max": 55,
        "mean": 13.5177745819,
        "median": 12,
        "min": 0,
        "stdev": 5.80366134644,
        "var": 33.6824874878
    },
    "spectral_decrease": {
        "dmean": 2.75567546559e-09,
        "dmean2": 4.32767510716e-09,
        "dvar": 1.12716709155e-17,
        "dvar2": 2.30219121376e-17,
        "max": 7.97213843946e-29,
        "mean": -1.61729296622e-08,
        "median": -1.53908761291e-08,
        "min": -5.74474547932e-08,
        "stdev": 6.28678309411e-09,
        "var": 3.95236425798e-17
    },
    "spectral_energy": {
        "dmean": 0.0107088675722,
        "dmean2": 0.01676909253,
        "dvar": 0.000162718613865,
        "dvar2": 0.00033677672036,
        "max": 0.218970716,
        "mean": 0.0637559890747,
        "median": 0.0607487559319,
        "min": 1.0598765355e-20,
        "stdev": 0.0237745270133,
        "var": 0.000565228168853
    },
    "spectral_energyband_high": {
        "dmean": 0.000883813074324,
        "dmean2": 0.0011859399965,
        "dvar": 4.91249193146e-06,
        "dvar2": 7.63374009694e-06,
        "max": 0.0340732298791,
        "mean": 0.00201709079556,
        "median": 0.000910401751753,
        "min": 7.49761596318e-21,
        "stdev": 0.00396200176328,
        "var": 1.56974565471e-05
    },
    "spectral_energyband_low": {
        "dmean": 0.00770709337667,
        "dmean2": 0.0114896520972,
        "dvar": 0.000157833928824,
        "dvar2": 0.000253443606198,
        "max": 0.195713639259,
        "mean": 0.033907353878,
        "median": 0.0308051817119,
        "min": 1.47440829489e-22,
        "stdev": 0.0226545725018,
        "var": 0.000513229693752
    },
    "spectral_energyband_middle_high": {
        "dmean": 0.000796405249275,
        "dmean2": 0.00116636499297,
        "dvar": 2.52432619163e-06,
        "dvar2": 4.49031631433e-06,
        "max": 0.0214074719697,
        "mean": 0.00212471885607,
        "median": 0.00132301310077,
        "min": 1.43519582421e-21,
        "stdev": 0.00252885976806,
        "var": 6.39513154965e-06
    },
    "spectral_energyband_middle_low": {
        "dmean": 0.00756908534095,
        "dmean2": 0.0122555755079,
        "dvar": 0.000110231390863,
        "dvar2": 0.000323225714965,
        "max": 0.135562807322,
        "mean": 0.0268907938153,
        "median": 0.0248261298984,
        "min": 4.43486594728e-22,
        "stdev": 0.0135479317978,
        "var": 0.000183546464541
    },
    "spectral_entropy": {
        "dmean": 0.20497122407,
        "dmean2": 0.297701299191,
        "dvar": 0.0620719268918,
        "dvar2": 0.127973616123,
        "max": 9.803191185,
        "mean": 7.15606975555,
        "median": 7.26936197281,
        "min": 4.78812646866,
        "stdev": 0.666633307934,
        "var": 0.444399982691
    },
    "spectral_flux": {
        "dmean": 0.022124376148,
        "dmean2": 0.0341972894967,
        "dvar": 0.00079231755808,
        "dvar2": 0.00151129998267,
        "max": 0.447204440832,
        "mean": 0.0886646732688,
        "median": 0.0799096375704,
        "min": 1.02950308001e-10,
        "stdev": 0.0476701632142,
        "var": 0.00227244431153
    },
    "spectral_kurtosis": {
        "dmean": 2.59772539139,
        "dmean2": 4.17268133163,
        "dvar": 57.172908783,
        "dvar2": 146.380996704,
        "max": 112.515434265,
        "mean": 6.45764112473,
        "median": 2.53627681732,
        "min": -1.17132616043,
        "stdev": 12.5149707794,
        "var": 156.62449646
    },
    "spectral_rms": {
        "dmean": 0.000656625023112,
        "dmean2": 0.00103428459261,
        "dvar": 5.13449208484e-07,
        "dvar2": 1.16389310278e-06,
        "max": 0.0146160861477,
        "mean": 0.00777296209708,
        "median": 0.0076985117048,
        "min": 3.21562720028e-12,
        "stdev": 0.00133488141,
        "var": 1.78190850875e-06
    },
    "spectral_rolloff": {
        "dmean": 293.203674316,
        "dmean2": 473.714385986,
        "dvar": 1163616.375,
        "dvar2": 2129609.75,
        "max": 19078.4179688,
        "mean": 771.201904297,
        "median": 419.897460938,
        "min": 86.1328125,
        "stdev": 1501.71630859,
        "var": 2255152
    },
    "spectral_skewness": {
        "dmean": 0.298335820436,
        "dmean2": 0.450200080872,
        "dvar": 0.239943698049,
        "dvar2": 0.575545787811,
        "max": 8.90844535828,
        "mean": 1.93306148052,
        "median": 1.64849495888,
        "min": -0.179551273584,
        "stdev": 1.14163136482,
        "var": 1.30332219601
    },
    "spectral_spread": {
        "dmean": 699704.75,
        "dmean2": 1025772.75,
        "dvar": 1.30423088742e+12,
        "dvar2": 1.89735082394e+12,
        "max": 39664124,
        "mean": 6621524.5,
        "median": 7120939,
        "min": 777251,
        "stdev": 2608055.75,
        "var": 6.80195470131e+12
    },
    "spectral_strongpeak": {
        "dmean": 0.28828984499,
        "dmean2": 0.519992232323,
        "dvar": 0.311141312122,
        "dvar2": 0.830971360207,
        "max": 7.92720222473,
        "mean": 0.809496283531,
        "median": 0.523279190063,
        "min": 0,
        "stdev": 0.716003537178,
        "var": 0.512661039829
    },
    "zerocrossingrate": {
        "dmean": 0.00999749265611,
        "dmean2": 0.0112690171227,
        "dvar": 0.000349279493093,
        "dvar2": 0.000367790606106,
        "max": 0.509765625,
        "mean": 0.0460599400103,
        "median": 0.037353515625,
        "min": 0.0029296875,
        "stdev": 0.0379163660109,
        "var": 0.00143765076064
    },
    "barkbands": {
        "dmean": [0.000143384255352, 0.00509306089953, 0.00408960273489, 0.00196347828023, 0.00414546299726, 0.00184671732131, 0.0019541895017, 0.00116456206888, 0.000617926125415, 0.000246060226345, 0.000194304666365, 0.00018324519624, 0.000145417609019, 0.000132682238473, 0.000120568452985, 9.25985441427e-05, 6.7963534093e-05, 4.63753640361e-05, 3.26818881149e-05, 6.72510577715e-05, 0.000146084639709, 0.000199210335268, 0.000271431024885, 0.00026815145975, 0.000128486135509, 5.96286517975e-05, 3.79731295652e-06],
        "dmean2": [0.000209340854781, 0.00716422637925, 0.0069722966291, 0.0034340498969, 0.00649799965322, 0.0029117402155, 0.00297933095135, 0.00162419350818, 0.000870001967996, 0.000373464106815, 0.000292187149171, 0.00027562098694, 0.000229853525525, 0.000214757499634, 0.000182663236046, 0.000140623174957, 0.000107151681732, 7.35485882615e-05, 5.07114818902e-05, 0.000103821315861, 0.000208856217796, 0.000287879782263, 0.000391015608329, 0.000402443605708, 0.000194112377358, 9.01885141502e-05, 6.10286906522e-06],
        "dvar": [1.88248804989e-07, 0.000163057935424, 6.76594863762e-05, 4.46556005045e-05, 2.66028800979e-05, 5.47391164218e-06, 1.03040210888e-05, 5.89161300013e-06, 1.66303868809e-06, 2.8283670872e-07, 1.89646371496e-07, 1.55655527578e-07, 1.04766044728e-07, 1.48548082279e-07, 9.78485772407e-08, 6.12060873095e-08, 2.39673756397e-08, 2.93867241652e-08, 1.11943316838e-08, 2.78133445164e-08, 1.3676361732e-07, 5.40763323897e-07, 6.15773387835e-07, 3.28263013216e-07, 9.65183843959e-08, 3.04520000327e-08, 1.57938134793e-10],
        "dvar2": [3.45860200923e-07, 0.000236383202719, 0.000190622420632, 0.000134593385155, 7.81841517892e-05, 1.46622969623e-05, 2.34248309425e-05, 1.13165096991e-05, 3.17063836519e-06, 6.32520027466e-07, 3.86217323012e-07, 3.42648405649e-07, 2.40269201868e-07, 3.45222616716e-07, 2.12742349959e-07, 1.40608406696e-07, 5.2572211473e-08, 5.69378038051e-08, 2.48068730002e-08, 6.11197421563e-08, 2.35367423329e-07, 9.37321544825e-07, 1.1153745163e-06, 6.7975310003e-07, 1.98466494794e-07, 7.45813792946e-08, 3.77555930964e-10],
        "max": [0.00731403706595, 0.1713103652, 0.110395461321, 0.0905661731958, 0.0600159205496, 0.0299392491579, 0.0426033176482, 0.038007684052, 0.0257990546525, 0.00963154062629, 0.00841160304844, 0.00877937488258, 0.00409663002938, 0.00813871994615, 0.00418090773746, 0.00389891327359, 0.00229617557488, 0.00228404160589, 0.00136811286211, 0.00201546051539, 0.00706828711554, 0.0137810492888, 0.0123995691538, 0.00926611945033, 0.0053129568696, 0.00346512300894, 0.000273597193882],
        "mean": [0.00029469630681, 0.0243954192847, 0.00818356592208, 0.00288076372817, 0.0119969174266, 0.0038978997618, 0.00404257560149, 0.0024971505627, 0.00125129311346, 0.000544554088265, 0.000353176088538, 0.000355536787538, 0.00023060273088, 0.000185911500012, 0.00019387541397, 0.000162026175531, 0.000120234341011, 6.44373139949e-05, 4.67368081445e-05, 0.000110426502943, 0.000253599486314, 0.000320809078403, 0.000502182519995, 0.000517627398949, 0.000244268827373, 0.000105021805211, 4.69157612315e-06],
        "median": [6.08840782661e-05, 0.0204752497375, 0.00616224762052, 0.00133845326491, 0.00871048308909, 0.0029382542707, 0.00169816613197, 0.000648292829283, 0.000607660913374, 0.000161293370184, 9.157727618e-05, 0.000103179132566, 8.9410415967e-05, 7.1283437137e-05, 3.31677292706e-05, 1.82533403859e-05, 3.73564434994e-05, 1.31187907755e-05, 1.31382075779e-05, 3.32485724357e-05, 7.52206979087e-05, 6.07788315392e-05, 0.000106815103209, 0.000177377660293, 0.000107212530565, 3.62422069884e-05, 5.01547901877e-07],
        "min": [2.90979927697e-23, 7.98716744044e-23, 1.64758175449e-23, 4.7681637187e-23, 3.75431337243e-23, 2.58930149949e-23, 8.48986242586e-23, 4.91595081395e-23, 1.91270837529e-22, 4.49307214383e-23, 3.9616159209e-23, 3.22797149251e-23, 6.10548237709e-23, 6.6680525363e-23, 9.60455380829e-23, 1.59443922453e-22, 2.07571909762e-22, 3.44426213281e-22, 2.19910716683e-22, 2.80627939541e-22, 3.52161215338e-22, 3.72460789996e-22, 5.94414037957e-22, 8.86149946837e-22, 1.20305725862e-21, 1.60529190586e-21, 2.65348069838e-21],
        "stdev": [0.000658143893816, 0.0205489844084, 0.00824918877333, 0.0056827859953, 0.010340497829, 0.00350412679836, 0.0059496127069, 0.0048447730951, 0.00195763981901, 0.00108658103272, 0.000841239874717, 0.000805536226835, 0.00042399961967, 0.000408422347391, 0.000423791352659, 0.000402862351621, 0.000218296961975, 0.000193146566744, 0.000121008808492, 0.000210204336327, 0.000571246258914, 0.00111943169031, 0.00129191682208, 0.000960518314969, 0.00043123451178, 0.000211316233617, 1.57844115165e-05],
        "var": [4.33153388713e-07, 0.000422260724008, 6.80491139065e-05, 3.22940577462e-05, 0.000106925894215, 1.22789051602e-05, 3.53978939529e-05, 2.34718263528e-05, 3.83235328627e-06, 1.18065838706e-06, 7.0768447813e-07, 6.48888601518e-07, 1.79775682341e-07, 1.66808817426e-07, 1.79599112471e-07, 1.62298078976e-07, 4.76535646499e-08, 3.73055968339e-08, 1.46431320402e-08, 4.41858638567e-08, 3.26322293631e-07, 1.25312737964e-06, 1.66904919752e-06, 9.22595404518e-07, 1.85963202171e-07, 4.46545485033e-08, 2.49147674714e-10]
    },
    "erbbands": {
        "dmean": [0.119555927813, 1.34881711006, 4.60871505737, 4.93102359772, 12.4160718918, 15.5810203552, 11.8049688339, 18.0479698181, 22.3899116516, 27.7085456848, 24.6133270264, 16.1860046387, 9.13307952881, 7.04851388931, 7.00229072571, 8.23606681824, 5.91217136383, 7.07436466217, 6.15385723114, 5.3652715683, 3.81268286705, 3.25001764297, 2.81780862808, 1.46400761604, 2.07899427414, 3.09549689293, 5.30896854401, 6.20696687698, 7.0260181427, 6.81546068192, 8.36081695557, 7.27234077454, 3.5745408535, 1.71854197979, 0.829857230186, 0.348867028952, 0.0908649936318, 0.0148806292564, 0.000413798872614, 2.15662166738e-05],
        "dmean2": [0.139622539282, 1.93113493919, 7.68788480759, 8.52759075165, 20.0242462158, 23.4765148163, 17.6413288116, 28.2942485809, 33.9099273682, 40.6354103088, 34.9819755554, 22.5018119812, 13.3272075653, 10.5095920563, 10.2823257446, 12.319188118, 9.35841941833, 11.1196813583, 9.26186275482, 8.13450527191, 5.63821554184, 5.07417392731, 4.41403865814, 2.27226138115, 3.17145061493, 4.8069896698, 7.92065429688, 8.57998275757, 10.0035324097, 9.8893404007, 11.7561693192, 10.7700109482, 5.43613767624, 2.57744765282, 1.24201142788, 0.537691116333, 0.135417282581, 0.0230447705835, 0.000644500774797, 3.23837739415e-05],
        "dvar": [0.140926346183, 10.6791954041, 68.3752365112, 262.824981689, 596.91595459, 371.410003662, 253.47454834, 522.149780273, 1417.9498291, 2392.32666016, 2928.11523438, 1281.7791748, 406.741638184, 160.658950806, 339.732635498, 350.773284912, 141.284667969, 392.679779053, 254.613540649, 210.880340576, 85.904914856, 51.876449585, 102.319885254, 36.9370498657, 39.6067619324, 59.4891967773, 130.895736694, 450.026672363, 791.70526123, 287.303619385, 601.463623047, 286.949005127, 53.0190315247, 18.4114379883, 3.30172300339, 0.976249933243, 0.062950335443, 0.00238935090601, 1.86345403108e-06, 1.5140764198e-09],
        "dvar2": [0.145018562675, 17.5236988068, 186.087539673, 762.973815918, 1940.29504395, 950.051391602, 670.092224121, 1337.55578613, 3070.38574219, 5379.60107422, 5433.52587891, 2427.18896484, 872.522338867, 343.146575928, 637.986572266, 767.645812988, 326.592285156, 868.894958496, 556.730285645, 479.60244751, 188.340087891, 106.330375671, 191.733703613, 80.7494125366, 84.4238128662, 131.323303223, 274.503326416, 760.335144043, 1382.71520996, 509.806793213, 1064.53540039, 567.647155762, 116.763130188, 38.6282615662, 6.66365003586, 2.45239114761, 0.144168525934, 0.00536828208715, 4.26598489867e-06, 3.23821813808e-09],
        "max": [6.11372900009, 44.5101203918, 101.97429657, 212.428497314, 223.187759399, 294.764465332, 232.8931427, 280.905151367, 716.51348877, 835.418518066, 1018.23736572, 770.727294922, 384.33392334, 187.161376953, 422.546356201, 449.849304199, 150.313964844, 338.775878906, 313.397674561, 193.191452026, 161.576126099, 86.6343460083, 143.205078125, 78.1533279419, 71.1869888306, 94.0760192871, 181.704177856, 521.735839844, 521.406311035, 228.980285645, 386.404846191, 314.316497803, 95.6612091064, 69.1176452637, 33.126865387, 21.4979305267, 3.51681208611, 0.87158882618, 0.0234934017062, 0.000623077736236],
        "mean": [0.598524272442, 5.7456278801, 11.1808595657, 8.36362266541, 24.8642044067, 48.4926223755, 29.6915397644, 35.0497894287, 50.6159973145, 57.2893600464, 53.8904190063, 35.1048927307, 21.0840587616, 13.8114490509, 14.3981189728, 16.5849761963, 10.4935092926, 11.1219539642, 10.4093589783, 9.42562294006, 7.33898878098, 6.21295499802, 4.34960651398, 2.06667876244, 3.15509557724, 5.21111011505, 9.41666316986, 10.0172529221, 11.0554790497, 12.4498739243, 15.0108661652, 13.2165088654, 6.84201574326, 3.17264556885, 1.52188920975, 0.62860763073, 0.154856935143, 0.0226691309363, 0.000645803986117, 9.56330186455e-05],
        "median": [0.425014823675, 5.03147220612, 8.45002174377, 5.80890655518, 16.0544586182, 28.226940155, 21.4569740295, 22.4302940369, 25.0749340057, 24.1800746918, 17.7890510559, 17.7355651855, 7.35467195511, 6.30117225647, 3.96443223953, 4.93275928497, 4.78120231628, 4.86982440948, 2.78186893463, 1.36235415936, 1.33384621143, 2.05875229836, 0.996486783028, 0.573823928833, 0.888096988201, 1.626339674, 4.11704587936, 2.07735991478, 1.77486002445, 3.6363902092, 3.12709951401, 3.3731637001, 2.51075983047, 1.30126535892, 0.690844416618, 0.247389048338, 0.0482418611646, 0.00504459859803, 0.000177606270881, 8.04031296866e-05],
        "min": [3.73831716653e-21, 1.24447796429e-20, 2.64893540554e-20, 8.59014658427e-20, 1.29545518289e-19, 1.37453261547e-19, 1.33649381028e-19, 2.8377994802e-19, 1.12343741689e-18, 9.36877789872e-19, 1.902723238e-18, 4.69281481788e-18, 1.45787522394e-18, 1.99361198255e-18, 1.80327048577e-18, 9.87495142903e-19, 2.43914242062e-18, 3.79511499015e-18, 3.71345737444e-18, 6.03560771192e-18, 1.12678418965e-17, 1.28788075723e-17, 1.63091479064e-17, 1.03060864429e-17, 1.54512027925e-17, 1.55998388768e-17, 1.16281526723e-17, 1.54434223317e-17, 1.46680794738e-17, 1.53034153956e-17, 1.75477565751e-17, 2.18576405361e-17, 1.17045725804e-17, 1.45643080116e-17, 7.25842715709e-18, 5.72980069382e-18, 2.79403557704e-18, 1.38611017137e-18, 3.61176291105e-19, 3.93213164251e-20],
        "stdev": [0.727714061737, 4.74470663071, 10.1602239609, 13.2119655609, 29.1747741699, 52.9470672607, 28.6104183197, 35.594959259, 73.4691390991, 81.745223999, 108.648635864, 54.7113838196, 41.8259315491, 19.8916912079, 38.6879348755, 39.9311943054, 16.5735816956, 22.168800354, 21.3826789856, 20.5591640472, 15.9217348099, 10.6022005081, 11.7311220169, 6.46096038818, 7.55027532578, 9.74553871155, 16.1681156158, 31.7658405304, 42.451675415, 28.248626709, 40.2862586975, 28.9651145935, 11.3946008682, 5.82215070724, 2.63398361206, 1.17694425583, 0.324824273586, 0.0656335055828, 0.0017832540907, 5.88169023104e-05],
        "var": [0.529567778111, 22.5122394562, 103.230148315, 174.556030273, 851.167480469, 2803.39208984, 818.556030273, 1267.00109863, 5397.71435547, 6682.28222656, 11804.5253906, 2993.33544922, 1749.40856934, 395.679351807, 1496.75622559, 1594.50024414, 274.683624268, 491.455749512, 457.218994141, 422.679229736, 253.501647949, 112.406646729, 137.619216919, 41.7440109253, 57.0066604614, 94.9755325317, 261.407958984, 1009.06860352, 1802.14489746, 797.984924316, 1622.98266602, 838.977905273, 129.836929321, 33.8974380493, 6.93787002563, 1.38519775867, 0.105510808527, 0.00430775713176, 3.17999524668e-06, 3.45942785529e-09]
    },
    "gfcc": {
        "mean": [19.1212539673, 105.288230896, -53.3209457397, 33.9411735535, -71.7063674927, 26.5785484314, -40.600151062, 6.02625703812, -17.6910705566, 10.6285495758, -14.8555021286, -0.901470780373, -9.07117080688],
        "cov": [[5103.43212891, -2136.61962891, -286.235717773, 245.889816284, -518.244812012, 379.208831787, -564.214050293, 400.491668701, -210.573501587, 219.431243896, -319.890655518, 213.934265137, -185.026382446], [-2136.61962891, 2213.05981445, -178.712905884, -516.046569824, 392.599395752, -249.902282715, 445.046691895, -229.336502075, 208.59677124, -198.043807983, 257.796234131, -165.463821411, 139.540985107], [-286.235717773, -178.712905884, 426.262084961, 177.807479858, -94.0364837646, 37.6431007385, -8.93658447266, -61.2241516113, -69.6560287476, 20.1410064697, 2.1863758564, 1.87680494785, -9.5757932663], [245.889816284, -516.046569824, 177.807479858, 416.90637207, -79.3938369751, -10.7138185501, -94.9897079468, -19.3200588226, -28.6600055695, 48.8629150391, -21.8783226013, 25.2237663269, 15.1424779892], [-518.244812012, 392.599395752, -94.0364837646, -79.3938369751, 307.859375, -93.1769714355, 4.88582277298, -11.0786809921, 50.6071052551, -41.9354324341, 25.9442710876, -34.7366333008, 52.9184303284], [379.208831787, -249.902282715, 37.6431007385, -10.7138185501, -93.1769714355, 238.230010986, -35.3540267944, -3.49446153641, -73.0317840576, 26.9398021698, 2.23154735565, 20.566368103, -30.9147415161], [-564.214050293, 445.046691895, -8.93658447266, -94.9897079468, 4.88582277298, -35.3540267944, 301.521759033, -58.7469902039, 21.5021743774, -25.7012519836, 72.4750900269, -25.5935955048, -2.68125534058], [400.491668701, -229.336502075, -61.2241516113, -19.3200588226, -11.0786809921, -3.49446153641, -58.7469902039, 155.04296875, 1.25986111164, 13.6689462662, -63.8226928711, 23.8072948456, -12.9941253662], [-210.573501587, 208.59677124, -69.6560287476, -28.6600055695, 50.6071052551, -73.0317840576, 21.5021743774, 1.25986111164, 181.054626465, -18.8854961395, 24.6443462372, 5.19727754593, 24.0975799561], [219.431243896, -198.043807983, 20.1410064697, 48.8629150391, -41.9354324341, 26.9398021698, -25.7012519836, 13.6689462662, -18.8854961395, 112.298690796, -1.02250421047, 13.0377283096, 12.6775274277], [-319.890655518, 257.796234131, 2.1863758564, -21.8783226013, 25.9442710876, 2.23154735565, 72.4750900269, -63.8226928711, 24.6443462372, -1.02250421047, 134.880187988, -0.363847404718, 9.59672832489], [213.934265137, -165.463821411, 1.87680494785, 25.2237663269, -34.7366333008, 20.566368103, -25.5935955048, 23.8072948456, 5.19727754593, 13.0377283096, -0.363847404718, 101.733299255, -10.6961431503], [-185.026382446, 139.540985107, -9.5757932663, 15.1424779892, 52.9184303284, -30.9147415161, -2.68125534058, -12.9941253662, 24.0975799561, 12.6775274277, 9.59672832489, -10.6961431503, 106.719764709]],
        "icov": [[0.000547991017811, -2.56634793914e-05, 0.000669459870551, -0.000319545448292, 0.000619077240117, -0.000459935952676, 0.000589083938394, -0.000630587805063, 0.000279678555671, -0.000499818415847, 0.0004681290593, -0.000423239223892, 0.000498564855661], [-2.56634793914e-05, 0.00307330559008, -0.000474796543131, 0.00292012910359, -0.0012937245192, 0.00155244220514, -0.00195801025257, 0.0020861690864, -0.00111985113472, 0.00259872665629, -0.00276005570777, 0.00201773853041, -0.00282929791138], [0.000669459870551, -0.000474796543131, 0.00417679548264, -0.00205628201365, 0.00149756006431, -0.000897073128726, 0.000837666157167, 6.8132452725e-05, 0.00136700971052, -0.000845138041768, 0.00106652418617, -0.000701787648723, 0.00110041222069], [-0.000319545448292, 0.00292012910359, -0.00205628201365, 0.00648839585483, -0.000870127580129, 0.00263178581372, -0.00105049787089, 0.00295675499365, -0.0011152185034, 0.00177180988248, -0.00269460678101, 0.00151603051927, -0.00351430126466], [0.000619077240117, -0.0012937245192, 0.00149756006431, -0.000870127580129, 0.0059380508028, 0.000290693977149, 0.00223068287596, -0.00143227388617, 0.000764402444474, -0.000352053844836, 0.000621605722699, -0.000363307830412, -0.000178923961357], [-0.000459935952676, 0.00155244220514, -0.000897073128726, 0.00263178581372, 0.000290693977149, 0.00693754479289, -0.000448989390861, 0.00206843437627, 0.00111592630856, 0.000971470784862, -0.00267396075651, 0.000634666706901, -0.00123843771871], [0.000589083938394, -0.00195801025257, 0.000837666157167, -0.00105049787089, 0.00223068287596, -0.000448989390861, 0.00636174157262, -0.00104620121419, 0.00103258702438, -0.00175200332887, 0.000241339599597, -0.00105042720679, 0.00244998862036], [-0.000630587805063, 0.0020861690864, 6.8132452725e-05, 0.00295675499365, -0.00143227388617, 0.00206843437627, -0.00104620121419, 0.0116014936939, -0.00128789211158, 0.000911279814318, 0.00163836253341, -0.000104913859104, -0.00151405401994], [0.000279678555671, -0.00111985113472, 0.00136700971052, -0.0011152185034, 0.000764402444474, 0.00111592630856, 0.00103258702438, -0.00128789211158, 0.00761722028255, -0.000394470378524, -0.000142798424349, -0.00188028719276, 0.000194664229639], [-0.000499818415847, 0.00259872665629, -0.000845138041768, 0.00177180988248, -0.000352053844836, 0.000971470784862, -0.00175200332887, 0.000911279814318, -0.000394470378524, 0.0132423518226, -0.00389172299765, 0.00166307436302, -0.00503620412201], [0.0004681290593, -0.00276005570777, 0.00106652418617, -0.00269460678101, 0.000621605722699, -0.00267396075651, 0.000241339599597, 0.00163836253341, -0.000142798424349, -0.00389172299765, 0.0136939510703, -0.00353183946572, 0.00293042510748], [-0.000423239223892, 0.00201773853041, -0.000701787648723, 0.00151603051927, -0.000363307830412, 0.000634666706901, -0.00105042720679, -0.000104913859104, -0.00188028719276, 0.00166307436302, -0.00353183946572, 0.0128598380834, -0.00149181636516], [0.000498564855661, -0.00282929791138, 0.00110041222069, -0.00351430126466, -0.000178923961357, -0.00123843771871, 0.00244998862036, -0.00151405401994, 0.000194664229639, -0.00503620412201, 0.00293042510748, -0.00149181636516, 0.0142799913883]]
    },
    "melbands": {
        "dmean": [0.00119398918469, 0.00198909686878, 0.00104510283563, 0.000990777392872, 0.00044127489673, 0.000375820731279, 0.000377210584702, 0.000283523346297, 0.000191311439266, 9.9648743344e-05, 4.37620583398e-05, 2.81872671621e-05, 2.28243698075e-05, 2.36797623074e-05, 1.39317153298e-05, 1.55694979185e-05, 1.37969036587e-05, 1.00549268609e-05, 9.27942619455e-06, 8.16000920167e-06, 4.23139499617e-06, 3.64455809176e-06, 3.32940248882e-06, 2.0866448267e-06, 1.12857958356e-06, 1.41761313444e-06, 1.95620259547e-06, 2.15477621168e-06, 3.11086796501e-06, 4.1420407797e-06, 3.68926680494e-06, 4.2573024075e-06, 4.01020952268e-06, 4.01854458687e-06, 4.96993379784e-06, 5.35531444257e-06, 4.56303041574e-06, 2.91092624138e-06, 1.9948292902e-06, 1.38782888826e-06],
        "dmean2": [0.00152338272892, 0.00310093141161, 0.00177241442725, 0.00153521401808, 0.000674388196785, 0.000589672185015, 0.000574243953452, 0.000406563747674, 0.00027725417749, 0.000137622817419, 6.46783737466e-05, 4.1806633817e-05, 3.42202329193e-05, 3.51747512468e-05, 2.14213541767e-05, 2.43773429247e-05, 2.20817673835e-05, 1.53148739628e-05, 1.41773434734e-05, 1.24534772112e-05, 6.56162865198e-06, 5.76154752707e-06, 5.21144329468e-06, 3.22684172716e-06, 1.77757749498e-06, 2.24431801144e-06, 2.97420774586e-06, 3.42668795383e-06, 4.8185711421e-06, 6.1234200075e-06, 5.14233215654e-06, 6.07162792221e-06, 6.11663699601e-06, 5.94211542193e-06, 7.08487505108e-06, 7.82520328357e-06, 7.01817862137e-06, 4.54019891549e-06, 2.97326232612e-06, 2.13667249227e-06],
        "dvar": [1.06685256469e-05, 1.12421694212e-05, 7.74834370532e-06, 1.67810731e-06, 3.26716275367e-07, 2.18715328515e-07, 3.77846589572e-07, 2.59855141849e-07, 1.77588503902e-07, 5.55220545095e-08, 9.87011361531e-09, 2.62828803166e-09, 3.06801362093e-09, 2.36832531364e-09, 8.46636760699e-10, 1.23886545467e-09, 1.72089731354e-09, 8.10249534133e-10, 7.07045200166e-10, 5.70712088699e-10, 1.17436685376e-10, 6.50562381743e-11, 8.79933279019e-11, 6.91693854971e-11, 2.28979370187e-11, 1.9289283712e-11, 4.2849054166e-11, 2.53574210241e-11, 3.98513617939e-11, 1.14149092956e-10, 2.27696736466e-10, 3.50209389266e-10, 1.54855239742e-10, 1.01355555893e-10, 2.16998197189e-10, 2.51177550981e-10, 9.98703342248e-11, 3.39236382041e-11, 2.08809532165e-11, 1.22539183661e-11],
        "dvar2": [1.1607397937e-05, 2.55956383626e-05, 2.29205325013e-05, 4.8993274504e-06, 8.44815019718e-07, 5.66363212329e-07, 8.48538320497e-07, 5.78041692734e-07, 3.37922557492e-07, 1.05095317338e-07, 2.14185043035e-08, 5.44286615778e-09, 6.06775785172e-09, 5.19243403829e-09, 1.87444015864e-09, 2.96438806835e-09, 3.85420539928e-09, 1.87337501067e-09, 1.59824875556e-09, 1.32865074498e-09, 2.73481542967e-10, 1.49002366001e-10, 1.70911118591e-10, 1.37927308463e-10, 5.3013104323e-11, 4.28362276206e-11, 9.24086918097e-11, 5.90960544389e-11, 9.30335183891e-11, 2.19994147899e-10, 4.12808787154e-10, 6.60430043986e-10, 2.9120503231e-10, 2.04927214087e-10, 3.85032367101e-10, 5.15124720657e-10, 2.17563189686e-10, 7.77638509142e-11, 4.49375120448e-11, 2.61096907983e-11],
        "max": [0.0500608496368, 0.0442375540733, 0.036839466542, 0.0155504886061, 0.00792421307415, 0.00549921439961, 0.0101188998669, 0.00955798570067, 0.00808959640563, 0.00510471360758, 0.00189069635235, 0.000811043079011, 0.00113668921404, 0.000974026683252, 0.00049739331007, 0.000451568048447, 0.000793732295278, 0.000608136295341, 0.000463077914901, 0.000384298677091, 0.000255622813711, 0.000110899163701, 0.000126460596221, 0.000117266536108, 7.13971821824e-05, 5.30253346369e-05, 9.51526089921e-05, 6.29391724942e-05, 0.000109057829832, 0.000184411444934, 0.000357913144398, 0.000376445095753, 0.000206088559935, 0.000154489651322, 0.000271658180282, 0.000337860808941, 0.000173242166056, 6.99444499332e-05, 6.90046144882e-05, 5.37735213584e-05],
        "mean": [0.00614369567484, 0.00633874209598, 0.00194575008936, 0.00275677652098, 0.00125689117704, 0.000750638311729, 0.000834211066831, 0.000596384110395, 0.000402486766689, 0.000206222903216, 9.7078125691e-05, 5.21488836966e-05, 4.31929584011e-05, 4.82489704154e-05, 2.52698300756e-05, 2.48339947575e-05, 1.99904734473e-05, 1.57987669809e-05, 1.43580246004e-05, 1.34706297104e-05, 7.44363524063e-06, 6.50325546303e-06, 5.40794144399e-06, 2.75482670986e-06, 1.44743398778e-06, 2.01000102606e-06, 2.71368480753e-06, 3.54278449777e-06, 5.34662831342e-06, 6.76527270116e-06, 5.42037105333e-06, 6.12189478488e-06, 6.42275836071e-06, 7.10846188667e-06, 8.45467002364e-06, 8.93186552275e-06, 7.90722970123e-06, 5.14791554451e-06, 3.44280601894e-06, 2.383244464e-06],
        "median": [0.00509542832151, 0.00522873876616, 0.00137555925176, 0.00190458039287, 0.000891394563951, 0.000507507822476, 0.000395108829252, 0.00026306003565, 0.000130624917801, 9.19394733501e-05, 2.92963468382e-05, 2.1971813112e-05, 1.15803395602e-05, 1.41203163366e-05, 8.58103157952e-06, 9.75721832219e-06, 8.10494839243e-06, 3.99680948249e-06, 2.26669226322e-06, 1.21252060126e-06, 1.48492836161e-06, 2.07588072954e-06, 1.4075621948e-06, 5.01839053868e-07, 3.51378389496e-07, 5.35204549124e-07, 6.53181359667e-07, 1.01507407635e-06, 2.45816136157e-06, 1.76810362973e-06, 8.55324287841e-07, 6.88207592248e-07, 1.46942397805e-06, 2.07342054637e-06, 1.489420697e-06, 1.4564373032e-06, 2.15354589272e-06, 1.80528513738e-06, 1.19866626846e-06, 8.80902916833e-07],
        "min": [2.9208714131e-23, 1.45120082747e-23, 1.66328450412e-23, 9.13374473843e-24, 5.16465459711e-24, 5.53658949772e-24, 1.84731549812e-23, 1.07001416617e-23, 2.04431063223e-23, 2.73240717858e-23, 6.06461236134e-24, 7.92755195966e-24, 5.77458212751e-24, 4.29957868439e-24, 1.96083546172e-24, 7.74473265601e-24, 6.88571835049e-24, 5.48428683641e-24, 7.73686613506e-24, 8.49077971332e-24, 1.35495837709e-23, 1.44997556872e-23, 1.22667452666e-23, 1.57746921718e-23, 6.99291508118e-24, 9.21248173424e-24, 1.14691453602e-23, 1.00632729537e-23, 6.07390356508e-24, 8.41838831463e-24, 8.94047776095e-24, 9.18955822519e-24, 5.55909175504e-24, 1.00135029303e-23, 8.5743177166e-24, 1.61534732018e-23, 1.08532895401e-23, 6.9159167348e-24, 1.09930756925e-23, 1.26192580172e-23],
        "stdev": [0.00598134752363, 0.00480251898989, 0.00246572843753, 0.00256581231952, 0.00116622250061, 0.000725511461496, 0.00118234218098, 0.000876828504261, 0.000816079729702, 0.000351948809111, 0.000205386488233, 8.10679484857e-05, 0.0001097018976, 9.94199581328e-05, 5.06163487444e-05, 4.60288683826e-05, 4.48720093118e-05, 3.51144917659e-05, 3.4279510146e-05, 3.61733291356e-05, 1.67974794749e-05, 1.11839954116e-05, 1.18265388664e-05, 9.06908735487e-06, 4.92411436426e-06, 5.09110031999e-06, 7.45405031921e-06, 6.44040210318e-06, 8.4658868218e-06, 1.52908269229e-05, 2.10801936191e-05, 2.65675371338e-05, 1.88330559467e-05, 1.56897622219e-05, 2.32302081713e-05, 2.54980732279e-05, 1.60806757776e-05, 8.80549578142e-06, 6.26887867838e-06, 4.64018830826e-06],
        "var": [3.57765202352e-05, 2.30641908274e-05, 6.07981701251e-06, 6.58339240545e-06, 1.36007497531e-06, 5.2636687542e-07, 1.39793314702e-06, 7.68828215314e-07, 6.65986078729e-07, 1.23867962998e-07, 4.2183607718e-08, 6.57201226772e-09, 1.20345058363e-08, 9.88432802274e-09, 2.56201482252e-09, 2.11865658351e-09, 2.01349714679e-09, 1.23302745791e-09, 1.17508480724e-09, 1.308509745e-09, 2.82155299125e-10, 1.25081750513e-10, 1.39867020743e-10, 8.2248347022e-11, 2.42469030964e-11, 2.59193031621e-11, 5.55628668075e-11, 4.14787787451e-11, 7.16712383886e-11, 2.33809360761e-10, 4.44374564923e-10, 7.05834002357e-10, 3.54683976633e-10, 2.46168641027e-10, 5.39642552866e-10, 6.50151765758e-10, 2.58588150892e-10, 7.75367547945e-11, 3.9298838489e-11, 2.15313478852e-11]
    },
    "melbands128": {
