{
"lowlevel": {
    "average_loudness": 0.973122000694,
    "barkbands_crest": {
        "dmean": 3.09193587303,
        "dmean2": 4.60931396484,
        "dvar": 7.84399318695,
        "dvar2": 17.5863265991,
        "max": 23.1969852448,
        "mean": 11.0018367767,
        "median": 10.3870897293,
        "min": 2.15914058685,
        "stdev": 4.6468296051,
        "var": 21.5930252075
    },
    "barkbands_flatness_db": {
        "dmean": 0.0357528887689,
        "dmean2": 0.0505391657352,
        "dvar": 0.00118870544247,
        "dvar2": 0.00238149077632,
        "max": 0.391282588243,
        "mean": 0.146575674415,
        "median": 0.140947148204,
        "min": 0.0210251007229,
        "stdev": 0.0600341744721,
        "var": 0.00360410194844
    },
    "barkbands_kurtosis": {
        "dmean": 5.18084526062,
        "dmean2": 8.06216049194,
        "dvar": 129.887466431,
        "dvar2": 285.710693359,
        "max": 158.448989868,
        "mean": 4.70472669601,
        "median": 0.604201793671,
        "min": -1.87857425213,
        "stdev": 13.0487346649,
        "var": 170.269485474
    },
    "barkbands_skewness": {
        "dmean": 0.938159883022,
        "dmean2": 1.3496581316,
        "dvar": 1.08806526661,
        "dvar2": 2.36680388451,
        "max": 9.94044208527,
        "mean": 1.48213624954,
        "median": 1.19538474083,
        "min": -2.01671433449,
        "stdev": 1.71608543396,
        "var": 2.9449493885
    },
    "barkbands_spread": {
        "dmean": 10.1007022858,
        "dmean2": 15.3898172379,
        "dvar": 99.1650772095,
        "dvar2": 246.159088135,
        "max": 103.49861908,
        "mean": 30.7972335815,
        "median": 29.9879646301,
        "min": 1.0801782608,
        "stdev": 15.0193214417,
        "var": 225.58001709
    },
    "dissonance": {
        "dmean": 0.0164147447795,
        "dmean2": 0.0262067168951,
        "dvar": 0.000304246874293,
        "dvar2": 0.000725275254808,
        "max": 0.5,
        "mean": 0.470017373562,
        "median": 0.476907670498,
        "min": 0.19764919579,
        "stdev": 0.0252887047827,
        "var": 0.000639518548269
    },
    "dynamic_complexity": 1.71267032623,
    "erbbands_crest": {
        "dmean": 3.20552778244,
        "dmean2": 5.16135978699,
        "dvar": 9.07673835754,
        "dvar2": 21.9978656769,
        "max": 28.9696807861,
        "mean": 9.35099220276,
        "median": 8.38556957245,
        "min": 2.68199300766,
        "stdev": 4.07973241806,
        "var": 16.6442184448
    },
    "erbbands_flatness_db": {
        "dmean": 0.0238683670759,
        "dmean2": 0.0324262045324,
        "dvar": 0.000499806657899,
        "dvar2": 0.00101422285661,
        "max": 0.316277652979,
        "mean": 0.159698650241,
        "median": 0.15523840487,
        "min": 0.0651037916541,
        "stdev": 0.0411687791348,
        "var": 0.00169486843515
    },
    "erbbands_kurtosis": {
        "dmean": 1.53834533691,
        "dmean2": 2.33285164833,
        "dvar": 3.26854419708,
        "dvar2": 7.13881254196,
        "max": 27.1502742767,
        "mean": 1.32103002071,
        "median": 0.506948947906,
        "min": -1.70131897926,
        "stdev": 2.68007063866,
        "var": 7.1827788353
    },
    "erbbands_skewness": {
        "dmean": 0.456345796585,
        "dmean2": 0.678088724613,
        "dvar": 0.18250900507,
        "dvar2": 0.426069885492,
        "max": 2.65443730354,
        "mean": -0.511939883232,
        "median": -0.476528733969,
        "min": -3.61098384857,
        "stdev": 0.802462518215,
        "var": 0.643946111202
    },
    "erbbands_spread": {
        "dmean": 13.0969457626,
        "dmean2": 20.1889686584,
        "dvar": 246.787521362,
        "dvar2": 593.944396973,
        "max": 132.613418579,
        "mean": 36.4611740112,
        "median": 31.4966678619,
        "min": 6.07750892639,
        "stdev": 20.2733478546,
        "var": 411.008666992
    },
    "hfc": {
        "dmean": 15.8420991898,
        "dmean2": 24.3706226349,
        "dvar": 888.080810547,
        "dvar2": 2367.71484375,
        "max": 203.493469238,
        "mean": 25.5138702393,
        "median": 18.7083244324,
        "min": 0.000388648535591,
        "stdev": 27.5054569244,
        "var": 756.550170898
    },
    "loudness_ebu128": {
        "integrated": -9.29475975037,
        "loudness_range": 1.25720119476,
        "momentary": {
            "dmean": 0.634704053402,
            "dmean2": 1.01594865322,
            "dvar": 0.267520070076,
            "dvar2": 0.558813273907,
            "max": -7.09111785889,
            "mean": -9.43722438812,
            "median": -9.1830291748,
            "min": -13.8653097153,
            "stdev": 1.18306195736,
            "var": 1.39963555336
        },
        "short_term": {
            "dmean": 0.0898882299662,
            "dmean2": 0.13759405911,
            "dvar": 0.00536539126188,
            "dvar2": 0.0116755310446,
            "max": -8.40801429749,
            "mean": -9.30453586578,
            "median": -9.18697834015,
            "min": -11.3301773071,
            "stdev": 0.555000543594,
            "var": 0.308025628328
        }
    },
    "melbands_crest": {
        "dmean": 4.65129184723,
        "dmean2": 7.24748849869,
        "dvar": 20.5331420898,
        "dvar2": 47.1367111206,
        "max": 38.1419830322,
        "mean": 18.6640949249,
        "median": 17.8834285736,
        "min": 3.11618685722,
        "stdev": 7.9108376503,
        "var": 62.5813560486
    },
    "melbands_flatness_db": {
        "dmean": 0.0451558753848,
        "dmean2": 0.0630446076393,
        "dvar": 0.00205753324553,
        "dvar2": 0.00439380900934,
        "max": 0.516216576099,
        "mean": 0.19872392714,
        "median": 0.190630197525,
        "min": 0.0296421125531,
        "stdev": 0.0815643891692,
        "var": 0.0066527496092
    },
    "melbands_kurtosis": {
        "dmean": 16.960975647,
        "dmean2": 26.3717708588,
        "dvar": 1111.23266602,
        "dvar2": 2502.51953125,
        "max": 422.65222168,
        "mean": 20.6684169769,
        "median": 6.81689739227,
        "min": -1.79215085506,
        "stdev": 39.7278060913,
        "var": 1578.29858398
    },
    "melbands_skewness": {
        "dmean": 1.44064998627,
        "dmean2": 2.12410664558,
        "dvar": 2.87209129333,
        "dvar2": 6.64041185379,
        "max": 16.6123886108,
        "mean": 3.20841217041,
        "median": 2.61872220039,
        "min": -1.12537682056,
        "stdev": 2.68928718567,
        "var": 7.23226547241
    },
    "melbands_spread": {
        "dmean": 15.6213035583,
        "dmean2": 23.6884098053,
        "dvar": 370.468902588,
        "dvar2": 853.429321289,
        "max": 162.884811401,
        "mean": 35.4328651428,
        "median": 29.0736560822,
        "min": 0.663554370403,
        "stdev": 26.5505046844,
        "var": 704.929260254
    },
    "pitch_salience": {
        "dmean": 0.0955758392811,
        "dmean2": 0.149130940437,
        "dvar": 0.00962584186345,
        "dvar2": 0.0237624570727,
        "max": 0.894975960255,
        "mean": 0.467116683722,
        "median": 0.461697340012,
        "min": 0.0658155307174,
        "stdev": 0.150312766433,
        "var": 0.0225939266384
    },
    "silence_rate_20dB": {
        "dmean": 0,
        "dmean2": 0,
        "dvar": 0,
        "dvar2": 0,
        "max": 1,
        "mean": 1,
        "median": 1,
        "min": 1,
        "stdev": 0,
        "var": 0
    },
    "silence_rate_30dB": {
        "dmean": 0.0417956672609,
        "dmean2": 0.0836560800672,
        "dvar": 0.0400489270687,
        "dvar2": 0.120034970343,
        "max": 1,
        "mean": 0.978344917297,
        "median": 1,
        "min": 0,
        "stdev": 0.145554929972,
        "var": 0.0211862381548
    },
    "silence_rate_60dB": {
        "dmean": 0.0317337475717,
        "dmean2": 0.062742061913,
        "dvar": 0.0307267569005,
        "dvar2": 0.0696500241756,
        "max": 1,
        "mean": 0.0301624126732,
        "median": 0,
        "min": 0,
        "stdev": 0.171033099294,
        "var": 0.029252320528
    },
    "spectral_centroid": {
        "dmean": 415.284301758,
        "dmean2": 633.373840332,
        "dvar": 184043,
        "dvar2": 405398.03125,
        "max": 4115.69628906,
        "mean": 2101.0925293,
        "median": 2154.90283203,
        "min": 197.998703003,
        "stdev": 627.02935791,
        "var": 393165.84375
    },
    "spectral_complexity": {
        "dmean": 6.48529434204,
        "dmean2": 9.30906295776,
        "dvar": 58.1847724915,
        "dvar2": 119.612312317,
        "max": 57,
        "mean": 17.6341838837,
        "median": 15,
        "min": 0,
        "stdev": 10.2481927872,
        "var": 105.02545929
    },
    "spectral_decrease": {
        "dmean": 3.69897934505e-09,
        "dmean2": 5.46202727492e-09,
        "dvar": 2.72799335285e-17,
        "dvar2": 7.10271801684e-17,
        "max": -3.16615115202e-13,
        "mean": -8.18942336167e-09,
        "median": -6.21115647803e-09,
        "min": -4.49544650394e-08,
        "stdev": 7.20793957854e-09,
        "var": 5.19543937113e-17
    },
    "spectral_energy": {
        "dmean": 0.0147188855335,
        "dmean2": 0.0216668415815,
        "dvar": 0.000410201057093,
        "dvar2": 0.00104525033385,
        "max": 0.173903778195,
        "mean": 0.0332229845226,
        "median": 0.0258033573627,
        "min": 1.23022027765e-06,
        "stdev": 0.0280792824924,
        "var": 0.000788446108345
    },
    "spectral_energyband_high": {
        "dmean": 0.00120439438615,
        "dmean2": 0.00192064722069,
        "dvar": 6.43015528112e-06,
        "dvar2": 1.70990442712e-05,
        "max": 0.0180436186492,
        "mean": 0.00136225228198,
        "median": 0.000653095194139,
        "min": 9.07330566235e-09,
        "stdev": 0.00226479768753,
        "var": 5.12930819241e-06
    },
    "spectral_energyband_low": {
        "dmean": 0.0113825304434,
        "dmean2": 0.0176999121904,
        "dvar": 0.000421585835284,
        "dvar2": 0.00114590674639,
        "max": 0.164961412549,
        "mean": 0.0210497286171,
        "median": 0.0112943276763,
        "min": 1.98024903142e-08,
        "stdev": 0.026580195874,
        "var": 0.000706506776623
    },
    "spectral_energyband_middle_high": {
        "dmean": 0.00331575609744,
        "dmean2": 0.00508459750563,
        "dvar": 2.36797750404e-05,
        "dvar2": 6.22747465968e-05,
        "max": 0.0422816462815,
        "mean": 0.00621209573001,
        "median": 0.00516370357946,
        "min": 1.34100289984e-07,
        "stdev": 0.00512545462698,
        "var": 2.62702869804e-05
    },
    "spectral_energyband_middle_low": {
        "dmean": 0.00374546879902,
        "dmean2": 0.00578912347555,
        "dvar": 3.19930186379e-05,
        "dvar2": 7.41240291973e-05,
        "max": 0.0451743453741,
        "mean": 0.00536531489342,
        "median": 0.00304451468401,
        "min": 3.59592291943e-07,
        "stdev": 0.00630659423769,
        "var": 3.97731309931e-05
    },
    "spectral_entropy": {
        "dmean": 0.260963171721,
        "dmean2": 0.34898775816,
        "dvar": 0.0670114159584,
        "dvar2": 0.132681205869,
        "max": 8.75058937073,
        "mean": 7.55544519424,
        "median": 7.58444547653,
        "min": 5.85230064392,
        "stdev": 0.440253794193,
        "var": 0.193823412061
    },
    "spectral_flux": {
        "dmean": 0.037986189127,
        "dmean2": 0.056446634233,
        "dvar": 0.0016531086294,
        "dvar2": 0.00332934991457,
        "max": 0.400488525629,
        "mean": 0.10293122381,
        "median": 0.0899813622236,
        "min": 0.00110915291589,
        "stdev": 0.0603622533381,
        "var": 0.00364360166714
    },
    "spectral_kurtosis": {
        "dmean": 1.38068199158,
        "dmean2": 2.21164655685,
        "dvar": 2.18828821182,
        "dvar2": 5.67676401138,
        "max": 17.391204834,
        "mean": 3.76509737968,
        "median": 3.50254297256,
        "min": -0.806864738464,
        "stdev": 1.84750068188,
        "var": 3.41325879097
    },
    "spectral_rms": {
        "dmean": 0.00119607476518,
        "dmean2": 0.00165749154985,
        "dvar": 1.66932989032e-06,
        "dvar2": 3.58190027328e-06,
        "max": 0.0130254449323,
        "mean": 0.00523013295606,
        "median": 0.00501737045124,
        "min": 3.4644119296e-05,
        "stdev": 0.00224907044321,
        "var": 5.05831803821e-06
    },
    "spectral_rolloff": {
        "dmean": 888.778808594,
        "dmean2": 1473.01501465,
        "dvar": 1578526.625,
        "dvar2": 3643660.5,
        "max": 9496.14257812,
        "mean": 1872.65625,
        "median": 1787.25585938,
        "min": 43.06640625,
        "stdev": 1576.32910156,
        "var": 2484813.25
    },
    "spectral_skewness": {
        "dmean": 0.206991046667,
        "dmean2": 0.325999230146,
        "dvar": 0.0403925701976,
        "dvar2": 0.098540045321,
        "max": 2.89480400085,
        "mean": 1.34948801994,
        "median": 1.32527279854,
        "min": 0.254669547081,
        "stdev": 0.282642483711,
        "var": 0.0798867717385
    },
    "spectral_spread": {
        "dmean": 720992.375,
        "dmean2": 993127.5,
        "dvar": 668310306816,
        "dvar2": 1.28167260979e+12,
        "max": 13930239,
        "mean": 4600435.5,
        "median": 4335991.5,
        "min": 2027009.75,
        "stdev": 1255938.25,
        "var": 1.57738100326e+12
    },
    "spectral_strongpeak": {
        "dmean": 0.563136875629,
        "dmean2": 0.964115798473,
        "dvar": 1.21379387379,
        "dvar2": 2.97953557968,
        "max": 9.6788444519,
        "mean": 0.740826010704,
        "median": 0.266030162573,
        "min": 0,
        "stdev": 1.23920226097,
        "var": 1.5356221199
    },
    "zerocrossingrate": {
        "dmean": 0.0165796428919,
        "dmean2": 0.0192464515567,
        "dvar": 0.000273936893791,
        "dvar2": 0.000358779914677,
        "max": 0.3134765625,
        "mean": 0.0674923285842,
        "median": 0.0634765625,
        "min": 0.0048828125,
        "stdev": 0.0349549762905,
        "var": 0.00122185028158
    },
    "barkbands": {
        "dmean": [0.00157903891522, 0.0068870508112, 0.0044290041551, 0.00136508489959, 0.0015755611239, 0.000451524916571, 0.000311413255986, 0.000364220672054, 0.000619406811893, 0.000416239345213, 0.000201305156224, 0.000248532480327, 0.00035841963836, 0.000498173816595, 0.000647859124001, 0.000562071567401, 0.000693154288456, 0.000623312487733, 0.000331083632773, 0.000381521211239, 0.000230532124988, 0.000182186660822, 0.000219403125811, 0.000196716922801, 0.000166756188264, 9.32283510338e-05, 2.74607668871e-06],
        "dmean2": [0.00211726222187, 0.0101317195222, 0.00763665465638, 0.00223405659199, 0.00247240602039, 0.000795664731413, 0.000517548294738, 0.000608421221841, 0.000973123998847, 0.000599962833803, 0.000309728144202, 0.000377640186343, 0.00057081412524, 0.000805352756288, 0.00101620820351, 0.000935389602091, 0.00110669643618, 0.00102782982867, 0.000546971452422, 0.000604697270319, 0.00038208256592, 0.00029123769491, 0.000350825459464, 0.000313764088787, 0.000284324865788, 0.000161628267961, 4.90744696435e-06],
        "dvar": [9.13359508559e-06, 0.000157267437316, 0.000156262118253, 7.65063214203e-06, 1.21157254398e-05, 1.47313210164e-06, 3.44070400615e-07, 6.09931987583e-07, 1.42973226502e-06, 8.85862846189e-07, 1.86441113215e-07, 2.27456524726e-07, 5.73627858103e-07, 7.48277614093e-07, 1.25506687709e-06, 1.00458976249e-06, 1.35619609409e-06, 1.15562158953e-06, 3.33905262551e-07, 3.47844917314e-07, 2.31841568166e-07, 1.24704726545e-07, 2.26812460369e-07, 2.27815817766e-07, 2.40149375941e-07, 9.0294484778e-08, 7.94025400985e-11],
        "dvar2": [1.53678447532e-05, 0.000354910211172, 0.000436467555119, 2.03358631552e-05, 2.66450570052e-05, 4.11583459936e-06, 8.72688474374e-07, 1.61801949616e-06, 3.2964512684e-06, 1.75784714429e-06, 4.420818982e-07, 4.84195538775e-07, 1.37273616474e-06, 1.79480809948e-06, 2.88000387627e-06, 2.63743845608e-06, 3.49126321453e-06, 3.01914178635e-06, 8.89650550562e-07, 8.51235427035e-07, 6.30224747056e-07, 3.31224129013e-07, 6.03740659244e-07, 5.50602976546e-07, 6.5463672172e-07, 2.48597928021e-07, 2.20526041872e-10],
        "max": [0.0353275686502, 0.121852457523, 0.101500123739, 0.0203895773739, 0.0340090915561, 0.0143545996398, 0.00604198966175, 0.00997351482511, 0.0172519348562, 0.0163662470877, 0.00620267027989, 0.00616694893688, 0.0101194493473, 0.00851296167821, 0.0153068657964, 0.0103957196698, 0.0119724692777, 0.00865884963423, 0.00564457988366, 0.0072200410068, 0.00370142958127, 0.00360881653614, 0.00330074457452, 0.00517969066277, 0.00410314649343, 0.0025205842685, 8.89393049874e-05],
        "mean": [0.00320555339567, 0.012816246599, 0.00434072036296, 0.0015802354319, 0.00165704987012, 0.000411413435359, 0.000323622574797, 0.000354888645234, 0.000888797978405, 0.000545500253793, 0.000265490816673, 0.000352452188963, 0.00040992081631, 0.000636480108369, 0.000847205577884, 0.000687611696776, 0.000976467970759, 0.000858895189594, 0.000423682766268, 0.000571092125028, 0.000222751128604, 0.000202868948691, 0.000223831433686, 0.000210740283364, 0.000138216215419, 6.93652691552e-05, 1.87811735941e-06],
        "median": [0.000943404331338, 0.00513602700084, 0.00130588607863, 0.000734428816941, 0.000418230425566, 8.34374586702e-05, 7.54067004891e-05, 9.09675582079e-05, 0.000290241179755, 9.58799646469e-05, 5.46631563338e-05, 0.000127159320982, 0.000126251354231, 0.000238705979427, 0.000366469961591, 0.000314289471135, 0.000554583035409, 0.000395080074668, 0.000250969402259, 0.000368255772628, 8.69953146321e-05, 9.12847317522e-05, 8.69826908456e-05, 8.33864760352e-05, 2.81558041024e-05, 8.82325002749e-06, 1.80735369781e-07],
        "min": [6.47359499339e-10, 5.43792921803e-09, 1.29080268696e-09, 7.85266074388e-10, 1.6357589061e-07, 1.97443146277e-08, 6.64471988543e-09, 1.32592692381e-09, 8.98417251705e-09, 2.85852586046e-08, 1.18961951401e-08, 2.88342043575e-08, 1.56840833654e-08, 1.26758372687e-08, 6.41806963131e-09, 9.30482713102e-09, 5.09139264082e-09, 3.4194886922e-09, 7.847568817e-09, 1.02586561468e-08, 1.22397836311e-09, 1.68797409383e-09, 7.54792950364e-10, 4.02661598509e-10, 3.27254556787e-10, 1.32668001585e-10, 1.86451114964e-13],
        "stdev": [0.00520567363128, 0.0186817087233, 0.0102547630668, 0.00258515612222, 0.00374464481138, 0.00104275369085, 0.00060449494049, 0.000731619424187, 0.00159790297039, 0.00127755268477, 0.00053579104133, 0.000618758553173, 0.000839193351567, 0.00107524334453, 0.00132037326694, 0.00106661289465, 0.00126257317606, 0.00120218866505, 0.00055331067415, 0.000690033833962, 0.000422132201493, 0.000327221496264, 0.000420129450504, 0.000464290904347, 0.000410969281802, 0.000242160254857, 7.10664335202e-06],
        "var": [2.70990385616e-05, 0.000349006208126, 0.000105160164821, 6.68303255225e-06, 1.40223655762e-05, 1.08733524939e-06, 3.65414109638e-07, 5.35267020041e-07, 2.55329405263e-06, 1.63214099302e-06, 2.87072026595e-07, 3.82862140214e-07, 7.04245508132e-07, 1.15614830065e-06, 1.74338549641e-06, 1.1376631619e-06, 1.59409114531e-06, 1.44525768064e-06, 3.06152685425e-07, 4.76146681194e-07, 1.78195591616e-07, 1.07073901745e-07, 1.76508763161e-07, 2.15566046791e-07, 1.68895752495e-07, 5.86415893622e-08, 5.05043784571e-11]
    },
    "erbbands": {
        "dmean": [0.325803667307, 1.31659412384, 4.56524085999, 5.38238334656, 5.50041103363, 4.5954208374, 3.87721085548, 3.36896061897, 3.23215007782, 6.23638677597, 8.8730134964, 12.5442152023, 14.3961772919, 12.3752908707, 8.06343841553, 11.0067996979, 13.8704977036, 25.1840496063, 28.5170211792, 32.228477478, 32.7467422485, 35.1806106567, 35.7677955627, 21.9107341766, 15.4629545212, 18.9666690826, 10.1275558472, 8.57438755035, 6.44790792465, 6.53164625168, 6.41056442261, 4.65972089767, 3.04989433289, 1.85185158253, 1.11261928082, 0.538857042789, 0.162895381451, 0.0159726310521, 0.000405269180192, 3.12644624501e-05],
        "dmean2": [0.449296474457, 1.98448526859, 7.65230894089, 8.9027929306, 8.69146633148, 7.37735795975, 6.8120675087, 5.86642026901, 5.53244590759, 10.3099241257, 14.9388008118, 20.3102989197, 22.0988006592, 17.1530208588, 12.5148992538, 16.5744132996, 21.9078407288, 40.0275306702, 44.5326461792, 51.3469772339, 55.0307235718, 56.558506012, 58.476978302, 36.178604126, 24.9464244843, 29.8364315033, 16.1834182739, 14.394071579, 10.3763151169, 10.3552894592, 10.4002876282, 7.47315692902, 4.87396860123, 3.1430439949, 1.90117132664, 0.929654896259, 0.285163074732, 0.0282179769129, 0.000713107176125, 4.89100020786e-05],
        "dvar": [0.421269804239, 7.09361982346, 158.420730591, 165.227111816, 133.845916748, 105.272796631, 109.215995789, 76.5495681763, 42.7430305481, 140.30329895, 379.203430176, 685.835449219, 1053.50598145, 763.923095703, 234.077972412, 405.195495605, 898.408752441, 1961.45129395, 2593.3840332, 3376.71606445, 3851.53393555, 4463.36572266, 3836.68066406, 1629.01428223, 606.188537598, 904.916687012, 306.790039062, 382.607879639, 163.661712646, 175.116119385, 215.280044556, 115.823371887, 59.2334480286, 28.4068393707, 11.6423177719, 2.87703180313, 0.297660291195, 0.00282048620284, 1.74059664459e-06, 4.11302059078e-09],
        "dvar2": [0.955722808838, 15.7200603485, 442.603302002, 448.065551758, 311.472412109, 250.26852417, 303.212249756, 211.988571167, 111.285690308, 357.805175781, 1015.2590332, 1732.30358887, 2314.13818359, 1424.09204102, 571.425720215, 827.304321289, 2033.88183594, 4762.89404297, 4984.83642578, 8806.25292969, 10288.4853516, 12001.5810547, 10211.9042969, 4373.40429688, 1551.12817383, 2233.94384766, 799.401672363, 1043.21459961, 435.002227783, 459.628479004, 577.897460938, 291.73248291, 141.610321045, 76.1403884888, 31.9150676727, 7.90550804138, 0.822622597218, 0.0078882239759, 4.85332975586e-06, 1.09431397277e-08],
        "max": [6.24640750885, 20.6488513947, 100.986541748, 109.727241516, 103.237495422, 93.9713439941, 103.518478394, 98.8995056152, 54.6022186279, 130.002853394, 273.841003418, 365.237335205, 546.332214355, 395.635772705, 211.731735229, 247.790771484, 518.830993652, 444.591491699, 895.903930664, 995.754943848, 668.686706543, 747.977600098, 516.381164551, 385.880523682, 233.935897827, 402.903961182, 139.781463623, 135.751296997, 144.847915649, 109.952171326, 103.752822876, 113.211585999, 99.13671875, 54.8810043335, 27.9950695038, 14.8742570877, 4.32972097397, 0.479065001011, 0.0126668792218, 0.00050708517665],
        "mean": [0.55930519104, 2.12173914909, 4.84830331802, 5.83861589432, 5.99181032181, 4.68603515625, 3.56432652473, 3.13078260422, 3.17625522614, 6.7620806694, 9.79871368408, 18.3634738922, 18.5775127411, 17.647600174, 11.60567379, 15.9232282639, 17.2672481537, 32.89793396, 39.477558136, 43.181350708, 41.910484314, 50.0995063782, 50.3601646423, 29.2441215515, 22.8403244019, 28.2374782562, 12.41954422, 7.69264554977, 6.84505271912, 7.28338384628, 6.41366672516, 5.00477743149, 3.15557646751, 1.63926529884, 0.892616093159, 0.401722252369, 0.119031630456, 0.0116745987907, 0.000310361676384, 5.23834351043e-05],
        "median": [0.181479856372, 0.750085413456, 1.85938847065, 2.66407036781, 2.30909442902, 0.999741315842, 0.702470839024, 0.655367493629, 0.750139296055, 1.79531729221, 3.41973757744, 5.78516292572, 7.05108261108, 4.2169919014, 5.27920103073, 6.09376049042, 6.01331424713, 15.0170001984, 14.7767372131, 21.6888065338, 21.3273620605, 29.8392715454, 28.6747875214, 14.7892885208, 15.3201570511, 17.4693756104, 6.76711797714, 2.35497713089, 2.78222298622, 3.37788963318, 2.32936811447, 2.00885128975, 1.16032624245, 0.401496946812, 0.16376209259, 0.0457734204829, 0.0160963796079, 0.00163229077589, 5.77416067244e-05, 3.56223754352e-05],
        "min": [4.91085302201e-07, 9.16593592137e-07, 3.44446857525e-06, 2.419739576e-05, 0.000480988877825, 0.000523152528331, 0.000309287832351, 0.000128143990878, 9.9659220723e-05, 7.01453100191e-05, 4.60667397419e-05, 0.000212340484723, 0.000514918006957, 0.00105927221011, 0.000421942095272, 0.00121546234004, 0.000651155540254, 0.000925784057472, 0.000421573640779, 0.000417773175286, 0.000360329577234, 0.000302679138258, 0.00019592238823, 0.000484482297907, 0.000333862757543, 0.000458251219243, 0.000108136737254, 4.87060751766e-05, 5.68748437217e-05, 4.92113649671e-05, 1.69719023688e-05, 7.15303394827e-06, 8.30534099805e-06, 5.41333565707e-06, 1.30355556394e-06, 6.31360933312e-07, 2.06214565424e-07, 5.91463233945e-08, 1.00752393095e-08, 2.35531416592e-09],
        "stdev": [0.896820068359, 3.48395371437, 10.5637369156, 11.3078737259, 11.7818441391, 10.6691551208, 9.05498123169, 7.67045259476, 6.13856983185, 12.5025138855, 18.4265537262, 36.0457344055, 37.8578262329, 41.1448554993, 18.1500644684, 26.8820133209, 35.2222900391, 51.5958747864, 67.3960418701, 61.3907089233, 62.4976959229, 65.2286148071, 64.6561584473, 40.1825675964, 26.3244609833, 35.0833435059, 17.2313480377, 16.6793518066, 11.6283082962, 12.1197748184, 12.7197999954, 10.0660686493, 7.59706544876, 4.68839836121, 2.79973459244, 1.37427413464, 0.435315400362, 0.0418557301164, 0.00104601576459, 6.16823526798e-05],
        "var": [0.804286241531, 12.1379327774, 111.592529297, 127.868011475, 138.811843872, 113.830879211, 81.9926834106, 58.8358459473, 37.6820373535, 156.312850952, 339.537902832, 1299.29504395, 1433.21508789, 1692.89904785, 329.424865723, 722.64263916, 1240.60961914, 2662.13427734, 4542.22607422, 3768.81933594, 3905.9621582, 4254.77197266, 4180.41845703, 1614.63867188, 692.977233887, 1230.84094238, 296.919342041, 278.200805664, 135.217559814, 146.888946533, 161.793319702, 101.325737, 57.7154045105, 21.9810771942, 7.83851385117, 1.88862943649, 0.189499497414, 0.00175190228038, 1.09414895633e-06, 3.80471298911e-09]
    },
    "gfcc": {
        "mean": [1.63677430153, 56.0711097717, -128.827774048, 54.8886566162, -38.7722434998, 28.5285186768, -33.4292449951, 23.552936554, -19.4480953217, 0.178814485669, -17.9674854279, -3.65118026733, -10.8414134979],
        "cov": [[4025.48657227, -259.872253418, 306.576965332, 30.4323577881, -137.141418457, 163.441558838, -104.573997498, 80.7881546021, -56.678653717, 71.8583526611, -159.951980591, 61.2057266235, -181.764358521], [-259.872253418, 1101.95031738, 390.879364014, 319.150817871, 326.242095947, 58.5334014893, 174.784820557, -1.84942531586, 50.0527038574, -102.555641174, 21.8282394409, -192.511764526, -32.171710968], [306.576965332, 390.879364014, 971.070983887, 528.368286133, 351.680389404, 170.568328857, 78.2819976807, 59.9474830627, 33.6247138977, 9.45015907288, -69.9982070923, -47.3021621704, -93.6940460205], [30.4323577881, 319.150817871, 528.368286133, 669.510375977, 480.908477783, 140.384475708, 105.525901794, 96.4283370972, 96.4758453369, -38.3809547424, 7.5265917778, -39.8725738525, -11.8824605942], [-137.141418457, 326.242095947, 351.680389404, 480.908477783, 620.480712891, 276.218170166, 231.148223877, 180.646682739, 114.134346008, -50.2704582214, 34.1093101501, -64.4251251221, -26.0962715149], [163.441558838, 58.5334014893, 170.568328857, 140.384475708, 276.218170166, 397.441497803, 283.261901855, 133.149108887, 30.0071258545, -34.5734558105, 7.5646905899, -33.1954421997, -56.4019088745], [-104.573997498, 174.784820557, 78.2819976807, 105.525901794, 231.148223877, 283.261901855, 389.475311279, 151.593841553, 37.29246521, -17.5100002289, 38.0360946655, -22.1841812134, -10.0003385544], [80.7881546021, -1.84942531586, 59.9474830627, 96.4283370972, 180.646682739, 133.149108887, 151.593841553, 234.937240601, 134.766525269, 17.1398334503, 33.7584762573, 0.568245887756, 21.8690490723], [-56.678653717, 50.0527038574, 33.6247138977, 96.4758453369, 114.134346008, 30.0071258545, 37.29246521, 134.766525269, 220.987030029, 53.5011062622, 37.082824707, 10.1936588287, 35.5432510376], [71.8583526611, -102.555641174, 9.45015907288, -38.3809547424, -50.2704582214, -34.5734558105, -17.5100002289, 17.1398334503, 53.5011062622, 161.205627441, 56.7338180542, 59.8265838623, 26.4353961945], [-159.951980591, 21.8282394409, -69.9982070923, 7.5265917778, 34.1093101501, 7.5646905899, 38.0360946655, 33.7584762573, 37.082824707, 56.7338180542, 165.024230957, 75.7303695679, 49.5680236816], [61.2057266235, -192.511764526, -47.3021621704, -39.8725738525, -64.4251251221, -33.1954421997, -22.1841812134, 0.568245887756, 10.1936588287, 59.8265838623, 75.7303695679, 171.641708374, 66.6049118042], [-181.764358521, -32.171710968, -93.6940460205, -11.8824605942, -26.0962715149, -56.4019088745, -10.0003385544, 21.8690490723, 35.5432510376, 26.4353961945, 49.5680236816, 66.6049118042, 129.19190979]],
        "icov": [[0.000375984702259, -0.000266860646661, 0.000188152713235, -0.000361567246728, 0.000475785171147, -0.000610557501204, 0.000611564144492, -0.000826961477287, 0.000455893139588, -0.000482037954498, 0.000648200279102, -0.000734383997042, 0.000685728446115], [-0.000266860646661, 0.00272082164884, -0.00158560031559, 0.0010190262692, -0.00128660653718, 0.00221611838788, -0.00250246166252, 0.00287367985584, -0.00183345365804, 0.00212516984902, -0.00275976071134, 0.00373672368005, -0.00152469729073], [0.000188152713235, -0.00158560031559, 0.00327700190246, -0.00272908364423, 0.00107896199916, -0.00189479428809, 0.0017308476381, -0.00203543598764, 0.00165548035875, -0.00253186817281, 0.00283141969703, -0.00262368097901, 0.00219360669143], [-0.000361567246728, 0.0010190262692, -0.00272908364423, 0.00627601100132, -0.00458838604391, 0.00230515887961, -0.00122266774997, 0.0026823754888, -0.00198736204766, 0.00216655014083, -0.00168456800748, 0.0014682977926, -0.00213329610415], [0.000475785171147, -0.00128660653718, 0.00107896199916, -0.00458838604391, 0.00727438880131, -0.00358509714715, 0.0012707937276, -0.00354658719152, 0.000804173236247, -0.000505894131493, 0.000280878972262, -0.000731723732315, 0.0014641842572], [-0.000610557501204, 0.00221611838788, -0.00189479428809, 0.00230515887961, -0.00358509714715, 0.00933701358736, -0.00631353119388, 0.00228725234047, -0.00158840359654, 0.00268211727962, -0.00228838692419, 0.00229294830933, 0.000590999494307], [0.000611564144492, -0.00250246166252, 0.0017308476381, -0.00122266774997, 0.0012707937276, -0.00631353119388, 0.00903185177594, -0.00543957157061, 0.00325470906682, -0.00248824595474, 0.00197836360894, -0.0029241326265, 0.000862548942678], [-0.000826961477287, 0.00287367985584, -0.00203543598764, 0.0026823754888, -0.00354658719152, 0.00228725234047, -0.00543957157061, 0.0137917241082, -0.00747191160917, 0.00294893421233, -0.00329004251398, 0.00420958641917, -0.00360650382936], [0.000455893139588, -0.00183345365804, 0.00165548035875, -0.00198736204766, 0.000804173236247, -0.00158840359654, 0.00325470906682, -0.00747191160917, 0.0101889809594, -0.0043527376838, 0.00214361702092, -0.00200761458836, 0.00048843130935], [-0.000482037954498, 0.00212516984902, -0.00253186817281, 0.00216655014083, -0.000505894131493, 0.00268211727962, -0.00248824595474, 0.00294893421233, -0.0043527376838, 0.0111779617146, -0.00512612378225, 0.00148629304022, -0.00129813945387], [0.000648200279102, -0.00275976071134, 0.00283141969703, -0.00168456800748, 0.000280878972262, -0.00228838692419, 0.00197836360894, -0.00329004251398, 0.00214361702092, -0.00512612378225, 0.0129629103467, -0.00756303220987, 0.00127568375319], [-0.000734383997042, 0.00373672368005, -0.00262368097901, 0.0014682977926, -0.000731723732315, 0.00229294830933, -0.0029241326265, 0.00420958641917, -0.00200761458836, 0.00148629304022, -0.00756303220987, 0.0151871051639, -0.00663586240262], [0.000685728446115, -0.00152469729073, 0.00219360669143, -0.00213329610415, 0.0014641842572, 0.000590999494307, 0.000862548942678, -0.00360650382936, 0.00048843130935, -0.00129813945387, 0.00127568375319, -0.00663586240262, 0.0140141295269]]
    },
    "melbands": {
        "dmean": [0.00227617146447, 0.00201382627711, 0.000868677336257, 0.000382188038202, 0.000139953408507, 7.66815210227e-05, 5.30856414116e-05, 6.87263382133e-05, 7.58941241656e-05, 8.429751324e-05, 7.24357378203e-05, 5.24227070855e-05, 2.86066042463e-05, 2.87159509753e-05, 2.95090303553e-05, 3.72890754079e-05, 4.76195345982e-05, 4.68483922305e-05, 4.3722029659e-05, 3.86909778172e-05, 4.24233694503e-05, 3.56223681592e-05, 4.13576635765e-05, 3.26957015204e-05, 1.7253223632e-05, 1.11319532152e-05, 1.30012558657e-05, 1.32271661641e-05, 6.67974518365e-06, 5.34109176442e-06, 5.09595110998e-06, 3.87755244446e-06, 3.27397378896e-06, 3.74772275791e-06, 3.92497486246e-06, 3.13514783556e-06, 2.81314305539e-06, 2.17920160139e-06, 1.94743734028e-06, 1.4742431631e-06],
        "dmean2": [0.00314663024619, 0.00324637116864, 0.00141949043609, 0.000600250612479, 0.000244748225668, 0.000134020287078, 9.07870271476e-05, 0.000114444672363, 0.000126865896164, 0.000134353089379, 0.000111601410026, 7.26382277207e-05, 4.43826538685e-05, 4.3558778998e-05, 4.71522616863e-05, 5.82513057452e-05, 7.67945457483e-05, 7.33477427275e-05, 6.87684296281e-05, 6.25082757324e-05, 7.1615082561e-05, 5.76989077672e-05, 6.63375831209e-05, 5.35406325071e-05, 2.86702870653e-05, 1.83132451639e-05, 2.11612714338e-05, 2.08678193303e-05, 1.06152392618e-05, 9.10257131181e-06, 8.64857702254e-06, 6.30824251857e-06, 5.21477522852e-06, 5.98105998506e-06, 6.43742441753e-06, 5.09444316776e-06, 4.51623418485e-06, 3.47287732438e-06, 3.27791940435e-06, 2.51226492765e-06],
        "dvar": [1.69002742041e-05, 2.50297234743e-05, 3.63014191862e-06, 7.35963851639e-07, 1.27819475892e-07, 3.92763581658e-08, 1.10021796118e-08, 1.65772178207e-08, 2.49693208332e-08, 2.9462887241e-08, 2.64751633949e-08, 1.43730165547e-08, 3.24314686218e-09, 3.280446359e-09, 4.52412551866e-09, 5.19713427849e-09, 7.67949259739e-09, 7.78103803611e-09, 6.21469409268e-09, 4.38799263591e-09, 6.59708376816e-09, 4.66838967483e-09, 4.88262541509e-09, 3.21297521921e-09, 1.12377152028e-09, 3.38751943163e-10, 5.03908303973e-10, 4.15428330625e-10, 1.15481048335e-10, 1.51227697032e-10, 1.43687214904e-10, 6.55720755471e-11, 3.59123737692e-11, 6.17919118651e-11, 8.51441903094e-11, 4.63529770123e-11, 4.68564423373e-11, 2.86943767358e-11, 3.28342977807e-11, 1.76829974274e-11],
        "dvar2": [3.80242490792e-05, 6.84268961777e-05, 9.64215178101e-06, 1.6429274865e-06, 3.50001755578e-07, 1.08784490749e-07, 2.83507777254e-08, 4.27864534913e-08, 6.61641195165e-08, 7.22845570067e-08, 5.77866039464e-08, 2.63950177271e-08, 7.57535900675e-09, 7.00872471171e-09, 1.11416111892e-08, 1.19669678611e-08, 1.90414137791e-08, 1.45972309795e-08, 1.54964823196e-08, 1.06870077232e-08, 1.75046945827e-08, 1.2669431726e-08, 1.23040599931e-08, 8.33125923805e-09, 3.03595171225e-09, 8.99252117215e-10, 1.30156641021e-09, 1.01916164397e-09, 2.86977580588e-10, 4.20296131232e-10, 3.91610549544e-10, 1.7650975126e-10, 9.40326774779e-11, 1.63048602397e-10, 2.29928090456e-10, 1.22131471603e-10, 1.15572773574e-10, 6.60284535381e-11, 8.52608608715e-11, 4.84646489607e-11],
        "max": [0.043438449502, 0.0412927977741, 0.0157298631966, 0.00847433134913, 0.00351045420393, 0.00231969822198, 0.00078388460679, 0.00128677207977, 0.00209784181789, 0.00196726154536, 0.00270423805341, 0.00172485306393, 0.000618812802713, 0.000871956697665, 0.000978335738182, 0.000968794804066, 0.000982839846984, 0.0015979623422, 0.00111039204057, 0.000802180496976, 0.000890450668521, 0.000765423639677, 0.000696583127137, 0.000674702692777, 0.000347548484569, 0.000130148124299, 0.000248718220973, 0.000268289295491, 9.39148449106e-05, 0.000122647732496, 8.88733848114e-05, 0.000101712816104, 4.75250162708e-05, 6.80974189891e-05, 6.58288190607e-05, 5.83672663197e-05, 8.31812940305e-05, 8.85894478415e-05, 5.71095733903e-05, 3.97271833208e-05],
        "mean": [0.00431168777868, 0.00257624476217, 0.00100101798307, 0.000401933677495, 0.000132254193886, 7.07870203769e-05, 5.33436577825e-05, 7.23017947166e-05, 8.87803835212e-05, 0.00012028295896, 9.15190612432e-05, 7.24278870621e-05, 4.00422395614e-05, 4.00100543629e-05, 3.60411868314e-05, 4.5922712161e-05, 6.04927372478e-05, 6.2936982431e-05, 5.52477722522e-05, 5.06240503455e-05, 5.14052335348e-05, 4.8140896979e-05, 5.53876743652e-05, 4.44272300228e-05, 2.06801014428e-05, 1.48566768985e-05, 1.8731381715e-05, 1.90757582459e-05, 8.48184026836e-06, 4.71280145575e-06, 4.45424848294e-06, 3.89217802876e-06, 3.88640501114e-06, 3.96104906031e-06, 3.75120816898e-06, 3.27923999066e-06, 2.99931343761e-06, 2.31415515373e-06, 1.75341824615e-06, 1.25805343032e-06],
        "median": [0.00150845898315, 0.0011214754777, 0.000495956977829, 0.000111663051939, 2.7792642868e-05, 1.46117372424e-05, 1.33714793265e-05, 2.10890520975e-05, 2.97686910926e-05, 3.84522754757e-05, 3.12228803523e-05, 1.33461871883e-05, 1.24300186144e-05, 1.26638979054e-05, 1.27348557726e-05, 1.57703780133e-05, 2.32229886024e-05, 1.98795096367e-05, 2.53951675404e-05, 2.28192748182e-05, 2.31719604926e-05, 2.68271542154e-05, 2.70047657978e-05, 1.92447496374e-05, 9.18312889553e-06, 9.47140597418e-06, 1.17256822705e-05, 1.10626842798e-05, 4.58638851342e-06, 1.41612451898e-06, 1.30730757064e-06, 1.3261579852e-06, 1.84311397788e-06, 1.65874860159e-06, 1.27578073261e-06, 1.18113496228e-06, 1.10760322514e-06, 9.11228369205e-07, 4.26726757041e-07, 2.970772357e-07],
        "min": [1.68900582409e-09, 6.67195410031e-10, 1.09958953054e-09, 3.9750954528e-08, 1.30986261837e-08, 2.96698732249e-09, 1.47797984962e-09, 6.36278141286e-10, 4.80057438246e-10, 1.37414479795e-09, 2.68236743928e-09, 4.51542048197e-09, 1.33445987593e-09, 2.87966495094e-09, 2.28342078579e-09, 1.79937487133e-09, 1.56721580158e-09, 6.30402396951e-10, 3.97733901369e-10, 7.29262261689e-10, 3.35275557317e-10, 2.80361039939e-10, 2.64961025342e-10, 1.54591534018e-10, 4.42645642362e-10, 2.05556516253e-10, 3.39268252381e-10, 3.01250219215e-10, 7.9914477813e-11, 3.61968788276e-11, 2.49744339792e-11, 2.06713066803e-11, 5.33566038574e-11, 1.86759930437e-11, 1.04488041483e-11, 4.52134727227e-12, 4.42392867131e-12, 5.76063806032e-12, 6.06695249594e-12, 3.95858302735e-12],
        "stdev": [0.00633460329846, 0.00468310201541, 0.00171890633646, 0.000904989545234, 0.000320895400364, 0.000173266977072, 0.000100827615825, 0.000131442211568, 0.000164795681485, 0.000221817099373, 0.000189952072105, 0.000180156421266, 7.32468251954e-05, 7.22046097508e-05, 7.3272472946e-05, 8.51173317642e-05, 0.000100539160485, 0.000119928190543, 8.50316428114e-05, 7.83297946327e-05, 8.25131719466e-05, 6.54274044791e-05, 7.79795736889e-05, 6.7031585786e-05, 3.23695858242e-05, 1.83356278285e-05, 2.36569740082e-05, 2.45000701398e-05, 1.13939686344e-05, 1.02765661723e-05, 1.01847590486e-05, 7.1703661888e-06, 5.77836135562e-06, 7.03791192791e-06, 7.86027794675e-06, 6.20031414655e-06, 6.49089588478e-06, 5.44828981219e-06, 5.1826186791e-06, 3.60735998584e-06],
        "var": [4.01271972805e-05, 2.19314460992e-05, 2.95463883049e-06, 8.19006118036e-07, 1.02973864102e-07, 3.0021446662e-08, 1.01662083196e-08, 1.72770562301e-08, 2.71576183764e-08, 4.92028284782e-08, 3.60817900003e-08, 3.24563345089e-08, 5.36509769944e-09, 5.21350518312e-09, 5.36885513824e-09, 7.24495974325e-09, 1.01081232273e-08, 1.43827714183e-08, 7.23038073858e-09, 6.13555695139e-09, 6.80842315859e-09, 4.28074553582e-09, 6.08081407449e-09, 4.49323334095e-09, 1.04779007692e-09, 3.36195266071e-10, 5.59652379994e-10, 6.0025345805e-10, 1.2982251385e-10, 1.05607821099e-10, 1.03729316803e-10, 5.14141541841e-11, 3.33894578652e-11, 4.95322047267e-11, 6.17839737704e-11, 3.84438973711e-11, 4.21317321309e-11, 2.96838630065e-11, 2.68595354291e-11, 1.30130463696e-11]
    },
    "melbands128": {
