{
"lowlevel": {
    "average_loudness": 0.95197480917,
    "barkbands_crest": {
        "dmean": 1.70644760132,
        "dmean2": 2.79527115822,
        "dvar": 5.02096748352,
        "dvar2": 12.9898042679,
        "max": 25.9884967804,
        "mean": 15.3496608734,
        "median": 15.3282384872,
        "min": 4.67840242386,
        "stdev": 4.3952331543,
        "var": 19.3180732727
    },
    "barkbands_flatness_db": {
        "dmean": 0.0226018559188,
        "dmean2": 0.0362429656088,
        "dvar": 0.000837708474137,
        "dvar2": 0.00205240072682,
        "max": 0.578946530819,
        "mean": 0.411751806736,
        "median": 0.412812530994,
        "min": 0.0674970149994,
        "stdev": 0.0661391466856,
        "var": 0.00437438674271
    },
    "barkbands_kurtosis": {
        "dmean": 6.29546308517,
        "dmean2": 10.1420383453,
        "dvar": 180.754745483,
        "dvar2": 486.250762939,
        "max": 318.873016357,
        "mean": 18.8682670593,
        "median": 11.2975645065,
        "min": -1.60821676254,
        "stdev": 25.9131183624,
        "var": 671.489685059
    },
    "barkbands_skewness": {
        "dmean": 0.537734150887,
        "dmean2": 0.852009534836,
        "dvar": 0.541901350021,
        "dvar2": 1.41949319839,
        "max": 11.9848861694,
        "mean": 2.81924080849,
        "median": 2.44200706482,
        "min": -1.91003715992,
        "stdev": 1.64217090607,
        "var": 2.69672513008
    },
    "barkbands_spread": {
        "dmean": 0.804461479187,
        "dmean2": 1.25907504559,
        "dvar": 2.48823428154,
        "dvar2": 4.98560285568,
        "max": 29.9734096527,
        "mean": 3.75904464722,
        "median": 2.40223026276,
        "min": 0.215707287192,
        "stdev": 3.95989108086,
        "var": 15.6807374954
    },
    "dissonance": {
        "dmean": 0.0293638203293,
        "dmean2": 0.0494384467602,
        "dvar": 0.000976524781436,
        "dvar2": 0.00260672904551,
        "max": 0.496789693832,
        "mean": 0.398986339569,
        "median": 0.403056293726,
        "min": 0.0192047432065,
        "stdev": 0.0496715344489,
        "var": 0.00246726116166
    },
    "dynamic_complexity": 3.44011664391,
    "erbbands_crest": {
        "dmean": 1.80616211891,
        "dmean2": 2.89667034149,
        "dvar": 5.30762624741,
        "dvar2": 12.5568780899,
        "max": 29.0788345337,
        "mean": 12.707652092,
        "median": 11.5168895721,
        "min": 3.45416927338,
        "stdev": 4.97066831589,
        "var": 24.7075443268
    },
    "erbbands_flatness_db": {
        "dmean": 0.0138286408037,
        "dmean2": 0.021773070097,
        "dvar": 0.000299124338198,
        "dvar2": 0.000641364080366,
        "max": 0.461038082838,
        "mean": 0.341827571392,
        "median": 0.342978596687,
        "min": 0.0907701775432,
        "stdev": 0.0443302616477,
        "var": 0.00196517212316
    },
    "erbbands_kurtosis": {
        "dmean": 1.41275405884,
        "dmean2": 2.17930054665,
        "dvar": 7.06605768204,
        "dvar2": 15.6917676926,
        "max": 47.0137672424,
        "mean": 3.77456688881,
        "median": 2.83675098419,
        "min": -1.88292956352,
        "stdev": 5.34332275391,
        "var": 28.5510959625
    },
    "erbbands_skewness": {
        "dmean": 0.307132482529,
        "dmean2": 0.466573536396,
        "dvar": 0.188413277268,
        "dvar2": 0.383341521025,
        "max": 6.20783805847,
        "mean": 1.44283246994,
        "median": 1.42451620102,
        "min": -2.7894513607,
        "stdev": 1.07229948044,
        "var": 1.14982628822
    },
    "erbbands_spread": {
        "dmean": 2.79207253456,
        "dmean2": 4.14922237396,
        "dvar": 14.3209218979,
        "dvar2": 30.9111766815,
        "max": 52.5096168518,
        "mean": 17.6382484436,
        "median": 14.702419281,
        "min": 2.1514108181,
        "stdev": 10.8165512085,
        "var": 116.997787476
    },
    "hfc": {
        "dmean": 1.92647790909,
        "dmean2": 2.96510767937,
        "dvar": 11.284078598,
        "dvar2": 23.0384368896,
        "max": 52.5643501282,
        "mean": 10.4683952332,
        "median": 9.15141010284,
        "min": 1.16995658216e-16,
        "stdev": 8.30570220947,
        "var": 68.9846878052
    },
    "loudness_ebu128": {
        "integrated": -10.5223531723,
        "loudness_range": 3.47509098053,
        "momentary": {
            "dmean": 0.938450396061,
            "dmean2": 0.841545164585,
            "dvar": 1.6907633543,
            "dvar2": 2.07637763023,
            "max": -7.12595748901,
            "mean": -11.8956775665,
            "median": -10.5847883224,
            "min": -26.2943744659,
            "stdev": 3.89140915871,
            "var": 15.1430644989
        },
        "short_term": {
            "dmean": 0.157367110252,
            "dmean2": 0.0678022578359,
            "dvar": 0.00920820049942,
            "dvar2": 0.00732654891908,
            "max": -8.20683193207,
            "mean": -10.7904577255,
            "median": -10.7313890457,
            "min": -14.3130846024,
            "stdev": 1.21388447285,
            "var": 1.47351551056
        }
    },
    "melbands_crest": {
        "dmean": 1.94730079174,
        "dmean2": 3.13324165344,
        "dvar": 6.5697312355,
        "dvar2": 16.9689369202,
        "max": 33.0698699951,
        "mean": 19.2246494293,
        "median": 19.2807750702,
        "min": 2.97134709358,
        "stdev": 5.81203460693,
        "var": 33.7797470093
    },
    "melbands_flatness_db": {
        "dmean": 0.0236544422805,
        "dmean2": 0.0376479551196,
        "dvar": 0.00105018296745,
        "dvar2": 0.00245807180181,
        "max": 0.72859030962,
        "mean": 0.536547780037,
        "median": 0.539760410786,
        "min": 0.0075535424985,
        "stdev": 0.0783914327621,
        "var": 0.0061452165246
    },
    "melbands_kurtosis": {
        "dmean": 7.35287332535,
        "dmean2": 11.8117074966,
        "dvar": 174.219406128,
        "dvar2": 463.815551758,
        "max": 223.825836182,
        "mean": 24.4061088562,
        "median": 15.6438713074,
        "min": -1.41407740116,
        "stdev": 27.3486042023,
        "var": 747.946105957
    },
    "melbands_skewness": {
        "dmean": 0.506779789925,
        "dmean2": 0.802751779556,
        "dvar": 0.418309509754,
        "dvar2": 1.09888875484,
        "max": 10.3313570023,
        "mean": 3.16759085655,
        "median": 2.80718803406,
        "min": -0.520239710808,
        "stdev": 1.51378619671,
        "var": 2.29154849052
    },
    "melbands_spread": {
        "dmean": 1.00529801846,
        "dmean2": 1.49662792683,
        "dvar": 16.5585613251,
        "dvar2": 18.186416626,
        "max": 149.604370117,
        "mean": 4.1466422081,
        "median": 2.46625542641,
        "min": 0.313371777534,
        "stdev": 5.86794424057,
        "var": 34.4327697754
    },
    "pitch_salience": {
        "dmean": 0.0615132264793,
        "dmean2": 0.100906006992,
        "dvar": 0.00660778954625,
        "dvar2": 0.0173850376159,
        "max": 0.941938459873,
        "mean": 0.444795131683,
        "median": 0.441830188036,
        "min": 0.082133308053,
        "stdev": 0.150484904647,
        "var": 0.0226457081735
    },
    "silence_rate_20dB": {
        "dmean": 0,
        "dmean2": 0,
        "dvar": 0,
        "dvar2": 0,
        "max": 1,
        "mean": 1,
        "median": 1,
        "min": 1,
        "stdev": 0,
        "var": 0
    },
    "silence_rate_30dB": {
        "dmean": 0.0278637763113,
        "dmean2": 0.0557707212865,
        "dvar": 0.0270875431597,
        "dvar2": 0.0573080219328,
        "max": 1,
        "mean": 0.877803564072,
        "median": 1,
        "min": 0,
        "stdev": 0.327511698008,
        "var": 0.107263915241
    },
    "silence_rate_60dB": {
        "dmean": 0.0170278642327,
        "dmean2": 0.0333075150847,
        "dvar": 0.0167378913611,
        "dvar2": 0.0368462540209,
        "max": 1,
        "mean": 0.0572312436998,
        "median": 0,
        "min": 0,
        "stdev": 0.232284158468,
        "var": 0.0539559274912
    },
    "spectral_centroid": {
        "dmean": 43.0989952087,
        "dmean2": 62.7896385193,
        "dvar": 76600.6171875,
        "dvar2": 76229.2890625,
        "max": 10656.3759766,
        "mean": 330.531860352,
        "median": 270.115539551,
        "min": 125.770309448,
        "stdev": 324.325469971,
        "var": 105187.015625
    },
    "spectral_complexity": {
        "dmean": 1.05804955959,
        "dmean2": 1.76142525673,
        "dvar": 1.8936984539,
        "dvar2": 4.08249330521,
        "max": 23,
        "mean": 8.22041797638,
        "median": 8,
        "min": 0,
        "stdev": 3.95256114006,
        "var": 15.6227397919
    },
    "spectral_decrease": {
        "dmean": 3.07607184169e-09,
        "dmean2": 4.86360551832e-09,
        "dvar": 4.55757955584e-17,
        "dvar2": 9.09543184668e-17,
        "max": -1.0193372614e-30,
        "mean": -1.47813432605e-08,
        "median": -1.24534880186e-08,
        "min": -7.7653915298e-08,
        "stdev": 1.41205429571e-08,
        "var": 1.99389729369e-16
    },
    "spectral_energy": {
        "dmean": 0.0117677953094,
        "dmean2": 0.0185937546194,
        "dvar": 0.000661218713503,
        "dvar2": 0.00131924159359,
        "max": 0.297850728035,
        "mean": 0.0567376539111,
        "median": 0.0478512533009,
        "min": 1.06157072095e-20,
        "stdev": 0.0538426600397,
        "var": 0.00289903208613
    },
    "spectral_energyband_high": {
        "dmean": 6.41659937628e-07,
        "dmean2": 8.91773936473e-07,
        "dvar": 5.31643956289e-12,
        "dvar2": 1.04040144555e-11,
        "max": 4.74509106425e-05,
        "mean": 1.42310966567e-06,
        "median": 1.7207081271e-07,
        "min": 7.65829498937e-21,
        "stdev": 4.01819488616e-06,
        "var": 1.61458919151e-11
    },
    "spectral_energyband_low": {
        "dmean": 0.00853940378875,
        "dmean2": 0.0139066874981,
        "dvar": 0.000605289475061,
        "dvar2": 0.00134207122028,
        "max": 0.269499033689,
        "mean": 0.035880561918,
        "median": 0.0270944237709,
        "min": 1.16339249927e-22,
        "stdev": 0.0461110398173,
        "var": 0.0021262280643
    },
    "spectral_energyband_middle_high": {
        "dmean": 0.000279442523606,
        "dmean2": 0.000410869863117,
        "dvar": 5.80208450174e-07,
        "dvar2": 1.13150485959e-06,
        "max": 0.0127079123631,
        "mean": 0.00112712103873,
        "median": 0.000303582812194,
        "min": 1.39656713583e-21,
        "stdev": 0.00204208260402,
        "var": 4.17010141973e-06
    },
    "spectral_energyband_middle_low": {
        "dmean": 0.00583967240527,
        "dmean2": 0.00953684095293,
        "dvar": 0.000128091720399,
        "dvar2": 0.00033029660699,
        "max": 0.147323489189,
        "mean": 0.0219307709485,
        "median": 0.0177685581148,
        "min": 4.25339057863e-22,
        "stdev": 0.0173034258187,
        "var": 0.000299408537103
    },
    "spectral_entropy": {
        "dmean": 0.151168569922,
        "dmean2": 0.235859885812,
        "dvar": 0.0578285083175,
        "dvar2": 0.116761304438,
        "max": 9.78896999359,
        "mean": 5.37363243103,
        "median": 5.37067651749,
        "min": 3.74960041046,
        "stdev": 0.542226314545,
        "var": 0.294009387493
    },
    "spectral_flux": {
        "dmean": 0.0269733872265,
        "dmean2": 0.0430901013315,
        "dvar": 0.00200860225596,
        "dvar2": 0.00413349131122,
        "max": 0.490994870663,
        "mean": 0.056104902178,
        "median": 0.0339592210948,
        "min": 1.0303255471e-10,
        "stdev": 0.0645628124475,
        "var": 0.00416835676879
    },
    "spectral_kurtosis": {
        "dmean": 28.5140037537,
        "dmean2": 49.1126327515,
        "dvar": 816.570617676,
        "dvar2": 2181.83105469,
        "max": 339.133148193,
        "mean": 88.9424209595,
        "median": 75.4524002075,
        "min": -1.190767169,
        "stdev": 59.4159660339,
        "var": 3530.25708008
    },
    "spectral_rms": {
        "dmean": 0.000710868684109,
        "dmean2": 0.00110522320028,
        "dvar": 1.68392659816e-06,
        "dvar2": 3.17359967994e-06,
        "max": 0.0170465856791,
        "mean": 0.00661745108664,
        "median": 0.00683258008212,
        "min": 3.21819632575e-12,
        "stdev": 0.00340047222562,
        "var": 1.15632119559e-05
    },
    "spectral_rolloff": {
        "dmean": 73.3493347168,
        "dmean2": 121.259307861,
        "dvar": 264893.5625,
        "dvar2": 307196,
        "max": 18475.4882812,
        "mean": 351.81048584,
        "median": 258.3984375,
        "min": 64.599609375,
        "stdev": 574.896606445,
        "var": 330506.09375
    },
    "spectral_skewness": {
        "dmean": 1.50447762012,
        "dmean2": 2.62320876122,
        "dvar": 1.64616179466,
        "dvar2": 4.37331342697,
        "max": 15.0176496506,
        "mean": 6.50411462784,
        "median": 6.09370231628,
        "min": 0.0430798605084,
        "stdev": 2.80670881271,
        "var": 7.8776140213
    },
    "spectral_spread": {
        "dmean": 364605.25,
        "dmean2": 602888.125,
        "dvar": 1.34362208666e+12,
        "dvar2": 1.19751822541e+12,
        "max": 40838108,
        "mean": 1156003.125,
        "median": 1075590.5,
        "min": 261784.40625,
        "stdev": 1420866.75,
        "var": 2.01886243226e+12
    },
    "spectral_strongpeak": {
        "dmean": 0.154560953379,
        "dmean2": 0.271155297756,
        "dvar": 0.113387353718,
        "dvar2": 0.29234457016,
        "max": 5.30222320557,
        "mean": 0.79159194231,
        "median": 0.713195681572,
        "min": 0,
        "stdev": 0.435127854347,
        "var": 0.189336240292
    },
    "zerocrossingrate": {
        "dmean": 0.00222901138477,
        "dmean2": 0.00275078974664,
        "dvar": 0.000203016141313,
        "dvar2": 0.000210881204112,
        "max": 0.51318359375,
        "mean": 0.0132855549455,
        "median": 0.01025390625,
        "min": 0.001953125,
        "stdev": 0.0162236709148,
        "var": 0.000263207475655
    },
    "barkbands": {
        "dmean": [0.000193567902897, 0.00631863763556, 0.00269583868794, 0.00244594272226, 0.0034272079356, 0.00103002635296, 0.000410163862398, 0.000219717345317, 0.000132784218295, 7.06000937498e-05, 1.71669562405e-05, 1.82172443601e-05, 4.22673037974e-05, 6.11123614362e-05, 0.000146268241224, 2.53187718045e-05, 2.28546850849e-05, 1.04118144009e-05, 1.40647398439e-06, 1.07574817321e-06, 1.80280878226e-07, 5.46677902946e-08, 1.46144589763e-08, 1.26521149113e-08, 2.37623538624e-08, 1.74929599694e-08, 3.28096172453e-09],
        "dmean2": [0.000224722141866, 0.00979302544147, 0.00466739572585, 0.00401601195335, 0.00550128379837, 0.00164042471442, 0.000598053215072, 0.00034806682379, 0.000195737215108, 8.47673072712e-05, 2.72341148957e-05, 2.67240429821e-05, 5.9636295191e-05, 9.20366655919e-05, 0.000218844390474, 3.75642994186e-05, 3.80025339837e-05, 1.46706724991e-05, 2.13132602767e-06, 1.60240904279e-06, 2.8498550364e-07, 8.57573425606e-08, 2.34237358399e-08, 2.16595985592e-08, 4.11097893505e-08, 3.18125650267e-08, 5.83429704548e-09],
        "dvar": [4.01882175538e-07, 0.000396984600229, 0.000106892992335, 3.40932965628e-05, 3.62845421478e-05, 4.33976356362e-06, 1.34053891543e-06, 7.16373676823e-07, 1.3138048871e-07, 5.94977862534e-08, 4.92885865455e-09, 2.31472996326e-09, 1.99622451902e-08, 6.8568724032e-08, 2.85107148557e-07, 1.21173977519e-08, 6.0164278004e-09, 8.87849127551e-10, 2.06792326318e-11, 1.27739069322e-11, 4.67623769568e-13, 6.05070803032e-14, 3.82539518386e-15, 2.93554323882e-15, 1.60563158906e-14, 3.03169651316e-15, 1.13575683282e-16],
        "dvar2": [5.85392058383e-07, 0.000838404579554, 0.000290586205665, 8.79143044585e-05, 9.53943745117e-05, 1.0926601135e-05, 2.69519364338e-06, 1.77380434252e-06, 2.58122753394e-07, 7.95954164801e-08, 9.73143432503e-09, 4.35463087811e-09, 3.03452978301e-08, 1.29548425321e-07, 5.74699583922e-07, 2.38034054689e-08, 1.89017494989e-08, 1.61755575601e-09, 4.15436574031e-11, 2.77978907254e-11, 1.16765364738e-12, 1.51583972696e-13, 9.42049884552e-15, 7.88399547876e-15, 4.19474669572e-14, 8.7058385132e-15, 2.86731558195e-16],
        "max": [0.0101947411895, 0.264024972916, 0.141045480967, 0.0817096754909, 0.0693822205067, 0.0373337157071, 0.0301308576018, 0.0269353520125, 0.00762734049931, 0.00775797432289, 0.00227677938528, 0.0013054945739, 0.00319205131382, 0.00695180799812, 0.0115269059315, 0.0035163317807, 0.00208223797381, 0.000593735312577, 8.35001992527e-05, 7.08381194272e-05, 1.15691082101e-05, 4.0818395064e-06, 1.13220608e-06, 1.12119721507e-06, 2.55778672908e-06, 9.10707626645e-07, 2.79461687569e-07],
        "mean": [0.000620686740149, 0.0217518154532, 0.0113456984982, 0.00537688611075, 0.00989461876452, 0.00424580927938, 0.00134136364795, 0.000535800529178, 0.000452369567938, 0.000222636532271, 3.51197159034e-05, 6.05371496931e-05, 0.000106611732917, 0.000132146946271, 0.000452192733064, 6.25826869509e-05, 6.72797759762e-05, 2.75927468465e-05, 3.30752163791e-06, 2.21554319069e-06, 3.28852706843e-07, 8.54068886724e-08, 2.24912994895e-08, 1.62981521612e-08, 2.93727939749e-08, 1.82060020393e-08, 3.36832339798e-09],
        "median": [1.56915348271e-06, 0.00352353067137, 0.00353551981971, 0.00304373400286, 0.00754565931857, 0.00293284351937, 0.000290711788693, 3.35051809088e-05, 0.000118959069368, 2.60402521235e-05, 6.49083131066e-06, 1.43161842061e-05, 1.55804973474e-05, 1.92526877072e-05, 3.65729756595e-05, 8.83060602064e-06, 5.90543913859e-06, 2.52629888564e-06, 3.50823739836e-07, 2.05077967053e-07, 3.61551819594e-08, 8.37414848576e-09, 3.43868333808e-09, 3.43931549907e-09, 4.79518602603e-09, 7.1138686053e-09, 1.18961684947e-09],
        "min": [2.27824449377e-23, 8.40399901841e-23, 1.06155371185e-23, 1.259850782e-23, 6.18345023352e-23, 1.19081582869e-22, 7.15853847927e-23, 9.15241470947e-23, 5.06940066833e-23, 6.23060707625e-23, 4.94907224346e-23, 4.57931609779e-23, 9.05927169358e-23, 5.32633960713e-23, 1.39011692945e-22, 1.85336079167e-22, 9.3053577996e-23, 2.8189680653e-22, 2.86344467422e-22, 3.75799527026e-22, 5.05722595709e-22, 3.93565507649e-22, 6.32798116339e-22, 8.40729936e-22, 1.05075565756e-21, 1.88638599277e-21, 2.29667928961e-21],
        "stdev": [0.00185063539539, 0.0402868874371, 0.0173843186349, 0.00756940199062, 0.00963421072811, 0.00480981916189, 0.00318512413651, 0.00199074670672, 0.00101650308352, 0.00069336121669, 0.000140188116347, 0.000119410753541, 0.000305218389258, 0.000502706039697, 0.00139468768612, 0.000201992486836, 0.000195510001504, 6.66911582812e-05, 8.33704416436e-06, 6.35795731796e-06, 9.27097175918e-07, 2.74928709132e-07, 7.54195639274e-08, 5.87530877283e-08, 1.33067828756e-07, 4.69438887762e-08, 1.02777972799e-08],
        "var": [3.42485122928e-06, 0.0016230334295, 0.000302214553813, 5.72958451812e-05, 9.28180161281e-05, 2.31343619816e-05, 1.01450159491e-05, 3.96307268602e-06, 1.0332785223e-06, 4.80749747567e-07, 1.96527061291e-08, 1.42589273722e-08, 9.31582633257e-08, 2.52713363125e-07, 1.94515382645e-06, 4.08009661612e-08, 3.8224158061e-08, 4.44771020014e-09, 6.95063104295e-11, 4.04236227824e-11, 8.59509186914e-13, 7.55857981999e-14, 5.68811084388e-15, 3.45192522841e-15, 1.77070475795e-14, 2.20372858349e-15, 1.0563312151e-16]
    },
    "erbbands": {
        "dmean": [0.183937326074, 1.55828905106, 3.20176482201, 4.81916236877, 13.0366239548, 10.8725776672, 8.44356822968, 8.02491378784, 5.04818296432, 8.90459156036, 3.16139936447, 3.0037856102, 2.85356903076, 1.38788664341, 0.722674787045, 0.777977824211, 1.78275263309, 3.67874789238, 6.08851671219, 4.83425474167, 1.19939863682, 0.921637654305, 0.676989912987, 0.334219992161, 0.0601571202278, 0.0474416464567, 0.0126110957935, 0.0032505041454, 0.00206231907941, 0.00103049993049, 0.000351697992301, 0.000233708822634, 0.000220443005674, 0.000288646115223, 0.000158490409376, 6.55833864585e-05, 3.72016438632e-05, 6.86524526827e-06, 5.23244807482e-06, 1.27909488583e-05],
        "dmean2": [0.226008430123, 2.54748129845, 5.49809598923, 7.64106321335, 20.9586811066, 17.9517803192, 12.9397039413, 13.0232381821, 7.84094524384, 13.2818126678, 4.4642124176, 4.51341629028, 3.62148404121, 1.66179776192, 1.09808528423, 1.13071322441, 2.51614665985, 5.47335290909, 9.27056503296, 7.14562129974, 1.78463637829, 1.49997079372, 1.06509804726, 0.441765844822, 0.0895764529705, 0.0679044127464, 0.018516337499, 0.00508800242096, 0.00321347988211, 0.00162024330348, 0.000567309965845, 0.000395319337258, 0.000381738791475, 0.000488222751301, 0.000277401675703, 0.000119283344247, 6.68973225402e-05, 1.21521852634e-05, 8.22047604743e-06, 2.01957736863e-05],
        "dvar": [0.336406946182, 25.2900619507, 144.270019531, 119.145393372, 863.503295898, 328.691375732, 271.559814453, 311.55871582, 144.306213379, 1267.66882324, 100.532875061, 70.1355514526, 92.8157424927, 18.6280326843, 5.26637792587, 4.06493997574, 28.5645523071, 261.298461914, 659.49987793, 379.722076416, 12.236661911, 7.88026762009, 4.36471176147, 1.04919576645, 0.0338869206607, 0.0342495702207, 0.00207399670035, 0.000212886618101, 8.11135105323e-05, 2.93014527415e-05, 1.82163273621e-06, 6.78424953549e-07, 1.1139528624e-06, 3.13777741212e-06, 5.20300091011e-07, 6.33061461031e-08, 1.295015295e-08, 4.74437822362e-10, 1.26611471307e-10, 7.73792308006e-10],
        "dvar2": [0.503992259502, 58.1463623047, 395.525939941, 292.120605469, 2123.79833984, 957.292236328, 648.603027344, 814.814941406, 334.663085938, 2960.57299805, 184.819091797, 152.527877808, 137.117630005, 22.1512718201, 11.2523002625, 7.52448272705, 44.0336952209, 471.649627686, 1319.82092285, 779.494445801, 25.2190246582, 24.0204563141, 12.0818634033, 1.70012927055, 0.0636722519994, 0.0683494731784, 0.00471129873767, 0.000550029973965, 0.000204386131372, 7.09504383849e-05, 4.45778778158e-06, 1.78738389423e-06, 2.95777681458e-06, 8.01470469014e-06, 1.3948878177e-06, 1.83066504178e-07, 3.65187560192e-08, 1.25609544988e-09, 2.46928644199e-10, 1.54248325224e-09],
        "max": [9.3563747406, 54.9579391479, 146.426940918, 132.37588501, 338.601318359, 190.837280273, 240.810394287, 350.485717773, 277.390899658, 792.859558105, 269.203735352, 215.867950439, 234.944244385, 205.540679932, 65.8157043457, 58.5974197388, 117.76058197, 437.040435791, 749.106323242, 637.286560059, 86.0281448364, 77.1051940918, 63.5939369202, 24.6061248779, 3.73286819458, 4.43989562988, 0.974138796329, 0.300072908401, 0.148142412305, 0.0943153873086, 0.0228543430567, 0.0154744489118, 0.0250753667206, 0.0377065874636, 0.0132461609319, 0.00530042219907, 0.00162289000582, 0.000475736858789, 0.00013507741096, 0.000325213040924],
        "mean": [0.669315218925, 4.69216918945, 13.1357078552, 14.6703119278, 23.9891757965, 37.8793525696, 39.3498191833, 31.2939720154, 15.0003032684, 26.2841873169, 8.74583053589, 10.7051105499, 7.71470308304, 5.70480537415, 2.00222921371, 2.66636562347, 4.99238967896, 8.32568359375, 18.4108428955, 14.1269950867, 3.41225814819, 3.08402609825, 1.91703009605, 0.964883327484, 0.145942077041, 0.104157403111, 0.0274089034647, 0.00587265752256, 0.00345909805037, 0.00156603241339, 0.000606490648352, 0.00039877317613, 0.000279585219687, 0.000396969466237, 0.000215227963054, 8.95549237612e-05, 5.32137819391e-05, 9.33966475714e-06, 2.59242497123e-05, 6.19765269221e-05],
        "median": [0.0214448105544, 1.28763210773, 8.21042060852, 9.44287490845, 13.102514267, 23.5667610168, 25.6939315796, 18.1469306946, 5.64937019348, 3.22780632973, 1.03974056244, 2.74762988091, 1.94726157188, 0.647280991077, 0.566376984119, 0.855765938759, 0.98480117321, 1.29179430008, 1.76743495464, 1.01203358173, 0.678026437759, 0.368046969175, 0.225722044706, 0.0733049958944, 0.0165580697358, 0.00946723110974, 0.00311363115907, 0.000938723678701, 0.000406950857723, 0.000186529752682, 0.000119864722365, 9.89333129837e-05, 8.38498817757e-05, 7.8081022366e-05, 6.42021987005e-05, 4.6655350161e-05, 2.91139222099e-05, 5.01996737512e-06, 2.19536359509e-05, 5.24313873029e-05],
        "min": [3.32053360385e-21, 1.53836206889e-20, 1.43806480403e-20, 3.53449687476e-20, 3.19539159771e-20, 2.41737614507e-19, 1.07808403448e-18, 6.65236122806e-19, 7.66531885137e-19, 1.27466205949e-18, 2.47298527461e-18, 1.23565253199e-18, 1.6976245289e-18, 1.84178070637e-18, 2.20380002377e-18, 1.33671332333e-18, 3.9145598706e-18, 2.74602229197e-18, 5.01798861566e-18, 9.47270445729e-18, 8.77807622918e-18, 6.0452894474e-18, 9.77740636209e-18, 1.64923882644e-17, 1.54947985195e-17, 1.79382569618e-17, 2.24929913472e-17, 1.65714832746e-17, 1.31344419503e-17, 1.77322856806e-17, 1.80311526533e-17, 1.61243507945e-17, 1.47757783895e-17, 1.19074187733e-17, 7.55248242023e-18, 6.2522181902e-18, 3.45346127303e-18, 1.44056636623e-18, 3.81940075444e-19, 3.028268156e-20],
        "stdev": [1.73696577549, 7.36279964447, 17.7026462555, 15.6629629135, 33.5070343018, 39.2941360474, 43.8498001099, 38.6067657471, 26.0876693726, 81.6980895996, 24.9406452179, 25.9595851898, 19.9295330048, 18.9246711731, 4.51970386505, 5.09433078766, 13.4393453598, 30.5995864868, 66.9251174927, 49.0828895569, 7.01729631424, 9.15975952148, 4.8688826561, 2.84147310257, 0.358655750751, 0.352570593357, 0.0716602429748, 0.015177003108, 0.0103226862848, 0.00601624092087, 0.00183856766671, 0.00112900033128, 0.00106770277489, 0.00189145666081, 0.000760193681344, 0.000214736777707, 0.000102266320027, 2.03805939236e-05, 2.41823381657e-05, 5.83662585996e-05],
        "var": [3.01705026627, 54.2108154297, 313.383666992, 245.328399658, 1122.72143555, 1544.02905273, 1922.80493164, 1490.4822998, 680.56652832, 6674.57763672, 622.035766602, 673.900024414, 397.186279297, 358.143157959, 20.4277229309, 25.952205658, 180.615997314, 936.334716797, 4478.97167969, 2409.13012695, 49.2424468994, 83.9011993408, 23.7060165405, 8.07396888733, 0.12863394618, 0.12430601567, 0.00513519067317, 0.000230341436691, 0.000106557847175, 3.61951533705e-05, 3.38033100888e-06, 1.27464181787e-06, 1.1399891946e-06, 3.57760836778e-06, 5.77894468279e-07, 4.61118858652e-08, 1.04583994798e-08, 4.1536857287e-10, 5.84785497804e-10, 3.40662031917e-09]
    },
    "gfcc": {
        "mean": [-179.248397827, 236.483230591, -82.7001724243, -12.8557682037, 4.60161828995, -30.2587337494, -42.3614692688, -14.821267128, -16.956205368, -13.0769863129, -9.94651889801, -15.1188850403, -2.68593239784],
        "cov": [[6994.99169922, 595.91784668, -1347.85046387, 1039.81616211, 566.726501465, -220.667648315, 625.906860352, 241.765258789, 396.178283691, 214.581466675, 245.92791748, 157.044754028, 377.618804932], [595.91784668, 477.606414795, 155.705368042, -27.4096851349, 147.577255249, 10.1416978836, 142.595993042, 38.0544967651, 128.998977661, 46.345287323, 78.5313186646, 9.02076339722, 69.1929702759], [-1347.85046387, 155.705368042, 1378.61303711, 27.617559433, -22.5184612274, 431.383117676, 145.479766846, 81.8723602295, 86.1473617554, -14.918258667, 79.1439666748, 97.6326828003, -5.33647680283], [1039.81616211, -27.4096851349, 27.617559433, 570.207214355, 233.935424805, 78.3653259277, 254.208908081, 120.822044373, 118.625656128, 36.8954048157, 101.860115051, 121.449424744, 90.9231414795], [566.726501465, 147.577255249, -22.5184612274, 233.935424805, 365.228942871, 65.3572311401, 92.5551376343, 62.5705413818, 112.931335449, 33.7239456177, 80.9814605713, 41.8719100952, 68.7431030273], [-220.667648315, 10.1416978836, 431.383117676, 78.3653259277, 65.3572311401, 330.42388916, 106.795036316, 39.064743042, 89.2094802856, 58.8735351562, 50.4575500488, 48.038734436, 25.7990608215], [625.906860352, 142.595993042, 145.479766846, 254.208908081, 92.5551376343, 106.795036316, 346.082275391, 124.317337036, 105.225204468, 75.9121780396, 98.0830001831, 63.4943351746, 66.1937942505], [241.765258789, 38.0544967651, 81.8723602295, 120.822044373, 62.5705413818, 39.064743042, 124.317337036, 165.984573364, 93.8248519897, 38.4107971191, 55.5526847839, 40.4905929565, -10.7505741119], [396.178283691, 128.998977661, 86.1473617554, 118.625656128, 112.931335449, 89.2094802856, 105.225204468, 93.8248519897, 217.307510376, 126.175865173, 66.7354278564, 28.5252628326, 26.9192771912], [214.581466675, 46.345287323, -14.918258667, 36.8954048157, 33.7239456177, 58.8735351562, 75.9121780396, 38.4107971191, 126.175865173, 197.195465088, 84.4042816162, -0.556176364422, 7.31771755219], [245.92791748, 78.5313186646, 79.1439666748, 101.860115051, 80.9814605713, 50.4575500488, 98.0830001831, 55.5526847839, 66.7354278564, 84.4042816162, 130.038223267, 56.5178871155, 20.4393520355], [157.044754028, 9.02076339722, 97.6326828003, 121.449424744, 41.8719100952, 48.038734436, 63.4943351746, 40.4905929565, 28.5252628326, -0.556176364422, 56.5178871155, 105.505523682, 49.8834609985], [377.618804932, 69.1929702759, -5.33647680283, 90.9231414795, 68.7431030273, 25.7990608215, 66.1937942505, -10.7505741119, 26.9192771912, 7.31771755219, 20.4393520355, 49.8834609985, 124.176132202]],
        "icov": [[0.000561933964491, -0.00133684417233, 0.000935387448408, -0.0014344007941, 0.000843050132971, -0.000731891777832, 0.000456527021015, -0.000552151061129, 9.23503248487e-05, 0.000123772813822, -0.000257864623563, 0.000410486827604, -0.000629020447377], [-0.00133684417233, 0.0098175117746, -0.00342942005955, 0.00749315088615, -0.0049721011892, 0.00517725106329, -0.00544989621267, 0.00383543968201, -0.00543639622629, 0.00282693770714, -0.00274259550497, 0.000480265618535, -0.000854580546729], [0.000935387448408, -0.00342942005955, 0.00332526490092, -0.00280482671224, 0.00256152777001, -0.00388087518513, 0.00132878869772, -0.00141584232915, 0.000368584675016, 0.00126421963796, -0.00103451765608, 0.00010515761096, -0.00020596847753], [-0.0014344007941, 0.00749315088615, -0.00280482671224, 0.0102647673339, -0.00585982436314, 0.0041094799526, -0.00624436931685, 0.00304363900796, -0.00378121226095, 0.00177954800893, -0.000349623529473, -0.00386888557114, 0.000859073770698], [0.000843050132971, -0.0049721011892, 0.00256152777001, -0.00585982436314, 0.00814066268504, -0.00401395745575, 0.00415033521131, -0.00262268004008, -7.73807987571e-05, 0.00192925566807, -0.0035379040055, 0.00377627369016, -0.00253615248948], [-0.000731891777832, 0.00517725106329, -0.00388087518513, 0.0041094799526, -0.00401395745575, 0.0092794066295, -0.00390927679837, 0.00315369223244, -0.00305296597071, -0.00112415011972, 0.000920551538002, -0.00168962380849, 7.14639245416e-05], [0.000456527021015, -0.00544989621267, 0.00132878869772, -0.00624436931685, 0.00415033521131, -0.00390927679837, 0.010235959664, -0.00614818371832, 0.00404010107741, -0.00222974247299, -0.00109856610652, 0.00295479316264, -0.00294691091403], [-0.000552151061129, 0.00383543968201, -0.00141584232915, 0.00304363900796, -0.00262268004008, 0.00315369223244, -0.00614818371832, 0.0143611533567, -0.00700158858672, 0.00294363917783, -0.00137486308813, -0.0039732628502, 0.0057366406545], [9.23503248487e-05, -0.00543639622629, 0.000368584675016, -0.00378121226095, -7.73807987571e-05, -0.00305296597071, 0.00404010107741, -0.00700158858672, 0.0163335781544, -0.0104965390638, 0.00625088810921, -0.00193528993987, 0.000276491249679], [0.000123772813822, 0.00282693770714, 0.00126421963796, 0.00177954800893, 0.00192925566807, -0.00112415011972, -0.00222974247299, 0.00294363917783, -0.0104965390638, 0.0164263490587, -0.0123640624806, 0.00679775886238, -0.0019794893451], [-0.000257864623563, -0.00274259550497, -0.00103451765608, -0.000349623529473, -0.0035379040055, 0.000920551538002, -0.00109856610652, -0.00137486308813, 0.00625088810921, -0.0123640624806, 0.0235082674772, -0.0127400299534, 0.00537974759936], [0.000410486827604, 0.000480265618535, 0.00010515761096, -0.00386888557114, 0.00377627369016, -0.00168962380849, 0.00295479316264, -0.0039732628502, -0.00193528993987, 0.00679775886238, -0.0127400299534, 0.0243040211499, -0.00998444948345], [-0.000629020447377, -0.000854580546729, -0.00020596847753, 0.000859073770698, -0.00253615248948, 7.14639245416e-05, -0.00294691091403, 0.0057366406545, 0.000276491249679, -0.0019794893451, 0.00537974759936, -0.00998444948345, 0.0164430439472]]
    },
    "melbands": {
        "dmean": [0.00174322118983, 0.00173630623613, 0.00106303731445, 0.000794888474047, 0.000332731433446, 0.000180069779162, 7.92692590039e-05, 8.66933260113e-05, 2.23749575525e-05, 1.88478079508e-05, 1.42635617522e-05, 5.79549032409e-06, 2.5781862405e-06, 2.13892985812e-06, 3.02345506498e-06, 5.06509422848e-06, 6.5949357122e-06, 9.24555206439e-06, 8.63045534061e-06, 4.11322935179e-06, 1.17310491987e-06, 8.70371138717e-07, 1.33678406655e-06, 6.07856861734e-07, 2.46499638479e-07, 4.16790300051e-08, 4.96001817396e-08, 2.78461715908e-08, 9.68133306856e-09, 3.26337512568e-09, 1.46462275641e-09, 1.21569576628e-09, 9.91213222612e-10, 4.53878462592e-10, 2.09564643416e-10, 1.74987080381e-10, 1.26655297361e-10, 1.37755612473e-10, 1.71725744735e-10, 3.07748881934e-10],
        "dmean2": [0.00242722942494, 0.00288138631731, 0.00172691082116, 0.00129559531342, 0.000514804210979, 0.000291737058433, 0.000121400502394, 0.000132134446176, 3.16255718644e-05, 2.80364693026e-05, 1.80953411473e-05, 6.91650075169e-06, 4.03055855713e-06, 3.21108564094e-06, 4.21039521825e-06, 7.44340104575e-06, 9.96372727968e-06, 1.41428818097e-05, 1.28700730784e-05, 6.1031473706e-06, 1.75784339262e-06, 1.3487040178e-06, 2.269046945e-06, 8.87033365871e-07, 3.20417029798e-07, 6.36121697539e-08, 7.75108688345e-08, 3.94501675771e-08, 1.48918184451e-08, 5.23213916637e-09, 2.30408092605e-09, 1.91483229273e-09, 1.58939339467e-09, 7.11417591504e-10, 3.5332162196e-10, 2.72882827446e-10, 2.24141705196e-10, 2.397042842e-10, 2.96972696434e-10, 5.17070053441e-10],
        "dvar": [2.86808681267e-05, 3.25152323057e-05, 5.33614547749e-06, 2.25561643674e-06, 3.65959976989e-07, 1.50595781179e-07, 3.31617435734e-08, 1.25218832636e-07, 4.9406563285e-09, 2.68308286699e-09, 2.32697039415e-09, 3.52972651108e-10, 9.81245015796e-11, 3.6835142575e-11, 7.04604985469e-11, 4.77468897753e-10, 9.24545273673e-10, 1.74537351239e-09, 1.23652466044e-09, 3.16250470256e-10, 9.4111688928e-12, 5.55338067199e-12, 3.16275512724e-11, 3.67144856184e-12, 6.08687145826e-13, 2.14624765714e-14, 2.64106279029e-14, 1.46224635997e-14, 1.328034053e-15, 1.67717301352e-16, 5.35270890489e-17, 3.15148898153e-17, 2.88428813698e-17, 5.55287006951e-18, 7.8868000793e-19, 3.91931434967e-19, 2.08046160417e-19, 3.7554932973e-19, 7.26740723662e-19, 4.25641666057e-18],
        "dvar2": [5.52203055122e-05, 8.48166309879e-05, 1.28900655909e-05, 5.99682243774e-06, 9.29099599034e-07, 3.92574435182e-07, 7.50502309188e-08, 2.99659859593e-07, 8.97637697506e-09, 5.59526069921e-09, 3.42199668601e-09, 3.99354133096e-10, 1.91727259069e-10, 7.37487154678e-11, 1.11187545282e-10, 7.78240805133e-10, 1.69114511284e-09, 3.39131278615e-09, 2.43705700065e-09, 6.71820377107e-10, 2.00042760135e-11, 1.36893404598e-11, 9.65978061429e-11, 7.09289571521e-12, 9.69892243775e-13, 4.42600566386e-14, 5.90182064461e-14, 2.84350552815e-14, 3.02813982182e-15, 4.4560608704e-16, 1.3736347864e-16, 8.11686130016e-17, 7.18635127073e-17, 1.37013344667e-17, 2.10169036741e-18, 8.14280110515e-19, 5.87867335174e-19, 1.0225066997e-18, 1.90590995131e-18, 1.0827192858e-17],
        "max": [0.0777048245072, 0.0621965751052, 0.0301465764642, 0.0162910912186, 0.00959992501885, 0.00732857966796, 0.00416464963928, 0.00751010002568, 0.00201484747231, 0.00114816264249, 0.00116545916535, 0.000898635888007, 0.000326891080476, 0.000144170538988, 0.000222182497964, 0.0005752229481, 0.000806201656815, 0.00130554498173, 0.000797754677478, 0.000489986210596, 5.92895194131e-05, 0.000107504019979, 0.000164993092767, 4.08129380958e-05, 2.08186575037e-05, 2.49926983997e-06, 2.60738306679e-06, 2.86712952402e-06, 6.83088273945e-07, 2.55560337337e-07, 1.55158772941e-07, 9.60681560969e-08, 1.08189539105e-07, 4.26959196886e-08, 1.51191432707e-08, 1.45425183007e-08, 7.7438535584e-09, 1.44579175299e-08, 1.81378982944e-08, 4.36491127687e-08],
        "mean": [0.00587485730648, 0.00646248599514, 0.00296313292347, 0.00206995429471, 0.00157685333397, 0.000711212283932, 0.000236894804402, 0.000251462421147, 6.47405249765e-05, 6.397569814e-05, 3.73214643332e-05, 2.38609827647e-05, 6.15891258349e-06, 6.71491989124e-06, 9.26811662794e-06, 1.14429449241e-05, 1.41123400681e-05, 2.73293007922e-05, 2.57330902969e-05, 1.05853750938e-05, 2.78247466667e-06, 3.04274067275e-06, 3.18336060445e-06, 1.37878134865e-06, 7.08705897523e-07, 8.02001594025e-08, 9.71541354033e-08, 5.92419091561e-08, 1.8885177866e-08, 5.93121285419e-09, 2.15236761747e-09, 1.85163084865e-09, 1.66820623981e-09, 5.77963898962e-10, 3.0469837764e-10, 3.31313365631e-10, 1.73879605159e-10, 1.53338231001e-10, 1.85229748206e-10, 3.94362709155e-10],
        "median": [0.000533225946128, 0.00563636329025, 0.00211140303873, 0.00149579567369, 0.00105486763641, 0.000436643109424, 7.20945099602e-05, 2.67816776613e-05, 8.21016874397e-06, 1.61197822308e-05, 8.43087309477e-06, 1.84200985132e-06, 1.50197377025e-06, 1.39866517657e-06, 1.67944631357e-06, 1.75374623268e-06, 1.89930904071e-06, 2.31796252592e-06, 1.77424237791e-06, 6.46067746857e-07, 5.12981387146e-07, 2.88612540089e-07, 2.58245080431e-07, 1.02868774832e-07, 4.13180956116e-08, 9.780577237e-09, 8.2989695116e-09, 4.70111771733e-09, 1.73736613984e-09, 6.30312468886e-10, 3.42029515821e-10, 1.83564066725e-10, 1.06818484613e-10, 6.80817902055e-11, 5.41909052354e-11, 4.80758384491e-11, 4.19666870699e-11, 3.84917930862e-11, 4.02284178191e-11, 4.25564583573e-11],
        "min": [2.75130733924e-23, 1.17252206541e-23, 5.3271950479e-24, 7.73754613316e-24, 3.26969434579e-23, 1.73538197324e-23, 1.14413601014e-23, 1.38896254195e-23, 1.91013391195e-23, 6.91935222404e-24, 9.03342056395e-24, 7.82123954204e-24, 7.43611054837e-24, 6.2659225646e-24, 3.27923818223e-24, 9.70570360459e-24, 4.74513245126e-24, 7.56545297125e-24, 1.06406615495e-23, 1.46904643887e-23, 8.77844178672e-24, 5.77720903432e-24, 5.16335810421e-24, 1.43758666597e-23, 1.25796887542e-23, 1.41046562805e-23, 8.4205561044e-24, 1.32734303892e-23, 1.53689857414e-23, 1.15426782406e-23, 9.41941730462e-24, 7.75823716585e-24, 6.53017242962e-24, 1.13525075422e-23, 9.53315921424e-24, 1.17096004193e-23, 8.88979423665e-24, 9.66387109965e-24, 1.1113374614e-23, 9.9193941909e-24],
        "stdev": [0.0127657260746, 0.00734885083511, 0.00304893706925, 0.00203035259619, 0.0016434850404, 0.000849350297358, 0.000435395981185, 0.000801170885097, 0.000184402961168, 0.000146276841406, 9.93577123154e-05, 8.38286869111e-05, 2.01184338948e-05, 1.40684069265e-05, 2.3424927349e-05, 3.6039193219e-05, 5.91738935327e-05, 0.000110511726234, 8.7130429165e-05, 3.88535918319e-05, 5.49763490199e-06, 1.08658723548e-05, 1.13098612928e-05, 3.45644320987e-06, 2.27914506468e-06, 2.1686705054e-07, 2.73982891486e-07, 2.29101829063e-07, 5.48105987264e-08, 1.49444385755e-08, 7.16298975689e-09, 5.94266724718e-09, 6.36972119494e-09, 2.49671283648e-09, 9.78572001209e-10, 1.14692910724e-09, 5.39804811961e-10, 6.09999606382e-10, 8.42561409531e-10, 2.21224594199e-09],
