{
"lowlevel": {
    "average_loudness": 0.985110342503,
    "barkbands_crest": {
        "dmean": 2.92039012909,
        "dmean2": 4.657725811,
        "dvar": 11.779214859,
        "dvar2": 28.7782402039,
        "max": 26.2839622498,
        "mean": 15.8914470673,
        "median": 15.8893756866,
        "min": 4.66341972351,
        "stdev": 4.45555305481,
        "var": 19.8519515991
    },
    "barkbands_flatness_db": {
        "dmean": 0.0533923506737,
        "dmean2": 0.073519334197,
        "dvar": 0.00307679874822,
        "dvar2": 0.00647478364408,
        "max": 0.467300593853,
        "mean": 0.253790587187,
        "median": 0.256232589483,
        "min": 0.0609193705022,
        "stdev": 0.0931983068585,
        "var": 0.0086859241128
    },
    "barkbands_kurtosis": {
        "dmean": 24.2723922729,
        "dmean2": 34.9210205078,
        "dvar": 3003.71679688,
        "dvar2": 5957.60351562,
        "max": 713.885681152,
        "mean": 32.0162658691,
        "median": 12.8383111954,
        "min": -0.404705047607,
        "stdev": 63.0689353943,
        "var": 3977.69067383
    },
    "barkbands_skewness": {
        "dmean": 1.45710718632,
        "dmean2": 2.0161986351,
        "dvar": 4.00956058502,
        "dvar2": 7.03540945053,
        "max": 22.850610733,
        "mean": 3.79580807686,
        "median": 3.02249503136,
        "min": -1.96494007111,
        "stdev": 2.94263458252,
        "var": 8.65909767151
    },
    "barkbands_spread": {
        "dmean": 5.90296459198,
        "dmean2": 8.49153900146,
        "dvar": 69.4156799316,
        "dvar2": 148.762542725,
        "max": 69.2689361572,
        "mean": 9.81963729858,
        "median": 5.67004060745,
        "min": 0.469418019056,
        "stdev": 10.8740062714,
        "var": 118.244018555
    },
    "dissonance": {
        "dmean": 0.0346945524216,
        "dmean2": 0.0539310984313,
        "dvar": 0.00136338430457,
        "dvar2": 0.0031001791358,
        "max": 0.499911636114,
        "mean": 0.4308360219,
        "median": 0.443504184484,
        "min": 0,
        "stdev": 0.052661780268,
        "var": 0.00277326325886
    },
    "dynamic_complexity": 2.44044208527,
    "erbbands_crest": {
        "dmean": 2.70936870575,
        "dmean2": 4.10419797897,
        "dvar": 5.85541677475,
        "dvar2": 13.0527219772,
        "max": 27.1126384735,
        "mean": 10.0920829773,
        "median": 9.38925647736,
        "min": 2.16308641434,
        "stdev": 4.1684551239,
        "var": 17.3760166168
    },
    "erbbands_flatness_db": {
        "dmean": 0.0359634459019,
        "dmean2": 0.0491049066186,
        "dvar": 0.00163144886028,
        "dvar2": 0.00286394869909,
        "max": 0.370886981487,
        "mean": 0.160417214036,
        "median": 0.15656632185,
        "min": 0.0476183444262,
        "stdev": 0.0692534446716,
        "var": 0.00479603931308
    },
    "erbbands_kurtosis": {
        "dmean": 2.24097061157,
        "dmean2": 3.297986269,
        "dvar": 7.11100387573,
        "dvar2": 14.5578041077,
        "max": 29.2779045105,
        "mean": 2.63709282875,
        "median": 1.39425230026,
        "min": -1.77817749977,
        "stdev": 4.073158741,
        "var": 16.5906238556
    },
    "erbbands_skewness": {
        "dmean": 0.549414217472,
        "dmean2": 0.792884945869,
        "dvar": 0.226710170507,
        "dvar2": 0.522501111031,
        "max": 4.77582979202,
        "mean": 1.10587143898,
        "median": 1.02383887768,
        "min": -1.09697473049,
        "stdev": 0.846774637699,
        "var": 0.717027246952
    },
    "erbbands_spread": {
        "dmean": 14.8640928268,
        "dmean2": 19.4762744904,
        "dvar": 288.188568115,
        "dvar2": 466.615936279,
        "max": 135.305969238,
        "mean": 40.4968643188,
        "median": 32.0192375183,
        "min": 4.55165338516,
        "stdev": 28.4939231873,
        "var": 811.903686523
    },
    "hfc": {
        "dmean": 10.9918470383,
        "dmean2": 14.8386030197,
        "dvar": 238.349121094,
        "dvar2": 525.723205566,
        "max": 106.606254578,
        "mean": 19.4897499084,
        "median": 11.8767824173,
        "min": 1.26039058417e-16,
        "stdev": 19.3681125641,
        "var": 375.123779297
    },
    "loudness_ebu128": {
        "integrated": -11.0957927704,
        "loudness_range": 1.77080821991,
        "momentary": {
            "dmean": 0.902713596821,
            "dmean2": 1.42402994633,
            "dvar": 0.768707096577,
            "dvar2": 1.97202825546,
            "max": -9.30832672119,
            "mean": -11.2520675659,
            "median": -11.0610275269,
            "min": -15.8889274597,
            "stdev": 1.22026848793,
            "var": 1.4890550375
        },
        "short_term": {
            "dmean": 0.0744158551097,
            "dmean2": 0.10629414022,
            "dvar": 0.00405167462304,
            "dvar2": 0.0108205936849,
            "max": -10.0986404419,
            "mean": -11.1381225586,
            "median": -11.2960643768,
            "min": -12.2842798233,
            "stdev": 0.61740064621,
            "var": 0.381183564663
        }
    },
    "melbands_crest": {
        "dmean": 3.48450112343,
        "dmean2": 4.92586612701,
        "dvar": 16.2944412231,
        "dvar2": 33.5827980042,
        "max": 37.3406715393,
        "mean": 24.9942417145,
        "median": 26.5337772369,
        "min": 2.04098773003,
        "stdev": 8.22706508636,
        "var": 67.6846008301
    },
    "melbands_flatness_db": {
        "dmean": 0.060399658978,
        "dmean2": 0.0835347026587,
        "dvar": 0.00401223124936,
        "dvar2": 0.00854451954365,
        "max": 0.628304064274,
        "mean": 0.363645464182,
        "median": 0.356649428606,
        "min": 0.00820576865226,
        "stdev": 0.108769364655,
        "var": 0.0118307741359
    },
    "melbands_kurtosis": {
        "dmean": 31.1213588715,
        "dmean2": 43.4930915833,
        "dvar": 3016.04833984,
        "dvar2": 5418.66943359,
        "max": 628.173339844,
        "mean": 50.8078041077,
        "median": 25.9304389954,
        "min": -0.91895365715,
        "stdev": 77.2727508545,
        "var": 5971.07763672
    },
    "melbands_skewness": {
        "dmean": 1.4694057703,
        "dmean2": 1.99336731434,
        "dvar": 2.66482210159,
        "dvar2": 4.51499271393,
        "max": 20.08867836,
        "mean": 4.6409406662,
        "median": 3.9891705513,
        "min": -0.286954045296,
        "stdev": 3.11571288109,
        "var": 9.70766735077
    },
    "melbands_spread": {
        "dmean": 2.7075316906,
        "dmean2": 4.1160235405,
        "dvar": 20.8081111908,
        "dvar2": 37.4411315918,
        "max": 125.43548584,
        "mean": 6.13194894791,
        "median": 5.12128829956,
        "min": 0.229718402028,
        "stdev": 5.79070091248,
        "var": 33.5322189331
    },
    "pitch_salience": {
        "dmean": 0.0841039940715,
        "dmean2": 0.130781903863,
        "dvar": 0.011097939685,
        "dvar2": 0.0251718834043,
        "max": 0.837742686272,
        "mean": 0.377328753471,
        "median": 0.384167194366,
        "min": 0.0603398270905,
        "stdev": 0.156412899494,
        "var": 0.024464994669
    },
    "silence_rate_20dB": {
        "dmean": 0.078947365284,
        "dmean2": 0.158017039299,
        "dvar": 0.0727150291204,
        "dvar2": 0.162480860949,
        "max": 1,
        "mean": 0.93348801136,
        "median": 1,
        "min": 0,
        "stdev": 0.249176263809,
        "var": 0.0620888099074
    },
    "silence_rate_30dB": {
        "dmean": 0.100619196892,
        "dmean2": 0.200619667768,
        "dvar": 0.0904949009418,
        "dvar2": 0.166568487883,
        "max": 1,
        "mean": 0.664346456528,
        "median": 1,
        "min": 0,
        "stdev": 0.472221344709,
        "var": 0.222992986441
    },
    "silence_rate_60dB": {
        "dmean": 0.000773993786424,
        "dmean2": 0.00154918665066,
        "dvar": 0.000773391802795,
        "dvar2": 0.00154677114915,
        "max": 1,
        "mean": 0.0100541375577,
        "median": 0,
        "min": 0,
        "stdev": 0.0997650027275,
        "var": 0.00995305646211
    },
    "spectral_centroid": {
        "dmean": 247.383361816,
        "dmean2": 350.084259033,
        "dvar": 179508.71875,
        "dvar2": 304132.84375,
        "max": 10846.0517578,
        "mean": 691.770568848,
        "median": 511.773071289,
        "min": 135.066314697,
        "stdev": 531.095703125,
        "var": 282062.65625
    },
    "spectral_complexity": {
        "dmean": 4.32275533676,
        "dmean2": 6.74980640411,
        "dvar": 44.3267936707,
        "dvar2": 96.4562072754,
        "max": 53,
        "mean": 12.3047180176,
        "median": 10,
        "min": 0,
        "stdev": 7.64570760727,
        "var": 58.4568481445
    },
    "spectral_decrease": {
        "dmean": 1.14617426661e-08,
        "dmean2": 1.47219605395e-08,
        "dvar": 2.79687605736e-16,
        "dvar2": 4.40553826677e-16,
        "max": 9.74453505424e-29,
        "mean": -2.71014588549e-08,
        "median": -1.26461801031e-08,
        "min": -1.43854961721e-07,
        "stdev": 2.89812938092e-08,
        "var": 8.39915382338e-16
    },
    "spectral_energy": {
        "dmean": 0.0436790212989,
        "dmean2": 0.0558355860412,
        "dvar": 0.00400245934725,
        "dvar2": 0.0062731904909,
        "max": 0.5463129282,
        "mean": 0.10405485332,
        "median": 0.0492841601372,
        "min": 1.10643242527e-20,
        "stdev": 0.110219068825,
        "var": 0.0121482424438
    },
    "spectral_energyband_high": {
        "dmean": 0.000747190439142,
        "dmean2": 0.00104384007864,
        "dvar": 1.26466898109e-06,
        "dvar2": 2.80355288851e-06,
        "max": 0.00767097715288,
        "mean": 0.000819572713226,
        "median": 0.000213540930417,
        "min": 8.06477994343e-21,
        "stdev": 0.00130176253151,
        "var": 1.69458576238e-06
    },
    "spectral_energyband_low": {
        "dmean": 0.0419593378901,
        "dmean2": 0.0570567026734,
        "dvar": 0.00474897539243,
        "dvar2": 0.00775115611032,
        "max": 0.543074846268,
        "mean": 0.085108704865,
        "median": 0.0345075204968,
        "min": 8.6862029632e-23,
        "stdev": 0.109363660216,
        "var": 0.011960410513
    },
    "spectral_energyband_middle_high": {
        "dmean": 0.0010857952293,
        "dmean2": 0.0017679061275,
        "dvar": 4.81409688291e-06,
        "dvar2": 1.23892177726e-05,
        "max": 0.0168288834393,
        "mean": 0.00145780865569,
        "median": 0.000586002483033,
        "min": 1.73566746515e-21,
        "stdev": 0.00229003257118,
        "var": 5.24424876858e-06
    },
    "spectral_energyband_middle_low": {
        "dmean": 0.00893284846097,
        "dmean2": 0.0151784541085,
        "dvar": 0.000322485837387,
        "dvar2": 0.00089947017841,
        "max": 0.149562224746,
        "mean": 0.0172912105918,
        "median": 0.012258823961,
        "min": 1.79735658989e-22,
        "stdev": 0.0175468940288,
        "var": 0.000307893467834
    },
    "spectral_entropy": {
        "dmean": 0.411340624094,
        "dmean2": 0.570161998272,
        "dvar": 0.209980845451,
        "dvar2": 0.390735268593,
        "max": 9.79682826996,
        "mean": 7.02173423767,
        "median": 7.04752874374,
        "min": 5.14094877243,
        "stdev": 0.765088558197,
        "var": 0.585360467434
    },
    "spectral_flux": {
        "dmean": 0.0610074549913,
        "dmean2": 0.0915840938687,
        "dvar": 0.00687070656568,
        "dvar2": 0.0134026315063,
        "max": 0.657058417797,
        "mean": 0.126238018274,
        "median": 0.0745679959655,
        "min": 1.05187088206e-10,
        "stdev": 0.121312819421,
        "var": 0.0147167993709
    },
    "spectral_kurtosis": {
        "dmean": 7.69937229156,
        "dmean2": 11.8296585083,
        "dvar": 180.357772827,
        "dvar2": 373.698181152,
        "max": 125.619354248,
        "mean": 12.1688833237,
        "median": 5.16477775574,
        "min": -1.21505081654,
        "stdev": 17.314496994,
        "var": 299.791778564
    },
    "spectral_rms": {
        "dmean": 0.00182917423081,
        "dmean2": 0.00233569112606,
        "dvar": 4.95947551826e-06,
        "dvar2": 7.47889589547e-06,
        "max": 0.0230865385383,
        "mean": 0.00895379856229,
        "median": 0.00693412637338,
        "min": 3.28549275459e-12,
        "stdev": 0.00462022935972,
        "var": 2.13465173147e-05
    },
    "spectral_rolloff": {
        "dmean": 172.848510742,
        "dmean2": 288.687469482,
        "dvar": 447244.71875,
        "dvar2": 765385.25,
        "max": 18841.5527344,
        "mean": 326.761413574,
        "median": 258.3984375,
        "min": 43.06640625,
        "stdev": 663.727111816,
        "var": 440533.6875
    },
    "spectral_skewness": {
        "dmean": 0.709541797638,
        "dmean2": 1.03715479374,
        "dvar": 0.877538740635,
        "dvar2": 1.78979325294,
        "max": 8.87992858887,
        "mean": 2.462911129,
        "median": 1.95616304874,
        "min": -0.0256850253791,
        "stdev": 1.40459144115,
        "var": 1.9728770256
    },
    "spectral_spread": {
        "dmean": 1323819.25,
        "dmean2": 1651348.375,
        "dvar": 3.01826021786e+12,
        "dvar2": 4.28117249229e+12,
        "max": 41037136,
        "mean": 5076383.5,
        "median": 4743487,
        "min": 615268.4375,
        "stdev": 2692864.5,
        "var": 7.25151855411e+12
    },
    "spectral_strongpeak": {
        "dmean": 0.221741780639,
        "dmean2": 0.35559117794,
        "dvar": 0.120900064707,
        "dvar2": 0.261396974325,
        "max": 3.43950223923,
        "mean": 0.563085019588,
        "median": 0.343659579754,
        "min": 0,
        "stdev": 0.463429629803,
        "var": 0.214767023921
    },
    "zerocrossingrate": {
        "dmean": 0.0130921350792,
        "dmean2": 0.0147596336901,
        "dvar": 0.000398258707719,
        "dvar2": 0.000481458147988,
        "max": 0.50439453125,
        "mean": 0.0280404854566,
        "median": 0.017578125,
        "min": 0.00146484375,
        "stdev": 0.0298961624503,
        "var": 0.000893780554179
    },
    "barkbands": {
        "dmean": [0.00416303332895, 0.0400687940419, 0.0054387813434, 0.00256781862117, 0.00459569878876, 0.00105760560837, 0.00111284828745, 0.000713267771062, 0.000701465120073, 0.000300174258882, 0.000197435103473, 0.000154328270582, 7.9339632066e-05, 0.000120052885904, 9.90679109236e-05, 0.000124225000036, 7.11890388629e-05, 8.37513871375e-05, 7.99679837655e-05, 0.000117010327813, 0.000151991218445, 9.70734326984e-05, 6.53814859106e-05, 5.82965258218e-05, 8.27824114822e-05, 0.000260904169409, 1.81806135515e-05],
        "dmean2": [0.0046168952249, 0.0574919395149, 0.0100612165406, 0.00485110282898, 0.00747026223689, 0.0013628245797, 0.00175049970858, 0.00114300416317, 0.00115236768033, 0.000469238613732, 0.000328703870764, 0.000275209080428, 0.00012733519543, 0.000211516249692, 0.000166097612237, 0.000214463536395, 0.000114169211884, 0.000138168106787, 0.000125936901895, 0.000192000428797, 0.00022935862944, 0.000131708817207, 9.6647949249e-05, 8.66523769218e-05, 0.000118565687444, 0.00038028115523, 2.72192210105e-05],
        "dvar": [4.02094847232e-05, 0.0053302468732, 0.000279898988083, 5.46415722056e-05, 7.60291222832e-05, 1.88939077361e-06, 2.21237896767e-05, 3.61403840543e-06, 2.98605846183e-06, 5.78589322231e-07, 2.40840307697e-07, 1.40871236454e-07, 2.59521915069e-08, 5.94865063874e-08, 4.54390658433e-08, 6.98386273257e-08, 2.21529798949e-08, 3.51051703262e-08, 2.45348363848e-08, 6.60741221736e-08, 5.79244492371e-08, 2.8237943539e-08, 2.13192716814e-08, 1.66048828021e-08, 1.83000956611e-08, 1.64356009691e-07, 1.02394281942e-09],
        "dvar2": [4.44460383733e-05, 0.00961546041071, 0.000784479954746, 0.00015529099619, 0.000213747887756, 4.02171144742e-06, 5.80991145398e-05, 9.63859019976e-06, 7.99818371888e-06, 1.13175542538e-06, 7.33657657292e-07, 3.96443454065e-07, 5.72183012082e-08, 1.59460697091e-07, 1.18718901376e-07, 1.8864403728e-07, 5.44305081007e-08, 9.05727617351e-08, 5.85711212864e-08, 1.69523445948e-07, 1.3329301396e-07, 6.51594902479e-08, 4.72165702092e-08, 3.59006655515e-08, 3.9052984846e-08, 3.6941696635e-07, 2.06157957372e-09],
        "max": [0.0705602020025, 0.520898938179, 0.134380355477, 0.053093444556, 0.0968111455441, 0.0219424627721, 0.070386134088, 0.0264968853444, 0.0267469547689, 0.0148982908577, 0.00992305856198, 0.00272157322615, 0.00394811108708, 0.0018954121042, 0.00178220646922, 0.00200510607101, 0.00133501796518, 0.00176424905658, 0.00162682123482, 0.0018020743737, 0.00165514519904, 0.00198257877491, 0.0026806325186, 0.00231175078079, 0.00131978932768, 0.00192875845823, 0.000227771146456],
        "mean": [0.010640276596, 0.0701423436403, 0.00385047448799, 0.00177076191176, 0.00887738075107, 0.00287514482625, 0.00156577618327, 0.00107174972072, 0.000917679746635, 0.000451460422482, 0.000231480167713, 0.000131616383442, 9.63993225014e-05, 0.0001061251387, 9.41551334108e-05, 0.000106378931378, 7.25234785932e-05, 9.81331904768e-05, 9.07764115254e-05, 0.000106396124465, 0.000160619369126, 0.000113106820208, 7.09520318196e-05, 6.3552550273e-05, 8.74371471582e-05, 0.000244579860009, 1.76851390279e-05],
        "median": [0.00562642887235, 0.0265899207443, 0.000822447880637, 0.00038241254515, 0.00519204186276, 0.00195921189152, 0.000695778056979, 0.000530893157702, 0.000495834916364, 0.000112010435259, 0.000101730220194, 4.41934316768e-05, 4.70688428322e-05, 2.13408875425e-05, 1.29964428197e-05, 1.98189700313e-05, 9.84096459433e-06, 1.54420722538e-05, 1.46288375618e-05, 1.60925228556e-05, 3.75969393644e-05, 1.96568526007e-05, 7.00200871506e-06, 1.52591728693e-05, 1.72151594597e-05, 5.83692462897e-06, 2.65269818556e-07],
        "min": [2.71240829246e-23, 2.22008209478e-23, 4.04144801342e-23, 2.08719468876e-23, 3.08603458973e-23, 3.02202704697e-23, 4.01416194579e-23, 2.88145613574e-23, 2.80533894699e-23, 1.51707639286e-23, 1.63284709495e-23, 6.99849185446e-23, 1.21360153951e-22, 9.62452524205e-23, 1.53588491943e-22, 2.21807718901e-22, 1.89015793435e-22, 3.40334133019e-22, 3.38567387514e-22, 3.30257918014e-22, 3.41991826393e-22, 5.64983291035e-22, 6.26454967841e-22, 8.74127959077e-22, 1.26304663423e-21, 1.56480468644e-21, 2.95637258983e-21],
        "stdev": [0.0136686619371, 0.10032235831, 0.012988647446, 0.00563871208578, 0.0107113970444, 0.00280623580329, 0.00427423976362, 0.00203258101828, 0.00166103767697, 0.00125264155213, 0.000480622053146, 0.000302333530271, 0.000186864068382, 0.000226476448006, 0.000205859905691, 0.000228761608014, 0.000150329899043, 0.000197221990675, 0.00016672250058, 0.000238719265326, 0.000262611021753, 0.000200035618036, 0.000173494016053, 0.000145245547174, 0.000153996021254, 0.000439784838818, 3.47672757925e-05],
        "var": [0.000186832316103, 0.0100645758212, 0.0001687049662, 3.1795076211e-05, 0.000114734022645, 7.87495901022e-06, 1.82691255759e-05, 4.13138513977e-06, 2.75904631053e-06, 1.56911085014e-06, 2.30997557082e-07, 9.14055675594e-08, 3.49181803472e-08, 5.12915789841e-08, 4.2378303533e-08, 5.23318703927e-08, 2.25990799407e-08, 3.88965162301e-08, 2.77963945194e-08, 5.69868880973e-08, 6.89645460739e-08, 4.00142461388e-08, 3.01001747971e-08, 2.10962696201e-08, 2.37147741444e-08, 1.93410713223e-07, 1.20876342269e-09]
    },
    "erbbands": {
        "dmean": [1.88159632683, 7.41395759583, 7.1246213913, 7.11850643158, 11.6099910736, 17.845117569, 11.9351549149, 11.7568798065, 13.4546518326, 15.5841398239, 12.8482170105, 18.9283866882, 10.6554670334, 7.323387146, 7.73082017899, 4.89141130447, 3.79341506958, 5.90996837616, 4.9254450798, 7.38708209991, 4.58700752258, 4.21679401398, 3.97247219086, 4.86585092545, 4.1093211174, 5.18945026398, 6.14102554321, 5.73299837112, 3.87358617783, 2.34419035912, 1.88443922997, 1.34454345703, 0.897297859192, 0.78946429491, 0.691407859325, 0.946574747562, 0.532657682896, 0.0854407474399, 0.00214938935824, 8.82988824742e-05],
        "dmean2": [2.64669418335, 10.411315918, 12.1311702728, 13.2267980576, 21.0328998566, 27.3231201172, 17.899148941, 14.3016176224, 21.2980594635, 24.6794910431, 20.587600708, 31.3103675842, 16.273809433, 12.5539808273, 12.9929904938, 8.58642578125, 6.13496637344, 10.380815506, 8.2487039566, 13.0355482101, 7.42031764984, 6.88672351837, 6.57250976562, 7.95697546005, 6.43880558014, 8.54458141327, 9.82799339294, 8.27323722839, 5.33973741531, 3.36688613892, 2.78806424141, 1.98973798752, 1.34155166149, 1.15683877468, 0.980699539185, 1.39855206013, 0.770231604576, 0.122337810695, 0.0031298068352, 0.000116658105981],
        "dvar": [9.4392414093, 234.211196899, 392.015045166, 422.648162842, 1021.70440674, 854.298583984, 326.136383057, 241.805633545, 2322.86376953, 3851.49536133, 1275.82946777, 2197.77075195, 704.948120117, 297.437408447, 265.64956665, 142.077911377, 75.030921936, 149.94732666, 111.915214539, 301.859771729, 66.0391387939, 88.7776565552, 80.334526062, 109.09172821, 76.2554931641, 138.666885376, 98.1021118164, 79.7125549316, 44.0647392273, 26.6604671478, 20.3955688477, 10.6426467896, 3.17847180367, 2.30272817612, 1.1857470274, 2.18692922592, 0.692702353001, 0.0176646504551, 1.26869126689e-05, 1.11301572403e-08],
        "dvar2": [17.2096786499, 471.216552734, 1040.93811035, 1180.74975586, 2913.35498047, 2299.15966797, 777.764831543, 456.810943604, 6191.7890625, 10148.0996094, 3352.04956055, 5992.43066406, 1367.48400879, 854.102539062, 697.246520996, 392.050750732, 169.919052124, 400.851196289, 295.604003906, 824.608520508, 162.918746948, 222.361679077, 209.879470825, 283.813842773, 175.625854492, 358.434234619, 237.666488647, 175.904785156, 100.219947815, 61.7823410034, 45.9836120605, 23.0103473663, 6.57051134109, 5.06382894516, 2.53970503807, 4.95768976212, 1.54432404041, 0.0381029695272, 2.71143853752e-05, 1.82610406796e-08],
        "max": [23.7423343658, 98.6729278564, 166.440475464, 136.824417114, 259.50567627, 372.24005127, 298.299499512, 284.434234619, 803.031799316, 897.743835449, 477.909454346, 747.992858887, 542.067749023, 265.049560547, 251.72567749, 95.6941680908, 216.699508667, 95.6660919189, 105.833213806, 126.070632935, 61.7277946472, 89.6176300049, 92.0908508301, 106.521598816, 71.0988769531, 88.5895462036, 70.1257095337, 59.2146644592, 48.2009277344, 75.9437179565, 103.960250854, 69.3234024048, 23.6334877014, 23.1672973633, 6.93596553802, 7.58466529846, 4.25463676453, 0.662636816502, 0.0235719792545, 0.000704185047653],
        "mean": [3.552921772, 9.56675624847, 5.75872468948, 5.67225217819, 12.5600328445, 37.8802947998, 26.6314373016, 32.2344436646, 21.4243984222, 24.0086650848, 19.3360347748, 24.7945270538, 17.6787052155, 8.96289730072, 9.12292194366, 4.42403125763, 4.5368142128, 5.53741979599, 4.9234919548, 6.00837564468, 4.8291554451, 4.3642244339, 4.64656400681, 5.50165081024, 4.43085002899, 4.75261116028, 6.38701343536, 6.14030265808, 4.45564699173, 2.66958379745, 2.02248048782, 1.38634479046, 1.05556797981, 0.886287391186, 0.703008174896, 0.865099668503, 0.509755074978, 0.0814051702619, 0.00209040218033, 0.000167450125446],
        "median": [1.67901599407, 2.25450563431, 0.951173305511, 1.75893557072, 4.45784091949, 21.5099773407, 16.5975131989, 20.9368972778, 10.020611763, 11.9695491791, 9.17392444611, 14.1593923569, 6.70490026474, 3.85006690025, 3.89134216309, 1.47589075565, 2.14755892754, 1.44212949276, 0.888202190399, 0.897990226746, 1.07388699055, 0.635374248028, 0.793844521046, 0.822585403919, 0.715633809566, 0.753239154816, 1.3971837759, 1.38447880745, 0.783613502979, 0.254702180624, 0.19178789854, 0.195869892836, 0.287097334862, 0.222847357392, 0.0776253938675, 0.0229160729796, 0.0115431910381, 0.00207503465936, 0.000101271718449, 9.389915067e-05],
        "min": [6.67694798431e-22, 5.73430963918e-21, 3.70387341429e-20, 6.93408317656e-20, 7.93401012029e-20, 7.98220825437e-20, 2.76413956364e-19, 2.2713257757e-19, 5.16964566692e-19, 4.68126685954e-19, 6.9435918762e-19, 6.90184665562e-19, 4.36727426889e-19, 5.13832447303e-19, 1.45744726137e-18, 2.60750076544e-18, 4.23082658755e-18, 5.53952557828e-18, 5.86581441553e-18, 8.794228585e-18, 1.29941620446e-17, 1.00865477452e-17, 2.27063096467e-17, 1.91900690874e-17, 1.3860815716e-17, 1.48728347995e-17, 1.0640879524e-17, 1.64553272643e-17, 2.1421595585e-17, 2.28812103697e-17, 1.5603448693e-17, 1.52028451223e-17, 1.60894437727e-17, 1.11403171158e-17, 1.05137774326e-17, 5.59837617014e-18, 3.12623834207e-18, 1.20141449246e-18, 4.77364380541e-19, 4.27794839163e-20],
        "stdev": [4.60869455338, 18.0030155182, 16.990644455, 16.0693511963, 27.3651180267, 46.6734771729, 30.9510688782, 33.1569099426, 44.3840713501, 56.7970733643, 42.2173957825, 41.9521636963, 44.2052764893, 17.3628921509, 16.3793926239, 9.87973213196, 9.42186450958, 11.2907991409, 10.4207983017, 14.5761394501, 8.35307502747, 9.12953853607, 9.08577632904, 10.6748399734, 9.08323764801, 10.845161438, 10.3935956955, 10.1898212433, 7.68919610977, 5.86404180527, 5.46366262436, 3.67181015015, 2.09621906281, 1.69187271595, 1.22912836075, 1.57507765293, 0.912828981876, 0.146688044071, 0.00385558605194, 0.000167132238857],
        "var": [21.240064621, 324.108551025, 288.681976318, 258.224060059, 748.849731445, 2178.41333008, 957.968688965, 1099.38061523, 1969.94592285, 3225.9074707, 1782.30834961, 1759.98413086, 1954.10632324, 301.470001221, 268.284484863, 97.6091079712, 88.771522522, 127.482139587, 108.593040466, 212.46383667, 69.7738647461, 83.3484802246, 82.551322937, 113.952217102, 82.5052108765, 117.617530823, 108.02684021, 103.832450867, 59.1237373352, 34.3869857788, 29.8516101837, 13.4821891785, 4.39413452148, 2.86243319511, 1.51075649261, 2.48086977005, 0.833256781101, 0.0215173829347, 1.48655444718e-05, 2.79331828779e-08]
    },
    "gfcc": {
        "mean": [-22.9591674805, 120.075698853, -56.7061347961, 22.1542873383, -49.9785232544, 7.67398309708, -23.8822288513, 14.6833810806, -15.162525177, 15.254234314, -10.2756462097, 10.8198251724, 1.60028874874],
        "cov": [[7994.47314453, -3531.64013672, 179.559555054, 1016.3470459, -419.309204102, 317.729217529, -335.248138428, 334.176330566, -582.116027832, 464.963195801, -636.970275879, 299.222167969, -325.443969727], [-3531.64013672, 2873.6640625, -358.042724609, -646.766113281, 345.066314697, -285.916687012, 160.42137146, -165.009811401, 344.219268799, -398.977020264, 516.299438477, -327.97769165, 306.702606201], [179.559555054, -358.042724609, 840.173156738, -158.429702759, 51.6447677612, 124.206680298, 25.6362552643, 31.6628284454, 61.0696105957, 181.16343689, -101.451568604, 193.156982422, -182.978881836], [1016.3470459, -646.766113281, -158.429702759, 435.811340332, -137.55506897, 40.6724472046, -53.043094635, 48.249622345, -102.938056946, 6.06964492798, -47.2809906006, 8.99884319305, 4.51466226578], [-419.309204102, 345.066314697, 51.6447677612, -137.55506897, 365.044830322, 11.6857271194, 73.818901062, 46.2594032288, 32.3373641968, -18.5153446198, 67.8223266602, -66.5508575439, 5.21018838882], [317.729217529, -285.916687012, 124.206680298, 40.6724472046, 11.6857271194, 219.050842285, 34.4040870667, 18.9552936554, 25.2018623352, 46.598941803, -53.2307281494, 31.3486328125, -64.9231948853], [-335.248138428, 160.42137146, 25.6362552643, -53.043094635, 73.818901062, 34.4040870667, 142.007720947, 21.6792011261, 64.539894104, 12.2719173431, 23.1117115021, -11.2123641968, 0.324365109205], [334.176330566, -165.009811401, 31.6628284454, 48.249622345, 46.2594032288, 18.9552936554, 21.6792011261, 201.411346436, 0.738265097141, 20.5986061096, 8.94309520721, -17.9282493591, 25.1205806732], [-582.116027832, 344.219268799, 61.0696105957, -102.938056946, 32.3373641968, 25.2018623352, 64.539894104, 0.738265097141, 181.777420044, -22.3159217834, 61.9559020996, -0.754214704037, -4.48301172256], [464.963195801, -398.977020264, 181.16343689, 6.06964492798, -18.5153446198, 46.598941803, 12.2719173431, 20.5986061096, -22.3159217834, 182.801483154, -65.6925735474, 76.4922637939, -53.9937820435], [-636.970275879, 516.299438477, -101.451568604, -47.2809906006, 67.8223266602, -53.2307281494, 23.1117115021, 8.94309520721, 61.9559020996, -65.6925735474, 183.727615356, -67.4008407593, 94.3610076904], [299.222167969, -327.97769165, 193.156982422, 8.99884319305, -66.5508575439, 31.3486328125, -11.2123641968, -17.9282493591, -0.754214704037, 76.4922637939, -67.4008407593, 143.93409729, -64.062538147], [-325.443969727, 306.702606201, -182.978881836, 4.51466226578, 5.21018838882, -64.9231948853, 0.324365109205, 25.1205806732, -4.48301172256, -53.9937820435, 94.3610076904, -64.062538147, 189.69720459]],
        "icov": [[0.000369405344827, -0.000120262178825, 0.000150263178512, -0.000598438142333, -2.11134720303e-05, -0.000307978596538, 0.000612172414549, -0.000661938800476, 0.000537142332178, -0.000656508840621, 0.000709542073309, -0.00035654642852, 0.000321634783177], [-0.000120262178825, 0.00462085800245, -0.000667060201522, 0.00430368306115, -0.000326586537994, 0.00242015323602, -0.00230123638175, 0.00362081639469, -0.00332179968245, 0.00485448772088, -0.00606304500252, 0.00458644377068, -0.0021934194956], [0.000150263178512, -0.000667060201522, 0.0028120437637, 0.000181901312317, -0.000436992559116, -0.00112405442633, 0.00103817111813, -0.00154664367437, 0.000287155009573, -0.00199331669137, 0.00079405674478, -0.00347718084231, 0.00174491654616], [-0.000598438142333, 0.00430368306115, 0.000181901312317, 0.00837791245431, 0.000922267092392, 0.00129276129883, -0.00258977804333, 0.00275622284971, -0.00185527699068, 0.00529568968341, -0.00687057431787, 0.00372014311142, -0.0018148283707], [-2.11134720303e-05, -0.000326586537994, -0.000436992559116, 0.000922267092392, 0.00424647983164, -0.000574630976189, -0.00152893725317, -0.00107059977017, 0.00148168916348, -5.61195047339e-05, -0.00107422249857, 0.00163803854957, 0.000986001337878], [-0.000307978596538, 0.00242015323602, -0.00112405442633, 0.00129276129883, -0.000574630976189, 0.00760324532166, -0.0027058259584, 0.00228299968876, -0.00348028796725, 0.00239296164364, -0.00201112916693, 0.00326509145088, -0.000534105405677], [0.000612172414549, -0.00230123638175, 0.00103817111813, -0.00258977804333, -0.00152893725317, -0.0027058259584, 0.0118779214099, -0.00316263409331, -0.00103186664637, -0.00473921047524, 0.00414550909773, -0.00238684704527, 0.00110688153654], [-0.000661938800476, 0.00362081639469, -0.00154664367437, 0.00275622284971, -0.00107059977017, 0.00228299968876, -0.00316263409331, 0.00977908913046, -0.00379239558242, 0.00378133170307, -0.00513257365674, 0.00545455887914, -0.00364424195141], [0.000537142332178, -0.00332179968245, 0.000287155009573, -0.00185527699068, 0.00148168916348, -0.00348028796725, -0.00103186664637, -0.00379239558242, 0.0123198432848, -0.0024393319618, 0.00119750341401, -0.00467029726133, 0.00330946734175], [-0.000656508840621, 0.00485448772088, -0.00199331669137, 0.00529568968341, -5.61195047339e-05, 0.00239296164364, -0.00473921047524, 0.00378133170307, -0.0024393319618, 0.0144171873108, -0.00624209688976, 0.00252995197661, -0.00269058416598], [0.000709542073309, -0.00606304500252, 0.00079405674478, -0.00687057431787, -0.00107422249857, -0.00201112916693, 0.00414550909773, -0.00513257365674, 0.00119750341401, -0.00624209688976, 0.019397854805, -0.00428727688268, -0.000882051361259], [-0.00035654642852, 0.00458644377068, -0.00347718084231, 0.00372014311142, 0.00163803854957, 0.00326509145088, -0.00238684704527, 0.00545455887914, -0.00467029726133, 0.00252995197661, -0.00428727688268, 0.0188420917839, -0.00200988259166], [0.000321634783177, -0.0021934194956, 0.00174491654616, -0.0018148283707, 0.000986001337878, -0.000534105405677, 0.00110688153654, -0.00364424195141, 0.00330946734175, -0.00269058416598, -0.000882051361259, -0.00200988259166, 0.0104391928762]]
    },
    "melbands": {
        "dmean": [0.013228289783, 0.00492373481393, 0.00135683384724, 0.00104443333112, 0.000496284163091, 0.000236274936469, 0.000218453220441, 0.000178861111635, 9.54137503868e-05, 0.000121563360153, 5.14962666784e-05, 3.01285763271e-05, 2.51882902376e-05, 2.00112717721e-05, 7.83378709457e-06, 9.73235455604e-06, 1.16252276712e-05, 7.72913608671e-06, 9.10046856006e-06, 1.04504733827e-05, 4.22910352427e-06, 4.49747221865e-06, 4.09925087297e-06, 3.63582307727e-06, 4.16600232711e-06, 2.88280693894e-06, 3.38340419148e-06, 3.50025652551e-06, 3.72215185962e-06, 3.77933724849e-06, 3.49995752913e-06, 2.49598838309e-06, 1.50394441789e-06, 1.21457583191e-06, 1.14195313472e-06, 8.91353124644e-07, 7.9092632177e-07, 6.22892173396e-07, 6.37118148461e-07, 6.78278183841e-07],
        "dmean2": [0.0189136695117, 0.00694260559976, 0.00249482318759, 0.00171825557481, 0.000747090321966, 0.000292607583106, 0.000345829117578, 0.000284647394437, 0.000152689346578, 0.000200309121283, 7.83479335951e-05, 5.19175664522e-05, 4.19579482696e-05, 3.55070187652e-05, 1.32383756863e-05, 1.58711718541e-05, 2.04925599974e-05, 1.29753780129e-05, 1.56682290253e-05, 1.86487359315e-05, 6.64375374981e-06, 7.3786336543e-06, 6.85096119923e-06, 5.93599315835e-06, 6.84921042193e-06, 4.55899044027e-06, 5.40119344805e-06, 5.80788810112e-06, 6.0248517002e-06, 6.13143993178e-06, 5.16205955137e-06, 3.49679839928e-06, 2.15853378904e-06, 1.79532912625e-06, 1.71301132923e-06, 1.3058603372e-06, 1.20043443985e-06, 9.51574349983e-07, 9.55681457526e-07, 9.98976133815e-07],
        "dvar": [0.000523482740391, 0.000114786089398, 1.33913563332e-05, 4.56556745121e-06, 5.67169934129e-07, 9.80835324071e-08, 7.38508276754e-07, 4.48248783869e-07, 6.26058991315e-08, 8.71524434842e-08, 1.76456556034e-08, 4.8420281118e-09, 3.81726827925e-09, 2.17898432631e-09, 4.48860087987e-10, 3.47381762245e-10, 5.62671298443e-10, 2.60815424813e-10, 4.2292516711e-10, 5.53860901586e-10, 4.76439790398e-11, 9.87929460461e-11, 8.84491022091e-11, 5.93990134856e-11, 8.11651024168e-11, 3.08686305683e-11, 6.40424449583e-11, 6.1467393675e-11, 3.70289805762e-11, 4.61199342605e-11, 3.10683735683e-11, 1.92574376584e-11, 9.72914804276e-12, 7.15369560464e-12, 7.64534963116e-12, 4.7862928898e-12, 3.62424673606e-12, 1.60836947059e-12, 1.75991198611e-12, 1.65226469659e-12],
        "dvar2": [0.000934044306632, 0.000252154277405, 3.71296700905e-05, 1.29690242829e-05, 1.40768111123e-06, 1.99788104283e-07, 1.95396933123e-06, 1.18731190923e-06, 1.61350072858e-07, 2.37630857214e-07, 3.35858914013e-08, 1.35847564309e-08, 1.08245039598e-08, 6.15912609803e-09, 1.13813258817e-09, 8.0505813127e-10, 1.50168022461e-09, 6.99191204934e-10, 1.1241105824e-09, 1.5236955031e-09, 1.10176062718e-10, 2.47664833086e-10, 2.32632246799e-10, 1.49060444543e-10, 2.13225409551e-10, 7.31415691901e-11, 1.56734306089e-10, 1.59403171218e-10, 8.75391426014e-11, 1.15324090555e-10, 6.57287696493e-11, 4.51880997898e-11, 2.32006618778e-11, 1.62506015589e-11, 1.82258704656e-11, 9.12166175926e-12, 8.26858199965e-12, 3.48663957948e-12, 3.68216308139e-12, 3.71748465344e-12],
        "max": [0.172578126192, 0.0809465348721, 0.0216147694737, 0.0243994034827, 0.0118426457047, 0.00541165703908, 0.0134783927351, 0.00989207904786, 0.00354636041448, 0.00479366350919, 0.00275881169364, 0.00105420337059, 0.00128050183412, 0.000359519821359, 0.000182057890925, 0.00042727807886, 0.000183687632671, 0.000172234387719, 0.000149024737766, 0.00016546806728, 4.99919406138e-05, 0.00010140419181, 8.27885523904e-05, 7.60916882427e-05, 9.92588466033e-05, 4.76121458632e-05, 6.16941833869e-05, 5.79402731091e-05, 6.27733315923e-05, 5.18952620041e-05, 3.36171287927e-05, 3.3308260754e-05, 5.81142994633e-05, 2.95114223263e-05, 5.88104958297e-05, 5.08309531142e-05, 3.4013602999e-05, 1.39741323437e-05, 2.66676725005e-05, 1.56626301759e-05],
        "mean": [0.0248441826552, 0.00567782577127, 0.00111197377555, 0.00184816610999, 0.00115751952399, 0.000640797137748, 0.000325229222653, 0.00027227634564, 0.000143145400216, 0.000155894900672, 8.42225126689e-05, 3.64953812095e-05, 2.96308808174e-05, 1.9020129912e-05, 7.02449369783e-06, 1.15797547551e-05, 1.01635687315e-05, 7.69989856053e-06, 7.99214467406e-06, 8.36958952277e-06, 4.77009780298e-06, 4.53920347354e-06, 4.21265440309e-06, 4.31637454312e-06, 4.54969176644e-06, 3.17062404065e-06, 3.17592048305e-06, 3.12227075483e-06, 3.93307664126e-06, 3.67220013686e-06, 3.68795826944e-06, 2.73011869467e-06, 1.77473998519e-06, 1.3179508187e-06, 1.19411220112e-06, 9.61301338975e-07, 7.89396381151e-07, 7.10783126578e-07, 7.63652565183e-07, 7.31495333639e-07],
        "median": [0.0104386555031, 0.00111320870928, 0.000333117815899, 0.000935805088375, 0.000751029001549, 0.000423497491283, 0.000149607119965, 0.000134094603709, 6.15010940237e-05, 8.99197766557e-05, 2.78859406535e-05, 1.5262658053e-05, 1.23794497995e-05, 7.82419101597e-06, 1.48290951074e-06, 5.88196689932e-06, 1.85379667528e-06, 1.5576632677e-06, 1.18281798223e-06, 1.45518777117e-06, 1.11916676815e-06, 5.99224222242e-07, 5.85630175465e-07, 6.93852541644e-07, 6.6480095029e-07, 5.06059620875e-07, 3.59792181825e-07, 4.92996377943e-07, 8.528915032e-07, 8.09212622244e-07, 6.2962527636e-07, 4.40337714736e-07, 1.46849941984e-07, 1.46049757177e-07, 1.15975403503e-07, 8.67051994646e-08, 1.1192383198e-07, 1.85376890727e-07, 1.95559238136e-07, 1.74073889525e-07],
        "min": [7.62393359673e-24, 1.54025091744e-23, 1.21616540056e-23, 5.3485183526e-24, 8.33489290984e-24, 5.35232539532e-24, 8.01828437439e-24, 5.66246961009e-24, 5.23938654611e-24, 4.31132482327e-24, 2.17577047611e-24, 2.13079869919e-24, 3.48992656115e-24, 9.55057884075e-24, 4.89442043327e-24, 1.29550500722e-23, 9.82438615006e-24, 8.27285452167e-24, 1.40724881105e-23, 1.08433948578e-23, 1.57738070699e-23, 7.68709295625e-24, 1.94924390014e-23, 1.86588575714e-23, 1.56683095456e-23, 9.68616588655e-24, 1.07791011163e-23, 9.55336825291e-24, 7.20783313506e-24, 5.41350629169e-24, 1.13322653714e-23, 1.00167301603e-23, 1.54758053966e-23, 1.16468410123e-23, 8.1048121605e-24, 8.80312997761e-24, 1.0043874864e-23, 9.83045880131e-24, 1.35287247108e-23, 7.65158080488e-24],
        "stdev": [0.0331356301904, 0.011943385005, 0.00291110272519, 0.00249030347914, 0.00126118690241, 0.00064597412711, 0.00078040943481, 0.000620637903921, 0.000336496595992, 0.000262034038315, 0.000224741554121, 7.10421445547e-05, 6.03647058597e-05, 3.80353376386e-05, 1.90167884284e-05, 2.14415485971e-05, 2.2035854272e-05, 1.61693697009e-05, 1.84693544725e-05, 1.95483316929e-05, 7.81760081736e-06, 9.66884181253e-06, 9.11870483833e-06, 8.39541189634e-06, 9.09101709112e-06, 5.93261620452e-06, 7.73175634095e-06, 7.17747070667e-06, 6.47858450975e-06, 6.63813216306e-06, 6.34069056105e-06, 4.86221824758e-06, 3.68552969121e-06, 2.95513041237e-06, 3.21815718962e-06, 2.78508150586e-06, 2.02955607165e-06, 1.43208035297e-06, 1.54415226916e-06, 1.39780308928e-06],
        "var": [0.00109797006007, 0.000142644435982, 8.4745197455e-06, 6.20161199549e-06, 1.59059254656e-06, 4.17282535636e-07, 6.09038863786e-07, 3.85191412988e-07, 1.13229958743e-07, 6.86618335521e-08, 5.0508763394e-08, 5.04698638437e-09, 3.64389762808e-09, 1.4466868814e-09, 3.61638247126e-10, 4.59739996073e-10, 4.85578910414e-10, 2.61448529493e-10, 3.41117023517e-10, 3.82137238519e-10, 6.1114877048e-11, 9.34865101998e-11, 8.31507848686e-11, 7.04829389298e-11, 8.26465909598e-11, 3.51959364431e-11, 5.97800628444e-11, 5.15160865355e-11, 4.19720543043e-11, 4.40647969502e-11, 4.02043572045e-11, 2.36411671489e-11, 1.35831285455e-11, 8.73279573654e-12, 1.03565359413e-11, 7.75667897968e-12, 4.11909785794e-12, 2.05085427807e-12, 2.38440625751e-12, 1.95385352862e-12]
    },
    "melbands128": {
