{
"lowlevel": {
    "average_loudness": 0.0150668155402,
    "barkbands_crest": {
        "dmean": 1.78392517567,
        "dmean2": 2.89731025696,
        "dvar": 2.75889658928,
        "dvar2": 6.68592643738,
        "max": 25.3093929291,
        "mean": 9.48942089081,
        "median": 9.20435810089,
        "min": 2.45140171051,
        "stdev": 3.52701997757,
        "var": 12.4398698807
    },
    "barkbands_flatness_db": {
        "dmean": 0.016330756247,
        "dmean2": 0.0240629669279,
        "dvar": 0.000305131368805,
        "dvar2": 0.000481965776999,
        "max": 0.356548786163,
        "mean": 0.13787509501,
        "median": 0.136555328965,
        "min": 0.029656201601,
        "stdev": 0.0534565038979,
        "var": 0.00285759777762
    },
    "barkbands_kurtosis": {
        "dmean": 2.05065178871,
        "dmean2": 3.00580883026,
        "dvar": 127.291542053,
        "dvar2": 262.915100098,
        "max": 361.735076904,
        "mean": 4.15207195282,
        "median": 2.78629112244,
        "min": -1.48206114769,
        "stdev": 14.5835456848,
        "var": 212.67980957
    },
    "barkbands_skewness": {
        "dmean": 0.339731097221,
        "dmean2": 0.502415955067,
        "dvar": 0.324022173882,
        "dvar2": 0.60188549757,
        "max": 17.4728736877,
        "mean": -0.266332983971,
        "median": -0.295623064041,
        "min": -2.54389619827,
        "stdev": 1.28448212147,
        "var": 1.64989435673
    },
    "barkbands_spread": {
        "dmean": 3.18485236168,
        "dmean2": 4.80699872971,
        "dvar": 19.2988052368,
        "dvar2": 40.3591384888,
        "max": 56.5636711121,
        "mean": 14.7945127487,
        "median": 10.5710115433,
        "min": 0.887833297253,
        "stdev": 10.4976081848,
        "var": 110.199768066
    },
    "dissonance": {
        "dmean": 0.0151543384418,
        "dmean2": 0.0263509619981,
        "dvar": 0.000221275389777,
        "dvar2": 0.000588227645494,
        "max": 0.499830812216,
        "mean": 0.472969084978,
        "median": 0.478712707758,
        "min": 0.338401734829,
        "stdev": 0.0187502186745,
        "var": 0.000351570692146
    },
    "dynamic_complexity": 3.15703129768,
    "erbbands_crest": {
        "dmean": 2.15542960167,
        "dmean2": 3.49957036972,
        "dvar": 3.6359295845,
        "dvar2": 8.99248027802,
        "max": 22.6928501129,
        "mean": 11.3173723221,
        "median": 10.9894161224,
        "min": 2.96433234215,
        "stdev": 3.93246388435,
        "var": 15.4642715454
    },
    "erbbands_flatness_db": {
        "dmean": 0.0160076785833,
        "dmean2": 0.0234136451036,
        "dvar": 0.000297814054647,
        "dvar2": 0.000479065376567,
        "max": 0.361453175545,
        "mean": 0.223789483309,
        "median": 0.230569377542,
        "min": 0.0631638020277,
        "stdev": 0.0581650696695,
        "var": 0.00338317546993
    },
    "erbbands_kurtosis": {
        "dmean": 1.15581715107,
        "dmean2": 1.77007079124,
        "dvar": 1.21826970577,
        "dvar2": 2.82854270935,
        "max": 13.459197998,
        "mean": 3.47828984261,
        "median": 3.5252699852,
        "min": -1.54097592831,
        "stdev": 2.63624453545,
        "var": 6.94978523254
    },
    "erbbands_skewness": {
        "dmean": 0.289661079645,
        "dmean2": 0.449928432703,
        "dvar": 0.0788065940142,
        "dvar2": 0.17387740314,
        "max": 1.98789656162,
        "mean": 0.152128636837,
        "median": 0.1911444664,
        "min": -2.62213301659,
        "stdev": 0.626244783401,
        "var": 0.39218249917
    },
    "erbbands_spread": {
        "dmean": 3.41932845116,
        "dmean2": 5.1677942276,
        "dvar": 39.1881217957,
        "dvar2": 82.294708252,
        "max": 146.168380737,
        "mean": 15.7216014862,
        "median": 9.45033836365,
        "min": 3.35886287689,
        "stdev": 15.913860321,
        "var": 253.250961304
    },
    "hfc": {
        "dmean": 8.31587982178,
        "dmean2": 12.7166013718,
        "dvar": 1276.30163574,
        "dvar2": 3510.15795898,
        "max": 774.624633789,
        "mean": 28.2603263855,
        "median": 21.9220638275,
        "min": 1.28716344275e-16,
        "stdev": 35.4034118652,
        "var": 1253.40161133
    },
    "loudness_ebu128": {
        "integrated": -18.5669403076,
        "loudness_range": 4.90111923218,
        "momentary": {
            "dmean": 0.588409245014,
            "dmean2": 0.576779305935,
            "dvar": 0.500604569912,
            "dvar2": 0.582901239395,
            "max": -9.70138263702,
            "mean": -19.6883239746,
            "median": -19.2527999878,
            "min": -26.8013477325,
            "stdev": 3.16859674454,
            "var": 10.0400047302
        },
        "short_term": {
            "dmean": 0.125911608338,
            "dmean2": 0.0885085314512,
            "dvar": 0.0196985136718,
            "dvar2": 0.0229760911316,
            "max": -15.8507318497,
            "mean": -19.2111873627,
            "median": -19.0896110535,
            "min": -22.4619884491,
            "stdev": 1.69072818756,
            "var": 2.85856199265
        }
    },
    "melbands_crest": {
        "dmean": 1.95004451275,
        "dmean2": 3.10149431229,
        "dvar": 3.63417720795,
        "dvar2": 8.03200817108,
        "max": 37.1542854309,
        "mean": 10.3527336121,
        "median": 9.48971748352,
        "min": 2.20492053032,
        "stdev": 4.40758609772,
        "var": 19.426815033
    },
    "melbands_flatness_db": {
        "dmean": 0.0143248094246,
        "dmean2": 0.020776104182,
        "dvar": 0.000252008409007,
        "dvar2": 0.000384151993785,
        "max": 0.475486606359,
        "mean": 0.130154177547,
        "median": 0.132642015815,
        "min": 0.00464281253517,
        "stdev": 0.0501878000796,
        "var": 0.00251881522126
    },
    "melbands_kurtosis": {
        "dmean": 3.62541604042,
        "dmean2": 5.04155731201,
        "dvar": 787.85723877,
        "dvar2": 1558.18371582,
        "max": 783.401855469,
        "mean": 7.10404968262,
        "median": 2.06939983368,
        "min": -1.79804444313,
        "stdev": 46.7667579651,
        "var": 2187.12963867
    },
    "melbands_skewness": {
        "dmean": 0.353439718485,
        "dmean2": 0.509137392044,
        "dvar": 0.521973192692,
        "dvar2": 0.948410749435,
        "max": 21.1983623505,
        "mean": -0.0867223143578,
        "median": -0.401490032673,
        "min": -2.12148475647,
        "stdev": 2.07181406021,
        "var": 4.29241323471
    },
    "melbands_spread": {
        "dmean": 6.48426294327,
        "dmean2": 9.86217403412,
        "dvar": 65.4750366211,
        "dvar2": 128.722717285,
        "max": 141.727645874,
        "mean": 35.0092926025,
        "median": 29.8075790405,
        "min": 0.462931007147,
        "stdev": 20.8508739471,
        "var": 434.75894165
    },
    "pitch_salience": {
        "dmean": 0.0479850545526,
        "dmean2": 0.0739966705441,
        "dvar": 0.0024868210312,
        "dvar2": 0.0050857658498,
        "max": 0.912991702557,
        "mean": 0.671741902828,
        "median": 0.703656554222,
        "min": 0.0748380422592,
        "stdev": 0.124758645892,
        "var": 0.0155647201464
    },
    "silence_rate_20dB": {
        "dmean": 0.00154798757285,
        "dmean2": 0.00309837330133,
        "dvar": 0.00154559127986,
        "dvar2": 0.00308877415955,
        "max": 1,
        "mean": 0.988399088383,
        "median": 1,
        "min": 0,
        "stdev": 0.107081025839,
        "var": 0.0114663457498
    },
    "silence_rate_30dB": {
        "dmean": 0.00154798757285,
        "dmean2": 0.002323779976,
        "dvar": 0.00154559127986,
        "dvar2": 0.00231837946922,
        "max": 1,
        "mean": 0.987625658512,
        "median": 1,
        "min": 0,
        "stdev": 0.110549539328,
        "var": 0.0122212003917
    },
    "silence_rate_60dB": {
        "dmean": 0.0503095984459,
        "dmean2": 0.100697137415,
        "dvar": 0.0477794706821,
        "dvar2": 0.102950684726,
        "max": 1,
        "mean": 0.188708424568,
        "median": 0,
        "min": 0,
        "stdev": 0.391278892756,
        "var": 0.153099164367
    },
    "spectral_centroid": {
        "dmean": 122.082511902,
        "dmean2": 180.509506226,
        "dvar": 71587.0625,
        "dvar2": 107618.40625,
        "max": 11339.46875,
        "mean": 2319.99707031,
        "median": 2327.35522461,
        "min": 392.476715088,
        "stdev": 419.979003906,
        "var": 176382.359375
    },
    "spectral_complexity": {
        "dmean": 1.73297214508,
        "dmean2": 2.85979866982,
        "dvar": 2.73907732964,
        "dvar2": 6.46757221222,
        "max": 29,
        "mean": 11.968290329,
        "median": 12,
        "min": 0,
        "stdev": 3.19944238663,
        "var": 10.2364311218
    },
    "spectral_decrease": {
        "dmean": 1.24894172782e-09,
        "dmean2": 1.49724965759e-09,
        "dvar": 7.26517364217e-17,
        "dvar2": 7.25463403767e-17,
        "max": 7.92697959523e-29,
        "mean": -4.96464158672e-09,
        "median": -2.30448016225e-09,
        "min": -4.21288518737e-07,
        "stdev": 2.33897381463e-08,
        "var": 5.47079840028e-16
    },
    "spectral_energy": {
        "dmean": 0.00520155066624,
        "dmean2": 0.00635981094092,
        "dvar": 0.0010685112793,
        "dvar2": 0.00114809384104,
        "max": 1.59969711304,
        "mean": 0.021301003173,
        "median": 0.0106362653896,
        "min": 1.13757779481e-20,
        "stdev": 0.089838527143,
        "var": 0.00807096064091
    },
    "spectral_energyband_high": {
        "dmean": 0.000384893908631,
        "dmean2": 0.000654756906442,
        "dvar": 1.23533664009e-05,
        "dvar2": 3.45375738107e-05,
        "max": 0.0653753578663,
        "mean": 0.000597082369495,
        "median": 0.000372439913917,
        "min": 8.01903701712e-21,
        "stdev": 0.00280195404775,
        "var": 7.85094653111e-06
    },
    "spectral_energyband_low": {
        "dmean": 0.00257568899542,
        "dmean2": 0.00255037564784,
        "dvar": 0.00107748317532,
        "dvar2": 0.000967041181866,
        "max": 1.58869826794,
        "mean": 0.00834606681019,
        "median": 5.198454528e-05,
        "min": 4.63292392947e-23,
        "stdev": 0.0843866243958,
        "var": 0.00712110288441
    },
    "spectral_energyband_middle_high": {
        "dmean": 0.00261751911603,
        "dmean2": 0.00375432521105,
        "dvar": 1.76396006282e-05,
        "dvar2": 3.35961231031e-05,
        "max": 0.0673411339521,
        "mean": 0.0110765537247,
        "median": 0.00909947697073,
        "min": 1.70526312504e-21,
        "stdev": 0.00927339680493,
        "var": 8.59958818182e-05
    },
    "spectral_energyband_middle_low": {
        "dmean": 0.000928922614548,
        "dmean2": 0.00169563898817,
        "dvar": 0.000300861429423,
        "dvar2": 0.000895279576071,
        "max": 0.453861236572,
        "mean": 0.00127370201517,
        "median": 0.000402628444135,
        "min": 4.22623811249e-22,
        "stdev": 0.0127328000963,
        "var": 0.000162124197232
    },
    "spectral_entropy": {
        "dmean": 0.159286603332,
        "dmean2": 0.232212811708,
        "dvar": 0.0265015996993,
        "dvar2": 0.042084403336,
        "max": 9.80814743042,
        "mean": 7.10615682602,
        "median": 7.06851100922,
        "min": 6.05277299881,
        "stdev": 0.471575886011,
        "var": 0.222383826971
    },
    "spectral_flux": {
        "dmean": 0.0153725715354,
        "dmean2": 0.0245501603931,
        "dvar": 0.00118613184895,
        "dvar2": 0.00240225950256,
        "max": 1.08629667759,
        "mean": 0.0470815375447,
        "median": 0.0358232669532,
        "min": 1.06657294108e-10,
        "stdev": 0.0533485971391,
        "var": 0.00284607289359
    },
    "spectral_kurtosis": {
        "dmean": 1.66050624847,
        "dmean2": 2.75469303131,
        "dvar": 2.55324983597,
        "dvar2": 6.83104944229,
        "max": 18.8283042908,
        "mean": 6.75174379349,
        "median": 6.62152290344,
        "min": -1.20129644871,
        "stdev": 3.2364051342,
        "var": 10.4743175507
    },
    "spectral_rms": {
        "dmean": 0.000421550124884,
        "dmean2": 0.000583191169426,
        "dvar": 9.03910745365e-07,
        "dvar2": 1.23068889479e-06,
        "max": 0.0395054444671,
        "mean": 0.00348871620372,
        "median": 0.00322131090797,
        "min": 3.33141413761e-12,
        "stdev": 0.0029343359638,
        "var": 8.61032822286e-06
    },
    "spectral_rolloff": {
        "dmean": 468.981567383,
        "dmean2": 786.87298584,
        "dvar": 821857.5,
        "dvar2": 1741164.625,
        "max": 19121.484375,
        "mean": 3146.54589844,
        "median": 2627.05078125,
        "min": 43.06640625,
        "stdev": 1602.83422852,
        "var": 2569077.75
    },
    "spectral_skewness": {
        "dmean": 0.192578077316,
        "dmean2": 0.312787622213,
        "dvar": 0.0284965764731,
        "dvar2": 0.0710980594158,
        "max": 3.23151898384,
        "mean": 1.97304463387,
        "median": 2.01419639587,
        "min": -0.0273867696524,
        "stdev": 0.40967977047,
        "var": 0.167837515473
    },
    "spectral_spread": {
        "dmean": 480991.8125,
        "dmean2": 713478.125,
        "dvar": 1.14815428198e+12,
        "dvar2": 1.38850389197e+12,
        "max": 41140812,
        "mean": 4073883.5,
        "median": 3718843.5,
        "min": 2164206.25,
        "stdev": 1678746.25,
        "var": 2.81818903347e+12
    },
    "spectral_strongpeak": {
        "dmean": 1.2092192173,
        "dmean2": 1.90389406681,
        "dvar": 1.76098835468,
        "dvar2": 3.64137649536,
        "max": 14.500213623,
        "mean": 4.3939704895,
        "median": 4.0183172226,
        "min": 0,
        "stdev": 3.09174275398,
        "var": 9.55887317657
    },
    "zerocrossingrate": {
        "dmean": 0.00970024336129,
        "dmean2": 0.0113889425993,
        "dvar": 0.000143386976561,
        "dvar2": 0.000157536473125,
        "max": 0.51708984375,
        "mean": 0.119239941239,
        "median": 0.109375,
        "min": 0.005859375,
        "stdev": 0.0367442071438,
        "var": 0.00135013670661
    },
    "barkbands": {
        "dmean": [0.000734857399948, 0.00243077706546, 0.000570426054765, 0.000399902171921, 0.000336342869559, 0.000142136312206, 4.72768806503e-05, 4.10122265748e-05, 4.91374848934e-05, 5.43825444765e-05, 5.01387003169e-05, 0.000180492119398, 0.000269585842034, 0.000572099466808, 0.000809665827546, 0.000903317646589, 0.000741027935874, 0.000346032495145, 0.000151232743519, 3.95793103962e-05, 2.54193600995e-05, 5.81554304517e-05, 0.000108429012471, 7.63728385209e-05, 9.97708048089e-05, 6.32782830507e-05, 3.01759314425e-06],
        "dmean2": [0.00118144461885, 0.00310745439492, 0.000980054610409, 0.000738231756259, 0.000628928712104, 0.000270630407613, 7.95627202024e-05, 5.66451708437e-05, 7.41795302019e-05, 7.46647128835e-05, 7.16248468962e-05, 0.000252076919423, 0.000396842195187, 0.000862998422235, 0.00117777416017, 0.00135086290538, 0.00107671169098, 0.000506789481733, 0.000230310542975, 6.14906384726e-05, 4.05037571909e-05, 0.000100024291896, 0.000189687809325, 0.000129454114358, 0.000173705353518, 0.000109310822154, 5.00924033986e-06],
        "dvar": [8.89392176759e-05, 0.00145818246529, 7.74185609771e-05, 6.30851063761e-05, 4.01035867981e-05, 7.19833769836e-06, 9.14395243967e-08, 2.94911295384e-09, 2.3567631402e-08, 5.89931481443e-09, 9.21988974056e-09, 6.71533584296e-08, 4.02382482889e-07, 2.72304782811e-06, 2.46234685619e-06, 4.68291955258e-06, 1.28081194362e-06, 3.13386038897e-07, 5.37843689585e-08, 3.21600701625e-09, 5.66800828494e-09, 9.20851590536e-08, 6.61777676214e-07, 5.0683365771e-07, 9.48818581037e-07, 4.06329803582e-07, 8.37621430549e-11],
        "dvar2": [0.000169211809407, 0.00211441237479, 0.000212930142879, 0.000187356345123, 0.000118641350127, 2.16095377255e-05, 2.80913496908e-07, 6.20428775022e-09, 6.58700756162e-08, 1.01400052799e-08, 1.86792945556e-08, 1.28612995809e-07, 7.97253449036e-07, 6.71865245749e-06, 4.83374742544e-06, 1.06978286567e-05, 2.52381823884e-06, 6.56167344459e-07, 1.07492724055e-07, 7.53388107455e-09, 1.52076573556e-08, 2.53664893535e-07, 1.89675472484e-06, 1.40468341669e-06, 2.64426057583e-06, 1.12902364435e-06, 2.14792628128e-10],
        "max": [0.316288918257, 1.49953389168, 0.24486130476, 0.205741733313, 0.16739179194, 0.068977765739, 0.00690439995378, 0.00109799799975, 0.00358322518878, 0.00171858014073, 0.00121744140051, 0.00401364825666, 0.0131842670962, 0.0362049229443, 0.0250537041575, 0.0289414338768, 0.0154029708356, 0.00753142731264, 0.0052082920447, 0.000896043668035, 0.00147605780512, 0.00584946246818, 0.0145447989926, 0.0130280796438, 0.019163319841, 0.0113069778308, 0.000183643685887],
        "mean": [0.00236512627453, 0.00548230204731, 0.000562251196243, 0.00038746491191, 0.000378185271984, 0.00013200948888, 7.47761441744e-05, 0.00011083028221, 0.000118942429253, 0.00013243444846, 0.000118323921924, 0.000530846766196, 0.000910474918783, 0.00113595242146, 0.00236271228641, 0.00245607458055, 0.00209860061295, 0.000949526322074, 0.000353736104444, 9.62167760008e-05, 4.83569201606e-05, 9.98439572868e-05, 0.000127180639538, 9.63595084613e-05, 0.000108306303446, 6.10393253737e-05, 3.1150320865e-06],
        "median": [1.07782022951e-06, 3.74594537789e-06, 2.98808736261e-05, 2.5389399525e-05, 4.12409608543e-05, 2.23388797167e-05, 1.42089711517e-05, 8.64652247401e-05, 4.94008309033e-05, 6.62197926431e-05, 4.4543925469e-05, 0.000317969621392, 0.000120981902, 0.000303420703858, 0.000456922571175, 0.00026951811742, 0.000892276584636, 0.000363445404219, 0.000214275511098, 7.03589394107e-05, 3.24148059008e-05, 7.36491347197e-05, 6.78810611134e-05, 5.01211943629e-05, 4.89532358188e-05, 2.00334725378e-05, 9.3918112043e-07],
        "min": [1.08698138095e-23, 2.47482168938e-23, 7.53993016552e-24, 2.63143724256e-23, 3.96612631201e-23, 3.30446638786e-23, 1.45918971653e-22, 7.19174889229e-23, 9.06030478582e-23, 3.39779052621e-23, 9.60704787093e-23, 7.52348635995e-23, 5.94109133751e-23, 6.59324832765e-23, 2.64238969271e-22, 1.97580929599e-22, 1.37309002945e-22, 3.77874849674e-22, 2.2463901011e-22, 4.57949229776e-22, 3.92991747024e-22, 3.81993511393e-22, 5.25569932188e-22, 8.22141394334e-22, 1.35270848899e-21, 1.81598718731e-21, 2.68425945082e-21],
        "stdev": [0.0234662201256, 0.066150598228, 0.00747231952846, 0.00579625600949, 0.00472879456356, 0.00192440277897, 0.00030790476012, 0.000111984991236, 0.000191248429473, 0.000174172775587, 0.000188478545169, 0.000570115982555, 0.00163245655131, 0.00216276710853, 0.00370074342936, 0.00461615622044, 0.00273435423151, 0.00128450326156, 0.000434862100519, 9.4872470072e-05, 7.83778668847e-05, 0.000253793667071, 0.000635052332655, 0.000567371200304, 0.000775003514718, 0.000507961260155, 8.36284925754e-06],
        "var": [0.000550663506147, 0.00437590200454, 5.5835560488e-05, 3.35965851264e-05, 2.23614988499e-05, 3.70332600141e-06, 9.48053440197e-08, 1.25406387497e-08, 3.65759618148e-08, 3.03361566978e-08, 3.55241631667e-08, 3.25032203818e-07, 2.66491451839e-06, 4.67756171929e-06, 1.36955013659e-05, 2.13088987948e-05, 7.47669355405e-06, 1.64994855822e-06, 1.89105051618e-07, 9.00078589439e-09, 6.14308959257e-09, 6.44112247983e-08, 4.03291494422e-07, 3.21910079037e-07, 6.00630471581e-07, 2.58024613231e-07, 6.99372504354e-11]
    },
    "erbbands": {
        "dmean": [0.116989210248, 0.445496350527, 0.490109622478, 1.09203863144, 1.37161099911, 0.888704836369, 1.16943895817, 1.03952467442, 0.84100663662, 0.734954595566, 0.834950745106, 1.01014518738, 1.90389513969, 1.06610226631, 3.3676071167, 8.18414974213, 9.54429912567, 23.9742698669, 29.8781013489, 49.2359886169, 43.7817001343, 35.8816833496, 19.7867469788, 11.4031419754, 4.3541302681, 1.56895160675, 1.0462719202, 1.06963264942, 1.96811568737, 3.02730154991, 2.98893046379, 1.7473679781, 1.39482712746, 1.15899455547, 0.589812397957, 0.412767916918, 0.0797539204359, 0.00985562521964, 0.000428266328527, 1.6150992451e-05],
        "dmean2": [0.120544455945, 0.66987901926, 0.774732708931, 1.97800922394, 2.55489373207, 1.64832174778, 2.24552798271, 1.94986498356, 1.41225802898, 1.04970121384, 1.27670753002, 1.52459335327, 2.58490490913, 1.50780296326, 4.67487573624, 11.6468954086, 13.9494981766, 35.6999816895, 43.3950309753, 73.6479034424, 65.2642364502, 51.8789634705, 28.6309604645, 17.0513191223, 6.78803920746, 2.38732552528, 1.62895727158, 1.73710370064, 3.41065359116, 5.20198440552, 5.36368179321, 2.95313835144, 2.38708543777, 2.04546976089, 1.00953364372, 0.713800609112, 0.134015381336, 0.0165649317205, 0.000725919962861, 2.55815775745e-05],
        "dvar": [2.67112803459, 68.2001342773, 55.6477241516, 430.750244141, 690.242797852, 259.370666504, 648.864257812, 319.407287598, 25.0121822357, 10.5594806671, 3.6625828743, 12.3262653351, 7.08835601807, 3.65892720222, 61.0109977722, 161.135284424, 429.746185303, 4966.70019531, 2574.12475586, 8424.52441406, 8254.27832031, 2833.43041992, 900.139404297, 290.441009521, 46.0793190002, 4.66399049759, 4.32491922379, 25.323923111, 123.187019348, 63.5181541443, 892.488464355, 237.876022339, 165.699996948, 118.940895081, 43.3821182251, 15.8059511185, 0.65086042881, 0.00653573824093, 4.90210777571e-06, 1.41038132284e-08],
        "dvar2": [3.11343359947, 126.307685852, 126.549697876, 1253.83947754, 2031.38415527, 771.669616699, 1944.69921875, 961.868591309, 75.8127059937, 30.5672626495, 9.53103256226, 34.5347480774, 12.1388816833, 7.07945346832, 128.391876221, 315.859893799, 869.360778809, 12203.9873047, 5460.59326172, 18267.2089844, 18406.9394531, 5486.03320312, 1782.89233398, 634.63684082, 108.333839417, 10.6495342255, 11.1827487946, 70.1559448242, 349.53729248, 165.983230591, 2580.02294922, 668.33782959, 458.497772217, 335.989532471, 118.620750427, 44.2103843689, 1.74497783184, 0.0176303237677, 1.326074198e-05, 3.64294301392e-08],
        "max": [72.4059524536, 270.888793945, 228.469558716, 552.551574707, 697.247314453, 421.159362793, 654.102844238, 460.130584717, 108.556007385, 82.0664825439, 47.1120491028, 84.8808670044, 61.6884422302, 38.1577033997, 127.696220398, 205.230453491, 419.010986328, 1506.31677246, 712.01739502, 1357.44799805, 1339.25695801, 717.961975098, 513.005615234, 366.99822998, 93.484046936, 34.5277862549, 39.4704017639, 98.1945266724, 215.525177002, 163.021682739, 528.50793457, 277.244842529, 235.430450439, 198.206619263, 136.391311646, 70.7465362549, 15.2575521469, 1.6400706768, 0.047913569957, 0.00327465683222],
        "mean": [0.321409970522, 0.600011467934, 0.637176036835, 1.12246906757, 1.53780519962, 0.939454376698, 0.910234630108, 1.09346473217, 1.2865664959, 1.67435562611, 2.03998613358, 2.72170853615, 4.95176649094, 2.88404726982, 9.42456150055, 24.9991989136, 32.928943634, 52.394153595, 87.563041687, 145.766113281, 130.06439209, 104.561424255, 57.9917030334, 30.6957416534, 11.063826561, 4.18106985092, 2.53325533867, 2.07575583458, 3.65918731689, 4.51870250702, 3.0563378334, 2.19506573677, 1.79772675037, 1.32982337475, 0.536028265953, 0.391227841377, 0.0820683687925, 0.0102249346673, 0.000440408708528, 3.96917566832e-05],
        "median": [0.000147174709127, 0.00117499136832, 0.0221339967102, 0.0740149766207, 0.124969616532, 0.0822096988559, 0.0655848905444, 0.196012213826, 0.334974825382, 0.955662786961, 1.35079193115, 1.25034439564, 3.09080243111, 1.6191483736, 3.74333333969, 14.6049919128, 9.80305767059, 23.3074264526, 47.8663787842, 79.5019683838, 58.4634857178, 54.6688270569, 32.4710655212, 16.5810680389, 6.89720630646, 2.93388748169, 1.98347437382, 1.40738141537, 2.61129546165, 3.21355032921, 1.31796586514, 1.11217474937, 0.966688930988, 0.564284265041, 0.189537718892, 0.131536319852, 0.0267405360937, 0.00372101017274, 0.00012210776913, 2.10322123166e-05],
        "min": [3.97547526037e-22, 6.69140930669e-21, 1.15055459457e-20, 4.78180478226e-20, 1.12375588143e-19, 1.19053507701e-19, 2.80375815456e-19, 3.11616023198e-19, 1.99487363978e-18, 1.73660365751e-18, 1.22965423178e-18, 1.61354213662e-18, 2.06938731013e-18, 1.85678245396e-18, 3.88577026297e-18, 3.51222252938e-18, 2.43339723767e-18, 3.65002130685e-18, 1.15325578905e-17, 1.05196835022e-17, 1.11639976424e-17, 9.02614852206e-18, 1.50506471984e-17, 1.52544363771e-17, 1.33988700855e-17, 2.20012291643e-17, 1.89404656832e-17, 1.45934959067e-17, 1.2803898096e-17, 1.34910254503e-17, 1.5582848587e-17, 1.66341521322e-17, 1.47718492816e-17, 1.31299478781e-17, 1.02985830876e-17, 7.2764017918e-18, 3.22645540919e-18, 1.42475377484e-18, 3.83065506366e-19, 4.04777149214e-20],
        "stdev": [3.5257191658, 10.0001735687, 8.12187957764, 15.7498407364, 19.6948699951, 11.8497886658, 18.2045211792, 12.8962860107, 5.43721580505, 3.14551925659, 2.76943469048, 4.24003267288, 5.94683837891, 4.07316160202, 15.799577713, 27.0842933655, 51.8159828186, 85.2658691406, 112.615310669, 184.169265747, 192.989151001, 126.200469971, 71.8995132446, 37.9448928833, 12.231007576, 3.86933732033, 2.57204937935, 4.50519037247, 9.19177627563, 7.78423595428, 22.6511421204, 12.1153707504, 10.295003891, 8.56182289124, 5.31853961945, 3.14607524872, 0.667738139629, 0.0664653405547, 0.00186442607082, 0.000160275798407],
        "var": [12.4306955338, 100.003471375, 65.9649353027, 248.057495117, 387.887939453, 140.417495728, 331.404571533, 166.314193726, 29.5633163452, 9.89429187775, 7.6697678566, 17.9778766632, 35.3648872375, 16.5906467438, 249.626647949, 733.558959961, 2684.89599609, 7270.26904297, 12682.2089844, 33918.3164062, 37244.8125, 15926.5595703, 5169.54003906, 1439.81494141, 149.597549438, 14.9717712402, 6.6154384613, 20.2967395782, 84.4887466431, 60.594329834, 513.07421875, 146.782211304, 105.987106323, 73.3048171997, 28.286863327, 9.89778900146, 0.44587418437, 0.00441764108837, 3.47608443008e-06, 2.5688331462e-08]
    },
    "gfcc": {
        "mean": [-36.215511322, 2.03443551064, -171.397445679, 15.3455686569, -39.1478500366, 25.0516376495, -56.6347465515, 12.5339212418, -21.4810676575, -1.51093244553, -27.1224746704, -1.56047177315, -25.3021640778],
        "cov": [[3836.47900391, 548.205383301, -81.0514678955, 214.105987549, 222.139373779, -11.9022493362, -188.786941528, -44.7043533325, -16.4485721588, -82.377243042, 12.0410699844, 24.9866008759, 3.25871729851], [548.205383301, 799.040344238, 358.088287354, 182.870956421, 29.3253765106, -64.2076644897, -101.146995544, -122.951469421, -90.0170211792, -62.2697868347, 35.9944572449, 42.5349731445, 92.4542388916], [-81.0514678955, 358.088287354, 901.538696289, 156.739776611, -224.781784058, 33.6132507324, 43.0996131897, -128.054962158, -114.476608276, 16.5910568237, 29.4561271667, 122.5051651, 63.6253318787], [214.105987549, 182.870956421, 156.739776611, 200.852233887, 64.404296875, -7.96651935577, -3.10162425041, 0.222779929638, -23.1443881989, -24.2778129578, 5.69774866104, -5.34895324707, 15.8544797897], [222.139373779, 29.3253765106, -224.781784058, 64.404296875, 318.620788574, 9.84188175201, -33.9577102661, 40.2360305786, 59.8387794495, -42.5310211182, 4.46686410904, -45.6134643555, -21.4197654724], [-11.9022493362, -64.2076644897, 33.6132507324, -7.96651935577, 9.84188175201, 120.107345581, 48.5091400146, 17.0302257538, 17.2899112701, 16.6353340149, -18.0632572174, 6.78770637512, 0.297517627478], [-188.786941528, -101.146995544, 43.0996131897, -3.10162425041, -33.9577102661, 48.5091400146, 122.663711548, 73.3706893921, 31.762960434, 22.7080402374, -14.4565153122, -21.7870998383, -23.8942832947], [-44.7043533325, -122.951469421, -128.054962158, 0.222779929638, 40.2360305786, 17.0302257538, 73.3706893921, 140.953674316, 79.4043121338, 20.1959934235, -18.6641807556, -55.6812591553, -44.9151115417], [-16.4485721588, -90.0170211792, -114.476608276, -23.1443881989, 59.8387794495, 17.2899112701, 31.762960434, 79.4043121338, 115.987182617, 36.8283958435, -5.52898311615, -34.7708435059, -36.1001472473], [-82.377243042, -62.2697868347, 16.5910568237, -24.2778129578, -42.5310211182, 16.6353340149, 22.7080402374, 20.1959934235, 36.8283958435, 70.4083328247, 21.5782222748, 2.7076022625, -4.73637628555], [12.0410699844, 35.9944572449, 29.4561271667, 5.69774866104, 4.46686410904, -18.0632572174, -14.4565153122, -18.6641807556, -5.52898311615, 21.5782222748, 69.7467346191, 37.1168899536, 22.5184459686], [24.9866008759, 42.5349731445, 122.5051651, -5.34895324707, -45.6134643555, 6.78770637512, -21.7870998383, -55.6812591553, -34.7708435059, 2.7076022625, 37.1168899536, 94.8033981323, 52.7946014404], [3.25871729851, 92.4542388916, 63.6253318787, 15.8544797897, -21.4197654724, 0.297517627478, -23.8942832947, -44.9151115417, -36.1001472473, -4.73637628555, 22.5184459686, 52.7946014404, 84.8890838623]],
        "icov": [[0.000349138659658, -0.000293682911433, 0.000216942236875, -0.000361489655916, 5.95820747549e-05, -0.000345080072293, 0.000517991487868, -0.000230036021094, 7.1197705438e-06, 1.83383799595e-05, 9.94891524897e-05, -0.000593988923356, 0.000598775339313], [-0.000293682911433, 0.00285000004806, -0.00139487441629, -0.000573567464016, -0.000249449163675, 0.000761285133194, 0.00122684706002, 0.000682304264046, -0.000848871073686, 0.00194129580632, -0.00138995470479, 0.00292715802789, -0.00300382589921], [0.000216942236875, -0.00139487441629, 0.00356064294465, -0.00292390375398, 0.00183962821029, -0.000763017451391, -0.0027115943376, 0.00253879255615, 0.000144431571243, -0.00143177970313, 0.00103797961492, -0.00425433460623, 0.00278716301546], [-0.000361489655916, -0.000573567464016, -0.00292390375398, 0.0100080026314, -0.00349678471684, 0.00110633904114, 0.000405437633162, -0.0038152821362, 0.00293410639279, 9.47703229031e-05, -0.000463938165922, 0.00350946723484, -0.00263637490571], [5.95820747549e-05, -0.000249449163675, 0.00183962821029, -0.00349678471684, 0.00766736222431, -0.00351867638528, 0.00206446019001, 0.00102055200841, -0.00542476028204, 0.00705189537257, -0.00491849891841, 0.001768172835, 0.000903307634871], [-0.000345080072293, 0.000761285133194, -0.000763017451391, 0.00110633904114, -0.00351867638528, 0.0134994741529, -0.00637528812513, 0.00188498164061, 0.000710023916326, -0.00548470579088, 0.00702956272289, -0.0035163545981, -0.00186482153367], [0.000517991487868, 0.00122684706002, -0.0027115943376, 0.000405437633162, 0.00206446019001, -0.00637528812513, 0.0205709151924, -0.011466646567, 0.000742120377254, 0.00214983406477, -0.0026828260161, 0.00370491296053, -0.00028992863372], [-0.000230036021094, 0.000682304264046, 0.00253879255615, -0.0038152821362, 0.00102055200841, 0.00188498164061, -0.011466646567, 0.0221718195826, -0.00976567622274, 0.000994352856651, -7.09369305696e-06, 0.00286339013837, 0.000953509879764], [7.1197705438e-06, -0.000848871073686, 0.000144431571243, 0.00293410639279, -0.00542476028204, 0.000710023916326, 0.000742120377254, -0.00976567622274, 0.0225609876215, -0.0135349407792, 0.00464010005817, -0.00288380123675, 0.0033403316047], [1.83383799595e-05, 0.00194129580632, -0.00143177970313, 9.47703229031e-05, 0.00705189537257, -0.00548470579088, 0.00214983406477, 0.000994352856651, -0.0135349407792, 0.0323618985713, -0.0158660579473, 0.00762053392828, -0.00261062127538], [9.94891524897e-05, -0.00138995470479, 0.00103797961492, -0.000463938165922, -0.00491849891841, 0.00702956272289, -0.0026828260161, -7.09369305696e-06, 0.00464010005817, -0.0158660579473, 0.0285337157547, -0.0137627208605, 0.000872343720403], [-0.000593988923356, 0.00292715802789, -0.00425433460623, 0.00350946723484, 0.001768172835, -0.0035163545981, 0.00370491296053, 0.00286339013837, -0.00288380123675, 0.00762053392828, -0.0137627208605, 0.0304758008569, -0.0137196518481], [0.000598775339313, -0.00300382589921, 0.00278716301546, -0.00263637490571, 0.000903307634871, -0.00186482153367, -0.00028992863372, 0.000953509879764, 0.0033403316047, -0.00261062127538, 0.000872343720403, -0.0137196518481, 0.0236653927714]]
    },
    "melbands": {
        "dmean": [0.000821619119961, 0.000309319904773, 0.000197110915906, 7.78757239459e-05, 4.0242815885e-05, 2.45375176746e-05, 1.15550619739e-05, 8.33811191114e-06, 7.36725087336e-06, 6.79696086081e-06, 9.86234317679e-06, 4.42525288236e-06, 8.61671651364e-06, 1.59165392688e-05, 2.64687332674e-05, 2.3950888135e-05, 5.29131139047e-05, 4.7796038416e-05, 6.85302002239e-05, 7.97161410446e-05, 4.72059473395e-05, 4.66430828965e-05, 1.90235896298e-05, 1.74365159182e-05, 9.90975968307e-06, 3.26405506712e-06, 2.15959357774e-06, 1.06777690689e-06, 8.43111592985e-07, 1.04028663372e-06, 5.40277653727e-07, 1.2434936707e-06, 1.32902050609e-06, 1.5864281977e-06, 1.63433560374e-06, 1.74331887592e-06, 9.36747085234e-07, 1.0192981108e-06, 1.22795540847e-06, 9.65614049164e-07],
        "dmean2": [0.000887342263013, 0.000346412125509, 0.00036069896305, 0.00014685568749, 7.62829440646e-05, 4.5750701247e-05, 1.92806728592e-05, 1.15985430966e-05, 1.1504846043e-05, 1.00847810245e-05, 1.33512385219e-05, 6.3329821387e-06, 1.19204732982e-05, 2.2308622647e-05, 3.8990376197e-05, 3.47219865944e-05, 7.83786163083e-05, 6.93748443155e-05, 0.000101046804048, 0.000117979579954, 7.01289100107e-05, 6.7523564212e-05, 2.68135081569e-05, 2.5567587727e-05, 1.48768231156e-05, 5.084832992e-06, 3.52465599462e-06, 1.65758717685e-06, 1.31061631237e-06, 1.68049200511e-06, 9.0885487225e-07, 2.1806206405e-06, 2.25907479035e-06, 2.70994519269e-06, 2.99575481222e-06, 3.00697092825e-06, 1.55874215579e-06, 1.7216921151e-06, 2.13864245779e-06, 1.72664192633e-06],
        "dvar": [0.000137923183502, 1.92689221876e-05, 1.42758517541e-05, 2.17332672037e-06, 7.07239678377e-07, 1.67374651028e-07, 5.04293495851e-09, 8.80499617661e-10, 3.58443136284e-10, 4.72627215142e-10, 1.81911125052e-10, 5.74261090069e-11, 3.40512423813e-10, 7.22911175366e-10, 3.56893781195e-09, 4.17628509553e-09, 2.59459671526e-08, 8.84096795772e-09, 2.20815472574e-08, 2.87831642964e-08, 7.06898628522e-09, 5.51613554833e-09, 1.33063504659e-09, 9.30616805839e-10, 2.44890024925e-10, 2.68674440335e-11, 1.05578384577e-11, 2.63374088164e-12, 1.66165995893e-12, 4.89509431253e-12, 9.89956380759e-12, 5.77114363243e-11, 2.37898589717e-11, 1.06660149463e-11, 2.95582308629e-10, 2.53167986575e-10, 5.38822701734e-11, 7.6675964189e-11, 9.71262723026e-11, 9.73023467354e-11],
        "dvar2": [0.000174709348357, 2.76483751804e-05, 4.16501170548e-05, 6.43719477011e-06, 2.11753922486e-06, 5.04558386183e-07, 1.52051171654e-08, 2.49369658256e-09, 9.65870383673e-10, 1.28294852519e-09, 3.07728897919e-10, 1.13365920817e-10, 7.11609493553e-10, 1.47087453328e-09, 8.33980617898e-09, 7.22970794342e-09, 6.40031529997e-08, 2.02144168071e-08, 4.46978489776e-08, 6.6051981662e-08, 1.52795838204e-08, 1.06264694821e-08, 2.37217134824e-09, 2.1215069701e-09, 5.19593423842e-10, 5.96836538524e-11, 2.54629563962e-11, 6.20828258593e-12, 3.99468826073e-12, 1.30661115608e-11, 2.76225309986e-11, 1.68434016734e-10, 5.98937704988e-11, 2.74948345341e-11, 8.57690252154e-10, 7.22802540043e-10, 1.49444609465e-10, 2.1299800812e-10, 2.66760780132e-10, 2.794759979e-10],
        "max": [0.50931340456, 0.170437321067, 0.100552067161, 0.0388765893877, 0.0216536931694, 0.0105409454554, 0.00164330389816, 0.000743415846955, 0.000450140883913, 0.000496389286127, 0.00031537929317, 0.000141386582982, 0.000293263467029, 0.000443606812041, 0.00140264513902, 0.00162420072593, 0.00320992921479, 0.00188904895913, 0.00279388483614, 0.00242452928796, 0.00116735079791, 0.000995178124867, 0.000685020233504, 0.000513854611199, 0.000356221862603, 7.21132892068e-05, 5.558598059e-05, 2.83952704194e-05, 2.42787718889e-05, 4.11854271078e-05, 6.28963534837e-05, 0.000146687452798, 8.93297110451e-05, 7.19389427104e-05, 0.000304284447338, 0.000281178421574, 0.000136296643177, 0.000164782599313, 0.000169436694705, 0.000184631469892],
        "mean": [0.00223292433657, 0.000448079314083, 0.000206156124477, 8.82524400367e-05, 3.29674330715e-05, 2.57317678916e-05, 1.79767466761e-05, 2.01607763302e-05, 1.62682972586e-05, 1.81696923391e-05, 2.54773549386e-05, 1.10548799057e-05, 2.23969673243e-05, 4.76111163152e-05, 7.48038946767e-05, 8.65965776029e-05, 0.000103320111521, 0.000125666047097, 0.000198142137378, 0.000224456438445, 0.000133040623041, 0.000129488180391, 5.1032518968e-05, 4.91061764478e-05, 2.37054937315e-05, 7.41286476114e-06, 5.17227681485e-06, 2.44870716415e-06, 1.76982928224e-06, 1.69186023413e-06, 8.55089695051e-07, 2.23898427976e-06, 2.110432888e-06, 2.3066452286e-06, 1.53061910169e-06, 1.7618712036e-06, 1.29219529299e-06, 1.32202046643e-06, 1.38869643251e-06, 1.04035211734e-06],
        "median": [1.16244575565e-06, 9.19889407669e-06, 1.6965863324e-05, 9.57280735747e-06, 2.80394692709e-06, 5.25512950844e-06, 4.41828069597e-06, 1.23314002849e-05, 9.5527348094e-06, 7.14553334547e-06, 1.59677838383e-05, 5.76715274292e-06, 7.73567080614e-06, 2.63114779955e-05, 3.10003488266e-05, 7.50213712308e-06, 3.81882528018e-05, 4.54975634057e-05, 4.0915205318e-05, 6.64615290589e-05, 5.84185945627e-05, 5.03353148815e-05, 1.83675092558e-05, 1.66179816006e-05, 1.0511274013e-05, 4.63603964818e-06, 3.12417682835e-06, 1.71130216131e-06, 1.29218994971e-06, 1.04038906557e-06, 5.41782185337e-07, 1.55923896727e-06, 1.35828247494e-06, 1.58379521054e-06, 5.59558486657e-07, 6.22651441518e-07, 6.99498514223e-07, 7.08696290985e-07, 6.14827911249e-07, 4.02717745374e-07],
        "min": [6.17172428948e-24, 7.43252911986e-24, 1.04973468222e-23, 8.52304885751e-24, 8.95787135505e-24, 8.74887843543e-24, 2.91214187832e-23, 1.85487799207e-23, 1.0182943153e-23, 1.12170561805e-23, 9.90251493412e-24, 6.39780472517e-24, 1.2630261838e-23, 1.00626607976e-23, 6.79903436992e-24, 5.04088705425e-24, 6.62367690158e-24, 1.678482225e-23, 1.67703766292e-23, 1.41606022959e-23, 1.23739696074e-23, 8.05859437779e-24, 1.29439200337e-23, 1.69966156259e-23, 1.19251314181e-23, 9.53892420973e-24, 1.09177970629e-23, 1.58197282409e-23, 1.18810924692e-23, 8.94814706667e-24, 8.68073110841e-24, 7.11501102778e-24, 7.28717439832e-24, 7.594905882e-24, 8.30671243173e-24, 1.19218513345e-23, 8.8255359939e-24, 9.09060982413e-24, 1.21743909538e-23, 1.0721697286e-23],
        "stdev": [0.0244358014315, 0.00625085644424, 0.00285119377077, 0.0010983167449, 0.000603190273978, 0.000296161539154, 7.56363733672e-05, 3.06747642753e-05, 2.53584930761e-05, 2.95427744277e-05, 3.04415534629e-05, 1.59466962941e-05, 3.73811453755e-05, 5.60936496186e-05, 0.000115920076496, 0.000193896121345, 0.000197433881112, 0.000175747089088, 0.000337943434715, 0.000349701673258, 0.000178804344614, 0.000176547910087, 7.66117882449e-05, 7.43593918742e-05, 3.35454387823e-05, 8.41391101858e-06, 6.02878753853e-06, 2.47657317232e-06, 1.82998178389e-06, 2.39465930463e-06, 2.69354154625e-06, 6.09647804595e-06, 4.58924341729e-06, 3.5304017274e-06, 1.29490272229e-05, 1.22609289974e-05, 5.89770070292e-06, 6.97621408108e-06, 8.05055879027e-06, 7.54935535952e-06],
        "var": [0.00059710838832, 3.90732056985e-05, 8.12930557004e-06, 1.2062996575e-06, 3.63838523754e-07, 8.77116548281e-08, 5.72086067407e-09, 9.40941102812e-10, 6.43053166272e-10, 8.72775518523e-10, 9.26688170644e-10, 2.54297138902e-10, 1.39735001348e-09, 3.14649750699e-09, 1.34374644745e-08, 3.75957078802e-08, 3.89801400047e-08, 3.08870404808e-08, 1.14205761292e-07, 1.22291254456e-07, 3.19709947405e-08, 3.11691650268e-08, 5.86936588221e-09, 5.5293196688e-09, 1.12529641161e-09, 7.07938985212e-11, 3.63462801523e-11, 6.1334145228e-12, 3.34883314655e-12, 5.73439342885e-12, 7.25516565228e-12, 3.71670437482e-11, 2.10611562912e-11, 1.246373664e-11, 1.67677316476e-10, 1.50330387028e-10, 3.47828744973e-11, 4.86675630351e-11, 6.48115033863e-11, 5.69927646743e-11]
    },
    "melbands128": {
