{
"lowlevel": {
    "average_loudness": 0.659024238586,
    "barkbands_crest": {
        "dmean": 2.36515974998,
        "dmean2": 3.65148854256,
        "dvar": 5.82615566254,
        "dvar2": 13.5457029343,
        "max": 26.1168117523,
        "mean": 13.4511222839,
        "median": 12.6492185593,
        "min": 3.74425172806,
        "stdev": 4.98523902893,
        "var": 24.8526058197
    },
    "barkbands_flatness_db": {
        "dmean": 0.0238366946578,
        "dmean2": 0.0312247537076,
        "dvar": 0.000557539635338,
        "dvar2": 0.000942986924201,
        "max": 0.379388839006,
        "mean": 0.213734924793,
        "median": 0.206769019365,
        "min": 0.0461918450892,
        "stdev": 0.0532471090555,
        "var": 0.00283525465056
    },
    "barkbands_kurtosis": {
        "dmean": 4.08340024948,
        "dmean2": 5.763276577,
        "dvar": 54.1222953796,
        "dvar2": 87.7000579834,
        "max": 165.320617676,
        "mean": 7.68563652039,
        "median": 3.22114849091,
        "min": -1.32327783108,
        "stdev": 14.0361375809,
        "var": 197.013153076
    },
    "barkbands_skewness": {
        "dmean": 0.609964430332,
        "dmean2": 0.87175744772,
        "dvar": 0.537243664265,
        "dvar2": 0.856688976288,
        "max": 12.7670021057,
        "mean": 2.01273012161,
        "median": 1.66796350479,
        "min": -2.24509263039,
        "stdev": 1.56540548801,
        "var": 2.45049452782
    },
    "barkbands_spread": {
        "dmean": 3.07829546928,
        "dmean2": 4.29327487946,
        "dvar": 13.923415184,
        "dvar2": 25.8934898376,
        "max": 68.0464248657,
        "mean": 11.7001428604,
        "median": 10.7119255066,
        "min": 1.1258379221,
        "stdev": 6.92485189438,
        "var": 47.9535751343
    },
    "dissonance": {
        "dmean": 0.0281569529325,
        "dmean2": 0.0459066741168,
        "dvar": 0.000647479202598,
        "dvar2": 0.00165128323715,
        "max": 0.499839782715,
        "mean": 0.43564710021,
        "median": 0.441411912441,
        "min": 0.254509419203,
        "stdev": 0.0398611612618,
        "var": 0.00158891209867
    },
    "dynamic_complexity": 3.00064921379,
    "erbbands_crest": {
        "dmean": 2.7754240036,
        "dmean2": 4.36887073517,
        "dvar": 6.2623000145,
        "dvar2": 15.1190404892,
        "max": 25.2245178223,
        "mean": 10.3936958313,
        "median": 9.75814723969,
        "min": 2.72242236137,
        "stdev": 3.93371009827,
        "var": 15.4740743637
    },
    "erbbands_flatness_db": {
        "dmean": 0.0217160210013,
        "dmean2": 0.0301977340132,
        "dvar": 0.000451287254691,
        "dvar2": 0.000811901700217,
        "max": 0.365924179554,
        "mean": 0.206341192126,
        "median": 0.205709174275,
        "min": 0.047646228224,
        "stdev": 0.0574385225773,
        "var": 0.00329918391071
    },
    "erbbands_kurtosis": {
        "dmean": 1.01398909092,
        "dmean2": 1.5576196909,
        "dvar": 1.1501237154,
        "dvar2": 2.70475459099,
        "max": 11.6481809616,
        "mean": 0.764798998833,
        "median": 0.302734851837,
        "min": -1.72417008877,
        "stdev": 1.70276510715,
        "var": 2.89940905571
    },
    "erbbands_skewness": {
        "dmean": 0.368364572525,
        "dmean2": 0.544013142586,
        "dvar": 0.0914375409484,
        "dvar2": 0.205057561398,
        "max": 3.23695588112,
        "mean": 0.495349913836,
        "median": 0.486965239048,
        "min": -1.70020866394,
        "stdev": 0.64625787735,
        "var": 0.417649209499
    },
    "erbbands_spread": {
        "dmean": 6.99611330032,
        "dmean2": 9.87658214569,
        "dvar": 84.4986953735,
        "dvar2": 125.199882507,
        "max": 171.14302063,
        "mean": 28.4754600525,
        "median": 23.6711997986,
        "min": 6.24826145172,
        "stdev": 20.1243610382,
        "var": 404.989898682
    },
    "hfc": {
        "dmean": 5.67987108231,
        "dmean2": 7.65783834457,
        "dvar": 90.8178405762,
        "dvar2": 170.438613892,
        "max": 194.183517456,
        "mean": 16.4799175262,
        "median": 11.9810056686,
        "min": 1.3146602498e-16,
        "stdev": 16.8695545197,
        "var": 284.581848145
    },
    "loudness_ebu128": {
        "integrated": -11.4352264404,
        "loudness_range": 5.77313709259,
        "momentary": {
            "dmean": 0.669094204903,
            "dmean2": 1.01064944267,
            "dvar": 0.312232404947,
            "dvar2": 0.626999676228,
            "max": -6.19370746613,
            "mean": -12.2164125443,
            "median": -11.4042778015,
            "min": -20.0085220337,
            "stdev": 2.77230811119,
            "var": 7.68569231033
        },
        "short_term": {
            "dmean": 0.0830125063658,
            "dmean2": 0.0915535390377,
            "dvar": 0.00508085824549,
            "dvar2": 0.00477291923016,
            "max": -8.02059173584,
            "mean": -12.0234470367,
            "median": -11.613910675,
            "min": -16.7082004547,
            "stdev": 2.05080509186,
            "var": 4.20580196381
        }
    },
    "melbands_crest": {
        "dmean": 2.85668873787,
        "dmean2": 4.33094835281,
        "dvar": 9.5544128418,
        "dvar2": 20.2973403931,
        "max": 38.114528656,
        "mean": 18.2744312286,
        "median": 17.6507377625,
        "min": 2.54381632805,
        "stdev": 6.6454539299,
        "var": 44.1620597839
    },
    "melbands_flatness_db": {
        "dmean": 0.0261382702738,
        "dmean2": 0.0337871201336,
        "dvar": 0.000769605394453,
        "dvar2": 0.00119466974866,
        "max": 0.484107285738,
        "mean": 0.290801912546,
        "median": 0.287925869226,
        "min": 0.00565755553544,
        "stdev": 0.0700906291604,
        "var": 0.00491269584745
    },
    "melbands_kurtosis": {
        "dmean": 9.78859710693,
        "dmean2": 13.2994775772,
        "dvar": 830.44128418,
        "dvar2": 1005.48364258,
        "max": 1072.69226074,
        "mean": 20.2267150879,
        "median": 6.78959941864,
        "min": -1.32680726051,
        "stdev": 60.5421638489,
        "var": 3665.35351562
    },
    "melbands_skewness": {
        "dmean": 0.816716074944,
        "dmean2": 1.14856541157,
        "dvar": 1.15990746021,
        "dvar2": 1.75617647171,
        "max": 26.4657554626,
        "mean": 2.89367103577,
        "median": 2.24557304382,
        "min": -0.505150556564,
        "stdev": 2.47054696083,
        "var": 6.10360193253
    },
    "melbands_spread": {
        "dmean": 3.6851375103,
        "dmean2": 5.21104288101,
        "dvar": 34.3208084106,
        "dvar2": 50.6697502136,
        "max": 153.691040039,
        "mean": 12.8149938583,
        "median": 11.0524559021,
        "min": 0.626468837261,
        "stdev": 8.91788959503,
        "var": 79.5287475586
    },
    "pitch_salience": {
        "dmean": 0.0720773488283,
        "dmean2": 0.113115295768,
        "dvar": 0.00529540330172,
        "dvar2": 0.0125840343535,
        "max": 0.842844545841,
        "mean": 0.443192213774,
        "median": 0.442286908627,
        "min": 0.0866218581796,
        "stdev": 0.141910672188,
        "var": 0.0201386399567
    },
    "silence_rate_20dB": {
        "dmean": 0,
        "dmean2": 0,
        "dvar": 0,
        "dvar2": 0,
        "max": 1,
        "mean": 1,
        "median": 1,
        "min": 1,
        "stdev": 0,
        "var": 0
    },
    "silence_rate_30dB": {
        "dmean": 0.0216718260199,
        "dmean2": 0.0433772280812,
        "dvar": 0.0212020650506,
        "dvar2": 0.0492413826287,
        "max": 1,
        "mean": 0.967517375946,
        "median": 1,
        "min": 0,
        "stdev": 0.177277907729,
        "var": 0.0314274542034
    },
    "silence_rate_60dB": {
        "dmean": 0.0332817323506,
        "dmean2": 0.0666150301695,
        "dvar": 0.0321730934083,
        "dvar2": 0.0683761686087,
        "max": 1,
        "mean": 0.0819798931479,
        "median": 0,
        "min": 0,
        "stdev": 0.274335235357,
        "var": 0.0752598270774
    },
    "spectral_centroid": {
        "dmean": 172.744384766,
        "dmean2": 239.802047729,
        "dvar": 109224.734375,
        "dvar2": 136848.5625,
        "max": 10865.6679688,
        "mean": 867.527770996,
        "median": 755.718933105,
        "min": 180.753036499,
        "stdev": 511.9871521,
        "var": 262130.859375
    },
    "spectral_complexity": {
        "dmean": 2.98142409325,
        "dmean2": 4.28814888,
        "dvar": 10.9794607162,
        "dvar2": 20.1369895935,
        "max": 49,
        "mean": 13.874710083,
        "median": 13,
        "min": 0,
        "stdev": 7.06120157242,
        "var": 49.8605651855
    },
    "spectral_decrease": {
        "dmean": 2.50629272891e-09,
        "dmean2": 3.37530714489e-09,
        "dvar": 1.76038973233e-17,
        "dvar2": 3.35539959043e-17,
        "max": 1.72737752085e-28,
        "mean": -1.11155120663e-08,
        "median": -1.03018322761e-08,
        "min": -8.15154237443e-08,
        "stdev": 9.96129401187e-09,
        "var": 9.92273819069e-17
    },
    "spectral_energy": {
        "dmean": 0.00990743562579,
        "dmean2": 0.0133026856929,
        "dvar": 0.000262573274085,
        "dvar2": 0.000497378932778,
        "max": 0.313109338284,
        "mean": 0.04344727844,
        "median": 0.0403770320117,
        "min": 1.12724110677e-20,
        "stdev": 0.0386263653636,
        "var": 0.00149199622683
    },
    "spectral_energyband_high": {
        "dmean": 0.000157262780704,
        "dmean2": 0.000216188534978,
        "dvar": 4.06711535561e-07,
        "dvar2": 7.41611472677e-07,
        "max": 0.0153430858627,
        "mean": 0.000289033720037,
        "median": 7.86031669122e-05,
        "min": 8.71436714029e-21,
        "stdev": 0.000907764246222,
        "var": 8.24035907954e-07
    },
    "spectral_energyband_low": {
        "dmean": 0.0047213640064,
        "dmean2": 0.00676978146657,
        "dvar": 0.000215155785554,
        "dvar2": 0.000439780385932,
        "max": 0.284270495176,
        "mean": 0.0250653158873,
        "median": 0.0231264922768,
        "min": 1.22148459498e-22,
        "stdev": 0.0300716999918,
        "var": 0.000904307176825
    },
    "spectral_energyband_middle_high": {
        "dmean": 0.00226955953985,
        "dmean2": 0.00311509962194,
        "dvar": 1.1014149095e-05,
        "dvar2": 2.08791225305e-05,
        "max": 0.046693328768,
        "mean": 0.00500038592145,
        "median": 0.00278443377465,
        "min": 1.11244705422e-21,
        "stdev": 0.00606665853411,
        "var": 3.68043438357e-05
    },
    "spectral_energyband_middle_low": {
        "dmean": 0.00609093206003,
        "dmean2": 0.00877243746072,
        "dvar": 9.47860971792e-05,
        "dvar2": 0.000217005799641,
        "max": 0.150147616863,
        "mean": 0.0154728032649,
        "median": 0.0112515119836,
        "min": 2.40939173574e-22,
        "stdev": 0.0151234315708,
        "var": 0.000228718185099
    },
    "spectral_entropy": {
        "dmean": 0.208839654922,
        "dmean2": 0.284978687763,
        "dvar": 0.0421374253929,
        "dvar2": 0.0715223625302,
        "max": 9.80087375641,
        "mean": 7.02928781509,
        "median": 7.01198196411,
        "min": 5.56236505508,
        "stdev": 0.487605690956,
        "var": 0.237759307027
    },
    "spectral_flux": {
        "dmean": 0.0316197052598,
        "dmean2": 0.049032125622,
        "dvar": 0.00145849073306,
        "dvar2": 0.00311397085898,
        "max": 0.5118060112,
        "mean": 0.0766662806273,
        "median": 0.0629702955484,
        "min": 1.06171613168e-10,
        "stdev": 0.0572440028191,
        "var": 0.00327687594108
    },
    "spectral_kurtosis": {
        "dmean": 3.54444861412,
        "dmean2": 5.68476724625,
        "dvar": 15.6288051605,
        "dvar2": 40.1257972717,
        "max": 55.663520813,
        "mean": 9.7863817215,
        "median": 8.73125743866,
        "min": -1.19554543495,
        "stdev": 6.25913715363,
        "var": 39.1767997742
    },
    "spectral_rms": {
        "dmean": 0.000742557574995,
        "dmean2": 0.000961699115578,
        "dvar": 8.31170268611e-07,
        "dvar2": 1.33644391553e-06,
        "max": 0.0174777731299,
        "mean": 0.00585250277072,
        "median": 0.00627632252872,
        "min": 3.31624398081e-12,
        "stdev": 0.00285233184695,
        "var": 8.13579663372e-06
    },
    "spectral_rolloff": {
        "dmean": 228.048248291,
        "dmean2": 365.21295166,
        "dvar": 514220.71875,
        "dvar2": 903283.3125,
        "max": 18884.6191406,
        "mean": 785.13684082,
        "median": 581.396484375,
        "min": 43.06640625,
        "stdev": 822.749328613,
        "var": 676916.4375
    },
    "spectral_skewness": {
        "dmean": 0.357150137424,
        "dmean2": 0.552872121334,
        "dvar": 0.119973234832,
        "dvar2": 0.285248994827,
        "max": 5.41834259033,
        "mean": 2.2303841114,
        "median": 2.17861294746,
        "min": 0.0239893440157,
        "stdev": 0.722344994545,
        "var": 0.521782279015
    },
    "spectral_spread": {
        "dmean": 582907.25,
        "dmean2": 790212.9375,
        "dvar": 1.51715237069e+12,
        "dvar2": 2.05883388723e+12,
        "max": 41276944,
        "mean": 3602524.75,
        "median": 2991161.5,
        "min": 1268565.625,
        "stdev": 2232412.75,
        "var": 4.98366624563e+12
    },
    "spectral_strongpeak": {
        "dmean": 0.307802587748,
        "dmean2": 0.482992857695,
        "dvar": 0.373771309853,
        "dvar2": 0.799930989742,
        "max": 5.57485103607,
        "mean": 0.78105700016,
        "median": 0.562234282494,
        "min": 0,
        "stdev": 0.736883163452,
        "var": 0.542996823788
    },
    "zerocrossingrate": {
        "dmean": 0.00663865962997,
        "dmean2": 0.00717141805217,
        "dvar": 0.00015744564007,
        "dvar2": 9.85975930234e-05,
        "max": 0.52880859375,
        "mean": 0.0327503420413,
        "median": 0.02734375,
        "min": 0.00439453125,
        "stdev": 0.0245129149407,
        "var": 0.000600882980507
    },
    "barkbands": {
        "dmean": [0.000390808010707, 0.0039747050032, 0.0017404864775, 0.00118091329932, 0.00156667176634, 0.00209612748586, 0.0010107497219, 0.0018835333176, 0.000984990387224, 0.000770470884163, 0.000827283482067, 0.000481156661408, 0.000249365664786, 0.000466359895654, 0.000280705600744, 0.000155303147039, 0.000116264352982, 8.82662134245e-05, 8.11233112472e-05, 6.69991932227e-05, 2.79209143628e-05, 2.08850669878e-05, 2.07913708437e-05, 2.67697378149e-05, 2.73334935628e-05, 1.3407527149e-05, 1.4161373656e-06],
        "dmean2": [0.000568713061512, 0.00568350357935, 0.0026394596789, 0.00179136532824, 0.00239089387469, 0.00332168210298, 0.00166632095352, 0.00264300801791, 0.0014466898283, 0.00110754161142, 0.00116277951747, 0.000735688081477, 0.000386378495023, 0.00075224757893, 0.000427802762715, 0.000234384962823, 0.000178401125595, 0.000134689355036, 0.000120201446407, 9.8618780612e-05, 4.07657935284e-05, 2.98984650726e-05, 2.94305082207e-05, 3.7661218812e-05, 3.80551318813e-05, 1.98486122827e-05, 2.26111023949e-06],
        "dvar": [3.69922122445e-06, 0.000176078625373, 7.5075593486e-05, 2.73093210126e-05, 1.18341476991e-05, 8.96783967619e-06, 5.54666621611e-06, 1.32979466798e-05, 4.47416960014e-06, 2.08644541999e-06, 3.01686441162e-06, 9.74107479124e-07, 4.04729718184e-07, 1.12257748697e-06, 3.95799247599e-07, 1.24326945183e-07, 7.06058855826e-08, 2.32890844387e-08, 2.97772118074e-08, 1.43478633419e-08, 5.3671489475e-09, 1.18670868687e-08, 1.2961438145e-08, 1.52244279406e-08, 1.90213107487e-08, 5.29376409375e-09, 2.94700618075e-11],
        "dvar2": [8.61834632815e-06, 0.000335062184604, 0.000207603021408, 7.47066223994e-05, 3.03656397591e-05, 2.32010079344e-05, 1.39598023452e-05, 2.37298881984e-05, 8.89274178917e-06, 3.72690828954e-06, 5.75124204261e-06, 2.0115865027e-06, 9.42207009302e-07, 3.30668035531e-06, 8.56713427311e-07, 2.7866263963e-07, 1.55373982125e-07, 5.76505350125e-08, 6.3952214191e-08, 3.2053105059e-08, 9.42502964563e-09, 2.55399097426e-08, 2.28966108295e-08, 2.53857823651e-08, 3.39753647438e-08, 1.25318972977e-08, 7.57755386216e-11],
        "max": [0.0450085997581, 0.263121366501, 0.156026571989, 0.0958038717508, 0.0590710192919, 0.0339795872569, 0.0339601449668, 0.061277333647, 0.0268361419439, 0.0223084557801, 0.0299003981054, 0.0110129145905, 0.0112158730626, 0.0153454523534, 0.0166143234819, 0.00585446693003, 0.00299626449123, 0.00241316994652, 0.00282316515222, 0.0019998580683, 0.00144367653411, 0.00241151708178, 0.0025325906463, 0.00288652279414, 0.00350437243469, 0.00176728062797, 0.00010843778],
        "mean": [0.00107364915311, 0.0175170190632, 0.00441755866632, 0.00262257922441, 0.00265401229262, 0.0035714933183, 0.00141143368091, 0.00311959628016, 0.00145362573676, 0.0011481505353, 0.00138348084874, 0.000725077581592, 0.000392200774513, 0.000598178652581, 0.000417047936935, 0.000194538471987, 0.000155457208166, 0.000146210222738, 0.000115934031783, 0.000108532971353, 4.38283932453e-05, 3.11524199788e-05, 3.31165392708e-05, 4.52121312264e-05, 4.62004063593e-05, 2.04056741495e-05, 1.62876972354e-06],
        "median": [6.435369869e-06, 0.000173677442945, 0.00111420429312, 0.000464059703518, 0.0012557185255, 0.00212401314639, 0.000384665880119, 0.000894768571015, 0.000372557726223, 0.000359685684089, 0.000394978036638, 0.00023207902268, 0.000111936329631, 0.000160122348461, 0.000119951801025, 6.00941784796e-05, 4.89575068059e-05, 5.0679922424e-05, 3.80554738513e-05, 3.21115912811e-05, 1.32961167765e-05, 2.40173903876e-06, 1.38634732139e-06, 4.78374067825e-06, 5.33997490493e-06, 2.32072306972e-06, 1.07455818465e-07],
        "min": [9.90997755828e-24, 7.38942607554e-23, 3.38008154552e-23, 6.3089344166e-24, 1.2620047667e-23, 4.67549654371e-23, 3.46670036618e-23, 3.26757672757e-23, 9.60304108862e-23, 7.08149769217e-23, 3.56667933513e-23, 1.28954675658e-22, 7.38554298662e-23, 1.05685336303e-22, 6.34813157391e-23, 1.00423955921e-22, 1.1570899424e-22, 1.47991454401e-22, 2.17932707917e-22, 2.46047609605e-22, 3.87962575738e-22, 6.13809716857e-22, 7.47481174883e-22, 9.94162549028e-22, 1.25615514536e-21, 1.84931372066e-21, 3.00376159749e-21],
        "stdev": [0.00316392909735, 0.0271927248687, 0.00899648014456, 0.00601209327579, 0.00401900801808, 0.00409826403484, 0.00299216224812, 0.00595815526322, 0.00300933932886, 0.00220485846512, 0.00277709681541, 0.00133733090479, 0.000842834182549, 0.00122338568326, 0.00109541055281, 0.000408165564295, 0.000313755444949, 0.000259047781583, 0.000235070343479, 0.000171720967046, 0.00011342344078, 0.000139306052006, 0.000158833456226, 0.000179807291715, 0.0001924586104, 8.5624786152e-05, 5.67616507396e-06],
        "var": [1.00104480225e-05, 0.000739444280043, 8.09366538306e-05, 3.61452657671e-05, 1.61524239957e-05, 1.67957678059e-05, 8.95303492143e-06, 3.54996154783e-05, 9.0561225079e-06, 4.86140106659e-06, 7.71226677898e-06, 1.78845380105e-06, 7.10369477019e-07, 1.49667266669e-06, 1.19992432701e-06, 1.66599136264e-07, 9.8442477281e-08, 6.71057591717e-08, 5.52580630142e-08, 2.94880884155e-08, 1.28648762754e-08, 1.94061744452e-08, 2.52280667468e-08, 3.23306643679e-08, 3.70403157035e-08, 7.33160421262e-09, 3.22188491164e-11]
    },
    "erbbands": {
        "dmean": [0.150615558028, 0.847565531731, 1.54702055454, 3.64891719818, 2.45876026154, 5.98458003998, 14.2733697891, 16.7367362976, 15.2548408508, 29.8188705444, 32.5653305054, 20.560634613, 23.4532299042, 26.6251811981, 26.5094928741, 20.1674842834, 11.7809114456, 24.6600875854, 13.9278430939, 10.4244537354, 7.37782669067, 5.92049646378, 4.36588191986, 5.36119794846, 3.11112809181, 3.12769246101, 1.76227653027, 0.847962260246, 0.731363236904, 0.666278541088, 0.642638683319, 0.631734728813, 0.428932487965, 0.330895632505, 0.190209627151, 0.0831227824092, 0.0181760564446, 0.00364960124716, 0.000142834906001, 1.31316528496e-05],
        "dmean2": [0.206670358777, 1.15395331383, 2.30290317535, 5.32600975037, 4.02874517441, 9.25855350494, 22.5096073151, 26.6722888947, 24.5116958618, 43.5464057922, 45.7637405396, 30.5605125427, 33.7874450684, 36.4130249023, 40.2259521484, 31.0164604187, 17.8051319122, 39.6869125366, 21.2605686188, 15.6373128891, 10.8587188721, 8.95386219025, 6.49351739883, 8.10733795166, 4.4990644455, 4.59744691849, 2.57069897652, 1.18343031406, 1.0621663332, 0.949828445911, 0.907255768776, 0.899946093559, 0.588321387768, 0.444788247347, 0.265343546867, 0.120496153831, 0.0260940324515, 0.00555070536211, 0.000221557085752, 1.77144302143e-05],
        "dvar": [0.287430286407, 8.53771400452, 58.0021514893, 232.993225098, 154.996582031, 167.720977783, 469.865997314, 794.424316406, 1561.078125, 4192.36865234, 3307.04492188, 2121.25341797, 2241.56469727, 3257.07080078, 3525.68701172, 1843.10546875, 580.30255127, 3118.23413086, 971.643859863, 456.116485596, 211.672698975, 183.420928955, 53.7117614746, 138.274017334, 41.4607124329, 35.0517349243, 14.6524057388, 8.83766269684, 12.3757534027, 17.5564670563, 11.5463047028, 9.24929141998, 3.70352816582, 2.4885559082, 1.00709950924, 0.258406400681, 0.00732004828751, 0.000190090431715, 3.05947992274e-07, 5.82456027853e-10],
        "dvar2": [0.557285487652, 14.9099626541, 150.461151123, 621.054443359, 434.516937256, 415.613006592, 1248.2623291, 1970.72619629, 3711.05102539, 8011.11865234, 6285.92626953, 4605.40332031, 3775.1953125, 6090.41455078, 7236.24414062, 3908.47827148, 1242.11401367, 9171.81738281, 2249.62402344, 965.155578613, 457.088928223, 398.074371338, 128.47819519, 303.177307129, 92.2437210083, 80.4772186279, 31.3334751129, 14.5478830338, 28.7417793274, 33.3967170715, 19.3855571747, 16.3229198456, 6.7914481163, 4.15787315369, 2.14028716087, 0.616767883301, 0.0164026934654, 0.000443844386609, 7.79251706717e-07, 1.14464659973e-09],
        "max": [14.3014593124, 65.4345169067, 161.461608887, 254.121353149, 270.498687744, 232.264770508, 240.346130371, 330.526672363, 621.865661621, 1221.62072754, 889.175231934, 687.410827637, 831.379089355, 880.133911133, 1084.55810547, 545.649414062, 405.318908691, 799.249755859, 758.625488281, 397.851348877, 181.964172363, 177.19203186, 128.403823853, 183.847976685, 88.3209457397, 77.9320068359, 77.6540374756, 65.1687240601, 76.2396087646, 91.3722457886, 71.8754196167, 64.0181503296, 52.6291465759, 41.9727363586, 23.7530422211, 12.9200220108, 1.78241503239, 0.237242594361, 0.00986234284937, 0.000468845770229],
        "mean": [0.602272570133, 3.50736427307, 4.56781816483, 9.7137966156, 3.98193311691, 10.0405454636, 26.1972522736, 26.8027324677, 22.669960022, 50.9564361572, 53.9245643616, 31.4874572754, 35.9750518799, 44.4444160461, 44.1211166382, 31.819814682, 20.994140625, 33.2254486084, 21.82837677, 16.0875663757, 10.0256414413, 8.36871051788, 7.62371063232, 8.09996986389, 4.79883432388, 5.04437494278, 2.93566942215, 1.34831929207, 1.1196719408, 0.95221811533, 1.02353191376, 0.969853937626, 0.73316347599, 0.558178186417, 0.298294723034, 0.125028327107, 0.0284880828112, 0.00539213931188, 0.000200515831239, 5.35573271918e-05],
        "median": [0.00989784952253, 0.292708754539, 2.8728954792, 2.05580878258, 1.29577612877, 4.20203399658, 17.3229293823, 12.5501966476, 7.22407674789, 10.8294200897, 19.3485107422, 9.61295986176, 11.4270076752, 13.6605911255, 15.0573139191, 10.7320585251, 7.69538450241, 9.57470798492, 7.16869544983, 5.40962123871, 3.56650948524, 2.79574131966, 2.64675450325, 2.80484986305, 1.69274950027, 1.57333219051, 1.01678609848, 0.358293771744, 0.100787088275, 0.0421380214393, 0.0456859022379, 0.0689032822847, 0.0869432687759, 0.0558519251645, 0.0357874780893, 0.0142307430506, 0.00323128676973, 0.000646883505397, 4.30615109508e-05, 4.88378609589e-05],
        "min": [3.16389455523e-21, 1.27511329298e-20, 2.9942002701e-20, 4.23638030403e-20, 2.19061336894e-20, 4.4781248074e-20, 1.31844666802e-19, 5.25239526444e-19, 2.89059686773e-19, 8.5900773079e-19, 7.73128650522e-19, 2.2407472866e-18, 1.52572212875e-18, 2.50666517402e-18, 3.03942883871e-18, 4.29559028002e-18, 3.74987358732e-18, 4.49939103934e-18, 5.07300398461e-18, 3.6598792318e-18, 5.76391527664e-18, 6.98566600446e-18, 8.39121957312e-18, 1.09121103925e-17, 8.27147111738e-18, 1.19758952659e-17, 1.5489904919e-17, 1.53571291958e-17, 2.10244612098e-17, 2.41568089011e-17, 2.25504605474e-17, 2.07550005078e-17, 1.41584998205e-17, 1.26569544233e-17, 9.65594812403e-18, 7.24712207966e-18, 2.93633318307e-18, 1.88711578741e-18, 3.95302557854e-19, 3.89982991647e-20],
        "stdev": [1.14944243431, 5.42517662048, 8.12264728546, 18.5347766876, 10.7279262543, 16.0761871338, 28.4898700714, 38.8368797302, 51.0053482056, 106.580123901, 88.6065750122, 62.5283355713, 74.4937820435, 95.6714172363, 88.4417724609, 58.3585281372, 37.9694023132, 64.9610366821, 50.9332084656, 33.6424674988, 17.3096103668, 16.9126052856, 13.7726783752, 16.056684494, 8.55145645142, 8.12560176849, 5.51041412354, 4.5313539505, 4.6619052887, 5.17705821991, 4.83270835876, 4.1854391098, 2.80440330505, 2.32532477379, 1.24091768265, 0.571860969067, 0.110749520361, 0.0176421999931, 0.000610805000179, 5.11432153871e-05],
        "var": [1.32121801376, 29.4325389862, 65.9774017334, 343.53793335, 115.088394165, 258.443817139, 811.672729492, 1508.30322266, 2601.54541016, 11359.3222656, 7851.12548828, 3909.79272461, 5549.32324219, 9153.02050781, 7821.94677734, 3405.71801758, 1441.67541504, 4219.93603516, 2594.19165039, 1131.81567383, 299.622619629, 286.036193848, 189.686676025, 257.817138672, 73.1274032593, 66.0254058838, 30.3646621704, 20.5331668854, 21.7333621979, 26.8019313812, 23.3550720215, 17.5179004669, 7.86467838287, 5.4071354866, 1.53987681866, 0.327024936676, 0.0122654559091, 0.000311247189529, 3.73082770011e-07, 2.61562838055e-09]
    },
    "gfcc": {
        "mean": [-49.7481689453, 124.280342102, -124.395484924, 2.90183496475, -51.7666625977, -0.829154551029, -35.1544532776, 7.3987660408, -29.1132335663, 4.56625652313, -7.39409780502, -6.10637760162, -1.13521838188],
        "cov": [[17334.9003906, 588.373474121, 1031.1862793, 391.585998535, 137.30506897, 980.249328613, -115.420257568, 1232.43395996, -407.994537354, 879.225646973, -116.483657837, 34.6960029602, -273.131378174], [588.373474121, 1586.83581543, 187.541381836, 5.4632525444, 473.205841064, -16.763048172, 348.130767822, 52.2540206909, 103.18372345, 12.5482358932, 213.843383789, -73.2279586792, 181.990722656], [1031.1862793, 187.541381836, 2552.42553711, 535.261535645, 644.261291504, 785.210021973, 316.585632324, 643.09942627, -28.2013893127, 378.259887695, -21.698797226, 17.6114559174, -120.276016235], [391.585998535, 5.4632525444, 535.261535645, 498.704681396, 201.717575073, 272.159576416, 139.889312744, 141.369354248, 162.658569336, 79.6989593506, 53.1504211426, 89.7258987427, -14.0533123016], [137.30506897, 473.205841064, 644.261291504, 201.717575073, 620.086425781, 263.374298096, 290.917480469, 313.950195312, 120.875, 204.133056641, 136.187408447, 51.1828575134, 81.6534423828], [980.249328613, -16.763048172, 785.210021973, 272.159576416, 263.374298096, 516.920227051, 207.31602478, 258.242950439, 72.1984939575, 178.965759277, 33.0377883911, 75.0700531006, -55.0089912415], [-115.420257568, 348.130767822, 316.585632324, 139.889312744, 290.917480469, 207.31602478, 335.734832764, 165.026901245, 124.592697144, 97.7903060913, 128.286376953, 68.5109481812, 67.0632171631], [1232.43395996, 52.2540206909, 643.09942627, 141.369354248, 313.950195312, 258.242950439, 165.026901245, 456.954437256, 40.7037734985, 264.537719727, 66.7324523926, 53.4152832031, 28.5117912292], [-407.994537354, 103.18372345, -28.2013893127, 162.658569336, 120.875, 72.1984939575, 124.592697144, 40.7037734985, 284.311279297, 67.3115463257, 121.52709198, 119.535263062, 69.2856826782], [879.225646973, 12.5482358932, 378.259887695, 79.6989593506, 204.133056641, 178.965759277, 97.7903060913, 264.537719727, 67.3115463257, 267.083679199, 89.2165679932, 59.0819206238, 14.5756111145], [-116.483657837, 213.843383789, -21.698797226, 53.1504211426, 136.187408447, 33.0377883911, 128.286376953, 66.7324523926, 121.52709198, 89.2165679932, 190.07484436, 99.7744445801, 89.2002716064], [34.6960029602, -73.2279586792, 17.6114559174, 89.7258987427, 51.1828575134, 75.0700531006, 68.5109481812, 53.4152832031, 119.535263062, 59.0819206238, 99.7744445801, 202.794631958, 76.279548645], [-273.131378174, 181.990722656, -120.276016235, -14.0533123016, 81.6534423828, -55.0089912415, 67.0632171631, 28.5117912292, 69.2856826782, 14.5756111145, 89.2002716064, 76.279548645, 181.990447998]],
        "icov": [[0.000246956420597, -0.000669299217407, 0.000442288815975, -0.000484632648295, 0.00057271978585, -0.000742975040339, 0.000726066704374, -0.000912140996661, 0.000759862537961, -0.00087329611415, 0.000739125767723, -0.00068835838465, 0.000395526643842], [-0.000669299217407, 0.00326074194163, -0.00143709057011, 0.00157521339133, -0.00237182411365, 0.00240645208396, -0.00287556089461, 0.00297088711523, -0.00217810203321, 0.00296190124936, -0.00342013197951, 0.00342545751482, -0.00187501416076], [0.000442288815975, -0.00143709057011, 0.00195377669297, -0.00154355634004, 0.000637740711682, -0.00226868432947, 0.00145518069621, -0.00224917125888, 0.00212835310958, -0.00194981705863, 0.00209968560375, -0.00140606833156, 0.00102326611523], [-0.000484632648295, 0.00157521339133, -0.00154355634004, 0.00499742012471, -0.00155957159586, 0.000451992091257, -0.00106431276072, 0.00148748036008, -0.00382898910902, 0.00343870581128, -0.00205835863017, 0.00111897080205, -0.000219061679672], [0.00057271978585, -0.00237182411365, 0.000637740711682, -0.00155957159586, 0.00588406063616, -0.00189308123663, 0.000339907768648, -0.00333643588237, 0.00140705984086, -0.00289912289008, 0.00159586744849, -0.00115344207734, 0.000115430695587], [-0.000742975040339, 0.00240645208396, -0.00226868432947, 0.000451992091257, -0.00189308123663, 0.0081285815686, -0.0049848491326, 0.00288313766941, -0.00214295112528, 0.00109843804967, -0.00102471013088, 0.000572028220631, 0.000695948721841], [0.000726066704374, -0.00287556089461, 0.00145518069621, -0.00106431276072, 0.000339907768648, -0.0049848491326, 0.0102773848921, -0.00418357318267, 0.000980962184258, -0.000199749061721, -0.000579979794566, -0.00196597911417, 0.000804585870355], [-0.000912140996661, 0.00297088711523, -0.00224917125888, 0.00148748036008, -0.00333643588237, 0.00288313766941, -0.00418357318267, 0.0109405256808, -0.00167242821772, -0.00263588945381, -0.00131773750763, 0.00265329470858, -0.00313379219733], [0.000759862537961, -0.00217810203321, 0.00212835310958, -0.00382898910902, 0.00140705984086, -0.00214295112528, 0.000980962184258, -0.00167242821772, 0.00962648354471, -0.00460180733353, 0.00130428641569, -0.00415797438473, 0.0008580860449], [-0.00087329611415, 0.00296190124936, -0.00194981705863, 0.00343870581128, -0.00289912289008, 0.00109843804967, -0.000199749061721, -0.00263588945381, -0.00460180733353, 0.0155533468351, -0.00809777062386, 0.00312264706008, -9.8246800917e-06], [0.000739125767723, -0.00342013197951, 0.00209968560375, -0.00205835863017, 0.00159586744849, -0.00102471013088, -0.000579979794566, -0.00131773750763, 0.00130428641569, -0.00809777062386, 0.0168363340199, -0.00676427129656, -0.000112382964289], [-0.00068835838465, 0.00342545751482, -0.00140606833156, 0.00111897080205, -0.00115344207734, 0.000572028220631, -0.00196597911417, 0.00265329470858, -0.00415797438473, 0.00312264706008, -0.00676427129656, 0.0126984054223, -0.00497631076723], [0.000395526643842, -0.00187501416076, 0.00102326611523, -0.000219061679672, 0.000115430695587, 0.000695948721841, 0.000804585870355, -0.00313379219733, 0.0008580860449, -9.8246800917e-06, -0.000112382964289, -0.00497631076723, 0.0107907708734]]
    },
    "melbands": {
        "dmean": [0.00121378747281, 0.000730850442778, 0.000539709290024, 0.000258287589531, 0.000453418848338, 0.000382426136639, 0.000217335400521, 0.000355564377969, 0.000266259681666, 0.000122109995573, 0.000115651062515, 0.000103781698272, 9.11610768526e-05, 5.86437927268e-05, 4.74375374324e-05, 2.09811987588e-05, 5.33497441211e-05, 2.19031408051e-05, 2.11326423596e-05, 1.30563839775e-05, 7.89182377048e-06, 7.30639339963e-06, 4.09796894019e-06, 4.27950772064e-06, 4.69569840789e-06, 2.54617816609e-06, 1.88722788153e-06, 2.43729755312e-06, 1.40632482726e-06, 6.7609744292e-07, 4.69242763756e-07, 4.34785221159e-07, 4.05605931064e-07, 3.55806662355e-07, 3.88439133303e-07, 3.75038069933e-07, 3.93195762172e-07, 3.017711947e-07, 3.26341080381e-07, 2.83987731109e-07],
        "dmean2": [0.0017323436914, 0.00100922212005, 0.00080059026368, 0.000412815337768, 0.000704601581674, 0.000609178969171, 0.000349780078977, 0.000519028282724, 0.000376608077204, 0.000182274219696, 0.000166547863046, 0.000143256227602, 0.000132957007736, 9.0781642939e-05, 7.14883644832e-05, 3.2978496165e-05, 8.60868240125e-05, 3.42825878761e-05, 3.18873571814e-05, 1.93174928427e-05, 1.19364503917e-05, 1.12471552711e-05, 6.2244075707e-06, 6.51004302199e-06, 7.24083884052e-06, 3.76425145987e-06, 2.82723681266e-06, 3.66418657904e-06, 2.10126290767e-06, 1.03075376501e-06, 6.5767886781e-07, 6.5696775664e-07, 5.90947252022e-07, 5.12683413945e-07, 5.52167364276e-07, 5.50369009034e-07, 5.6861495068e-07, 4.34738950617e-07, 4.31914003229e-07, 3.93257806763e-07],
        "dvar": [1.65573819686e-05, 8.25804272608e-06, 5.72492126594e-06, 6.16572492618e-07, 4.55544608258e-07, 3.81986779985e-07, 2.81031617533e-07, 6.06426567629e-07, 2.3531755744e-07, 7.91878704831e-08, 5.55640156108e-08, 4.94103709059e-08, 3.46028059539e-08, 1.46624410391e-08, 1.08306013047e-08, 3.01287683691e-09, 1.54767381133e-08, 2.48022558047e-09, 2.49562392973e-09, 9.28206456141e-10, 2.72798367229e-10, 2.97122548787e-10, 7.20769902096e-11, 5.73485911537e-11, 1.2523508619e-10, 3.53077012072e-11, 1.19473536966e-11, 2.619198608e-11, 9.86521975221e-12, 3.26167435075e-12, 3.97037134073e-12, 3.77282363337e-12, 6.069478687e-12, 4.99351211422e-12, 4.3353905535e-12, 3.10165283214e-12, 3.88926564565e-12, 2.16292261879e-12, 1.79413059929e-12, 2.04178254165e-12],
        "dvar2": [3.28633977915e-05, 1.67690286617e-05, 1.5424868252e-05, 1.67931182204e-06, 1.16130104288e-06, 9.50807134359e-07, 6.76377567288e-07, 1.09517498004e-06, 4.39717041445e-07, 1.70930491095e-07, 9.34824981869e-08, 9.41888984585e-08, 7.06479781343e-08, 3.04781977434e-08, 2.28510668165e-08, 5.67488855907e-09, 4.58415492233e-08, 6.05680439136e-09, 5.28714316772e-09, 1.99754190966e-09, 6.18184003986e-10, 6.45566489155e-10, 1.74263645181e-10, 1.36573391485e-10, 2.77651041047e-10, 8.07055602903e-11, 2.55648644615e-11, 6.09245848215e-11, 2.284586062e-11, 6.35790855727e-12, 6.63281755908e-12, 8.82988994422e-12, 1.4082811306e-11, 8.93382243183e-12, 7.92870716998e-12, 5.49980764056e-12, 6.83312651253e-12, 4.9224951372e-12, 2.72235207467e-12, 3.80398750693e-12],
        "max": [0.0904407799244, 0.0665451437235, 0.0425011068583, 0.0132538862526, 0.00742520019412, 0.00796892493963, 0.00820369645953, 0.0145964603871, 0.00667766481638, 0.00436230469495, 0.00417630793527, 0.00322959688492, 0.00268779532053, 0.00188079604413, 0.00197814288549, 0.00125550816301, 0.00182052771561, 0.000957503390964, 0.00124101852998, 0.000547500851098, 0.000168155354913, 0.000219854191528, 0.00011719235772, 0.000154209075845, 0.000177468551556, 7.298613491e-05, 5.17169719387e-05, 7.07605067873e-05, 6.63615574013e-05, 2.94365072477e-05, 4.58678659925e-05, 4.3344716687e-05, 5.7890349126e-05, 4.7544730478e-05, 4.74734952149e-05, 3.79494049412e-05, 4.30542495451e-05, 4.06532926718e-05, 3.05537250824e-05, 3.70412744815e-05],
        "mean": [0.00521219987422, 0.0032269267831, 0.00140245736111, 0.000409002503147, 0.00086330214981, 0.000629985064734, 0.000314402917866, 0.000606277724728, 0.000434015673818, 0.000181243522093, 0.00017201929586, 0.000166273035575, 0.000152299471665, 8.82563836058e-05, 7.6755975897e-05, 3.29487338604e-05, 6.81784731569e-05, 3.18294369208e-05, 3.10439863824e-05, 1.73561420524e-05, 9.93830781226e-06, 9.61049499892e-06, 6.06185540164e-06, 7.26441703591e-06, 6.60176692691e-06, 3.56270243174e-06, 2.91384390039e-06, 3.63853678209e-06, 2.20802849071e-06, 1.00194222341e-06, 7.05153354374e-07, 6.55256940263e-07, 5.52215055905e-07, 4.99283089539e-07, 5.89166972986e-07, 5.88576028804e-07, 5.92993956161e-07, 4.92932542784e-07, 5.19250022535e-07, 4.57278986232e-07],
        "median": [7.07486906322e-05, 0.00255964207463, 0.000336672732374, 0.000160109135322, 0.000565171940252, 0.000316966790706, 9.43964259932e-05, 0.000125226419186, 0.000145705707837, 5.2740535466e-05, 5.19655914104e-05, 4.67834688607e-05, 4.89043377456e-05, 2.89950367005e-05, 2.36189171119e-05, 8.60437376105e-06, 1.78694717761e-05, 1.01849727798e-05, 8.42963618197e-06, 5.44544991499e-06, 3.15094553116e-06, 2.8079018648e-06, 2.0659601887e-06, 2.43024351221e-06, 2.02766977964e-06, 1.1230669088e-06, 9.90647777144e-07, 9.85628844319e-07, 7.11597976988e-07, 3.07454826043e-07, 1.31072283693e-07, 5.94271334364e-08, 2.84431589392e-08, 1.9652118155e-08, 2.10063131334e-08, 3.17644257564e-08, 4.15597654069e-08, 5.66560878212e-08, 5.43874527636e-08, 4.10433997899e-08],
        "min": [2.41617240543e-23, 1.58482187413e-23, 6.28249810994e-24, 2.86358322975e-24, 4.49170378571e-24, 1.0403639613e-23, 5.55967985084e-24, 9.78535962336e-24, 7.72050673761e-24, 1.42981433502e-23, 7.26750099621e-24, 1.00936235882e-23, 7.95046836895e-24, 1.34078475543e-23, 9.88483498351e-24, 7.22375471471e-24, 9.02979259264e-24, 9.1631913383e-24, 4.25362043692e-24, 6.76334314712e-24, 6.26459964486e-24, 7.71474253098e-24, 5.44411409481e-24, 8.24394592494e-24, 9.2877611527e-24, 7.50877804837e-24, 4.59131601322e-24, 9.20712457983e-24, 8.73908630502e-24, 1.14742832113e-23, 8.03707740774e-24, 1.09230682315e-23, 1.31647766325e-23, 1.36825667868e-23, 1.44052596171e-23, 1.0621239794e-23, 1.32538271957e-23, 1.03973910458e-23, 8.42979760991e-24, 1.20849988137e-23],
        "stdev": [0.00855995155871, 0.00432533025742, 0.00270369439386, 0.000766693090554, 0.000926758511923, 0.000850099429954, 0.000683296762872, 0.00130552425981, 0.000746595906094, 0.000384791812394, 0.000370198715245, 0.000366325955838, 0.00028328289045, 0.000166852682014, 0.000161589719937, 7.61975388741e-05, 0.00014343643852, 7.47589219827e-05, 8.25878450996e-05, 3.73180919269e-05, 1.82333860721e-05, 2.09960599022e-05, 1.11874287541e-05, 1.40356014526e-05, 1.46191305248e-05, 7.18039609637e-06, 5.17248599863e-06, 6.41302131044e-06, 4.13203042626e-06, 2.56929979514e-06, 2.92854701911e-06, 2.678886176e-06, 2.76809896604e-06, 2.82651512862e-06, 2.88200135401e-06, 2.47912294071e-06, 2.65439985014e-06, 1.91332605937e-06, 2.04146363103e-06, 1.98215366254e-06],
        "var": [7.32727785362e-05, 1.87084806385e-05, 7.30996316634e-06, 5.8781830603e-07, 8.58881378463e-07, 7.22669085462e-07, 4.66894448437e-07, 1.70439363956e-06, 5.57405428481e-07, 1.48064728478e-07, 1.3704709545e-07, 1.34194706902e-07, 8.02492010621e-08, 2.78398175624e-08, 2.61112376165e-08, 5.80606451805e-09, 2.05740136039e-08, 5.58889645674e-09, 6.82075240732e-09, 1.39264000332e-09, 3.32456395746e-10, 4.40834563298e-10, 1.25158564068e-10, 1.9699809839e-10, 2.13718986952e-10, 5.15580911298e-11, 2.67546106797e-11, 4.11268415157e-11, 1.70736740718e-11, 6.60130197033e-12, 8.57638786378e-12, 7.1764313242e-12, 7.66237247263e-12, 7.98918830397e-12, 8.30593233081e-12, 6.1460502486e-12, 7.04583830516e-12, 3.66081644165e-12, 4.16757340443e-12, 3.92893356738e-12]
    },
    "melbands128": {
