{
"lowlevel": {
    "average_loudness": 0.98144954443,
    "barkbands_crest": {
        "dmean": 2.27594351768,
        "dmean2": 3.60139656067,
        "dvar": 6.07677841187,
        "dvar2": 12.3863754272,
        "max": 23.3175735474,
        "mean": 9.22118854523,
        "median": 8.1543598175,
        "min": 3.02885079384,
        "stdev": 3.98478388786,
        "var": 15.8785028458
    },
    "barkbands_flatness_db": {
        "dmean": 0.0196885783225,
        "dmean2": 0.0294064991176,
        "dvar": 0.000421633740189,
        "dvar2": 0.00101090117823,
        "max": 0.313425987959,
        "mean": 0.143359184265,
        "median": 0.140661478043,
        "min": 0.0478743165731,
        "stdev": 0.0412350073457,
        "var": 0.00170032586902
    },
    "barkbands_kurtosis": {
        "dmean": 2.434248209,
        "dmean2": 3.83901405334,
        "dvar": 21.87733078,
        "dvar2": 48.1496238708,
        "max": 58.9513473511,
        "mean": 3.73318505287,
        "median": 1.94797754288,
        "min": -1.80569827557,
        "stdev": 6.01458740234,
        "var": 36.1752624512
    },
    "barkbands_skewness": {
        "dmean": 0.47373509407,
        "dmean2": 0.724700391293,
        "dvar": 0.36654701829,
        "dvar2": 0.746763110161,
        "max": 7.01928281784,
        "mean": 1.42482292652,
        "median": 1.2548289299,
        "min": -1.73408019543,
        "stdev": 1.04892444611,
        "var": 1.10024261475
    },
    "barkbands_spread": {
        "dmean": 4.61564731598,
        "dmean2": 6.67198085785,
        "dvar": 49.0117378235,
        "dvar2": 91.2132797241,
        "max": 98.4484939575,
        "mean": 18.9923057556,
        "median": 15.1542243958,
        "min": 2.21885848045,
        "stdev": 13.397482872,
        "var": 179.492553711
    },
    "dissonance": {
        "dmean": 0.0248413551599,
        "dmean2": 0.0415283031762,
        "dvar": 0.000507330347318,
        "dvar2": 0.00135715550277,
        "max": 0.499529004097,
        "mean": 0.444626867771,
        "median": 0.448800891638,
        "min": 0.257182359695,
        "stdev": 0.0312568992376,
        "var": 0.000976993702352
    },
    "dynamic_complexity": 1.51781773567,
    "erbbands_crest": {
        "dmean": 2.4714217186,
        "dmean2": 3.81299781799,
        "dvar": 5.05049705505,
        "dvar2": 12.207567215,
        "max": 24.5644435883,
        "mean": 10.0216970444,
        "median": 9.16977024078,
        "min": 2.63546228409,
        "stdev": 4.1488609314,
        "var": 17.2130489349
    },
    "erbbands_flatness_db": {
        "dmean": 0.0168934389949,
        "dmean2": 0.0236915592104,
        "dvar": 0.000310022121994,
        "dvar2": 0.000583261367865,
        "max": 0.332384288311,
        "mean": 0.159072801471,
        "median": 0.162289276719,
        "min": 0.0602632425725,
        "stdev": 0.0419217683375,
        "var": 0.0017574345693
    },
    "erbbands_kurtosis": {
        "dmean": 0.920954942703,
        "dmean2": 1.39865350723,
        "dvar": 0.898849606514,
        "dvar2": 2.09374594688,
        "max": 10.5674905777,
        "mean": 1.32635295391,
        "median": 1.07700109482,
        "min": -1.66448962688,
        "stdev": 1.84754407406,
        "var": 3.41341900826
    },
    "erbbands_skewness": {
        "dmean": 0.320923388004,
        "dmean2": 0.489136815071,
        "dvar": 0.0812790989876,
        "dvar2": 0.185736060143,
        "max": 2.64440441132,
        "mean": 0.479736834764,
        "median": 0.505110800266,
        "min": -1.54190933704,
        "stdev": 0.59033614397,
        "var": 0.348496794701
    },
    "erbbands_spread": {
        "dmean": 7.12151575089,
        "dmean2": 10.1770563126,
        "dvar": 86.6883926392,
        "dvar2": 177.520004272,
        "max": 137.523162842,
        "mean": 30.8949661255,
        "median": 24.2737045288,
        "min": 4.51259803772,
        "stdev": 20.3766841888,
        "var": 415.209259033
    },
    "hfc": {
        "dmean": 6.72731542587,
        "dmean2": 9.83487701416,
        "dvar": 75.166847229,
        "dvar2": 169.69859314,
        "max": 147.74987793,
        "mean": 28.3633384705,
        "median": 26.105846405,
        "min": 1.17751343954e-16,
        "stdev": 15.7174806595,
        "var": 247.039199829
    },
    "loudness_ebu128": {
        "integrated": -7.74547672272,
        "loudness_range": 1.48673057556,
        "momentary": {
            "dmean": 0.41361874342,
            "dmean2": 0.499822437763,
            "dvar": 0.10371504724,
            "dvar2": 0.18100361526,
            "max": -5.88290691376,
            "mean": -7.86047744751,
            "median": -7.68487167358,
            "min": -11.8108901978,
            "stdev": 1.03190279007,
            "var": 1.06482338905
        },
        "short_term": {
            "dmean": 0.0690417811275,
            "dmean2": 0.0860868319869,
            "dvar": 0.00239171390422,
            "dvar2": 0.00406821910292,
            "max": -6.88874530792,
            "mean": -7.81174850464,
            "median": -7.72796297073,
            "min": -9.37773227692,
            "stdev": 0.540527522564,
            "var": 0.292169988155
        }
    },
    "melbands_crest": {
        "dmean": 3.38769006729,
        "dmean2": 5.40115499496,
        "dvar": 15.8431844711,
        "dvar2": 39.7936134338,
        "max": 35.2283592224,
        "mean": 13.6405754089,
        "median": 11.7890129089,
        "min": 2.04559922218,
        "stdev": 6.04836511612,
        "var": 36.5827178955
    },
    "melbands_flatness_db": {
        "dmean": 0.023266993463,
        "dmean2": 0.0343998633325,
        "dvar": 0.000639201898593,
        "dvar2": 0.00145948980935,
        "max": 0.420079708099,
        "mean": 0.22413662076,
        "median": 0.221570581198,
        "min": 0.00693095242605,
        "stdev": 0.0537759438157,
        "var": 0.00289185205474
    },
    "melbands_kurtosis": {
        "dmean": 5.40796899796,
        "dmean2": 8.61201858521,
        "dvar": 123.132827759,
        "dvar2": 264.567504883,
        "max": 140.11416626,
        "mean": 9.66411209106,
        "median": 4.86647891998,
        "min": -1.36664009094,
        "stdev": 14.5390701294,
        "var": 211.384567261
    },
    "melbands_skewness": {
        "dmean": 0.642823755741,
        "dmean2": 0.998256623745,
        "dvar": 0.724537789822,
        "dvar2": 1.5168107748,
        "max": 9.91668510437,
        "mean": 2.16764426231,
        "median": 1.86200857162,
        "min": -0.933250427246,
        "stdev": 1.49165225029,
        "var": 2.22502660751
    },
    "melbands_spread": {
        "dmean": 4.2888469696,
        "dmean2": 6.42193984985,
        "dvar": 36.1967163086,
        "dvar2": 66.7604217529,
        "max": 117.708435059,
        "mean": 19.2957305908,
        "median": 16.5846176147,
        "min": 1.8510081768,
        "stdev": 10.9314889908,
        "var": 119.497459412
    },
    "pitch_salience": {
        "dmean": 0.0665576383471,
        "dmean2": 0.107969880104,
        "dvar": 0.00455840397626,
        "dvar2": 0.0104013876989,
        "max": 0.781842947006,
        "mean": 0.534419775009,
        "median": 0.545197844505,
        "min": 0.110797248781,
        "stdev": 0.110983088613,
        "var": 0.0123172458261
    },
    "silence_rate_20dB": {
        "dmean": 0,
        "dmean2": 0,
        "dvar": 0,
        "dvar2": 0,
        "max": 1,
        "mean": 1,
        "median": 1,
        "min": 1,
        "stdev": 0,
        "var": 0
    },
    "silence_rate_30dB": {
        "dmean": 0.0572755411267,
        "dmean2": 0.113865219057,
        "dvar": 0.0539951846004,
        "dvar2": 0.102448195219,
        "max": 1,
        "mean": 0.914153158665,
        "median": 1,
        "min": 0,
        "stdev": 0.280138283968,
        "var": 0.0784774571657
    },
    "silence_rate_60dB": {
        "dmean": 0.000773993786424,
        "dmean2": 0.000774593325332,
        "dvar": 0.000773391744588,
        "dvar2": 0.000773989362642,
        "max": 1,
        "mean": 0.00077339517884,
        "median": 0,
        "min": 0,
        "stdev": 0.0277991909534,
        "var": 0.000772794999648
    },
    "spectral_centroid": {
        "dmean": 166.903610229,
        "dmean2": 243.426605225,
        "dvar": 116669.90625,
        "dvar2": 177760.875,
        "max": 10699.390625,
        "mean": 991.792541504,
        "median": 849.105285645,
        "min": 257.960235596,
        "stdev": 524.537536621,
        "var": 275139.625
    },
    "spectral_complexity": {
        "dmean": 3.1756966114,
        "dmean2": 5.0580945015,
        "dvar": 14.7470474243,
        "dvar2": 33.9648857117,
        "max": 49,
        "mean": 19.5104408264,
        "median": 19,
        "min": 0,
        "stdev": 5.81840801239,
        "var": 33.8538703918
    },
    "spectral_decrease": {
        "dmean": 3.98824084868e-09,
        "dmean2": 6.37291464045e-09,
        "dvar": 5.40553133532e-17,
        "dvar2": 1.14388781972e-16,
        "max": -1.44824259352e-29,
        "mean": -1.30326620607e-08,
        "median": -1.10785967067e-08,
        "min": -5.67595108691e-08,
        "stdev": 9.50947587341e-09,
        "var": 9.04301308039e-17
    },
    "spectral_energy": {
        "dmean": 0.0153732299805,
        "dmean2": 0.0245083924383,
        "dvar": 0.000782615155913,
        "dvar2": 0.00165616406593,
        "max": 0.217862665653,
        "mean": 0.0517608970404,
        "median": 0.0442459173501,
        "min": 1.07350554779e-20,
        "stdev": 0.0363246947527,
        "var": 0.00131948350463
    },
    "spectral_energyband_high": {
        "dmean": 0.000418633135268,
        "dmean2": 0.000601652893238,
        "dvar": 5.87692113641e-07,
        "dvar2": 1.30318335323e-06,
        "max": 0.012553920038,
        "mean": 0.000882623251528,
        "median": 0.000407321203966,
        "min": 7.71468544269e-21,
        "stdev": 0.00125479418784,
        "var": 1.57450847382e-06
    },
    "spectral_energyband_low": {
        "dmean": 0.0122879501432,
        "dmean2": 0.0203037243336,
        "dvar": 0.000792122678831,
        "dvar2": 0.00168208812829,
        "max": 0.195886969566,
        "mean": 0.023132847622,
        "median": 0.0117337815464,
        "min": 3.71361382951e-23,
        "stdev": 0.0348046496511,
        "var": 0.00121136358939
    },
    "spectral_energyband_middle_high": {
        "dmean": 0.00246454309672,
        "dmean2": 0.00364441866986,
        "dvar": 9.55248651735e-06,
        "dvar2": 1.88132489711e-05,
        "max": 0.0628554075956,
        "mean": 0.00958917848766,
        "median": 0.00662088161334,
        "min": 1.78723498698e-21,
        "stdev": 0.00874291639775,
        "var": 7.64385913499e-05
    },
    "spectral_energyband_middle_low": {
        "dmean": 0.00536207389086,
        "dmean2": 0.00819542165846,
        "dvar": 4.25417892984e-05,
        "dvar2": 0.00010356574785,
        "max": 0.0739915072918,
        "mean": 0.0200994238257,
        "median": 0.0180968344212,
        "min": 2.42549106153e-22,
        "stdev": 0.012038609013,
        "var": 0.000144928097143
    },
    "spectral_entropy": {
        "dmean": 0.175246909261,
        "dmean2": 0.23693318665,
        "dvar": 0.0376390181482,
        "dvar2": 0.0694180130959,
        "max": 9.80766010284,
        "mean": 7.3390083313,
        "median": 7.256108284,
        "min": 6.05150508881,
        "stdev": 0.450396209955,
        "var": 0.202856734395
    },
    "spectral_flux": {
        "dmean": 0.0358659923077,
        "dmean2": 0.0585185028613,
        "dvar": 0.0023536614608,
        "dvar2": 0.00566478865221,
        "max": 0.412536323071,
        "mean": 0.104129999876,
        "median": 0.0849939882755,
        "min": 1.03610113544e-10,
        "stdev": 0.0643223151565,
        "var": 0.0041373600252
    },
    "spectral_kurtosis": {
        "dmean": 1.82342147827,
        "dmean2": 2.75866866112,
        "dvar": 4.9661564827,
        "dvar2": 13.198720932,
        "max": 34.0277252197,
        "mean": 6.55710887909,
        "median": 6.08067512512,
        "min": -1.21132540703,
        "stdev": 4.20325279236,
        "var": 17.6673336029
    },
    "spectral_rms": {
        "dmean": 0.000953996495809,
        "dmean2": 0.00148770853411,
        "dvar": 2.11917244997e-06,
        "dvar2": 4.28220573667e-06,
        "max": 0.0145790586248,
        "mean": 0.0067722662352,
        "median": 0.00657014083117,
        "min": 3.23623614885e-12,
        "stdev": 0.00215287110768,
        "var": 4.63485366708e-06
    },
    "spectral_rolloff": {
        "dmean": 370.413665771,
        "dmean2": 603.397521973,
        "dvar": 1044229.125,
        "dvar2": 1757683.75,
        "max": 18626.2207031,
        "mean": 1183.39318848,
        "median": 882.861328125,
        "min": 64.599609375,
        "stdev": 1390.57006836,
        "var": 1933685.25
    },
    "spectral_skewness": {
        "dmean": 0.248133614659,
        "dmean2": 0.362841933966,
        "dvar": 0.074812412262,
        "dvar2": 0.180663138628,
        "max": 4.31635951996,
        "mean": 2.04939222336,
        "median": 2.05988264084,
        "min": 0.0433598570526,
        "stdev": 0.619221806526,
        "var": 0.383435636759
    },
    "spectral_spread": {
        "dmean": 706576.3125,
        "dmean2": 889737.125,
        "dvar": 2.00789904589e+12,
        "dvar2": 2.42895369011e+12,
        "max": 41901552,
        "mean": 4940241.5,
        "median": 4335794,
        "min": 1777796.25,
        "stdev": 2404042.5,
        "var": 5.77942061056e+12
    },
    "spectral_strongpeak": {
        "dmean": 0.59002494812,
        "dmean2": 1.04477763176,
        "dvar": 0.845152080059,
        "dvar2": 2.14032196999,
        "max": 9.39494800568,
        "mean": 1.24312138557,
        "median": 0.662519335747,
        "min": 0,
        "stdev": 1.49193108082,
        "var": 2.22585821152
    },
    "zerocrossingrate": {
        "dmean": 0.0096136983484,
        "dmean2": 0.011233494617,
        "dvar": 0.000315781857353,
        "dvar2": 0.00034749894985,
        "max": 0.5068359375,
        "mean": 0.0491744168103,
        "median": 0.04052734375,
        "min": 0.0029296875,
        "stdev": 0.0335647128522,
        "var": 0.00112659006845
    },
    "barkbands": {
        "dmean": [0.00165388605092, 0.00978254247457, 0.00254126265645, 0.00182026694529, 0.00214369990863, 0.00148056214675, 0.00171192456037, 0.000870523334015, 0.000835713406559, 0.00126818742137, 0.000424300407758, 0.000843324407469, 0.000786076590884, 0.000361986545613, 0.000424804340582, 0.000156987312948, 9.6348754596e-05, 0.000116480463475, 9.66198640526e-05, 0.000125560851302, 6.85011837049e-05, 6.52930903016e-05, 6.43571693217e-05, 9.16787685128e-05, 8.9276349172e-05, 5.11857724632e-05, 4.80261951452e-06],
        "dmean2": [0.0027922638692, 0.0155496485531, 0.00450368179008, 0.00304818199947, 0.00353492726572, 0.0022674317006, 0.0025699713733, 0.00129092566203, 0.00123398285359, 0.00182876153849, 0.000623202591669, 0.00131742854137, 0.00121317221783, 0.000565144931898, 0.000668893684633, 0.00022708614415, 0.00014762407227, 0.00019085482927, 0.000149479645188, 0.000204610492801, 0.000102121884993, 0.000102931575384, 9.28301524254e-05, 0.000131406355649, 0.000130137632368, 7.28676823201e-05, 7.27720180294e-06],
        "dvar": [1.58387974807e-05, 0.000563308887649, 5.56634440727e-05, 1.35471118483e-05, 1.00544202724e-05, 4.6411423682e-06, 8.49863681651e-06, 2.19994512918e-06, 1.20298398087e-06, 3.9025148908e-06, 5.83119913244e-07, 2.13782436731e-06, 2.0569350454e-06, 6.00995292643e-07, 6.46494356715e-07, 1.87990167433e-07, 4.53272051004e-08, 6.14773654206e-08, 3.61333931664e-08, 5.1276032309e-08, 1.99115763877e-08, 1.98887253333e-08, 1.58031454589e-08, 4.32336939582e-08, 6.78136231613e-08, 2.3718092379e-08, 2.48689263627e-10],
        "dvar2": [4.55382942164e-05, 0.00106411497109, 0.000159949922818, 3.69196131942e-05, 2.57478477579e-05, 1.10752062028e-05, 1.9032826458e-05, 5.20308594787e-06, 2.90674893222e-06, 7.72261137172e-06, 1.14780914373e-06, 5.07384038428e-06, 4.51770984e-06, 1.39851101721e-06, 1.38541315664e-06, 3.6154517602e-07, 7.78532296408e-08, 1.64790165513e-07, 8.34779569914e-08, 1.35692431513e-07, 4.48713244339e-08, 5.14897884329e-08, 3.47607311824e-08, 8.45780689929e-08, 1.55626509013e-07, 5.2954593599e-08, 4.8053838686e-10],
        "max": [0.0313332788646, 0.169992089272, 0.0608904398978, 0.0446159094572, 0.0437987968326, 0.0365520939231, 0.0423808172345, 0.0213108621538, 0.0155687080696, 0.042381092906, 0.0106912124902, 0.0254590380937, 0.0304083134979, 0.0125736780465, 0.0108523061499, 0.0105741648003, 0.00648346869275, 0.00276671117172, 0.00359011720866, 0.00221068947576, 0.00204495084472, 0.00176818738692, 0.00142256286927, 0.00290973321535, 0.0066692060791, 0.00392999779433, 0.000396602874389],
        "mean": [0.00155845074914, 0.0150720337406, 0.0048841452226, 0.00320293288678, 0.0049920193851, 0.00382327847183, 0.00371204339899, 0.00185324368067, 0.00186208833475, 0.00286247185431, 0.000930171925575, 0.00183275167365, 0.00183948641643, 0.00071348430356, 0.000795296684373, 0.00028274251963, 0.000182834512088, 0.000181497816811, 0.00017885035777, 0.000261375505943, 0.000127283768961, 9.83047793852e-05, 0.000112668632937, 0.000174540167791, 0.000143940313137, 7.72004495957e-05, 5.82125085202e-06],
        "median": [9.51032052399e-05, 0.00557060353458, 0.0023016417399, 0.00169274141081, 0.00319197936915, 0.00249699223787, 0.00163453386631, 0.00102522061206, 0.00109811907168, 0.00126564176753, 0.000280379113974, 0.000674801995046, 0.000684898113832, 0.000216730317334, 0.000286783557385, 0.000119578027807, 9.81956181931e-05, 5.0512040616e-05, 7.51660991227e-05, 0.000127121835249, 4.12770932599e-05, 2.95229910989e-05, 4.00322169298e-05, 5.32868180017e-05, 4.32289343735e-05, 2.14359461097e-05, 6.64713468268e-07],
        "min": [2.12808671373e-23, 1.72386681283e-23, 2.22978042963e-24, 5.14983939488e-24, 4.35930026697e-23, 2.54164893656e-23, 7.68252134953e-23, 3.88684926202e-23, 4.39744800262e-23, 5.25578010124e-23, 1.03408368186e-22, 1.68325637965e-22, 6.40152672869e-23, 1.05140738289e-22, 9.29198881607e-23, 1.96214508915e-22, 3.75441926911e-22, 2.66848495902e-22, 1.22433837819e-22, 3.96736147886e-22, 2.76395076007e-22, 6.41649615323e-22, 5.85718493618e-22, 9.67190119879e-22, 1.22552108895e-21, 1.65646603222e-21, 2.41958184964e-21],
        "stdev": [0.00383003801107, 0.0290236789733, 0.00772908097133, 0.00432735541835, 0.00598798086867, 0.00387146486901, 0.00497744558379, 0.00258599570952, 0.00206666765735, 0.00435155117884, 0.00162896269467, 0.00335882697254, 0.00330112408847, 0.00138714641798, 0.00141994655132, 0.000758227601182, 0.000381233665394, 0.000304822140606, 0.000284889305476, 0.000325251370668, 0.000212423503399, 0.000175410517841, 0.000198466485017, 0.000360999430995, 0.000343592080753, 0.000202803174034, 2.18254754145e-05],
        "var": [1.46691918417e-05, 0.000842373934574, 5.97386933805e-05, 1.87260047824e-05, 3.58559154847e-05, 1.49882398546e-05, 2.47749630944e-05, 6.68737357046e-06, 4.27111535828e-06, 1.89359961951e-05, 2.65351945927e-06, 1.12817178888e-05, 1.0897420907e-05, 1.92417519429e-06, 2.0162481178e-06, 5.7490905192e-07, 1.45339100754e-07, 9.29165295815e-08, 8.11619145225e-08, 1.05788458882e-07, 4.51237447407e-08, 3.07688488022e-08, 3.93889436623e-08, 1.30320586322e-07, 1.18055510256e-07, 4.11291303237e-08, 4.76351347256e-10]
    },
    "erbbands": {
        "dmean": [0.516712605953, 1.66930508614, 2.89731931686, 4.70438098907, 6.67550086975, 6.50342082977, 13.1838006973, 11.4316511154, 25.3737335205, 14.4576416016, 20.9740257263, 23.3364124298, 19.2327785492, 41.8997650146, 19.4278316498, 40.0513038635, 36.8011932373, 17.5228500366, 24.7592735291, 11.4126062393, 7.68112659454, 4.36814880371, 5.36680555344, 6.14814949036, 4.1696844101, 6.21434688568, 3.8299601078, 1.94521200657, 2.20316147804, 2.14519476891, 1.90795195103, 1.99657428265, 1.54589378834, 1.14866435528, 0.561069130898, 0.282102614641, 0.0825259760022, 0.0142203494906, 0.000489503203426, 2.66176757577e-05],
        "dmean2": [0.749992549419, 2.72312951088, 5.19248485565, 7.9263086319, 11.4099798203, 10.5451545715, 19.8198699951, 17.7191638947, 36.9234466553, 22.5869159698, 30.3541374207, 34.1341552734, 28.2693958282, 60.149520874, 28.2586174011, 60.7148933411, 55.6816291809, 26.151802063, 38.946105957, 17.5577774048, 10.4737586975, 6.40136098862, 8.62926864624, 9.7498550415, 6.60931921005, 9.98190402985, 5.63895177841, 2.91552829742, 3.49663233757, 3.16246747971, 2.79455566406, 2.91509723663, 2.1945579052, 1.68494176865, 0.849031805992, 0.415716975927, 0.118021696806, 0.0202707536519, 0.000706007762346, 3.99144482799e-05],
        "dvar": [1.35145664215, 21.5678520203, 88.1711730957, 90.7225341797, 113.689788818, 125.334640503, 420.419708252, 429.011993408, 1833.31384277, 616.439758301, 1296.22509766, 908.286254883, 934.900939941, 5757.79541016, 1031.89587402, 4514.32910156, 4906.18896484, 1221.66772461, 2444.7019043, 587.997619629, 493.947906494, 69.0300445557, 137.318603516, 173.461654663, 52.2462501526, 127.128326416, 53.1720695496, 26.3512001038, 24.5728740692, 18.0910568237, 14.6505708694, 18.4611167908, 13.3175458908, 8.55777359009, 4.67537689209, 0.817973315716, 0.0780182629824, 0.00186990911607, 2.48964261118e-06, 2.02226257962e-09],
        "dvar2": [2.62657761574, 49.7105369568, 254.042800903, 241.220947266, 306.12310791, 289.873901367, 980.917785645, 1051.25793457, 3820.43334961, 1534.21655273, 2874.85766602, 2147.76635742, 1977.5657959, 11106.828125, 2100.56347656, 10477.4746094, 11302.7207031, 2627.37451172, 5466.14306641, 1259.08190918, 766.027282715, 116.557067871, 357.947875977, 413.94519043, 127.758834839, 337.681365967, 111.049293518, 66.8174743652, 62.3876953125, 43.263885498, 32.3696708679, 39.997505188, 25.4983272552, 17.4859714508, 11.618224144, 1.92041695118, 0.178342297673, 0.00372405489907, 4.48948458143e-06, 4.11114431387e-09],
        "max": [8.93525886536, 37.8502807617, 71.2653656006, 88.1956481934, 101.212394714, 184.569992065, 314.286193848, 368.187866211, 525.395019531, 395.721801758, 548.119567871, 449.881866455, 566.114685059, 1614.23779297, 500.772766113, 1312.32177734, 1625.66918945, 718.91418457, 672.512573242, 501.425384521, 713.396850586, 217.165390015, 157.355728149, 254.82850647, 91.2684402466, 116.970603943, 99.2788314819, 117.894004822, 61.8969917297, 48.4328536987, 44.4840049744, 58.2079467773, 54.1173362732, 49.3219871521, 61.1859664917, 26.0131568909, 5.87741804123, 0.913634777069, 0.0422814376652, 0.000715854286682],
        "mean": [0.587765693665, 2.77334427834, 5.77569293976, 8.70294094086, 13.103559494, 14.9722890854, 30.2547149658, 28.5348873138, 57.5090446472, 34.5038223267, 45.8591079712, 54.538608551, 50.6193275452, 88.9119415283, 52.5594902039, 91.3632278442, 91.8101654053, 43.9071121216, 49.8829345703, 22.0349674225, 16.211856842, 9.05313968658, 8.67902851105, 11.6928396225, 8.55385780334, 12.5408935547, 8.08456230164, 3.55418896675, 3.31996583939, 3.47798919678, 3.33204293251, 3.69666361809, 2.78670787811, 1.85905742645, 0.86177957058, 0.427585065365, 0.122336946428, 0.0203143861145, 0.000693629321177, 7.73908031988e-05],
        "median": [0.127263769507, 1.22975480556, 2.85017204285, 4.56237745285, 7.68791389465, 8.02581691742, 19.3614826202, 17.6575927734, 27.8303623199, 16.2474689484, 28.7005519867, 32.8908195496, 31.2497062683, 36.0809288025, 22.52227211, 38.3797988892, 35.149810791, 18.9870128632, 21.1556682587, 9.03011989594, 7.60518169403, 5.22344446182, 2.88826918602, 3.25600242615, 5.38897132874, 6.46002912521, 2.48657798767, 1.07317078114, 0.972323894501, 1.10070073605, 1.14481055737, 1.33881890774, 0.639134466648, 0.490585297346, 0.260736137629, 0.13181912899, 0.0316231027246, 0.00417402433231, 0.000139844894875, 6.24147069175e-05],
        "min": [9.35042359296e-22, 2.47558698543e-21, 2.94561116393e-21, 1.26767577605e-20, 5.92302871489e-20, 1.34418943341e-19, 2.21897661666e-19, 2.0230771124e-19, 8.97118526549e-19, 1.03156081189e-18, 8.38834966998e-19, 1.28630049071e-18, 8.14809144215e-19, 3.45586133757e-18, 4.15124354082e-18, 7.55881035191e-18, 3.3502795906e-18, 4.72438871545e-18, 4.79459277481e-18, 1.00839247555e-17, 1.21929458043e-17, 1.77813805043e-17, 1.4920984983e-17, 8.67522128309e-18, 1.1070790931e-17, 1.94547536486e-17, 1.09920706336e-17, 1.34286990456e-17, 1.80266048143e-17, 2.33307797239e-17, 1.64964364864e-17, 1.94281316677e-17, 1.64910151446e-17, 1.43743707993e-17, 8.06825103885e-18, 5.13586557526e-18, 3.03113469871e-18, 1.54676301859e-18, 3.29236831402e-19, 3.36738151099e-20],
        "stdev": [1.38976883888, 4.92323684692, 8.84708786011, 11.4214143753, 15.005314827, 23.1472988129, 34.6413345337, 32.9379348755, 74.2571334839, 54.8661727905, 59.7161598206, 57.9041099548, 62.0801277161, 161.565689087, 79.6754608154, 165.947677612, 161.691009521, 71.4693984985, 88.2214126587, 39.5007972717, 46.3082275391, 15.1581249237, 15.3374042511, 20.0536460876, 10.3402280807, 15.6165790558, 12.4028921127, 6.50967597961, 6.03177547455, 6.06735610962, 6.02333116531, 7.21558189392, 6.11194849014, 4.3530421257, 2.44440865517, 1.10043978691, 0.362685114145, 0.0616813190281, 0.00231227744371, 6.30914073554e-05],
        "var": [1.93145728111, 24.2382602692, 78.2709579468, 130.44871521, 225.159469604, 535.797485352, 1200.02209473, 1084.9074707, 5514.12158203, 3010.296875, 3566.01977539, 3352.88598633, 3853.94238281, 26103.4707031, 6348.17919922, 27538.6328125, 26143.9804688, 5107.87451172, 7783.01708984, 1560.31298828, 2144.4519043, 229.768737793, 235.235977173, 402.148742676, 106.920318604, 243.877532959, 153.831741333, 42.3758811951, 36.3823127747, 36.8128128052, 36.2805175781, 52.0646209717, 37.3559150696, 18.9489765167, 5.97513389587, 1.21096765995, 0.131540492177, 0.00380458519794, 5.34662694918e-06, 3.98052613093e-09]
    },
    "gfcc": {
        "mean": [37.7231788635, 105.5987854, -99.1226806641, 13.097661972, -56.7941513062, 25.7502651215, -34.9130783081, 11.4553012848, -29.0337905884, 10.2509651184, -11.4033718109, -1.86380708218, -10.8792390823],
        "cov": [[3057.45996094, -718.432189941, -86.2511291504, 204.014083862, -149.341674805, 7.15176868439, -148.588195801, 109.175018311, -170.206100464, 88.3722610474, -50.1438217163, 90.5277633667, -33.2128295898], [-718.432189941, 1090.44702148, -178.792861938, -177.915847778, 211.060684204, -138.82649231, 77.109664917, -61.026550293, 57.8825149536, -74.7627716064, 114.807647705, -84.878616333, 15.1321668625], [-86.2511291504, -178.792861938, 499.762084961, 80.1022567749, -63.4480285645, 69.2196578979, -50.1510887146, -11.4415102005, 99.1331176758, 12.5415229797, -81.0428771973, 59.5703010559, -55.6486434937], [204.014083862, -177.915847778, 80.1022567749, 297.05355835, 7.23471641541, 5.75063180923, -42.5640106201, 21.0034675598, 40.7325286865, 0.100780203938, -13.7544698715, 1.33831393719, 51.219493866], [-149.341674805, 211.060684204, -63.4480285645, 7.23471641541, 204.190841675, -0.0264024995267, 55.2979507446, 1.83935892582, 1.29726088047, 9.86333751678, 21.6870307922, -20.8035068512, 32.0503349304], [7.15176868439, -138.82649231, 69.2196578979, 5.75063180923, -0.0264024995267, 212.324020386, 76.7092666626, 2.42671084404, -2.87623047829, 8.9418182373, 2.90784692764, 16.2823505402, 0.157817408442], [-148.588195801, 77.109664917, -50.1510887146, -42.5640106201, 55.2979507446, 76.7092666626, 193.719711304, 17.6697540283, -29.6863479614, 6.26340341568, 42.0172653198, -1.33805537224, -10.9461402893], [109.175018311, -61.026550293, -11.4415102005, 21.0034675598, 1.83935892582, 2.42671084404, 17.6697540283, 86.2167053223, 6.56227636337, 11.3387184143, 0.930981516838, 4.83150577545, 18.4639549255], [-170.206100464, 57.8825149536, 99.1331176758, 40.7325286865, 1.29726088047, -2.87623047829, -29.6863479614, 6.56227636337, 146.16607666, 10.9197893143, -27.4956912994, 6.94388103485, 6.44795274734], [88.3722610474, -74.7627716064, 12.5415229797, 0.100780203938, 9.86333751678, 8.9418182373, 6.26340341568, 11.3387184143, 10.9197893143, 70.7420120239, 6.03714704514, 9.56077957153, 8.77920055389], [-50.1438217163, 114.807647705, -81.0428771973, -13.7544698715, 21.6870307922, 2.90784692764, 42.0172653198, 0.930981516838, -27.4956912994, 6.03714704514, 107.754013062, 2.41658973694, 10.7553825378], [90.5277633667, -84.878616333, 59.5703010559, 1.33831393719, -20.8035068512, 16.2823505402, -1.33805537224, 4.83150577545, 6.94388103485, 9.56077957153, 2.41658973694, 70.8413162231, 6.63774347305], [-33.2128295898, 15.1321668625, -55.6486434937, 51.219493866, 32.0503349304, 0.157817408442, -10.9461402893, 18.4639549255, 6.44795274734, 8.77920055389, 10.7553825378, 6.63774347305, 103.418937683]],
        "icov": [[0.000568981689867, -0.000143642217154, 0.000470977276564, -0.000715411209967, 0.000265870039584, -0.00035574514186, 0.000696740462445, -0.000815680425148, 0.00096933520399, -0.00104022817686, 0.000604533415753, -0.00112072797492, 0.000985939754173], [-0.000143642217154, 0.00314935739152, -0.000639387930278, 0.00238446099684, -0.00254930695519, 0.00223179557361, -0.00122113362886, 0.00191072071902, -0.002956392942, 0.0040513635613, -0.00356658641249, 0.00305862678215, -0.00170064577833], [0.000470977276564, -0.000639387930278, 0.00418411660939, -0.00199346709996, 0.000798587454483, -0.00187100842595, 0.00136411341373, -0.000530896009877, -0.00049652979942, -0.00196050712839, 0.00286943651736, -0.0042487680912, 0.00364972557873], [-0.000715411209967, 0.00238446099684, -0.00199346709996, 0.0067247627303, -0.00224747252651, 0.00183102802839, -0.000888448033947, 0.00133676012047, -0.00349323567934, 0.00453180028126, -0.00355170690455, 0.00442417804152, -0.00470230355859], [0.000265870039584, -0.00254930695519, 0.000798587454483, -0.00224747252651, 0.00821751728654, -0.00125175516587, -0.00102076225448, -0.000883624597918, 0.00204660231248, -0.0042836656794, 0.00277120922692, -0.000952992297243, -0.000484845571918], [-0.00035574514186, 0.00223179557361, -0.00187100842595, 0.00183102802839, -0.00125175516587, 0.00795543007553, -0.00425090501085, 0.00228916038759, -0.00200697244145, 0.00286209979095, -0.00248356326483, 0.00239713815972, -0.00285064708441], [0.000696740462445, -0.00122113362886, 0.00136411341373, -0.000888448033947, -0.00102076225448, -0.00425090501085, 0.00939860753715, -0.00367486150935, 0.00271075335331, -0.00247211870737, -0.000263499037828, -0.00265642488375, 0.00378890708089], [-0.000815680425148, 0.00191072071902, -0.000530896009877, 0.00133676012047, -0.000883624597918, 0.00228916038759, -0.00367486150935, 0.0151141034439, -0.00350100570358, 0.00175864633638, -0.00185269280337, 0.00242961384356, -0.00420053256676], [0.00096933520399, -0.002956392942, -0.00049652979942, -0.00349323567934, 0.00204660231248, -0.00200697244145, 0.00271075335331, -0.00350100570358, 0.0125506836921, -0.00604352355003, 0.00482640834525, -0.00370743544772, 0.00195408030413], [-0.00104022817686, 0.0040513635613, -0.00196050712839, 0.00453180028126, -0.0042836656794, 0.00286209979095, -0.00247211870737, 0.00175864633638, -0.00604352355003, 0.021733591333, -0.00635857367888, 0.0039655151777, -0.00454007554799], [0.000604533415753, -0.00356658641249, 0.00286943651736, -0.00355170690455, 0.00277120922692, -0.00248356326483, -0.000263499037828, -0.00185269280337, 0.00482640834525, -0.00635857367888, 0.0161810740829, -0.00627985829487, 0.00242601637729], [-0.00112072797492, 0.00305862678215, -0.0042487680912, 0.00442417804152, -0.000952992297243, 0.00239713815972, -0.00265642488375, 0.00242961384356, -0.00370743544772, 0.0039655151777, -0.00627985829487, 0.0223155915737, -0.00659272493795], [0.000985939754173, -0.00170064577833, 0.00364972557873, -0.00470230355859, -0.000484845571918, -0.00285064708441, 0.00378890708089, -0.00420053256676, 0.00195408030413, -0.00454007554799, 0.00242601637729, -0.00659272493795, 0.0162676237524]]
    },
    "melbands": {
        "dmean": [0.00345775671303, 0.00160665041767, 0.000811761943623, 0.000469298451208, 0.00039411537, 0.000257478182903, 0.000380693934858, 0.000150226042024, 0.000163904071087, 0.000144753197674, 0.000100743382063, 0.000182355186553, 5.77910286665e-05, 9.97109600576e-05, 8.8810978923e-05, 6.86856219545e-05, 3.41095110343e-05, 4.15635295212e-05, 2.201010102e-05, 1.33928406285e-05, 9.24553387449e-06, 5.42017596672e-06, 4.49109074907e-06, 5.81205677008e-06, 5.29813496541e-06, 3.21032007378e-06, 3.56440750693e-06, 4.59602642877e-06, 2.89561535283e-06, 1.6037589603e-06, 1.10873509129e-06, 1.18629304779e-06, 1.60990134646e-06, 1.12078657821e-06, 1.18444938835e-06, 1.15594150429e-06, 1.31526223868e-06, 1.1345459825e-06, 1.13178964511e-06, 9.59648104981e-07],
        "dmean2": [0.0051716263406, 0.00276168901473, 0.0013658296084, 0.000778862973675, 0.000593133678194, 0.000400420394726, 0.000558681087568, 0.000236392108491, 0.000234485065448, 0.000213886436541, 0.000148832375999, 0.000262292684056, 8.33391677588e-05, 0.000151339234435, 0.000134541551233, 0.000104216953332, 5.19250643265e-05, 6.47770430078e-05, 3.39366561093e-05, 2.0376915927e-05, 1.28224792206e-05, 8.07979176898e-06, 7.16709200788e-06, 9.51686615736e-06, 8.42117424327e-06, 5.19444893143e-06, 5.77768378207e-06, 7.41657549952e-06, 4.34512458014e-06, 2.43564022639e-06, 1.71823046458e-06, 1.89841125575e-06, 2.60012620856e-06, 1.65790925166e-06, 1.78247023541e-06, 1.73812168214e-06, 1.91801132132e-06, 1.65147116604e-06, 1.66904783327e-06, 1.43408044551e-06],
        "dvar": [6.18169360678e-05, 2.46494037128e-05, 2.29130500884e-06, 5.56506961402e-07, 3.71724070192e-07, 1.91001547023e-07, 4.16599675646e-07, 6.27196001801e-08, 7.40917229791e-08, 3.55394966789e-08, 2.47939606624e-08, 1.08521120978e-07, 1.01831139077e-08, 2.73689622077e-08, 2.25743956861e-08, 1.26947625745e-08, 5.78060266321e-09, 7.18059878224e-09, 1.69468117317e-09, 1.05524544658e-09, 7.86638143513e-10, 1.427895302e-10, 9.8816101135e-11, 1.60487900747e-10, 1.35245856181e-10, 3.26441443321e-11, 4.4223933543e-11, 7.24425311405e-11, 2.95034448261e-11, 1.02613004899e-11, 1.08231514029e-11, 9.19550546818e-12, 1.17056538074e-11, 4.92840577376e-12, 5.68736290701e-12, 5.96681514961e-12, 8.42046484623e-12, 7.40275288985e-12, 8.00580522015e-12, 6.20049107544e-12],
        "dvar2": [0.000115912938782, 6.84611368342e-05, 6.15845010543e-06, 1.45520425576e-06, 8.454564977e-07, 4.61120635009e-07, 8.87593785137e-07, 1.5720962665e-07, 1.59239661457e-07, 8.45644905212e-08, 5.2311715848e-08, 2.1022596286e-07, 2.05696917277e-08, 6.25995184578e-08, 4.91740337338e-08, 2.80124030638e-08, 1.2763869961e-08, 1.64141020775e-08, 3.52497675493e-09, 2.33014652018e-09, 1.27146049245e-09, 2.47540155041e-10, 2.4401700105e-10, 4.24593138426e-10, 3.17537940386e-10, 8.05993258246e-11, 1.13903018961e-10, 1.91518467751e-10, 6.03342792393e-11, 2.41871574852e-11, 2.79166290779e-11, 2.34452440101e-11, 3.31788659047e-11, 1.10962714711e-11, 1.28736266439e-11, 1.34897249621e-11, 1.85991656104e-11, 1.48889321011e-11, 1.68717071564e-11, 1.2886373392e-11],
        "max": [0.059123031795, 0.0371106080711, 0.0156976282597, 0.0117276189849, 0.0100276404992, 0.00765024591237, 0.00861940626055, 0.00396690890193, 0.00415378808975, 0.00243285344914, 0.00288322195411, 0.00708335358649, 0.00164717494044, 0.00289058708586, 0.00300241424702, 0.00239187665284, 0.00160768418573, 0.00127059931401, 0.00061434955569, 0.000653117196634, 0.00084192637587, 0.00033740219078, 0.000144566438394, 0.000182562493137, 0.000245444942266, 7.86132004578e-05, 7.98186010798e-05, 8.79618601175e-05, 7.53812055336e-05, 4.0926024667e-05, 7.96714157332e-05, 3.91024004784e-05, 3.31460614689e-05, 2.57838091784e-05, 2.95540739899e-05, 3.09018323605e-05, 4.20397336711e-05, 4.04546735808e-05, 3.87011677958e-05, 4.05681894335e-05],
        "mean": [0.00465389620513, 0.00314388889819, 0.00161460542586, 0.00105479592457, 0.000937025470193, 0.000662480248138, 0.000865016423631, 0.000351280265022, 0.000362251041224, 0.000325313594658, 0.000248418655246, 0.000377104530344, 0.000138578849146, 0.00022936440655, 0.000211547579966, 0.00015751682804, 7.42340562283e-05, 8.00490015536e-05, 3.90449276892e-05, 2.38964039454e-05, 1.80135284609e-05, 1.01499017546e-05, 7.11827851774e-06, 8.76936974237e-06, 9.66545485426e-06, 5.75054309593e-06, 7.03537216395e-06, 8.64326648298e-06, 6.08222444498e-06, 2.72881197816e-06, 1.80259894478e-06, 1.7370699652e-06, 2.18780269279e-06, 1.79774144726e-06, 1.84792872915e-06, 2.06050071938e-06, 2.36384857999e-06, 1.97019176085e-06, 1.8378666482e-06, 1.46324157413e-06],
        "median": [0.00147860171273, 0.00167634373065, 0.00105383351911, 0.000572815071791, 0.000627259549219, 0.000416326976847, 0.000419325951952, 0.000165511082741, 0.000227047785302, 0.000199034649995, 0.00014219264267, 0.000132651475724, 4.61043746327e-05, 8.28327029012e-05, 8.04045776022e-05, 6.68117500027e-05, 2.32523143495e-05, 3.17591657222e-05, 1.48524786709e-05, 1.0480713172e-05, 7.6674259617e-06, 5.48663592781e-06, 2.71068074653e-06, 2.32584034165e-06, 2.40720964939e-06, 3.18619891004e-06, 4.26411361332e-06, 3.92622177969e-06, 1.74137835529e-06, 7.38628671115e-07, 4.64864683636e-07, 4.6337552817e-07, 5.6282613059e-07, 5.6716129393e-07, 5.58878809898e-07, 7.72253997638e-07, 7.88422028108e-07, 4.03761589496e-07, 4.66543639277e-07, 3.74149550453e-07],
        "min": [8.19337047459e-24, 2.11626216208e-24, 3.18363257926e-24, 7.19397206009e-24, 7.83798153703e-24, 4.83739249514e-24, 1.54195217487e-23, 1.07260091997e-23, 7.45681499168e-24, 7.43191775266e-24, 3.32675541608e-24, 1.29457091702e-23, 1.30864632549e-23, 1.74657701389e-23, 1.19451866289e-23, 8.77022895583e-24, 8.82428012734e-24, 7.71112481487e-24, 9.8082105572e-24, 1.5749481755e-23, 1.57336082959e-23, 2.08389677686e-23, 1.35953377034e-23, 1.2481025132e-23, 6.21663887398e-24, 5.19325514366e-24, 1.32150041951e-23, 1.25304677781e-23, 5.80537807395e-24, 7.58773592524e-24, 7.81770386747e-24, 9.67038314642e-24, 1.35056442185e-23, 1.21383975973e-23, 8.79213956747e-24, 1.06957082634e-23, 1.25873840924e-23, 1.15904003811e-23, 1.08094667391e-23, 1.26540846485e-23],
        "stdev": [0.00973551161587, 0.00457400176674, 0.00179603998549, 0.00151638872921, 0.00101579399779, 0.000723836186808, 0.00111810141243, 0.000554984260816, 0.000461333955172, 0.000353571231244, 0.000316576653859, 0.000708507373929, 0.000230361401918, 0.000387326261261, 0.000352975272108, 0.000249002099736, 0.000153397326358, 0.000146299382322, 6.55662661302e-05, 4.70125596621e-05, 5.48899915884e-05, 2.04972693609e-05, 1.33865787575e-05, 1.63146705745e-05, 1.76736430149e-05, 7.86386772234e-06, 8.94470394996e-06, 1.15416105473e-05, 9.58461441769e-06, 4.74254557048e-06, 3.82858115699e-06, 3.4791823964e-06, 3.99617692892e-06, 3.25223254549e-06, 3.49323477167e-06, 3.88021680919e-06, 4.79141681353e-06, 4.40154144599e-06, 4.22066523242e-06, 3.57302565135e-06],
        "var": [9.47801818256e-05, 2.09214904316e-05, 3.22575965583e-06, 2.2994347546e-06, 1.03183754163e-06, 5.23938808783e-07, 1.25015083086e-06, 3.08007543026e-07, 2.12829021962e-07, 1.25012618923e-07, 1.00220773902e-07, 5.01982697187e-07, 5.30663726295e-08, 1.50021634227e-07, 1.24591537087e-07, 6.20020443876e-08, 2.35307382468e-08, 2.1403508299e-08, 4.29893542986e-09, 2.21018092716e-09, 3.01291125382e-09, 4.20138063228e-10, 1.79200487782e-10, 2.66168476148e-10, 3.12357667509e-10, 6.18404216723e-11, 8.0007736547e-11, 1.33208777342e-10, 9.18648421222e-11, 2.2491737639e-11, 1.46580352023e-11, 1.21047095958e-11, 1.5969430639e-11, 1.0577016693e-11, 1.22026893798e-11, 1.50560813816e-11, 2.29576739563e-11, 1.93735669868e-11, 1.78140158874e-11, 1.2766511806e-11]
    },
    "melbands128": {
