{
"lowlevel": {
    "average_loudness": 0.843407511711,
    "barkbands_crest": {
        "dmean": 2.60864949226,
        "dmean2": 3.99792599678,
        "dvar": 7.04963541031,
        "dvar2": 14.8216247559,
        "max": 25.7592353821,
        "mean": 11.9075069427,
        "median": 11.313117981,
        "min": 2.58164668083,
        "stdev": 5.26244544983,
        "var": 27.6933345795
    },
    "barkbands_flatness_db": {
        "dmean": 0.0318104848266,
        "dmean2": 0.0439948886633,
        "dvar": 0.000798209977802,
        "dvar2": 0.0015236515319,
        "max": 0.447307318449,
        "mean": 0.16153883934,
        "median": 0.155006378889,
        "min": 0.0288772694767,
        "stdev": 0.0692113190889,
        "var": 0.00479020643979
    },
    "barkbands_kurtosis": {
        "dmean": 9.27550506592,
        "dmean2": 14.0833444595,
        "dvar": 374.765289307,
        "dvar2": 927.305053711,
        "max": 267.015686035,
        "mean": 11.574133873,
        "median": 3.15161800385,
        "min": -1.96252787113,
        "stdev": 23.6812133789,
        "var": 560.799865723
    },
    "barkbands_skewness": {
        "dmean": 1.06928670406,
        "dmean2": 1.49136650562,
        "dvar": 1.34059250355,
        "dvar2": 2.72633051872,
        "max": 14.9455308914,
        "mean": 2.16542840004,
        "median": 1.73027563095,
        "min": -4.59733581543,
        "stdev": 2.35137701035,
        "var": 5.52897357941
    },
    "barkbands_spread": {
        "dmean": 10.901927948,
        "dmean2": 16.6129627228,
        "dvar": 202.539779663,
        "dvar2": 425.176086426,
        "max": 130.813842773,
        "mean": 24.4086761475,
        "median": 19.198348999,
        "min": 0.460187166929,
        "stdev": 19.9655513763,
        "var": 398.62322998
    },
    "dissonance": {
        "dmean": 0.0212078280747,
        "dmean2": 0.0359850116074,
        "dvar": 0.000875768135302,
        "dvar2": 0.00223805615678,
        "max": 0.499999314547,
        "mean": 0.46746212244,
        "median": 0.47602814436,
        "min": 0,
        "stdev": 0.0326617062092,
        "var": 0.00106678705197
    },
    "dynamic_complexity": 2.85469698906,
    "erbbands_crest": {
        "dmean": 3.18495130539,
        "dmean2": 5.25409412384,
        "dvar": 8.47336578369,
        "dvar2": 20.9374313354,
        "max": 29.4042453766,
        "mean": 9.33032894135,
        "median": 8.2983417511,
        "min": 2.72957897186,
        "stdev": 4.14079380035,
        "var": 17.1461734772
    },
    "erbbands_flatness_db": {
        "dmean": 0.0239497292787,
        "dmean2": 0.0356449335814,
        "dvar": 0.000417661911342,
        "dvar2": 0.000884399691131,
        "max": 0.284011244774,
        "mean": 0.144724652171,
        "median": 0.142206221819,
        "min": 0.065612770617,
        "stdev": 0.0365059375763,
        "var": 0.00133268337231
    },
    "erbbands_kurtosis": {
        "dmean": 1.77682077885,
        "dmean2": 2.74449300766,
        "dvar": 6.20223665237,
        "dvar2": 12.4754238129,
        "max": 30.7520332336,
        "mean": 1.46494686604,
        "median": 0.33998811245,
        "min": -1.62928915024,
        "stdev": 3.47924733162,
        "var": 12.1051626205
    },
    "erbbands_skewness": {
        "dmean": 0.55997800827,
        "dmean2": 0.831556856632,
        "dvar": 0.303114444017,
        "dvar2": 0.621872961521,
        "max": 3.22754240036,
        "mean": -0.125422999263,
        "median": -0.0152167528868,
        "min": -5.06926393509,
        "stdev": 0.992472290993,
        "var": 0.985001206398
    },
    "erbbands_spread": {
        "dmean": 13.5327005386,
        "dmean2": 20.9339599609,
        "dvar": 213.850662231,
        "dvar2": 498.936859131,
        "max": 152.404968262,
        "mean": 39.8412704468,
        "median": 35.8131370544,
        "min": 4.03581666946,
        "stdev": 21.4529972076,
        "var": 460.231109619
    },
    "hfc": {
        "dmean": 21.3184318542,
        "dmean2": 29.5987567902,
        "dvar": 1572.26208496,
        "dvar2": 2941.42773438,
        "max": 383.808929443,
        "mean": 37.0488357544,
        "median": 20.9682540894,
        "min": 1.15636421798e-16,
        "stdev": 55.0902061462,
        "var": 3034.93066406
    },
    "loudness_ebu128": {
        "integrated": -10.4138422012,
        "loudness_range": 2.68635749817,
        "momentary": {
            "dmean": 0.870936214924,
            "dmean2": 1.24784076214,
            "dvar": 0.789102196693,
            "dvar2": 1.32749164104,
            "max": -6.6935749054,
            "mean": -10.8334302902,
            "median": -10.5645465851,
            "min": -18.6368026733,
            "stdev": 2.01340055466,
            "var": 4.05378198624
        },
        "short_term": {
            "dmean": 0.122203588486,
            "dmean2": 0.157277002931,
            "dvar": 0.0119765046984,
            "dvar2": 0.0252843536437,
            "max": -8.85956001282,
            "mean": -10.5121364594,
            "median": -10.3555183411,
            "min": -13.2119312286,
            "stdev": 0.930124640465,
            "var": 0.865131855011
        }
    },
    "melbands_crest": {
        "dmean": 3.49601101875,
        "dmean2": 5.29276037216,
        "dvar": 10.53195858,
        "dvar2": 22.324804306,
        "max": 39.3034858704,
        "mean": 21.5812454224,
        "median": 21.3901405334,
        "min": 3.07574677467,
        "stdev": 10.133603096,
        "var": 102.689918518
    },
    "melbands_flatness_db": {
        "dmean": 0.0398234426975,
        "dmean2": 0.0533971562982,
        "dvar": 0.001271682675,
        "dvar2": 0.00215450278483,
        "max": 0.549281060696,
        "mean": 0.228367581964,
        "median": 0.227582842112,
        "min": 0.00697607593611,
        "stdev": 0.092671237886,
        "var": 0.00858795829117
    },
    "melbands_kurtosis": {
        "dmean": 25.7774276733,
        "dmean2": 39.2943649292,
        "dvar": 3628.69140625,
        "dvar2": 8296.0546875,
        "max": 789.228088379,
        "mean": 35.74584198,
        "median": 10.9497737885,
        "min": -1.94782674313,
        "stdev": 73.7974243164,
        "var": 5446.06005859
    },
    "melbands_skewness": {
        "dmean": 1.50821840763,
        "dmean2": 2.15315032005,
        "dvar": 3.48093700409,
        "dvar2": 7.23696613312,
        "max": 23.2921562195,
        "mean": 3.95953726768,
        "median": 2.95616912842,
        "min": -2.01426243782,
        "stdev": 3.50313186646,
        "var": 12.2719335556
    },
    "melbands_spread": {
        "dmean": 14.1938686371,
        "dmean2": 20.1606330872,
        "dvar": 602.158996582,
        "dvar2": 987.63494873,
        "max": 335.020751953,
        "mean": 30.7086277008,
        "median": 17.7118778229,
        "min": 0.214546844363,
        "stdev": 42.547203064,
        "var": 1810.26464844
    },
    "pitch_salience": {
        "dmean": 0.0843006819487,
        "dmean2": 0.128143534064,
        "dvar": 0.00610668770969,
        "dvar2": 0.0135696576908,
        "max": 0.947651743889,
        "mean": 0.444191932678,
        "median": 0.454170078039,
        "min": 0.0495323948562,
        "stdev": 0.196160912514,
        "var": 0.0384791046381
    },
    "silence_rate_20dB": {
        "dmean": 0.00464037107304,
        "dmean2": 0.00928792543709,
        "dvar": 0.00461880955845,
        "dvar2": 0.0138453776017,
        "max": 1,
        "mean": 0.997681617737,
        "median": 1,
        "min": 0,
        "stdev": 0.0480938628316,
        "var": 0.00231301947497
    },
    "silence_rate_30dB": {
        "dmean": 0.080433100462,
        "dmean2": 0.160990715027,
        "dvar": 0.0739638581872,
        "dvar2": 0.16293771565,
        "max": 1,
        "mean": 0.751931965351,
        "median": 1,
        "min": 0,
        "stdev": 0.431891709566,
        "var": 0.186530441046
    },
    "silence_rate_60dB": {
        "dmean": 0.0371229685843,
        "dmean2": 0.0735294148326,
        "dvar": 0.0357442647219,
        "dvar2": 0.0820563063025,
        "max": 1,
        "mean": 0.0432766601443,
        "median": 0,
        "min": 0,
        "stdev": 0.203479617834,
        "var": 0.041403952986
    },
    "spectral_centroid": {
        "dmean": 558.117675781,
        "dmean2": 794.127746582,
        "dvar": 468732.09375,
        "dvar2": 794946.25,
        "max": 11130.2412109,
        "mean": 1754.15087891,
        "median": 1445.55432129,
        "min": 274.400238037,
        "stdev": 1160.46081543,
        "var": 1346669.375
    },
    "spectral_complexity": {
        "dmean": 4.83062648773,
        "dmean2": 6.65402460098,
        "dvar": 26.5737571716,
        "dvar2": 40.3826560974,
        "max": 62,
        "mean": 17.9667701721,
        "median": 17,
        "min": 0,
        "stdev": 9.63907051086,
        "var": 92.9116821289
    },
    "spectral_decrease": {
        "dmean": 5.2738258205e-09,
        "dmean2": 7.82977416236e-09,
        "dvar": 9.02021002701e-17,
        "dvar2": 1.7198457393e-16,
        "max": -5.08225768749e-29,
        "mean": -1.63484852322e-08,
        "median": -1.14608535995e-08,
        "min": -9.82122898563e-08,
        "stdev": 1.71643055324e-08,
        "var": 2.94613411527e-16
    },
    "spectral_energy": {
        "dmean": 0.0210237577558,
        "dmean2": 0.0310115162283,
        "dvar": 0.00130265019834,
        "dvar2": 0.00248575792648,
        "max": 0.372872143984,
        "mean": 0.0650633871555,
        "median": 0.0461821779609,
        "min": 1.06803702768e-20,
        "stdev": 0.0654367730021,
        "var": 0.00428197113797
    },
    "spectral_energyband_high": {
        "dmean": 0.00218931981362,
        "dmean2": 0.00320647261105,
        "dvar": 2.32203274209e-05,
        "dvar2": 4.41055854026e-05,
        "max": 0.048801984638,
        "mean": 0.00270506576635,
        "median": 0.000573923578486,
        "min": 7.88445941666e-21,
        "stdev": 0.00648961868137,
        "var": 4.21151489718e-05
    },
    "spectral_energyband_low": {
        "dmean": 0.0160431731492,
        "dmean2": 0.0239420197904,
        "dvar": 0.00133943313267,
        "dvar2": 0.00267478683963,
        "max": 0.364568173885,
        "mean": 0.0465138331056,
        "median": 0.0220913104713,
        "min": 1.46750999026e-22,
        "stdev": 0.0607572682202,
        "var": 0.00369144580327
    },
    "spectral_energyband_middle_high": {
        "dmean": 0.00329777412117,
        "dmean2": 0.0045562190935,
        "dvar": 2.79877658613e-05,
        "dvar2": 5.17387707077e-05,
        "max": 0.058108843863,
        "mean": 0.00645260745659,
        "median": 0.00334173464216,
        "min": 1.58961929702e-21,
        "stdev": 0.00830764696002,
        "var": 6.9017005444e-05
    },
    "spectral_energyband_middle_low": {
        "dmean": 0.00516609894112,
        "dmean2": 0.00818165577948,
        "dvar": 7.59538670536e-05,
        "dvar2": 0.000204560230486,
        "max": 0.0978443175554,
        "mean": 0.00862517952919,
        "median": 0.00596878211945,
        "min": 2.36873775744e-22,
        "stdev": 0.00967199355364,
        "var": 9.35474599828e-05
    },
    "spectral_entropy": {
        "dmean": 0.242060661316,
        "dmean2": 0.345691233873,
        "dvar": 0.0522318556905,
        "dvar2": 0.0978692322969,
        "max": 9.79312705994,
        "mean": 7.77220153809,
        "median": 7.76600933075,
        "min": 6.54735279083,
        "stdev": 0.434368401766,
        "var": 0.188675910234
    },
    "spectral_flux": {
        "dmean": 0.0375871621072,
        "dmean2": 0.0575144253671,
        "dvar": 0.00268884026445,
        "dvar2": 0.00523593463004,
        "max": 0.532060146332,
        "mean": 0.114513635635,
        "median": 0.0986534655094,
        "min": 1.03345873526e-10,
        "stdev": 0.0780065283179,
        "var": 0.00608501816168
    },
    "spectral_kurtosis": {
        "dmean": 1.85178339481,
        "dmean2": 2.74712562561,
        "dvar": 3.85173082352,
        "dvar2": 7.91652345657,
        "max": 21.6681346893,
        "mean": 3.81929254532,
        "median": 3.29283094406,
        "min": -1.23426711559,
        "stdev": 3.0940322876,
        "var": 9.57303619385
    },
    "spectral_rms": {
        "dmean": 0.00122666312382,
        "dmean2": 0.0017278958112,
        "dvar": 2.43615772888e-06,
        "dvar2": 4.15454405811e-06,
        "max": 0.0190729573369,
        "mean": 0.00695867557079,
        "median": 0.00671235658228,
        "min": 3.22798298508e-12,
        "stdev": 0.00387985748239,
        "var": 1.50532932821e-05
    },
    "spectral_rolloff": {
        "dmean": 904.54473877,
        "dmean2": 1453.77514648,
        "dvar": 3120037.5,
        "dvar2": 5671786,
        "max": 18023.2910156,
        "mean": 1801.44592285,
        "median": 818.26171875,
        "min": 43.06640625,
        "stdev": 2638.64160156,
        "var": 6962429
    },
    "spectral_skewness": {
        "dmean": 0.373292207718,
        "dmean2": 0.524895608425,
        "dvar": 0.12200345844,
        "dvar2": 0.23658195138,
        "max": 3.52096033096,
        "mean": 1.48078000546,
        "median": 1.53401267529,
        "min": -0.517114341259,
        "stdev": 0.652260661125,
        "var": 0.42544400692
    },
    "spectral_spread": {
        "dmean": 1066436.875,
        "dmean2": 1472245.5,
        "dvar": 1.7360542761e+12,
        "dvar2": 2.65189536563e+12,
        "max": 41408212,
        "mean": 5627725,
        "median": 5137557,
        "min": 2139540.5,
        "stdev": 2326849,
        "var": 5.41422675558e+12
    },
    "spectral_strongpeak": {
        "dmean": 0.57078152895,
        "dmean2": 0.967301487923,
        "dvar": 1.98590540886,
        "dvar2": 5.07788801193,
        "max": 15.9542818069,
        "mean": 0.803970813751,
        "median": 0.425040006638,
        "min": 0,
        "stdev": 1.49990975857,
        "var": 2.24972915649
    },
    "zerocrossingrate": {
        "dmean": 0.0204843990505,
        "dmean2": 0.0220338795334,
        "dvar": 0.000939202902373,
        "dvar2": 0.000884970300831,
        "max": 0.501953125,
        "mean": 0.0672186687589,
        "median": 0.0458984375,
        "min": 0.00146484375,
        "stdev": 0.0703692436218,
        "var": 0.0049518304877
    },
    "barkbands": {
        "dmean": [0.00324943801388, 0.0141642456874, 0.00305108283646, 0.00144812453073, 0.00128220859915, 0.00169162964448, 0.0010644372087, 0.000776513537858, 0.000428839237429, 0.000518957502209, 0.000784518837463, 0.000925998960156, 0.000486700999318, 0.00066921528196, 0.000433874229202, 0.000334083480993, 0.000247889431193, 0.000233600003412, 0.000328128895489, 0.000302243919577, 0.000436388421804, 0.000424851488788, 0.000239965564106, 0.000515241699759, 0.000475797685795, 0.000114586677228, 2.45365208684e-06],
        "dmean2": [0.00550747383386, 0.0215143971145, 0.00555182341486, 0.00256488169543, 0.00202325312421, 0.00274667446502, 0.00174807466101, 0.00119217846077, 0.000694224901963, 0.000824721064419, 0.00119843624998, 0.00141899310984, 0.00076203950448, 0.00103803013917, 0.000670494511724, 0.000486982346047, 0.000373313087039, 0.000337597361067, 0.000472616578918, 0.000484749500174, 0.000686025246978, 0.000643776380457, 0.000346825661836, 0.00073392590275, 0.000726317754015, 0.000155739850015, 4.12948747908e-06],
        "dvar": [3.42087478202e-05, 0.0011573942611, 0.000185204611626, 2.38552183873e-05, 6.01109877607e-06, 1.26838731376e-05, 7.38502012609e-06, 5.6965350268e-06, 1.28079784645e-06, 2.33094533542e-06, 1.01055366031e-05, 8.86682755663e-06, 1.56792282269e-06, 2.22531480176e-06, 1.09067013909e-06, 3.28312694364e-07, 5.44711951989e-07, 5.64017341276e-07, 4.25587586506e-07, 1.09928851089e-06, 9.19460546811e-07, 8.39377776174e-07, 4.24511569008e-07, 2.8471170026e-06, 2.85579744741e-06, 1.09227812572e-07, 7.92008819639e-11],
        "dvar2": [9.25919885049e-05, 0.00225338689052, 0.000521373120137, 6.86056810082e-05, 1.50057385326e-05, 3.2985888538e-05, 1.81469640665e-05, 1.21865141409e-05, 3.43635360878e-06, 5.73764009459e-06, 2.36646174017e-05, 1.82491021405e-05, 3.40400174537e-06, 4.78081256006e-06, 2.41874568019e-06, 6.1331490997e-07, 1.02132923985e-06, 1.20178128782e-06, 8.1684908082e-07, 2.33476794165e-06, 2.2109099973e-06, 1.70413863998e-06, 7.8796250591e-07, 5.4532501963e-06, 6.4618388933e-06, 1.79029299829e-07, 1.91977073127e-10],
        "max": [0.078249335289, 0.331800580025, 0.139873698354, 0.0597656816244, 0.0388611741364, 0.0507870838046, 0.0435402728617, 0.0354300811887, 0.0122206388041, 0.025796500966, 0.0478548780084, 0.0404235199094, 0.0175721999258, 0.0202290993184, 0.0211332086474, 0.0087508643046, 0.0140798762441, 0.0100188748911, 0.00641720369458, 0.0209110658616, 0.00996022578329, 0.0122774457559, 0.00993212498724, 0.0244417916983, 0.0256726462394, 0.00594863947481, 0.000135805094033],
        "mean": [0.012693897821, 0.0326107814908, 0.00216971617192, 0.00147563870996, 0.00182952301111, 0.0020690553356, 0.00116824137513, 0.00105871376581, 0.000599910039455, 0.00073670281563, 0.00090196041856, 0.00109931279439, 0.000616733799689, 0.000934241747018, 0.000615734781604, 0.000545247690752, 0.000343006366165, 0.000314535485813, 0.000476226414321, 0.000303691689624, 0.000420942844357, 0.000456975918496, 0.000290045398287, 0.000646102707833, 0.000540340726729, 0.000143877638038, 2.22821472562e-06],
        "median": [0.000557578168809, 0.0125734955072, 0.000305301888147, 0.000530846882612, 0.000801648478955, 0.000675464223605, 0.000208739395021, 0.000199621092179, 0.000169198261574, 0.0002557427797, 0.000155023037223, 0.000177920097485, 0.000126327417092, 0.000174585147761, 0.000125616177684, 0.000176998757524, 9.36946162255e-05, 7.53063868615e-05, 0.000142732882523, 4.9642589147e-05, 8.5643681814e-05, 8.89168150024e-05, 4.83268304379e-05, 8.34122474771e-05, 6.98955409462e-05, 1.95781067305e-05, 3.97285248255e-07],
        "min": [2.44683432441e-23, 9.44409823799e-23, 2.50395479593e-23, 3.28078237746e-24, 4.20547523035e-23, 2.62411614005e-23, 3.74881185647e-23, 4.00910440076e-23, 7.14275621245e-23, 1.31542290888e-22, 4.05477976272e-23, 9.66351958323e-23, 1.23571387866e-22, 2.3024215028e-23, 1.57867210384e-22, 1.88242962183e-22, 1.54936598432e-22, 2.06244957367e-22, 3.29744842881e-22, 2.99879805943e-22, 4.2150403266e-22, 4.91893674714e-22, 5.89016159394e-22, 8.1604018001e-22, 1.49655138069e-21, 1.84640889499e-21, 2.31680849555e-21],
        "stdev": [0.0189920086414, 0.0498493351042, 0.0105976918712, 0.00388049986213, 0.00290294224396, 0.00386502058245, 0.00329812872224, 0.00337798823602, 0.00131903693546, 0.0016857185401, 0.00362580362707, 0.00356881855987, 0.00149611395318, 0.00206813658588, 0.00136360770557, 0.000865215726662, 0.000852665165439, 0.000857378006913, 0.000851644144859, 0.00107666605618, 0.000963155762292, 0.00110544962808, 0.000901051331311, 0.00222079106607, 0.00192105246242, 0.000466636411147, 8.68559072842e-06],
        "var": [0.000360696401913, 0.00248495629057, 0.000112311063276, 1.50582800416e-05, 8.4270741354e-06, 1.4938384993e-05, 1.08776530396e-05, 1.14108052003e-05, 1.73985847596e-06, 2.84164707409e-06, 1.31464512378e-05, 1.27364664877e-05, 2.23835695579e-06, 4.27718850915e-06, 1.85942599273e-06, 7.48598267819e-07, 7.27037843262e-07, 7.35097046345e-07, 7.25297752524e-07, 1.15920988719e-06, 9.27669077555e-07, 1.22201879549e-06, 8.11893471564e-07, 4.93191282658e-06, 3.69044278159e-06, 2.17749544618e-07, 7.54394810509e-11]
    },
    "erbbands": {
        "dmean": [0.582890152931, 2.91999363899, 4.08247518539, 3.85711336136, 6.0154042244, 2.69806575775, 4.02493858337, 17.5421276093, 20.2406654358, 11.9951400757, 15.2078695297, 8.73976421356, 18.9637680054, 17.0485401154, 31.2319793701, 37.7260742188, 22.694480896, 33.7020301819, 25.873008728, 17.4217510223, 17.3903598785, 13.2095766068, 12.2555418015, 17.3136005402, 12.332575798, 12.7200927734, 18.7811145782, 17.1690788269, 15.8085784912, 9.66827583313, 6.90461921692, 11.3384933472, 8.0226020813, 6.44302034378, 2.69719314575, 0.781747698784, 0.166749954224, 0.0155553342775, 0.000375308765797, 4.27140730608e-05],
        "dmean2": [0.894120037556, 4.12467765808, 6.86894035339, 6.88695764542, 9.78664207458, 4.34294319153, 6.81463623047, 28.945848465, 32.4761314392, 19.2398719788, 22.7329216003, 13.8841581345, 28.9096336365, 26.8228130341, 46.7815856934, 56.6230163574, 34.3387069702, 50.3665618896, 40.4998130798, 25.5426082611, 24.9014282227, 19.1431331635, 17.4976482391, 25.0308609009, 17.9336948395, 20.2232570648, 29.9834823608, 26.7177314758, 23.9668445587, 14.2342844009, 9.96544837952, 16.1288013458, 11.7507886887, 10.0150690079, 4.05868864059, 1.09818410873, 0.225124612451, 0.0223106071353, 0.000533493759576, 6.00309031142e-05],
        "dvar": [1.61397898197, 68.1083221436, 287.854614258, 216.320373535, 176.882629395, 31.9642734528, 85.6234664917, 1453.55041504, 2452.20849609, 1846.08813477, 1839.94506836, 475.377227783, 2205.86254883, 3097.98535156, 14659.8759766, 14871.1503906, 3317.00732422, 6106.74462891, 3279.05712891, 1268.42773438, 981.067382812, 1384.12426758, 2014.33056641, 1446.09692383, 640.711791992, 2215.38574219, 2321.36938477, 1273.31286621, 1204.30041504, 490.744262695, 406.865478516, 1463.45178223, 726.797729492, 535.401794434, 91.6131973267, 5.29944419861, 0.252661973238, 0.00231897062622, 1.16061801236e-06, 5.28206056671e-09],
        "dvar2": [3.68118143082, 133.102401733, 767.010192871, 619.73260498, 478.660552979, 77.206489563, 191.585464478, 3837.28100586, 5962.93066406, 4945.18115234, 3784.43310547, 1237.83837891, 5023.10351562, 7885.37158203, 33329.0859375, 29665.8828125, 7216.78662109, 13248.9472656, 7986.83447266, 2419.74291992, 1861.75036621, 2550.7355957, 4533.7734375, 2761.97509766, 1206.96032715, 4656.27734375, 5700.45996094, 2904.58081055, 2501.43286133, 1011.71624756, 731.382324219, 2553.95947266, 1585.35339355, 1256.953125, 200.246490479, 9.1854133606, 0.439320415258, 0.00407477561384, 2.01215561901e-06, 9.42047151398e-09],
        "max": [18.0489406586, 81.8267822266, 167.854736328, 173.972930908, 208.300811768, 83.7647018433, 142.176239014, 474.89855957, 778.834350586, 755.4140625, 944.386901855, 298.695037842, 696.374572754, 729.619018555, 2005.81225586, 1999.04150391, 925.283203125, 1114.56420898, 931.220703125, 630.045410156, 478.910980225, 706.221618652, 613.724182129, 438.97756958, 284.614532471, 986.661499023, 517.12689209, 461.979095459, 489.604797363, 350.192840576, 309.041259766, 497.519989014, 417.064971924, 368.572631836, 143.055923462, 39.398349762, 8.28334999084, 0.840784013271, 0.0171602480114, 0.000781266193371],
        "mean": [1.64026141167, 4.60359239578, 3.62824702263, 3.60924553871, 8.34296989441, 3.6436753273, 4.677546978, 21.0448722839, 24.1099720001, 14.2780275345, 21.9873886108, 13.5132722855, 28.0679931641, 21.7410850525, 37.6209526062, 46.4840164185, 31.8939914703, 47.959186554, 37.3534049988, 29.1039619446, 29.034658432, 19.2169418335, 16.2900657654, 25.6500072479, 17.5614242554, 13.4000644684, 16.9973697662, 17.2445411682, 16.8463096619, 10.6675214767, 8.51578712463, 14.3619651794, 9.61300086975, 7.11190795898, 3.11061453819, 0.957658290863, 0.209492370486, 0.0195163600147, 0.000500715104863, 0.000102648918983],
        "median": [0.679140686989, 0.823716878891, 0.420430362225, 1.32009410858, 3.45652842522, 1.56869542599, 1.77467179298, 6.52480983734, 5.04841470718, 3.23131942749, 4.8121805191, 4.22671747208, 9.03583526611, 5.28705978394, 7.38484954834, 8.2121925354, 7.61435031891, 9.48422431946, 7.9632191658, 8.03058433533, 10.0828065872, 6.53781032562, 4.37135696411, 6.48486042023, 6.2651348114, 2.68379068375, 2.5323638916, 3.85006403923, 3.38967943192, 2.1109893322, 1.36289739609, 1.59586393833, 1.33092546463, 0.918199777603, 0.364123106003, 0.120071850717, 0.0295884404331, 0.00377735006623, 0.000128851941554, 7.21300311852e-05],
        "min": [5.08342754923e-21, 1.24151465437e-20, 2.52876464179e-20, 2.26303755521e-20, 1.67645082487e-20, 1.58484419095e-19, 3.03282230226e-19, 1.86816233954e-19, 5.98194271532e-19, 5.07926481127e-19, 1.06542300123e-18, 1.67634603143e-18, 2.02411240648e-18, 4.52049572549e-18, 2.56563674104e-18, 3.49315146677e-18, 4.97946267863e-18, 3.28850822399e-18, 4.2308414768e-18, 1.10062799422e-17, 8.31945421036e-18, 1.01579028264e-17, 1.12320489642e-17, 1.82559042432e-17, 1.0773544405e-17, 1.57217768796e-17, 1.34377128327e-17, 1.87627575092e-17, 1.66862578933e-17, 1.58099692222e-17, 1.75791216096e-17, 1.79836476707e-17, 1.29885653406e-17, 1.41632346023e-17, 1.24081393222e-17, 6.81125662667e-18, 3.39044789473e-18, 1.49271989705e-18, 3.18987029637e-19, 3.0538758583e-20],
        "stdev": [2.10372591019, 10.7295274734, 14.6783246994, 11.4887533188, 13.9082870483, 6.46135616302, 10.2250833511, 39.7841567993, 62.8266448975, 49.5441398621, 67.6022186279, 26.6173210144, 61.331943512, 62.5262641907, 139.206497192, 148.296554565, 73.1193466187, 110.18409729, 74.0978164673, 52.6674880981, 45.0352668762, 44.6394424438, 47.7874107361, 50.1439437866, 31.7034282684, 48.3392219543, 45.9055976868, 37.880027771, 40.8379974365, 27.4359378815, 28.1461238861, 52.126411438, 33.1245651245, 25.7567558289, 11.0785751343, 3.10231304169, 0.705743849277, 0.0648705437779, 0.00145565695129, 0.000114414338896],
        "var": [4.42566299438, 115.122764587, 215.453216553, 131.991455078, 193.440444946, 41.7491226196, 104.552322388, 1582.7791748, 3947.1875, 2454.62182617, 4570.06005859, 708.481811523, 3761.60742188, 3909.53369141, 19378.4472656, 21991.8671875, 5346.43896484, 12140.5351562, 5490.48681641, 2773.86425781, 2028.1751709, 1992.6796875, 2283.63647461, 2514.41503906, 1005.10742188, 2336.68041992, 2107.32397461, 1434.89648438, 1667.74206543, 752.730651855, 792.204284668, 2717.16259766, 1097.23669434, 663.410461426, 122.734832764, 9.62434577942, 0.498074412346, 0.00420818757266, 2.11893711821e-06, 1.30906414597e-08]
    },
    "gfcc": {
        "mean": [9.37469768524, 72.14427948, -100.416847229, 35.5024528503, -52.3146476746, 30.9185695648, -35.1693763733, 16.9577789307, -20.1421108246, 11.5247840881, -10.8312177658, 4.80579996109, -6.35563611984],
        "cov": [[5883.92382812, -837.34185791, -403.275360107, 378.632202148, -126.183029175, 113.602828979, -166.695877075, 138.077056885, -5.47774028778, 248.471481323, 63.7053604126, 178.64453125, -47.9068832397], [-837.34185791, 1880.9161377, -331.872406006, -319.802825928, 541.458740234, -201.815368652, 58.1663208008, -11.4270896912, 214.087341309, -205.32144165, 175.114334106, 37.916973114, 41.8716964722], [-403.275360107, -331.872406006, 870.294677734, 114.914093018, -113.801612854, 221.340194702, 195.737411499, 81.7446289062, -82.3956375122, 35.1575622559, -33.5602416992, 1.31148886681, 63.2706985474], [378.632202148, -319.802825928, 114.914093018, 598.383911133, -17.2272377014, 29.9836044312, 89.2780456543, -95.9057159424, 89.7157669067, 69.8003463745, -28.8903408051, -35.7153091431, 83.7866592407], [-126.183029175, 541.458740234, -113.801612854, -17.2272377014, 461.002807617, -70.1991577148, -50.6203041077, 27.3577880859, 125.903266907, -25.7547607422, 81.2200393677, 12.3139648438, 20.3933086395], [113.602828979, -201.815368652, 221.340194702, 29.9836044312, -70.1991577148, 263.750549316, 172.547271729, 62.1500396729, -4.54234838486, 63.1303520203, 35.8413887024, 1.94821250439, 18.2130012512], [-166.695877075, 58.1663208008, 195.737411499, 89.2780456543, -50.6203041077, 172.547271729, 422.266723633, 92.6478118896, 55.1786499023, 28.7301959991, 58.8482398987, 11.6990966797, 55.5878639221], [138.077056885, -11.4270896912, 81.7446289062, -95.9057159424, 27.3577880859, 62.1500396729, 92.6478118896, 183.809082031, 15.4766349792, 8.76520061493, 47.3450050354, 21.9656677246, 6.31444120407], [-5.47774028778, 214.087341309, -82.3956375122, 89.7157669067, 125.903266907, -4.54234838486, 55.1786499023, 15.4766349792, 194.624557495, 42.8339118958, 57.930557251, -0.496398508549, 41.399143219], [248.471481323, -205.32144165, 35.1575622559, 69.8003463745, -25.7547607422, 63.1303520203, 28.7301959991, 8.76520061493, 42.8339118958, 167.056838989, 51.7613525391, -0.524949550629, 15.6803159714], [63.7053604126, 175.114334106, -33.5602416992, -28.8903408051, 81.2200393677, 35.8413887024, 58.8482398987, 47.3450050354, 57.930557251, 51.7613525391, 174.105422974, 46.7339553833, 19.9623718262], [178.64453125, 37.916973114, 1.31148886681, -35.7153091431, 12.3139648438, 1.94821250439, 11.6990966797, 21.9656677246, -0.496398508549, -0.524949550629, 46.7339553833, 102.961967468, 24.4518756866], [-47.9068832397, 41.8716964722, 63.2706985474, 83.7866592407, 20.3933086395, 18.2130012512, 55.5878639221, 6.31444120407, 41.399143219, 15.6803159714, 19.9623718262, 24.4518756866, 105.593955994]],
        "icov": [[0.000281971268123, -7.89842670201e-05, 0.000275423401035, -0.000476293585962, 0.000111709428893, -0.000332091440214, 0.000320366903907, -0.000638927565888, 0.000258084910456, -0.000427103426773, 0.000226258169278, -0.000726374273654, 0.000365075713489], [-7.89842670201e-05, 0.00188740808517, -0.000104360617115, 0.00152732408606, -0.00146290264092, 0.00107437872794, -0.00122619699687, 0.00184455548879, -0.001487169764, 0.00225494429469, -0.00154475972522, 0.000803965784144, -0.000947130669374], [0.000275423401035, -0.000104360617115, 0.00206751050428, -0.000838153995574, 9.67301548371e-06, -0.00147443858441, 6.43159874016e-05, -0.00131340115331, 0.0014265232021, -0.00058365042787, 0.000851930875797, -0.000701568322256, -0.000581513391808], [-0.000476293585962, 0.00152732408606, -0.000838153995574, 0.00445301225409, -0.00120367610361, 0.00146168388892, -0.00192382792011, 0.0039842016995, -0.00254655978642, 0.00146552943625, -0.000862163375132, 0.00233047478832, -0.00269391620532], [0.000111709428893, -0.00146290264092, 9.67301548371e-06, -0.00120367610361, 0.00437599187717, -0.000448244885774, 0.00177218357567, -0.00200207554735, -0.00094179273583, -0.000555213715415, -0.000254572514677, -0.000393814611016, 0.000590048672166], [-0.000332091440214, 0.00107437872794, -0.00147443858441, 0.00146168388892, -0.000448244885774, 0.00774103356525, -0.00300582451746, 0.00103551673237, -0.000581786793191, -0.000283384782961, -0.00176623137668, 0.00161492719781, -0.000351106980816], [0.000320366903907, -0.00122619699687, 6.43159874016e-05, -0.00192382792011, 0.00177218357567, -0.00300582451746, 0.00521713495255, -0.00311441044323, -0.000107521867903, -0.000536026840564, 0.000123078527395, -0.000926547625568, 4.85688833578e-05], [-0.000638927565888, 0.00184455548879, -0.00131340115331, 0.0039842016995, -0.00200207554735, 0.00103551673237, -0.00311441044323, 0.0108301052824, -0.00261001405306, 0.0027096378617, -0.00258810049854, 0.00161383184604, -0.00145929376595], [0.000258084910456, -0.001487169764, 0.0014265232021, -0.00254655978642, -0.00094179273583, -0.000581786793191, -0.000107521867903, -0.00261001405306, 0.0103905256838, -0.00388842122629, 0.000387653621146, 3.25916444126e-05, -0.00120951596182], [-0.000427103426773, 0.00225494429469, -0.00058365042787, 0.00146552943625, -0.000555213715415, -0.000283384782961, -0.000536026840564, 0.0027096378617, -0.00388842122629, 0.0115310419351, -0.0048778266646, 0.00258895987645, -0.00149002589751], [0.000226258169278, -0.00154475972522, 0.000851930875797, -0.000862163375132, -0.000254572514677, -0.00176623137668, 0.000123078527395, -0.00258810049854, 0.000387653621146, -0.0048778266646, 0.0108566535637, -0.00470616482198, 0.000942332262639], [-0.000726374273654, 0.000803965784144, -0.000701568322256, 0.00233047478832, -0.000393814611016, 0.00161492719781, -0.000926547625568, 0.00161383184604, 3.25916444126e-05, 0.00258895987645, -0.00470616482198, 0.0145526826382, -0.00476582208648], [0.000365075713489, -0.000947130669374, -0.000581513391808, -0.00269391620532, 0.000590048672166, -0.000351106980816, 4.85688833578e-05, -0.00145929376595, -0.00120951596182, -0.00149002589751, 0.000942332262639, -0.00476582208648, 0.0141266621649]]
    },
    "melbands": {
        "dmean": [0.00439763953909, 0.00238873320632, 0.000734255474526, 0.000313941156492, 0.000125634032884, 0.000387830426916, 0.000283353117993, 0.000137175549753, 0.000112634050311, 5.92614960624e-05, 9.47978260228e-05, 6.46125336061e-05, 0.000111371591629, 0.000116233612061, 5.85572815908e-05, 5.21527908859e-05, 6.60885489197e-05, 4.50296975032e-05, 2.96408725262e-05, 2.30073655985e-05, 2.12992254092e-05, 1.55272282427e-05, 9.46879936237e-06, 1.20170516311e-05, 1.50754995047e-05, 1.20767417684e-05, 6.48966033623e-06, 9.72072848526e-06, 1.21792936625e-05, 1.16884966701e-05, 9.47707212617e-06, 9.33590035856e-06, 7.96456788521e-06, 4.28562952948e-06, 3.07254549625e-06, 6.49973708278e-06, 7.11479469828e-06, 5.45361308468e-06, 5.95767505729e-06, 5.45720331502e-06],
        "dmean2": [0.00659084040672, 0.00361972325481, 0.00126931723207, 0.00050133530749, 0.000209485951927, 0.000632774434052, 0.000454652239569, 0.000214541316382, 0.000170680868905, 9.46455184021e-05, 0.000145522280945, 0.000102673846413, 0.000169184655533, 0.000178841262823, 8.87404166861e-05, 8.21159119369e-05, 0.000100327801192, 7.17594739399e-05, 4.54529472336e-05, 3.36490520567e-05, 3.10624454869e-05, 2.33197624766e-05, 1.37916413223e-05, 1.74872384378e-05, 2.2104508389e-05, 1.7496806322e-05, 9.73923579295e-06, 1.59366627486e-05, 2.00381364266e-05, 1.88167778106e-05, 1.48661529238e-05, 1.43362985909e-05, 1.20796721603e-05, 6.46717535346e-06, 4.56880570709e-06, 9.8392711152e-06, 1.00154693428e-05, 8.21257617645e-06, 9.14439351618e-06, 8.53972233017e-06],
        "dvar": [9.28608060349e-05, 6.87218125677e-05, 5.92458263782e-06, 4.1524651806e-07, 7.36580645366e-08, 6.73842180277e-07, 4.41491408765e-07, 2.4512132768e-07, 9.6579420017e-08, 2.29273542374e-08, 5.6777764712e-08, 4.65979361763e-08, 2.1852520149e-07, 1.54483743131e-07, 2.27288499133e-08, 1.79189729721e-08, 2.40623183601e-08, 9.59012247392e-09, 5.95672400294e-09, 1.70302494329e-09, 1.65636637739e-09, 2.05251682317e-09, 8.82383333067e-10, 1.6587912155e-09, 1.0814030782e-09, 5.72545122424e-10, 2.78900319506e-10, 1.736480848e-09, 1.22178234196e-09, 6.97564783714e-10, 3.92463922472e-10, 4.26012586319e-10, 3.24635429649e-10, 1.08418350686e-10, 6.23642942843e-11, 5.98388061324e-10, 5.84803983017e-10, 3.62397500897e-10, 4.01062488775e-10, 4.41960440467e-10],
        "dvar2": [0.000190530496184, 0.000158216658747, 1.68663664226e-05, 1.06567642888e-06, 1.68337663808e-07, 1.7608916778e-06, 1.0745027339e-06, 6.17081866494e-07, 2.07503532579e-07, 6.05027068445e-08, 1.31243950818e-07, 1.21590375102e-07, 4.99748296079e-07, 3.15139260465e-07, 4.73363712672e-08, 3.8556670745e-08, 5.23292627008e-08, 2.38438992994e-08, 1.33122215473e-08, 3.08528691484e-09, 3.29812377409e-09, 3.84994658376e-09, 1.7353667392e-09, 3.63722163499e-09, 2.08167438842e-09, 1.14872822365e-09, 5.95927585056e-10, 3.66577301847e-09, 2.9454971795e-09, 1.72209180249e-09, 8.77935002475e-10, 8.89395113113e-10, 6.78977984947e-10, 2.29857979872e-10, 1.14764461823e-10, 1.11209075282e-09, 1.03828001752e-09, 7.88888343539e-10, 9.35967747751e-10, 1.05354969193e-09],
        "max": [0.118717506528, 0.0758810266852, 0.0296568460763, 0.0103110074997, 0.00403100810945, 0.0117753464729, 0.0101234782487, 0.00898594222963, 0.00665079802275, 0.0020622969605, 0.00341946678236, 0.00285831606016, 0.00788569264114, 0.00533032137901, 0.00187828426715, 0.00209238938987, 0.00202980148606, 0.00122782820836, 0.00168264901731, 0.000758185691666, 0.00070750771556, 0.000851175107528, 0.000508340832312, 0.000541017856449, 0.000374952243874, 0.000266284449026, 0.000229481753195, 0.000937248347327, 0.000470643077279, 0.000256294675637, 0.000288404204184, 0.00030357891228, 0.000220874062506, 0.000167471866007, 0.000131663851789, 0.000354514166247, 0.000356449076207, 0.000303014967358, 0.000310802948661, 0.000326671783114],
        "mean": [0.0124168312177, 0.00312470109202, 0.000798300548922, 0.000441083160695, 0.000147516708239, 0.000475103588542, 0.000333766074618, 0.000167925682035, 0.000162606011145, 8.7523869297e-05, 0.000138253875775, 7.93227445683e-05, 0.000126408311189, 0.000136838134495, 7.92319333414e-05, 7.01812532498e-05, 8.98994403542e-05, 6.08635637036e-05, 4.20095020672e-05, 3.78315271519e-05, 3.35172007908e-05, 2.14478932321e-05, 1.30742246256e-05, 1.5580051695e-05, 2.18476088776e-05, 1.66829431691e-05, 7.96803487901e-06, 9.4460137916e-06, 1.06747202153e-05, 1.08917201942e-05, 9.63774709817e-06, 9.69021948549e-06, 8.61864737089e-06, 4.67666404802e-06, 3.60283320333e-06, 8.11386235e-06, 8.97097288544e-06, 6.45925774734e-06, 6.74501734466e-06, 5.82299435337e-06],
        "median": [0.00566114112735, 0.00040812586667, 0.000321143423207, 0.000195105210878, 5.55338738195e-05, 0.000149093510117, 7.24955098121e-05, 3.09677307087e-05, 3.67352331523e-05, 2.49717231782e-05, 4.48097744083e-05, 1.93775704247e-05, 2.1691499569e-05, 2.10735925066e-05, 1.87574478332e-05, 1.41848204294e-05, 1.67061953107e-05, 1.16886394608e-05, 9.4708702818e-06, 1.19566630019e-05, 1.04368627944e-05, 5.86991609453e-06, 3.54583198714e-06, 3.60645094588e-06, 4.88295154355e-06, 4.94999630973e-06, 2.48450282925e-06, 1.28272154143e-06, 1.31015781335e-06, 1.82496319212e-06, 2.22761786972e-06, 1.80862446086e-06, 1.54135796038e-06, 9.23297420741e-07, 6.4384983034e-07, 8.94376398719e-07, 9.34992954171e-07, 8.35192054183e-07, 8.54068048284e-07, 6.47898559691e-07],
        "min": [3.5774103678e-23, 1.30385967529e-23, 3.58650088532e-24, 5.2633765951e-24, 1.12046828972e-23, 4.91600287877e-24, 8.48284692806e-24, 6.01777335066e-24, 8.5258619355e-24, 1.1120542993e-23, 1.04799603279e-23, 1.92843958703e-23, 7.08476610068e-24, 9.09355306417e-24, 9.72051604581e-24, 1.31688014008e-23, 4.61047113372e-24, 4.07541754729e-24, 1.64690443851e-23, 1.36191739245e-23, 8.07963724244e-24, 9.36477764288e-24, 1.42151252062e-23, 7.15315560799e-24, 1.65483059734e-23, 9.21059320123e-24, 7.90795034388e-24, 1.08890896257e-23, 6.77198117404e-24, 9.95003354846e-24, 1.17196489295e-23, 1.01290103106e-23, 8.80498616732e-24, 8.15877182414e-24, 1.03484745699e-23, 9.82546925608e-24, 1.24705427483e-23, 1.0428996758e-23, 7.69276959932e-24, 1.3368926735e-23],
        "stdev": [0.0160448402166, 0.00903896894306, 0.00196797703393, 0.00072420242941, 0.000303361914121, 0.000889220100362, 0.000837413652334, 0.000603979453444, 0.000487965502543, 0.000185009776033, 0.000305003981339, 0.000230260979151, 0.000529621553142, 0.00047153342166, 0.000189911719644, 0.000171076899278, 0.000213350183913, 0.000124105470604, 9.38891389524e-05, 6.41536753392e-05, 5.51130651729e-05, 5.3026182286e-05, 3.49948495568e-05, 4.48456667073e-05, 4.3429179641e-05, 3.02415064652e-05, 1.89532493096e-05, 4.18133495259e-05, 3.29918730131e-05, 2.56349303527e-05, 2.13521543628e-05, 2.39504279307e-05, 2.16041971726e-05, 1.25583273984e-05, 1.08729118438e-05, 3.21593033732e-05, 3.28603491653e-05, 2.34831841226e-05, 2.31722060562e-05, 2.25462335948e-05],
        "var": [0.000257436913671, 8.17029576865e-05, 3.87293357562e-06, 5.24469157881e-07, 9.20284435324e-08, 7.90712363141e-07, 7.01261626546e-07, 3.64791191032e-07, 2.38110331452e-07, 3.42286163857e-08, 9.30274310917e-08, 5.30201162974e-08, 2.80498994698e-07, 2.22343771838e-07, 3.60664600407e-08, 2.92673032476e-08, 4.55183020165e-08, 1.54021684295e-08, 8.81516992735e-09, 4.11569445191e-09, 3.0374498472e-09, 2.81177592321e-09, 1.22463950092e-09, 2.01113392606e-09, 1.88609372564e-09, 9.14548659026e-10, 3.59225676982e-10, 1.74835634859e-09, 1.08846365254e-09, 6.57149612504e-10, 4.55914472841e-10, 5.73623037958e-10, 4.66741312266e-10, 1.57711593785e-10, 1.18220211398e-10, 1.03422070907e-09, 1.07980258068e-09, 5.51459933273e-10, 5.3695115021e-10, 5.08332653748e-10]
    },
    "melbands128": {
