{
"lowlevel": {
    "average_loudness": 0.947837293148,
    "barkbands_crest": {
        "dmean": 2.6488134861,
        "dmean2": 3.90893721581,
        "dvar": 7.27031135559,
        "dvar2": 14.9074888229,
        "max": 26.5896701813,
        "mean": 10.5751972198,
        "median": 8.75886249542,
        "min": 2.36580348015,
        "stdev": 5.58584260941,
        "var": 31.2016353607
    },
    "barkbands_flatness_db": {
        "dmean": 0.0295122247189,
        "dmean2": 0.0395197272301,
        "dvar": 0.00102744111791,
        "dvar2": 0.00183048995677,
        "max": 0.464942097664,
        "mean": 0.143064513803,
        "median": 0.125552490354,
        "min": 0.0261237062514,
        "stdev": 0.0674211606383,
        "var": 0.00454561319202
    },
    "barkbands_kurtosis": {
        "dmean": 6.92622041702,
        "dmean2": 9.9384431839,
        "dvar": 1269.83740234,
        "dvar2": 2527.50244141,
        "max": 1179.67138672,
        "mean": 9.2708530426,
        "median": 1.1242723465,
        "min": -1.92317318916,
        "stdev": 47.7288513184,
        "var": 2278.04321289
    },
    "barkbands_skewness": {
        "dmean": 0.733961939812,
        "dmean2": 1.00043737888,
        "dvar": 1.18797516823,
        "dvar2": 1.96205282211,
        "max": 29.6372432709,
        "mean": 1.69485580921,
        "median": 1.22695112228,
        "min": -2.29507446289,
        "stdev": 2.22348403931,
        "var": 4.94388103485
    },
    "barkbands_spread": {
        "dmean": 7.56029224396,
        "dmean2": 10.8905124664,
        "dvar": 100.923072815,
        "dvar2": 206.6378479,
        "max": 102.103340149,
        "mean": 24.9872970581,
        "median": 23.2990207672,
        "min": 0.202811866999,
        "stdev": 16.5194282532,
        "var": 272.891479492
    },
    "dissonance": {
        "dmean": 0.0244928542525,
        "dmean2": 0.0400395542383,
        "dvar": 0.000494339677971,
        "dvar2": 0.00126697262749,
        "max": 0.499850362539,
        "mean": 0.453910112381,
        "median": 0.461995780468,
        "min": 0.283848434687,
        "stdev": 0.0326235964894,
        "var": 0.00106429902371
    },
    "dynamic_complexity": 2.6857688427,
    "erbbands_crest": {
        "dmean": 3.07555508614,
        "dmean2": 4.9212012291,
        "dvar": 6.97325181961,
        "dvar2": 18.3141269684,
        "max": 26.5336723328,
        "mean": 9.06311511993,
        "median": 8.34007263184,
        "min": 2.60205411911,
        "stdev": 3.84821677208,
        "var": 14.8087730408
    },
    "erbbands_flatness_db": {
        "dmean": 0.0206823125482,
        "dmean2": 0.0290009807795,
        "dvar": 0.00033915071981,
        "dvar2": 0.000670794746839,
        "max": 0.266007810831,
        "mean": 0.151298329234,
        "median": 0.151042088866,
        "min": 0.0588555671275,
        "stdev": 0.0385239608586,
        "var": 0.00148409546819
    },
    "erbbands_kurtosis": {
        "dmean": 1.12991309166,
        "dmean2": 1.72214400768,
        "dvar": 1.66408371925,
        "dvar2": 3.61011099815,
        "max": 13.1722202301,
        "mean": 0.856025695801,
        "median": 0.389948368073,
        "min": -1.70589578152,
        "stdev": 1.92593944073,
        "var": 3.70924258232
    },
    "erbbands_skewness": {
        "dmean": 0.433510988951,
        "dmean2": 0.636616706848,
        "dvar": 0.159378886223,
        "dvar2": 0.306677609682,
        "max": 2.98459029198,
        "mean": 0.180358275771,
        "median": 0.23821733892,
        "min": -3.51562094688,
        "stdev": 0.778363287449,
        "var": 0.605849385262
    },
    "erbbands_spread": {
        "dmean": 10.8648443222,
        "dmean2": 16.2905864716,
        "dvar": 162.264190674,
        "dvar2": 371.056518555,
        "max": 146.091781616,
        "mean": 37.4744758606,
        "median": 32.4829521179,
        "min": 8.1978225708,
        "stdev": 20.28931427,
        "var": 411.656311035
    },
    "hfc": {
        "dmean": 12.5400667191,
        "dmean2": 18.3213043213,
        "dvar": 449.930786133,
        "dvar2": 971.51373291,
        "max": 238.251815796,
        "mean": 26.4800949097,
        "median": 20.3815555573,
        "min": 1.17442071049e-16,
        "stdev": 27.468378067,
        "var": 754.511779785
    },
    "loudness_ebu128": {
        "integrated": -9.9319152832,
        "loudness_range": 3.78052139282,
        "momentary": {
            "dmean": 0.708720088005,
            "dmean2": 0.937607169151,
            "dvar": 0.342136889696,
            "dvar2": 0.510743796825,
            "max": -7.15432548523,
            "mean": -10.5349369049,
            "median": -9.76854991913,
            "min": -19.7668743134,
            "stdev": 2.60856199265,
            "var": 6.80459594727
        },
        "short_term": {
            "dmean": 0.0915095880628,
            "dmean2": 0.119819246233,
            "dvar": 0.00535559654236,
            "dvar2": 0.00847220420837,
            "max": -8.54679679871,
            "mean": -10.1559915543,
            "median": -9.12718868256,
            "min": -13.1451339722,
            "stdev": 1.61649692059,
            "var": 2.61306214333
        }
    },
    "melbands_crest": {
        "dmean": 3.12762951851,
        "dmean2": 4.5983042717,
        "dvar": 9.5825176239,
        "dvar2": 19.6617240906,
        "max": 36.1540908813,
        "mean": 14.7259492874,
        "median": 12.7612371445,
        "min": 1.89839100838,
        "stdev": 7.26514291763,
        "var": 52.7823028564
    },
    "melbands_flatness_db": {
        "dmean": 0.0384201593697,
        "dmean2": 0.0490321554244,
        "dvar": 0.0016840454191,
        "dvar2": 0.00309911533259,
        "max": 0.60654181242,
        "mean": 0.209579855204,
        "median": 0.1921197474,
        "min": 0.00537164788693,
        "stdev": 0.0889231339097,
        "var": 0.00790732353926
    },
    "melbands_kurtosis": {
        "dmean": 12.0545358658,
        "dmean2": 17.9599914551,
        "dvar": 1105.15124512,
        "dvar2": 2328.06445312,
        "max": 698.10534668,
        "mean": 20.1333599091,
        "median": 6.2698469162,
        "min": -1.67442512512,
        "stdev": 51.9572677612,
        "var": 2699.55761719
    },
    "melbands_skewness": {
        "dmean": 0.883927404881,
        "dmean2": 1.29388308525,
        "dvar": 1.30301511288,
        "dvar2": 2.60660362244,
        "max": 16.9316158295,
        "mean": 2.84158396721,
        "median": 2.21360898018,
        "min": -0.374330461025,
        "stdev": 2.42406439781,
        "var": 5.87608766556
    },
    "melbands_spread": {
        "dmean": 9.95192146301,
        "dmean2": 14.2415914536,
        "dvar": 253.611816406,
        "dvar2": 458.296508789,
        "max": 219.812789917,
        "mean": 28.1388816833,
        "median": 23.8290138245,
        "min": 0.250485748053,
        "stdev": 26.2672233582,
        "var": 689.967041016
    },
    "pitch_salience": {
        "dmean": 0.0813817679882,
        "dmean2": 0.120471186936,
        "dvar": 0.00796497426927,
        "dvar2": 0.0179812368006,
        "max": 0.850937902927,
        "mean": 0.508973181248,
        "median": 0.524665415287,
        "min": 0.0327056646347,
        "stdev": 0.163273647428,
        "var": 0.0266582854092
    },
    "silence_rate_20dB": {
        "dmean": 0,
        "dmean2": 0,
        "dvar": 0,
        "dvar2": 0,
        "max": 1,
        "mean": 1,
        "median": 1,
        "min": 1,
        "stdev": 0,
        "var": 0
    },
    "silence_rate_30dB": {
        "dmean": 0.0448916405439,
        "dmean2": 0.0898528248072,
        "dvar": 0.042876213789,
        "dvar2": 0.0817787796259,
        "max": 1,
        "mean": 0.899458646774,
        "median": 1,
        "min": 0,
        "stdev": 0.300720959902,
        "var": 0.0904330909252
    },
    "silence_rate_60dB": {
        "dmean": 0.0239938087761,
        "dmean2": 0.0480247884989,
        "dvar": 0.0234183352441,
        "dvar2": 0.0519154220819,
        "max": 1,
        "mean": 0.0378963649273,
        "median": 0,
        "min": 0,
        "stdev": 0.190942913294,
        "var": 0.0364591963589
    },
    "spectral_centroid": {
        "dmean": 373.013397217,
        "dmean2": 511.090057373,
        "dvar": 243899.609375,
        "dvar2": 411249,
        "max": 11271.8535156,
        "mean": 1499.79614258,
        "median": 1462.7623291,
        "min": 141.284194946,
        "stdev": 804.497802734,
        "var": 647216.6875
    },
    "spectral_complexity": {
        "dmean": 5.55572748184,
        "dmean2": 8.35708713531,
        "dvar": 53.0070075989,
        "dvar2": 102.012687683,
        "max": 61,
        "mean": 17.4230480194,
        "median": 16,
        "min": 0,
        "stdev": 10.4744253159,
        "var": 109.713592529
    },
    "spectral_decrease": {
        "dmean": 3.28256355431e-09,
        "dmean2": 3.85394205438e-09,
        "dvar": 2.33313786027e-17,
        "dvar2": 2.83020806115e-17,
        "max": 1.7013520684e-29,
        "mean": -9.91398607653e-09,
        "median": -6.02790040105e-09,
        "min": -6.09823800346e-08,
        "stdev": 1.13519851297e-08,
        "var": 1.28867566125e-16
    },
    "spectral_energy": {
        "dmean": 0.0131677398458,
        "dmean2": 0.0155161796138,
        "dvar": 0.000346016517142,
        "dvar2": 0.000440471136244,
        "max": 0.233876675367,
        "mean": 0.0398195721209,
        "median": 0.0249478071928,
        "min": 1.05881283294e-20,
        "stdev": 0.0435762628913,
        "var": 0.00189889071044
    },
    "spectral_energyband_high": {
        "dmean": 0.00100404804107,
        "dmean2": 0.00148672284558,
        "dvar": 4.17366572947e-06,
        "dvar2": 8.69954055815e-06,
        "max": 0.023502105847,
        "mean": 0.00134783226531,
        "median": 0.000513931387104,
        "min": 7.71916465802e-21,
        "stdev": 0.00250980886631,
        "var": 6.2991402956e-06
    },
    "spectral_energyband_low": {
        "dmean": 0.00940080918372,
        "dmean2": 0.0114696910605,
        "dvar": 0.000390016270103,
        "dvar2": 0.000498543435242,
        "max": 0.222699314356,
        "mean": 0.0239145681262,
        "median": 0.00877848826349,
        "min": 9.79279873947e-23,
        "stdev": 0.0412728823721,
        "var": 0.00170345080551
    },
    "spectral_energyband_middle_high": {
        "dmean": 0.00303931953385,
        "dmean2": 0.00446823472157,
        "dvar": 1.6064988813e-05,
        "dvar2": 3.48715839209e-05,
        "max": 0.0394001603127,
        "mean": 0.0070018125698,
        "median": 0.0043565640226,
        "min": 1.43284191375e-21,
        "stdev": 0.00723586883396,
        "var": 5.23577982676e-05
    },
    "spectral_energyband_middle_low": {
        "dmean": 0.00442871917039,
        "dmean2": 0.00733890151605,
        "dvar": 5.87927461311e-05,
        "dvar2": 0.000152323613293,
        "max": 0.0578738115728,
        "mean": 0.00840944610536,
        "median": 0.00637038564309,
        "min": 4.23317453487e-22,
        "stdev": 0.00793035607785,
        "var": 6.28905545454e-05
    },
    "spectral_entropy": {
        "dmean": 0.245738357306,
        "dmean2": 0.333689540625,
        "dvar": 0.0596527829766,
        "dvar2": 0.101331502199,
        "max": 9.80946159363,
        "mean": 7.5196428299,
        "median": 7.46419143677,
        "min": 6.04481172562,
        "stdev": 0.493572473526,
        "var": 0.243613779545
    },
    "spectral_flux": {
        "dmean": 0.0365039631724,
        "dmean2": 0.0488905236125,
        "dvar": 0.00140530662611,
        "dvar2": 0.00256647006609,
        "max": 0.415691643953,
        "mean": 0.100522764027,
        "median": 0.0856640487909,
        "min": 1.02898634058e-10,
        "stdev": 0.0653056576848,
        "var": 0.00426482921466
    },
    "spectral_kurtosis": {
        "dmean": 1.8332144022,
        "dmean2": 2.77263784409,
        "dvar": 6.59177732468,
        "dvar2": 15.399148941,
        "max": 35.850063324,
        "mean": 4.57970809937,
        "median": 3.88040208817,
        "min": -1.42442059517,
        "stdev": 3.71151947975,
        "var": 13.7753772736
    },
    "spectral_rms": {
        "dmean": 0.000958798278589,
        "dmean2": 0.00114909233525,
        "dvar": 1.18011769246e-06,
        "dvar2": 1.58699492658e-06,
        "max": 0.0151053760201,
        "mean": 0.00551947765052,
        "median": 0.00493348995224,
        "min": 3.21401325692e-12,
        "stdev": 0.00289545743726,
        "var": 8.38367395772e-06
    },
    "spectral_rolloff": {
        "dmean": 700.047058105,
        "dmean2": 1098.97766113,
        "dvar": 1615474.875,
        "dvar2": 2979755,
        "max": 18518.5546875,
        "mean": 1667.48400879,
        "median": 1205.859375,
        "min": 64.599609375,
        "stdev": 1923.91955566,
        "var": 3701466.5
    },
    "spectral_skewness": {
        "dmean": 0.295807301998,
        "dmean2": 0.421683818102,
        "dvar": 0.105838872492,
        "dvar2": 0.22395016253,
        "max": 4.23578214645,
        "mean": 1.63292527199,
        "median": 1.59225821495,
        "min": -0.273149460554,
        "stdev": 0.559709072113,
        "var": 0.313274234533
    },
    "spectral_spread": {
        "dmean": 787492.6875,
        "dmean2": 1080759.75,
        "dvar": 1.62448474112e+12,
        "dvar2": 2.39326252237e+12,
        "max": 40325900,
        "mean": 5035613.5,
        "median": 4763929.5,
        "min": 1402579.875,
        "stdev": 2046169.125,
        "var": 4.18680799232e+12
    },
    "spectral_strongpeak": {
        "dmean": 0.493068963289,
        "dmean2": 0.835790574551,
        "dvar": 0.808677077293,
        "dvar2": 2.07391119003,
        "max": 9.75155353546,
        "mean": 0.873446762562,
        "median": 0.416469722986,
        "min": 0,
        "stdev": 1.20190298557,
        "var": 1.4445707798
    },
    "zerocrossingrate": {
        "dmean": 0.0152954477817,
        "dmean2": 0.016468051821,
        "dvar": 0.000551082601305,
        "dvar2": 0.00054800795624,
        "max": 0.51220703125,
        "mean": 0.0615661107004,
        "median": 0.05322265625,
        "min": 0.00244140625,
        "stdev": 0.0495091117918,
        "var": 0.00245115207508
    },
    "barkbands": {
        "dmean": [0.000522399437614, 0.00916961207986, 0.0023055372294, 0.00110365648288, 0.00133018894121, 0.00102018029429, 0.000925379747059, 0.000802907801699, 0.000862088170834, 0.000601289095357, 0.000510589510668, 0.000802890048362, 0.000624920648988, 0.000592937460169, 0.000576562713832, 0.000365766929463, 0.000301552179735, 0.000271177705145, 0.000280827778624, 0.000277901475783, 0.000225402691285, 0.000165251709404, 0.000181606214028, 0.000200761380256, 0.00015877909027, 4.03216399718e-05, 2.28212934417e-06],
        "dmean2": [0.000591359392274, 0.0118517158553, 0.00402907468379, 0.00202603638172, 0.00226382329129, 0.00170041678939, 0.00152627460193, 0.00130919192452, 0.00129552849103, 0.000951472844463, 0.000829790020362, 0.00118530215696, 0.000988229294308, 0.00094428344164, 0.000875380879734, 0.000585902249441, 0.00045444391435, 0.000424219324486, 0.000438463204773, 0.00042880984256, 0.000365125568351, 0.000250990444329, 0.000278614839772, 0.000294779601973, 0.000227360185818, 5.8350389736e-05, 3.39760867973e-06],
        "dvar": [1.45713966049e-06, 0.000479276204715, 5.19150125911e-05, 8.06736170489e-06, 6.09345397606e-06, 2.6976879326e-06, 2.80846097667e-06, 3.28659848492e-06, 2.14098099605e-06, 1.34195408918e-06, 1.51368010393e-06, 2.1371827188e-06, 2.30299042414e-06, 1.65395704244e-06, 1.28514636799e-06, 7.20636592177e-07, 3.68350470126e-07, 2.30283788483e-07, 1.98907656568e-07, 2.57647258195e-07, 2.82467709667e-07, 1.29221021439e-07, 1.25453340161e-07, 2.79492155641e-07, 2.01293687496e-07, 1.76824475062e-08, 6.9386392465e-11],
        "dvar2": [1.76087394266e-06, 0.000750359205995, 0.00014494167408, 2.32208967645e-05, 1.71405172296e-05, 7.14753559805e-06, 7.08838206265e-06, 7.9842247942e-06, 4.73163163406e-06, 3.0420078474e-06, 3.45248827216e-06, 4.52113090432e-06, 5.83254313824e-06, 3.85328485208e-06, 2.65348239736e-06, 1.80179938525e-06, 7.27670908418e-07, 5.48648074528e-07, 4.6926160735e-07, 6.44278657091e-07, 7.11352242888e-07, 2.87701197976e-07, 2.98190570902e-07, 5.59800525934e-07, 3.64276473874e-07, 3.05797911437e-08, 1.37864678007e-10],
        "max": [0.0124307265505, 0.218444555998, 0.0592286288738, 0.0208943393081, 0.0241180490702, 0.0136316698045, 0.0212386194617, 0.0168657656759, 0.0140974540263, 0.0180911682546, 0.0138471610844, 0.0197839718312, 0.0242001339793, 0.0144713809714, 0.0175585001707, 0.0112105570734, 0.0127982450649, 0.00758505705744, 0.00391246192157, 0.00451756687835, 0.00416778074577, 0.00395500054583, 0.00280749704689, 0.0109100481495, 0.0110507747158, 0.00315112667158, 0.000192306484678],
        "mean": [0.000886213092599, 0.0195924304426, 0.00276613794267, 0.00120459997561, 0.0018508490175, 0.00149530044291, 0.00126597576309, 0.000860014639329, 0.0013125432888, 0.000850962300319, 0.000686871935613, 0.00136991147883, 0.000754478562158, 0.000826415955089, 0.000852409109939, 0.000478730071336, 0.000425517879194, 0.000383716454962, 0.000418463518145, 0.000404425314628, 0.000216458211071, 0.000187596684555, 0.000225063238759, 0.000243737376877, 0.000207187840715, 5.10755526193e-05, 2.46701847573e-06],
        "median": [0.000168800848769, 0.0050948257558, 0.00125473469961, 0.000640984624624, 0.00102823716588, 0.000882310268935, 0.000546695024241, 0.00018578505842, 0.000436885631643, 0.000272146455245, 0.000148379564052, 0.000287702045171, 0.000176946166903, 0.000181947427336, 0.000162786745932, 8.77090133145e-05, 9.19369631447e-05, 0.000129182910314, 0.000180096103577, 0.000184147735126, 4.59555376437e-05, 3.36972625519e-05, 7.92007049313e-05, 5.15374085808e-05, 5.63090179639e-05, 5.35116032552e-06, 1.92642900743e-07],
        "min": [6.00370835515e-24, 4.86651637201e-23, 4.61902609358e-23, 3.3694891946e-24, 3.81282571012e-23, 5.0536105129e-23, 7.98118724369e-23, 7.52001410979e-23, 1.35085286095e-22, 8.25191231568e-23, 8.17018885025e-23, 7.45506056503e-23, 5.87523786023e-23, 9.60756788803e-23, 1.48593677127e-22, 1.33812948118e-22, 1.47799376237e-22, 2.44961985538e-22, 2.57842253963e-22, 2.28578114465e-22, 4.09691566356e-22, 5.75405595097e-22, 4.98863368097e-22, 8.46883454957e-22, 1.27166993153e-21, 1.77128045819e-21, 2.46715806346e-21],
        "stdev": [0.00204635830596, 0.0390899479389, 0.00591516681015, 0.00223988597281, 0.00252969469875, 0.00179275579285, 0.00196012831293, 0.00191931216978, 0.00201062043197, 0.00148957967758, 0.00164644431788, 0.0024470705539, 0.00160225550644, 0.00168334436603, 0.0016759353457, 0.00112743792124, 0.000972954672761, 0.000603336084168, 0.000568609219044, 0.000567174109165, 0.000496570020914, 0.000416057126131, 0.000406781298807, 0.000679250166286, 0.000608469650615, 0.000183223586646, 1.01030391306e-05],
        "var": [4.1875819079e-06, 0.00152802397497, 3.49891997757e-05, 5.01708927914e-06, 6.39935524305e-06, 3.21397328662e-06, 3.84210261473e-06, 3.68375935977e-06, 4.04259481002e-06, 2.21884761231e-06, 2.71077874459e-06, 5.98815404373e-06, 2.56722273662e-06, 2.83364806819e-06, 2.80875929093e-06, 1.27111616166e-06, 9.46640795974e-07, 3.64014397292e-07, 3.23316442064e-07, 3.21686485449e-07, 2.46581777219e-07, 1.73103529733e-07, 1.65471021774e-07, 4.61380807337e-07, 3.70235341052e-07, 3.35708847388e-08, 1.02071393004e-10]
    },
    "erbbands": {
        "dmean": [0.305782824755, 2.19131922722, 2.78962349892, 3.16589355469, 3.34849715233, 4.96535682678, 6.38060235977, 9.26484394073, 12.1521615982, 17.7491493225, 15.2271032333, 17.9969005585, 22.474401474, 16.4619960785, 24.6625862122, 31.217092514, 26.4435825348, 29.8564968109, 24.1797542572, 25.0708408356, 20.7591819763, 15.2787132263, 14.0642900467, 13.106924057, 14.4269456863, 13.085108757, 10.3375587463, 7.90073156357, 6.19099712372, 5.02554416656, 5.32174062729, 4.41424798965, 3.15927124023, 2.21519756317, 0.907074987888, 0.268111675978, 0.0564990341663, 0.0087976437062, 0.000256312108831, 2.31386620726e-05],
        "dmean2": [0.350028246641, 2.92776870728, 4.35775947571, 5.69667959213, 5.84569311142, 8.50096607208, 10.6756877899, 15.5945005417, 20.2680931091, 28.4714698792, 24.726568222, 27.4816608429, 34.5977478027, 26.4011974335, 38.0646324158, 45.1598701477, 41.7284164429, 46.9052276611, 37.2694129944, 37.7285614014, 31.7347259521, 23.025384903, 21.91015625, 20.3370475769, 22.6550693512, 20.1440162659, 16.4487190247, 12.8111944199, 9.58817481995, 7.29502725601, 8.17455387115, 6.55169677734, 4.6691493988, 3.22533679008, 1.32051849365, 0.393478244543, 0.0808798223734, 0.013330440037, 0.000369044777472, 2.92119093501e-05],
        "dvar": [0.472947686911, 31.0807971954, 63.6741867065, 82.0087356567, 44.1414527893, 90.4785385132, 161.156860352, 230.278396606, 516.810241699, 1151.35058594, 1398.33972168, 1321.14526367, 1430.5357666, 1432.11889648, 2556.28173828, 3535.94824219, 4586.65234375, 3839.05419922, 2350.9987793, 3461.81567383, 1768.16796875, 850.117370605, 648.376342773, 418.263061523, 673.949645996, 496.788848877, 508.080535889, 400.682891846, 193.021148682, 100.889839172, 111.523475647, 100.915618896, 84.0434036255, 38.8247451782, 6.62088441849, 0.777446746826, 0.0319875106215, 0.00106596003752, 9.41529890497e-07, 1.50557522005e-09],
        "dvar2": [0.492171555758, 54.4888458252, 156.208221436, 232.85395813, 125.346206665, 252.384567261, 416.336181641, 614.998901367, 1395.25817871, 2736.29199219, 3389.34204102, 2869.67504883, 3523.39575195, 3071.74487305, 5436.296875, 6951.40673828, 11806.7314453, 8728.33496094, 5180.22363281, 8241.33105469, 3977.08374023, 1881.71203613, 1568.20153809, 1012.36047363, 1640.93188477, 1213.9510498, 1311.08447266, 975.732299805, 440.126464844, 200.842254639, 270.138885498, 209.930221558, 173.005187988, 75.7574691772, 11.4362154007, 1.37453210354, 0.0504506379366, 0.00199401611462, 1.80209235623e-06, 2.58339349912e-09],
        "max": [6.78407096863, 53.8851089478, 85.0893096924, 65.0067901611, 61.4834403992, 104.340057373, 128.96925354, 143.284301758, 299.450836182, 317.447296143, 459.656524658, 415.085571289, 501.684539795, 787.940795898, 704.382446289, 1000.355896, 1087.74768066, 743.239257812, 954.615722656, 1032.70117188, 642.570922852, 416.114746094, 377.021087646, 189.720031738, 224.8699646, 189.464141846, 198.812973022, 153.632232666, 141.510162354, 136.905395508, 91.6015548706, 166.54133606, 196.26133728, 152.334457397, 56.1634025574, 19.4740409851, 5.02434873581, 0.752323210239, 0.0239206757396, 0.000815536011942],
        "mean": [0.694078266621, 3.81322836876, 4.00053930283, 3.84042716026, 4.338763237, 6.97475719452, 7.76592254639, 13.6231708527, 17.0149230957, 23.3891220093, 16.9365882874, 26.1643562317, 36.3725852966, 23.5462760925, 40.4238471985, 51.9864845276, 36.0563659668, 46.060546875, 36.690826416, 36.9689331055, 31.5862121582, 22.1333122253, 20.2586021423, 21.1403636932, 20.6314697266, 19.4000034332, 11.933052063, 7.4778842926, 6.81639957428, 6.52757930756, 6.52388000488, 5.46725177765, 3.72080278397, 2.82437443733, 1.1743376255, 0.344465583563, 0.0714282691479, 0.0109309386462, 0.000317102181725, 5.88373150094e-05],
        "median": [0.130955219269, 1.05146586895, 1.97121441364, 2.33007216454, 2.68493843079, 3.00176310539, 3.3338997364, 7.33018493652, 8.56164550781, 6.83535575867, 4.18217325211, 8.89255237579, 18.0526027679, 10.2624044418, 12.7934083939, 14.9434156418, 11.3127183914, 12.2129497528, 8.3839635849, 7.33696842194, 6.48886632919, 5.40951061249, 6.68912172318, 10.5066995621, 9.47510147095, 8.86107349396, 4.55208444595, 1.25857532024, 1.19674134254, 1.56121897697, 2.4291677475, 1.45060741901, 0.707715570927, 0.785928368568, 0.249628424644, 0.0410004556179, 0.00881125684828, 0.00128324807156, 5.95761630393e-05, 3.56736127287e-05],
        "min": [1.25300889039e-21, 1.20911260037e-20, 4.53120556892e-20, 3.19659456389e-20, 3.89781786425e-20, 9.70584197837e-20, 6.73043105126e-19, 1.59186540338e-19, 4.76489016657e-19, 1.73658897505e-18, 1.9518614887e-18, 2.49869777036e-18, 3.66228756816e-18, 2.51499322843e-18, 3.04673139595e-18, 3.22519830145e-18, 2.77113301383e-18, 4.58359223543e-18, 6.782118776e-18, 7.31731166336e-18, 7.12396729416e-18, 1.007757449e-17, 1.09367959435e-17, 1.23826158372e-17, 1.47542336433e-17, 1.14220837838e-17, 8.97614876276e-18, 2.24926538575e-17, 1.95160725474e-17, 1.7549189252e-17, 1.71799374809e-17, 1.90756319584e-17, 1.24532893216e-17, 1.53665044609e-17, 8.08372262503e-18, 5.33974202161e-18, 3.90342974187e-18, 1.41508672182e-18, 3.56342195907e-19, 3.38982104692e-20],
        "stdev": [1.46670114994, 8.14970779419, 7.94587087631, 7.19887924194, 5.95859718323, 10.9818735123, 12.6614751816, 16.8454647064, 25.3118209839, 41.1172065735, 39.9752426147, 46.3418388367, 47.994758606, 48.0612792969, 76.0539321899, 93.8963165283, 71.267616272, 86.3923034668, 72.027961731, 72.5927352905, 68.9287796021, 42.564453125, 32.6953773499, 26.8439159393, 29.653470993, 26.1758022308, 21.869808197, 18.9738521576, 15.2771587372, 13.5846357346, 11.6409778595, 12.7805366516, 11.5379838943, 8.01807785034, 3.61920666695, 1.22580504417, 0.250664502382, 0.0433131568134, 0.00121924653649, 6.59451616229e-05],
        "var": [2.15121221542, 66.4177398682, 63.1368675232, 51.8238639832, 35.5048789978, 120.601547241, 160.312942505, 283.769683838, 640.688293457, 1690.62475586, 1598.02001953, 2147.56616211, 2303.49682617, 2309.88671875, 5784.20019531, 8816.51855469, 5079.07324219, 7463.63037109, 5188.02734375, 5269.70556641, 4751.17675781, 1811.73278809, 1068.98779297, 720.595825195, 879.328308105, 685.172668457, 478.288513184, 360.007080078, 233.391586304, 184.542327881, 135.512374878, 163.34211731, 133.125076294, 64.2895736694, 13.0986566544, 1.50259804726, 0.0628326907754, 0.0018760295352, 1.48656215515e-06, 4.34876445965e-09]
    },
    "gfcc": {
        "mean": [6.0517115593, 89.5111236572, -110.163269043, 34.6125640869, -55.7580528259, 26.8352661133, -35.9228210449, 17.5135002136, -25.2818202972, 6.03925561905, -5.50087404251, -1.67799043655, -7.74304628372],
        "cov": [[6392.40283203, -1492.23706055, -721.106628418, 315.835906982, -332.03817749, 309.144104004, -154.305801392, 240.481430054, -96.6349945068, 185.531860352, -152.031341553, 79.015663147, -167.821807861], [-1492.23706055, 1704.53637695, 49.3036117554, -174.868850708, 456.00378418, -12.4125080109, 240.323028564, -78.719367981, 94.6350402832, -106.394805908, 179.711959839, -152.106338501, 98.9281387329], [-721.106628418, 49.3036117554, 929.98449707, 145.698730469, -20.5942611694, 88.6862487793, 43.7125701904, 10.9768886566, 59.6091880798, 34.0137405396, -55.7870903015, 40.3007965088, -63.9294929504], [315.835906982, -174.868850708, 145.698730469, 375.414550781, 52.8003692627, -18.7436504364, -19.5334968567, 56.8650665283, 68.8565597534, 2.19799852371, -28.7803554535, 42.6157646179, 15.8698673248], [-332.03817749, 456.00378418, -20.5942611694, 52.8003692627, 378.299743652, 83.3480300903, 97.2145080566, 37.3786201477, 101.84740448, -16.293592453, 64.2990264893, -21.8776302338, 66.3134918213], [309.144104004, -12.4125080109, 88.6862487793, -18.7436504364, 83.3480300903, 310.428466797, 139.737045288, 21.0436420441, 22.9792194366, 53.3556632996, 51.8233184814, -20.4771747589, -21.1029281616], [-154.305801392, 240.323028564, 43.7125701904, -19.5334968567, 97.2145080566, 139.737045288, 257.571594238, 20.2298812866, 18.2296180725, 26.9904670715, 83.5649642944, -23.8818721771, 7.56991052628], [240.481430054, -78.719367981, 10.9768886566, 56.8650665283, 37.3786201477, 21.0436420441, 20.2298812866, 145.505508423, 60.4404678345, 18.21043396, 16.4233875275, 23.7922821045, 14.6485671997], [-96.6349945068, 94.6350402832, 59.6091880798, 68.8565597534, 101.84740448, 22.9792194366, 18.2296180725, 60.4404678345, 162.845703125, 33.7148666382, 9.15414237976, 36.7597999573, 28.7454795837], [185.531860352, -106.394805908, 34.0137405396, 2.19799852371, -16.293592453, 53.3556632996, 26.9904670715, 18.21043396, 33.7148666382, 101.470672607, 18.1031322479, 17.5036582947, -10.6792545319], [-152.031341553, 179.711959839, -55.7870903015, -28.7803554535, 64.2990264893, 51.8233184814, 83.5649642944, 16.4233875275, 9.15414237976, 18.1031322479, 138.815414429, -7.94926261902, 32.6358528137], [79.015663147, -152.106338501, 40.3007965088, 42.6157646179, -21.8776302338, -20.4771747589, -23.8818721771, 23.7922821045, 36.7597999573, 17.5036582947, -7.94926261902, 120.33581543, 19.9823760986], [-167.821807861, 98.9281387329, -63.9294929504, 15.8698673248, 66.3134918213, -21.1029281616, 7.56991052628, 14.6485671997, 28.7454795837, -10.6792545319, 32.6358528137, 19.9823760986, 96.167175293]],
        "icov": [[0.000359844358172, -0.000121203185699, 0.000517269421834, -0.000554778147489, 0.000341857405147, -0.000750379869714, 0.000333343021339, -0.000709123327397, 0.000529345707037, -0.000616579898633, 0.000550153199583, -0.000348871108145, 0.000528538948856], [-0.000121203185699, 0.00209045130759, -0.000784399861004, 0.00136889447458, -0.0019670818001, 0.00174971751403, -0.00140093127266, 0.00171134399716, -0.0017365597887, 0.00197384762578, -0.00186324166134, 0.0020389338024, -0.000572418211959], [0.000517269421834, -0.000784399861004, 0.00225701066665, -0.00162892311346, 0.0012035908876, -0.00185709283687, 0.000516578671522, -0.00118966179434, 0.000729187799152, -0.00136650376953, 0.00175907392986, -0.00146288017277, 0.00171918817796], [-0.000554778147489, 0.00136889447458, -0.00162892311346, 0.00484276935458, -0.002048504306, 0.00231109536253, -0.0010667933384, 0.000989805208519, -0.00223989645019, 0.00208249757998, -0.00116984464694, 0.0010631858604, -0.00132857612334], [0.000341857405147, -0.0019670818001, 0.0012035908876, -0.002048504306, 0.00658608181402, -0.00306465290487, 0.000664107385091, -0.00172696495429, -0.00102899293415, -0.000144125748193, 0.00122062000446, -0.000617678859271, -0.00123927032109], [-0.000750379869714, 0.00174971751403, -0.00185709283687, 0.00231109536253, -0.00306465290487, 0.00766001967713, -0.00358345243149, 0.00221382686868, -0.00184699031524, 0.00050163816195, -0.00271449703723, 0.00241029611789, 4.18411182181e-05], [0.000333343021339, -0.00140093127266, 0.000516578671522, -0.0010667933384, 0.000664107385091, -0.00358345243149, 0.00741249835119, -0.00190993119031, 0.00178004673216, -0.00201522116549, -0.0011392297456, -0.000887385918759, 0.000820611370727], [-0.000709123327397, 0.00171134399716, -0.00118966179434, 0.000989805208519, -0.00172696495429, 0.00221382686868, -0.00190993119031, 0.0110638663173, -0.00490887928754, 0.002350556897, -0.003043692559, 0.00135028455406, -0.00132976309396], [0.000529345707037, -0.0017365597887, 0.000729187799152, -0.00223989645019, -0.00102899293415, -0.00184699031524, 0.00178004673216, -0.00490887928754, 0.0126317506656, -0.00585485855117, 0.00307739782147, -0.00394603610039, -0.000173939508386], [-0.000616579898633, 0.00197384762578, -0.00136650376953, 0.00208249757998, -0.000144125748193, 0.00050163816195, -0.00201522116549, 0.002350556897, -0.00585485855117, 0.015879092738, -0.00426191603765, 0.000942755374126, 0.000415351125412], [0.000550153199583, -0.00186324166134, 0.00175907392986, -0.00116984464694, 0.00122062000446, -0.00271449703723, -0.0011392297456, -0.003043692559, 0.00307739782147, -0.00426191603765, 0.0128970649093, -0.00188788434025, -0.00202250666916], [-0.000348871108145, 0.0020389338024, -0.00146288017277, 0.0010631858604, -0.000617678859271, 0.00241029611789, -0.000887385918759, 0.00135028455406, -0.00394603610039, 0.000942755374126, -0.00188788434025, 0.0126489754766, -0.00373862171546], [0.000528538948856, -0.000572418211959, 0.00171918817796, -0.00132857612334, -0.00123927032109, 4.18411182181e-05, 0.000820611370727, -0.00132976309396, -0.000173939508386, 0.000415351125412, -0.00202250666916, -0.00373862171546, 0.0158349107951]]
    },
    "melbands": {
        "dmean": [0.0025930935517, 0.00164441484958, 0.00052651547594, 0.000270151533186, 0.000231987200095, 0.00020615948597, 0.000186247561942, 0.000189792117453, 0.000123771285871, 0.000122057521367, 0.000112016263301, 6.83029429638e-05, 7.88055258454e-05, 9.51423498918e-05, 6.24873719062e-05, 6.186804967e-05, 5.96886238782e-05, 3.93697046093e-05, 4.52069944004e-05, 2.79979904008e-05, 2.70161417575e-05, 1.7963040591e-05, 1.41349801197e-05, 1.26577851915e-05, 1.09946986413e-05, 1.25239903355e-05, 9.98087489279e-06, 8.53602796269e-06, 7.04923513695e-06, 5.46592264072e-06, 4.24024665335e-06, 3.77555079467e-06, 2.81961274595e-06, 2.84679117613e-06, 3.20985327562e-06, 2.91846436085e-06, 2.72070406027e-06, 2.4668338483e-06, 1.87026455478e-06, 1.91967819774e-06],
        "dmean2": [0.00320290005766, 0.00228397571482, 0.000937980774324, 0.000464143726276, 0.000389331864426, 0.000346739252564, 0.000309670635033, 0.000305087101879, 0.000200463691726, 0.000186060657143, 0.000173511260073, 0.000109627690108, 0.000122092940728, 0.000135497975862, 9.51748806983e-05, 0.000100591343653, 9.35884381761e-05, 6.26820838079e-05, 6.72841997584e-05, 4.55395893368e-05, 4.11153923778e-05, 2.79806736216e-05, 2.19657049456e-05, 2.02143291972e-05, 1.75038894668e-05, 1.96107775992e-05, 1.6227213564e-05, 1.3268564544e-05, 1.11510271381e-05, 8.97610152606e-06, 6.86598832544e-06, 5.978838999e-06, 4.21065942646e-06, 4.23610617872e-06, 5.02685225001e-06, 4.53703978565e-06, 3.97013900511e-06, 3.66672270502e-06, 2.83934537038e-06, 2.78250877273e-06],
        "dvar": [3.53219729732e-05, 1.75528803084e-05, 1.94660628949e-06, 2.66416293471e-07, 1.99763221076e-07, 1.13035312665e-07, 1.15023617298e-07, 1.35151921654e-07, 8.84773427856e-08, 5.10295024014e-08, 3.63971182082e-08, 2.53307455012e-08, 2.794641496e-08, 3.09887937533e-08, 1.47642564841e-08, 2.78951883814e-08, 1.77720362871e-08, 7.11533054698e-09, 8.651396044e-09, 5.44820544235e-09, 3.31587024505e-09, 1.37949118795e-09, 8.10200517787e-10, 4.54939225181e-10, 2.93474633484e-10, 4.56076648669e-10, 4.74063510669e-10, 1.91697699381e-10, 1.88164234194e-10, 2.06792860613e-10, 1.13845793903e-10, 7.92572604769e-11, 3.7467643571e-11, 3.08642868208e-11, 4.45040428121e-11, 3.07605399485e-11, 5.13386416712e-11, 7.03458055695e-11, 1.95317529511e-11, 3.34630552434e-11],
        "dvar2": [4.75686538266e-05, 3.19862301694e-05, 5.46533283341e-06, 7.6166082863e-07, 5.24334041074e-07, 3.00077573456e-07, 3.06331259026e-07, 3.23043849448e-07, 2.12872024008e-07, 1.14170418897e-07, 8.95611620422e-08, 5.42338618459e-08, 5.90984683413e-08, 6.35808703464e-08, 3.28711635689e-08, 7.35998568757e-08, 3.99131963036e-08, 1.6634805533e-08, 1.77534253964e-08, 1.43091032356e-08, 7.28440152642e-09, 3.05236635967e-09, 1.90512383647e-09, 1.16378418014e-09, 7.13941517017e-10, 1.08398379162e-09, 1.26677257573e-09, 4.51175846683e-10, 4.78617867561e-10, 5.22978715889e-10, 2.7441762751e-10, 1.87900958681e-10, 8.13089526264e-11, 6.23758406038e-11, 1.10720745072e-10, 7.36571012516e-11, 1.03536436369e-10, 1.51783904889e-10, 4.0673554802e-11, 6.47864262238e-11],
        "max": [0.0581933557987, 0.0428926572204, 0.0100797908381, 0.00524643948302, 0.00411121547222, 0.00297538936138, 0.00480115460232, 0.00331373582594, 0.00366834318265, 0.00235324376263, 0.0026472765021, 0.00333326309919, 0.00204188469797, 0.00224911724217, 0.00136913335882, 0.00298410374671, 0.00168400502298, 0.0014101859415, 0.00142502074596, 0.00126355595421, 0.000786971766502, 0.000538643740583, 0.000507576973177, 0.000248676515184, 0.000162350494065, 0.000188856458408, 0.000283640110865, 0.000139356357977, 0.000129072839627, 0.000116019487905, 7.90160338511e-05, 7.486443792e-05, 9.01014136616e-05, 7.18965020496e-05, 6.54072500765e-05, 4.20024189225e-05, 0.000147386133904, 0.000195162472664, 8.8025117293e-05, 0.000141663345858],
        "mean": [0.00582046201453, 0.00301500153728, 0.000672484340612, 0.000388717511669, 0.000292098528007, 0.000304711837089, 0.000264877919108, 0.000241130270297, 0.00013463277719, 0.000181093040737, 0.000179415466846, 8.88454233063e-05, 0.000118161566206, 0.000172244326677, 8.73888857313e-05, 7.55078799557e-05, 8.65997935762e-05, 5.3247098549e-05, 6.69867586112e-05, 3.33629941451e-05, 3.78283293685e-05, 2.31105987041e-05, 1.97879671759e-05, 1.79375219886e-05, 1.66183417605e-05, 1.72499167093e-05, 1.27584189613e-05, 1.28265119201e-05, 8.57265422383e-06, 4.7196599553e-06, 4.0417571654e-06, 3.94160088035e-06, 3.38309587278e-06, 3.73517173102e-06, 3.8565262912e-06, 3.5432246932e-06, 3.27735256178e-06, 2.77781123259e-06, 2.21445952775e-06, 2.46177683039e-06],
        "median": [0.00144118967, 0.00126209482551, 0.00042548176134, 0.000229438475799, 0.000123192978208, 0.000169219259988, 0.000136228714837, 6.74134644214e-05, 2.50647462963e-05, 6.39976497041e-05, 8.33916565171e-05, 3.04744007735e-05, 3.21072948282e-05, 3.32569652528e-05, 2.46127765422e-05, 1.8716627892e-05, 1.93641863007e-05, 1.03024503915e-05, 1.2261264601e-05, 6.29455371381e-06, 6.92862067808e-06, 4.98853160025e-06, 5.43861415281e-06, 5.98704855292e-06, 7.82028109825e-06, 6.75495948599e-06, 5.83232076679e-06, 5.55274391445e-06, 3.22242726725e-06, 6.71388988849e-07, 5.60565354135e-07, 6.83595089868e-07, 6.14681084699e-07, 8.94358493042e-07, 1.39352846418e-06, 1.24235248222e-06, 6.56046779568e-07, 3.95276742893e-07, 5.27131646777e-07, 6.80077789639e-07],
        "min": [1.30490310161e-23, 2.03150205548e-23, 6.23752869961e-24, 4.12329785436e-24, 1.87861276567e-23, 4.64859914786e-24, 1.0728497267e-23, 1.99891989129e-23, 1.69881653479e-23, 1.70036633092e-23, 1.81472733858e-23, 9.78747771489e-24, 1.01293353213e-23, 9.72686874268e-24, 7.24308417347e-24, 4.91671206473e-24, 9.00417827905e-24, 9.54769476528e-24, 1.27810242011e-23, 8.74716029638e-24, 7.16431720094e-24, 1.14195693966e-23, 6.59957641206e-24, 1.26175469779e-23, 9.31494451064e-24, 1.18337174276e-23, 8.49574243728e-24, 7.26396689935e-24, 4.46395402564e-24, 8.92247358851e-24, 1.35247598959e-23, 1.15384893892e-23, 1.00666729442e-23, 8.84205000809e-24, 9.49209979298e-24, 1.16868725478e-23, 1.11246174596e-23, 8.24352625094e-24, 9.67988813147e-24, 1.3852350164e-23],
        "stdev": [0.0117256883532, 0.0057006967254, 0.00113566720393, 0.000519141030964, 0.000450124120107, 0.000371124013327, 0.000383869017242, 0.000432353233919, 0.000323323853081, 0.000290600000881, 0.000240710520302, 0.000204130919883, 0.000249497534242, 0.000318441918353, 0.000154155670316, 0.000163601071108, 0.000181291194167, 0.000115749142424, 0.000139826079248, 7.7319527918e-05, 8.77110214788e-05, 5.11522885063e-05, 3.61737365893e-05, 2.65777634922e-05, 2.20226156671e-05, 2.6192776204e-05, 2.05659416679e-05, 1.72973541339e-05, 1.44470304804e-05, 1.30670050567e-05, 1.02710919236e-05, 9.22459548747e-06, 7.59271824791e-06, 7.69776397647e-06, 7.0282667366e-06, 6.33213858237e-06, 9.15346845431e-06, 1.00612560345e-05, 5.54468260816e-06, 7.33990373192e-06],
        "var": [0.000137491762871, 3.24979446304e-05, 1.28973999836e-06, 2.69507381745e-07, 2.0261173006e-07, 1.37733039196e-07, 1.47355422087e-07, 1.86929327128e-07, 1.04538315782e-07, 8.44483594165e-08, 5.79415555535e-08, 4.16694305727e-08, 6.22490219371e-08, 1.01405248643e-07, 2.37639721234e-08, 2.6765308192e-08, 3.28664988558e-08, 1.33978641514e-08, 1.9551332997e-08, 5.97830984717e-09, 7.69322294758e-09, 2.61655674905e-09, 1.30853927693e-09, 7.06377512039e-10, 4.84995599237e-10, 6.860614854e-10, 4.22957946444e-10, 2.99198471554e-10, 2.08716696704e-10, 1.70746611294e-10, 1.05495320812e-10, 8.50931547447e-11, 5.76493713877e-11, 5.92555657319e-11, 4.93965354731e-11, 4.00959786206e-11, 8.37859920333e-11, 1.01228872507e-10, 3.0743504964e-11, 5.3874186362e-11]
    },
    "melbands128": {
