{
"lowlevel": {
    "average_loudness": 0.80493670702,
    "barkbands_crest": {
        "dmean": 3.63294172287,
        "dmean2": 5.58357000351,
        "dvar": 10.8976364136,
        "dvar2": 23.0527935028,
        "max": 26.8673229218,
        "mean": 13.3800010681,
        "median": 12.4347486496,
        "min": 2.59217977524,
        "stdev": 5.61105585098,
        "var": 31.4839458466
    },
    "barkbands_flatness_db": {
        "dmean": 0.0532992519438,
        "dmean2": 0.0747991278768,
        "dvar": 0.00273264129646,
        "dvar2": 0.00553361233324,
        "max": 0.596797168255,
        "mean": 0.235361009836,
        "median": 0.218106344342,
        "min": 0.031768348068,
        "stdev": 0.111774653196,
        "var": 0.0124935731292
    },
    "barkbands_kurtosis": {
        "dmean": 31.919927597,
        "dmean2": 52.3361854553,
        "dvar": 23893.4746094,
        "dvar2": 62867.84375,
        "max": 2917.82226562,
        "mean": 29.7616939545,
        "median": 9.14987182617,
        "min": -1.92215371132,
        "stdev": 131.794433594,
        "var": 17369.7734375
    },
    "barkbands_skewness": {
        "dmean": 1.6389080286,
        "dmean2": 2.44321608543,
        "dvar": 6.56316423416,
        "dvar2": 14.4111442566,
        "max": 40.6316490173,
        "mean": 2.70636868477,
        "median": 2.2390961647,
        "min": -5.31826019287,
        "stdev": 3.2647061348,
        "var": 10.6583061218
    },
    "barkbands_spread": {
        "dmean": 10.1763772964,
        "dmean2": 16.1965007782,
        "dvar": 205.068740845,
        "dvar2": 451.788146973,
        "max": 109.43572998,
        "mean": 17.4749164581,
        "median": 10.1735649109,
        "min": 0.052487116307,
        "stdev": 18.8712177277,
        "var": 356.122833252
    },
    "dissonance": {
        "dmean": 0.0543671436608,
        "dmean2": 0.0876851305366,
        "dvar": 0.00320386071689,
        "dvar2": 0.0079212943092,
        "max": 0.500000119209,
        "mean": 0.393391996622,
        "median": 0.419133037329,
        "min": 0.0574166961014,
        "stdev": 0.0935698524117,
        "var": 0.00875531788915
    },
    "dynamic_complexity": 3.77914309502,
    "erbbands_crest": {
        "dmean": 4.39914751053,
        "dmean2": 7.009578228,
        "dvar": 16.0648765564,
        "dvar2": 37.4216575623,
        "max": 33.6906547546,
        "mean": 13.8144044876,
        "median": 12.0421190262,
        "min": 2.72401833534,
        "stdev": 7.04251146317,
        "var": 49.5969657898
    },
    "erbbands_flatness_db": {
        "dmean": 0.0414426736534,
        "dmean2": 0.0616047717631,
        "dvar": 0.00175130809657,
        "dvar2": 0.00353544321842,
        "max": 0.598937809467,
        "mean": 0.214969947934,
        "median": 0.194301262498,
        "min": 0.0509354323149,
        "stdev": 0.109181046486,
        "var": 0.0119205005467
    },
    "erbbands_kurtosis": {
        "dmean": 9.90804576874,
        "dmean2": 16.1960716248,
        "dvar": 500.780944824,
        "dvar2": 1258.91638184,
        "max": 264.370849609,
        "mean": 11.052271843,
        "median": 4.01959609985,
        "min": -1.91117191315,
        "stdev": 23.8619709015,
        "var": 569.393615723
    },
    "erbbands_skewness": {
        "dmean": 1.07884132862,
        "dmean2": 1.69487714767,
        "dvar": 1.7772141695,
        "dvar2": 4.34896707535,
        "max": 12.1946563721,
        "mean": 1.56997966766,
        "median": 1.29880857468,
        "min": -3.57255148888,
        "stdev": 1.80204164982,
        "var": 3.24735426903
    },
    "erbbands_spread": {
        "dmean": 16.9892692566,
        "dmean2": 26.9175662994,
        "dvar": 453.268615723,
        "dvar2": 1010.89056396,
        "max": 203.733612061,
        "mean": 34.4523048401,
        "median": 24.4676208496,
        "min": 0.267828881741,
        "stdev": 30.9080142975,
        "var": 955.305297852
    },
    "hfc": {
        "dmean": 9.55271530151,
        "dmean2": 14.5965080261,
        "dvar": 203.87677002,
        "dvar2": 502.545410156,
        "max": 142.545318604,
        "mean": 17.3545646667,
        "median": 12.6363916397,
        "min": 1.08294929164e-16,
        "stdev": 18.0477390289,
        "var": 325.720855713
    },
    "loudness_ebu128": {
        "integrated": -12.1851711273,
        "loudness_range": 6.52064800262,
        "momentary": {
            "dmean": 1.67935323715,
            "dmean2": 2.0442814827,
            "dvar": 110.55607605,
            "dvar2": 98.4838256836,
            "max": -8.30383968353,
            "mean": -16.1607303619,
            "median": -13.4541492462,
            "min": -300.691009521,
            "stdev": 26.5194244385,
            "var": 703.279846191
        },
        "short_term": {
            "dmean": 0.113104484975,
            "dmean2": 0.126937001944,
            "dvar": 0.00904996413738,
            "dvar2": 0.0103424116969,
            "max": -9.54090118408,
            "mean": -13.0870323181,
            "median": -14.2138347626,
            "min": -20.041841507,
            "stdev": 2.74746108055,
            "var": 7.54854297638
        }
    },
    "melbands_crest": {
        "dmean": 4.65258407593,
        "dmean2": 7.41258764267,
        "dvar": 17.2235851288,
        "dvar2": 36.4236450195,
        "max": 37.4411773682,
        "mean": 18.1454772949,
        "median": 17.80768013,
        "min": 1.67216563225,
        "stdev": 7.35503101349,
        "var": 54.0964813232
    },
    "melbands_flatness_db": {
        "dmean": 0.0634342730045,
        "dmean2": 0.0882270485163,
        "dvar": 0.00397267239168,
        "dvar2": 0.00811703596264,
        "max": 0.675717294216,
        "mean": 0.295743316412,
        "median": 0.283755511045,
        "min": 0.00280735618435,
        "stdev": 0.129562050104,
        "var": 0.0167863257229
    },
    "melbands_kurtosis": {
        "dmean": 32.0946044922,
        "dmean2": 50.4529495239,
        "dvar": 5809.79003906,
        "dvar2": 13841.5,
        "max": 1201.80627441,
        "mean": 37.5073547363,
        "median": 15.1497344971,
        "min": -1.85647451878,
        "stdev": 83.6210861206,
        "var": 6992.48632812
    },
    "melbands_skewness": {
        "dmean": 1.73721432686,
        "dmean2": 2.65005588531,
        "dvar": 4.87219333649,
        "dvar2": 10.9714508057,
        "max": 30.2673854828,
        "mean": 3.10663056374,
        "median": 2.49071788788,
        "min": -2.79579377174,
        "stdev": 3.23192000389,
        "var": 10.445306778
    },
    "melbands_spread": {
        "dmean": 10.4379682541,
        "dmean2": 16.4768218994,
        "dvar": 508.904449463,
        "dvar2": 1072.21179199,
        "max": 234.422546387,
        "mean": 18.4364643097,
        "median": 8.19334602356,
        "min": 0.161890625954,
        "stdev": 30.7835350037,
        "var": 947.625976562
    },
    "pitch_salience": {
        "dmean": 0.110779695213,
        "dmean2": 0.168332368135,
        "dvar": 0.0114742228761,
        "dvar2": 0.0239119194448,
        "max": 0.866391718388,
        "mean": 0.510628759861,
        "median": 0.525878727436,
        "min": 0.0353986434639,
        "stdev": 0.18156529963,
        "var": 0.0329659581184
    },
    "silence_rate_20dB": {
        "dmean": 0,
        "dmean2": 0,
        "dvar": 0,
        "dvar2": 0,
        "max": 1,
        "mean": 1,
        "median": 1,
        "min": 1,
        "stdev": 0,
        "var": 0
    },
    "silence_rate_30dB": {
        "dmean": 0.0479876175523,
        "dmean2": 0.0960495769978,
        "dvar": 0.0456849448383,
        "dvar2": 0.0914711281657,
        "max": 1,
        "mean": 0.946635723114,
        "median": 1,
        "min": 0,
        "stdev": 0.224759534001,
        "var": 0.0505168512464
    },
    "silence_rate_60dB": {
        "dmean": 0.0681114569306,
        "dmean2": 0.135553836823,
        "dvar": 0.0634718537331,
        "dvar2": 0.131119564176,
        "max": 1,
        "mean": 0.176334112883,
        "median": 0,
        "min": 0,
        "stdev": 0.381107807159,
        "var": 0.145243167877
    },
    "spectral_centroid": {
        "dmean": 396.210144043,
        "dmean2": 610.743713379,
        "dvar": 420426.5625,
        "dvar2": 832498,
        "max": 11494.6005859,
        "mean": 1173.39025879,
        "median": 657.000976562,
        "min": 81.7090377808,
        "stdev": 1633.28161621,
        "var": 2667609
    },
    "spectral_complexity": {
        "dmean": 3.44736838341,
        "dmean2": 5.35941123962,
        "dvar": 22.6249790192,
        "dvar2": 52.2905807495,
        "max": 38,
        "mean": 8.41763305664,
        "median": 7,
        "min": 0,
        "stdev": 6.96074914932,
        "var": 48.4520263672
    },
    "spectral_decrease": {
        "dmean": 4.16201473286e-09,
        "dmean2": 5.66507907251e-09,
        "dvar": 3.67729692581e-17,
        "dvar2": 6.59548557127e-17,
        "max": 1.30512388055e-28,
        "mean": -7.68849428567e-09,
        "median": -4.30888436043e-09,
        "min": -5.62257227443e-08,
        "stdev": 9.84304016072e-09,
        "var": 9.68854416868e-17
    },
    "spectral_energy": {
        "dmean": 0.0162580292672,
        "dmean2": 0.0223170835525,
        "dvar": 0.00054813537281,
        "dvar2": 0.00100022007246,
        "max": 0.214245304465,
        "mean": 0.0305922590196,
        "median": 0.0173638239503,
        "min": 1.0210867731e-20,
        "stdev": 0.0379535779357,
        "var": 0.00144047394861
    },
    "spectral_energyband_high": {
        "dmean": 0.000572965946048,
        "dmean2": 0.000873321550898,
        "dvar": 7.35456751499e-07,
        "dvar2": 1.58190209731e-06,
        "max": 0.00694860704243,
        "mean": 0.000840423803311,
        "median": 0.000269248674158,
        "min": 7.45080998053e-21,
        "stdev": 0.00122618593741,
        "var": 1.50353184836e-06
    },
    "spectral_energyband_low": {
        "dmean": 0.00877316854894,
        "dmean2": 0.0107235657051,
        "dvar": 0.000455275643617,
        "dvar2": 0.000669094617479,
        "max": 0.204847812653,
        "mean": 0.0141248991713,
        "median": 1.67415964825e-05,
        "min": 2.7548720439e-23,
        "stdev": 0.031884457916,
        "var": 0.00101661868393
    },
    "spectral_energyband_middle_high": {
        "dmean": 0.00215139612556,
        "dmean2": 0.00348199647851,
        "dvar": 3.30231778207e-05,
        "dvar2": 8.55999824125e-05,
        "max": 0.0578745119274,
        "mean": 0.00230530463159,
        "median": 0.000533741782419,
        "min": 1.30226571873e-21,
        "stdev": 0.00556019693613,
        "var": 3.09157912852e-05
    },
    "spectral_energyband_middle_low": {
        "dmean": 0.00955197494477,
        "dmean2": 0.0148097481579,
        "dvar": 0.000223625698709,
        "dvar2": 0.000549360061996,
        "max": 0.147339701653,
        "mean": 0.0141841759905,
        "median": 0.00806953571737,
        "min": 1.60489371411e-22,
        "stdev": 0.017381452024,
        "var": 0.000302114873193
    },
    "spectral_entropy": {
        "dmean": 0.524518847466,
        "dmean2": 0.776421606541,
        "dvar": 0.307546377182,
        "dvar2": 0.634896397591,
        "max": 9.82188606262,
        "mean": 7.06155538559,
        "median": 7.16202545166,
        "min": 3.69615221024,
        "stdev": 1.14458453655,
        "var": 1.31007385254
    },
    "spectral_flux": {
        "dmean": 0.0407576151192,
        "dmean2": 0.0566165447235,
        "dvar": 0.00198203558102,
        "dvar2": 0.00342046446167,
        "max": 0.46539285779,
        "mean": 0.0990691483021,
        "median": 0.0751064643264,
        "min": 6.48424716698e-11,
        "stdev": 0.0835673734546,
        "var": 0.00698350556195
    },
    "spectral_kurtosis": {
        "dmean": 6.50580739975,
        "dmean2": 9.89706134796,
        "dvar": 178.31288147,
        "dvar2": 364.569519043,
        "max": 169.502029419,
        "mean": 11.8386726379,
        "median": 4.38922166824,
        "min": -1.32296621799,
        "stdev": 23.8089237213,
        "var": 566.864868164
    },
    "spectral_rms": {
        "dmean": 0.00129717669915,
        "dmean2": 0.00174023862928,
        "dvar": 1.92033144231e-06,
        "dvar2": 3.62363721251e-06,
        "max": 0.0144575173035,
        "mean": 0.00453147059307,
        "median": 0.00411586137488,
        "min": 3.15623547263e-12,
        "stdev": 0.00305154267699,
        "var": 9.3119133453e-06
    },
    "spectral_rolloff": {
        "dmean": 1131.17749023,
        "dmean2": 1990.92700195,
        "dvar": 6576953,
        "dvar2": 14083468,
        "max": 19121.484375,
        "mean": 2111.41455078,
        "median": 624.462890625,
        "min": 43.06640625,
        "stdev": 3795.71875,
        "var": 14407480
    },
    "spectral_skewness": {
        "dmean": 0.710022568703,
        "dmean2": 1.03302121162,
        "dvar": 0.811361968517,
        "dvar2": 1.66561925411,
        "max": 10.636932373,
        "mean": 2.39191031456,
        "median": 1.98141956329,
        "min": -0.533783972263,
        "stdev": 1.81723070145,
        "var": 3.30232739449
    },
    "spectral_spread": {
        "dmean": 1715640.25,
        "dmean2": 2588650.5,
        "dvar": 4.38133456896e+12,
        "dvar2": 9.06081232486e+12,
        "max": 41868620,
        "mean": 7347934,
        "median": 6554340.5,
        "min": 620410.25,
        "stdev": 5705352,
        "var": 3.25510391398e+13
    },
    "spectral_strongpeak": {
        "dmean": 0.457780450583,
        "dmean2": 0.720915675163,
        "dvar": 0.386528670788,
        "dvar2": 0.936652302742,
        "max": 8.04137420654,
        "mean": 0.863858580589,
        "median": 0.604666352272,
        "min": 0,
        "stdev": 0.845301687717,
        "var": 0.714534938335
    },
    "zerocrossingrate": {
        "dmean": 0.0254314411432,
        "dmean2": 0.0297628417611,
        "dvar": 0.00112812279258,
        "dvar2": 0.00148657918908,
        "max": 0.5234375,
        "mean": 0.0815036967397,
        "median": 0.0537109375,
        "min": 0.00244140625,
        "stdev": 0.0899754390121,
        "var": 0.00809558015317
    },
    "barkbands": {
        "dmean": [0.0003955620341, 0.00794819090515, 0.0032516119536, 0.00173237279523, 0.00245078117587, 0.00184508576058, 0.00254758144729, 0.00200062710792, 0.00174169719685, 0.000678679556586, 0.000511071062647, 0.000299580831779, 0.000385323772207, 0.000213024279219, 0.000115557304525, 6.81557648932e-05, 7.58388123359e-05, 9.49590539676e-05, 8.28488919069e-05, 7.27319420548e-05, 8.33737358334e-05, 8.44156311359e-05, 8.84131586645e-05, 9.10850503715e-05, 0.000153525863425, 0.000116668838018, 6.17692330707e-06],
        "dmean2": [0.000573475204874, 0.0118646305054, 0.00564662972465, 0.00321572413668, 0.00384501088411, 0.00296368263662, 0.00405639549717, 0.00331415981054, 0.00279325363226, 0.00114946300164, 0.000857059960254, 0.000517927634064, 0.000625408720225, 0.000352238828782, 0.000190575054148, 0.000116562237963, 0.000133453577291, 0.000156922324095, 0.000137582523166, 0.000121532153571, 0.000137715105666, 0.00013623124687, 0.000129116393509, 0.000136444330565, 0.000235120096477, 0.000183385520359, 1.10961536848e-05],
        "dvar": [1.3319951222e-06, 0.000573294935748, 0.000147279875819, 5.01434114994e-05, 2.36676223722e-05, 3.45425141859e-05, 2.39684304688e-05, 2.56895091297e-05, 1.64577213582e-05, 4.02967452828e-06, 2.73282353191e-06, 9.67523646977e-07, 2.05931792152e-06, 4.33357115526e-07, 8.93254110679e-08, 3.96807529057e-08, 4.65426808205e-08, 4.73220787001e-08, 3.63001468884e-08, 2.72011302371e-08, 2.77606133636e-08, 3.00723534963e-08, 3.15202477452e-08, 2.33373604885e-08, 5.8188433627e-08, 3.40679413569e-08, 2.33988994847e-10],
        "dvar2": [2.33901710089e-06, 0.00119474122766, 0.000388621876482, 0.00014477786317, 5.76948950766e-05, 8.68071438163e-05, 5.70453667024e-05, 6.54529721942e-05, 4.11092696595e-05, 1.00138358903e-05, 7.20272964827e-06, 2.58583327195e-06, 4.71510156785e-06, 1.11875317543e-06, 2.29614300906e-07, 1.06646623976e-07, 1.24028787241e-07, 1.20473927723e-07, 8.79648922592e-08, 6.96774975495e-08, 7.31641378593e-08, 6.52340901297e-08, 5.7425296518e-08, 4.64699425606e-08, 1.34045393452e-07, 8.26493575801e-08, 6.56703136315e-10],
        "max": [0.0210032891482, 0.195724979043, 0.103447303176, 0.053635392338, 0.0726248323917, 0.112860962749, 0.0504094511271, 0.0592302419245, 0.0479099974036, 0.0229573212564, 0.016816528514, 0.0124164707959, 0.0368903726339, 0.0084191057831, 0.00349828926846, 0.0034516970627, 0.00252821156755, 0.00319959758781, 0.00338216195814, 0.00177810306195, 0.00161993491929, 0.00238016061485, 0.00241711875424, 0.00141668668948, 0.0023401430808, 0.00165420619305, 0.000190988052054],
        "mean": [0.0007224525325, 0.00956779532135, 0.00306610204279, 0.00134210463148, 0.0032179094851, 0.00206101499498, 0.00341536477208, 0.00202905153856, 0.0019212391926, 0.000657602329738, 0.000457650487078, 0.000254928570939, 0.000373697199393, 0.00020815130847, 0.000104963422928, 5.74784280616e-05, 6.20975260972e-05, 9.68070598901e-05, 9.62697085924e-05, 8.04513983894e-05, 9.07124776859e-05, 9.7616793937e-05, 0.000117221745313, 0.000132790213684, 0.000206868528039, 0.000149304119986, 4.63737887912e-06],
        "median": [1.9140901486e-07, 3.39941425409e-06, 4.75266824651e-06, 1.98646011995e-05, 0.00109634827822, 0.000241581728915, 0.00105713296216, 0.000525648705661, 0.000450279883808, 3.23775457218e-05, 1.80227525561e-05, 1.69711056515e-05, 1.60967829288e-05, 1.42907128975e-05, 1.03429465526e-05, 6.34734396954e-06, 7.63649950386e-06, 1.62477554113e-05, 1.36122962431e-05, 1.10682103696e-05, 1.70009516296e-05, 1.26630302475e-05, 9.70411201706e-06, 2.43575341301e-05, 6.68430220685e-05, 6.20812134002e-05, 1.61542573096e-07],
        "min": [1.19518047775e-25, 7.65081955411e-24, 4.85303284587e-24, 1.61366270771e-24, 1.3982367063e-23, 1.81184704964e-23, 1.88391643531e-23, 9.83812179614e-24, 2.52609733267e-23, 2.72177080923e-23, 1.9520361522e-23, 3.10470818954e-23, 3.6583740024e-23, 4.30970963057e-23, 8.39442098484e-23, 7.29335607015e-23, 7.39261118033e-23, 9.2366120427e-23, 1.66710719785e-22, 2.09212046247e-22, 2.38946144896e-22, 3.18642326148e-22, 4.18308502283e-22, 6.25766576261e-22, 8.69090255471e-22, 1.38002614891e-21, 2.00240453603e-21],
        "stdev": [0.00171361491084, 0.0263378955424, 0.0107363574207, 0.00544305006042, 0.00534707447514, 0.00640407158062, 0.00599972996861, 0.00492307264358, 0.00401602685452, 0.00200634170324, 0.00154141813982, 0.000864689529408, 0.00164131214842, 0.000651512178592, 0.000277438666672, 0.000173310167156, 0.000186282355571, 0.000223342140089, 0.000239840999711, 0.000180001748959, 0.00017590666539, 0.000217257242184, 0.000256899336819, 0.000234774124692, 0.00031352872611, 0.000219603753067, 1.26486329464e-05],
        "var": [2.93647599392e-06, 0.00069368473487, 0.000115269365779, 2.96267935482e-05, 2.8591204682e-05, 4.10121356254e-05, 3.59967598342e-05, 2.42366440943e-05, 1.61284715432e-05, 4.02540672439e-06, 2.37596987063e-06, 7.47687977309e-07, 2.6939055715e-06, 4.24468083793e-07, 7.69722205973e-08, 3.00364142447e-08, 3.47011166468e-08, 4.98817094297e-08, 5.75237031342e-08, 3.24006279584e-08, 3.09431555934e-08, 4.72007073427e-08, 6.59972698713e-08, 5.51188890086e-08, 9.8300255047e-08, 4.82258109002e-08, 1.59987911807e-10]
    },
    "erbbands": {
        "dmean": [0.258682549, 1.81474304199, 3.27257990837, 5.34427404404, 4.98297262192, 10.1848268509, 12.9035558701, 15.9069805145, 26.8979740143, 53.3153114319, 33.1048049927, 43.2626457214, 19.6694774628, 25.2003555298, 19.1867523193, 11.8226499557, 17.931722641, 11.1521959305, 8.03089427948, 4.91464281082, 3.72437500954, 4.15959310532, 4.78984928131, 5.40956640244, 3.79065704346, 3.45000219345, 3.12171792984, 3.46938157082, 2.98021054268, 3.06221222878, 2.4221329689, 2.02432107925, 1.53593945503, 1.64170098305, 1.16114211082, 0.677157998085, 0.177408784628, 0.024642040953, 0.000685424194671, 3.10966170218e-05],
        "dmean2": [0.370733439922, 2.80501937866, 5.23880052567, 9.55863380432, 8.50076198578, 15.9927682877, 20.3764877319, 25.906703949, 42.369228363, 86.8115158081, 54.0588340759, 68.8835601807, 31.5439758301, 43.8599662781, 31.9307079315, 19.6176719666, 28.5224781036, 18.4959506989, 13.1736631393, 8.23265647888, 6.34646129608, 7.26059532166, 7.96305608749, 8.96716022491, 6.27627372742, 5.73813247681, 5.13121652603, 5.82389783859, 4.80150794983, 4.74706697464, 3.57876682281, 2.93371033669, 2.38490414619, 2.58336210251, 1.79833865166, 1.07295441628, 0.278836429119, 0.0411609821022, 0.00116785091814, 4.74283951917e-05],
        "dvar": [0.428221106529, 36.6047286987, 125.126319885, 454.758178711, 212.466217041, 467.345001221, 1212.48791504, 3313.38085938, 3587.30102539, 15839.8759766, 6605.49511719, 10834.8056641, 2131.75463867, 7799.94482422, 3537.00708008, 1265.58642578, 4655.97900391, 1089.9888916, 448.531646729, 158.419158936, 126.389137268, 134.509460449, 128.769897461, 118.033996582, 96.2953186035, 63.9065628052, 46.973991394, 47.297580719, 35.2792930603, 46.7881469727, 23.2279262543, 12.7118310928, 6.89005374908, 8.10471153259, 3.06688547134, 1.1561781168, 0.0815962478518, 0.00212626019493, 2.15527916225e-06, 1.84864812347e-09],
        "dvar2": [0.849798321724, 83.9022293091, 294.051971436, 1282.39526367, 603.014343262, 1133.1739502, 2896.62792969, 8618.66210938, 8502.23828125, 41802.5078125, 15976.9882812, 27374.5839844, 4856.44384766, 21292.2695312, 9331.86621094, 3330.69824219, 10082.8222656, 2760.60717773, 1170.5916748, 403.830688477, 342.672851562, 359.835205078, 331.008911133, 303.91015625, 239.422714233, 163.716384888, 121.963363647, 123.374382019, 77.1237335205, 98.8523635864, 41.3499259949, 24.5992527008, 14.4665575027, 18.9431781769, 6.97353219986, 2.80027842522, 0.196073502302, 0.00549071049318, 5.79219977226e-06, 4.5015737804e-09],
        "max": [5.02425384521, 49.4207420349, 89.8821258545, 156.676513672, 111.913261414, 326.049255371, 531.395019531, 1155.74890137, 916.869812012, 1375.08056641, 1204.22338867, 1263.74755859, 503.341094971, 851.528747559, 504.480255127, 452.305114746, 1926.12866211, 401.882965088, 244.778549194, 147.117599487, 194.904724121, 141.575714111, 154.190231323, 131.722106934, 181.509735107, 98.6784973145, 95.6834106445, 63.157749176, 85.2361984253, 104.664710999, 56.6895179749, 41.0299606323, 22.1914272308, 27.9167499542, 14.7912063599, 9.86731529236, 2.63796019554, 0.391025751829, 0.0166038069874, 0.000352069473593],
        "mean": [0.357649177313, 1.82712841034, 3.50149703026, 4.41725254059, 5.80617427826, 12.9815168381, 14.6464633942, 17.7958469391, 37.762462616, 62.7831001282, 36.2366218567, 48.3785667419, 21.6160583496, 20.5476875305, 17.5784702301, 11.0404253006, 17.7271633148, 10.787322998, 8.04622554779, 4.58578014374, 3.11913561821, 3.49885988235, 4.70324754715, 5.7532453537, 4.45179080963, 3.784689188, 3.52107834816, 3.71363115311, 3.40961480141, 3.62237358093, 3.30120873451, 2.78170347214, 2.23148846626, 2.13518118858, 1.54956889153, 0.871515214443, 0.223060250282, 0.0252177901566, 0.000677135074511, 5.89844930801e-05],
        "median": [5.81269960094e-05, 0.00126788741909, 0.00961467064917, 0.143232852221, 1.33466923237, 3.75484871864, 2.58449196815, 2.86190962791, 8.39363574982, 22.2246742249, 12.1007013321, 12.9334840775, 2.53940320015, 1.32211685181, 0.995194375515, 0.810255527496, 0.901928067207, 0.796732902527, 0.75241535902, 0.527748405933, 0.406789928675, 0.50059068203, 0.837425112724, 0.953224539757, 0.617254376411, 0.528393745422, 0.545843482018, 0.731551706791, 0.516798555851, 0.343802750111, 0.276483356953, 0.364757686853, 0.485829263926, 0.602202951908, 0.501869618893, 0.354879170656, 0.0745362564921, 0.0059324032627, 0.000167194215464, 3.97101284761e-05],
        "min": [1.1298559396e-22, 1.37886928755e-21, 6.76947205362e-21, 1.13868455278e-20, 1.74594611323e-20, 3.52612199418e-20, 8.03931925955e-20, 1.12001508635e-19, 2.99795302052e-19, 1.39302630602e-19, 2.57873995403e-19, 5.92743099596e-19, 5.71331064151e-19, 6.62166197058e-19, 6.47904465925e-19, 1.64627656859e-18, 1.89607043113e-18, 2.28049703734e-18, 3.11234894561e-18, 4.2999941896e-18, 5.36125823011e-18, 4.34979749351e-18, 5.57239153197e-18, 8.62913656962e-18, 9.53295215721e-18, 9.29807587664e-18, 1.00101700234e-17, 1.16361548176e-17, 1.02292405368e-17, 1.42705778304e-17, 1.27872039369e-17, 1.11845075857e-17, 1.08686329523e-17, 9.00371703821e-18, 6.42147381919e-18, 3.86556141343e-18, 2.53668045652e-18, 1.12872713351e-18, 2.73000285373e-19, 2.98586545608e-20],
        "stdev": [0.81512004137, 6.01028251648, 11.1746892929, 16.989938736, 12.4118089676, 23.6314849854, 36.9776687622, 58.41431427, 78.4171600342, 121.184684753, 80.8861999512, 102.061477661, 53.8513908386, 73.6490402222, 55.4322433472, 34.2493743896, 80.9026794434, 31.0991916656, 21.7521648407, 11.7798194885, 9.6119146347, 10.0076665878, 10.9349107742, 12.4059457779, 12.089963913, 8.52436733246, 7.465924263, 7.28645992279, 7.41582155228, 8.79497814178, 7.05563879013, 5.32557678223, 3.8748934269, 3.58298110962, 2.28467488289, 1.2764275074, 0.33930772543, 0.0475143492222, 0.00136049871799, 6.09396956861e-05],
        "var": [0.66442066431, 36.1234931946, 124.873680115, 288.657989502, 154.053009033, 558.44708252, 1367.34802246, 3412.23193359, 6149.25146484, 14685.7275391, 6542.57763672, 10416.5449219, 2899.97216797, 5424.18115234, 3072.73364258, 1173.01977539, 6545.24365234, 967.159729004, 473.156646729, 138.764144897, 92.3889007568, 100.153396606, 119.572273254, 153.907501221, 146.167236328, 72.6648330688, 55.7400245667, 53.0924949646, 54.9944114685, 77.3516464233, 49.7820396423, 28.3617668152, 15.014799118, 12.8377532959, 5.21973896027, 1.62926721573, 0.115129731596, 0.00225761346519, 1.85095666438e-06, 3.71364650142e-09]
    },
    "gfcc": {
        "mean": [-106.582496643, 62.7500495911, -78.1239395142, -8.50888156891, -87.8666305542, -5.86721372604, -49.2915153503, 14.6983699799, -28.5700473785, 12.0679149628, -22.0814533234, -3.42357850075, -17.080198288],
        "cov": [[47276.03125, -1068.45483398, -1152.70324707, 2292.96289062, -411.611541748, 2072.85839844, -1140.85791016, 1106.24108887, -1463.98144531, 1111.03112793, -415.377868652, 916.826843262, -604.608581543], [-1068.45483398, 3657.40136719, 300.333953857, -539.43560791, 476.417327881, -18.4267311096, 478.648742676, -112.932090759, 347.602172852, -83.4875106812, 218.846939087, -290.549591064, 133.815475464], [-1152.70324707, 300.333953857, 1577.85522461, 766.78729248, 521.32611084, 457.031768799, 278.857025146, 117.496963501, 208.678115845, 136.532714844, 147.299468994, 135.455368042, 11.1285905838], [2292.96289062, -539.43560791, 766.78729248, 1634.57067871, 685.738464355, 576.695983887, 202.038299561, 257.926757812, 237.015655518, 204.52772522, 150.17755127, 207.699539185, 29.3222026825], [-411.611541748, 476.417327881, 521.32611084, 685.738464355, 1188.31591797, 656.848632812, 430.396514893, 144.165756226, 140.272079468, 138.8931427, 199.924697876, 157.155303955, 86.2639083862], [2072.85839844, -18.4267311096, 457.031768799, 576.695983887, 656.848632812, 1003.35333252, 394.087982178, 121.365684509, -3.68271589279, 220.558853149, 119.65385437, 219.024429321, -7.59255933762], [-1140.85791016, 478.648742676, 278.857025146, 202.038299561, 430.396514893, 394.087982178, 572.301635742, 66.4762420654, 197.436737061, 72.5313491821, 155.402542114, 41.474822998, 42.4907798767], [1106.24108887, -112.932090759, 117.496963501, 257.926757812, 144.165756226, 121.365684509, 66.4762420654, 253.543457031, 104.972305298, 83.5208282471, 45.3076248169, 50.2513465881, 1.60074281693], [-1463.98144531, 347.602172852, 208.678115845, 237.015655518, 140.272079468, -3.68271589279, 197.436737061, 104.972305298, 503.492950439, 63.4980354309, 113.163543701, -60.23254776, 50.1407699585], [1111.03112793, -83.4875106812, 136.532714844, 204.52772522, 138.8931427, 220.558853149, 72.5313491821, 83.5208282471, 63.4980354309, 250.611816406, 101.913986206, 68.4453964233, 10.6343708038], [-415.377868652, 218.846939087, 147.299468994, 150.17755127, 199.924697876, 119.65385437, 155.402542114, 45.3076248169, 113.163543701, 101.913986206, 242.744384766, 58.0037612915, 43.3046073914], [916.826843262, -290.549591064, 135.455368042, 207.699539185, 157.155303955, 219.024429321, 41.474822998, 50.2513465881, -60.23254776, 68.4453964233, 58.0037612915, 217.930389404, 19.9650840759], [-604.608581543, 133.815475464, 11.1285905838, 29.3222026825, 86.2639083862, -7.59255933762, 42.4907798767, 1.60074281693, 50.1407699585, 10.6343708038, 43.3046073914, 19.9650840759, 148.154678345]],
        "icov": [[8.11443387647e-05, -0.000165161123732, 0.000171757259523, -0.000228110860917, 0.000215049949475, -0.000191348604858, 0.000204960364499, -0.000346772227203, 0.000248711148743, -0.000296604674077, 0.000210644124309, -0.000288615206955, 0.000236950116232], [-0.000165161123732, 0.000828945252579, -0.000496577122249, 0.000766560377087, -0.00070762069663, 0.00035531425965, -0.000556898186915, 0.000818248838186, -0.000651062699035, 0.000786501215771, -0.000798069057055, 0.00130128348246, -0.000734238070436], [0.000171757259523, -0.000496577122249, 0.00130524055567, -0.000872331205755, 0.000440697913291, -0.000496358319651, 0.000361066806363, -0.000611221999861, 0.000354232732207, -0.000677025469486, 0.000474014814245, -0.000997380935587, 0.000769629783463], [-0.000228110860917, 0.000766560377087, -0.000872331205755, 0.0019926764071, -0.00113922241144, 0.000207705787034, -0.000196046908968, 0.000521199428476, -0.00125015515368, 0.000889299844857, -0.000769211503211, 0.000803400413133, -0.000751738320105], [0.000215049949475, -0.00070762069663, 0.000440697913291, -0.00113922241144, 0.00251709995791, -0.00124261772726, 9.43634659052e-05, -0.00120526214596, 0.000869122741278, -0.000439833675046, 0.000169627528521, -0.00100847356953, -1.04654664028e-05], [-0.000191348604858, 0.00035531425965, -0.000496358319651, 0.000207705787034, -0.00124261772726, 0.00327836838551, -0.00197544763796, 0.000958063348662, 0.00015928587527, -0.00092570844572, 0.000434811750893, -0.000664452207275, 0.00031709347968], [0.000204960364499, -0.000556898186915, 0.000361066806363, -0.000196046908968, 9.43634659052e-05, -0.00197544763796, 0.00426839431748, -0.000970871769823, -0.000532888690941, 0.000143060227856, -0.000698787451256, -0.000356656644726, 0.000403632817324], [-0.000346772227203, 0.000818248838186, -0.000611221999861, 0.000521199428476, -0.00120526214596, 0.000958063348662, -0.000970871769823, 0.00685224030167, -0.00205369782634, 0.000171803796547, -0.000573419325519, 0.000518600514624, -0.000475736072985], [0.000248711148743, -0.000651062699035, 0.000354232732207, -0.00125015515368, 0.000869122741278, 0.00015928587527, -0.000532888690941, -0.00205369782634, 0.00422250060365, -0.0014871872263, 2.73568839475e-05, 0.000461992720375, 0.000108424363134], [-0.000296604674077, 0.000786501215771, -0.000677025469486, 0.000889299844857, -0.000439833675046, -0.00092570844572, 0.000143060227856, 0.000171803796547, -0.0014871872263, 0.00757749890909, -0.00323877995834, 0.00122583145276, -0.00113928969949], [0.000210644124309, -0.000798069057055, 0.000474014814245, -0.000769211503211, 0.000169627528521, 0.000434811750893, -0.000698787451256, -0.000573419325519, 2.73568839475e-05, -0.00323877995834, 0.00756910908967, -0.00281553948298, 0.00021744503465], [-0.000288615206955, 0.00130128348246, -0.000997380935587, 0.000803400413133, -0.00100847356953, -0.000664452207275, -0.000356656644726, 0.000518600514624, 0.000461992720375, 0.00122583145276, -0.00281553948298, 0.00945481006056, -0.00248291529715], [0.000236950116232, -0.000734238070436, 0.000769629783463, -0.000751738320105, -1.04654664028e-05, 0.00031709347968, 0.000403632817324, -0.000475736072985, 0.000108424363134, -0.00113928969949, 0.00021744503465, -0.00248291529715, 0.00869866460562]]
    },
    "melbands": {
        "dmean": [0.00221994658932, 0.00160144630354, 0.000861071865074, 0.000505813979544, 0.000465791905299, 0.000356523523806, 0.000437952752691, 0.000575199432205, 0.000274035002803, 0.000258589541772, 9.45087813307e-05, 0.000104769416794, 6.66362029733e-05, 3.84436316381e-05, 3.13808777719e-05, 3.99267009925e-05, 2.03548861464e-05, 1.48054614328e-05, 8.12805501482e-06, 5.10755398864e-06, 4.37000426246e-06, 4.07699280913e-06, 4.45939895144e-06, 5.10423160449e-06, 4.55454937764e-06, 2.82038945443e-06, 2.73054001809e-06, 2.28407498071e-06, 1.84855025509e-06, 2.12305167224e-06, 2.07574066735e-06, 1.75546267656e-06, 1.69401141648e-06, 1.79103346909e-06, 1.50447147007e-06, 1.23260952023e-06, 1.30378521135e-06, 1.06667800992e-06, 1.26665236166e-06, 1.49100162616e-06],
        "dmean2": [0.00326572172344, 0.00228778203018, 0.00150974630378, 0.000802605936769, 0.000728063692804, 0.000575229059905, 0.000694256043062, 0.000943459628616, 0.000444567966042, 0.00041107647121, 0.000153136075824, 0.00018263446691, 0.000109790911665, 6.6505963332e-05, 4.94999221701e-05, 6.62289530737e-05, 3.36997873092e-05, 2.44946168095e-05, 1.35962172862e-05, 8.59445208334e-06, 7.51050720282e-06, 7.11258780939e-06, 7.69310281612e-06, 8.49172647577e-06, 7.60645207265e-06, 4.57800570075e-06, 4.60642695543e-06, 3.86334522773e-06, 3.05485355057e-06, 3.50891650669e-06, 3.53498671757e-06, 2.84983093479e-06, 2.71245698968e-06, 2.79604932985e-06, 2.27983537116e-06, 1.80631775493e-06, 1.95113034351e-06, 1.67589030298e-06, 1.98962106879e-06, 2.3607010462e-06],
        "dvar": [3.84554732591e-05, 2.37965450651e-05, 1.07600544652e-05, 9.62326680565e-07, 1.29752550038e-06, 1.56279281782e-06, 8.27623978239e-07, 1.83915483376e-06, 3.95050847146e-07, 3.97042612121e-07, 5.29079606792e-08, 1.33795225565e-07, 4.21073416135e-08, 1.69689684526e-08, 1.20703589346e-08, 2.25105942775e-08, 3.98710975347e-09, 1.81106840635e-09, 4.39037001199e-10, 1.9206425339e-10, 1.97588556627e-10, 1.19806178867e-10, 1.77123538059e-10, 1.6918916268e-10, 8.89875673149e-11, 6.03177160996e-11, 4.43890861568e-11, 2.89148410076e-11, 1.70200815247e-11, 2.04950414279e-11, 1.7917540715e-11, 1.19548815292e-11, 1.45445140307e-11, 1.67587766581e-11, 9.0650880899e-12, 6.22784506257e-12, 5.47243760723e-12, 3.54292246582e-12, 5.08075916408e-12, 6.59057660876e-12],
        "dvar2": [7.52023479436e-05, 4.45336881967e-05, 3.00472747767e-05, 2.34614344663e-06, 3.13341388392e-06, 4.06840990763e-06, 1.92697416423e-06, 4.84362226416e-06, 9.56250005402e-07, 1.00477507203e-06, 1.2082786327e-07, 3.63921742519e-07, 1.07928826765e-07, 4.63175808818e-08, 2.92403772306e-08, 5.4757347101e-08, 1.02872776964e-08, 4.75847228287e-09, 1.13417975012e-09, 5.02158703508e-10, 5.40161804174e-10, 3.15833165176e-10, 4.70474825764e-10, 4.41078423785e-10, 2.38040698264e-10, 1.50188125825e-10, 1.13301507065e-10, 7.47223741215e-11, 4.38721177443e-11, 5.5268952609e-11, 4.6794720876e-11, 2.7390234178e-11, 3.15200088252e-11, 3.62547873667e-11, 1.70135711075e-11, 1.1078863521e-11, 1.18155650194e-11, 7.89389647399e-12, 1.13189691994e-11, 1.57073590246e-11],
        "max": [0.0480955466628, 0.0415912717581, 0.0243005938828, 0.0120033398271, 0.0148466415703, 0.025767499581, 0.0126860709861, 0.0148554192856, 0.0083440290764, 0.00799473654479, 0.002515909262, 0.0037743751891, 0.00200855662115, 0.0018190931296, 0.00277539878152, 0.00299224141054, 0.000898640719242, 0.000550327531528, 0.000225055584451, 0.000206072800211, 0.000226254604058, 0.00013531044533, 0.000169672988704, 0.000226905685849, 0.000116751201858, 0.000165241668583, 8.19625056465e-05, 6.78060969221e-05, 5.69393669139e-05, 5.38322674402e-05, 4.14777023252e-05, 4.36898371845e-05, 6.31925067864e-05, 6.0464557464e-05, 3.41509185091e-05, 2.75814400084e-05, 2.55538052443e-05, 1.88631565834e-05, 2.20305628318e-05, 2.40150038735e-05],
        "mean": [0.00290971715003, 0.00196616840549, 0.000777180423029, 0.000695452152286, 0.00054357672343, 0.000402186182328, 0.000607230176684, 0.000656322750729, 0.00029929637094, 0.000279823958408, 9.98984905891e-05, 8.34880411276e-05, 6.27247281955e-05, 3.1731731724e-05, 3.39422367688e-05, 3.46279521182e-05, 1.91802919289e-05, 1.46598686115e-05, 7.25873451302e-06, 4.55232839158e-06, 3.49469360117e-06, 3.39686948791e-06, 3.7980551042e-06, 5.09553592565e-06, 4.65276707473e-06, 3.2776072203e-06, 2.95945119433e-06, 2.40693566411e-06, 2.11343808587e-06, 2.19853973249e-06, 2.15344971366e-06, 1.92378820429e-06, 1.88460592199e-06, 2.06792037716e-06, 1.95472898668e-06, 1.70784289821e-06, 1.69948395978e-06, 1.49021548168e-06, 1.6605364408e-06, 1.85167368727e-06],
        "median": [6.82038262312e-07, 3.22259461427e-06, 6.35151955066e-05, 0.000247162970481, 0.000124230093206, 5.77336941205e-05, 0.000146192498505, 0.00022519036429, 8.96283090697e-05, 6.55433250358e-05, 5.91268371863e-06, 4.56348425359e-06, 3.02062608171e-06, 2.13181670006e-06, 1.8240477857e-06, 1.52426139266e-06, 1.36237133574e-06, 1.14031820431e-06, 7.29557086743e-07, 5.03259514062e-07, 3.82268297017e-07, 4.04128059017e-07, 5.46039586879e-07, 7.42430529499e-07, 6.68757024869e-07, 4.38827413518e-07, 3.54120629709e-07, 3.15336450285e-07, 2.84003448314e-07, 3.48320043031e-07, 3.86714930301e-07, 2.68679059445e-07, 1.87503687243e-07, 1.66540743862e-07, 1.47630160541e-07, 1.5822533328e-07, 2.1870943101e-07, 2.55942950389e-07, 4.11550161061e-07, 5.08895027451e-07],
        "min": [2.52519661129e-24, 3.29291111387e-24, 1.96174600442e-24, 2.05311502991e-24, 4.59710073024e-24, 2.59957436174e-24, 4.44898499554e-24, 1.49102244708e-24, 2.15059220538e-24, 3.55977388342e-24, 2.93908037383e-24, 2.45408257562e-24, 2.26074578396e-24, 2.94543109854e-24, 4.12240131394e-24, 3.49849595717e-24, 4.28323348644e-24, 4.26105190107e-24, 4.67677252622e-24, 5.24830422421e-24, 5.75272358068e-24, 4.13409459914e-24, 4.41107352372e-24, 3.40898548797e-24, 6.44363359946e-24, 5.99816108526e-24, 7.18721546644e-24, 5.67246526662e-24, 4.57041751012e-24, 4.82983086893e-24, 5.94764992707e-24, 5.09345477282e-24, 7.63198076683e-24, 6.78050797156e-24, 7.67271517739e-24, 5.55335515854e-24, 6.74724644035e-24, 6.84072645762e-24, 6.51851543202e-24, 7.41835644483e-24],
        "stdev": [0.00730221904814, 0.00572076626122, 0.00266281049699, 0.00112236326095, 0.00121306022629, 0.00129125826061, 0.0011922060512, 0.00130490073934, 0.000630634254776, 0.000610696268268, 0.000270542746875, 0.000306708796415, 0.000200837966986, 0.000111062290671, 0.000143599361763, 0.000147887214553, 5.88524344494e-05, 4.4520249503e-05, 1.91187555174e-05, 1.26228396766e-05, 1.18496227515e-05, 9.66052448348e-06, 1.15772318168e-05, 1.25611968542e-05, 1.0366380593e-05, 9.62971898844e-06, 7.59560498409e-06, 5.55938595426e-06, 4.67903646495e-06, 4.55939107269e-06, 4.41246038463e-06, 4.19912976213e-06, 4.64818367618e-06, 5.18544720762e-06, 4.25380994784e-06, 3.67978759641e-06, 3.2611824281e-06, 2.67118161901e-06, 3.01012323689e-06, 3.13572445521e-06],
        "var": [5.33224010724e-05, 3.27271663991e-05, 7.09055984771e-06, 1.25969938836e-06, 1.47151502006e-06, 1.66734798768e-06, 1.42135536407e-06, 1.7027659851e-06, 3.97699551513e-07, 3.72949898519e-07, 7.31933837983e-08, 9.40702804542e-08, 4.03358875189e-08, 1.23348327108e-08, 2.0620777974e-08, 2.1870626199e-08, 3.4636089552e-09, 1.98205252211e-09, 3.6552680327e-10, 1.59336085992e-10, 1.4041356966e-10, 9.33257290892e-11, 1.34032299148e-10, 1.57783675014e-10, 1.07461838039e-10, 9.27314891541e-11, 5.76932182583e-11, 3.09067736681e-11, 2.18933812052e-11, 2.07880466313e-11, 1.94698059758e-11, 1.76326921814e-11, 2.16056131319e-11, 2.68888626642e-11, 1.80948988432e-11, 1.35408359872e-11, 1.06353103407e-11, 7.13521169232e-12, 9.06084148683e-12, 9.83276828015e-12]
    },
    "melbands128": {
