{
"lowlevel": {
    "average_loudness": 0.976494252682,
    "barkbands_crest": {
        "dmean": 2.36234736443,
        "dmean2": 3.55291557312,
        "dvar": 5.85141658783,
        "dvar2": 11.8146162033,
        "max": 25.7880249023,
        "mean": 11.1795701981,
        "median": 9.88982963562,
        "min": 3.85443210602,
        "stdev": 4.79553365707,
        "var": 22.9971427917
    },
    "barkbands_flatness_db": {
        "dmean": 0.0207235198468,
        "dmean2": 0.0288734640926,
        "dvar": 0.000455192959635,
        "dvar2": 0.000850662239827,
        "max": 0.397115528584,
        "mean": 0.161018624902,
        "median": 0.141705647111,
        "min": 0.0539789572358,
        "stdev": 0.0657958462834,
        "var": 0.00432909373194
    },
    "barkbands_kurtosis": {
        "dmean": 2.77717089653,
        "dmean2": 4.03443813324,
        "dvar": 77.5516815186,
        "dvar2": 170.167098999,
        "max": 223.147384644,
        "mean": 4.10004472733,
        "median": 1.23946094513,
        "min": -1.50494456291,
        "stdev": 10.8828668594,
        "var": 118.436790466
    },
    "barkbands_skewness": {
        "dmean": 0.479470252991,
        "dmean2": 0.637153685093,
        "dvar": 0.422477036715,
        "dvar2": 0.729753434658,
        "max": 13.8560914993,
        "mean": 1.26727020741,
        "median": 1.00710844994,
        "min": -2.03106474876,
        "stdev": 1.43417870998,
        "var": 2.05686855316
    },
    "barkbands_spread": {
        "dmean": 3.98383498192,
        "dmean2": 6.05730199814,
        "dvar": 27.4309329987,
        "dvar2": 65.4918365479,
        "max": 63.2481536865,
        "mean": 18.6050033569,
        "median": 17.9865322113,
        "min": 1.27546787262,
        "stdev": 9.13194179535,
        "var": 83.392364502
    },
    "dissonance": {
        "dmean": 0.0260005742311,
        "dmean2": 0.0440777055919,
        "dvar": 0.000964771199506,
        "dvar2": 0.00249537290074,
        "max": 0.499992489815,
        "mean": 0.447280079126,
        "median": 0.455268591642,
        "min": 0,
        "stdev": 0.0400973297656,
        "var": 0.00160779582802
    },
    "dynamic_complexity": 2.47966074944,
    "erbbands_crest": {
        "dmean": 2.98966646194,
        "dmean2": 4.77497339249,
        "dvar": 9.03849411011,
        "dvar2": 21.6059818268,
        "max": 29.9526119232,
        "mean": 11.2732439041,
        "median": 10.2826519012,
        "min": 2.61908102036,
        "stdev": 5.06632566452,
        "var": 25.6676578522
    },
    "erbbands_flatness_db": {
        "dmean": 0.018272779882,
        "dmean2": 0.0250585544854,
        "dvar": 0.000357499578968,
        "dvar2": 0.000613336858805,
        "max": 0.437194347382,
        "mean": 0.183612376451,
        "median": 0.165924087167,
        "min": 0.0598333515227,
        "stdev": 0.0718955174088,
        "var": 0.00516896508634
    },
    "erbbands_kurtosis": {
        "dmean": 0.962545394897,
        "dmean2": 1.47883450985,
        "dvar": 2.49181771278,
        "dvar2": 6.91558599472,
        "max": 31.4752616882,
        "mean": 1.31530940533,
        "median": 0.796374797821,
        "min": -1.48675560951,
        "stdev": 2.20501375198,
        "var": 4.86208581924
    },
    "erbbands_skewness": {
        "dmean": 0.348232835531,
        "dmean2": 0.526521444321,
        "dvar": 0.122219331563,
        "dvar2": 0.279168486595,
        "max": 3.10906600952,
        "mean": 0.434175491333,
        "median": 0.388228058815,
        "min": -1.54195380211,
        "stdev": 0.600076794624,
        "var": 0.360092163086
    },
    "erbbands_spread": {
        "dmean": 5.89139556885,
        "dmean2": 8.2950220108,
        "dvar": 53.704334259,
        "dvar2": 100.479896545,
        "max": 107.896347046,
        "mean": 27.4451789856,
        "median": 24.0759658813,
        "min": 1.76199615002,
        "stdev": 16.8175849915,
        "var": 282.83114624
    },
    "hfc": {
        "dmean": 6.30022668839,
        "dmean2": 8.52095317841,
        "dvar": 58.5952453613,
        "dvar2": 99.4691543579,
        "max": 113.223518372,
        "mean": 25.9123706818,
        "median": 22.0346183777,
        "min": 1.21663908251e-16,
        "stdev": 18.9208469391,
        "var": 357.998474121
    },
    "loudness_ebu128": {
        "integrated": -10.2387275696,
        "loudness_range": 3.23192024231,
        "momentary": {
            "dmean": 0.540386378765,
            "dmean2": 0.646520674229,
            "dvar": 0.244203150272,
            "dvar2": 0.334518164396,
            "max": -7.98301887512,
            "mean": -10.6817216873,
            "median": -10.0137176514,
            "min": -20.9602222443,
            "stdev": 2.18639063835,
            "var": 4.78030443192
        },
        "short_term": {
            "dmean": 0.0680001154542,
            "dmean2": 0.0617500022054,
            "dvar": 0.00364455580711,
            "dvar2": 0.0032449637074,
            "max": -8.93356990814,
            "mean": -10.2562160492,
            "median": -9.84153652191,
            "min": -13.9174795151,
            "stdev": 1.17609357834,
            "var": 1.38319599628
        }
    },
    "melbands_crest": {
        "dmean": 2.95857810974,
        "dmean2": 4.53482818604,
        "dvar": 9.51967144012,
        "dvar2": 20.8086605072,
        "max": 36.2134284973,
        "mean": 15.706360817,
        "median": 13.9629621506,
        "min": 1.75098860264,
        "stdev": 6.44394731522,
        "var": 41.5244598389
    },
    "melbands_flatness_db": {
        "dmean": 0.0217408947647,
        "dmean2": 0.0296215359122,
        "dvar": 0.00060087069869,
        "dvar2": 0.00105980620719,
        "max": 0.448439329863,
        "mean": 0.22150708735,
        "median": 0.213559642434,
        "min": 0.00379790738225,
        "stdev": 0.0610686391592,
        "var": 0.00372937880456
    },
    "melbands_kurtosis": {
        "dmean": 5.94300127029,
        "dmean2": 8.3708524704,
        "dvar": 391.60067749,
        "dvar2": 874.138916016,
        "max": 534.053466797,
        "mean": 10.4478559494,
        "median": 3.53193473816,
        "min": -1.41448581219,
        "stdev": 24.7410964966,
        "var": 612.121887207
    },
    "melbands_skewness": {
        "dmean": 0.625930786133,
        "dmean2": 0.832413256168,
        "dvar": 0.745820343494,
        "dvar2": 1.30694234371,
        "max": 19.0052604675,
        "mean": 2.00148701668,
        "median": 1.53604125977,
        "min": -1.68384218216,
        "stdev": 1.93981683254,
        "var": 3.76288938522
    },
    "melbands_spread": {
        "dmean": 4.53637838364,
        "dmean2": 6.51659250259,
        "dvar": 38.4343605042,
        "dvar2": 63.6431121826,
        "max": 127.845977783,
        "mean": 22.3097515106,
        "median": 20.6325874329,
        "min": 0.657303214073,
        "stdev": 12.9809904099,
        "var": 168.506118774
    },
    "pitch_salience": {
        "dmean": 0.0632276535034,
        "dmean2": 0.0944949612021,
        "dvar": 0.00414127623662,
        "dvar2": 0.00874194409698,
        "max": 0.985170960426,
        "mean": 0.496034711599,
        "median": 0.505290925503,
        "min": 0.0533140860498,
        "stdev": 0.123662114143,
        "var": 0.0152923176065
    },
    "silence_rate_20dB": {
        "dmean": 0,
        "dmean2": 0,
        "dvar": 0,
        "dvar2": 0,
        "max": 1,
        "mean": 1,
        "median": 1,
        "min": 1,
        "stdev": 0,
        "var": 0
    },
    "silence_rate_30dB": {
        "dmean": 0.0340557284653,
        "dmean2": 0.0681642144918,
        "dvar": 0.0328958407044,
        "dvar2": 0.0650669485331,
        "max": 1,
        "mean": 0.954369664192,
        "median": 1,
        "min": 0,
        "stdev": 0.208683133125,
        "var": 0.0435486473143
    },
    "silence_rate_60dB": {
        "dmean": 0.00851393211633,
        "dmean2": 0.017041053623,
        "dvar": 0.0084414370358,
        "dvar2": 0.0198493395001,
        "max": 1,
        "mean": 0.0255220420659,
        "median": 0,
        "min": 0,
        "stdev": 0.157704815269,
        "var": 0.0248708091676
    },
    "spectral_centroid": {
        "dmean": 176.067672729,
        "dmean2": 259.964935303,
        "dvar": 103797.90625,
        "dvar2": 141783.578125,
        "max": 10819.6503906,
        "mean": 1210.96398926,
        "median": 1191.18103027,
        "min": 371.904510498,
        "stdev": 467.987182617,
        "var": 219012.015625
    },
    "spectral_complexity": {
        "dmean": 2.70510840416,
        "dmean2": 4.23625087738,
        "dvar": 7.69703149796,
        "dvar2": 16.6048431396,
        "max": 41,
        "mean": 18.031709671,
        "median": 18,
        "min": 0,
        "stdev": 6.95603847504,
        "var": 48.3864707947
    },
    "spectral_decrease": {
        "dmean": 2.40396769158e-09,
        "dmean2": 3.42825812183e-09,
        "dvar": 1.32872180736e-17,
        "dvar2": 2.22371013703e-17,
        "max": 1.56321618758e-28,
        "mean": -9.65806368214e-09,
        "median": -8.56873327848e-09,
        "min": -4.01688495799e-08,
        "stdev": 6.91227475258e-09,
        "var": 4.77795436766e-17
    },
    "spectral_energy": {
        "dmean": 0.00950890406966,
        "dmean2": 0.0134960711002,
        "dvar": 0.000195398679352,
        "dvar2": 0.000327105313772,
        "max": 0.154124200344,
        "mean": 0.0388021096587,
        "median": 0.0345195941627,
        "min": 1.04452829617e-20,
        "stdev": 0.0268884710968,
        "var": 0.000722989847418
    },
    "spectral_energyband_high": {
        "dmean": 0.00024107437639,
        "dmean2": 0.000340029480867,
        "dvar": 1.71281655525e-07,
        "dvar2": 3.50810523742e-07,
        "max": 0.00451173307374,
        "mean": 0.000602759188041,
        "median": 0.000380403042072,
        "min": 7.61932137315e-21,
        "stdev": 0.000719793082681,
        "var": 5.18102069691e-07
    },
    "spectral_energyband_low": {
        "dmean": 0.00565695390105,
        "dmean2": 0.00801125448197,
        "dvar": 0.000185204509762,
        "dvar2": 0.000308880611556,
        "max": 0.144290179014,
        "mean": 0.0163365788758,
        "median": 0.0112654278055,
        "min": 4.5971497185e-23,
        "stdev": 0.023866545409,
        "var": 0.000569611962419
    },
    "spectral_energyband_middle_high": {
        "dmean": 0.00318085029721,
        "dmean2": 0.00416177557781,
        "dvar": 2.307919749e-05,
        "dvar2": 4.18462295784e-05,
        "max": 0.0671985000372,
        "mean": 0.0108908619732,
        "median": 0.00623492756858,
        "min": 1.33325621405e-21,
        "stdev": 0.0115444343537,
        "var": 0.000133273963002
    },
    "spectral_energyband_middle_low": {
        "dmean": 0.00484290160239,
        "dmean2": 0.00735133513808,
        "dvar": 5.24136012245e-05,
        "dvar2": 0.000122507583001,
        "max": 0.0726497992873,
        "mean": 0.012483144179,
        "median": 0.00980190746486,
        "min": 2.03163755023e-22,
        "stdev": 0.0102866357192,
        "var": 0.000105814877315
    },
    "spectral_entropy": {
        "dmean": 0.174718797207,
        "dmean2": 0.253455072641,
        "dvar": 0.0335349105299,
        "dvar2": 0.0626161247492,
        "max": 9.81734275818,
        "mean": 7.33358621597,
        "median": 7.39239645004,
        "min": 5.54330348969,
        "stdev": 0.465975284576,
        "var": 0.217132970691
    },
    "spectral_flux": {
        "dmean": 0.033174470067,
        "dmean2": 0.0510995797813,
        "dvar": 0.00127855234314,
        "dvar2": 0.00275448057801,
        "max": 0.357771933079,
        "mean": 0.0924432873726,
        "median": 0.0764612257481,
        "min": 1.02202170338e-10,
        "stdev": 0.0580115877092,
        "var": 0.00336534413509
    },
    "spectral_kurtosis": {
        "dmean": 2.11727499962,
        "dmean2": 3.46281576157,
        "dvar": 9.92117118835,
        "dvar2": 30.5230464935,
        "max": 39.9550971985,
        "mean": 6.60732460022,
        "median": 5.50778102875,
        "min": -1.158411026,
        "stdev": 4.75529146194,
        "var": 22.6127967834
    },
    "spectral_rms": {
        "dmean": 0.00071267754538,
        "dmean2": 0.000990219530649,
        "dvar": 7.78698677095e-07,
        "dvar2": 1.23885035919e-06,
        "max": 0.012262343429,
        "mean": 0.00578769855201,
        "median": 0.00580324511975,
        "min": 3.19225939086e-12,
        "stdev": 0.00208765896969,
        "var": 4.35832043877e-06
    },
    "spectral_rolloff": {
        "dmean": 268.78112793,
        "dmean2": 437.569335938,
        "dvar": 468910.125,
        "dvar2": 724312.625,
        "max": 19336.8164062,
        "mean": 1186.20654297,
        "median": 1162.79296875,
        "min": 64.599609375,
        "stdev": 925.497253418,
        "var": 856545.1875
    },
    "spectral_skewness": {
        "dmean": 0.24047395587,
        "dmean2": 0.375105082989,
        "dvar": 0.0761359333992,
        "dvar2": 0.205731287599,
        "max": 4.26488542557,
        "mean": 1.95413899422,
        "median": 1.9025298357,
        "min": -0.0104860374704,
        "stdev": 0.457125276327,
        "var": 0.208963513374
    },
    "spectral_spread": {
        "dmean": 645997.375,
        "dmean2": 882093.3125,
        "dvar": 1.60087421747e+12,
        "dvar2": 1.91700690534e+12,
        "max": 39013068,
        "mean": 4505450.5,
        "median": 4306001,
        "min": 930581.9375,
        "stdev": 1859499.75,
        "var": 3.45773912883e+12
    },
    "spectral_strongpeak": {
        "dmean": 0.850530743599,
        "dmean2": 1.4188683033,
        "dvar": 1.79969108105,
        "dvar2": 3.71173214912,
        "max": 15.5068302155,
        "mean": 1.62119519711,
        "median": 0.652840018272,
        "min": 0,
        "stdev": 2.08672356606,
        "var": 4.35441541672
    },
    "zerocrossingrate": {
        "dmean": 0.00870402902365,
        "dmean2": 0.0101094264537,
        "dvar": 0.000302867672872,
        "dvar2": 0.000333022035193,
        "max": 0.5107421875,
        "mean": 0.0512944534421,
        "median": 0.04931640625,
        "min": 0.00537109375,
        "stdev": 0.0267490949482,
        "var": 0.000715514121111
    },
    "barkbands": {
        "dmean": [0.000356375734555, 0.00437160115689, 0.00216099829413, 0.00138540461194, 0.00118711683899, 0.000936589494813, 0.000633499177638, 0.000709820596967, 0.00166763260495, 0.00150562007912, 0.0007544143009, 0.000568419811316, 0.000870074727573, 0.000705060898326, 0.00090167822782, 0.000331659219228, 0.000138251300086, 0.000109742220957, 9.29338202695e-05, 8.06906828075e-05, 6.51920636301e-05, 3.0733350286e-05, 4.60720766569e-05, 3.07223999698e-05, 7.57571833674e-05, 1.69140093931e-05, 1.89937145478e-06],
        "dmean2": [0.000490992679261, 0.0057032792829, 0.0037017907016, 0.00242584221996, 0.00197196309455, 0.00141983909998, 0.00101648131385, 0.00107631192077, 0.00256122206338, 0.00213297526352, 0.00105224573053, 0.000849627773277, 0.00123299681582, 0.00100096629467, 0.00134332966991, 0.000515635823831, 0.000217104679905, 0.000174405780854, 0.000145030178828, 0.000118087373266, 9.89338877844e-05, 4.60488226963e-05, 6.80049270159e-05, 4.39109498984e-05, 0.000111465073132, 2.52658301179e-05, 2.98896316053e-06],
        "dvar": [1.01293164789e-06, 0.000158722876222, 5.00655260112e-05, 1.78203699761e-05, 3.77188530365e-06, 3.39269922733e-06, 4.26856649938e-06, 5.28835153091e-06, 2.26274278248e-05, 1.3665177903e-05, 3.41826535077e-06, 1.92496167983e-06, 6.3742745624e-06, 4.62217576569e-06, 3.33911839334e-06, 4.21182789978e-07, 5.4792387516e-08, 2.13437303387e-08, 2.03286152356e-08, 1.25592656275e-08, 1.35814408608e-08, 5.10045872204e-09, 7.3196448902e-09, 2.99681435223e-09, 2.9171960847e-08, 1.81586867765e-09, 3.49215725781e-11],
        "dvar2": [1.65341214142e-06, 0.000231669662753, 0.000133868597914, 4.88375517307e-05, 1.02249714473e-05, 7.95604955783e-06, 1.10624305307e-05, 1.17080680866e-05, 5.30188954144e-05, 3.13469099638e-05, 7.17283728591e-06, 4.12276540374e-06, 1.02034209704e-05, 7.82420647738e-06, 6.73609883961e-06, 9.33708349748e-07, 1.23088170767e-07, 5.12359470406e-08, 4.78686992267e-08, 2.57185437391e-08, 3.04562917108e-08, 1.20686989291e-08, 1.71968732587e-08, 5.842120121e-09, 6.61114398781e-08, 3.4232217061e-09, 7.49200146366e-11],
        "max": [0.0155139472336, 0.135022118688, 0.0660380572081, 0.0375802442431, 0.019779143855, 0.0405731126666, 0.0384922213852, 0.0471254810691, 0.0623891353607, 0.0586456172168, 0.0258480757475, 0.0188468694687, 0.0521119982004, 0.0596800260246, 0.0255480278283, 0.0100709469989, 0.00536608044058, 0.0016195976641, 0.00229107681662, 0.00130537897348, 0.00190073729027, 0.00100928335451, 0.00136148603633, 0.000779300637078, 0.00218751979992, 0.00105525541585, 0.000128830899484],
        "mean": [0.00083187763812, 0.0126218907535, 0.00200107763521, 0.00148261967115, 0.00258577894419, 0.00213812384754, 0.00108949118294, 0.00126027513761, 0.00266778818332, 0.00307168578729, 0.00161376886535, 0.00101351423655, 0.00164919556119, 0.00121693511028, 0.00159064563923, 0.000594029610511, 0.000270111719146, 0.000231274229009, 0.000183458207175, 0.000179226190085, 0.000144491961692, 5.29142380401e-05, 9.96436720015e-05, 5.98810547672e-05, 0.000122161756735, 2.82695054921e-05, 1.99058285943e-06],
        "median": [0.000172717162059, 0.00894933752716, 0.000653408933431, 0.000572595803533, 0.00165215553716, 0.00137864775024, 0.000413352739997, 0.000351163704181, 0.000522236805409, 0.000879085971974, 0.000351743947249, 0.000276235485217, 0.000328234484186, 0.000250467157457, 0.000535699306056, 0.000228714459809, 0.000139512078022, 0.0001432710269, 0.000104633647425, 9.99916082947e-05, 6.09091111983e-05, 1.90831724467e-05, 5.66664930375e-05, 3.10385330522e-05, 4.97339897265e-05, 1.2646288269e-05, 3.50380247482e-07],
        "min": [1.28882043657e-23, 2.11477452818e-23, 1.27975287489e-23, 3.83338239979e-24, 3.72789442071e-23, 4.1089609385e-23, 2.90281407143e-23, 2.8185305946e-23, 5.92422675353e-23, 5.25485397853e-23, 7.30806674831e-23, 4.59649401732e-23, 1.39972765341e-22, 1.21604940646e-22, 9.22831007053e-23, 1.17352387143e-22, 1.65835058937e-22, 1.69257453088e-22, 1.6244242693e-22, 3.78869445503e-22, 3.5311749146e-22, 5.00436798504e-22, 6.6594188639e-22, 7.35241537244e-22, 1.27473581104e-21, 1.55832123429e-21, 2.70507992611e-21],
        "stdev": [0.0017212361563, 0.0207194685936, 0.00595614966005, 0.00370210479014, 0.00292691867799, 0.00274884980172, 0.00233689462766, 0.00314701744355, 0.00582763925195, 0.00515592424199, 0.00341802625917, 0.00203713891096, 0.00443555787206, 0.00373928691261, 0.00277053541504, 0.00108537601773, 0.000421648670454, 0.000244215625571, 0.00025049506803, 0.000205723932595, 0.000204366733669, 0.000108099229692, 0.000127805789816, 8.66052869242e-05, 0.000215482505155, 6.1259517679e-05, 6.78766855344e-06],
        "var": [2.96265397992e-06, 0.000429296400398, 3.54757212335e-05, 1.37055794767e-05, 8.56685346662e-06, 7.55617566028e-06, 5.46107685295e-06, 9.90371881926e-06, 3.39613798133e-05, 2.65835533355e-05, 1.16829041872e-05, 4.14993473896e-06, 1.96741748368e-05, 1.39822659548e-05, 7.67586698203e-06, 1.17804108868e-06, 1.77787597977e-07, 5.96412732534e-08, 6.27477731996e-08, 4.23223340817e-08, 4.17657624041e-08, 1.16854428356e-08, 1.63343187864e-08, 7.50047579601e-09, 4.64327101213e-08, 3.75272879438e-09, 4.60724444706e-11]
    },
    "erbbands": {
        "dmean": [0.190780699253, 1.00002992153, 2.2512652874, 3.97714185715, 3.42848539352, 4.52904605865, 6.42223930359, 8.30882358551, 8.63600921631, 9.82697582245, 18.3735313416, 43.3314399719, 45.9079742432, 37.07213974, 31.044916153, 26.2303962708, 39.4054794312, 31.6568851471, 53.0595932007, 21.0404434204, 14.5924940109, 6.28204202652, 5.08228254318, 6.54903745651, 3.32486915588, 3.70433855057, 3.33929085732, 1.93988239765, 1.08198809624, 1.11316561699, 1.42386114597, 0.676395833492, 0.553231775761, 0.588192939758, 0.773556530476, 0.118609979749, 0.0291538201272, 0.00582640850917, 0.000184315227671, 1.34572710522e-05],
        "dmean2": [0.241470769048, 1.30472302437, 3.49424576759, 6.86225795746, 5.95956850052, 7.29727077484, 9.96065330505, 12.6936016083, 13.768986702, 15.5398292542, 27.8273105621, 64.4277496338, 65.5291748047, 49.2391662598, 42.1979370117, 36.3760185242, 52.7560501099, 42.238735199, 74.9887161255, 31.4381561279, 21.9752883911, 9.54720592499, 8.05012989044, 10.2149868011, 5.12643957138, 5.3908200264, 4.9344997406, 2.96268677711, 1.58923840523, 1.70678770542, 2.10541248322, 0.993568181992, 0.804026067257, 0.852395415306, 1.16447818279, 0.172915831208, 0.0432431288064, 0.00874634552747, 0.000282851338852, 1.87315527e-05],
        "dvar": [0.292069703341, 9.9394903183, 53.973815918, 149.183486938, 79.9153594971, 50.8400688171, 122.385566711, 453.468597412, 673.637268066, 650.340881348, 3493.51635742, 13321.6796875, 16516.0917969, 5442.78759766, 7522.53710938, 2671.5234375, 14834.9794922, 9294.80761719, 12058.7675781, 1424.60803223, 1031.8638916, 129.094604492, 47.4026947021, 117.72403717, 29.1102542877, 29.3404159546, 26.3851280212, 18.2330951691, 6.805103302, 6.03600168228, 7.28343343735, 1.52563333511, 0.925894916058, 1.2434720993, 4.35121536255, 0.0747464522719, 0.00487824063748, 0.000248847441981, 2.99904456824e-07, 3.63172325546e-10],
        "dvar2": [0.492573082447, 15.1652126312, 128.113342285, 394.847503662, 222.252365112, 130.579360962, 295.123809814, 1075.96325684, 1722.06335449, 1635.95812988, 7599.5390625, 29560.6914062, 35680.8007812, 9676.06640625, 16445.671875, 5058.32177734, 21967.8339844, 13850.4648438, 23863.953125, 2928.39160156, 2109.85839844, 293.689971924, 117.271591187, 279.111785889, 63.2935409546, 59.6498947144, 58.921749115, 44.3495101929, 15.9005842209, 13.9165773392, 17.2815303802, 3.1306848526, 1.85827457905, 2.13893485069, 10.4881572723, 0.152303427458, 0.00944374129176, 0.000491246406455, 6.17438956851e-07, 6.49168774292e-10],
        "max": [6.69713592529, 33.2376022339, 73.6273651123, 101.295043945, 110.350906372, 90.8247299194, 189.542175293, 505.521209717, 451.560516357, 333.088378906, 1268.95397949, 1591.40307617, 2091.8359375, 1483.87854004, 1483.99389648, 886.752380371, 2862.27905273, 2994.05371094, 1571.63085938, 473.798400879, 669.471984863, 271.880615234, 77.9008789062, 188.552124023, 82.0977172852, 71.6836929321, 96.6700897217, 62.1674308777, 39.4810218811, 43.0882377625, 48.6940307617, 15.9906187057, 12.9506721497, 19.3229103088, 27.6233501434, 5.49836540222, 1.49380552769, 0.335724771023, 0.0112371500582, 0.000296117825201],
        "mean": [0.491869240999, 2.29109406471, 2.55112195015, 4.26003742218, 4.96454524994, 9.84047794342, 15.6206903458, 17.6411933899, 16.5320014954, 16.8898658752, 33.2161407471, 73.5368881226, 80.4931564331, 80.2475357056, 68.2117233276, 56.3563346863, 79.6698455811, 65.5234222412, 98.3983535767, 43.5240821838, 30.747505188, 13.6688747406, 11.7634935379, 13.9364395142, 7.51561069489, 8.66526412964, 7.69804811478, 4.01808834076, 1.92537307739, 2.21218204498, 3.03055906296, 1.36548542976, 1.06797885895, 1.11514890194, 1.03982591629, 0.191891551018, 0.0481043793261, 0.00828055478632, 0.000254925573245, 5.31096156919e-05],
        "median": [0.367088735104, 1.4083224535, 0.9568400383, 1.54496920109, 2.86819839478, 5.57671356201, 9.68730068207, 9.05821609497, 6.74137544632, 7.75786542892, 10.9174623489, 17.5193443298, 26.7161884308, 27.9262809753, 20.5338973999, 19.8818016052, 21.3987541199, 20.2658042908, 34.2640571594, 20.6735057831, 12.9231071472, 7.38945245743, 7.74653100967, 7.63568210602, 4.60737133026, 4.77717447281, 3.97470760345, 1.44938004017, 0.672484815121, 1.0738928318, 1.7285194397, 0.703627824783, 0.518333792686, 0.487915664911, 0.350285738707, 0.0795302391052, 0.0212485883385, 0.00274755619466, 9.52054542722e-05, 4.65280791104e-05],
        "min": [1.44563049761e-21, 1.96428637319e-21, 1.32812111074e-20, 1.08322047712e-20, 5.89379757376e-20, 1.74550786906e-19, 1.82334789115e-19, 3.24368795949e-19, 5.76260543614e-19, 3.55575864768e-19, 5.29022585276e-19, 1.5768250368e-18, 1.05906177553e-18, 2.33971014111e-18, 3.01238272102e-18, 2.32827685068e-18, 5.56489892998e-18, 5.71809071147e-18, 6.55486496477e-18, 5.18988791388e-18, 7.88672873497e-18, 7.98094047084e-18, 7.65895545432e-18, 1.08338260193e-17, 9.37243775934e-18, 1.71356568483e-17, 1.67680792908e-17, 1.30605209549e-17, 1.81817557731e-17, 1.701340948e-17, 2.1340257261e-17, 1.45458337598e-17, 1.34510933063e-17, 1.27853303728e-17, 9.50904332878e-18, 7.07010542857e-18, 2.54616821815e-18, 1.35680791856e-18, 3.97601835614e-19, 3.52452127045e-20],
        "stdev": [0.780838608742, 4.50698232651, 7.12814426422, 11.0185785294, 8.17929649353, 12.4820423126, 20.3133487701, 29.3288383484, 31.8612060547, 31.339094162, 79.1788635254, 152.55291748, 165.714447021, 132.958374023, 139.956542969, 96.595916748, 220.171600342, 188.343536377, 174.545700073, 61.5807380676, 61.4521751404, 20.9716930389, 11.820766449, 19.1281337738, 9.05045318604, 10.263841629, 9.59853363037, 6.64070272446, 3.95434617996, 3.71352338791, 3.87045025826, 1.89971792698, 1.52238345146, 1.82778036594, 2.24370336533, 0.381588101387, 0.0986458733678, 0.0208690557629, 0.00067465758184, 3.64774859918e-05],
        "var": [0.60970890522, 20.3128890991, 50.8104400635, 121.409080505, 66.900894165, 155.801391602, 412.632110596, 860.180786133, 1015.13647461, 982.138793945, 6269.29248047, 23272.3945312, 27461.2773438, 17677.9296875, 19587.8359375, 9330.77148438, 48475.5351562, 35473.2851562, 30466.1992188, 3792.18725586, 3776.36962891, 439.811920166, 139.730514526, 365.885528564, 81.9107055664, 105.346443176, 92.1318511963, 44.0989303589, 15.6368532181, 13.7902555466, 14.9803857803, 3.60892820358, 2.31765151024, 3.34078097343, 5.03420495987, 0.145609483123, 0.0097310077399, 0.000435517460573, 4.55162847857e-07, 1.33060706897e-09]
    },
    "gfcc": {
        "mean": [7.53248643875, 90.1746292114, -130.203735352, 9.48305892944, -52.9935951233, 20.8629398346, -38.9494628906, 12.9826955795, -26.472776413, 7.08336591721, -12.209274292, 1.20271122456, -1.38228857517],
        "cov": [[6972.06982422, 91.2018127441, 1699.1751709, 1470.6270752, 238.177627563, 953.399597168, 157.467025757, 652.473266602, 48.7708854675, 390.285308838, -280.23828125, 108.090385437, -145.186889648], [91.2018127441, 1861.24169922, 446.387664795, 707.07220459, 782.50177002, 167.860031128, 472.697692871, 143.826309204, 220.589202881, -172.784347534, 1.762185812, -108.526771545, 58.9333572388], [1699.1751709, 446.387664795, 1746.38757324, 982.938659668, 413.771392822, 367.454223633, 102.011032104, 437.46484375, 151.87689209, 210.160018921, -123.860572815, 116.493263245, -87.9588546753], [1470.6270752, 707.07220459, 982.938659668, 1049.4083252, 494.797546387, 348.986663818, 244.277862549, 294.41885376, 156.924987793, 30.1391162872, -104.122451782, 14.6058635712, -31.4870052338], [238.177627563, 782.50177002, 413.771392822, 494.797546387, 580.975524902, 213.36756897, 250.003479004, 130.983154297, 104.11958313, -53.956325531, -56.4671592712, -34.4953956604, 1.52721869946], [953.399597168, 167.860031128, 367.454223633, 348.986663818, 213.36756897, 357.769775391, 168.095489502, 116.635070801, 37.9667243958, 62.6856842041, -43.01587677, -6.28604078293, -28.730009079], [157.467025757, 472.697692871, 102.011032104, 244.277862549, 250.003479004, 168.095489502, 330.459411621, 53.6480751038, 76.4534072876, -11.9870176315, 7.40921974182, -38.7543525696, 10.5235567093], [652.473266602, 143.826309204, 437.46484375, 294.41885376, 130.983154297, 116.635070801, 53.6480751038, 243.453414917, 80.167350769, 58.8774604797, -27.1653957367, 41.6047973633, 11.6736078262], [48.7708854675, 220.589202881, 151.87689209, 156.924987793, 104.11958313, 37.9667243958, 76.4534072876, 80.167350769, 131.941436768, 13.6510648727, 18.4555072784, 10.5880279541, 18.8495788574], [390.285308838, -172.784347534, 210.160018921, 30.1391162872, -53.956325531, 62.6856842041, -11.9870176315, 58.8774604797, 13.6510648727, 167.516540527, 28.3262710571, 38.8131332397, -13.1182336807], [-280.23828125, 1.762185812, -123.860572815, -104.122451782, -56.4671592712, -43.01587677, 7.40921974182, -27.1653957367, 18.4555072784, 28.3262710571, 127.792350769, 23.2021408081, 19.9151344299], [108.090385437, -108.526771545, 116.493263245, 14.6058635712, -34.4953956604, -6.28604078293, -38.7543525696, 41.6047973633, 10.5880279541, 38.8131332397, 23.2021408081, 94.037727356, 19.2994117737], [-145.186889648, 58.9333572388, -87.9588546753, -31.4870052338, 1.52721869946, -28.730009079, 10.5235567093, 11.6736078262, 18.8495788574, -13.1182336807, 19.9151344299, 19.2994117737, 84.3465652466]],
        "icov": [[0.000470815954031, -0.000388093991205, 0.000382332189474, -0.000619422935415, 0.000822413130663, -0.00106247677468, 0.000436295464169, -0.000814186118077, 0.00060848495923, -0.000883824075572, 0.000839588523377, -0.000630452879705, 0.000603092834353], [-0.000388093991205, 0.00265980674885, -0.00102481397334, 0.000172693806235, -0.00268239807338, 0.0020245173946, -0.00177117355634, 0.00114640768152, -0.00130050547887, 0.00244084699079, -0.00243553123437, 0.00285120657645, -0.00213729054667], [0.000382332189474, -0.00102481397334, 0.00297078443691, -0.00186725566164, 0.00062723091105, -0.00104599865153, 0.00141436234117, -0.00245282193646, 0.000680896744598, -0.00325417751446, 0.00223659910262, -0.00310456589796, 0.00309447105974], [-0.000619422935415, 0.000172693806235, -0.00186725566164, 0.00434559304267, -0.0015636193566, 0.000135823182063, -0.000917476660106, 0.000504397088662, -0.0018093152903, 0.00234406394884, -0.000418288604124, 0.000871830969118, -0.00072445202386], [0.000822413130663, -0.00268239807338, 0.00062723091105, -0.0015636193566, 0.00732711097226, -0.0035001502838, 0.000289058923954, -0.00168029463384, 0.000998716801405, -0.00089107133681, 0.00303813023493, -0.00208770600148, 0.00163040321786], [-0.00106247677468, 0.0020245173946, -0.00104599865153, 0.000135823182063, -0.0035001502838, 0.00877298973501, -0.00377285201102, 0.00126294291113, -0.000146808626596, 0.000367827073205, -0.00172710744664, 0.0025203844998, -0.00101482518949], [0.000436295464169, -0.00177117355634, 0.00141436234117, -0.000917476660106, 0.000289058923954, -0.00377285201102, 0.00744059169665, -0.000816552317701, -0.000628874753602, -0.00201488658786, 0.000306038389681, -0.000214930216316, 0.000819396518636], [-0.000814186118077, 0.00114640768152, -0.00245282193646, 0.000504397088662, -0.00168029463384, 0.00126294291113, -0.000816552317701, 0.0109734786674, -0.00404819194227, 0.00111992564052, -0.000789811485447, 0.000586533627938, -0.00439715757966], [0.00060848495923, -0.00130050547887, 0.000680896744598, -0.0018093152903, 0.000998716801405, -0.000146808626596, -0.000628874753602, -0.00404819194227, 0.0134879676625, -0.00219883769751, -0.00110237067565, -0.00115814909805, -0.000269623531494], [-0.000883824075572, 0.00244084699079, -0.00325417751446, 0.00234406394884, -0.00089107133681, 0.000367827073205, -0.00201488658786, 0.00111992564052, -0.00219883769751, 0.0137354200706, -0.00596951087937, 0.00233454629779, -0.00200452236459], [0.000839588523377, -0.00243553123437, 0.00223659910262, -0.000418288604124, 0.00303813023493, -0.00172710744664, 0.000306038389681, -0.000789811485447, -0.00110237067565, -0.00596951087937, 0.0144169218838, -0.00641378061846, 0.0021324637346], [-0.000630452879705, 0.00285120657645, -0.00310456589796, 0.000871830969118, -0.00208770600148, 0.0025203844998, -0.000214930216316, 0.000586533627938, -0.00115814909805, 0.00233454629779, -0.00641378061846, 0.0197070334107, -0.00752040743828], [0.000603092834353, -0.00213729054667, 0.00309447105974, -0.00072445202386, 0.00163040321786, -0.00101482518949, 0.000819396518636, -0.00439715757966, -0.000269623531494, -0.00200452236459, 0.0021324637346, -0.00752040743828, 0.0184407457709]]
    },
    "melbands": {
        "dmean": [0.00138688855805, 0.0011250267271, 0.000626799941529, 0.000260970729869, 0.000212823069887, 0.000177729452844, 0.000133733497933, 0.0001145165661, 0.000163517819601, 0.000275494239759, 0.000228205652093, 0.000158259470481, 0.000103620543086, 7.53032509238e-05, 8.341895591e-05, 7.51161860535e-05, 6.74401962897e-05, 8.99379156181e-05, 4.24419122282e-05, 2.79610940197e-05, 1.59396549861e-05, 7.33078832127e-06, 6.27064309811e-06, 5.2008140301e-06, 5.89085038882e-06, 2.75712795883e-06, 2.4848970952e-06, 2.68763051281e-06, 2.5494368856e-06, 1.73803607595e-06, 1.05460571831e-06, 6.67431834245e-07, 5.40980352071e-07, 7.19598858723e-07, 9.87735120361e-07, 5.94612572513e-07, 3.89598909578e-07, 3.92971458041e-07, 4.57117607766e-07, 4.98601195886e-07],
        "dmean2": [0.0016144644469, 0.00152883562259, 0.0010832779808, 0.000434905668953, 0.000332702795276, 0.000271787634119, 0.000212971805013, 0.000179689974175, 0.000253084610449, 0.000409765547374, 0.000323948712321, 0.000208795507206, 0.000141790762427, 0.00010500037024, 0.000110754008347, 0.000102232617792, 8.99577353266e-05, 0.000127833511215, 6.39471909381e-05, 4.29104547948e-05, 2.44964030571e-05, 1.13769665404e-05, 1.00744473457e-05, 8.39220683702e-06, 9.23442075873e-06, 4.37963990407e-06, 3.76175580641e-06, 3.96957875637e-06, 3.7728245843e-06, 2.76811442745e-06, 1.59577325576e-06, 9.92585569293e-07, 8.19287549803e-07, 1.12441421152e-06, 1.47286561969e-06, 8.87969349606e-07, 5.71271243643e-07, 5.80851292398e-07, 6.62485035718e-07, 7.31057468784e-07],
        "dvar": [1.33253097374e-05, 1.08730691863e-05, 3.52014194505e-06, 2.36583431956e-07, 1.13799444534e-07, 1.74442632783e-07, 1.75232429456e-07, 8.93043790029e-08, 2.47727456326e-07, 5.46240926269e-07, 4.15971896928e-07, 1.04146117508e-07, 7.42551762301e-08, 3.08895877765e-08, 4.21014618723e-08, 4.83251696437e-08, 4.84882924923e-08, 3.42238237749e-08, 6.82742395952e-09, 2.53113419113e-09, 1.30609001392e-09, 2.40813508023e-10, 1.06587010051e-10, 4.97496557839e-11, 1.00414801474e-10, 2.10157689862e-11, 1.4187428142e-11, 1.52172753565e-11, 1.56387489764e-11, 9.50469737637e-12, 5.99045943059e-12, 2.87659522938e-12, 1.90074540309e-12, 2.14812456018e-12, 3.61319134334e-12, 9.74522979674e-13, 6.43825650345e-13, 4.9438968544e-13, 6.77348585207e-13, 9.79880347869e-13],
        "dvar2": [1.94423009816e-05, 2.0721281544e-05, 9.3588278105e-06, 6.43973521619e-07, 2.87152630563e-07, 4.12633170299e-07, 4.49727906471e-07, 2.20044611865e-07, 5.45574607713e-07, 1.22478252251e-06, 9.04088892639e-07, 1.81940734478e-07, 1.58625113045e-07, 6.57217924527e-08, 7.06964371489e-08, 7.72351711475e-08, 7.10570091655e-08, 7.03467151197e-08, 1.39941995769e-08, 5.72813751987e-09, 2.66990696218e-09, 5.3472054562e-10, 2.51518500471e-10, 1.24603244389e-10, 2.36089953143e-10, 4.56082636935e-11, 3.10815123639e-11, 3.23512779066e-11, 3.31237398621e-11, 2.33323742271e-11, 1.43840625175e-11, 7.0364343692e-12, 4.48980132586e-12, 4.95824345123e-12, 8.60221355953e-12, 2.24456434342e-12, 1.33777526817e-12, 1.06284642545e-12, 1.18522292675e-12, 1.73132461059e-12],
        "max": [0.0467537157238, 0.0334027595818, 0.0156222097576, 0.00520615139976, 0.00534346094355, 0.0097608147189, 0.00756452791393, 0.00390365207568, 0.00935144815594, 0.00894415378571, 0.0106559339911, 0.00644485326484, 0.00432239472866, 0.00295146577992, 0.00398493604735, 0.0056098815985, 0.00684920838103, 0.00252622738481, 0.00110617431346, 0.000695246155374, 0.000729326624423, 0.000395320617827, 0.000177430381882, 6.76842246321e-05, 0.000175914872671, 6.91921304679e-05, 4.64896656922e-05, 4.81318966195e-05, 8.49710413604e-05, 3.41373015544e-05, 3.24058855767e-05, 2.46473009611e-05, 2.03654617508e-05, 2.63633082795e-05, 3.37076380674e-05, 1.41772979987e-05, 1.22313886095e-05, 1.0844978533e-05, 1.17007029985e-05, 1.701324436e-05],
        "mean": [0.00390906259418, 0.00187099492177, 0.000725181016605, 0.000526307267137, 0.00053164048586, 0.000388420245145, 0.000250485580182, 0.000194876076421, 0.000288358074613, 0.00045770170982, 0.000393500406062, 0.000327003275743, 0.000220009911573, 0.000143857309013, 0.000166641213582, 0.000137686511152, 0.000123060206533, 0.000159769799211, 7.56946465117e-05, 5.10033860337e-05, 3.08201633743e-05, 1.4133379409e-05, 1.1962823919e-05, 1.08131162051e-05, 1.15798138722e-05, 5.09632855028e-06, 5.30061970494e-06, 5.71907594349e-06, 5.45815191799e-06, 3.41469240084e-06, 1.94346921489e-06, 1.1024012565e-06, 9.01601026726e-07, 1.36151891184e-06, 2.0119173314e-06, 1.13701162263e-06, 7.11619577487e-07, 7.03877162778e-07, 8.44559281177e-07, 9.19776653063e-07],
        "median": [0.00293958489783, 0.000911742215976, 0.000318861391861, 0.000311885611154, 0.00035569051397, 0.000222080081585, 9.74060312728e-05, 8.33478552522e-05, 7.65239383327e-05, 9.88674801192e-05, 0.000116356539365, 9.64625214692e-05, 5.0951326557e-05, 4.6553897846e-05, 4.29036517744e-05, 3.28839414578e-05, 2.48416217801e-05, 5.00366222695e-05, 3.07569498545e-05, 2.15864965867e-05, 1.13701207738e-05, 6.78828746459e-06, 7.01468434272e-06, 6.74876264384e-06, 5.78455956202e-06, 2.64205914391e-06, 2.92862205242e-06, 2.91392620966e-06, 2.76504147223e-06, 1.41953887578e-06, 5.43685359844e-07, 3.24742643443e-07, 3.26591077737e-07, 6.52704159165e-07, 1.0914560562e-06, 5.94473306137e-07, 3.2049470633e-07, 3.3597208926e-07, 3.84323783464e-07, 3.73220501615e-07],
        "min": [9.66372516038e-24, 4.64407542499e-24, 3.2008467075e-24, 8.67332291565e-24, 6.83166007924e-24, 8.4669537474e-24, 7.58077265003e-24, 4.68812305136e-24, 4.08837577095e-24, 1.04473882611e-23, 4.97701338118e-24, 9.39245798318e-24, 1.15977383653e-23, 5.00009466241e-24, 8.83997688163e-24, 1.5147628216e-23, 9.752666072e-24, 1.11935386592e-23, 6.09319160864e-24, 8.06522238711e-24, 1.00183283925e-23, 9.52072124435e-24, 6.66229164289e-24, 7.35746190498e-24, 9.0827409366e-24, 5.68985176097e-24, 1.04666908986e-23, 1.12273208386e-23, 1.24232497481e-23, 6.46041740407e-24, 7.96861138091e-24, 1.15442890946e-23, 8.27331521644e-24, 9.26360623178e-24, 1.39967937512e-23, 8.58758714589e-24, 8.79899476874e-24, 9.7630821914e-24, 9.50435790259e-24, 1.10815732643e-23],
        "stdev": [0.00607388280332, 0.00410051643848, 0.00168139929883, 0.000664366816636, 0.000624463369604, 0.000588576600421, 0.00049858255079, 0.000379818200599, 0.00065494159935, 0.00096317572752, 0.000832119141705, 0.000581726897508, 0.000478929956444, 0.000269266689429, 0.000385691819247, 0.000377943593776, 0.000421576347435, 0.000285561545752, 0.000117477291496, 7.72160856286e-05, 6.76738491165e-05, 2.7326246709e-05, 1.68742590176e-05, 1.13232017611e-05, 1.73786829691e-05, 7.07656818122e-06, 6.42852455712e-06, 6.89901980877e-06, 7.37279697205e-06, 5.00229953104e-06, 3.685823458e-06, 2.43054910243e-06, 1.94762333194e-06, 2.18826221499e-06, 2.67534687737e-06, 1.44557213844e-06, 1.18329296583e-06, 1.05499441361e-06, 1.33535354507e-06, 1.59029661972e-06],
        "var": [3.68920518667e-05, 1.68142360053e-05, 2.82710357169e-06, 4.41383235739e-07, 3.89954465163e-07, 3.46422410757e-07, 2.48584569817e-07, 1.44261861124e-07, 4.28948510489e-07, 9.27707503706e-07, 6.92422247539e-07, 3.38406181299e-07, 2.29373910088e-07, 7.25045481431e-08, 1.48758189766e-07, 1.42841358297e-07, 1.77726619199e-07, 8.15454015424e-08, 1.38009141892e-08, 5.96232352379e-09, 4.57974991264e-09, 7.46723738398e-10, 2.84740619971e-10, 1.28214897033e-10, 3.02018632325e-10, 5.00778203627e-11, 4.13259287901e-11, 4.75964719027e-11, 5.43581360479e-11, 2.50230010324e-11, 1.35852943478e-11, 5.90756913874e-12, 3.79323655819e-12, 4.78849165181e-12, 7.15748077126e-12, 2.0896786905e-12, 1.40018216205e-12, 1.11301332734e-12, 1.78316909849e-12, 2.52904338097e-12]
    },
    "melbands128": {
