{
"lowlevel": {
    "average_loudness": 0.469737201929,
    "barkbands_crest": {
        "dmean": 2.20781064034,
        "dmean2": 3.46686840057,
        "dvar": 4.70196247101,
        "dvar2": 12.0838871002,
        "max": 24.6188793182,
        "mean": 11.8168201447,
        "median": 10.7903032303,
        "min": 3.53136754036,
        "stdev": 4.80682134628,
        "var": 23.1055297852
    },
    "barkbands_flatness_db": {
        "dmean": 0.0184526629746,
        "dmean2": 0.0271567348391,
        "dvar": 0.000396859803004,
        "dvar2": 0.000799224711955,
        "max": 0.381662547588,
        "mean": 0.18264041841,
        "median": 0.178072735667,
        "min": 0.0432802587748,
        "stdev": 0.0640241503716,
        "var": 0.00409909198061
    },
    "barkbands_kurtosis": {
        "dmean": 3.31832695007,
        "dmean2": 5.06733417511,
        "dvar": 57.494468689,
        "dvar2": 134.626190186,
        "max": 207.867767334,
        "mean": 7.97436141968,
        "median": 3.1666469574,
        "min": -1.80918073654,
        "stdev": 15.0215234756,
        "var": 225.646179199
    },
    "barkbands_skewness": {
        "dmean": 0.497650146484,
        "dmean2": 0.756345272064,
        "dvar": 0.300910532475,
        "dvar2": 0.708577156067,
        "max": 11.3262691498,
        "mean": 1.77553713322,
        "median": 1.42192602158,
        "min": -2.01761293411,
        "stdev": 1.42278981209,
        "var": 2.02433085442
    },
    "barkbands_spread": {
        "dmean": 3.1849565506,
        "dmean2": 4.83981227875,
        "dvar": 44.5250396729,
        "dvar2": 101.38659668,
        "max": 92.2312011719,
        "mean": 12.6910667419,
        "median": 10.6682577133,
        "min": 0.697584152222,
        "stdev": 10.9301652908,
        "var": 119.468521118
    },
    "dissonance": {
        "dmean": 0.0272205397487,
        "dmean2": 0.0452647320926,
        "dvar": 0.000618009478785,
        "dvar2": 0.0017058524536,
        "max": 0.497039854527,
        "mean": 0.420168995857,
        "median": 0.424895763397,
        "min": 0.278789192438,
        "stdev": 0.0422600954771,
        "var": 0.00178591557778
    },
    "dynamic_complexity": 4.01681852341,
    "erbbands_crest": {
        "dmean": 2.31128430367,
        "dmean2": 3.65305733681,
        "dvar": 5.1803355217,
        "dvar2": 12.5462627411,
        "max": 25.2329349518,
        "mean": 11.532374382,
        "median": 10.5179424286,
        "min": 2.87838745117,
        "stdev": 4.56877803802,
        "var": 20.8737335205
    },
    "erbbands_flatness_db": {
        "dmean": 0.0163831282407,
        "dmean2": 0.023434471339,
        "dvar": 0.000321031257045,
        "dvar2": 0.000668123306241,
        "max": 0.321680992842,
        "mean": 0.203472569585,
        "median": 0.199005573988,
        "min": 0.0665415078402,
        "stdev": 0.0489600524306,
        "var": 0.00239708670415
    },
    "erbbands_kurtosis": {
        "dmean": 0.969495952129,
        "dmean2": 1.438393116,
        "dvar": 1.5776617527,
        "dvar2": 3.64652872086,
        "max": 25.0302028656,
        "mean": 1.46111273766,
        "median": 0.844201803207,
        "min": -1.70122158527,
        "stdev": 2.39996981621,
        "var": 5.75985527039
    },
    "erbbands_skewness": {
        "dmean": 0.311432182789,
        "dmean2": 0.463454127312,
        "dvar": 0.102143518627,
        "dvar2": 0.230025783181,
        "max": 4.47950983047,
        "mean": 0.670947790146,
        "median": 0.657329440117,
        "min": -1.99523437023,
        "stdev": 0.835696935654,
        "var": 0.698389410973
    },
    "erbbands_spread": {
        "dmean": 5.17771482468,
        "dmean2": 7.70917892456,
        "dvar": 73.5453262329,
        "dvar2": 182.071426392,
        "max": 116.237991333,
        "mean": 25.6698246002,
        "median": 21.5563316345,
        "min": 4.47751235962,
        "stdev": 15.5715284348,
        "var": 242.472503662
    },
    "hfc": {
        "dmean": 4.91990756989,
        "dmean2": 6.86708068848,
        "dvar": 101.435562134,
        "dvar2": 224.999542236,
        "max": 210.461639404,
        "mean": 18.4999523163,
        "median": 10.2396507263,
        "min": 1.20877027878e-16,
        "stdev": 19.424993515,
        "var": 377.330352783
    },
    "loudness_ebu128": {
        "integrated": -17.5530853271,
        "loudness_range": 8.89911079407,
        "momentary": {
            "dmean": 0.521794915199,
            "dmean2": 0.506803691387,
            "dvar": 0.351003408432,
            "dvar2": 0.371561676264,
            "max": -12.0222129822,
            "mean": -19.2451381683,
            "median": -18.1255569458,
            "min": -30.9278068542,
            "stdev": 4.17306089401,
            "var": 17.4144363403
        },
        "short_term": {
            "dmean": 0.115725889802,
            "dmean2": 0.0740183219314,
            "dvar": 0.01713225618,
            "dvar2": 0.00652600452304,
            "max": -15.6253204346,
            "mean": -19.1033592224,
            "median": -18.0171260834,
            "min": -27.9293518066,
            "stdev": 3.36791181564,
            "var": 11.3428297043
        }
    },
    "melbands_crest": {
        "dmean": 2.53419756889,
        "dmean2": 3.98894309998,
        "dvar": 6.19998311996,
        "dvar2": 15.1036157608,
        "max": 32.7968826294,
        "mean": 15.0466880798,
        "median": 13.876496315,
        "min": 2.08061742783,
        "stdev": 5.54222631454,
        "var": 30.7162723541
    },
    "melbands_flatness_db": {
        "dmean": 0.0206786990166,
        "dmean2": 0.0298167206347,
        "dvar": 0.000585994508583,
        "dvar2": 0.00116893928498,
        "max": 0.515799462795,
        "mean": 0.263426363468,
        "median": 0.267693966627,
        "min": 0.00571796530858,
        "stdev": 0.0796301960945,
        "var": 0.00634096795693
    },
    "melbands_kurtosis": {
        "dmean": 4.99243068695,
        "dmean2": 7.59176111221,
        "dvar": 115.340415955,
        "dvar2": 251.20451355,
        "max": 322.510528564,
        "mean": 13.0256309509,
        "median": 4.92186594009,
        "min": -1.37403321266,
        "stdev": 25.0526199341,
        "var": 627.633728027
    },
    "melbands_skewness": {
        "dmean": 0.548565804958,
        "dmean2": 0.828610539436,
        "dvar": 0.395048499107,
        "dvar2": 0.916713178158,
        "max": 11.9052782059,
        "mean": 2.2800951004,
        "median": 1.87406241894,
        "min": -0.381735622883,
        "stdev": 1.65361559391,
        "var": 2.73444437981
    },
    "melbands_spread": {
        "dmean": 4.00008440018,
        "dmean2": 5.92430353165,
        "dvar": 81.5478515625,
        "dvar2": 153.743225098,
        "max": 159.939727783,
        "mean": 15.641292572,
        "median": 11.9829139709,
        "min": 0.535990536213,
        "stdev": 15.241109848,
        "var": 232.291427612
    },
    "pitch_salience": {
        "dmean": 0.0588488727808,
        "dmean2": 0.0904441550374,
        "dvar": 0.00304118893109,
        "dvar2": 0.00707484642044,
        "max": 0.825066328049,
        "mean": 0.542912304401,
        "median": 0.547763347626,
        "min": 0.222610920668,
        "stdev": 0.127795353532,
        "var": 0.0163316521794
    },
    "silence_rate_20dB": {
        "dmean": 0.00154798757285,
        "dmean2": 0.00309837330133,
        "dvar": 0.00154559093062,
        "dvar2": 0.00308877159841,
        "max": 1,
        "mean": 0.997679829597,
        "median": 1,
        "min": 0,
        "stdev": 0.0481124259531,
        "var": 0.00231480551884
    },
    "silence_rate_30dB": {
        "dmean": 0.0030959751457,
        "dmean2": 0.00619674660265,
        "dvar": 0.00308638857678,
        "dvar2": 0.00615835282952,
        "max": 1,
        "mean": 0.98143851757,
        "median": 1,
        "min": 0,
        "stdev": 0.134970232844,
        "var": 0.0182169657201
    },
    "silence_rate_60dB": {
        "dmean": 0.0232198145241,
        "dmean2": 0.0457010082901,
        "dvar": 0.022680811584,
        "dvar2": 0.048260577023,
        "max": 1,
        "mean": 0.112915702164,
        "median": 0,
        "min": 0,
        "stdev": 0.316489756107,
        "var": 0.100165769458
    },
    "spectral_centroid": {
        "dmean": 142.126266479,
        "dmean2": 199.660842896,
        "dvar": 143796.234375,
        "dvar2": 201887.546875,
        "max": 10977.8564453,
        "mean": 800.570129395,
        "median": 597.839782715,
        "min": 141.277542114,
        "stdev": 618.494140625,
        "var": 382535.03125
    },
    "spectral_complexity": {
        "dmean": 1.72445821762,
        "dmean2": 2.79240894318,
        "dvar": 6.26774835587,
        "dvar2": 13.8081970215,
        "max": 62,
        "mean": 12.2405261993,
        "median": 11,
        "min": 0,
        "stdev": 5.74248743057,
        "var": 32.9761619568
    },
    "spectral_decrease": {
        "dmean": 1.74473657744e-09,
        "dmean2": 2.55946019934e-09,
        "dvar": 2.94936243577e-17,
        "dvar2": 6.69738495831e-17,
        "max": 8.12087560165e-29,
        "mean": -6.8454801827e-09,
        "median": -5.6301003859e-09,
        "min": -1.42586245033e-07,
        "stdev": 9.10647823815e-09,
        "var": 8.29279533727e-17
    },
    "spectral_energy": {
        "dmean": 0.00691885035485,
        "dmean2": 0.010129917413,
        "dvar": 0.000443663011538,
        "dvar2": 0.00101453019306,
        "max": 0.541373074055,
        "mean": 0.0275144111365,
        "median": 0.0229313373566,
        "min": 1.06573982433e-20,
        "stdev": 0.0352682620287,
        "var": 0.00124385033268
    },
    "spectral_energyband_high": {
        "dmean": 0.00026980417897,
        "dmean2": 0.000371217407519,
        "dvar": 1.14707097509e-06,
        "dvar2": 2.16005400944e-06,
        "max": 0.0195167772472,
        "mean": 0.000544277601875,
        "median": 6.10782590229e-05,
        "min": 7.91961782386e-21,
        "stdev": 0.0016245234292,
        "var": 2.63907622866e-06
    },
    "spectral_energyband_low": {
        "dmean": 0.00227508461103,
        "dmean2": 0.00359299965203,
        "dvar": 0.000330432056217,
        "dvar2": 0.000765703211073,
        "max": 0.527135908604,
        "mean": 0.00599328055978,
        "median": 0.000960122095421,
        "min": 1.1297471399e-22,
        "stdev": 0.0301804449409,
        "var": 0.00091085920576
    },
    "spectral_energyband_middle_high": {
        "dmean": 0.00188645254821,
        "dmean2": 0.00255800015293,
        "dvar": 1.03756983663e-05,
        "dvar2": 2.07873108593e-05,
        "max": 0.0385795496404,
        "mean": 0.00600772164762,
        "median": 0.00219292729162,
        "min": 1.28532204671e-21,
        "stdev": 0.00764195108786,
        "var": 5.83994187764e-05
    },
    "spectral_energyband_middle_low": {
        "dmean": 0.00457361666486,
        "dmean2": 0.00669706240296,
        "dvar": 0.000104970524262,
        "dvar2": 0.000269876036327,
        "max": 0.261793762445,
        "mean": 0.0155055066571,
        "median": 0.0127140954137,
        "min": 2.73394526802e-22,
        "stdev": 0.014590437524,
        "var": 0.000212880870095
    },
    "spectral_entropy": {
        "dmean": 0.189644530416,
        "dmean2": 0.283752381802,
        "dvar": 0.0535168908536,
        "dvar2": 0.102940201759,
        "max": 9.79424190521,
        "mean": 6.75702238083,
        "median": 6.72639322281,
        "min": 5.5765171051,
        "stdev": 0.573695361614,
        "var": 0.329126358032
    },
    "spectral_flux": {
        "dmean": 0.0227043516934,
        "dmean2": 0.0354764014482,
        "dvar": 0.00107624928933,
        "dvar2": 0.00252157286741,
        "max": 0.703417062759,
        "mean": 0.06175699085,
        "median": 0.0461111441255,
        "min": 1.03234677751e-10,
        "stdev": 0.0522276088595,
        "var": 0.00272772321478
    },
    "spectral_kurtosis": {
        "dmean": 4.02317428589,
        "dmean2": 6.7214756012,
        "dvar": 22.9551830292,
        "dvar2": 64.8655776978,
        "max": 63.3184127808,
        "mean": 12.0572948456,
        "median": 8.87421321869,
        "min": -1.2088265419,
        "stdev": 9.05617713928,
        "var": 82.0143432617
    },
    "spectral_rms": {
        "dmean": 0.000560534535907,
        "dmean2": 0.000787676428445,
        "dvar": 7.87021519955e-07,
        "dvar2": 1.52255552166e-06,
        "max": 0.0229819249362,
        "mean": 0.00460368441418,
        "median": 0.00472990889102,
        "min": 3.224509635e-12,
        "stdev": 0.00237684790045,
        "var": 5.64940592085e-06
    },
    "spectral_rolloff": {
        "dmean": 296.414093018,
        "dmean2": 504.490112305,
        "dvar": 1095484.25,
        "dvar2": 2383548.75,
        "max": 18884.6191406,
        "mean": 1102.83813477,
        "median": 753.662109375,
        "min": 64.599609375,
        "stdev": 1271.55163574,
        "var": 1616843.625
    },
    "spectral_skewness": {
        "dmean": 0.371265500784,
        "dmean2": 0.591756105423,
        "dvar": 0.135664448142,
        "dvar2": 0.357790350914,
        "max": 6.15076255798,
        "mean": 2.61802816391,
        "median": 2.51697564125,
        "min": 0.0102771427482,
        "stdev": 0.874341189861,
        "var": 0.764472484589
    },
    "spectral_spread": {
        "dmean": 615137.0625,
        "dmean2": 903259.8125,
        "dvar": 1.77019971174e+12,
        "dvar2": 2.48679025869e+12,
        "max": 41435764,
        "mean": 3994796.75,
        "median": 3832501,
        "min": 1108896.875,
        "stdev": 2128557.75,
        "var": 4.53075848397e+12
    },
    "spectral_strongpeak": {
        "dmean": 0.512989342213,
        "dmean2": 0.851507723331,
        "dvar": 1.27661728859,
        "dvar2": 3.60563635826,
        "max": 19.7328681946,
        "mean": 1.2930380106,
        "median": 1.01819109917,
        "min": 0,
        "stdev": 1.35458481312,
        "var": 1.83489990234
    },
    "zerocrossingrate": {
        "dmean": 0.00781627930701,
        "dmean2": 0.00915669184178,
        "dvar": 0.000344564847182,
        "dvar2": 0.000396133866161,
        "max": 0.4970703125,
        "mean": 0.0429381616414,
        "median": 0.03271484375,
        "min": 0.00439453125,
        "stdev": 0.034626994282,
        "var": 0.00119902868755
    },
    "barkbands": {
        "dmean": [0.000215555817704, 0.0015849461779, 0.000814898114186, 0.000863481254783, 0.00257879728451, 0.00133700249717, 0.000320840277709, 0.000821643450763, 0.000686311337631, 0.000316543097142, 0.00042911543278, 0.000570923381019, 0.000456201174529, 0.000561878783628, 0.000333366711857, 0.000169952501892, 0.000121875418699, 0.000107520900201, 4.4480082579e-05, 4.65175326099e-05, 8.37605402921e-05, 7.91060374468e-05, 4.57085625385e-05, 3.77657306672e-05, 3.91083412978e-05, 3.15231045533e-05, 3.24309803545e-06],
        "dmean2": [0.000357462093234, 0.00265147327445, 0.00132751278579, 0.00150093203411, 0.00401418795809, 0.00189560162835, 0.000452347419923, 0.00118472927716, 0.000955833587795, 0.000419526535552, 0.000610885617789, 0.000832408084534, 0.000663693528622, 0.000815793755464, 0.000484343181597, 0.000241208035732, 0.00016706547467, 0.000154790599481, 6.38896308374e-05, 6.62952224957e-05, 0.000120465119835, 0.000110854940431, 6.5751177317e-05, 5.69498297409e-05, 6.21954677626e-05, 4.73213040095e-05, 5.39223310625e-06],
        "dvar": [5.03768933413e-06, 0.000252107827691, 1.92117477127e-05, 3.2604115404e-05, 2.56686289504e-05, 9.4651031759e-06, 8.73688350111e-07, 6.14408918409e-06, 2.98977033708e-06, 8.03370767244e-07, 8.87478336153e-07, 2.38198117586e-06, 2.26557381211e-06, 2.02026058105e-06, 1.17510217024e-06, 6.05030095358e-07, 1.68752123386e-07, 7.45667136925e-08, 2.63799790901e-08, 1.67555906927e-08, 1.59213954021e-07, 1.91883174239e-07, 3.24384963335e-08, 1.33029267602e-08, 1.3496586071e-08, 6.81455025742e-09, 1.48542886325e-10],
        "dvar2": [8.90755472938e-06, 0.00064379471587, 5.44178910786e-05, 9.6833864518e-05, 6.05651985097e-05, 1.98696416192e-05, 1.62927665315e-06, 1.40745478348e-05, 6.0120460148e-06, 1.64429434335e-06, 1.84197767794e-06, 5.30361830897e-06, 4.58979275209e-06, 4.43822636953e-06, 2.6331135814e-06, 1.48915307818e-06, 3.84157800681e-07, 1.60378377245e-07, 5.80612642409e-08, 3.89196372907e-08, 3.30607207388e-07, 3.98952522573e-07, 6.89922927677e-08, 3.06666407823e-08, 3.30058540499e-08, 1.58017385843e-08, 3.98506005972e-10],
        "max": [0.0740629509091, 0.436843454838, 0.0781804919243, 0.165767461061, 0.0743813961744, 0.0377161838114, 0.0231866147369, 0.0449521951377, 0.0206458289176, 0.0216799024493, 0.0178638361394, 0.0261182226241, 0.0231551341712, 0.0274173710495, 0.0195982288569, 0.0157697014511, 0.00787811912596, 0.00395186152309, 0.00368672935292, 0.00226093758829, 0.0091104907915, 0.00722465477884, 0.00429096957669, 0.00171131757088, 0.00149999698624, 0.00109043798875, 0.000212196231587],
        "mean": [0.000329330156092, 0.00325405551121, 0.00193552882411, 0.00124518072698, 0.00650703767315, 0.00356038077734, 0.000753211148549, 0.00173193344381, 0.00158269994427, 0.000772082712501, 0.0010085280519, 0.00117474421859, 0.000801508431323, 0.000925590167753, 0.000534552382305, 0.000300185725791, 0.000223578797886, 0.000208049925277, 7.82814022386e-05, 8.34154416225e-05, 0.000130543747218, 0.000119795251521, 7.2498456575e-05, 6.43489693175e-05, 6.24790773145e-05, 5.13536433573e-05, 3.53619429916e-06],
        "median": [3.38958780048e-05, 0.000190728445887, 0.0004525759432, 0.000392499699956, 0.002746560378, 0.000940683763474, 0.000230297766393, 0.000321434577927, 0.000258323561866, 7.83317591413e-05, 0.000272266683169, 0.000186376273632, 7.95109081082e-05, 0.000133818772156, 7.36278961995e-05, 2.99737785099e-05, 2.07345183298e-05, 1.74544202309e-05, 1.02692374639e-05, 7.78484627517e-06, 6.51217123959e-06, 5.30619081474e-06, 5.58963029107e-06, 6.45921500109e-06, 1.00458419183e-05, 4.83732674184e-06, 1.24397061541e-07],
        "min": [7.86560586821e-24, 1.84214656592e-23, 6.55599516026e-23, 2.60832566908e-23, 3.86069158104e-23, 2.42181828293e-23, 5.67976002118e-23, 5.63956093163e-23, 4.81109132035e-23, 4.78679219566e-23, 3.9982133871e-23, 6.44284915617e-23, 1.14516059846e-22, 9.17427309852e-23, 1.22265438104e-22, 1.16456960596e-22, 2.67000916451e-22, 8.83574574728e-23, 2.14478734086e-22, 3.06867195054e-22, 5.88408951067e-22, 5.30928986172e-22, 4.80779848872e-22, 1.09929728566e-21, 1.03218842145e-21, 1.76508427764e-21, 2.51967393494e-21],
        "stdev": [0.00322613003664, 0.0226606931537, 0.00640423037112, 0.0052552470006, 0.00891217775643, 0.00579801667482, 0.00188320013694, 0.00372515805066, 0.00297203077935, 0.00189294281881, 0.0017553169746, 0.00254525919445, 0.00225820788182, 0.00203640363179, 0.00154309731442, 0.000938933109865, 0.00061865709722, 0.000465607619844, 0.000245294970227, 0.000190629347344, 0.000556101032998, 0.00058304448612, 0.000242580805207, 0.000151671498315, 0.000144839112181, 0.000110884058813, 1.14443091661e-05],
        "var": [1.04079153971e-05, 0.000513506995048, 4.10141656175e-05, 2.76176233456e-05, 7.94269071775e-05, 3.36169978254e-05, 3.54644294021e-06, 1.38768027682e-05, 8.83296706888e-06, 3.58323268301e-06, 3.08113772007e-06, 6.4783439484e-06, 5.09950268679e-06, 4.14693977291e-06, 2.38114921558e-06, 8.81595383362e-07, 3.82736629945e-07, 2.16790454033e-07, 6.01696257263e-08, 3.63395464831e-08, 3.09248378016e-07, 3.39940868344e-07, 5.88454476258e-08, 2.30042438432e-08, 2.09783674876e-08, 1.22952750203e-08, 1.30972219181e-10]
    },
    "erbbands": {
        "dmean": [0.0407188534737, 0.421717166901, 0.940847218037, 1.79587996006, 5.4562048912, 9.25041007996, 13.4877653122, 10.1195373535, 4.75657653809, 9.30118179321, 18.1590309143, 14.6982584, 11.8430423737, 10.6566295624, 19.9983291626, 17.6332073212, 20.8075351715, 24.9185619354, 23.3291950226, 10.6904773712, 8.91219329834, 7.66208982468, 5.66041088104, 3.74023890495, 1.94704353809, 1.98313105106, 3.30829668045, 3.49169778824, 3.14083862305, 1.3574821949, 1.43640303612, 0.892515301704, 0.603030800819, 0.400337249041, 0.318111032248, 0.169373720884, 0.0531115978956, 0.00919147673994, 0.000338493729942, 1.2726809473e-05],
        "dmean2": [0.0600324720144, 0.70145636797, 1.53417801857, 3.13164806366, 9.18459892273, 14.2323465347, 18.5563049316, 14.780626297, 6.59724378586, 13.5759983063, 25.5375461578, 20.1816520691, 15.5490942001, 14.5596342087, 29.3011627197, 26.2174339294, 28.6187038422, 36.0108909607, 33.7071838379, 15.4993066788, 12.2797584534, 10.434835434, 7.95081853867, 5.38532161713, 2.77120828629, 2.88064217567, 4.93380498886, 5.02322149277, 4.3107714653, 1.9278242588, 2.09653306007, 1.28659677505, 0.933297395706, 0.641013264656, 0.499297887087, 0.252601087093, 0.0816700235009, 0.0147383399308, 0.000564000569284, 1.94752592506e-05],
        "dvar": [0.236271008849, 15.9021863937, 31.9507236481, 153.697799683, 406.092529297, 307.015472412, 850.06262207, 847.043334961, 248.398773193, 664.789978027, 2479.98901367, 1545.81530762, 1126.35974121, 505.116210938, 2193.81054688, 2816.33886719, 4458.04736328, 5001.78662109, 4306.91015625, 1159.95898438, 1546.99572754, 667.689453125, 210.407852173, 174.692138672, 32.4012680054, 34.1226768494, 206.085678101, 362.591674805, 325.632873535, 41.6688537598, 27.9191818237, 7.1769657135, 4.18951272964, 2.00124645233, 0.656310677528, 0.170419037342, 0.0216726325452, 0.00131130102091, 1.96474729819e-06, 1.228169344e-09],
        "dvar2": [0.310814648867, 48.7711677551, 91.4402236938, 461.725708008, 1137.67431641, 710.108032227, 1709.35266113, 2024.87841797, 466.445739746, 1479.43725586, 5509.68457031, 2870.95263672, 2443.96875, 940.561401367, 4999.44726562, 6457.13574219, 8267.00976562, 10719.7734375, 8820.80371094, 2564.03027344, 3734.70751953, 1505.69238281, 411.112457275, 410.848968506, 69.860710144, 79.7432861328, 445.596191406, 779.045837402, 688.791992188, 84.7536621094, 56.9873085022, 14.5172452927, 10.1831960678, 4.94815731049, 1.60078239441, 0.363416701555, 0.0532491542399, 0.0034583164379, 5.32114427187e-06, 3.10251002666e-09],
        "max": [17.0806255341, 91.5844726562, 118.251274109, 348.70892334, 520.725891113, 243.574371338, 508.920166016, 485.134429932, 412.663757324, 462.985198975, 952.69543457, 560.073974609, 832.976257324, 473.946136475, 857.56628418, 961.333312988, 1182.96447754, 1589.43395996, 1202.41455078, 585.774658203, 954.624938965, 519.168640137, 256.180541992, 237.6690979, 146.26864624, 118.862579346, 389.797424316, 364.271087646, 321.693847656, 131.672973633, 127.64868927, 41.2554130554, 32.2968101501, 20.5927886963, 9.37729358673, 6.07733821869, 1.78902649879, 0.653614938259, 0.0259921755642, 0.000611553201452],
        "mean": [0.0850189179182, 0.766402721405, 2.2405230999, 3.26926398277, 10.065864563, 22.5504074097, 37.4944610596, 25.9058361053, 11.6073026657, 21.4460506439, 40.7552986145, 32.2617111206, 27.707983017, 30.9068870544, 43.819278717, 36.9704856873, 41.5517463684, 43.8814239502, 39.8388977051, 19.1172637939, 17.4102191925, 15.1478805542, 11.3884010315, 7.06161546707, 3.76941084862, 3.56383538246, 5.58655834198, 4.82693862915, 4.59580564499, 2.22484540939, 2.32619524002, 1.60545158386, 0.950021147728, 0.581214845181, 0.514068543911, 0.293300300837, 0.0783239006996, 0.0117023764178, 0.000405049009714, 4.25666548836e-05],
        "median": [0.00203936873004, 0.0634533911943, 0.490741968155, 1.08036184311, 3.39292478561, 9.58639335632, 12.6886291504, 7.26354551315, 3.61589956284, 7.38306283951, 7.94243574142, 6.14497566223, 6.69439840317, 6.72968912125, 12.7395944595, 7.48214006424, 4.8292798996, 8.34096717834, 6.73903894424, 3.1477086544, 1.7754137516, 1.4484205246, 0.935940504074, 0.663581311703, 0.57290238142, 0.361886739731, 0.350165218115, 0.199861645699, 0.155443549156, 0.163542106748, 0.185277462006, 0.139899775386, 0.106586664915, 0.0854758322239, 0.0776258409023, 0.0291300676763, 0.00675195455551, 0.00111749116331, 4.59031725768e-05, 3.14390708809e-05],
        "min": [8.7670805173e-22, 4.12102673644e-21, 5.17815806628e-20, 1.12456251177e-19, 2.88115473029e-20, 1.86133667777e-19, 2.04041559352e-19, 2.706589248e-19, 9.94226635331e-19, 3.26323837327e-19, 1.63140799708e-18, 1.16528386369e-18, 1.45076726094e-18, 1.97254431274e-18, 1.25323239476e-18, 2.74273466263e-18, 5.00775597789e-18, 4.64023425506e-18, 5.21693051606e-18, 7.53577171749e-18, 1.06487534563e-17, 1.1860506052e-17, 5.41634804531e-18, 5.73175408083e-18, 1.40015902757e-17, 1.65259221665e-17, 2.03065991326e-17, 2.19256761415e-17, 2.47322916881e-17, 1.23011550905e-17, 1.43263380755e-17, 2.11907129324e-17, 1.84376639479e-17, 9.74476995103e-18, 9.18788632006e-18, 6.04358462815e-18, 3.28817135469e-18, 1.41109712633e-18, 3.55015217259e-19, 3.5137514435e-20],
        "stdev": [0.793555438519, 4.7854142189, 7.54688596725, 12.2179956436, 23.3096446991, 32.4830665588, 56.558177948, 49.9738807678, 31.928237915, 43.9604682922, 73.540802002, 67.173866272, 55.0097312927, 55.9989852905, 72.0049133301, 79.2150421143, 106.155433655, 99.8642120361, 94.5485458374, 47.8632125854, 51.9114875793, 40.7187919617, 26.7502288818, 19.2887706757, 9.11231517792, 8.11299610138, 20.5217914581, 25.5155525208, 23.4009742737, 8.59673500061, 7.24812936783, 3.97620725632, 2.43474888802, 1.67374753952, 1.06176948547, 0.605837583542, 0.184956490993, 0.0355091281235, 0.00127812800929, 5.08798184455e-05],
        "var": [0.629730224609, 22.9001903534, 56.9554862976, 149.279418945, 543.339538574, 1055.1496582, 3198.82763672, 2497.38891602, 1019.41241455, 1932.52282715, 5408.24902344, 4512.328125, 3026.07055664, 3135.88647461, 5184.70751953, 6275.02246094, 11268.9755859, 9972.86035156, 8939.42773438, 2290.88696289, 2694.80249023, 1658.0201416, 715.574707031, 372.05670166, 83.034286499, 65.8207092285, 421.143890381, 651.043457031, 547.60559082, 73.9038543701, 52.5353775024, 15.8102235794, 5.92800235748, 2.80143070221, 1.12735438347, 0.367039203644, 0.0342089012265, 0.00126089819241, 1.63361107752e-06, 2.58875609838e-09]
    },
    "gfcc": {
        "mean": [-47.386013031, 115.788223267, -110.684310913, 0.104505650699, -58.5614852905, 9.00046443939, -48.2172813416, -4.35415935516, -31.1988143921, -3.14975667, -20.1076698303, -3.56084871292, -12.0437316895],
        "cov": [[9542.70703125, -3628.02661133, -447.366210938, -119.245178223, -522.684326172, 586.481567383, -390.224090576, 288.597351074, -729.903259277, 304.684631348, -336.141662598, 586.972351074, -260.189117432], [-3628.02661133, 2425.61181641, 97.3359985352, 2.49443078041, 365.693786621, -365.054779053, 185.164428711, -205.904006958, 397.388946533, -204.43548584, 216.661834717, -368.335632324, 137.25352478], [-447.366210938, 97.3359985352, 620.72845459, 166.328674316, 66.0785903931, 124.729270935, 57.7408638, -11.4913864136, -44.4451980591, 16.0273971558, -36.8087768555, -21.1758499146, -7.05617523193], [-119.245178223, 2.49443078041, 166.328674316, 420.055786133, 93.4034576416, 56.9213371277, 84.3612365723, 17.8262786865, 100.602333069, -1.44883823395, -9.9856300354, -42.7592849731, 41.7305641174], [-522.684326172, 365.693786621, 66.0785903931, 93.4034576416, 268.692871094, 2.86292505264, 44.853843689, 8.7063293457, 91.6000823975, -17.5453281403, 25.6452636719, -56.1423606873, 30.4261016846], [586.481567383, -365.054779053, 124.729270935, 56.9213371277, 2.86292505264, 296.204711914, 31.2057609558, 38.4017562866, -66.474067688, 37.0455627441, -49.4898643494, 27.35181427, -54.4419364929], [-390.224090576, 185.164428711, 57.7408638, 84.3612365723, 44.853843689, 31.2057609558, 209.190811157, 25.5204963684, 16.6995716095, -19.583650589, 42.6268348694, -58.0072669983, -31.2165241241], [288.597351074, -205.904006958, -11.4913864136, 17.8262786865, 8.7063293457, 38.4017562866, 25.5204963684, 147.950942993, -13.3707084656, 25.5093479156, -17.5743522644, 14.7818670273, -34.4707183838], [-729.903259277, 397.388946533, -44.4451980591, 100.602333069, 91.6000823975, -66.474067688, 16.6995716095, -13.3707084656, 220.150100708, -27.3807926178, 7.1954574585, -55.4797134399, 59.201007843], [304.684631348, -204.43548584, 16.0273971558, -1.44883823395, -17.5453281403, 37.0455627441, -19.583650589, 25.5093479156, -27.3807926178, 97.9623184204, -17.8182163239, 25.6034832001, -10.9604587555], [-336.141662598, 216.661834717, -36.8087768555, -9.9856300354, 25.6452636719, -49.4898643494, 42.6268348694, -17.5743522644, 7.1954574585, -17.8182163239, 122.902198792, -20.3205032349, -5.07168912888], [586.972351074, -368.335632324, -21.1758499146, -42.7592849731, -56.1423606873, 27.35181427, -58.0072669983, 14.7818670273, -55.4797134399, 25.6034832001, -20.3205032349, 148.750839233, 7.50308609009], [-260.189117432, 137.25352478, -7.05617523193, 41.7305641174, 30.4261016846, -54.4419364929, -31.2165241241, -34.4707183838, 59.201007843, -10.9604587555, -5.07168912888, 7.50308609009, 114.508842468]],
        "icov": [[0.000296396552585, 0.00017517026572, 0.00032841891516, -0.000264661648544, -3.89899760194e-05, -0.000196489228983, 0.000279614090687, -6.12982039456e-05, 0.000597311416641, -0.000129857755383, 0.000300462183077, -0.000356067961548, 0.000270316639217], [0.00017517026572, 0.00276310252957, -0.00102531060111, 0.00181959511247, -0.0015843474539, 0.00131430535112, -0.000986348604783, 0.00170511868782, -0.00272192875855, 0.00178646075074, -0.00214147847146, 0.00357440509833, -0.00110078090802], [0.00032841891516, -0.00102531060111, 0.00307223363779, -0.00201634480618, 0.000110087807116, -0.00134057807736, 0.000515405612532, -0.000228313234402, 0.00306994374841, -0.00119023153093, 0.00205920124426, -0.00187540228944, 0.000817504303996], [-0.000264661648544, 0.00181959511247, -0.00201634480618, 0.00530839292333, -0.00128238240723, 0.000517621228937, -0.0022099155467, 0.000824329792522, -0.00435844156891, 0.00124314287677, -0.00186752923764, 0.00329924188554, -0.00253523443826], [-3.89899760194e-05, -0.0015843474539, 0.000110087807116, -0.00128238240723, 0.00597548577935, -0.00141799787525, 0.000547477218788, -0.00189713947475, 1.99652713491e-05, -0.000775517779402, 3.38501631632e-05, -0.00103774154559, -0.000414246751461], [-0.000196489228983, 0.00131430535112, -0.00134057807736, 0.000517621228937, -0.00141799787525, 0.00582581246272, -0.00150517083239, 0.000958783377428, -0.00099827547092, 0.000168343438418, 0.000433826004155, 0.00129663280677, 0.00119828770403], [0.000279614090687, -0.000986348604783, 0.000515405612532, -0.0022099155467, 0.000547477218788, -0.00150517083239, 0.00773837603629, -0.00207482418045, 0.00187970756087, 0.00027837997186, -0.00120250880718, -2.65871458396e-05, 0.00228195497766], [-6.12982039456e-05, 0.00170511868782, -0.000228313234402, 0.000824329792522, -0.00189713947475, 0.000958783377428, -0.00207482418045, 0.00953408703208, -0.00210524932481, -0.000517784850672, 1.40631109389e-05, 0.00123850733507, 0.00172512081917], [0.000597311416641, -0.00272192875855, 0.00306994374841, -0.00435844156891, 1.99652713491e-05, -0.00099827547092, 0.00187970756087, -0.00210524932481, 0.0123906824738, -0.00177875882946, 0.00409799907357, -0.00327280233614, -0.000384193263017], [-0.000129857755383, 0.00178646075074, -0.00119023153093, 0.00124314287677, -0.000775517779402, 0.000168343438418, 0.00027837997186, -0.000517784850672, -0.00177875882946, 0.0132156414911, -0.00140306365211, 0.00186865788419, -0.000756634748541], [0.000300462183077, -0.00214147847146, 0.00205920124426, -0.00186752923764, 3.38501631632e-05, 0.000433826004155, -0.00120250880718, 1.40631109389e-05, 0.00409799907357, -0.00140306365211, 0.0128040695563, -0.00387632823549, 0.00249884114601], [-0.000356067961548, 0.00357440509833, -0.00187540228944, 0.00329924188554, -0.00103774154559, 0.00129663280677, -2.65871458396e-05, 0.00123850733507, -0.00327280233614, 0.00186865788419, -0.00387632823549, 0.015048628673, -0.00444040261209], [0.000270316639217, -0.00110078090802, 0.000817504303996, -0.00253523443826, -0.000414246751461, 0.00119828770403, 0.00228195497766, 0.00172512081917, -0.000384193263017, -0.000756634748541, 0.00249884114601, -0.00444040261209, 0.0139899086207]]
    },
    "melbands": {
        "dmean": [0.000365679181414, 0.000491778657306, 0.000404634512961, 0.000504013383761, 0.000458302878542, 0.000225654031965, 6.85626946506e-05, 0.000127090330352, 0.000148670573253, 9.21898317756e-05, 6.02905711276e-05, 4.42462405772e-05, 5.59221734875e-05, 6.78410870023e-05, 4.83045405417e-05, 4.87233010062e-05, 5.11583057232e-05, 4.38601309725e-05, 2.14647843677e-05, 1.36998287417e-05, 9.15272175916e-06, 9.67570213106e-06, 5.30584975422e-06, 4.04879347116e-06, 3.21154038829e-06, 1.47378693782e-06, 1.74515400886e-06, 1.26376653498e-06, 2.09296968023e-06, 2.07771631722e-06, 2.29520583162e-06, 2.10133066503e-06, 1.11918029688e-06, 6.61760793719e-07, 8.46963075674e-07, 7.36805702672e-07, 5.39675284017e-07, 4.86134297262e-07, 3.49904382801e-07, 3.53078490889e-07],
        "dmean2": [0.000610339338891, 0.000784384959843, 0.000693195092026, 0.000797999848146, 0.000649013090879, 0.000326346576912, 9.56423391472e-05, 0.000186532633961, 0.000207946563023, 0.000126203653053, 7.94080988271e-05, 5.99048216827e-05, 8.08997428976e-05, 0.000101754303614, 7.3270588473e-05, 6.72222158755e-05, 7.41823241697e-05, 6.27728877589e-05, 3.1046460208e-05, 2.03323015739e-05, 1.27042285385e-05, 1.32421646413e-05, 7.73924966779e-06, 5.72403996557e-06, 4.71181601824e-06, 2.11344922718e-06, 2.59586317952e-06, 1.83359475159e-06, 3.07539926325e-06, 3.07963136947e-06, 3.47361492459e-06, 2.98383065456e-06, 1.60177000907e-06, 9.73337932919e-07, 1.26852216908e-06, 1.06533946109e-06, 8.0000268099e-07, 7.63352772992e-07, 5.43245391782e-07, 5.68413952351e-07],
        "dvar": [1.7244297851e-05, 1.26323529912e-05, 5.58182591703e-06, 1.26179054405e-06, 9.27368432713e-07, 3.50824734596e-07, 4.37619718241e-08, 1.38620805501e-07, 1.49440978703e-07, 6.31643999327e-08, 2.90286443771e-08, 8.28439539191e-09, 1.61258473241e-08, 3.6818960325e-08, 3.70429198426e-08, 2.51131275775e-08, 2.26078338272e-08, 1.37851108306e-08, 4.51330617324e-09, 3.53801676845e-09, 1.53419510429e-09, 1.22889942666e-09, 2.02653671622e-10, 1.01038712119e-10, 1.50622986306e-10, 2.04640939611e-11, 3.06836188402e-11, 1.3305775752e-11, 5.24874241292e-11, 1.45432457743e-10, 1.90839677394e-10, 1.5813676757e-10, 2.64750391749e-11, 1.05488838151e-11, 9.88337189867e-12, 6.11081064222e-12, 2.32665189198e-12, 2.54857159682e-12, 1.78195316575e-12, 1.51232618009e-12],
        "dvar2": [3.35945296683e-05, 3.77229953301e-05, 1.64053453773e-05, 3.23771541844e-06, 1.86864303942e-06, 8.10887286207e-07, 8.19258900719e-08, 3.11951708909e-07, 3.23043423123e-07, 1.17874996874e-07, 6.16566566691e-08, 1.55550736736e-08, 3.41552528482e-08, 9.2466592605e-08, 8.45517220682e-08, 4.48134080955e-08, 4.8452324819e-08, 2.71718008094e-08, 9.96808058318e-09, 8.55580761794e-09, 3.59935969918e-09, 2.8386393236e-09, 4.29304231053e-10, 2.14057285786e-10, 3.5882508076e-10, 4.11543091272e-11, 7.70353017487e-11, 3.06396678862e-11, 1.07689857032e-10, 3.22582849321e-10, 4.51401527268e-10, 3.42993689006e-10, 5.25261154016e-11, 2.42372805853e-11, 2.13975278468e-11, 1.09821205949e-11, 5.32427747724e-12, 6.41493498946e-12, 4.32079328913e-12, 3.89572618956e-12],
        "max": [0.136904701591, 0.0816290602088, 0.0674615800381, 0.0211228765547, 0.0174937434494, 0.00930350273848, 0.0052663567476, 0.00607218965888, 0.00625589862466, 0.00388912647031, 0.00413805758581, 0.00174314004835, 0.00275142723694, 0.00333004398271, 0.00348262232728, 0.00221000099555, 0.00353260617703, 0.00181191356387, 0.00119708082639, 0.00115930684842, 0.00103585899342, 0.000723616802134, 0.000233961691265, 0.000158332317369, 0.000229191267863, 0.000139387178933, 9.30185196921e-05, 7.12894398021e-05, 0.000167707621586, 0.000354276009602, 0.000277122861007, 0.000229259894695, 0.000106955536467, 6.41738224658e-05, 7.34791610739e-05, 5.52055644221e-05, 2.33868504438e-05, 2.8322559956e-05, 1.96062155737e-05, 1.78954505827e-05],
        "mean": [0.000858531275298, 0.00110531633254, 0.000750727020204, 0.00116948410869, 0.00130905245896, 0.000585147121456, 0.000163979508216, 0.000283709989162, 0.000331897987053, 0.000201329617994, 0.000138906339998, 0.00012465522741, 0.000128805113491, 0.000139719544677, 8.48872150527e-05, 9.13991898415e-05, 8.24977178127e-05, 6.90642846166e-05, 3.6014487705e-05, 2.15781692532e-05, 1.70644707396e-05, 1.75578152266e-05, 1.00571087387e-05, 7.83808536653e-06, 5.66767585042e-06, 2.69863221547e-06, 2.80384756479e-06, 2.10928737943e-06, 3.49988818016e-06, 2.98361032947e-06, 2.89852846436e-06, 2.96715870718e-06, 1.67850225807e-06, 1.00125157587e-06, 1.31604690523e-06, 1.22331744024e-06, 9.18358978197e-07, 7.37825246233e-07, 4.70289052146e-07, 4.84422400859e-07],
        "median": [3.95819879486e-05, 0.000210699159652, 0.000272578268778, 0.000494916166645, 0.000510678160936, 0.000158378403285, 5.19118948432e-05, 7.51370098442e-05, 5.42931556993e-05, 3.22435735143e-05, 2.8858832593e-05, 1.8514059775e-05, 5.23830312886e-05, 2.42050246015e-05, 9.10938342713e-06, 8.63127752382e-06, 1.1098086361e-05, 1.06170491563e-05, 4.63493370262e-06, 2.48080709753e-06, 1.81213488304e-06, 1.55703651217e-06, 8.16797637526e-07, 7.93180277014e-07, 4.84662905365e-07, 4.19118464379e-07, 2.87411921818e-07, 1.85803983754e-07, 2.02521135861e-07, 1.11676861536e-07, 7.93453978076e-08, 8.7405609861e-08, 8.57478497096e-08, 7.30968423568e-08, 9.6780517822e-08, 9.73127853854e-08, 6.79726142039e-08, 6.77471518884e-08, 4.72312073896e-08, 6.12279080769e-08],
        "min": [6.99242677628e-24, 2.01085314797e-23, 1.57696229516e-23, 6.40982026004e-24, 8.66655606681e-24, 6.60907429736e-24, 1.34572633791e-23, 3.97203969224e-24, 1.35776703746e-23, 6.90007246352e-24, 6.92580195081e-24, 7.45660594354e-24, 4.63638560889e-24, 4.95466021857e-24, 8.86948343493e-24, 1.27033734667e-23, 7.91363487557e-24, 8.62592815247e-24, 9.18001931913e-24, 9.47684322308e-24, 1.41649710076e-23, 1.41788565373e-23, 7.42070646147e-24, 3.67541891998e-24, 4.25272468536e-24, 8.84748131542e-24, 9.05177262404e-24, 1.17404527693e-23, 1.1133241287e-23, 1.2500319092e-23, 1.31261484805e-23, 1.56026289866e-23, 8.37693761837e-24, 6.11546312415e-24, 6.2847447858e-24, 1.24822549661e-23, 1.3223472617e-23, 1.24841853088e-23, 1.19468613806e-23, 6.77328752769e-24],
        "stdev": [0.00666464166716, 0.00453564990312, 0.0022810974624, 0.00183103233576, 0.00186609022785, 0.00104759668466, 0.000428770465078, 0.000612970266957, 0.000597233942244, 0.000442330318037, 0.000291041069431, 0.000228922523092, 0.000201727816602, 0.00030264200177, 0.000278583989711, 0.000261795939878, 0.000210461279494, 0.000169666731381, 0.000101162251667, 6.8863882916e-05, 5.14084676979e-05, 5.14975326951e-05, 2.3673148462e-05, 1.71735009644e-05, 1.70794010046e-05, 7.44314547774e-06, 6.85377244736e-06, 5.18923297932e-06, 1.12170100692e-05, 1.51516351252e-05, 1.7415961338e-05, 1.5982246623e-05, 6.81583742335e-06, 3.96221093979e-06, 4.0977520257e-06, 3.77028277398e-06, 2.09932591133e-06, 1.81972234259e-06, 1.57328372552e-06, 1.40444103636e-06],
        "var": [4.44174474978e-05, 2.05721189559e-05, 5.20340609e-06, 3.35267941409e-06, 3.48229286828e-06, 1.09745872123e-06, 1.83844107937e-07, 3.75732525981e-07, 3.56688389047e-07, 1.95656113533e-07, 8.47049079766e-08, 5.24055216999e-08, 4.06941111919e-08, 9.15921773981e-08, 7.76090445243e-08, 6.85371190912e-08, 4.42939516176e-08, 2.87868004989e-08, 1.02338013619e-08, 4.74223416091e-09, 2.64283039897e-09, 2.65199595617e-09, 5.60417934281e-10, 2.94929164424e-10, 2.91705909428e-10, 5.54004134234e-11, 4.69741988363e-11, 2.69281402732e-11, 1.25821311703e-10, 2.29572041932e-10, 3.03315733641e-10, 2.55432230922e-10, 4.6455641417e-11, 1.56991156186e-11, 1.67915716054e-11, 1.42150327967e-11, 4.40716950781e-12, 3.311389574e-12, 2.47522163356e-12, 1.97245453477e-12]
    },
