{
"lowlevel": {
    "average_loudness": 0.938591301441,
    "barkbands_crest": {
        "dmean": 2.51682519913,
        "dmean2": 3.99750304222,
        "dvar": 5.37914323807,
        "dvar2": 13.4718313217,
        "max": 23.9607391357,
        "mean": 11.5086402893,
        "median": 11.0301895142,
        "min": 3.22664046288,
        "stdev": 3.90354585648,
        "var": 15.2376699448
    },
    "barkbands_flatness_db": {
        "dmean": 0.0228824298829,
        "dmean2": 0.0328426286578,
        "dvar": 0.000632394396234,
        "dvar2": 0.00121684093028,
        "max": 0.431468993425,
        "mean": 0.195361807942,
        "median": 0.190025687218,
        "min": 0.0282436814159,
        "stdev": 0.0522248148918,
        "var": 0.00272743124515
    },
    "barkbands_kurtosis": {
        "dmean": 2.44962954521,
        "dmean2": 3.81909227371,
        "dvar": 18.0772094727,
        "dvar2": 43.0088272095,
        "max": 65.7828216553,
        "mean": 3.52805423737,
        "median": 1.56133031845,
        "min": -1.79101932049,
        "stdev": 6.12345218658,
        "var": 37.4966659546
    },
    "barkbands_skewness": {
        "dmean": 0.487351715565,
        "dmean2": 0.726832509041,
        "dvar": 0.272338122129,
        "dvar2": 0.575987935066,
        "max": 6.87931537628,
        "mean": 1.17475605011,
        "median": 1.00961983204,
        "min": -1.78853416443,
        "stdev": 1.11203420162,
        "var": 1.23661994934
    },
    "barkbands_spread": {
        "dmean": 3.80206108093,
        "dmean2": 5.6220202446,
        "dvar": 26.4260234833,
        "dvar2": 50.0404243469,
        "max": 76.4712219238,
        "mean": 14.4993629456,
        "median": 12.6557826996,
        "min": 0.875593602657,
        "stdev": 9.7099313736,
        "var": 94.2827758789
    },
    "dissonance": {
        "dmean": 0.0350574180484,
        "dmean2": 0.0595011636615,
        "dvar": 0.000953506445512,
        "dvar2": 0.00261068879627,
        "max": 0.498914390802,
        "mean": 0.417751669884,
        "median": 0.423455893993,
        "min": 0.23475214839,
        "stdev": 0.046197514981,
        "var": 0.00213421043009
    },
    "dynamic_complexity": 3.3436729908,
    "erbbands_crest": {
        "dmean": 3.18093180656,
        "dmean2": 5.05137300491,
        "dvar": 9.23774909973,
        "dvar2": 23.2020320892,
        "max": 31.0367355347,
        "mean": 12.705868721,
        "median": 12.1324501038,
        "min": 3.01097846031,
        "stdev": 4.80285024643,
        "var": 23.0673694611
    },
    "erbbands_flatness_db": {
        "dmean": 0.0222238022834,
        "dmean2": 0.0311090014875,
        "dvar": 0.000591577088926,
        "dvar2": 0.00116915639956,
        "max": 0.397767186165,
        "mean": 0.224307030439,
        "median": 0.226943135262,
        "min": 0.0582346767187,
        "stdev": 0.053313087672,
        "var": 0.00284228520468
    },
    "erbbands_kurtosis": {
        "dmean": 1.26130771637,
        "dmean2": 1.93107926846,
        "dvar": 2.5725941658,
        "dvar2": 5.75140380859,
        "max": 17.7938289642,
        "mean": 1.51515293121,
        "median": 0.977295637131,
        "min": -1.81370162964,
        "stdev": 2.48523330688,
        "var": 6.17638492584
    },
    "erbbands_skewness": {
        "dmean": 0.416256934404,
        "dmean2": 0.629408121109,
        "dvar": 0.165451154113,
        "dvar2": 0.357051789761,
        "max": 3.70478653908,
        "mean": 0.738050818443,
        "median": 0.777605235577,
        "min": -1.67414784431,
        "stdev": 0.778728663921,
        "var": 0.606418371201
    },
    "erbbands_spread": {
        "dmean": 6.18815565109,
        "dmean2": 9.07593345642,
        "dvar": 71.66040802,
        "dvar2": 142.988494873,
        "max": 125.108039856,
        "mean": 24.2621059418,
        "median": 19.2530059814,
        "min": 4.23802757263,
        "stdev": 16.7990169525,
        "var": 282.207000732
    },
    "hfc": {
        "dmean": 6.27297449112,
        "dmean2": 8.61575222015,
        "dvar": 82.7149658203,
        "dvar2": 140.671279907,
        "max": 95.8692703247,
        "mean": 22.0438976288,
        "median": 17.5711212158,
        "min": 1.13185584905e-16,
        "stdev": 18.0987415314,
        "var": 327.564453125
    },
    "loudness_ebu128": {
        "integrated": -8.62386417389,
        "loudness_range": 2.4068312645,
        "momentary": {
            "dmean": 0.798092484474,
            "dmean2": 0.730690658092,
            "dvar": 1.90278148651,
            "dvar2": 0.879788398743,
            "max": -5.83734083176,
            "mean": -9.23095226288,
            "median": -8.54839134216,
            "min": -43.2414016724,
            "stdev": 3.10843396187,
            "var": 9.66236209869
        },
        "short_term": {
            "dmean": 0.0853935927153,
            "dmean2": 0.0798725783825,
            "dvar": 0.00405555358157,
            "dvar2": 0.00475755985826,
            "max": -7.23362112045,
            "mean": -8.67131614685,
            "median": -8.67858123779,
            "min": -10.2685613632,
            "stdev": 0.856800675392,
            "var": 0.73410743475
        }
    },
    "melbands_crest": {
        "dmean": 2.95269989967,
        "dmean2": 4.67671632767,
        "dvar": 8.10815525055,
        "dvar2": 19.7092514038,
        "max": 31.2659397125,
        "mean": 13.9839935303,
        "median": 13.2811985016,
        "min": 2.1381816864,
        "stdev": 4.73230457306,
        "var": 22.3947086334
    },
    "melbands_flatness_db": {
        "dmean": 0.0266702156514,
        "dmean2": 0.0363230071962,
        "dvar": 0.000921087223105,
        "dvar2": 0.00158669764642,
        "max": 0.558659136295,
        "mean": 0.257957816124,
        "median": 0.248581379652,
        "min": 0.00641467701644,
        "stdev": 0.0691540688276,
        "var": 0.0047822855413
    },
    "melbands_kurtosis": {
        "dmean": 3.96183514595,
        "dmean2": 6.03871583939,
        "dvar": 50.9702796936,
        "dvar2": 110.258476257,
        "max": 104.179389954,
        "mean": 6.94529056549,
        "median": 3.38468790054,
        "min": -1.60741209984,
        "stdev": 10.8856229782,
        "var": 118.496788025
    },
    "melbands_skewness": {
        "dmean": 0.557718932629,
        "dmean2": 0.820548772812,
        "dvar": 0.369236499071,
        "dvar2": 0.794766843319,
        "max": 8.19027614594,
        "mean": 1.61932718754,
        "median": 1.39196944237,
        "min": -1.08077394962,
        "stdev": 1.30048274994,
        "var": 1.69125545025
    },
    "melbands_spread": {
        "dmean": 4.86380195618,
        "dmean2": 7.26863336563,
        "dvar": 40.2221260071,
        "dvar2": 72.8667373657,
        "max": 126.431503296,
        "mean": 18.6848869324,
        "median": 16.6111297607,
        "min": 1.27500498295,
        "stdev": 12.4127845764,
        "var": 154.077224731
    },
    "pitch_salience": {
        "dmean": 0.0594180077314,
        "dmean2": 0.092282012105,
        "dvar": 0.00314871501178,
        "dvar2": 0.00765631068498,
        "max": 0.982374608517,
        "mean": 0.509128510952,
        "median": 0.503565430641,
        "min": 0.20365780592,
        "stdev": 0.0996665433049,
        "var": 0.00993342045695
    },
    "silence_rate_20dB": {
        "dmean": 0,
        "dmean2": 0,
        "dvar": 0,
        "dvar2": 0,
        "max": 1,
        "mean": 1,
        "median": 1,
        "min": 1,
        "stdev": 0,
        "var": 0
    },
    "silence_rate_30dB": {
        "dmean": 0,
        "dmean2": 0,
        "dvar": 0,
        "dvar2": 0,
        "max": 1,
        "mean": 1,
        "median": 1,
        "min": 1,
        "stdev": 0,
        "var": 0
    },
    "silence_rate_60dB": {
        "dmean": 0.0123743228614,
        "dmean2": 0.0239938087761,
        "dvar": 0.0122214760631,
        "dvar2": 0.0280622765422,
        "max": 1,
        "mean": 0.0394126735628,
        "median": 0,
        "min": 0,
        "stdev": 0.194572806358,
        "var": 0.0378585793078
    },
    "spectral_centroid": {
        "dmean": 200.627761841,
        "dmean2": 276.852020264,
        "dvar": 98100.6875,
        "dvar2": 124271.960938,
        "max": 10387.7646484,
        "mean": 1088.4675293,
        "median": 978.37121582,
        "min": 212.571456909,
        "stdev": 629.988769531,
        "var": 396885.8125
    },
    "spectral_complexity": {
        "dmean": 2.10054135323,
        "dmean2": 3.21981430054,
        "dvar": 5.57535934448,
        "dvar2": 11.3711938858,
        "max": 36,
        "mean": 12.7442035675,
        "median": 13,
        "min": 0,
        "stdev": 4.7329249382,
        "var": 22.4005794525
    },
    "spectral_decrease": {
        "dmean": 1.63640534456e-09,
        "dmean2": 2.3255877224e-09,
        "dvar": 3.88335241404e-18,
        "dvar2": 7.72252180285e-18,
        "max": 1.59423741203e-29,
        "mean": -7.19830817175e-09,
        "median": -6.84099621395e-09,
        "min": -2.35184245412e-08,
        "stdev": 4.45081305145e-09,
        "var": 1.98097382084e-17
    },
    "spectral_energy": {
        "dmean": 0.00664354441687,
        "dmean2": 0.00940105691552,
        "dvar": 6.4885331085e-05,
        "dvar2": 0.000125418286189,
        "max": 0.0958307534456,
        "mean": 0.0291675180197,
        "median": 0.0278804153204,
        "min": 1.02060904398e-20,
        "stdev": 0.0181448832154,
        "var": 0.000329236791003
    },
    "spectral_energyband_high": {
        "dmean": 0.0001714178361,
        "dmean2": 0.000233940067119,
        "dvar": 1.57170347848e-07,
        "dvar2": 2.5474420795e-07,
        "max": 0.0105346376076,
        "mean": 0.000332777533913,
        "median": 0.000142449032865,
        "min": 7.29889713012e-21,
        "stdev": 0.000688363739755,
        "var": 4.73844636417e-07
    },
    "spectral_energyband_low": {
        "dmean": 0.00226184492931,
        "dmean2": 0.00364402355626,
        "dvar": 1.71691190189e-05,
        "dvar2": 4.60166993435e-05,
        "max": 0.0575273670256,
        "mean": 0.0065518245101,
        "median": 0.00524294329807,
        "min": 7.11308431391e-23,
        "stdev": 0.00756743177772,
        "var": 5.72660246689e-05
    },
    "spectral_energyband_middle_high": {
        "dmean": 0.002926772926,
        "dmean2": 0.00398332066834,
        "dvar": 2.06334752875e-05,
        "dvar2": 4.12062254327e-05,
        "max": 0.0518744587898,
        "mean": 0.00724453525618,
        "median": 0.00394659489393,
        "min": 1.6047028224e-21,
        "stdev": 0.00842211861163,
        "var": 7.09320811438e-05
    },
    "spectral_energyband_middle_low": {
        "dmean": 0.00474833883345,
        "dmean2": 0.00684726703912,
        "dvar": 4.26652331953e-05,
        "dvar2": 8.96798883332e-05,
        "max": 0.0801376774907,
        "mean": 0.015825804323,
        "median": 0.0125604849309,
        "min": 3.37898610171e-22,
        "stdev": 0.0119202500209,
        "var": 0.000142092365422
    },
    "spectral_entropy": {
        "dmean": 0.224868059158,
        "dmean2": 0.323941975832,
        "dvar": 0.0559467636049,
        "dvar2": 0.111005693674,
        "max": 9.79229259491,
        "mean": 6.82934522629,
        "median": 6.77571487427,
        "min": 4.94281291962,
        "stdev": 0.521018922329,
        "var": 0.271460711956
    },
    "spectral_flux": {
        "dmean": 0.0291523858905,
        "dmean2": 0.0438617840409,
        "dvar": 0.000902746047359,
        "dvar2": 0.00195039319806,
        "max": 0.248752132058,
        "mean": 0.0802306160331,
        "median": 0.0670619681478,
        "min": 1.01025195154e-10,
        "stdev": 0.051046255976,
        "var": 0.00260572042316
    },
    "spectral_kurtosis": {
        "dmean": 4.88068723679,
        "dmean2": 7.71005105972,
        "dvar": 55.2286109924,
        "dvar2": 121.054107666,
        "max": 99.6148147583,
        "mean": 10.1383543015,
        "median": 6.20523071289,
        "min": -1.19181799889,
        "stdev": 11.2280273438,
        "var": 126.068595886
    },
    "spectral_rms": {
        "dmean": 0.000618622172624,
        "dmean2": 0.000857869745232,
        "dvar": 4.9408220093e-07,
        "dvar2": 8.69880580012e-07,
        "max": 0.00966919958591,
        "mean": 0.00499512208626,
        "median": 0.00521540082991,
        "min": 3.15549713095e-12,
        "stdev": 0.00187212938908,
        "var": 3.50486834577e-06
    },
    "spectral_rolloff": {
        "dmean": 310.024047852,
        "dmean2": 507.630523682,
        "dvar": 394330.96875,
        "dvar2": 684216.25,
        "max": 18647.7539062,
        "mean": 1189.11755371,
        "median": 990.52734375,
        "min": 86.1328125,
        "stdev": 1083.36877441,
        "var": 1173687.875
    },
    "spectral_skewness": {
        "dmean": 0.46044048667,
        "dmean2": 0.696205794811,
        "dvar": 0.260825127363,
        "dvar2": 0.528512895107,
        "max": 7.91180849075,
        "mean": 2.14236974716,
        "median": 1.92331266403,
        "min": 0.0194482114166,
        "stdev": 1.02773094177,
        "var": 1.05623078346
    },
    "spectral_spread": {
        "dmean": 568361.875,
        "dmean2": 756259.875,
        "dvar": 1.04839328563e+12,
        "dvar2": 1.24621881344e+12,
        "max": 39151456,
        "mean": 3554806.5,
        "median": 3352091,
        "min": 801887.8125,
        "stdev": 2023390.875,
        "var": 4.09411072819e+12
    },
    "spectral_strongpeak": {
        "dmean": 0.795593678951,
        "dmean2": 1.2798409462,
        "dvar": 1.54605650902,
        "dvar2": 3.48355150223,
        "max": 10.9144964218,
        "mean": 1.89321565628,
        "median": 0.891174674034,
        "min": 3.54042906103e-09,
        "stdev": 1.99986028671,
        "var": 3.99944114685
    },
    "zerocrossingrate": {
        "dmean": 0.0077766245231,
        "dmean2": 0.0090350927785,
        "dvar": 0.000174698870978,
        "dvar2": 0.000291157426545,
        "max": 0.50146484375,
        "mean": 0.0455935448408,
        "median": 0.0419921875,
        "min": 0.00439453125,
        "stdev": 0.029623137787,
        "var": 0.000877530255821
    },
    "barkbands": {
        "dmean": [0.000164175537066, 0.00185234309174, 0.000563152367249, 0.000271373806754, 0.000719608855434, 0.00140158284921, 0.000455544388387, 0.000711465720087, 0.00297684175894, 0.00120595376939, 0.000305890745949, 0.000569548923522, 0.000933044182602, 0.00104496895801, 0.0004446740204, 0.000211677441257, 9.24980558921e-05, 3.95619936171e-05, 0.000272592587862, 0.000204436364584, 5.30150718987e-05, 5.28848795511e-05, 3.26055815094e-05, 1.25323695102e-05, 1.03439351733e-05, 4.76323748444e-06, 3.60366584573e-07],
        "dmean2": [0.000192418214283, 0.00295024877414, 0.000928698224016, 0.000480970862554, 0.00111509545241, 0.00227132858709, 0.000715492933523, 0.00105163443368, 0.00413887947798, 0.00164946494624, 0.000411838438595, 0.000859514577314, 0.00142855849117, 0.00157362420578, 0.00070186809171, 0.000328678113874, 0.000137216644362, 6.07669717283e-05, 0.000388585525798, 0.00031411452801, 7.86961900303e-05, 7.32676853659e-05, 4.70767699881e-05, 1.82952444447e-05, 1.54485405801e-05, 7.24608980818e-06, 5.5258658449e-07],
        "dvar": [1.14814540098e-07, 1.33852227009e-05, 2.15045338336e-06, 5.90255638144e-07, 1.56980581778e-06, 5.90415447732e-06, 3.52481106347e-06, 4.1613002395e-06, 3.81377176382e-05, 8.1868010966e-06, 9.05087972569e-07, 4.92059234602e-06, 5.29861699761e-06, 6.68396114634e-06, 2.45148157774e-06, 7.41199869481e-07, 1.3411020916e-07, 1.18082335021e-08, 3.93137014498e-07, 2.67325788172e-07, 1.67609712776e-08, 1.65250781947e-08, 2.18880877867e-08, 2.09405337515e-09, 1.91440530095e-09, 4.7302828321e-10, 4.03973295787e-12],
        "dvar2": [1.82822518013e-07, 3.49501497112e-05, 5.48792695554e-06, 1.71179499375e-06, 3.67703773918e-06, 1.53769560711e-05, 8.42331701278e-06, 7.89619207353e-06, 7.43930067983e-05, 1.27536741275e-05, 1.4787086684e-06, 1.30739153974e-05, 1.17591589515e-05, 1.51033027578e-05, 5.62693185202e-06, 1.65738128999e-06, 2.95902367498e-07, 2.22506333358e-08, 8.10142410046e-07, 6.71814234465e-07, 3.38779884146e-08, 2.92368369514e-08, 4.0499426035e-08, 4.55598359039e-09, 4.51818182867e-09, 9.357753461e-10, 5.58273826473e-12],
        "max": [0.00485680997372, 0.0407147593796, 0.0222700200975, 0.0116015737876, 0.0269124135375, 0.0326335951686, 0.0507494881749, 0.0419445671141, 0.0661564022303, 0.0343894585967, 0.0139921214432, 0.0405989177525, 0.0312028657645, 0.029202837497, 0.0244187377393, 0.0134937195107, 0.00755598256364, 0.00183316308539, 0.0118591804057, 0.00720393983647, 0.00186007656157, 0.00327796768397, 0.00458912597969, 0.00121930602472, 0.000967542582657, 0.000560016778763, 7.10389431333e-05],
        "mean": [0.000433480367064, 0.00435343524441, 0.00159186800011, 0.000465659017209, 0.00162316451315, 0.00344580691308, 0.000924116466194, 0.00142391549889, 0.00629348121583, 0.00229972507805, 0.00046129047405, 0.000992600340396, 0.00118934467901, 0.00162620120682, 0.000602966290899, 0.000240166729782, 0.000117731768114, 5.67175266042e-05, 0.000455943692941, 0.000307356676785, 8.3702201664e-05, 8.90006995178e-05, 5.06009746459e-05, 1.78619993676e-05, 1.41800383062e-05, 6.74167768011e-06, 4.64282436496e-07],
        "median": [7.21915694157e-06, 0.00212599430233, 0.00065402360633, 0.000264469126705, 0.0010821793694, 0.00252602039836, 0.000507171265781, 0.000322800769936, 0.000904247688595, 0.000269959797151, 4.70942468382e-05, 0.000243912974838, 0.000127629842609, 0.000199336471269, 8.86930574779e-05, 4.33276509284e-05, 2.01663424377e-05, 1.9350902221e-05, 6.08968184679e-05, 6.09169728705e-05, 2.22058224608e-05, 2.77283143078e-05, 1.33072462631e-05, 3.88644730265e-06, 2.82845530819e-06, 1.37122628985e-06, 5.83517660857e-08],
        "min": [2.45197880192e-23, 4.23814890241e-23, 1.09197392385e-23, 4.65128324709e-24, 7.23696576829e-23, 2.00433321259e-23, 6.91700946493e-23, 2.11566609878e-23, 1.21482029806e-22, 1.12706311956e-22, 1.39650291625e-22, 9.35836294154e-23, 4.55459698355e-23, 1.75059316787e-22, 7.04433540156e-23, 1.5721072665e-22, 8.73126522246e-23, 1.9809782913e-22, 3.35281636693e-22, 3.55582145363e-22, 4.16397287947e-22, 4.30297294776e-22, 5.06428455826e-22, 5.9937141659e-22, 1.41764660994e-21, 1.53297590334e-21, 2.5204625434e-21],
        "stdev": [0.000952131755184, 0.00592483999208, 0.00248750904575, 0.000716102775186, 0.00185230816714, 0.00327569665387, 0.00196320912801, 0.00402348348871, 0.0101391272619, 0.00548342615366, 0.00142974383198, 0.0023038694635, 0.00280659948476, 0.003503768472, 0.00181045837235, 0.000956587085966, 0.000424329715315, 0.000143081240822, 0.000967650965322, 0.000658287783153, 0.000190575869055, 0.000192952647922, 0.00023039401276, 6.2187165895e-05, 4.989270019e-05, 3.13743548759e-05, 3.25740916196e-06],
        "var": [9.06554873836e-07, 3.51037306245e-05, 6.18770127403e-06, 5.12803183028e-07, 3.43104557032e-06, 1.07301884782e-05, 3.85418979931e-06, 1.6188418158e-05, 0.000102801910543, 3.00679639622e-05, 2.04416755878e-06, 5.30781471753e-06, 7.87700082583e-06, 1.22763931358e-05, 3.27775956066e-06, 9.15058876672e-07, 1.80055707233e-07, 2.04722407915e-08, 9.36348385494e-07, 4.33342819406e-07, 3.6319161012e-08, 3.72307233931e-08, 5.3081404161e-08, 3.86724385848e-09, 2.48928166968e-09, 9.84350156941e-10, 1.06107145639e-11]
    },
    "erbbands": {
        "dmean": [0.0772652104497, 0.35678973794, 0.636807858944, 0.751767337322, 1.49718594551, 2.41152429581, 6.59765148163, 13.7181272507, 9.33100032806, 6.32896947861, 19.2274456024, 56.082649231, 65.9725418091, 15.6697483063, 14.0797472, 22.0622425079, 31.3354473114, 58.1147956848, 21.2156887054, 14.7673711777, 12.1128034592, 4.80397605896, 2.31864619255, 4.05941963196, 17.4825668335, 7.64431428909, 2.35349607468, 2.00482344627, 1.97373056412, 1.58714234829, 0.808181941509, 0.337213099003, 0.166097298265, 0.128979384899, 0.0677912533283, 0.0265714675188, 0.00816319603473, 0.00144400540739, 3.83365004382e-05, 8.35569608171e-06],
        "dmean2": [0.112593226135, 0.575884819031, 1.02918744087, 1.2975256443, 2.37583875656, 3.8347837925, 10.7903842926, 21.9995422363, 14.8291196823, 9.5132932663, 28.4633903503, 80.7365112305, 87.7496414185, 20.8328342438, 18.2223072052, 33.7422828674, 46.1202697754, 82.642364502, 31.3012371063, 22.8825817108, 18.678560257, 7.0562081337, 3.47458148003, 5.42294168472, 24.6091003418, 10.9074401855, 3.34732055664, 2.87314796448, 2.71124911308, 2.262976408, 1.16064727306, 0.504261553288, 0.235691457987, 0.196794494987, 0.101626455784, 0.0411101169884, 0.0118233216926, 0.00206637871452, 5.13228733325e-05, 1.1667309991e-05],
        "dvar": [0.0261391848326, 0.51857817173, 2.42403435707, 4.0191526413, 9.78325462341, 29.9831848145, 190.566619873, 595.530456543, 662.487304688, 370.583892822, 2185.80957031, 17700.6152344, 16300.0283203, 1677.89733887, 1177.77416992, 8507.66601562, 6215.37109375, 20318.4570312, 5864.9296875, 1370.00915527, 2803.34619141, 483.170135498, 35.5603370667, 103.647201538, 1623.95629883, 365.572814941, 34.8491325378, 21.1082572937, 21.6709403992, 41.6240539551, 13.098195076, 1.52779459953, 0.342230856419, 0.296859592199, 0.0787920057774, 0.0130802933127, 0.00165585556533, 7.96659296611e-05, 3.78803441947e-08, 1.0871687578e-10],
        "dvar2": [0.0623471327126, 1.38452088833, 6.09822940826, 11.2418718338, 26.1382598877, 76.5173721313, 514.478942871, 1533.40270996, 1519.99084473, 828.688781738, 4325.47460938, 39898.9765625, 25811.7265625, 2667.62011719, 2225.36254883, 23282.0195312, 13539.6455078, 43608.4414062, 11475.1621094, 3331.25268555, 6139.69970703, 1086.26513672, 69.1558990479, 181.593963623, 3431.09277344, 789.698791504, 67.2378158569, 41.5426940918, 40.6655464172, 83.2151184082, 24.5390853882, 3.291203022, 0.632564544678, 0.695743024349, 0.18471878767, 0.0296171419322, 0.00292515871115, 0.000138665549457, 4.19633536808e-08, 1.9429749476e-10],
        "max": [1.91876804829, 9.16205787659, 30.1399879456, 22.2765655518, 42.6836509705, 128.498245239, 204.55255127, 325.822631836, 607.411682129, 412.167999268, 831.998413086, 1456.20080566, 1665.5682373, 837.714355469, 551.333618164, 2030.82568359, 1043.48999023, 1683.29431152, 1444.93933105, 497.15411377, 868.224060059, 501.28237915, 97.6372528076, 202.52104187, 825.368835449, 341.597015381, 91.2258529663, 80.9639587402, 90.0027160645, 180.010986328, 129.987335205, 31.0231533051, 15.623380661, 11.9821166992, 5.73644399643, 2.64211606979, 1.37739646435, 0.336329042912, 0.00800452381372, 0.000219636669499],
        "mean": [0.167816072702, 0.802733242512, 1.77887988091, 1.72117578983, 2.98744988441, 4.92879629135, 13.332365036, 33.4558944702, 19.9736156464, 16.8309860229, 40.3113632202, 109.25176239, 165.476699829, 31.6983909607, 26.4337539673, 38.806312561, 48.9933242798, 101.343269348, 33.58644104, 22.8263168335, 15.1530485153, 6.50709247589, 3.55793261528, 7.91832590103, 32.3571395874, 13.8465328217, 3.92457938194, 3.36846375465, 3.27407002449, 2.44383263588, 1.29212999344, 0.495761841536, 0.249093219638, 0.173894301057, 0.090440697968, 0.0345084927976, 0.0115575762466, 0.00207074615173, 6.66983323754e-05, 3.5973287595e-05],
        "median": [0.0201967805624, 0.421067237854, 1.09215021133, 0.795996248722, 1.55133342743, 3.30506682396, 8.40032672882, 22.7003231049, 12.2025222778, 8.35289669037, 10.8952989578, 23.5077629089, 20.588722229, 10.2421236038, 8.37402534485, 11.2863693237, 10.4957790375, 14.5621967316, 8.05326843262, 3.73952865601, 2.70603179932, 1.23039197922, 1.29972469807, 1.82812440395, 5.83414554596, 3.79314279556, 1.13727140427, 1.02133846283, 0.932265281677, 0.727274894714, 0.359569430351, 0.138826906681, 0.0475811399519, 0.0336175486445, 0.0168200377375, 0.00794959813356, 0.00221215351485, 0.000357217912097, 2.80986241705e-05, 3.49967958755e-05],
        "min": [1.81465372208e-21, 7.81546092134e-21, 9.51869446504e-21, 2.13038508838e-20, 4.76938253278e-20, 4.18778564024e-19, 1.08298085324e-19, 2.54111073248e-19, 4.35372866937e-19, 1.28052201374e-18, 8.6983200949e-19, 2.30469000231e-18, 2.90173697433e-18, 5.6280521018e-18, 6.01722238203e-18, 2.90739964601e-18, 2.23005866552e-18, 7.17573887434e-18, 5.78626611038e-18, 4.94711950309e-18, 9.19956528312e-18, 5.79573650121e-18, 1.03824294232e-17, 1.41651040305e-17, 1.90169831986e-17, 1.47428400575e-17, 1.76597071992e-17, 1.68570938509e-17, 1.63641686521e-17, 1.68490387661e-17, 1.20700656428e-17, 1.31353270336e-17, 1.06565206822e-17, 1.18404353417e-17, 1.09119854882e-17, 4.75650648427e-18, 3.0937384158e-18, 1.40231453617e-18, 3.46285023827e-19, 3.60664576499e-20],
        "stdev": [0.279752761126, 1.05824410915, 2.70946478844, 2.38782691956, 4.19642066956, 6.20108127594, 17.0016555786, 33.6651420593, 30.2593078613, 29.7841758728, 86.5771713257, 184.489578247, 279.967681885, 68.2813873291, 51.0037384033, 89.6570663452, 106.791343689, 208.667861938, 97.3201599121, 57.2599983215, 59.0777931213, 24.5539970398, 7.93500137329, 16.9177379608, 63.0746154785, 29.0605354309, 9.13601779938, 6.88069009781, 6.9010219574, 8.82197856903, 5.75862360001, 1.72828519344, 0.852337062359, 0.61623364687, 0.327373474836, 0.130821466446, 0.0652702450752, 0.0144399059936, 0.000337944191415, 2.31201720453e-05],
        "var": [0.0782616138458, 1.11988055706, 7.34119939804, 5.70171785355, 17.6099452972, 38.4534111023, 289.056304932, 1133.3416748, 915.625671387, 887.097106934, 7495.60595703, 34036.40625, 78381.8984375, 4662.34814453, 2601.38134766, 8038.39013672, 11404.390625, 43542.2773438, 9471.21386719, 3278.70751953, 3490.18554688, 602.898742676, 62.9642448425, 286.209838867, 3978.40722656, 844.514709473, 83.4668197632, 47.3438987732, 47.6241035461, 77.8273010254, 33.1617431641, 2.9869697094, 0.726478457451, 0.379743874073, 0.107173398137, 0.0171142555773, 0.00426020473242, 0.000208510886296, 1.14206272883e-07, 5.34542354824e-10]
    },
    "gfcc": {
        "mean": [-42.2720108032, 125.515205383, -127.129493713, 11.4029722214, -64.8892822266, 5.09960269928, -26.7306461334, -1.06641256809, -20.3982906342, 8.24171924591, -10.4786262512, -5.45973205566, -7.76098442078],
        "cov": [[9029.23046875, -1077.98242188, -798.797363281, 636.087585449, -455.697906494, 508.557556152, 409.977905273, 235.324707031, -119.020240784, 319.839538574, 53.3966789246, 130.538421631, -141.172134399], [-1077.98242188, 1839.77807617, 334.47769165, -199.799224854, 544.251403809, -141.844787598, 205.6534729, -68.7888717651, 248.156448364, -86.3985671997, 230.392333984, -106.690254211, 65.8061065674], [-798.797363281, 334.47769165, 1126.48339844, 186.298873901, 192.92376709, 106.867446899, -184.784362793, 113.651824951, 134.022460938, 26.6975841522, 17.215549469, 145.828903198, -14.6850318909], [636.087585449, -199.799224854, 186.298873901, 627.188293457, 39.1075668335, 29.3847122192, 16.5704154968, 64.7460861206, 129.424575806, 36.5618629456, -56.2492523193, 82.9197540283, 75.4947357178], [-455.697906494, 544.251403809, 192.92376709, 39.1075668335, 381.230316162, 66.0263290405, 59.272731781, 48.5975341797, 139.569152832, 6.24870109558, 78.3260421753, 12.7395362854, 59.5357322693], [508.557556152, -141.844787598, 106.867446899, 29.3847122192, 66.0263290405, 348.858673096, 90.2012023926, 90.0391693115, 37.9808959961, 71.8736038208, 32.6927719116, 41.4454956055, -25.4925041199], [409.977905273, 205.6534729, -184.784362793, 16.5704154968, 59.272731781, 90.2012023926, 398.247375488, 54.4453010559, 12.7166604996, 38.6739959717, 90.6214675903, -39.7293205261, -31.9466152191], [235.324707031, -68.7888717651, 113.651824951, 64.7460861206, 48.5975341797, 90.0391693115, 54.4453010559, 178.408676147, 51.7378005981, 56.4671058655, 17.281211853, 24.2325725555, 13.0090856552], [-119.020240784, 248.156448364, 134.022460938, 129.424575806, 139.569152832, 37.9808959961, 12.7166604996, 51.7378005981, 229.295532227, 34.260635376, 11.6649246216, 19.8941421509, 69.7191467285], [319.839538574, -86.3985671997, 26.6975841522, 36.5618629456, 6.24870109558, 71.8736038208, 38.6739959717, 56.4671058655, 34.260635376, 119.535964966, 30.5507240295, 10.3109931946, 2.2260055542], [53.3966789246, 230.392333984, 17.215549469, -56.2492523193, 78.3260421753, 32.6927719116, 90.6214675903, 17.281211853, 11.6649246216, 30.5507240295, 165.108978271, 17.3374996185, -9.59190750122], [130.538421631, -106.690254211, 145.828903198, 82.9197540283, 12.7395362854, 41.4454956055, -39.7293205261, 24.2325725555, 19.8941421509, 10.3109931946, 17.3374996185, 156.202789307, 22.6371555328], [-141.172134399, 65.8061065674, -14.6850318909, 75.4947357178, 59.5357322693, -25.4925041199, -31.9466152191, 13.0090856552, 69.7191467285, 2.2260055542, -9.59190750122, 22.6371555328, 125.149215698]],
        "icov": [[0.000225926647545, -0.000354812073056, 0.000418351672124, -0.000461912306491, 0.000510122044943, -0.000466761179268, 0.000256711791735, -0.0004278315173, 0.000342809449648, -0.000539737055078, 0.000124437647173, -0.000449800747447, 0.000450926105259], [-0.000354812073056, 0.00348447193392, -0.00200560968369, 0.0019610398449, -0.00335671100765, 0.00244750082493, -0.00233636400662, 0.0026863834355, -0.00275325751863, 0.00271294312552, -0.00245852465741, 0.0028035370633, -0.00164099445101], [0.000418351672124, -0.00200560968369, 0.00292579620145, -0.00175452523399, 0.00134636636358, -0.0017545572482, 0.0024056956172, -0.00249614659697, 0.00116899295244, -0.00173174485099, 0.00109394523315, -0.0027206398081, 0.00275942194276], [-0.000461912306491, 0.0019610398449, -0.00175452523399, 0.00370778283104, -0.00185891450383, 0.00186236086302, -0.00203332444653, 0.00163182872348, -0.00247787684202, 0.0014538402902, 8.55351663631e-06, 0.000821747991722, -0.00221319822595], [0.000510122044943, -0.00335671100765, 0.00134636636358, -0.00185891450383, 0.00790974125266, -0.00318365101703, 0.0016387932701, -0.00274305860512, 0.000799338391516, -0.00141964666545, 0.00041884399252, -0.00198482093401, -0.000116955685371], [-0.000466761179268, 0.00244750082493, -0.0017545572482, 0.00186236086302, -0.00318365101703, 0.00596171151847, -0.00236179796048, 0.00101389049087, -0.00210822024383, 0.000480172922835, -0.00098507036455, 0.00100817345083, -0.000214112922549], [0.000256711791735, -0.00233636400662, 0.0024056956172, -0.00203332444653, 0.0016387932701, -0.00236179796048, 0.00568033754826, -0.00298614474013, 0.00167936121579, -0.00172247644514, -0.000411496119341, -0.00103280937765, 0.00277703441679], [-0.0004278315173, 0.0026863834355, -0.00249614659697, 0.00163182872348, -0.00274305860512, 0.00101389049087, -0.00298614474013, 0.0101838363335, -0.00252869119868, -0.000253229925875, -0.00126566772815, 0.00212052999996, -0.00254921987653], [0.000342809449648, -0.00275325751863, 0.00116899295244, -0.00247787684202, 0.000799338391516, -0.00210822024383, 0.00167936121579, -0.00252869119868, 0.0095995971933, -0.00368760433048, 0.00223785801791, -0.0016446657246, -0.00146504072472], [-0.000539737055078, 0.00271294312552, -0.00173174485099, 0.0014538402902, -0.00141964666545, 0.000480172922835, -0.00172247644514, -0.000253229925875, -0.00368760433048, 0.0140669746324, -0.00414788443595, 0.00300277490169, -0.00181272800546], [0.000124437647173, -0.00245852465741, 0.00109394523315, 8.55351663631e-06, 0.00041884399252, -0.00098507036455, -0.000411496119341, -0.00126566772815, 0.00223785801791, -0.00414788443595, 0.0108019327745, -0.00392462918535, 0.00154781923629], [-0.000449800747447, 0.0028035370633, -0.0027206398081, 0.000821747991722, -0.00198482093401, 0.00100817345083, -0.00103280937765, 0.00212052999996, -0.0016446657246, 0.00300277490169, -0.00392462918535, 0.0110634174198, -0.00357014057226], [0.000450926105259, -0.00164099445101, 0.00275942194276, -0.00221319822595, -0.000116955685371, -0.000214112922549, 0.00277703441679, -0.00254921987653, -0.00146504072472, -0.00181272800546, 0.00154781923629, -0.00357014057226, 0.0136195672676]]
    },
    "melbands": {
        "dmean": [0.000573829805944, 0.000336567085469, 0.000142808130477, 0.000128295752802, 0.000201228569495, 0.000289168470772, 0.000137234630529, 8.8796208729e-05, 0.000172805142938, 0.000406709354138, 0.000323399464833, 6.43617822789e-05, 4.74260596093e-05, 7.01667377143e-05, 5.24668030266e-05, 9.50685789576e-05, 0.000110724475235, 3.32642921421e-05, 3.25766632159e-05, 1.36875696626e-05, 1.50006408148e-05, 5.06415972268e-06, 4.05273158322e-06, 1.55847646965e-06, 3.32156241711e-06, 1.21352695714e-05, 1.27241119117e-05, 4.03844342145e-06, 1.64727282481e-06, 1.18223488244e-06, 1.27335192701e-06, 1.24154848891e-06, 9.73072474153e-07, 9.01208750292e-07, 5.59413479095e-07, 2.69831275546e-07, 1.8857321038e-07, 1.1854962878e-07, 1.11952836335e-07, 1.12523103724e-07],
        "dmean2": [0.00087086315034, 0.000538464926649, 0.000239825196331, 0.000200981929083, 0.000328355818056, 0.000465813063784, 0.000215733132791, 0.000135499794851, 0.000259650463704, 0.000574800593313, 0.000433139473898, 8.65346737555e-05, 6.02822365181e-05, 0.000101310986793, 8.13365768408e-05, 0.000134246656671, 0.000157696573297, 4.98614317621e-05, 5.12466685905e-05, 2.13948042074e-05, 2.38338343479e-05, 7.90066314948e-06, 6.0226630012e-06, 2.35359539147e-06, 4.81222241433e-06, 1.74198867171e-05, 1.92891257029e-05, 5.9783837969e-06, 2.39499331656e-06, 1.73471539711e-06, 1.87002922303e-06, 1.75962475168e-06, 1.40447900776e-06, 1.30465434722e-06, 8.27174631013e-07, 3.95264208919e-07, 2.92851638051e-07, 1.69110606407e-07, 1.73829079131e-07, 1.73817213067e-07],
        "dvar": [1.33677099257e-06, 4.83805138174e-07, 1.19506410101e-07, 5.60125741345e-08, 1.67759679925e-07, 2.55147199368e-07, 1.66697134318e-07, 7.44358317206e-08, 1.77210736751e-07, 7.65295681049e-07, 4.10422615005e-07, 3.3470897165e-08, 1.50212322581e-08, 7.23052409057e-08, 3.35910286253e-08, 4.43950689544e-08, 7.51332649429e-08, 1.37988482862e-08, 1.08039026614e-08, 2.38059372215e-09, 4.30374580418e-09, 7.02685132303e-10, 2.31941771345e-10, 1.30158748363e-11, 9.51283427031e-11, 9.59794799194e-10, 9.64663904313e-10, 1.07139505601e-10, 1.89804578304e-11, 9.84746832688e-12, 9.16308695587e-12, 9.62758692213e-12, 6.99609641053e-12, 1.85861378371e-11, 8.31117206307e-12, 7.64679606528e-13, 5.7431414225e-13, 1.87356721934e-13, 1.67499044149e-13, 2.44652361521e-13],
        "dvar2": [3.3638707464e-06, 1.27134740069e-06, 3.31896558237e-07, 1.34495394377e-07, 4.33174648151e-07, 6.50789445444e-07, 3.88529429074e-07, 1.48123817212e-07, 3.63128265235e-07, 1.63994820923e-06, 6.51739298974e-07, 5.26192458494e-08, 2.21998934791e-08, 1.90019989077e-07, 8.27540915793e-08, 8.66467857463e-08, 1.6441933326e-07, 2.40269120155e-08, 2.73564406683e-08, 5.62232971291e-09, 9.19284737222e-09, 1.75053305185e-09, 4.85251561155e-10, 2.39701418436e-11, 2.12986045467e-10, 2.09087702707e-09, 2.24068386068e-09, 2.22008730844e-10, 3.7249828222e-11, 2.00197948497e-11, 1.93251022823e-11, 1.94966872508e-11, 1.28944780201e-11, 3.93961460676e-11, 1.74740569236e-11, 1.55596824487e-12, 1.3595423615e-12, 3.38810712342e-13, 3.7564314723e-13, 5.81850431551e-13],
        "max": [0.0137469433248, 0.0135130891576, 0.00494995713234, 0.00465867947787, 0.00569207035005, 0.00658357189968, 0.0103928362951, 0.00533689558506, 0.00541963381693, 0.0082211913541, 0.00831109657884, 0.0032739720773, 0.00201711710542, 0.00547236716375, 0.00308062182739, 0.00312288431451, 0.00360407913104, 0.00208180304617, 0.00136651739012, 0.000660143909045, 0.00101548770908, 0.000613343087025, 0.000279555737507, 8.88842987479e-05, 0.000165797988302, 0.000645480875392, 0.000429850042565, 0.000213270977838, 8.00953275757e-05, 4.6593042498e-05, 5.24153438164e-05, 5.85726047575e-05, 7.08846200723e-05, 0.000112634319521, 0.000106249492092, 1.69947143149e-05, 1.99799487746e-05, 1.30147782329e-05, 8.17744876258e-06, 1.06934157884e-05],
        "mean": [0.00132854969706, 0.000945939973462, 0.000346918619471, 0.000270394433755, 0.000422500976129, 0.000712564040441, 0.00029850017745, 0.000213043487747, 0.000354201270966, 0.000822536239866, 0.000818569387775, 0.00011120315321, 7.85301599535e-05, 0.000124110039906, 7.97026004875e-05, 0.000145486716065, 0.000185931916349, 4.86245553475e-05, 4.30927611887e-05, 1.71950850927e-05, 1.80934603122e-05, 6.20597165835e-06, 5.0631861086e-06, 2.36337700699e-06, 5.43257874597e-06, 2.10456237255e-05, 2.17529814108e-05, 6.34925208942e-06, 2.42456417254e-06, 1.77719948624e-06, 2.01491729968e-06, 1.95849429474e-06, 1.54041242695e-06, 1.27998964672e-06, 8.38670814574e-07, 4.07334965757e-07, 2.51865770906e-07, 1.68471046891e-07, 1.6183543039e-07, 1.41184997915e-07],
        "median": [0.000378475931939, 0.000749601225834, 0.000215062202187, 0.000166483747307, 0.000270317774266, 0.00049556302838, 0.000185939919902, 8.95645280252e-05, 7.82871429692e-05, 0.000135577662149, 7.46229052311e-05, 1.8570719476e-05, 1.53156506713e-05, 3.11273906846e-05, 9.29190900933e-06, 1.91773397091e-05, 1.99670848815e-05, 6.39220934318e-06, 6.17674777459e-06, 2.8420322451e-06, 2.9847501537e-06, 1.08767517304e-06, 8.32852379062e-07, 9.59671979217e-07, 1.08473170712e-06, 2.70122586699e-06, 4.23924029747e-06, 1.10172095447e-06, 3.9666966245e-07, 4.23681569828e-07, 5.33557738436e-07, 4.4598030513e-07, 4.56618579392e-07, 2.7812311032e-07, 1.99421720026e-07, 1.21428527677e-07, 4.93523018008e-08, 2.36819630572e-08, 3.28907958647e-08, 2.31881820412e-08],
        "min": [1.59478345187e-23, 6.54907590349e-24, 3.31979845175e-24, 1.64894585276e-23, 7.45807322483e-24, 5.0107671616e-24, 9.47365385844e-24, 1.24309419308e-23, 8.16228935492e-24, 1.61276932274e-23, 1.36222078835e-23, 2.17108846831e-23, 1.97048618882e-23, 1.27065636202e-23, 3.38253971499e-24, 7.56890739315e-24, 1.41653875262e-23, 1.1227080236e-23, 4.31077262064e-24, 9.1117449855e-24, 1.06990656554e-23, 5.09686107421e-24, 9.28613925468e-24, 8.01070342109e-24, 1.15575301249e-23, 1.35217653799e-23, 1.45234041594e-23, 8.44631951271e-24, 1.17834969646e-23, 7.39833042189e-24, 1.14050496228e-23, 9.67138815522e-24, 6.9288288101e-24, 1.1117384394e-23, 7.10836881896e-24, 6.22847849287e-24, 8.8111266606e-24, 5.96425584356e-24, 1.0297114203e-23, 9.8198856986e-24],
        "stdev": [0.0019626733847, 0.00121588888578, 0.000405207800213, 0.000317358382745, 0.000535982719157, 0.000699269527104, 0.000465122022433, 0.000500683789141, 0.000714196590707, 0.00131595670246, 0.00140057201497, 0.000297201477224, 0.000195471555344, 0.000290472467896, 0.000222402682994, 0.000304889370454, 0.000397405645344, 0.000161351446877, 0.00012025682372, 5.48076204723e-05, 7.44275312172e-05, 2.62435623881e-05, 1.85310400411e-05, 5.26694429936e-06, 1.29876925712e-05, 4.68457619718e-05, 4.32520864706e-05, 1.58406182891e-05, 6.61179547023e-06, 4.36892150901e-06, 4.23557730755e-06, 4.25489452027e-06, 3.81671134164e-06, 5.64540596315e-06, 4.2293295337e-06, 1.29480224587e-06, 9.53346443566e-07, 6.30223894404e-07, 5.19161744705e-07, 5.35124058842e-07],
        "var": [3.85208704756e-06, 1.47838579778e-06, 1.64193352248e-07, 1.00716349039e-07, 2.87277487132e-07, 4.8897788929e-07, 2.1633850622e-07, 2.50684280445e-07, 5.10076802129e-07, 1.73174191787e-06, 1.96160181076e-06, 8.8328725667e-08, 3.82091300821e-08, 8.43742569145e-08, 4.9462954621e-08, 9.29575278974e-08, 1.57931253852e-07, 2.6034289391e-08, 1.44617038345e-08, 3.00387537067e-09, 5.53945778137e-09, 6.88724521858e-10, 3.43399475522e-10, 2.77407038313e-11, 1.68680153179e-10, 2.19452545025e-09, 1.87074311597e-09, 2.50925197287e-10, 4.37158399758e-11, 1.90874746564e-11, 1.79401164063e-11, 1.81041258374e-11, 1.45672866131e-11, 3.18706103175e-11, 1.78872264223e-11, 1.67651276976e-12, 9.0886938817e-13, 3.97182124429e-13, 2.69528919582e-13, 2.86357743073e-13]
    },
    "melbands128": {
