{
"lowlevel": {
    "average_loudness": 0.927819907665,
    "barkbands_crest": {
        "dmean": 2.47231054306,
        "dmean2": 3.63721656799,
        "dvar": 7.97836351395,
        "dvar2": 21.0429458618,
        "max": 25.571346283,
        "mean": 14.4045629501,
        "median": 15.3675193787,
        "min": 2.862667799,
        "stdev": 5.83938932419,
        "var": 34.0984649658
    },
    "barkbands_flatness_db": {
        "dmean": 0.0302751939744,
        "dmean2": 0.0426014438272,
        "dvar": 0.000891602539923,
        "dvar2": 0.00188267126214,
        "max": 0.482754319906,
        "mean": 0.175466552377,
        "median": 0.172430202365,
        "min": 0.0297996681184,
        "stdev": 0.0733451545238,
        "var": 0.00537951150909
    },
    "barkbands_kurtosis": {
        "dmean": 14.1306781769,
        "dmean2": 21.7237548828,
        "dvar": 2441.91992188,
        "dvar2": 5762.02392578,
        "max": 913.858398438,
        "mean": 22.8589820862,
        "median": 8.86959552765,
        "min": -1.86550354958,
        "stdev": 61.3799667358,
        "var": 3767.50048828
    },
    "barkbands_skewness": {
        "dmean": 0.912345945835,
        "dmean2": 1.35668599606,
        "dvar": 2.11252808571,
        "dvar2": 4.87328243256,
        "max": 23.1542510986,
        "mean": 3.11830282211,
        "median": 2.71941876411,
        "min": -1.85851109028,
        "stdev": 2.63776683807,
        "var": 6.95781373978
    },
    "barkbands_spread": {
        "dmean": 6.10478115082,
        "dmean2": 8.88413906097,
        "dvar": 59.4999275208,
        "dvar2": 125.371032715,
        "max": 100.550994873,
        "mean": 17.1826972961,
        "median": 13.8974180222,
        "min": 0.17525357008,
        "stdev": 13.5539493561,
        "var": 183.70954895
    },
    "dissonance": {
        "dmean": 0.0211806613952,
        "dmean2": 0.0346005558968,
        "dvar": 0.000520787027199,
        "dvar2": 0.00130214833189,
        "max": 0.499999940395,
        "mean": 0.451396465302,
        "median": 0.461378604174,
        "min": 0.165828630328,
        "stdev": 0.0380109250546,
        "var": 0.00144483055919
    },
    "dynamic_complexity": 3.7635884285,
    "erbbands_crest": {
        "dmean": 2.18602204323,
        "dmean2": 3.49647188187,
        "dvar": 4.16961717606,
        "dvar2": 9.61092090607,
        "max": 21.5413970947,
        "mean": 8.06769657135,
        "median": 7.49552106857,
        "min": 2.26007008553,
        "stdev": 3.38855981827,
        "var": 11.482336998
    },
    "erbbands_flatness_db": {
        "dmean": 0.0178794264793,
        "dmean2": 0.0264363307506,
        "dvar": 0.000293219403829,
        "dvar2": 0.00060242402833,
        "max": 0.335707396269,
        "mean": 0.128855168819,
        "median": 0.120264992118,
        "min": 0.0519269295037,
        "stdev": 0.0476753376424,
        "var": 0.00227293767966
    },
    "erbbands_kurtosis": {
        "dmean": 1.21272194386,
        "dmean2": 1.97508728504,
        "dvar": 11.2900943756,
        "dvar2": 32.0230522156,
        "max": 58.0076980591,
        "mean": 0.794651865959,
        "median": 0.188161373138,
        "min": -1.68027436733,
        "stdev": 2.96949028969,
        "var": 8.81787204742
    },
    "erbbands_skewness": {
        "dmean": 0.396361231804,
        "dmean2": 0.613146960735,
        "dvar": 0.240437299013,
        "dvar2": 0.603622853756,
        "max": 6.80486392975,
        "mean": 0.539624214172,
        "median": 0.588088810444,
        "min": -2.9593629837,
        "stdev": 0.862206757069,
        "var": 0.743400454521
    },
    "erbbands_spread": {
        "dmean": 11.4908924103,
        "dmean2": 17.5085067749,
        "dvar": 151.962554932,
        "dvar2": 335.25378418,
        "max": 156.412811279,
        "mean": 47.505947113,
        "median": 44.5136795044,
        "min": 6.69781541824,
        "stdev": 19.5753364563,
        "var": 383.193817139
    },
    "hfc": {
        "dmean": 10.6127004623,
        "dmean2": 16.737247467,
        "dvar": 270.298461914,
        "dvar2": 670.767150879,
        "max": 138.440643311,
        "mean": 23.7867145538,
        "median": 19.665561676,
        "min": 1.16514397918e-16,
        "stdev": 20.9447727203,
        "var": 438.683532715
    },
    "loudness_ebu128": {
        "integrated": -11.5007820129,
        "loudness_range": 8.99752235413,
        "momentary": {
            "dmean": 0.68326240778,
            "dmean2": 0.907176494598,
            "dvar": 0.450432389975,
            "dvar2": 0.781730353832,
            "max": -8.75726413727,
            "mean": -13.3737926483,
            "median": -11.5359916687,
            "min": -29.543680191,
            "stdev": 4.7732462883,
            "var": 22.7838783264
        },
        "short_term": {
            "dmean": 0.107872352004,
            "dmean2": 0.0639321431518,
            "dvar": 0.0248584840447,
            "dvar2": 0.012332322076,
            "max": -9.5871591568,
            "mean": -12.936832428,
            "median": -11.8321781158,
            "min": -21.6092624664,
            "stdev": 3.43122506142,
            "var": 11.7733058929
        }
    },
    "melbands_crest": {
        "dmean": 3.13302874565,
        "dmean2": 4.44556522369,
        "dvar": 12.057934761,
        "dvar2": 22.9565906525,
        "max": 37.7265472412,
        "mean": 21.9211387634,
        "median": 22.2266788483,
        "min": 2.5408911705,
        "stdev": 9.4509677887,
        "var": 89.3207931519
    },
    "melbands_flatness_db": {
        "dmean": 0.0344282351434,
        "dmean2": 0.0466886609793,
        "dvar": 0.0010885396041,
        "dvar2": 0.00220563472249,
        "max": 0.614280045033,
        "mean": 0.250708639622,
        "median": 0.251251965761,
        "min": 0.00862831715494,
        "stdev": 0.0961102023721,
        "var": 0.00923717115074
    },
    "melbands_kurtosis": {
        "dmean": 26.8664894104,
        "dmean2": 39.8225746155,
        "dvar": 4346.94433594,
        "dvar2": 8833.94238281,
        "max": 1212.44494629,
        "mean": 52.3457870483,
        "median": 20.8303203583,
        "min": -1.50568950176,
        "stdev": 105.161994934,
        "var": 11059.0458984
    },
    "melbands_skewness": {
        "dmean": 1.21248626709,
        "dmean2": 1.73981451988,
        "dvar": 2.83449888229,
        "dvar2": 5.55080461502,
        "max": 26.8293190002,
        "mean": 4.64611005783,
        "median": 3.6548781395,
        "min": -1.0222247839,
        "stdev": 3.59201741219,
        "var": 12.9025888443
    },
    "melbands_spread": {
        "dmean": 5.7130022049,
        "dmean2": 8.40978813171,
        "dvar": 123.96761322,
        "dvar2": 226.916442871,
        "max": 163.152740479,
        "mean": 16.9615211487,
        "median": 10.1833677292,
        "min": 0.171112298965,
        "stdev": 21.2203483582,
        "var": 450.303222656
    },
    "pitch_salience": {
        "dmean": 0.0775355547667,
        "dmean2": 0.119306497276,
        "dvar": 0.00839751306921,
        "dvar2": 0.0217006783932,
        "max": 0.790014386177,
        "mean": 0.417115539312,
        "median": 0.392326593399,
        "min": 0.0359971560538,
        "stdev": 0.182066828012,
        "var": 0.033148329705
    },
    "silence_rate_20dB": {
        "dmean": 0,
        "dmean2": 0,
        "dvar": 0,
        "dvar2": 0,
        "max": 1,
        "mean": 1,
        "median": 1,
        "min": 1,
        "stdev": 0,
        "var": 0
    },
    "silence_rate_30dB": {
        "dmean": 0.088235296309,
        "dmean2": 0.17660728097,
        "dvar": 0.0804492384195,
        "dvar2": 0.165556058288,
        "max": 1,
        "mean": 0.612528979778,
        "median": 1,
        "min": 0,
        "stdev": 0.487172693014,
        "var": 0.237337231636
    },
    "silence_rate_60dB": {
        "dmean": 0.011609907262,
        "dmean2": 0.0232378002256,
        "dvar": 0.0114749204367,
        "dvar2": 0.0226976629347,
        "max": 1,
        "mean": 0.113689094782,
        "median": 0,
        "min": 0,
        "stdev": 0.317432135344,
        "var": 0.10076315701
    },
    "spectral_centroid": {
        "dmean": 331.390991211,
        "dmean2": 488.981994629,
        "dvar": 242875.140625,
        "dvar2": 403277,
        "max": 10922.5693359,
        "mean": 1257.95092773,
        "median": 972.385253906,
        "min": 104.405937195,
        "stdev": 826.511779785,
        "var": 683121.6875
    },
    "spectral_complexity": {
        "dmean": 4.74458217621,
        "dmean2": 7.43144845963,
        "dvar": 30.2428035736,
        "dvar2": 66.2794189453,
        "max": 49,
        "mean": 15.0920343399,
        "median": 14,
        "min": 0,
        "stdev": 8.71585655212,
        "var": 75.9661483765
    },
    "spectral_decrease": {
        "dmean": 6.33255670124e-09,
        "dmean2": 9.10773767515e-09,
        "dvar": 1.53380686384e-16,
        "dvar2": 3.8331038719e-16,
        "max": -4.34065067716e-29,
        "mean": -2.08359089982e-08,
        "median": -2.06825756521e-08,
        "min": -1.18043146813e-07,
        "stdev": 1.88354292163e-08,
        "var": 3.5477342368e-16
    },
    "spectral_energy": {
        "dmean": 0.0244359225035,
        "dmean2": 0.0354475677013,
        "dvar": 0.00225153542124,
        "dvar2": 0.00562225328758,
        "max": 0.451457440853,
        "mean": 0.0807969644666,
        "median": 0.0805787593126,
        "min": 1.0732030291e-20,
        "stdev": 0.0720071196556,
        "var": 0.00518502574414
    },
    "spectral_energyband_high": {
        "dmean": 0.000841173983645,
        "dmean2": 0.00129347946495,
        "dvar": 2.14700389733e-06,
        "dvar2": 4.98430335938e-06,
        "max": 0.0124093946069,
        "mean": 0.00130989495665,
        "median": 0.000701190379914,
        "min": 7.59671365459e-21,
        "stdev": 0.00183745520189,
        "var": 3.37624169333e-06
    },
    "spectral_energyband_low": {
        "dmean": 0.0212267301977,
        "dmean2": 0.0294204074889,
        "dvar": 0.00183576275595,
        "dvar2": 0.00463105784729,
        "max": 0.397644639015,
        "mean": 0.0623096078634,
        "median": 0.0592937022448,
        "min": 1.61167526733e-22,
        "stdev": 0.064338862896,
        "var": 0.0041394890286
    },
    "spectral_energyband_middle_high": {
        "dmean": 0.00137894996442,
        "dmean2": 0.00224513583817,
        "dvar": 4.55749750472e-06,
        "dvar2": 1.19113292385e-05,
        "max": 0.0211157966405,
        "mean": 0.00280169514008,
        "median": 0.00212484551594,
        "min": 1.66027659642e-21,
        "stdev": 0.00261304201558,
        "var": 6.82798872731e-06
    },
    "spectral_energyband_middle_low": {
        "dmean": 0.00849851407111,
        "dmean2": 0.0152661632746,
        "dvar": 0.000435691210441,
        "dvar2": 0.00126446934883,
        "max": 0.1671115309,
        "mean": 0.0161253586411,
        "median": 0.010619642213,
        "min": 3.21483235149e-22,
        "stdev": 0.0196525491774,
        "var": 0.000386222702218
    },
    "spectral_entropy": {
        "dmean": 0.248237490654,
        "dmean2": 0.366368860006,
        "dvar": 0.0766392499208,
        "dvar2": 0.166291385889,
        "max": 9.80328845978,
        "mean": 7.66780281067,
        "median": 7.6958770752,
        "min": 5.07784938812,
        "stdev": 0.500015437603,
        "var": 0.250015467405
    },
    "spectral_flux": {
        "dmean": 0.048983681947,
        "dmean2": 0.0739914253354,
        "dvar": 0.00729257101193,
        "dvar2": 0.011155275628,
        "max": 0.620165169239,
        "mean": 0.101686909795,
        "median": 0.0685688108206,
        "min": 1.03595514112e-10,
        "stdev": 0.111249372363,
        "var": 0.0123764220625
    },
    "spectral_kurtosis": {
        "dmean": 1.23958730698,
        "dmean2": 1.94737875462,
        "dvar": 2.6087501049,
        "dvar2": 5.76998615265,
        "max": 20.9838523865,
        "mean": 3.06003284454,
        "median": 2.49179792404,
        "min": -1.22594094276,
        "stdev": 2.40572404861,
        "var": 5.78750801086
    },
    "spectral_rms": {
        "dmean": 0.00114932039287,
        "dmean2": 0.00152827717829,
        "dvar": 2.73809882856e-06,
        "dvar2": 6.08472555541e-06,
        "max": 0.0209868121892,
        "mean": 0.00780021073297,
        "median": 0.00886642094702,
        "min": 3.23578013342e-12,
        "stdev": 0.00424064928666,
        "var": 1.79831076821e-05
    },
    "spectral_rolloff": {
        "dmean": 440.964782715,
        "dmean2": 696.32043457,
        "dvar": 1383819.75,
        "dvar2": 2498301.5,
        "max": 18820.0195312,
        "mean": 1056.41113281,
        "median": 366.064453125,
        "min": 64.599609375,
        "stdev": 1844.26928711,
        "var": 3401329.25
    },
    "spectral_skewness": {
        "dmean": 0.23436255753,
        "dmean2": 0.350372582674,
        "dvar": 0.0616272427142,
        "dvar2": 0.124035142362,
        "max": 3.7411699295,
        "mean": 1.44865632057,
        "median": 1.42299497128,
        "min": 0.00321203493513,
        "stdev": 0.397238224745,
        "var": 0.157798200846
    },
    "spectral_spread": {
        "dmean": 762242.75,
        "dmean2": 1140216,
        "dvar": 1.45117374054e+12,
        "dvar2": 1.9869606871e+12,
        "max": 41531100,
        "mean": 6062363.5,
        "median": 6169353.5,
        "min": 1606664.375,
        "stdev": 1872571.125,
        "var": 3.50652281651e+12
    },
    "spectral_strongpeak": {
        "dmean": 0.216784268618,
        "dmean2": 0.36711165309,
        "dvar": 0.141605049372,
        "dvar2": 0.318702369928,
        "max": 3.44896411896,
        "mean": 0.617103099823,
        "median": 0.525917947292,
        "min": 0,
        "stdev": 0.464261353016,
        "var": 0.215538591146
    },
    "zerocrossingrate": {
        "dmean": 0.0121189747006,
        "dmean2": 0.0136677147821,
        "dvar": 0.000404870050261,
        "dvar2": 0.000441812997451,
        "max": 0.498046875,
        "mean": 0.0498711504042,
        "median": 0.03662109375,
        "min": 0.00048828125,
        "stdev": 0.0474503710866,
        "var": 0.00225153774954
    },
    "barkbands": {
        "dmean": [0.00184775749221, 0.0140612991527, 0.00945649389178, 0.00425805011764, 0.0025677299127, 0.00162486929912, 0.000565502094105, 0.000543784117326, 0.000758824404329, 0.000234068822465, 0.000371962407371, 0.000280727806967, 0.000214610714465, 0.000169449325767, 0.000164719764143, 0.00012523062469, 0.000159622431966, 0.00012760637037, 0.000111531371658, 0.000146852384205, 0.000150339576066, 0.000193188141566, 0.0001650244958, 0.000134408692247, 0.000147370548802, 7.69574180595e-05, 4.70499662697e-06],
        "dmean2": [0.00205277069472, 0.0189958140254, 0.0179333165288, 0.00812397152185, 0.00460647512227, 0.00269196392037, 0.000968514359556, 0.000829155440442, 0.00107318593655, 0.000390250032069, 0.000621629296802, 0.000441074284026, 0.000361032842193, 0.000283069093712, 0.000277621642454, 0.000207719946047, 0.00026424441603, 0.00021565570205, 0.000187022160389, 0.000239885746851, 0.000242918918957, 0.000308848539134, 0.000262118555838, 0.000209294186789, 0.000228575896472, 0.00012121378677, 7.77346849645e-06],
        "dvar": [7.1745803325e-06, 0.000588106689975, 0.00113625859376, 0.000226124597248, 3.22576306644e-05, 8.44666101329e-06, 8.63977220433e-07, 1.4030189277e-06, 1.58076090884e-06, 1.83971295087e-07, 5.1353345043e-07, 2.23912081765e-07, 1.45742575342e-07, 5.36001785179e-08, 1.00383189761e-07, 4.30552447028e-08, 8.77836185964e-08, 1.12607487779e-07, 3.68049484223e-08, 8.37807476728e-08, 7.04747122882e-08, 1.18585504083e-07, 1.01600186042e-07, 4.25973851748e-08, 7.729747864e-08, 3.17038271191e-08, 1.3951655109e-10],
        "dvar2": [1.13761798275e-05, 0.00158694933634, 0.00329131167382, 0.000656380027067, 9.29609523155e-05, 2.36216328631e-05, 2.33571790886e-06, 2.6686293495e-06, 3.14514886668e-06, 4.39978350641e-07, 1.34945264563e-06, 5.04643992372e-07, 3.90931120364e-07, 1.37036678893e-07, 2.70627651844e-07, 1.09529388226e-07, 2.26874746545e-07, 3.11620141247e-07, 9.82622196943e-08, 1.88694926351e-07, 1.6269967773e-07, 2.9186068673e-07, 2.56481115457e-07, 1.01019317356e-07, 1.81508852393e-07, 7.52299698092e-08, 3.56317475525e-10],
        "max": [0.0321492291987, 0.214619219303, 0.246715605259, 0.118900611997, 0.0489775389433, 0.0489842779934, 0.00759026268497, 0.0170831903815, 0.0205484889448, 0.00767300277948, 0.00891244318336, 0.00644546281546, 0.00470966845751, 0.00204884936102, 0.00323306256905, 0.00193248991854, 0.00277962395921, 0.00757326977327, 0.00172075349838, 0.00513241207227, 0.00332472636364, 0.00300033320673, 0.00303664710373, 0.00187036267016, 0.00302567076869, 0.0026856076438, 0.000186753008165],
        "mean": [0.00566846737638, 0.0478358455002, 0.00710094626993, 0.00296997814439, 0.00397865381092, 0.00499857682735, 0.000738284375984, 0.000930866459385, 0.00239100982435, 0.000388511893107, 0.000474963890156, 0.000542453490198, 0.000298667349853, 0.000228032484301, 0.000204585550819, 0.000167056365171, 0.000187913392438, 0.000147780185216, 0.000157234651851, 0.000172509928234, 0.000241674773861, 0.000261778855929, 0.000215233842027, 0.000191612067283, 0.000207453413168, 9.26175198401e-05, 4.31073613072e-06],
        "median": [0.00314467493445, 0.0466248765588, 0.000731145206373, 0.000321899744449, 0.0016258272808, 0.00140025047585, 0.00032489534351, 0.000282768596662, 0.00041838598554, 0.00017509276222, 0.000163118616911, 0.000165739940712, 0.000133679975988, 0.000136206610478, 9.44952626014e-05, 8.10956407804e-05, 7.75218359195e-05, 6.23380256002e-05, 8.97822901607e-05, 5.25376490259e-05, 0.000115510178148, 0.000115946138976, 9.34917479753e-05, 9.87501844065e-05, 9.22308972804e-05, 2.13154344237e-05, 7.79727145073e-07],
        "min": [2.95736443412e-23, 5.51079295726e-23, 9.30080260119e-23, 3.05987785538e-24, 3.31308074894e-23, 3.48088534743e-23, 7.58185196952e-23, 6.31387544688e-23, 8.53479909847e-23, 5.43790978268e-23, 8.57375999194e-23, 8.8146276253e-23, 1.48451328754e-22, 2.36647606167e-23, 1.34769779598e-22, 1.93418760624e-22, 1.4811969163e-22, 3.9976428829e-22, 2.33356339631e-22, 2.98167435042e-22, 3.27346251345e-22, 6.02369744362e-22, 5.60774131194e-22, 9.70066066926e-22, 1.15027168507e-21, 1.86788489476e-21, 2.10856577634e-21],
        "stdev": [0.00665902346373, 0.0449910834432, 0.0253154430538, 0.0112337619066, 0.00598188815638, 0.00666618766263, 0.00099408661481, 0.00183133524843, 0.00389720615931, 0.00063148868503, 0.000866193906404, 0.000829109398182, 0.00044659624109, 0.000275123864412, 0.000322355539538, 0.000229682234931, 0.000301503430819, 0.000313349708449, 0.000200771348318, 0.000344227242749, 0.000363324244972, 0.000386323110433, 0.000347534893081, 0.000256058439845, 0.000317253929097, 0.000224919203902, 1.18212519737e-05],
        "var": [4.43425960839e-05, 0.0020241974853, 0.000640871701762, 0.000126197410282, 3.57829849236e-05, 4.44380602858e-05, 9.8820828498e-07, 3.35378899763e-06, 1.51882159116e-05, 3.98777928012e-07, 7.50291860641e-07, 6.87422357259e-07, 1.99448194849e-07, 7.5693144197e-08, 1.03913087912e-07, 5.2753929225e-08, 9.09043151864e-08, 9.81880390327e-08, 4.03091320322e-08, 1.18492387458e-07, 1.32004515763e-07, 1.49245551029e-07, 1.20780498492e-07, 6.55659277982e-08, 1.00650062507e-07, 5.0588646161e-08, 1.39741995753e-10]
    },
    "erbbands": {
        "dmean": [0.625496506691, 3.17674303055, 10.0607357025, 14.2978048325, 9.64122104645, 8.26353549957, 12.8214626312, 13.1406145096, 9.44336414337, 7.89500761032, 14.0133104324, 13.5875473022, 15.2179384232, 8.8723487854, 13.0198154449, 9.40907001495, 8.56415939331, 9.84526348114, 6.92222356796, 8.92507266998, 7.6357460022, 7.90593862534, 6.35739898682, 6.3837428093, 5.71396636963, 7.13241195679, 6.47805547714, 5.53620433807, 6.95516872406, 7.04498243332, 4.22606372833, 2.55179643631, 2.4202902317, 1.90930747986, 0.91532844305, 0.408769309521, 0.127725183964, 0.0217264499515, 0.000600166385993, 4.0588365664e-05],
        "dmean2": [0.818654954433, 4.73242998123, 18.6605606079, 27.1569423676, 18.2259464264, 14.5863275528, 21.1987037659, 21.2613449097, 16.4273700714, 12.8450870514, 20.8497028351, 19.950843811, 22.2353439331, 14.9725942612, 21.0911197662, 15.1154508591, 14.3103866577, 16.2458953857, 11.7151012421, 14.992181778, 12.4969673157, 12.9180545807, 10.561208725, 10.7289094925, 9.56665325165, 11.6849212646, 10.455124855, 8.97950458527, 11.1438827515, 11.4176454544, 6.66083621979, 3.95732617378, 3.77071666718, 3.00673937798, 1.41632604599, 0.640591204166, 0.202420845628, 0.0350788757205, 0.000978081137873, 6.20525097474e-05],
        "dvar": [0.966420292854, 55.7284049988, 1169.81811523, 2558.24975586, 1030.74682617, 280.760437012, 656.746643066, 551.580688477, 241.77532959, 172.580169678, 956.192504883, 537.800476074, 696.7578125, 256.381713867, 469.854888916, 216.893692017, 269.017242432, 175.636108398, 167.680801392, 348.095184326, 162.397781372, 214.834533691, 382.120178223, 142.778717041, 129.69178772, 213.587875366, 148.579299927, 92.4649429321, 137.842163086, 218.65914917, 60.1523857117, 17.746547699, 13.1522684097, 12.310333252, 2.99070930481, 0.850686371326, 0.106333337724, 0.00235438649543, 1.73181456375e-06, 3.9930019291e-09],
        "dvar2": [2.48535323143, 145.942871094, 3337.80957031, 7394.54541016, 3003.75244141, 782.33770752, 1611.35595703, 1538.78759766, 712.373596191, 440.466339111, 1782.47631836, 1165.63354492, 1429.15100098, 668.853515625, 1217.80065918, 521.329711914, 717.563720703, 432.704742432, 451.644165039, 940.883117676, 412.306060791, 558.377868652, 1061.14880371, 383.744903564, 343.907348633, 491.36038208, 320.583343506, 223.908966064, 338.307159424, 554.427429199, 148.743774414, 42.738193512, 31.0934448242, 28.9168815613, 7.17509269714, 2.01116895676, 0.251524060965, 0.00596541911364, 4.3319910219e-06, 9.95362103851e-09],
        "max": [7.56036567688, 56.3593978882, 223.314651489, 363.541168213, 273.026824951, 258.344421387, 370.335784912, 319.245819092, 142.122573853, 130.47315979, 454.542907715, 378.772735596, 423.397369385, 223.82232666, 289.558563232, 148.770782471, 186.130325317, 175.571670532, 131.864608765, 249.961364746, 95.7606201172, 136.597824097, 506.331451416, 108.891792297, 126.121086121, 277.941772461, 163.276794434, 129.704956055, 104.349914551, 132.674926758, 77.4135131836, 42.7605552673, 32.7591667175, 39.1637306213, 18.490398407, 11.0144357681, 5.20801305771, 0.955153226852, 0.0194176193327, 0.000747592945118],
        "mean": [2.26538991928, 7.11408090591, 8.59233474731, 10.2254829407, 8.50113677979, 13.8864936829, 25.8935279846, 46.8484115601, 19.3072471619, 12.5495948792, 24.8861274719, 38.5339164734, 46.0465736389, 14.4239263535, 22.8197231293, 17.3733024597, 12.7877426147, 14.5825042725, 8.85292053223, 11.7564134598, 10.0765800476, 9.59851455688, 8.07171344757, 8.67050075531, 7.20905017853, 8.51456069946, 9.65374755859, 8.85320091248, 10.2945146561, 7.95568752289, 5.8274846077, 3.62426781654, 3.42533040047, 2.6720688343, 1.238088727, 0.514229178429, 0.147674843669, 0.0224478375167, 0.000630440074019, 0.000109768639959],
        "median": [2.16070580482, 4.67584180832, 1.12425518036, 1.36229753494, 1.88461995125, 5.39295434952, 10.0018959045, 8.6937046051, 7.53496313095, 5.99276351929, 8.0963602066, 10.5239887238, 12.0800800323, 7.23208713531, 11.2131605148, 8.20480251312, 6.22469186783, 9.0728931427, 4.07719516754, 5.54690551758, 4.82094049454, 4.39373064041, 3.69756507874, 4.78286552429, 3.49022340775, 2.8664290905, 4.40853595734, 4.21268892288, 4.61830997467, 3.12495088577, 2.57368564606, 1.71988010406, 1.83994185925, 1.200070858, 0.512391746044, 0.12127443403, 0.0276194550097, 0.00517222518101, 0.000183699827176, 0.000110574008431],
        "min": [6.42736299619e-22, 1.6957540215e-20, 1.06814019907e-19, 4.33823111748e-20, 5.63993778247e-20, 1.18373500614e-19, 1.10991159216e-19, 4.57887275645e-19, 1.14886070962e-18, 9.66384046105e-19, 1.15858173618e-18, 2.07983211973e-18, 2.01069016027e-18, 1.98342876883e-18, 5.13859609846e-18, 3.61708090691e-18, 7.6338389422e-18, 1.35978483818e-18, 3.84657182811e-18, 6.94910710293e-18, 1.35541318865e-17, 8.13687642401e-18, 1.82887366961e-17, 1.73804543332e-17, 1.23782193723e-17, 1.47083979112e-17, 1.28428028818e-17, 1.56091628567e-17, 2.09670532209e-17, 1.74023431865e-17, 1.66509951838e-17, 1.83546166688e-17, 1.55517548678e-17, 1.07242096989e-17, 1.02956887826e-17, 6.96823317305e-18, 3.67871868385e-18, 9.01591298916e-19, 3.28067301413e-19, 3.38581148278e-20],
        "stdev": [2.04326462746, 9.31290912628, 26.6206951141, 37.825340271, 24.4739303589, 23.3373985291, 38.3172798157, 70.5303497314, 24.3068809509, 16.5963973999, 47.3213768005, 59.4647979736, 76.0855407715, 19.6447296143, 31.4587001801, 22.0235404968, 19.3636455536, 17.063085556, 13.2255516052, 18.3918190002, 14.1346549988, 14.5452852249, 18.0324554443, 12.1176662445, 10.8950891495, 16.9813461304, 16.8923873901, 13.0885667801, 14.3827590942, 14.3973531723, 8.94867038727, 5.21107769012, 4.49680185318, 4.01086235046, 1.96739315987, 1.1429618597, 0.409557819366, 0.0532065778971, 0.00140989036299, 9.07529029064e-05],
        "var": [4.17493009567, 86.7302703857, 708.661437988, 1430.75646973, 598.973266602, 544.634155273, 1468.21398926, 4974.53027344, 590.824462891, 275.44039917, 2239.31274414, 3536.06225586, 5789.00976562, 385.915435791, 989.649841309, 485.036346436, 374.950805664, 291.148864746, 174.915222168, 338.259002686, 199.788482666, 211.565322876, 325.169433594, 146.837844849, 118.702964783, 288.366119385, 285.352752686, 171.310592651, 206.863754272, 207.283782959, 80.0786972046, 27.1553287506, 20.2212276459, 16.0870170593, 3.87063574791, 1.30636179447, 0.167737618089, 0.00283094006591, 1.9877907107e-06, 8.23608914402e-09]
    },
    "gfcc": {
        "mean": [9.42217636108, 79.498008728, -92.9758834839, 35.2550849915, -61.2700462341, 23.8785324097, -32.0279884338, 13.4276561737, -19.8174610138, 9.8734960556, -11.3630428314, 7.94789552689, -2.97435307503],
        "cov": [[8677.84082031, -762.910339355, 1980.03381348, 321.948303223, -483.286956787, 971.936706543, -162.345794678, 641.190856934, -10.5274143219, 356.055419922, 36.6986846924, 378.848236084, 112.470397949], [-762.910339355, 1641.9777832, 32.0701446533, 11.0245437622, 240.722915649, 80.65209198, 411.308380127, -13.6686534882, 214.890884399, -74.2128753662, 247.56439209, -49.0097923279, 164.719436646], [1980.03381348, 32.0701446533, 1443.08581543, 304.061401367, 62.7149276733, 597.512268066, 219.865447998, 322.935150146, 151.453292847, 151.576339722, 153.991897583, 144.859420776, 124.755371094], [321.948303223, 11.0245437622, 304.061401367, 325.316162109, 206.808334351, 132.654022217, 126.236312866, 90.2940216064, 89.8900299072, 50.7977561951, 54.4417686462, 18.7136440277, 17.3252124786], [-483.286956787, 240.722915649, 62.7149276733, 206.808334351, 385.783081055, 37.1231384277, 143.586990356, 27.7397022247, 110.669723511, 6.57604265213, 58.083820343, -33.4016075134, -15.1425056458], [971.936706543, 80.65209198, 597.512268066, 132.654022217, 37.1231384277, 367.481262207, 149.083404541, 175.198394775, 90.8077697754, 90.6575393677, 105.326698303, 85.9163589478, 92.0121383667], [-162.345794678, 411.308380127, 219.865447998, 126.236312866, 143.586990356, 149.083404541, 345.437103271, 104.479827881, 149.182693481, 52.1814002991, 155.478607178, 65.7804107666, 104.553985596], [641.190856934, -13.6686534882, 322.935150146, 90.2940216064, 27.7397022247, 175.198394775, 104.479827881, 180.150268555, 81.4603042603, 73.6192703247, 79.8348770142, 81.2967071533, 52.7469215393], [-10.5274143219, 214.890884399, 151.453292847, 89.8900299072, 110.669723511, 90.8077697754, 149.182693481, 81.4603042603, 162.893585205, 59.5375404358, 109.851173401, 46.6324920654, 67.4500427246], [356.055419922, -74.2128753662, 151.576339722, 50.7977561951, 6.57604265213, 90.6575393677, 52.1814002991, 73.6192703247, 59.5375404358, 112.779197693, 62.220375061, 63.0795593262, 38.7276649475], [36.6986846924, 247.56439209, 153.991897583, 54.4417686462, 58.083820343, 105.326698303, 155.478607178, 79.8348770142, 109.851173401, 62.220375061, 160.227462769, 72.3422470093, 89.3659515381], [378.848236084, -49.0097923279, 144.859420776, 18.7136440277, -33.4016075134, 85.9163589478, 65.7804107666, 81.2967071533, 46.6324920654, 63.0795593262, 72.3422470093, 123.947731018, 73.0595703125], [112.470397949, 164.719436646, 124.755371094, 17.3252124786, -15.1425056458, 92.0121383667, 104.553985596, 52.7469215393, 67.4500427246, 38.7276649475, 89.3659515381, 73.0595703125, 131.474700928]],
        "icov": [[0.000319037528243, -0.000263336783974, -0.000107480678707, -0.00044356714352, 0.000483800889924, -0.000462433090433, 0.000619616301265, -0.000669630651828, 0.000245684175752, -0.000526000570972, 0.000587403599638, -0.00073514401447, 0.000410846376326], [-0.000263336783974, 0.00195686332881, -2.27818709391e-05, 0.00126612605527, -0.00082388141891, 0.0001920904906, -0.00177739537321, 0.00135569588747, -0.00105593469925, 0.00246963440441, -0.00275932438672, 0.00280829053372, -0.00160211860202], [-0.000107480678707, -2.27818709391e-05, 0.00248014484532, -0.00101543136407, 0.000427927734563, -0.00332026928663, 0.000150036066771, -0.000635761825833, -0.000371903530322, 0.000489708094392, 6.99473748682e-05, -9.30361493374e-05, 0.000460322014987], [-0.00044356714352, 0.00126612605527, -0.00101543136407, 0.00753078795969, -0.00413966923952, 0.000986787839793, -0.00215259403922, 0.000531060271896, -0.000660160323605, 0.000225727897487, -0.000583861314226, 0.0022508436814, -0.0014860102674], [0.000483800889924, -0.00082388141891, 0.000427927734563, -0.00413966923952, 0.00672155944631, -0.0011527815368, 0.000172443324118, -0.00046253806795, -0.00250881770626, -4.38324013885e-06, 0.000394673348637, -0.000223025665036, 0.00353119452484], [-0.000462433090433, 0.0001920904906, -0.00332026928663, 0.000986787839793, -0.0011527815368, 0.0117138558999, -0.0017641967861, -0.00274151936173, 0.0016311656218, -0.00150439469144, -0.00117567891721, 0.00250948476605, -0.0036414230708], [0.000619616301265, -0.00177739537321, 0.000150036066771, -0.00215259403922, 0.000172443324118, -0.0017641967861, 0.0088900309056, -0.00257010362111, -0.000856065307744, -0.000821664230898, -0.000753297936171, -0.00296962936409, -0.000102553058241], [-0.000669630651828, 0.00135569588747, -0.000635761825833, 0.000531060271896, -0.00046253806795, -0.00274151936173, -0.00257010362111, 0.0166048295796, -0.0042167599313, 0.000820555491373, -0.00245278771035, -0.00304713775404, 0.00193716958165], [0.000245684175752, -0.00105593469925, -0.000371903530322, -0.000660160323605, -0.00250881770626, 0.0016311656218, -0.000856065307744, -0.0042167599313, 0.0172609817237, -0.00522662093863, -0.00368269300088, 0.000685176695697, -0.00269866338931], [-0.000526000570972, 0.00246963440441, 0.000489708094392, 0.000225727897487, -4.38324013885e-06, -0.00150439469144, -0.000821664230898, 0.000820555491373, -0.00522662093863, 0.0194259714335, -0.00633285334334, -0.00150600331835, 0.000338647776516], [0.000587403599638, -0.00275932438672, 6.99473748682e-05, -0.000583861314226, 0.000394673348637, -0.00117567891721, -0.000753297936171, -0.00245278771035, -0.00368269300088, -0.00633285334334, 0.0225120093673, -0.0072381044738, -0.00210847775452], [-0.00073514401447, 0.00280829053372, -9.30361493374e-05, 0.0022508436814, -0.000223025665036, 0.00250948476605, -0.00296962936409, -0.00304713775404, 0.000685176695697, -0.00150600331835, -0.0072381044738, 0.0230676513165, -0.00910226814449], [0.000410846376326, -0.00160211860202, 0.000460322014987, -0.0014860102674, 0.00353119452484, -0.0036414230708, -0.000102553058241, 0.00193716958165, -0.00269866338931, 0.000338647776516, -0.00210847775452, -0.00910226814449, 0.0190563090146]]
    },
    "melbands": {
        "dmean": [0.00432985043153, 0.00466738967225, 0.00227513653226, 0.000591616728343, 0.000420240336098, 0.000290777592454, 0.000140253236168, 8.64016474225e-05, 0.000114128015412, 9.60614052019e-05, 7.72657222115e-05, 3.50541085936e-05, 5.35086110176e-05, 3.34445285262e-05, 2.21103910008e-05, 1.99238984351e-05, 1.77576148417e-05, 1.09537795652e-05, 1.2398504623e-05, 1.01698951767e-05, 9.56821531872e-06, 9.74800877884e-06, 5.57924977329e-06, 6.26651990387e-06, 5.37844971404e-06, 4.18231684307e-06, 4.84586053062e-06, 4.71820158054e-06, 4.47898628408e-06, 3.74123123947e-06, 3.21725087815e-06, 3.8965240492e-06, 4.26451560998e-06, 4.08644655181e-06, 2.73232717518e-06, 1.67559721831e-06, 1.59542116762e-06, 1.90014281998e-06, 1.5290711417e-06, 1.74015769971e-06],
        "dmean2": [0.00571577111259, 0.00795806385577, 0.00430963700637, 0.00109196850099, 0.000695035269018, 0.000475733191706, 0.000242587469984, 0.000137945244205, 0.000170435989276, 0.00013822085748, 0.000112623034511, 5.90993913647e-05, 8.81505911821e-05, 5.16023355885e-05, 3.73466064048e-05, 3.33742391376e-05, 2.93971952487e-05, 1.88115973287e-05, 2.09457266465e-05, 1.69409213413e-05, 1.58145085152e-05, 1.63096556207e-05, 9.10000380827e-06, 1.05913268271e-05, 9.17965007829e-06, 7.07875005901e-06, 8.12099187897e-06, 7.74414183979e-06, 7.27601991457e-06, 6.08480377196e-06, 5.25984023625e-06, 6.36657796349e-06, 6.85760142005e-06, 6.69760675009e-06, 4.3709574129e-06, 2.63175957116e-06, 2.52108270615e-06, 3.05391245092e-06, 2.34236381402e-06, 2.77403637483e-06],
        "dvar": [4.43744829681e-05, 0.000195760774659, 6.35800824966e-05, 2.48645392276e-06, 6.40649261641e-07, 2.6213879778e-07, 5.2007976592e-08, 1.97799856494e-08, 5.6474547705e-08, 2.56509782304e-08, 1.84976123307e-08, 4.18951717762e-09, 1.00179162743e-08, 3.69742036987e-09, 2.12374429154e-09, 9.42866118514e-10, 5.84248371904e-10, 4.18739848351e-10, 5.95876792353e-10, 3.87834514504e-10, 2.5997337616e-10, 3.82612136418e-10, 2.29638322247e-10, 2.22301191344e-10, 1.02433866944e-10, 5.98837091026e-11, 9.53975232143e-11, 1.05728231725e-10, 7.02473842984e-11, 4.48354339766e-11, 3.62477860227e-11, 4.02654264098e-11, 7.34134836256e-11, 7.85757986455e-11, 2.65638483432e-11, 8.43739661471e-12, 6.9134867102e-12, 7.7799459583e-12, 7.491861298e-12, 1.0683004828e-11],
        "dvar2": [0.000121258861327, 0.000533777289093, 0.000183887939784, 7.24972960597e-06, 1.60676086125e-06, 7.45682598335e-07, 1.5238397566e-07, 4.98609473709e-08, 1.06487455298e-07, 5.2312930876e-08, 3.77764806103e-08, 1.06995052818e-08, 2.64614996581e-08, 7.90655008132e-09, 5.60261925742e-09, 2.40275110919e-09, 1.459408705e-09, 1.12243925265e-09, 1.59545920919e-09, 1.02862396378e-09, 6.59850507567e-10, 1.01499730842e-09, 6.12612016671e-10, 6.03987637682e-10, 2.75047512543e-10, 1.59553939505e-10, 2.47601772418e-10, 2.36628550088e-10, 1.55677221114e-10, 1.02160731263e-10, 9.32912774809e-11, 1.01423043575e-10, 1.79581488569e-10, 2.05526762276e-10, 6.72381664235e-11, 2.01029869834e-11, 1.69671412337e-11, 1.95710878059e-11, 1.69893734497e-11, 2.56072281435e-11],
        "max": [0.058047413826, 0.0968169569969, 0.0575805567205, 0.0136383548379, 0.0110538164154, 0.00693005649373, 0.00202388712205, 0.0019102623919, 0.00341157917865, 0.0023780495394, 0.00216041691601, 0.000892047653906, 0.00135123694781, 0.000905174005311, 0.000456595880678, 0.000361877057003, 0.000306071771774, 0.000202492039534, 0.000239939938183, 0.000258542131633, 0.000140905904118, 0.000189742408111, 0.000377217802452, 0.000320368213579, 9.08046858967e-05, 8.27533367556e-05, 7.64404758229e-05, 0.000232404257986, 0.000123522710055, 8.24045928312e-05, 0.000100221062894, 5.45676666661e-05, 7.65894874348e-05, 8.28294432722e-05, 5.328160114e-05, 3.31321534759e-05, 3.17436170008e-05, 2.30295081565e-05, 2.703150858e-05, 3.49020665453e-05],
        "mean": [0.0161387957633, 0.00581654347479, 0.00168865569867, 0.000740383111406, 0.000875929312315, 0.000992629444227, 0.000286166265141, 0.000139913099702, 0.000200356327696, 0.000294986122753, 0.000231974598137, 5.27184056409e-05, 7.94127627159e-05, 6.92895118846e-05, 2.65708476945e-05, 3.10766008624e-05, 2.5274568543e-05, 1.31360739033e-05, 1.56010901264e-05, 1.33411840579e-05, 1.18487751024e-05, 1.08912763608e-05, 7.12684322934e-06, 7.47058402339e-06, 7.025922514e-06, 5.54429561817e-06, 5.18680053574e-06, 5.55163296667e-06, 6.2899216573e-06, 5.30638772034e-06, 4.97866858495e-06, 6.04407387073e-06, 4.81227289129e-06, 4.39645964434e-06, 3.66326344192e-06, 2.34612252825e-06, 2.19581124838e-06, 2.61900459009e-06, 2.09710879062e-06, 2.31861804423e-06],
        "median": [0.0161726195365, 0.00210837158374, 0.000259450200247, 0.000243440779741, 0.000335917400662, 0.000219490932068, 0.000114712733193, 6.2484308728e-05, 5.56841077923e-05, 5.97393263888e-05, 5.68870673305e-05, 2.05643900699e-05, 3.57201643055e-05, 1.8534665287e-05, 8.6679137894e-06, 1.72820255102e-05, 1.51413196363e-05, 5.21081983607e-06, 6.98854091752e-06, 6.73481554259e-06, 5.16454974786e-06, 4.58297108707e-06, 2.70680425274e-06, 3.41172449225e-06, 3.7730612803e-06, 3.16864111483e-06, 1.5757015035e-06, 1.70340501882e-06, 2.64694381258e-06, 2.30324894801e-06, 2.08600476981e-06, 2.64002414951e-06, 1.61462219239e-06, 1.64132768532e-06, 1.52150937538e-06, 9.74117597252e-07, 1.08624192308e-06, 1.39651479003e-06, 9.46583440964e-07, 9.35112268508e-07],
        "min": [1.14387505496e-23, 4.22690574125e-23, 8.27955352848e-24, 7.64599014764e-24, 4.15506173314e-24, 9.52705264197e-24, 1.70124354425e-23, 1.181661019e-23, 8.26712818036e-24, 1.44680213907e-23, 9.15052223216e-24, 6.79022752677e-24, 1.37009488237e-23, 1.33445367335e-23, 1.3480454312e-23, 1.15217970925e-23, 1.67045024048e-24, 4.6338691426e-24, 1.11977543319e-23, 6.69094385982e-24, 1.85699182375e-23, 7.14912452877e-24, 1.00357188311e-23, 2.42551535845e-23, 1.29720153148e-23, 7.56240244613e-24, 1.10313591123e-23, 9.15528616317e-24, 7.65434655121e-24, 7.27051050056e-24, 1.02263896674e-23, 1.29604032823e-23, 9.07990024848e-24, 9.9000292334e-24, 9.4990488687e-24, 9.88074868402e-24, 1.25194978783e-23, 1.1990631328e-23, 8.1548519743e-24, 9.18072929394e-24],
        "stdev": [0.0143125047907, 0.0124263688922, 0.00597357191145, 0.00139556138311, 0.00122945022304, 0.00144212739542, 0.000358792982297, 0.000193719053641, 0.000370694644516, 0.000470092403702, 0.000388230429962, 8.12148136902e-05, 0.000127749197418, 0.000113866197353, 4.80574308312e-05, 3.91828507418e-05, 3.02334192384e-05, 2.0811747163e-05, 2.48235719482e-05, 2.00335562113e-05, 1.78457139555e-05, 1.84263026313e-05, 1.52147049448e-05, 1.43191564348e-05, 1.0266647223e-05, 7.5440616456e-06, 9.52498157858e-06, 1.22684314192e-05, 1.15101238407e-05, 8.90645333129e-06, 8.05523905001e-06, 8.41639484861e-06, 8.77040474734e-06, 8.39855601953e-06, 5.80699679631e-06, 3.64271068065e-06, 3.1672170735e-06, 3.33755792781e-06, 3.29014960698e-06, 3.60698186341e-06],
        "var": [0.000204847790883, 0.000154414650751, 3.56835626008e-05, 1.94759149963e-06, 1.51154790728e-06, 2.0797315301e-06, 1.2873239541e-07, 3.75270694519e-08, 1.37414517098e-07, 2.20986876798e-07, 1.50722868852e-07, 6.59584564744e-09, 1.63198574654e-08, 1.29655113312e-08, 2.30951657798e-09, 1.5352957794e-09, 9.14059661294e-10, 4.3312878284e-10, 6.16209694382e-10, 4.013433752e-10, 3.18469528526e-10, 3.39528655191e-10, 2.31487259916e-10, 2.05038236389e-10, 1.05404053541e-10, 5.69128667804e-11, 9.07252675764e-11, 1.50514406494e-10, 1.32482955162e-10, 7.93249077535e-11, 6.48868736519e-11, 7.08357053569e-11, 7.69199981487e-11, 7.05357439124e-11, 3.37212133217e-11, 1.32693404875e-11, 1.00312640139e-11, 1.11392934807e-11, 1.08250838848e-11, 1.30103176496e-11]
    },
    "melbands128": {
