{
"lowlevel": {
    "average_loudness": 0.965887784958,
    "barkbands_crest": {
        "dmean": 2.6391222477,
        "dmean2": 3.89461565018,
        "dvar": 6.75797128677,
        "dvar2": 13.5784244537,
        "max": 26.4386730194,
        "mean": 12.7454366684,
        "median": 11.3872613907,
        "min": 3.42668318748,
        "stdev": 5.18522834778,
        "var": 26.8865947723
    },
    "barkbands_flatness_db": {
        "dmean": 0.0274673551321,
        "dmean2": 0.0367931611836,
        "dvar": 0.000811011414044,
        "dvar2": 0.00124315451831,
        "max": 0.544562637806,
        "mean": 0.2172537148,
        "median": 0.204865694046,
        "min": 0.0618259198964,
        "stdev": 0.0759009048343,
        "var": 0.00576094724238
    },
    "barkbands_kurtosis": {
        "dmean": 7.62382078171,
        "dmean2": 10.9826183319,
        "dvar": 186.221343994,
        "dvar2": 443.167938232,
        "max": 315.675628662,
        "mean": 14.8252735138,
        "median": 9.51696491241,
        "min": -1.90440440178,
        "stdev": 20.3343315125,
        "var": 413.485015869
    },
    "barkbands_skewness": {
        "dmean": 0.80087184906,
        "dmean2": 1.12100410461,
        "dvar": 0.764678180218,
        "dvar2": 1.59118354321,
        "max": 15.0866260529,
        "mean": 2.56744527817,
        "median": 2.35147094727,
        "min": -2.1609287262,
        "stdev": 1.64695322514,
        "var": 2.71245503426
    },
    "barkbands_spread": {
        "dmean": 4.20790481567,
        "dmean2": 6.06535005569,
        "dvar": 77.6610717773,
        "dvar2": 129.470993042,
        "max": 90.7617111206,
        "mean": 11.4386749268,
        "median": 7.20193052292,
        "min": 0.237089127302,
        "stdev": 15.0432138443,
        "var": 226.298294067
    },
    "dissonance": {
        "dmean": 0.0366432070732,
        "dmean2": 0.0596082396805,
        "dvar": 0.00109064951539,
        "dvar2": 0.002649377333,
        "max": 0.498135089874,
        "mean": 0.409071028233,
        "median": 0.417449951172,
        "min": 0.0541267544031,
        "stdev": 0.0546886958182,
        "var": 0.00299085327424
    },
    "dynamic_complexity": 3.18068480492,
    "erbbands_crest": {
        "dmean": 2.49125409126,
        "dmean2": 3.94210219383,
        "dvar": 5.34294176102,
        "dvar2": 11.9822902679,
        "max": 28.8799266815,
        "mean": 11.2789049149,
        "median": 10.3984336853,
        "min": 2.82322645187,
        "stdev": 4.30257129669,
        "var": 18.5121212006
    },
    "erbbands_flatness_db": {
        "dmean": 0.0205273590982,
        "dmean2": 0.028675602749,
        "dvar": 0.000461538496893,
        "dvar2": 0.000976497191004,
        "max": 0.365685611963,
        "mean": 0.188569158316,
        "median": 0.183519363403,
        "min": 0.0571663193405,
        "stdev": 0.0487050563097,
        "var": 0.00237218267284
    },
    "erbbands_kurtosis": {
        "dmean": 2.03704214096,
        "dmean2": 3.0790977478,
        "dvar": 13.6974620819,
        "dvar2": 35.5421333313,
        "max": 77.3346557617,
        "mean": 3.57729792595,
        "median": 2.31084489822,
        "min": -1.84930634499,
        "stdev": 5.34804725647,
        "var": 28.6016082764
    },
    "erbbands_skewness": {
        "dmean": 0.458402901888,
        "dmean2": 0.650153398514,
        "dvar": 0.21591372788,
        "dvar2": 0.424005895853,
        "max": 6.15980577469,
        "mean": 1.24005496502,
        "median": 1.17839276791,
        "min": -3.43064403534,
        "stdev": 0.964507579803,
        "var": 0.930274903774
    },
    "erbbands_spread": {
        "dmean": 9.18075084686,
        "dmean2": 13.0357732773,
        "dvar": 180.495300293,
        "dvar2": 348.433898926,
        "max": 154.7237854,
        "mean": 31.6088218689,
        "median": 24.4907608032,
        "min": 1.83657729626,
        "stdev": 24.6158790588,
        "var": 605.941467285
    },
    "hfc": {
        "dmean": 4.6708574295,
        "dmean2": 6.26604127884,
        "dvar": 40.652381897,
        "dvar2": 70.9237289429,
        "max": 86.5255966187,
        "mean": 17.1033229828,
        "median": 12.2271003723,
        "min": 0.000229711979046,
        "stdev": 15.2466926575,
        "var": 232.461624146
    },
    "loudness_ebu128": {
        "integrated": -13.4450016022,
        "loudness_range": 2.29070091248,
        "momentary": {
            "dmean": 0.920097887516,
            "dmean2": 1.00851488113,
            "dvar": 0.790534198284,
            "dvar2": 0.70867061615,
            "max": -10.0525398254,
            "mean": -14.12961483,
            "median": -13.4980182648,
            "min": -25.185918808,
            "stdev": 2.67246341705,
            "var": 7.14206027985
        },
        "short_term": {
            "dmean": 0.0795344114304,
            "dmean2": 0.0711836367846,
            "dvar": 0.0032793043647,
            "dvar2": 0.00370493647642,
            "max": -11.8998060226,
            "mean": -13.4507408142,
            "median": -13.4815387726,
            "min": -15.1741924286,
            "stdev": 0.705398440361,
            "var": 0.497586965561
        }
    },
    "melbands_crest": {
        "dmean": 3.45012187958,
        "dmean2": 5.096139431,
        "dvar": 10.9811592102,
        "dvar2": 20.5994243622,
        "max": 36.4180908203,
        "mean": 17.3618507385,
        "median": 15.4014921188,
        "min": 5.87795162201,
        "stdev": 7.23728847504,
        "var": 52.3783454895
    },
    "melbands_flatness_db": {
        "dmean": 0.0316441468894,
        "dmean2": 0.0404248610139,
        "dvar": 0.00111135607585,
        "dvar2": 0.00153896049596,
        "max": 0.673002243042,
        "mean": 0.301212966442,
        "median": 0.291738808155,
        "min": 0.0692392289639,
        "stdev": 0.0953429639339,
        "var": 0.00909028016031
    },
    "melbands_kurtosis": {
        "dmean": 12.0439519882,
        "dmean2": 17.6514911652,
        "dvar": 404.943450928,
        "dvar2": 860.893981934,
        "max": 289.203582764,
        "mean": 24.4762172699,
        "median": 13.9777297974,
        "min": -1.6543200016,
        "stdev": 33.7986450195,
        "var": 1142.34838867
    },
    "melbands_skewness": {
        "dmean": 0.915326952934,
        "dmean2": 1.2866153717,
        "dvar": 1.01332497597,
        "dvar2": 2.05565452576,
        "max": 15.0782470703,
        "mean": 3.12570023537,
        "median": 2.66865301132,
        "min": -0.103464893997,
        "stdev": 2.10960817337,
        "var": 4.45044708252
    },
    "melbands_spread": {
        "dmean": 4.6161980629,
        "dmean2": 6.41849756241,
        "dvar": 174.398757935,
        "dvar2": 300.863464355,
        "max": 235.805877686,
        "mean": 11.5507516861,
        "median": 7.29479932785,
        "min": 0.288033276796,
        "stdev": 18.9943180084,
        "var": 360.784088135
    },
    "pitch_salience": {
        "dmean": 0.0771572515368,
        "dmean2": 0.116007760167,
        "dvar": 0.00569757493213,
        "dvar2": 0.0109909381717,
        "max": 0.896978437901,
        "mean": 0.523661315441,
        "median": 0.551458239555,
        "min": 0.0504607334733,
        "stdev": 0.160223439336,
        "var": 0.0256715491414
    },
    "silence_rate_20dB": {
        "dmean": 0,
        "dmean2": 0,
        "dvar": 0,
        "dvar2": 0,
        "max": 1,
        "mean": 1,
        "median": 1,
        "min": 1,
        "stdev": 0,
        "var": 0
    },
    "silence_rate_30dB": {
        "dmean": 0.061919502914,
        "dmean2": 0.123934932053,
        "dvar": 0.058085821569,
        "dvar2": 0.108574286103,
        "max": 1,
        "mean": 0.843774139881,
        "median": 1,
        "min": 0,
        "stdev": 0.36307156086,
        "var": 0.131820961833
    },
    "silence_rate_60dB": {
        "dmean": 0.0193498451263,
        "dmean2": 0.0379550717771,
        "dvar": 0.0189751330763,
        "dvar2": 0.0442611724138,
        "max": 1,
        "mean": 0.047950502485,
        "median": 0,
        "min": 0,
        "stdev": 0.213660210371,
        "var": 0.0456506870687
    },
    "spectral_centroid": {
        "dmean": 140.357070923,
        "dmean2": 196.726501465,
        "dvar": 85621.359375,
        "dvar2": 149306.625,
        "max": 4902.66650391,
        "mean": 633.617370605,
        "median": 488.227325439,
        "min": 132.854278564,
        "stdev": 489.537689209,
        "var": 239647.140625
    },
    "spectral_complexity": {
        "dmean": 1.74922597408,
        "dmean2": 2.70487999916,
        "dvar": 3.17705106735,
        "dvar2": 6.42492818832,
        "max": 29,
        "mean": 10.8066511154,
        "median": 10,
        "min": 0,
        "stdev": 4.52247476578,
        "var": 20.4527797699
    },
    "spectral_decrease": {
        "dmean": 3.88784959782e-09,
        "dmean2": 4.60558036153e-09,
        "dvar": 2.68547808916e-17,
        "dvar2": 4.45700266516e-17,
        "max": -1.52054597754e-13,
        "mean": -1.23749410719e-08,
        "median": -8.18647460932e-09,
        "min": -7.34775369438e-08,
        "stdev": 1.26750530072e-08,
        "var": 1.60656977334e-16
    },
    "spectral_energy": {
        "dmean": 0.0149390008301,
        "dmean2": 0.0177441202104,
        "dvar": 0.000387358275475,
        "dvar2": 0.000645282445475,
        "max": 0.280386775732,
        "mean": 0.0482571534812,
        "median": 0.0324752368033,
        "min": 5.94725122482e-07,
        "stdev": 0.0484235659242,
        "var": 0.00234484160319
    },
    "spectral_energyband_high": {
        "dmean": 0.000282838911517,
        "dmean2": 0.000384423503419,
        "dvar": 4.23627824375e-07,
        "dvar2": 6.85412658186e-07,
        "max": 0.0106308124959,
        "mean": 0.000567383365706,
        "median": 0.000155361223733,
        "min": 2.56996868231e-09,
        "stdev": 0.00113631074782,
        "var": 1.29120212478e-06
    },
    "spectral_energyband_low": {
        "dmean": 0.0111121712252,
        "dmean2": 0.0124822966754,
        "dvar": 0.000394323607907,
        "dvar2": 0.000622132502031,
        "max": 0.24321475625,
        "mean": 0.025024626404,
        "median": 0.00317273521796,
        "min": 5.78482826086e-08,
        "stdev": 0.0435921140015,
        "var": 0.00190027256031
    },
    "spectral_energyband_middle_high": {
        "dmean": 0.00132349226624,
        "dmean2": 0.00175843585748,
        "dvar": 6.40076314085e-06,
        "dvar2": 1.27282910398e-05,
        "max": 0.0326901338995,
        "mean": 0.00324760028161,
        "median": 0.000928298279177,
        "min": 2.44313618225e-08,
        "stdev": 0.00508155347779,
        "var": 2.58221862168e-05
    },
    "spectral_energyband_middle_low": {
        "dmean": 0.0061932192184,
        "dmean2": 0.00946544948965,
        "dvar": 6.49687717669e-05,
        "dvar2": 0.000146719830809,
        "max": 0.0913961082697,
        "mean": 0.0208313744515,
        "median": 0.0186450500041,
        "min": 5.34679941211e-07,
        "stdev": 0.0157187078148,
        "var": 0.000247077754466
    },
    "spectral_entropy": {
        "dmean": 0.251036316156,
        "dmean2": 0.35199290514,
        "dvar": 0.0740037187934,
        "dvar2": 0.135689586401,
        "max": 8.63679695129,
        "mean": 6.82873058319,
        "median": 6.8163728714,
        "min": 4.53242683411,
        "stdev": 0.646101117134,
        "var": 0.417446672916
    },
    "spectral_flux": {
        "dmean": 0.0340981893241,
        "dmean2": 0.0500196181238,
        "dvar": 0.00127227406483,
        "dvar2": 0.00248254905455,
        "max": 0.356590569019,
        "mean": 0.0951016098261,
        "median": 0.0791033431888,
        "min": 0.000771184219047,
        "stdev": 0.0638608932495,
        "var": 0.00407821359113
    },
    "spectral_kurtosis": {
        "dmean": 4.06261491776,
        "dmean2": 6.33670043945,
        "dvar": 31.8821716309,
        "dvar2": 75.5103378296,
        "max": 95.1995315552,
        "mean": 9.60486793518,
        "median": 6.60276508331,
        "min": -1.21708035469,
        "stdev": 9.6692237854,
        "var": 93.493888855
    },
    "spectral_rms": {
        "dmean": 0.00102169369347,
        "dmean2": 0.00121769565158,
        "dvar": 1.20792560665e-06,
        "dvar2": 1.68554618085e-06,
        "max": 0.0165392886847,
        "mean": 0.00606063799933,
        "median": 0.00562877953053,
        "min": 2.40877488977e-05,
        "stdev": 0.00321696419269,
        "var": 1.03488582681e-05
    },
    "spectral_rolloff": {
        "dmean": 361.89654541,
        "dmean2": 610.303283691,
        "dvar": 1574675.875,
        "dvar2": 2983264.25,
        "max": 11584.8632812,
        "mean": 906.393066406,
        "median": 430.6640625,
        "min": 64.599609375,
        "stdev": 1728.81616211,
        "var": 2988805.25
    },
    "spectral_skewness": {
        "dmean": 0.444452911615,
        "dmean2": 0.641631662846,
        "dvar": 0.214922145009,
        "dvar2": 0.451314419508,
        "max": 7.36802482605,
        "mean": 2.39309000969,
        "median": 2.28966259956,
        "min": -0.320230126381,
        "stdev": 1.04849123955,
        "var": 1.09933376312
    },
    "spectral_spread": {
        "dmean": 873173.625,
        "dmean2": 1235074.875,
        "dvar": 1.32261884723e+12,
        "dvar2": 2.36095720653e+12,
        "max": 15130662,
        "mean": 4798687.5,
        "median": 4440029,
        "min": 915677.875,
        "stdev": 2353293.5,
        "var": 5.53799018086e+12
    },
    "spectral_strongpeak": {
        "dmean": 0.377458900213,
        "dmean2": 0.614645779133,
        "dvar": 0.253842830658,
        "dvar2": 0.547394156456,
        "max": 5.71771383286,
        "mean": 0.919476747513,
        "median": 0.741506040096,
        "min": 0,
        "stdev": 0.794581532478,
        "var": 0.631359815598
    },
    "zerocrossingrate": {
        "dmean": 0.0104602538049,
        "dmean2": 0.0110356854275,
        "dvar": 0.000400345626986,
        "dvar2": 0.000342154380633,
        "max": 0.36376953125,
        "mean": 0.0369284898043,
        "median": 0.02490234375,
        "min": 0.001953125,
        "stdev": 0.0445665344596,
        "var": 0.00198617600836
    },
    "barkbands": {
        "dmean": [0.00108318566345, 0.00976546201855, 0.00222558272071, 0.00210699136369, 0.00271762930788, 0.0018204144435, 0.0015469515929, 0.000869404582772, 0.00097551062936, 0.000559810432605, 0.000334469717927, 0.000295414967695, 0.000274793594144, 0.000267573661404, 0.000101887948404, 2.77124090644e-05, 6.27769113635e-05, 7.07156577846e-05, 1.96599103219e-05, 4.73763611808e-05, 2.88472838292e-05, 7.2122864367e-05, 9.87894309219e-05, 6.42877930659e-05, 3.81089448638e-05, 2.14237916225e-05, 1.43634599681e-06],
        "dmean2": [0.00120328832418, 0.0120254522189, 0.00386234652251, 0.00350759504363, 0.00420898245648, 0.00289156008512, 0.00238787592389, 0.0012308760779, 0.00136506301351, 0.000811659672763, 0.000495621527079, 0.000437363516539, 0.00039333695895, 0.000399491604185, 0.000161595249665, 4.18079616793e-05, 9.39499514061e-05, 0.000106218627479, 2.92728891509e-05, 6.58578719595e-05, 4.33831046394e-05, 0.000105656028609, 0.000145186393638, 9.1290959972e-05, 5.37933665328e-05, 3.13010823447e-05, 2.27459963753e-06],
        "dvar": [4.91936816616e-06, 0.000441835669335, 4.2981831939e-05, 1.78334867087e-05, 1.4454299162e-05, 7.1928025136e-06, 1.51921312863e-05, 8.25817824079e-06, 6.85771965436e-06, 1.92553193301e-06, 1.56345925006e-06, 9.16558917652e-07, 7.38931134947e-07, 5.63295031952e-07, 1.88642260923e-07, 7.30657490067e-09, 2.63431196856e-08, 3.23255555656e-08, 4.1838630338e-09, 1.9999106371e-08, 6.65217436691e-09, 2.34944721456e-08, 5.13999331986e-08, 3.97578467926e-08, 1.78540648932e-08, 3.94379373603e-09, 2.63270742012e-11],
        "dvar2": [5.35267008672e-06, 0.000781448732596, 0.000116331138997, 4.89915946673e-05, 3.15682191285e-05, 1.7224389012e-05, 3.81357422157e-05, 1.66162662936e-05, 1.4640905647e-05, 3.9585520426e-06, 3.71920350517e-06, 1.93467076315e-06, 1.54324618507e-06, 1.14358886094e-06, 5.46499506981e-07, 1.48058143523e-08, 5.23420382592e-08, 7.51293782741e-08, 8.33032931524e-09, 3.67996193518e-08, 1.313094522e-08, 4.96239067616e-08, 9.61539754485e-08, 7.37152774377e-08, 2.86861947529e-08, 7.29812565936e-09, 5.85477499815e-11],
        "max": [0.017282711342, 0.235994786024, 0.0562393218279, 0.0446693263948, 0.0615049488842, 0.0307785309851, 0.0731795802712, 0.0526237599552, 0.0516693033278, 0.0264844857156, 0.0205992758274, 0.0168476961553, 0.0160815510899, 0.010117309168, 0.00818270817399, 0.00133915850893, 0.00270089693367, 0.00320722651668, 0.00135480752215, 0.00239166803658, 0.00220583193004, 0.00231238617562, 0.00362307205796, 0.003668991616, 0.00261117238551, 0.00103106838651, 0.000106998479168],
        "mean": [0.00177431991324, 0.0199006311595, 0.00202226266265, 0.00321212364361, 0.00665133306757, 0.00400035781786, 0.00340916519053, 0.00144153786823, 0.00194680620916, 0.00111177924555, 0.000442013697466, 0.000410494423704, 0.000417705246946, 0.000428928120527, 0.000160112569574, 4.8068635806e-05, 0.000105284889287, 0.000117143179523, 3.34857650159e-05, 8.29977434478e-05, 5.17640401085e-05, 0.000123404082842, 0.000168002065038, 0.000103067686723, 6.02439140494e-05, 3.25671608152e-05, 1.61119646691e-06],
        "median": [2.21429872909e-05, 0.00055538432207, 0.000424512138125, 0.000845007656608, 0.0034027704969, 0.00268877763301, 0.000885912333615, 0.000327473564539, 0.0002370490256, 0.000209852747503, 6.5125299443e-05, 6.86308194418e-05, 6.37209232082e-05, 4.12982553826e-05, 1.38513114507e-05, 1.62478609127e-05, 9.91327215161e-06, 1.37114984682e-05, 1.28078963826e-05, 8.53568053572e-06, 1.29876552819e-05, 2.15948857658e-05, 3.73938164557e-05, 1.4169942915e-05, 9.71467852651e-06, 8.6054451458e-06, 1.26706950709e-07],
        "min": [4.86925610943e-10, 6.52506315646e-09, 2.66474451394e-08, 5.63713058455e-08, 2.168304718e-07, 1.40037826668e-07, 3.50385569448e-08, 5.04075572394e-08, 3.44572228528e-08, 5.58217516655e-09, 9.3975298654e-09, 4.33934443933e-09, 3.34813465841e-09, 5.49156609075e-10, 5.12771214378e-10, 4.17522766361e-10, 3.84587361957e-10, 2.70712563477e-10, 3.44290207455e-10, 3.2653071913e-10, 2.75439976383e-10, 2.19871260088e-10, 1.16787068905e-09, 1.98709826371e-10, 2.26972649009e-10, 1.38972486297e-10, 1.16859674064e-13],
        "stdev": [0.00404793396592, 0.039995521307, 0.00549386488274, 0.00526069663465, 0.00835227500647, 0.00421716878191, 0.00632207840681, 0.00397597579286, 0.00418618042022, 0.00291554746218, 0.00147617014591, 0.00127817830071, 0.00123351300135, 0.00108212558553, 0.000524475588463, 0.00012957364379, 0.000273103592917, 0.000259574211668, 9.38235098147e-05, 0.000235705112573, 0.000134786314447, 0.00024878673139, 0.000362466060324, 0.000306431087665, 0.00018965160416, 8.42559093144e-05, 6.34143543721e-06],
        "var": [1.63857712323e-05, 0.00159964186605, 3.01825530187e-05, 2.76749306067e-05, 6.97604991728e-05, 1.7784514057e-05, 3.9968675992e-05, 1.58083839779e-05, 1.7524107534e-05, 8.50041760714e-06, 2.17907836486e-06, 1.63373988471e-06, 1.52155439537e-06, 1.17099568797e-06, 2.7507465461e-07, 1.67893290381e-08, 7.45855786022e-08, 6.73787781125e-08, 8.80285089266e-09, 5.55568995253e-08, 1.81673502908e-08, 6.18948376996e-08, 1.3138163979e-07, 9.39000130984e-08, 3.59677336803e-08, 7.09905823015e-09, 4.02138045086e-11]
    },
    "erbbands": {
        "dmean": [0.48250824213, 1.81197619438, 2.37756299973, 4.74188566208, 8.77767562866, 9.53740978241, 12.7659111023, 15.4625883102, 21.0397510529, 19.0754203796, 18.2456378937, 24.6230964661, 12.2186050415, 20.9520206451, 10.4063425064, 10.4702615738, 13.1503190994, 11.1063156128, 10.5346040726, 1.66469490528, 1.65960991383, 3.16222786903, 4.1785774231, 1.16609919071, 1.63786864281, 2.1048386097, 0.95178592205, 1.43115437031, 2.55916666985, 3.05990099907, 2.67549443245, 1.68793153763, 0.934646844864, 0.505972325802, 0.25799420476, 0.119744479656, 0.0357523821294, 0.00532593950629, 0.000155756788445, 1.87665555131e-05],
        "dmean2": [0.505500853062, 2.2366745472, 3.76687765121, 8.02591323853, 13.5970659256, 14.5515060425, 20.2359886169, 24.7742595673, 32.6710624695, 26.4380664825, 24.3084220886, 33.8574714661, 17.0967597961, 29.9951648712, 14.9644155502, 15.370552063, 18.7629299164, 15.7367248535, 14.8726758957, 2.45280361176, 2.37840199471, 4.58553218842, 6.09830236435, 1.78141868114, 2.46979284286, 2.96180009842, 1.46623158455, 2.20700073242, 3.82534050941, 4.48530435562, 3.85932612419, 2.3595187664, 1.34809994698, 0.681936442852, 0.371307551861, 0.174921110272, 0.0530872531235, 0.00807998888195, 0.00024175629369, 2.35336847254e-05],
        "dvar": [0.876334071159, 17.7914791107, 44.5386009216, 104.984977722, 191.315567017, 251.253890991, 399.566436768, 658.973754883, 2176.85498047, 2577.04589844, 3835.18798828, 3895.68994141, 1349.86901855, 3931.8605957, 888.997680664, 1072.58178711, 1762.74609375, 727.155578613, 1766.69897461, 24.048992157, 24.2052154541, 64.9607620239, 94.0294494629, 13.3415822983, 24.6532897949, 41.2351913452, 9.45310115814, 15.2537984848, 33.3302001953, 37.6510009766, 42.8997840881, 26.6823692322, 8.76033115387, 3.27236795425, 0.767358720303, 0.115043878555, 0.0130357919261, 0.000343552732375, 3.00254072272e-07, 5.4842053121e-10],
        "dvar2": [1.1148660183, 36.3837013245, 107.467918396, 295.921386719, 444.727966309, 543.113891602, 974.680480957, 1562.04663086, 5454.64550781, 4774.51855469, 7665.11132812, 7406.09912109, 2646.34619141, 9114.30957031, 2035.52868652, 2273.50927734, 3857.24682617, 1445.06762695, 4094.68579102, 50.2962646484, 44.4204216003, 126.976463318, 203.162368774, 32.5963478088, 52.6164970398, 75.5274047852, 19.9916133881, 31.4372272491, 72.9190216064, 76.7457199097, 75.9909439087, 54.1434936523, 16.1533184052, 5.44465780258, 1.46023786068, 0.211390942335, 0.0259572062641, 0.000745870987885, 6.93603851687e-07, 1.02327446516e-09],
        "max": [9.36611938477, 42.5179862976, 55.0588569641, 113.407348633, 161.413284302, 355.589660645, 337.232330322, 345.658050537, 715.029724121, 912.706115723, 1326.56311035, 1041.4329834, 809.467529297, 1228.52880859, 438.757110596, 435.207092285, 857.340759277, 314.922180176, 902.91192627, 76.5647735596, 100.364830017, 147.254196167, 150.549743652, 72.6200942993, 92.0659942627, 132.292739868, 94.0991973877, 95.7917938232, 81.7884674072, 84.2358932495, 121.279289246, 88.6591339111, 53.7742767334, 36.8931007385, 17.5427703857, 6.44167757034, 1.72161281109, 0.452593266964, 0.00959866680205, 0.000308484246489],
        "mean": [0.927394866943, 3.03230571747, 2.65278482437, 6.81856918335, 17.7964515686, 22.5704612732, 25.9553756714, 33.0166702271, 50.5511360168, 37.6623077393, 33.5239982605, 51.7492256165, 23.6844291687, 41.5700378418, 17.7700614929, 15.6768732071, 19.8360462189, 20.4063625336, 16.876909256, 3.54710459709, 3.15943169594, 5.95676517487, 7.70235061646, 2.09753608704, 3.00458288193, 3.84086561203, 1.76556611061, 2.47255778313, 4.28734064102, 5.42408418655, 4.47963428497, 2.64451980591, 1.45084178448, 0.752744197845, 0.393453121185, 0.183292940259, 0.0518191792071, 0.00722529971972, 0.000221908136155, 6.08916343481e-05],
        "median": [0.0117050036788, 0.114935234189, 0.67692309618, 2.35530304909, 7.77068948746, 8.7701883316, 15.3967638016, 21.402141571, 18.4205493927, 6.90221261978, 9.79197502136, 7.20259237289, 5.81271076202, 7.0896692276, 4.08097028732, 3.26426005363, 3.27835988998, 2.27509093285, 1.52520871162, 0.63040626049, 1.00434100628, 0.628995478153, 0.905890703201, 0.523208916187, 0.839515447617, 0.459473460913, 0.462481886148, 0.524254977703, 0.679545819759, 1.27053046227, 0.904551923275, 0.372962355614, 0.202109977603, 0.0989257618785, 0.0678758472204, 0.046322260052, 0.0115886824206, 0.00136403623037, 6.46684929961e-05, 4.54238288512e-05],
        "min": [8.27523791713e-08, 2.2006756808e-06, 2.33735627262e-05, 0.000120751115901, 0.000377674994525, 0.000801020883955, 0.00116922846064, 0.00107648619451, 0.000601714127697, 0.000657524913549, 0.00121100025717, 0.000821750145406, 0.000227356620599, 0.000302193016978, 0.000303774577333, 0.000177620517206, 0.000148328821524, 6.78576325299e-05, 2.37466338149e-05, 2.40921945078e-05, 2.57743758993e-05, 2.41097604885e-05, 1.23518175315e-05, 1.54544886755e-05, 2.06430850085e-05, 1.74680262717e-05, 1.36392363856e-05, 7.6266042015e-06, 7.35237608751e-06, 1.99430833163e-05, 3.89858068957e-05, 6.19236334387e-06, 2.88002297566e-06, 1.96331143343e-06, 2.02126193471e-06, 7.29775479158e-07, 2.8672528174e-07, 3.95430532762e-08, 2.17848281636e-08, 2.80945888775e-09],
        "stdev": [1.94782686234, 6.51433849335, 6.52093982697, 10.7101793289, 23.2087345123, 38.2637634277, 32.2455749512, 38.6201667786, 80.8538360596, 81.0207595825, 84.3291854858, 108.688415527, 59.6037139893, 110.791618347, 40.1022911072, 42.009727478, 58.4392166138, 40.9762191772, 55.8749732971, 8.4519367218, 8.68841934204, 14.4929065704, 16.0146312714, 4.54675197601, 8.04475688934, 10.7768859863, 5.06846761703, 5.91923189163, 8.82214069366, 10.0409965515, 10.5028514862, 7.92972373962, 4.32076263428, 2.5525393486, 1.15569770336, 0.456679970026, 0.147280737758, 0.0233624540269, 0.000662887643557, 5.48207353859e-05],
        "var": [3.79402947426, 42.4366035461, 42.5226593018, 114.707931519, 538.645324707, 1464.11572266, 1039.77722168, 1491.51721191, 6537.34326172, 6564.36328125, 7111.41210938, 11813.1708984, 3552.6027832, 12274.7832031, 1608.19372559, 1764.81713867, 3415.1418457, 1679.05065918, 3122.01245117, 71.4352340698, 75.4886245728, 210.044342041, 256.468414307, 20.672952652, 64.7181167603, 116.141281128, 25.6893634796, 35.0373077393, 77.8301696777, 100.821609497, 110.309898376, 62.8805160522, 18.6689910889, 6.51545667648, 1.33563709259, 0.208556592464, 0.0216916147619, 0.000545804272406, 4.39420063003e-07, 3.00531310948e-09]
    },
    "gfcc": {
        "mean": [-35.9515647888, 115.500305176, -79.5001602173, 15.393289566, -73.8568344116, 10.6805057526, -41.517288208, -1.61810171604, -23.7613239288, 0.214047208428, -12.443602562, 5.19999647141, -14.210688591],
        "cov": [[6461.27001953, -2111.17407227, -546.406860352, 173.76550293, -572.756774902, 475.166687012, -186.799133301, 285.913116455, -105.549255371, 198.261856079, -493.631774902, 157.227264404, -531.130554199], [-2111.17407227, 1971.55725098, 89.3711471558, -152.303085327, 610.344665527, -198.08203125, 382.285919189, -27.0001602173, 254.483291626, -58.2855873108, 304.295410156, -73.9542999268, 244.26600647], [-546.406860352, 89.3711471558, 765.750061035, 177.475143433, 209.296951294, 198.882736206, 96.6535339355, 69.8095016479, 101.257232666, 52.0420265198, 129.89352417, 97.7047424316, 103.899223328], [173.76550293, -152.303085327, 177.475143433, 442.675689697, 127.253410339, 60.4393081665, -33.7002105713, 37.6002235413, 129.785140991, 31.3985424042, 33.8095932007, 27.3405723572, 58.6375961304], [-572.756774902, 610.344665527, 209.296951294, 127.253410339, 462.854766846, 33.9736557007, 167.220489502, 46.3404426575, 174.538192749, 53.9850387573, 161.768081665, 12.0269021988, 128.609283447], [475.166687012, -198.08203125, 198.882736206, 60.4393081665, 33.9736557007, 280.328857422, 91.9252929688, 58.7092628479, 20.3706283569, 43.5592079163, 40.2016868591, 51.8045921326, -20.2702274323], [-186.799133301, 382.285919189, 96.6535339355, -33.7002105713, 167.220489502, 91.9252929688, 311.188995361, 85.4384155273, 91.5872268677, 21.055891037, 130.50088501, 46.2161254883, 70.529800415], [285.913116455, -27.0001602173, 69.8095016479, 37.6002235413, 46.3404426575, 58.7092628479, 85.4384155273, 177.342163086, 80.669052124, 48.9478797913, 31.0348529816, 47.5201377869, 31.044670105], [-105.549255371, 254.483291626, 101.257232666, 129.785140991, 174.538192749, 20.3706283569, 91.5872268677, 80.669052124, 253.895217896, 87.3707809448, 84.9368438721, 22.2735061646, 87.3728790283], [198.261856079, -58.2855873108, 52.0420265198, 31.3985424042, 53.9850387573, 43.5592079163, 21.055891037, 48.9478797913, 87.3707809448, 181.840286255, 37.5007514954, -5.54144620895, 19.3338794708], [-493.631774902, 304.295410156, 129.89352417, 33.8095932007, 161.768081665, 40.2016868591, 130.50088501, 31.0348529816, 84.9368438721, 37.5007514954, 188.128356934, 37.4333839417, 97.7869491577], [157.227264404, -73.9542999268, 97.7047424316, 27.3405723572, 12.0269021988, 51.8045921326, 46.2161254883, 47.5201377869, 22.2735061646, -5.54144620895, 37.4333839417, 136.628540039, 21.8435535431], [-531.130554199, 244.26600647, 103.899223328, 58.6375961304, 128.609283447, -20.2702274323, 70.529800415, 31.044670105, 87.3728790283, 19.3338794708, 97.7869491577, 21.8435535431, 164.349136353]],
        "icov": [[0.000524905161001, 0.000191094557522, 0.000561291875783, -0.000281494401861, -0.000102067089756, -0.000764637661632, -0.000131962297019, -0.000592928437982, -9.54671195359e-05, -0.000510886602569, 0.000970343709923, -0.000717343413271, 0.000940963800531], [0.000191094557522, 0.00245565338992, -3.22660962411e-05, 0.00139395473525, -0.00224156677723, 0.0015407698229, -0.00161389715504, 0.000744460849091, -0.00172916776501, 0.00169447052758, -0.000991557375528, 0.00135718251113, 0.000116517243441], [0.000561291875783, -3.22660962411e-05, 0.00272846990265, -0.000749643251766, -0.000501285598148, -0.00237437570468, 0.000487169978442, -0.000745617435314, 0.000255380728049, -0.000769951962866, 0.000812118698377, -0.00174316763878, 0.000138945892104], [-0.000281494401861, 0.00139395473525, -0.000749643251766, 0.00444738799706, -0.00197566044517, 0.000609467620961, 0.000746822042856, 0.000722654745914, -0.00268673337996, 0.00205258908682, -0.00114173523616, 0.00119293562602, -0.00122249685228], [-0.000102067089756, -0.00224156677723, -0.000501285598148, -0.00197566044517, 0.00631845323369, -0.00103488669265, 9.07741850824e-05, -0.000272646313533, 0.00016771449009, -0.00159772427287, -0.000584735942539, -0.0002855011262, -0.0005513629294], [-0.000764637661632, 0.0015407698229, -0.00237437570468, 0.000609467620961, -0.00103488669265, 0.00849166046828, -0.0030054950621, 0.000951705733314, -0.000259078544332, 0.000922131468542, -0.00287185655907, 0.00155001401436, 0.00102168950252], [-0.000131962297019, -0.00161389715504, 0.000487169978442, 0.000746822042856, 9.07741850824e-05, -0.0030054950621, 0.00772283598781, -0.00245287129655, 8.39880522108e-05, 0.00024569578818, -0.00218082242645, -0.00117103185039, -0.000515174469911], [-0.000592928437982, 0.000744460849091, -0.000745617435314, 0.000722654745914, -0.000272646313533, 0.000951705733314, -0.00245287129655, 0.00935897231102, -0.00229671131819, -0.000118167132314, -4.10585562349e-05, -0.000611244293395, -0.00185302132741], [-9.54671195359e-05, -0.00172916776501, 0.000255380728049, -0.00268673337996, 0.00016771449009, -0.000259078544332, 8.39880522108e-05, -0.00229671131819, 0.00920688640326, -0.00389089551754, 0.000664324266836, -0.00123823515605, -0.0013744153548], [-0.000510886602569, 0.00169447052758, -0.000769951962866, 0.00205258908682, -0.00159772427287, 0.000922131468542, 0.00024569578818, -0.000118167132314, -0.00389089551754, 0.00946022383869, -0.00338196265511, 0.0034381726291, -0.000623253115918], [0.000970343709923, -0.000991557375528, 0.000812118698377, -0.00114173523616, -0.000584735942539, -0.00287185655907, -0.00218082242645, -4.10585562349e-05, 0.000664324266836, -0.00338196265511, 0.0140603985637, -0.00384986191057, -0.00225894898176], [-0.000717343413271, 0.00135718251113, -0.00174316763878, 0.00119293562602, -0.0002855011262, 0.00155001401436, -0.00117103185039, -0.000611244293395, -0.00123823515605, 0.0034381726291, -0.00384986191057, 0.0115886349231, -0.0016221787082], [0.000940963800531, 0.000116517243441, 0.000138945892104, -0.00122249685228, -0.0005513629294, 0.00102168950252, -0.000515174469911, -0.00185302132741, -0.0013744153548, -0.000623253115918, -0.00225894898176, -0.0016221787082, 0.0127929458395]]
    },
    "melbands": {
        "dmean": [0.00330259162001, 0.00126374757383, 0.000889665272553, 0.000640480720904, 0.000419373856857, 0.00034302068525, 0.000322253617924, 0.000203829724342, 0.000148309831275, 0.000151281783474, 6.4353866037e-05, 8.82759486558e-05, 3.84214690712e-05, 3.63920007658e-05, 2.46764757321e-05, 2.61094646703e-05, 2.33537757595e-05, 2.08519959415e-05, 4.36892742073e-06, 1.75817660875e-06, 2.04872821996e-06, 2.91064429803e-06, 5.16755835633e-06, 2.72752026831e-06, 8.19113950001e-07, 8.40022948978e-07, 2.01171474146e-06, 1.27000805605e-06, 6.21222341124e-07, 6.84021017605e-07, 9.00493716927e-07, 1.34390973017e-06, 1.74439298917e-06, 1.9171097847e-06, 1.74910053374e-06, 1.24813857383e-06, 1.00504280454e-06, 7.25560767023e-07, 5.48140974388e-07, 4.01751748313e-07],
        "dmean2": [0.00381205417216, 0.00165528920479, 0.00147296884097, 0.000981846591458, 0.00066344201332, 0.000546193215996, 0.00050385837676, 0.000271863129456, 0.000204537631362, 0.000206954719033, 9.1009263997e-05, 0.000128735249746, 5.65964728594e-05, 5.28115670022e-05, 3.38101017405e-05, 3.8513517211e-05, 3.40427141055e-05, 2.97553160635e-05, 6.43819203106e-06, 2.77346771327e-06, 2.97100928037e-06, 4.25520829594e-06, 7.75153330324e-06, 4.04616866945e-06, 1.26940722112e-06, 1.21541529552e-06, 2.96468033412e-06, 1.79363109964e-06, 9.76916567197e-07, 1.02608566976e-06, 1.40360145906e-06, 2.05010883292e-06, 2.60243177763e-06, 2.83932058665e-06, 2.50906896326e-06, 1.8537429014e-06, 1.40965880746e-06, 1.06829588731e-06, 7.60394584631e-07, 5.63039520785e-07],
        "dvar": [4.52139101981e-05, 8.17817090137e-06, 2.98396275866e-06, 9.12077268822e-07, 3.49280270484e-07, 2.87382050601e-07, 5.79502739129e-07, 2.71710689503e-07, 2.22036618425e-07, 1.41311247148e-07, 3.67754360298e-08, 6.52660077094e-08, 1.551538098e-08, 1.51599639509e-08, 5.40689315542e-09, 7.42226857753e-09, 3.45856698836e-09, 7.482753972e-09, 1.91711910236e-10, 3.15861503619e-11, 3.81029652274e-11, 6.79810790993e-11, 1.33726127394e-10, 8.23578566456e-11, 7.20296869025e-12, 7.33518627782e-12, 3.98222496645e-11, 1.64368987171e-11, 5.08027517623e-12, 3.11498439889e-12, 6.46591287456e-12, 1.11339132358e-11, 1.46393556999e-11, 1.53252497498e-11, 1.68207600626e-11, 1.49615406869e-11, 1.00844627787e-11, 5.09683744862e-12, 3.52443356617e-12, 1.9851429528e-12],
        "dvar2": [7.07698709448e-05, 1.45022249853e-05, 8.20890727482e-06, 1.94045765056e-06, 8.48341869641e-07, 6.74829550462e-07, 1.50218170347e-06, 4.91288744797e-07, 3.99309243448e-07, 2.6448378776e-07, 7.18070225503e-08, 1.50495026219e-07, 3.70045327713e-08, 3.12420240789e-08, 9.78086145409e-09, 1.71505600832e-08, 7.15287207242e-09, 1.64632609767e-08, 4.76267247862e-10, 7.15532424977e-11, 7.24834151034e-11, 1.37838712666e-10, 2.94743729423e-10, 2.11475309486e-10, 1.75988841555e-11, 1.32437793371e-11, 8.57582893588e-11, 3.07153712187e-11, 1.28341851036e-11, 6.07945074491e-12, 1.34032489968e-11, 2.53417425933e-11, 3.10275763415e-11, 3.25159447978e-11, 2.97305374763e-11, 3.17372066128e-11, 2.15878079302e-11, 1.04538868881e-11, 5.60189741816e-12, 3.48329785155e-12],
        "max": [0.0743423849344, 0.0239300504327, 0.0192277077585, 0.015789097175, 0.0093840463087, 0.00692008063197, 0.0115732448176, 0.00802029762417, 0.00945212971419, 0.00572073599324, 0.00415133032948, 0.00494634266943, 0.00162349210586, 0.00228536128998, 0.00132441020105, 0.00164644327015, 0.000721791177057, 0.00179299071897, 0.000293928926112, 0.000105438608443, 0.000122432873468, 0.000151063708472, 0.000166028083186, 0.000223029957851, 4.2334329919e-05, 7.37665759516e-05, 0.000119492367958, 9.77013551164e-05, 6.30785070825e-05, 4.80325325043e-05, 5.77577011427e-05, 5.79826482863e-05, 5.95864075876e-05, 5.28280506842e-05, 8.04745504865e-05, 5.31695914106e-05, 5.58330029889e-05, 4.17376613768e-05, 3.58999568562e-05, 2.60903507296e-05],
        "mean": [0.00667139375582, 0.00214213808067, 0.00150347221643, 0.00154626253061, 0.000887137837708, 0.000754668784793, 0.000769834325183, 0.000384429178666, 0.000281050946796, 0.000308864953695, 0.000110370514449, 0.000175091248821, 5.78761864745e-05, 5.32411577296e-05, 3.6344074033e-05, 3.98523588956e-05, 3.90160748793e-05, 3.13287200697e-05, 7.7298755059e-06, 3.13257760354e-06, 3.55405836672e-06, 5.04450326844e-06, 9.42651604419e-06, 4.54425799035e-06, 1.29379509417e-06, 1.46807212786e-06, 3.3720416468e-06, 2.22321068577e-06, 9.89581849353e-07, 1.16644105219e-06, 1.46763443354e-06, 2.13107114178e-06, 2.92573940897e-06, 3.20439789903e-06, 2.82708629129e-06, 1.88202227491e-06, 1.50505672991e-06, 1.06212780793e-06, 7.91867023509e-07, 5.67729784962e-07],
        "median": [0.000140408636071, 0.000394344417145, 0.000740434508771, 0.000686920946464, 0.00056794116972, 0.000503633695189, 0.000261363456957, 7.70447804825e-05, 6.66932828608e-05, 3.86401006836e-05, 2.52602512774e-05, 2.80718850263e-05, 1.10371474875e-05, 1.02451522253e-05, 5.1210449783e-06, 6.66330652166e-06, 3.71631085727e-06, 2.55949976236e-06, 8.25591314424e-07, 9.58456780609e-07, 1.00562033367e-06, 4.78592880881e-07, 9.06995069272e-07, 5.81033987146e-07, 3.18532698884e-07, 5.05597938627e-07, 3.98410577418e-07, 2.34268966892e-07, 2.4800567644e-07, 2.86007491468e-07, 2.63170164772e-07, 3.21792867908e-07, 4.36075225707e-07, 7.7549202615e-07, 5.49258231786e-07, 1.83193478165e-07, 1.74474351411e-07, 1.47052404031e-07, 8.86384157184e-08, 6.67745538863e-08],
        "min": [1.25555699171e-09, 9.89159154585e-09, 2.77663136927e-08, 4.24319885894e-08, 4.13144576328e-08, 2.42827535857e-08, 8.62747384645e-09, 7.90204168766e-09, 9.98536364705e-09, 4.55830972967e-09, 9.62466994991e-10, 1.14694775899e-09, 1.19311072133e-09, 5.28700971891e-10, 3.44988260181e-10, 3.46529360762e-10, 8.92322188362e-11, 3.33479355241e-11, 3.99304998788e-11, 2.61513900812e-11, 2.91636124972e-11, 2.76184908277e-11, 1.05071758585e-11, 1.37846886683e-11, 1.20764821754e-11, 1.3146518596e-11, 1.4095555452e-11, 1.10843435125e-11, 9.58694582054e-12, 5.01051544005e-12, 4.14521498723e-12, 3.24574590295e-12, 5.92970984814e-12, 1.35543824428e-11, 2.93706378662e-11, 6.78702493512e-12, 2.54989323926e-12, 2.18552975197e-12, 1.46389974795e-12, 1.64973069927e-12],
        "stdev": [0.013552274555, 0.00419490784407, 0.00202080281451, 0.00214420980774, 0.000983506557532, 0.000832752790302, 0.00128237658646, 0.000849724165164, 0.000679037766531, 0.000656424381305, 0.000303302018438, 0.000472207233543, 0.000149469196913, 0.00016888511891, 0.000109215543489, 0.000114811780804, 8.47299161251e-05, 0.000112424328108, 2.28485532716e-05, 8.00849284133e-06, 1.03709517134e-05, 1.40263346111e-05, 2.00209360628e-05, 1.10563914859e-05, 3.24814891428e-06, 4.31851185567e-06, 9.89587806544e-06, 6.50181209494e-06, 3.17808121508e-06, 2.90154639515e-06, 3.71001033272e-06, 4.61191893919e-06, 6.285467407e-06, 6.02459294896e-06, 6.44442388875e-06, 5.73616262045e-06, 4.67767313239e-06, 3.11748090098e-06, 2.72240458798e-06, 1.94269205167e-06],
        "var": [0.000183664145879, 1.75972509169e-05, 4.08364394389e-06, 4.5976353249e-06, 9.67285245679e-07, 6.9347720455e-07, 1.64448965734e-06, 7.22031188616e-07, 4.61092270143e-07, 4.30892953318e-07, 9.19921205877e-08, 2.22979664954e-07, 2.23410410172e-08, 2.8522183726e-08, 1.19280345601e-08, 1.31817445848e-08, 7.17915815684e-09, 1.26392292188e-08, 5.22056398111e-10, 6.41359534925e-11, 1.07556637208e-10, 1.96738056402e-10, 4.00837862902e-10, 1.22243798417e-10, 1.05504710871e-11, 1.86495454496e-11, 9.79283945601e-11, 4.22735631223e-11, 1.01002001901e-11, 8.41897124931e-12, 1.37641772979e-11, 2.12697966878e-11, 3.95070989812e-11, 3.62957199018e-11, 4.15305984047e-11, 3.29035618196e-11, 2.18806257835e-11, 9.7186876602e-12, 7.41148722255e-12, 3.77405268495e-12]
    },
    "melbands128": {
