{
"lowlevel": {
    "average_loudness": 0.953713417053,
    "barkbands_crest": {
        "dmean": 3.60393667221,
        "dmean2": 6.15159702301,
        "dvar": 7.55844926834,
        "dvar2": 21.907075882,
        "max": 25.2194766998,
        "mean": 13.1134805679,
        "median": 12.8909196854,
        "min": 5.14074277878,
        "stdev": 3.82661652565,
        "var": 14.6429948807
    },
    "barkbands_flatness_db": {
        "dmean": 0.0393888950348,
        "dmean2": 0.0683933719993,
        "dvar": 0.00100137200207,
        "dvar2": 0.00295183504932,
        "max": 0.486551135778,
        "mean": 0.290886640549,
        "median": 0.28740850091,
        "min": 0.0805247202516,
        "stdev": 0.0500196330249,
        "var": 0.00250196363777
    },
    "barkbands_kurtosis": {
        "dmean": 11.5067186356,
        "dmean2": 20.3605499268,
        "dvar": 179.735977173,
        "dvar2": 520.867858887,
        "max": 164.196868896,
        "mean": 18.6841087341,
        "median": 14.7200660706,
        "min": -0.867302417755,
        "stdev": 14.8909406662,
        "var": 221.740112305
    },
    "barkbands_skewness": {
        "dmean": 1.05466473103,
        "dmean2": 1.8280121088,
        "dvar": 0.857142686844,
        "dvar2": 2.47141098976,
        "max": 11.0032691956,
        "mean": 3.12855267525,
        "median": 2.93336415291,
        "min": -1.76983380318,
        "stdev": 1.31788814068,
        "var": 1.73682928085
    },
    "barkbands_spread": {
        "dmean": 1.94116830826,
        "dmean2": 3.33540201187,
        "dvar": 3.64193034172,
        "dvar2": 9.95913982391,
        "max": 26.8945140839,
        "mean": 4.70350551605,
        "median": 4.18098258972,
        "min": 0.609220683575,
        "stdev": 2.87159609795,
        "var": 8.2460641861
    },
    "dissonance": {
        "dmean": 0.0260538682342,
        "dmean2": 0.0443350039423,
        "dvar": 0.000500218709931,
        "dvar2": 0.00133401714265,
        "max": 0.497858643532,
        "mean": 0.442715376616,
        "median": 0.448403954506,
        "min": 0.198517203331,
        "stdev": 0.0332600846887,
        "var": 0.00110623333603
    },
    "dynamic_complexity": 2.37248730659,
    "erbbands_crest": {
        "dmean": 2.98905420303,
        "dmean2": 5.01180505753,
        "dvar": 6.62260627747,
        "dvar2": 17.2003860474,
        "max": 25.8843688965,
        "mean": 10.8408679962,
        "median": 10.127073288,
        "min": 3.27289628983,
        "stdev": 4.02827215195,
        "var": 16.226978302
    },
    "erbbands_flatness_db": {
        "dmean": 0.0168371014297,
        "dmean2": 0.0261145550758,
        "dvar": 0.000228921446251,
        "dvar2": 0.000554222264327,
        "max": 0.315768778324,
        "mean": 0.198303624988,
        "median": 0.195178434253,
        "min": 0.0725740268826,
        "stdev": 0.0327992923558,
        "var": 0.00107579363976
    },
    "erbbands_kurtosis": {
        "dmean": 1.52809512615,
        "dmean2": 2.49089598656,
        "dvar": 3.89160275459,
        "dvar2": 9.89325618744,
        "max": 29.7857322693,
        "mean": 1.72499489784,
        "median": 0.763497591019,
        "min": -1.7469586134,
        "stdev": 3.33058547974,
        "var": 11.0927991867
    },
    "erbbands_skewness": {
        "dmean": 0.412506014109,
        "dmean2": 0.669595122337,
        "dvar": 0.120980925858,
        "dvar2": 0.313353747129,
        "max": 4.7963643074,
        "mean": 1.1679122448,
        "median": 1.15208530426,
        "min": -1.35260593891,
        "stdev": 0.737339317799,
        "var": 0.54366928339
    },
    "erbbands_spread": {
        "dmean": 6.96563816071,
        "dmean2": 11.2409563065,
        "dvar": 34.968082428,
        "dvar2": 89.4202728271,
        "max": 76.9551773071,
        "mean": 31.167098999,
        "median": 30.8745994568,
        "min": 4.74103593826,
        "stdev": 11.2983026505,
        "var": 127.651634216
    },
    "hfc": {
        "dmean": 3.46281194687,
        "dmean2": 5.69844675064,
        "dvar": 16.3284835815,
        "dvar2": 41.3586196899,
        "max": 57.4051742554,
        "mean": 11.4563970566,
        "median": 9.88037967682,
        "min": 1.19213494874e-16,
        "stdev": 7.45720243454,
        "var": 55.6098709106
    },
    "loudness_ebu128": {
        "integrated": -15.0583686829,
        "loudness_range": 6.88889789581,
        "momentary": {
            "dmean": 0.380312263966,
            "dmean2": 0.427429050207,
            "dvar": 0.130785509944,
            "dvar2": 0.166210204363,
            "max": -10.8325815201,
            "mean": -15.7128400803,
            "median": -15.1792974472,
            "min": -23.3510856628,
            "stdev": 2.58590340614,
            "var": 6.68689680099
        },
        "short_term": {
            "dmean": 0.0924392342567,
            "dmean2": 0.0829832032323,
            "dvar": 0.00631986698136,
            "dvar2": 0.00529646221548,
            "max": -12.3150501251,
            "mean": -15.4831190109,
            "median": -14.9304065704,
            "min": -21.168794632,
            "stdev": 2.23615312576,
            "var": 5.00038099289
        }
    },
    "melbands_crest": {
        "dmean": 6.43914079666,
        "dmean2": 11.3940134048,
        "dvar": 27.4526405334,
        "dvar2": 85.0707473755,
        "max": 38.1858329773,
        "mean": 22.7660598755,
        "median": 22.648607254,
        "min": 2.91236662865,
        "stdev": 7.41441679001,
        "var": 54.9735794067
    },
    "melbands_flatness_db": {
        "dmean": 0.0396810807288,
        "dmean2": 0.0678651705384,
        "dvar": 0.000996973132715,
        "dvar2": 0.0029482182581,
        "max": 0.541557967663,
        "mean": 0.388874858618,
        "median": 0.387351661921,
        "min": 0.00890513230115,
        "stdev": 0.0520466528833,
        "var": 0.00270885392092
    },
    "melbands_kurtosis": {
        "dmean": 18.9825458527,
        "dmean2": 33.7665634155,
        "dvar": 481.258422852,
        "dvar2": 1399.59875488,
        "max": 195.585144043,
        "mean": 31.39661026,
        "median": 24.5115718842,
        "min": -1.24166822433,
        "stdev": 23.7016925812,
        "var": 561.770263672
    },
    "melbands_skewness": {
        "dmean": 1.33374869823,
        "dmean2": 2.30398106575,
        "dvar": 1.46005499363,
        "dvar2": 4.376475811,
        "max": 11.2064352036,
        "mean": 3.91796803474,
        "median": 3.68804240227,
        "min": -0.190077856183,
        "stdev": 1.60473668575,
        "var": 2.57517981529
    },
    "melbands_spread": {
        "dmean": 1.91544687748,
        "dmean2": 3.25153589249,
        "dvar": 13.7765483856,
        "dvar2": 18.4486980438,
        "max": 129.994888306,
        "mean": 4.40398550034,
        "median": 3.80168604851,
        "min": 0.558581709862,
        "stdev": 4.30850410461,
        "var": 18.5632076263
    },
    "pitch_salience": {
        "dmean": 0.118916511536,
        "dmean2": 0.207562670112,
        "dvar": 0.00881101097912,
        "dvar2": 0.0263571552932,
        "max": 0.795397162437,
        "mean": 0.430055558681,
        "median": 0.439634472132,
        "min": 0.0790779218078,
        "stdev": 0.142339006066,
        "var": 0.0202603936195
    },
    "silence_rate_20dB": {
        "dmean": 0.0061919502914,
        "dmean2": 0.0123934932053,
        "dvar": 0.00615356070921,
        "dvar2": 0.0168877225369,
        "max": 1,
        "mean": 0.996133029461,
        "median": 1,
        "min": 0,
        "stdev": 0.0620642192662,
        "var": 0.00385196716525
    },
    "silence_rate_30dB": {
        "dmean": 0.198142409325,
        "dmean2": 0.39659178257,
        "dvar": 0.158882170916,
        "dvar2": 0.347751945257,
        "max": 1,
        "mean": 0.551430761814,
        "median": 1,
        "min": 0,
        "stdev": 0.497348368168,
        "var": 0.247355386615
    },
    "silence_rate_60dB": {
        "dmean": 0.000773993786424,
        "dmean2": 0.00154918665066,
        "dvar": 0.000773391744588,
        "dvar2": 0.00154677091632,
        "max": 1,
        "mean": 0.00154679035768,
        "median": 0,
        "min": 0,
        "stdev": 0.0392987206578,
        "var": 0.00154438940808
    },
    "spectral_centroid": {
        "dmean": 100.960357666,
        "dmean2": 154.917633057,
        "dvar": 97006.5234375,
        "dvar2": 105876.671875,
        "max": 11321.0253906,
        "mean": 493.738098145,
        "median": 440.425231934,
        "min": 171.757858276,
        "stdev": 350.922790527,
        "var": 123146.804688
    },
    "spectral_complexity": {
        "dmean": 1.76238393784,
        "dmean2": 3,
        "dvar": 2.46288728714,
        "dvar2": 6.0681643486,
        "max": 25,
        "mean": 10.1701469421,
        "median": 10,
        "min": 0,
        "stdev": 3.80769300461,
        "var": 14.4985256195
    },
    "spectral_decrease": {
        "dmean": 1.81454513637e-08,
        "dmean2": 3.25931637235e-08,
        "dvar": 4.35176808588e-16,
        "dvar2": 1.30423920345e-15,
        "max": -1.16208710989e-28,
        "mean": -2.95365971681e-08,
        "median": -2.28825687287e-08,
        "min": -2.03240901442e-07,
        "stdev": 2.48171012629e-08,
        "var": 6.15888508558e-16
    },
    "spectral_energy": {
        "dmean": 0.0687116906047,
        "dmean2": 0.123384766281,
        "dvar": 0.00622799247503,
        "dvar2": 0.0186638236046,
        "max": 0.769668579102,
        "mean": 0.112516917288,
        "median": 0.0877130404115,
        "min": 1.1251603921e-20,
        "stdev": 0.0940977111459,
        "var": 0.00885437987745
    },
    "spectral_energyband_high": {
        "dmean": 1.2534803318e-05,
        "dmean2": 1.96788096218e-05,
        "dvar": 5.68601332684e-10,
        "dvar2": 1.19528464904e-09,
        "max": 0.000438129034592,
        "mean": 4.10016982642e-05,
        "median": 2.536194188e-05,
        "min": 8.24687115371e-21,
        "stdev": 4.38698807557e-05,
        "var": 1.92456650616e-09
    },
    "spectral_energyband_low": {
        "dmean": 0.0548164620996,
        "dmean2": 0.0984631478786,
        "dvar": 0.00356234703213,
        "dvar2": 0.0107247596607,
        "max": 0.536004304886,
        "mean": 0.075996235013,
        "median": 0.0570261329412,
        "min": 6.67337640078e-23,
        "stdev": 0.0679838657379,
        "var": 0.00462180608884
    },
    "spectral_energyband_middle_high": {
        "dmean": 0.000462773314212,
        "dmean2": 0.000737358699553,
        "dvar": 7.97377026629e-07,
        "dvar2": 2.1631033178e-06,
        "max": 0.0163655355573,
        "mean": 0.00128400546964,
        "median": 0.00097752828151,
        "min": 1.68978468958e-21,
        "stdev": 0.001283008256,
        "var": 1.64611014952e-06
    },
    "spectral_energyband_middle_low": {
        "dmean": 0.00858880300075,
        "dmean2": 0.014128016308,
        "dvar": 0.000157517933985,
        "dvar2": 0.000420869822847,
        "max": 0.161862596869,
        "mean": 0.0224522743374,
        "median": 0.0168327968568,
        "min": 4.07498785475e-22,
        "stdev": 0.0196420997381,
        "var": 0.000385812105378
    },
    "spectral_entropy": {
        "dmean": 0.171541377902,
        "dmean2": 0.267432868481,
        "dvar": 0.0261517111212,
        "dvar2": 0.0568858236074,
        "max": 9.78703784943,
        "mean": 6.70993518829,
        "median": 6.75281763077,
        "min": 5.18294811249,
        "stdev": 0.343607902527,
        "var": 0.118066385388
    },
    "spectral_flux": {
        "dmean": 0.0638091564178,
        "dmean2": 0.104076147079,
        "dvar": 0.0038702362217,
        "dvar2": 0.0100455414504,
        "max": 0.614476561546,
        "mean": 0.187874361873,
        "median": 0.176114156842,
        "min": 1.06073580475e-10,
        "stdev": 0.101488612592,
        "var": 0.0102999377996
    },
    "spectral_kurtosis": {
        "dmean": 4.01719522476,
        "dmean2": 6.8301243782,
        "dvar": 13.8670320511,
        "dvar2": 38.9979934692,
        "max": 42.8789405823,
        "mean": 9.64516067505,
        "median": 8.35758018494,
        "min": -1.24935877323,
        "stdev": 5.53036260605,
        "var": 30.5849094391
    },
    "spectral_rms": {
        "dmean": 0.0029532618355,
        "dmean2": 0.00522930454463,
        "dvar": 7.4817580753e-06,
        "dvar2": 2.27027776418e-05,
        "max": 0.0274024847895,
        "mean": 0.00962881185114,
        "median": 0.00925060547888,
        "min": 3.31318197704e-12,
        "stdev": 0.00413020234555,
        "var": 1.70585717569e-05
    },
    "spectral_rolloff": {
        "dmean": 108.21572876,
        "dmean2": 186.026107788,
        "dvar": 258972.328125,
        "dvar2": 267518.59375,
        "max": 18432.421875,
        "mean": 224.407531738,
        "median": 193.798828125,
        "min": 21.533203125,
        "stdev": 526.112487793,
        "var": 276794.34375
    },
    "spectral_skewness": {
        "dmean": 0.366389364004,
        "dmean2": 0.611694276333,
        "dvar": 0.099907360971,
        "dvar2": 0.260738044977,
        "max": 4.8558473587,
        "mean": 2.18763375282,
        "median": 2.11271834373,
        "min": -0.0118653532118,
        "stdev": 0.558829784393,
        "var": 0.312290757895
    },
    "spectral_spread": {
        "dmean": 315952.90625,
        "dmean2": 460632.375,
        "dvar": 879827877888,
        "dvar2": 624418947072,
        "max": 41361028,
        "mean": 2952321.5,
        "median": 2854120.25,
        "min": 1370789.625,
        "stdev": 1502589.125,
        "var": 2.2577741824e+12
    },
    "spectral_strongpeak": {
        "dmean": 0.31812748313,
        "dmean2": 0.573685765266,
        "dvar": 0.137922331691,
        "dvar2": 0.365960657597,
        "max": 2.92903995514,
        "mean": 0.336113154888,
        "median": 0.249215081334,
        "min": 0,
        "stdev": 0.449634820223,
        "var": 0.202171474695
    },
    "zerocrossingrate": {
        "dmean": 0.00354835344478,
        "dmean2": 0.00488999858499,
        "dvar": 0.000200251670321,
        "dvar2": 0.000212407801882,
        "max": 0.50537109375,
        "mean": 0.0124777946621,
        "median": 0.01123046875,
        "min": 0.00048828125,
        "stdev": 0.0149127868935,
        "var": 0.000222391216084
    },
    "barkbands": {
        "dmean": [0.0448093339801, 0.0313040241599, 0.00318326195702, 0.00522963935509, 0.0037540202029, 0.00202195555903, 0.00177361664828, 0.000238081658608, 0.000130537155201, 0.000187310928595, 4.46992380603e-05, 4.48308564955e-05, 6.77835269016e-05, 0.000135009133373, 0.000177942391019, 2.19648518396e-05, 8.97483096196e-06, 1.03009469967e-05, 5.44237991562e-05, 2.65081562247e-05, 4.94345977131e-06, 1.7782855366e-06, 1.30824707867e-06, 9.28554584334e-07, 5.57434759685e-07, 3.48550173612e-07, 4.51809754054e-08],
        "dmean2": [0.0817722380161, 0.0547726526856, 0.00543917855248, 0.00881297141314, 0.00628348439932, 0.00334543641657, 0.00290846219286, 0.000411318964325, 0.000224454197451, 0.000318507110933, 7.72943167249e-05, 7.7279197285e-05, 0.000112795278255, 0.000218221844989, 0.000290167779895, 3.55582997145e-05, 1.5225487914e-05, 1.75506484084e-05, 8.76581252669e-05, 4.16702823713e-05, 8.13139467937e-06, 2.92829076898e-06, 2.19880598706e-06, 1.37545964662e-06, 8.35726837067e-07, 5.62681293559e-07, 7.37464773692e-08],
        "dvar": [0.00369514664635, 0.00130635558162, 2.58289492194e-05, 0.000110277811473, 3.19549872074e-05, 6.15746648691e-06, 4.99664884046e-06, 2.80005906461e-07, 7.49729167637e-08, 1.19656661468e-07, 9.87466197699e-09, 2.93975936927e-08, 4.14264142989e-08, 5.27193364519e-08, 2.66244086333e-07, 2.5285773475e-09, 2.33223329538e-10, 3.22401300101e-10, 1.04357500419e-08, 1.85796444896e-09, 9.07842412357e-11, 1.4282240321e-11, 8.61956686582e-12, 2.45640118489e-12, 3.00087754125e-12, 1.04098413917e-12, 6.66000593433e-14],
        "dvar2": [0.0110439965501, 0.00372645142488, 7.11316824891e-05, 0.000298759405268, 8.98649013834e-05, 1.59932315e-05, 1.34629281092e-05, 7.89210332641e-07, 2.11084170587e-07, 3.55712359124e-07, 2.67214215199e-08, 8.52281658581e-08, 1.15235962994e-07, 1.21073895798e-07, 6.8530948738e-07, 5.78512393545e-09, 6.05535066533e-10, 8.93651541656e-10, 2.78712626312e-08, 4.11452028004e-09, 2.17538306813e-10, 3.72116261416e-11, 2.3439021557e-11, 5.58248672983e-12, 5.37083008276e-12, 2.83951811716e-12, 1.13439958111e-13],
        "max": [0.536053538322, 0.412673592567, 0.0680549740791, 0.134838730097, 0.128506615758, 0.0255553461611, 0.0301971603185, 0.00959016848356, 0.00438632210717, 0.00528890965506, 0.00145777873695, 0.00438646133989, 0.00427532149479, 0.0045012049377, 0.00976927857846, 0.000981652992778, 0.000206308250199, 0.000300459709251, 0.00133382773492, 0.000890919240192, 0.000184886055649, 6.0793976445e-05, 6.15809258306e-05, 2.49729710049e-05, 4.96456850669e-05, 1.68282858795e-05, 8.03842340247e-06],
        "mean": [0.0449200458825, 0.0393095314503, 0.00454923463985, 0.0076320967637, 0.00764724006876, 0.00378801324405, 0.00275890249759, 0.000347078690538, 0.000198976951651, 0.000288004259346, 6.62328748149e-05, 6.94232294336e-05, 0.000107893429231, 0.00025267174351, 0.000295239588013, 3.91297944589e-05, 1.71918691194e-05, 2.16607913899e-05, 0.000117015755677, 6.64891922497e-05, 1.19501755762e-05, 4.52149924968e-06, 4.15152953792e-06, 2.5766289582e-06, 1.28081489947e-06, 6.06986134244e-07, 5.71930485194e-08],
        "median": [0.0221627280116, 0.0281882733107, 0.0029228979256, 0.00462591741234, 0.00387577502988, 0.00235681701452, 0.00178937055171, 0.000194929511053, 0.000115136717795, 0.000172987522092, 2.47692423727e-05, 4.1108502046e-05, 4.39149371232e-05, 0.000107780295366, 6.96534843883e-05, 2.03897452593e-05, 1.21344392028e-05, 1.11511035357e-05, 4.4556643843e-05, 3.87391773984e-05, 6.81532401359e-06, 2.18587501877e-06, 1.68579390447e-06, 1.23188533507e-06, 5.24540837432e-07, 2.45017730549e-07, 2.02011527506e-08],
        "min": [6.76564819869e-24, 5.54355340402e-23, 4.60458899238e-24, 1.41878862336e-24, 4.08068027504e-23, 3.27517945343e-23, 5.38067760846e-23, 1.90910675194e-22, 5.33793207591e-23, 6.78345278932e-23, 1.49366748192e-22, 1.1062168706e-22, 5.34891238862e-23, 1.09863055305e-22, 1.51553256051e-22, 6.67666247977e-23, 2.11996157263e-22, 3.53599239348e-22, 2.59100266225e-22, 3.57962132403e-22, 4.0018572934e-22, 6.93617196917e-22, 9.17245960196e-22, 7.87536982052e-22, 1.35373620435e-21, 1.85705884538e-21, 2.24230064616e-21],
        "stdev": [0.0627508461475, 0.0410474613309, 0.00526933651417, 0.0102416193113, 0.0122267287225, 0.00381844467483, 0.00294974446297, 0.000535973114893, 0.000285844231257, 0.000389342807466, 0.000118855954497, 0.000144019621075, 0.000231730737141, 0.000378538767109, 0.000738357950468, 7.01180833858e-05, 1.83005922736e-05, 2.51409928751e-05, 0.000180342118256, 9.36582291615e-05, 1.39070443765e-05, 5.73668376092e-06, 6.97819223205e-06, 3.27633756569e-06, 2.73021964858e-06, 1.16932824312e-06, 3.22640744344e-07],
        "var": [0.00393766909838, 0.00168489397038, 2.77659055428e-05, 0.000104890772491, 0.000149492887431, 1.45805197462e-05, 8.70099302119e-06, 2.87267198473e-07, 8.17069221171e-08, 1.51587826736e-07, 1.41267371134e-08, 2.07416501752e-08, 5.36991322519e-08, 1.43291600807e-07, 5.45172497368e-07, 4.91654539303e-09, 3.34911681721e-10, 6.32069563355e-10, 3.25232818454e-08, 8.77186412396e-09, 1.93405888527e-10, 3.29095396767e-11, 4.86951694245e-11, 1.07343873373e-11, 7.45409983738e-12, 1.36732845098e-12, 1.04097042401e-13]
    },
    "erbbands": {
        "dmean": [2.0362226963, 3.5767519474, 2.84456944466, 13.5191249847, 12.425652504, 11.8712921143, 17.8184528351, 14.4235095978, 31.9468154907, 9.46471786499, 4.0284371376, 2.74854183197, 5.20037651062, 3.83139514923, 2.02396702766, 1.89519059658, 2.95286369324, 5.4914021492, 11.5131731033, 3.10708165169, 0.811665713787, 0.499031811953, 0.475982666016, 1.57157456875, 3.17021155357, 1.07253801823, 0.270849019289, 0.157396972179, 0.074045278132, 0.0403460599482, 0.0400743447244, 0.0203486252576, 0.016511073336, 0.00622437847778, 0.00447382638231, 0.00192656624131, 0.000538496300578, 0.000126323895529, 3.12532320095e-05, 7.38652015571e-05],
        "dmean2": [3.60592007637, 6.22653532028, 4.8001294136, 22.493555069, 21.7537326813, 19.3945903778, 29.1958446503, 23.735370636, 52.4257125854, 15.6466236115, 6.8840713501, 4.81268978119, 8.89221954346, 6.39389133453, 3.52546167374, 3.24356079102, 4.88828706741, 8.77627754211, 18.5005111694, 4.88083314896, 1.32908415794, 0.844589173794, 0.806600511074, 2.64583039284, 5.06211614609, 1.61628246307, 0.438299924135, 0.260723978281, 0.121693827212, 0.067697994411, 0.0667859613895, 0.0323675125837, 0.024120464921, 0.00918928533792, 0.00659778341651, 0.00301294401288, 0.000903361651581, 0.000199048226932, 5.56444028916e-05, 0.000132590415888],
        "dvar": [5.13347673416, 25.8261528015, 20.7277545929, 655.577697754, 518.211791992, 265.18069458, 487.128082275, 458.511138916, 1776.04125977, 194.70098877, 71.6002349854, 47.3160095215, 54.8466148376, 70.9028244019, 19.0419101715, 56.7251052856, 88.8282165527, 120.085716248, 969.580993652, 59.2522087097, 1.51270651817, 0.809351801872, 0.624201059341, 14.3899745941, 33.6932296753, 3.30705857277, 0.204844117165, 0.122206173837, 0.0237160734832, 0.00607770308852, 0.0100707951933, 0.00162113888655, 0.000720658397768, 0.000269943266176, 0.000227218813961, 2.6862240702e-05, 3.03178512695e-06, 3.9647562744e-07, 1.37935152189e-09, 7.1814771907e-09],
        "dvar2": [15.2301359177, 71.2348480225, 54.1673927307, 1729.36071777, 1534.6270752, 701.872436523, 1281.97216797, 1207.45178223, 4783.84179688, 523.155822754, 201.033203125, 133.827270508, 158.879714966, 205.792022705, 53.1689033508, 165.508575439, 242.9034729, 284.850860596, 2490.90966797, 120.50881958, 3.7069272995, 2.08490157127, 1.67217135429, 42.5564918518, 86.16771698, 6.13143444061, 0.444321334362, 0.325668334961, 0.0619423612952, 0.0173798464239, 0.0286260023713, 0.00420981971547, 0.00150336348452, 0.00050867756363, 0.000424957717769, 6.3765757659e-05, 8.26770792628e-06, 7.57664736284e-07, 3.87804366397e-09, 2.15129478676e-08],
        "max": [18.2334423065, 85.432510376, 75.2469482422, 329.19519043, 406.540679932, 316.179931641, 371.444702148, 226.714645386, 548.676818848, 185.558258057, 134.05708313, 115.435440063, 85.0605163574, 150.331634521, 82.1195068359, 192.137298584, 202.612380981, 234.177490234, 587.198669434, 218.452941895, 21.006105423, 12.5067005157, 8.68146800995, 52.3480453491, 81.8406143188, 35.0791549683, 10.7531824112, 5.18076229095, 2.14947867393, 1.30476629734, 2.2395837307, 0.897576332092, 0.453312039375, 0.441671848297, 0.475501954556, 0.101545967162, 0.0235016383231, 0.0199792478234, 0.000548332405742, 0.00082803046098],
        "mean": [2.33598518372, 4.52556228638, 4.56221723557, 21.6741485596, 20.674243927, 23.7901992798, 31.9858665466, 26.1466693878, 52.0232543945, 15.7346963882, 6.65722894669, 4.33129167557, 8.10887622833, 6.01475667953, 3.16045260429, 3.24232506752, 5.19309473038, 10.8076276779, 20.6317424774, 5.92429971695, 1.70077610016, 1.04030621052, 1.09317231178, 3.35822105408, 6.97125148773, 2.87649703026, 0.757292211056, 0.366580784321, 0.186353519559, 0.120149448514, 0.114865623415, 0.061636980623, 0.0412024632096, 0.0153497606516, 0.00928819831461, 0.00348291336559, 0.000961686309893, 0.00019053692813, 5.51504817849e-05, 0.000122093435493],
        "median": [1.6586432457, 2.75666189194, 3.15400576591, 13.9343261719, 8.5998840332, 11.8328638077, 20.1471920013, 13.4598417282, 33.054145813, 9.9537935257, 4.2005982399, 2.62214851379, 5.21938180923, 3.57336449623, 1.65342283249, 2.14861416817, 2.51163387299, 4.78562116623, 7.14597034454, 2.3998773098, 1.14165139198, 0.769959449768, 0.600917339325, 1.40034878254, 3.00222992897, 1.79474556446, 0.465143442154, 0.223683923483, 0.0898802652955, 0.0471203550696, 0.0464323014021, 0.0243451967835, 0.0215015597641, 0.00691851181909, 0.00374480080791, 0.00166393304244, 0.000329737900756, 6.81692836224e-05, 4.43045573775e-05, 9.55026043812e-05],
        "min": [1.49118934796e-21, 1.24808217762e-20, 9.17421655297e-21, 7.70997681399e-21, 4.9101512247e-20, 1.85127247465e-19, 1.13206878809e-19, 4.08810055366e-19, 2.70665051107e-19, 2.0813007789e-18, 4.37996187532e-18, 1.46038251178e-18, 2.10063095584e-18, 2.52626583902e-18, 6.19451158913e-18, 5.33955549238e-18, 2.28319447332e-18, 3.00486633759e-18, 8.59254209933e-18, 6.93353790944e-18, 4.6390762022e-18, 1.13795212054e-17, 1.67036683909e-17, 1.74232873996e-17, 1.61070858808e-17, 1.32847869898e-17, 1.52466476445e-17, 2.15209151611e-17, 2.28587606879e-17, 1.73612670517e-17, 3.17218967267e-17, 1.61467690435e-17, 1.38318768023e-17, 1.30431840764e-17, 1.07288452191e-17, 6.68542260316e-18, 3.19142162191e-18, 1.33030484493e-18, 2.9018576393e-19, 3.54392317946e-20],
        "stdev": [2.42889380455, 5.78073835373, 5.06275701523, 26.7073554993, 36.7395172119, 34.43932724, 34.7434272766, 31.1926746368, 56.6526908875, 17.7174949646, 8.68372249603, 6.77767419815, 8.95899868011, 8.69430446625, 5.01290988922, 6.24081516266, 10.8259944916, 17.8639068604, 45.9913978577, 13.3901729584, 2.0208978653, 1.0801204443, 1.20806479454, 5.52891302109, 10.2338581085, 3.69290328026, 0.804511010647, 0.438523620367, 0.23235681653, 0.181566476822, 0.198882609606, 0.0905275121331, 0.0517286397517, 0.0274762045592, 0.0212160460651, 0.00664650648832, 0.00204394268803, 0.00075577525422, 4.68330108561e-05, 0.000101396064565],
        "var": [5.89952516556, 33.416934967, 25.6315097809, 713.282836914, 1349.79223633, 1186.06726074, 1207.10571289, 972.982971191, 3209.52734375, 313.909606934, 75.4070281982, 45.936870575, 80.2636566162, 75.5909347534, 25.1292667389, 38.9477729797, 117.202148438, 319.119140625, 2115.20874023, 179.296722412, 4.08402776718, 1.16666018963, 1.459420681, 30.5688800812, 104.73184967, 13.6375341415, 0.647237956524, 0.192302957177, 0.0539896897972, 0.0329663865268, 0.0395542904735, 0.00819523073733, 0.00267585203983, 0.000754941778723, 0.000450120598543, 4.41760494141e-05, 4.17770161221e-06, 5.71196267174e-07, 2.19333107232e-09, 1.02811616998e-08]
    },
    "gfcc": {
        "mean": [-56.0866317749, 168.669265747, -85.8160705566, 41.7199630737, -32.4006347656, -5.4273648262, -23.7228431702, -4.4775800705, -15.140086174, 9.41551971436, 4.65016841888, -14.4900865555, 1.36408221722],
        "cov": [[3801.2434082, -166.274139404, -93.3830337524, 187.701324463, -101.040794373, 196.085739136, -27.0760746002, 126.696350098, -78.4540634155, 29.6557178497, 115.122131348, 45.6892166138, -4.51290464401], [-166.274139404, 390.69152832, -24.1183929443, -119.408996582, 94.9900436401, -52.6451950073, 89.8003082275, -67.8655929565, 62.6477890015, -31.5527553558, 15.4933166504, -68.4785003662, 62.4467506409], [-93.3830337524, -24.1183929443, 161.532409668, 22.5038871765, 4.1503238678, -4.88411045074, -4.63655233383, 31.1959590912, 10.504942894, -26.8422355652, -6.19460964203, 29.0939311981, -12.845293045], [187.701324463, -119.408996582, 22.5038871765, 128.432754517, -37.8648262024, 8.32298660278, -27.6835689545, 23.1982975006, -21.7417068481, -22.541343689, 5.6272187233, 29.6335296631, -32.0351829529], [-101.040794373, 94.9900436401, 4.1503238678, -37.8648262024, 138.499298096, 20.54155159, 58.0431785583, -6.56801223755, 39.5772590637, 14.9958820343, -12.499663353, -25.0257854462, 46.4102134705], [196.085739136, -52.6451950073, -4.88411045074, 8.32298660278, 20.54155159, 84.2043762207, 28.0171661377, 14.5873994827, -14.3504829407, 6.98405599594, 6.71905612946, 0.439266234636, 7.72648143768], [-27.0760746002, 89.8003082275, -4.63655233383, -27.6835689545, 58.0431785583, 28.0171661377, 127.560646057, 9.95825767517, 40.8840942383, -14.4990253448, 26.2786560059, 8.95671272278, 38.9334411621], [126.696350098, -67.8655929565, 31.1959590912, 23.1982975006, -6.56801223755, 14.5873994827, 9.95825767517, 79.3417434692, 26.6116085052, 4.52412891388, -7.54012060165, 33.6127662659, 1.57148325443], [-78.4540634155, 62.6477890015, 10.504942894, -21.7417068481, 39.5772590637, -14.3504829407, 40.8840942383, 26.6116085052, 99.7935638428, 14.5692634583, 5.76594638824, 25.8448467255, 36.6964569092], [29.6557178497, -31.5527553558, -26.8422355652, -22.541343689, 14.9958820343, 6.98405599594, -14.4990253448, 4.52412891388, 14.5692634583, 89.2160797119, 5.69112348557, -5.72782611847, 7.41151237488], [115.122131348, 15.4933166504, -6.19460964203, 5.6272187233, -12.499663353, 6.71905612946, 26.2786560059, -7.54012060165, 5.76594638824, 5.69112348557, 83.5751190186, 13.458147049, 12.0434360504], [45.6892166138, -68.4785003662, 29.0939311981, 29.6335296631, -25.0257854462, 0.439266234636, 8.95671272278, 33.6127662659, 25.8448467255, -5.72782611847, 13.458147049, 92.8756561279, 6.70688152313], [-4.51290464401, 62.4467506409, -12.845293045, -32.0351829529, 46.4102134705, 7.72648143768, 38.9334411621, 1.57148325443, 36.6964569092, 7.41151237488, 12.0434360504, 6.70688152313, 78.0976715088]],
        "icov": [[0.000425749807619, -0.000754000386223, 0.000368445151253, -0.000781946990173, 0.000294915371342, -0.00128568836953, 0.000640711805318, -0.0011386256665, 0.000525059062056, -0.000348056899384, -0.000476324377814, -0.000287317758193, -9.27607761696e-05], [-0.000754000386223, 0.0103881498799, -0.000815112143755, 0.00582607928663, -0.00247517437674, 0.00754720298573, -0.00478105572984, 0.00662961462513, -0.00514259003103, 0.00526327406988, -0.00092666601995, 0.00578814698383, -0.00155714340508], [0.000368445151253, -0.000815112143755, 0.00824307836592, -0.000436542759417, -0.00229228590615, -0.000586136651691, 0.00230224221013, -0.00415007118136, 0.00034331108327, 0.00265638390556, -0.00123290601186, -0.00247166655026, 0.00219475408085], [-0.000781946990173, 0.00582607928663, -0.000436542759417, 0.0149442953989, -0.00228401296772, 0.00342035177164, -1.07772830233e-05, 0.00118235789705, -0.00172796740662, 0.00620088959113, -0.00226871366613, -2.92747408821e-05, 0.00293087726459], [0.000294915371342, -0.00247517437674, -0.00229228590615, -0.00228401296772, 0.0150780361146, -0.00479583349079, -0.00402348022908, 0.00184226315469, -0.00257859728299, -0.0043762861751, 0.00478943437338, 0.00341560528614, -0.00523975258693], [-0.00128568836953, 0.00754720298573, -0.000586136651691, 0.00342035177164, -0.00479583349079, 0.0235074944794, -0.00838041864336, 0.00148524506949, 0.00298984069377, 0.00123486388475, -0.0003328374587, 0.00358689320274, -0.00190895807464], [0.000640711805318, -0.00478105572984, 0.00230224221013, -1.07772830233e-05, -0.00402348022908, -0.00838041864336, 0.0176978632808, -0.00563161820173, -0.00137882097624, 0.0035796801094, -0.00537715340033, -0.00390325463377, 0.000217403285205], [-0.0011386256665, 0.00662961462513, -0.00415007118136, 0.00118235789705, 0.00184226315469, 0.00148524506949, -0.00563161820173, 0.0255142226815, -0.00944569800049, 0.000453515298432, 0.00490071531385, 0.000180062532309, -0.000887956819497], [0.000525059062056, -0.00514259003103, 0.00034331108327, -0.00172796740662, -0.00257859728299, 0.00298984069377, -0.00137882097624, -0.00944569800049, 0.0216388497502, -0.0055497228168, -0.000191577099031, -0.00685281865299, -0.00341891031712], [-0.000348056899384, 0.00526327406988, 0.00265638390556, 0.00620088959113, -0.0043762861751, 0.00123486388475, 0.0035796801094, 0.000453515298432, -0.0055497228168, 0.0180231258273, -0.00394018134102, 0.00272258534096, 0.000707762781531], [-0.000476324377814, -0.00092666601995, -0.00123290601186, -0.00226871366613, 0.00478943437338, -0.0003328374587, -0.00537715340033, 0.00490071531385, -0.000191577099031, -0.00394018134102, 0.0166647266597, -0.00171783217229, -0.00260957470164], [-0.000287317758193, 0.00578814698383, -0.00247166655026, -2.92747408821e-05, 0.00341560528614, 0.00358689320274, -0.00390325463377, 0.000180062532309, -0.00685281865299, 0.00272258534096, -0.00171783217229, 0.019785432145, -0.00397832365707], [-9.27607761696e-05, -0.00155714340508, 0.00219475408085, 0.00293087726459, -0.00523975258693, -0.00190895807464, 0.000217403285205, -0.000887956819497, -0.00341891031712, 0.000707762781531, -0.00260957470164, -0.00397832365707, 0.021102918312]]
    },
    "melbands": {
        "dmean": [0.0147804105654, 0.00225839577615, 0.00204392918386, 0.000823387876153, 0.000572580145672, 0.000353780109435, 0.000445535260951, 8.53632154758e-05, 3.05316425511e-05, 1.76045086846e-05, 2.75476431852e-05, 1.81707328011e-05, 6.49143021292e-06, 4.99086308992e-06, 7.8794255387e-06, 5.36466677659e-06, 1.13405985758e-05, 1.99771984626e-05, 8.51661297929e-06, 2.32976276493e-06, 8.25647191505e-07, 5.91034392983e-07, 4.64893275876e-07, 4.79907953377e-07, 1.43282022691e-06, 2.70298869509e-06, 1.67327891631e-06, 6.16383545093e-07, 2.11767599012e-07, 1.35303935167e-07, 8.22474675033e-08, 5.36535829099e-08, 2.75034182096e-08, 2.63607553563e-08, 2.77476761568e-08, 2.06724291019e-08, 1.34094833015e-08, 1.52476165027e-08, 5.91927173943e-09, 6.42498543257e-09],
        "dmean2": [0.0263570342213, 0.00383167574182, 0.00346254371107, 0.00138630822767, 0.000932720373385, 0.000581162807066, 0.000728121201973, 0.000141468524816, 5.19718523719e-05, 3.05645226035e-05, 4.70324048365e-05, 3.04409059027e-05, 1.11837280201e-05, 8.75807654666e-06, 1.30854587042e-05, 8.78631635715e-06, 1.80074712262e-05, 3.2085012208e-05, 1.39159255923e-05, 3.73670673071e-06, 1.3794114011e-06, 1.00713384654e-06, 7.85821612226e-07, 8.15672137833e-07, 2.45276987698e-06, 4.35509537056e-06, 2.68090252575e-06, 9.48031924963e-07, 3.4986462083e-07, 2.21978325499e-07, 1.40735849641e-07, 8.77953283407e-08, 4.63299940634e-08, 4.48356551885e-08, 4.6800440856e-08, 3.41512489399e-08, 2.17557651894e-08, 2.30173125004e-08, 9.1778096234e-09, 9.71149560769e-09],
        "dvar": [0.000267041701591, 1.10889213829e-05, 1.46992051668e-05, 1.98177303901e-06, 4.99429461343e-07, 2.5351650379e-07, 3.2216999557e-07, 2.02870538146e-08, 4.02884836603e-09, 1.76324799206e-09, 1.59295221458e-09, 1.55093904386e-09, 1.86313658945e-10, 3.33680943987e-10, 4.7478104781e-10, 3.30967642181e-10, 5.52643764085e-10, 2.39637665267e-09, 6.24748530687e-10, 4.89868666464e-11, 1.43830596305e-12, 1.12407750209e-12, 6.31579966277e-13, 6.31820062848e-13, 1.3556027828e-11, 2.85064003652e-11, 8.57510330105e-12, 1.30137881808e-12, 1.3349117276e-13, 5.70814757766e-14, 3.64779041662e-14, 1.24546352371e-14, 2.76672809012e-15, 2.55492940748e-15, 5.30016467184e-15, 2.35676626123e-15, 5.99906743849e-16, 6.42423933213e-16, 1.58650713624e-16, 3.72592085215e-16],
        "dvar2": [0.000804521318059, 2.86620488623e-05, 3.93257541873e-05, 5.70467454963e-06, 1.27042972053e-06, 6.64716480969e-07, 8.60345096498e-07, 5.58902542025e-08, 1.13126858992e-08, 4.98281638173e-09, 4.66803173893e-09, 4.53509052534e-09, 5.12006437248e-10, 9.78827241482e-10, 1.32725619384e-09, 9.24697485249e-10, 1.2550018802e-09, 6.11923089977e-09, 1.57082613583e-09, 8.96225732516e-11, 3.87635843563e-12, 3.00523906975e-12, 1.65502691846e-12, 1.76146402152e-12, 4.08578691713e-11, 7.38530278599e-11, 1.98058722201e-11, 2.55118647562e-12, 3.11655486574e-13, 1.3993683599e-13, 9.96814054368e-14, 3.21974130029e-14, 7.83023514463e-15, 7.58314716359e-15, 1.54386391366e-14, 6.1863495995e-15, 1.52775235174e-15, 1.35684767865e-15, 3.85647324621e-16, 6.76116468635e-16],
        "max": [0.140454053879, 0.0650289431214, 0.0486729554832, 0.0333988554776, 0.0107995830476, 0.00476973084733, 0.00750913470984, 0.00219864188693, 0.000914665288292, 0.000695012509823, 0.000451097788755, 0.000670006731525, 0.000193428815692, 0.000453757063951, 0.000459319126094, 0.000423023331678, 0.00053184729768, 0.000853075354826, 0.000392611167626, 0.000208158307942, 1.61220486916e-05, 1.44980213008e-05, 8.79889284988e-06, 1.13238629638e-05, 5.02273433085e-05, 7.05811253283e-05, 5.73568613618e-05, 2.26460761041e-05, 9.38420544117e-06, 3.30710372509e-06, 2.65720677817e-06, 1.70081261786e-06, 7.27970700609e-07, 9.48544482071e-07, 1.58533737249e-06, 1.2159449625e-06, 3.28838865471e-07, 4.03780376246e-07, 3.63710000784e-07, 5.59718728255e-07],
        "mean": [0.017971644178, 0.00363980932161, 0.00335256173275, 0.00168732879683, 0.00105400814209, 0.000653369177599, 0.000740643998142, 0.000132440749439, 4.80254784634e-05, 2.66719689535e-05, 4.23206947744e-05, 2.72111192317e-05, 9.74097383732e-06, 7.81762719271e-06, 1.29237059809e-05, 8.65586935106e-06, 2.10936723306e-05, 3.50029731635e-05, 1.32834920805e-05, 4.17876754e-06, 1.45888475345e-06, 1.07095320345e-06, 8.92816387932e-07, 9.8820362382e-07, 2.63493643615e-06, 5.30304350832e-06, 4.20492915509e-06, 1.338144898e-06, 4.88440321078e-07, 3.02987785972e-07, 1.69525293359e-07, 1.17598560223e-07, 6.24620781764e-08, 6.85510030962e-08, 7.06770819647e-08, 5.02776877909e-08, 3.37372298986e-08, 3.51883109317e-08, 1.29948167782e-08, 1.3381887598e-08],
        "median": [0.0128327319399, 0.00244630291127, 0.00215313839726, 0.000702795106918, 0.000682580517605, 0.000353667186573, 0.000484166870592, 7.71742415964e-05, 2.84991583612e-05, 1.53239470819e-05, 2.71551725746e-05, 1.46610436786e-05, 4.27626673627e-06, 4.26485757998e-06, 5.79725201533e-06, 3.9312581066e-06, 7.55450901124e-06, 1.20758522826e-05, 4.13730731452e-06, 1.79380026566e-06, 1.01135492514e-06, 7.4843484299e-07, 4.99713507907e-07, 5.4479960454e-07, 9.78200091595e-07, 2.05681317311e-06, 2.02252840609e-06, 8.20833633952e-07, 2.88785884095e-07, 1.72122085473e-07, 1.02240719002e-07, 5.34246815675e-08, 2.4806428911e-08, 2.59724064477e-08, 2.70718345519e-08, 1.86758821741e-08, 1.30178454683e-08, 1.68751999041e-08, 7.27063342865e-09, 5.0051287559e-09],
        "min": [1.55889958924e-23, 9.06789615209e-24, 2.08005522147e-24, 8.59328193277e-24, 5.37881534452e-24, 7.80857753565e-24, 6.04341606324e-24, 2.56845742779e-23, 3.36752193328e-23, 7.21646169564e-24, 1.04924898056e-23, 8.89152026431e-24, 2.26942550217e-23, 1.45347732227e-23, 7.91583658635e-24, 5.08110436649e-24, 5.27377299297e-24, 1.43827818144e-23, 1.15237826554e-23, 5.91674708997e-24, 5.40135112843e-24, 1.10739497125e-23, 1.38780559855e-23, 1.80786172435e-23, 1.35568081591e-23, 1.05663650517e-23, 1.22116575318e-23, 8.51162141844e-24, 1.01381121878e-23, 8.59565324865e-24, 1.50527250936e-23, 1.51234417406e-23, 1.03959111427e-23, 8.44173623085e-24, 2.27634886102e-23, 1.03555648517e-23, 9.78827761985e-24, 9.5265880029e-24, 9.32890340435e-24, 1.1880254699e-23],
        "stdev": [0.0180408153683, 0.00399043876678, 0.0039885090664, 0.00320261577144, 0.00109457771759, 0.000744117132854, 0.00077721598791, 0.000169328937773, 6.49132489343e-05, 4.21648546762e-05, 4.82825671497e-05, 4.15314534621e-05, 1.63355689438e-05, 1.58399052452e-05, 2.47574680543e-05, 1.81531504495e-05, 3.88183616451e-05, 7.50866529415e-05, 3.14641220029e-05, 1.0184677194e-05, 1.59602222993e-06, 1.2119018038e-06, 1.04887612906e-06, 1.11112194645e-06, 4.85838108943e-06, 8.62742399477e-06, 6.37497487332e-06, 1.81544623956e-06, 5.55392546175e-07, 3.59995141253e-07, 2.16641225848e-07, 1.65325928947e-07, 9.08374886421e-08, 1.11613964293e-07, 1.28362060536e-07, 8.91420839366e-08, 4.82899054077e-08, 4.60907649824e-08, 1.95091800492e-08, 2.96660811472e-08],
