{
"lowlevel": {
    "average_loudness": 0.980251848698,
    "barkbands_crest": {
        "dmean": 2.77910041809,
        "dmean2": 4.33972740173,
        "dvar": 7.49551010132,
        "dvar2": 16.7445106506,
        "max": 25.5888500214,
        "mean": 12.1373634338,
        "median": 11.4600563049,
        "min": 2.30834698677,
        "stdev": 5.15970754623,
        "var": 26.6225795746
    },
    "barkbands_flatness_db": {
        "dmean": 0.0258229374886,
        "dmean2": 0.0379422605038,
        "dvar": 0.000748894875869,
        "dvar2": 0.00130047637504,
        "max": 0.345806419849,
        "mean": 0.117100171745,
        "median": 0.110050208867,
        "min": 0.0186732914299,
        "stdev": 0.0554311163723,
        "var": 0.00307260849513
    },
    "barkbands_kurtosis": {
        "dmean": 4.99220180511,
        "dmean2": 7.48859071732,
        "dvar": 247.243927002,
        "dvar2": 482.188964844,
        "max": 251.936477661,
        "mean": 6.60013055801,
        "median": 0.688062667847,
        "min": -1.92008423805,
        "stdev": 22.9827423096,
        "var": 528.206420898
    },
    "barkbands_skewness": {
        "dmean": 0.675626933575,
        "dmean2": 1.00498044491,
        "dvar": 1.05509853363,
        "dvar2": 1.9314558506,
        "max": 13.4748630524,
        "mean": 1.64923560619,
        "median": 1.2579843998,
        "min": -4.22689962387,
        "stdev": 2.0052587986,
        "var": 4.02106285095
    },
    "barkbands_spread": {
        "dmean": 9.08649349213,
        "dmean2": 13.9225692749,
        "dvar": 115.365776062,
        "dvar2": 221.505737305,
        "max": 130.042938232,
        "mean": 36.7499046326,
        "median": 34.3161048889,
        "min": 0.96596801281,
        "stdev": 19.9071426392,
        "var": 396.294311523
    },
    "dissonance": {
        "dmean": 0.0147630935535,
        "dmean2": 0.0243711229414,
        "dvar": 0.000311360869091,
        "dvar2": 0.000757526839152,
        "max": 0.500000119209,
        "mean": 0.469866394997,
        "median": 0.476986825466,
        "min": 0.293204784393,
        "stdev": 0.0242859702557,
        "var": 0.000589808390941
    },
    "dynamic_complexity": 1.65509533882,
    "erbbands_crest": {
        "dmean": 2.88374757767,
        "dmean2": 4.38572835922,
        "dvar": 7.5361623764,
        "dvar2": 16.5795497894,
        "max": 28.525094986,
        "mean": 9.90666389465,
        "median": 8.74238967896,
        "min": 2.33549690247,
        "stdev": 5.46620559692,
        "var": 29.879404068
    },
    "erbbands_flatness_db": {
        "dmean": 0.0161737184972,
        "dmean2": 0.0235637538135,
        "dvar": 0.000230288613238,
        "dvar2": 0.000463651143946,
        "max": 0.257704675198,
        "mean": 0.120462827384,
        "median": 0.11724691093,
        "min": 0.0438180416822,
        "stdev": 0.0392758660018,
        "var": 0.00154259358533
    },
    "erbbands_kurtosis": {
        "dmean": 0.92144715786,
        "dmean2": 1.366720438,
        "dvar": 1.61255180836,
        "dvar2": 3.08120107651,
        "max": 24.5046520233,
        "mean": 0.461952865124,
        "median": -0.163722038269,
        "min": -1.5890468359,
        "stdev": 1.96868002415,
        "var": 3.87570095062
    },
    "erbbands_skewness": {
        "dmean": 0.340203523636,
        "dmean2": 0.496351450682,
        "dvar": 0.124919489026,
        "dvar2": 0.250010728836,
        "max": 2.97821140289,
        "mean": -0.0553752668202,
        "median": -0.196242213249,
        "min": -4.57830381393,
        "stdev": 0.758469462395,
        "var": 0.575275957584
    },
    "erbbands_spread": {
        "dmean": 10.8958568573,
        "dmean2": 15.9120550156,
        "dvar": 130.032272339,
        "dvar2": 285.246704102,
        "max": 161.552200317,
        "mean": 48.9834060669,
        "median": 42.9166107178,
        "min": 9.76834487915,
        "stdev": 22.7284526825,
        "var": 516.582519531
    },
    "hfc": {
        "dmean": 16.3873691559,
        "dmean2": 22.6854190826,
        "dvar": 707.545959473,
        "dvar2": 1121.85644531,
        "max": 557.00994873,
        "mean": 53.5825958252,
        "median": 48.0823135376,
        "min": 1.15424094461e-16,
        "stdev": 47.768157959,
        "var": 2281.796875
    },
    "loudness_ebu128": {
        "integrated": -8.01756572723,
        "loudness_range": 1.24149274826,
        "momentary": {
            "dmean": 0.406150132418,
            "dmean2": 0.535427093506,
            "dvar": 0.158879339695,
            "dvar2": 0.217732995749,
            "max": -6.51591300964,
            "mean": -8.16916370392,
            "median": -8.03144836426,
            "min": -14.8381118774,
            "stdev": 1.29856431484,
            "var": 1.68626928329
        },
        "short_term": {
            "dmean": 0.0554903149605,
            "dmean2": 0.0578777380288,
            "dvar": 0.00182462960947,
            "dvar2": 0.00191415578593,
            "max": -7.32320022583,
            "mean": -8.05121517181,
            "median": -7.93480396271,
            "min": -9.69142150879,
            "stdev": 0.501812040806,
            "var": 0.251815319061
        }
    },
    "melbands_crest": {
        "dmean": 3.78480505943,
        "dmean2": 5.33654260635,
        "dvar": 15.2907953262,
        "dvar2": 28.0468711853,
        "max": 37.5493392944,
        "mean": 19.5574436188,
        "median": 18.4170150757,
        "min": 2.3073182106,
        "stdev": 8.60066986084,
        "var": 73.9715270996
    },
    "melbands_flatness_db": {
        "dmean": 0.0315339304507,
        "dmean2": 0.0457699857652,
        "dvar": 0.00125502934679,
        "dvar2": 0.00231726351194,
        "max": 0.460277199745,
        "mean": 0.177605912089,
        "median": 0.166739970446,
        "min": 0.00799660850316,
        "stdev": 0.0756572112441,
        "var": 0.00572401331738
    },
    "melbands_kurtosis": {
        "dmean": 17.7024784088,
        "dmean2": 26.0645484924,
        "dvar": 3363.57397461,
        "dvar2": 6769.55517578,
        "max": 1184.48132324,
        "mean": 30.113067627,
        "median": 8.74528884888,
        "min": -1.63678300381,
        "stdev": 83.4296112061,
        "var": 6960.50048828
    },
    "melbands_skewness": {
        "dmean": 1.05424463749,
        "dmean2": 1.53074038029,
        "dvar": 2.84591889381,
        "dvar2": 5.25065469742,
        "max": 30.3194389343,
        "mean": 3.53503727913,
        "median": 2.73586273193,
        "min": -0.303212016821,
        "stdev": 3.34386706352,
        "var": 11.1814470291
    },
    "melbands_spread": {
        "dmean": 10.3059673309,
        "dmean2": 16.4941596985,
        "dvar": 216.408859253,
        "dvar2": 519.515563965,
        "max": 192.717941284,
        "mean": 33.378993988,
        "median": 28.7186069489,
        "min": 0.550601243973,
        "stdev": 23.167596817,
        "var": 536.737548828
    },
    "pitch_salience": {
        "dmean": 0.0773294493556,
        "dmean2": 0.112355135381,
        "dvar": 0.00618993956596,
        "dvar2": 0.0107384556904,
        "max": 0.861644268036,
        "mean": 0.479534000158,
        "median": 0.487750679255,
        "min": 0.038731560111,
        "stdev": 0.163044571877,
        "var": 0.0265835300088
    },
    "silence_rate_20dB": {
        "dmean": 0,
        "dmean2": 0,
        "dvar": 0,
        "dvar2": 0,
        "max": 1,
        "mean": 1,
        "median": 1,
        "min": 1,
        "stdev": 0,
        "var": 0
    },
    "silence_rate_30dB": {
        "dmean": 0.0340557284653,
        "dmean2": 0.0681642144918,
        "dvar": 0.0328958556056,
        "dvar2": 0.0805588141084,
        "max": 1,
        "mean": 0.964423835278,
        "median": 1,
        "min": 0,
        "stdev": 0.185232132673,
        "var": 0.0343109406531
    },
    "silence_rate_60dB": {
        "dmean": 0.0178018584847,
        "dmean2": 0.0348566994071,
        "dvar": 0.0174847114831,
        "dvar2": 0.0444876253605,
        "max": 1,
        "mean": 0.0123743228614,
        "median": 0,
        "min": 0,
        "stdev": 0.110551118851,
        "var": 0.0122215496376
    },
    "spectral_centroid": {
        "dmean": 349.09753418,
        "dmean2": 534.881530762,
        "dvar": 248747.21875,
        "dvar2": 459785.96875,
        "max": 11633.6103516,
        "mean": 1886.7310791,
        "median": 1837.09753418,
        "min": 400.56842041,
        "stdev": 752.821044922,
        "var": 566739.5
    },
    "spectral_complexity": {
        "dmean": 6.27399396896,
        "dmean2": 9.23702526093,
        "dvar": 37.1247024536,
        "dvar2": 81.3692550659,
        "max": 50,
        "mean": 22.4176330566,
        "median": 22,
        "min": 0,
        "stdev": 9.87228393555,
        "var": 97.4619979858
    },
    "spectral_decrease": {
        "dmean": 3.33182992307e-09,
        "dmean2": 4.97753482875e-09,
        "dvar": 1.63426421038e-17,
        "dvar2": 3.47919511004e-17,
        "max": 1.64269886582e-09,
        "mean": -1.28446702163e-08,
        "median": -1.17081562223e-08,
        "min": -4.30366888793e-08,
        "stdev": 7.83262432691e-09,
        "var": 6.13500007996e-17
    },
    "spectral_energy": {
        "dmean": 0.0129259219393,
        "dmean2": 0.0192183945328,
        "dvar": 0.000231011057622,
        "dvar2": 0.000489028985612,
        "max": 0.163759484887,
        "mean": 0.0533389039338,
        "median": 0.0508038289845,
        "min": 1.05760639324e-20,
        "stdev": 0.0296710729599,
        "var": 0.000880372594111
    },
    "spectral_energyband_high": {
        "dmean": 0.00152984156739,
        "dmean2": 0.00219064112753,
        "dvar": 5.91374873693e-06,
        "dvar2": 9.94602123683e-06,
        "max": 0.0418468639255,
        "mean": 0.00371582200751,
        "median": 0.00277802185155,
        "min": 7.86606434155e-21,
        "stdev": 0.00441586971283,
        "var": 1.9499904738e-05
    },
    "spectral_energyband_low": {
        "dmean": 0.0106543628499,
        "dmean2": 0.0152664482594,
        "dvar": 0.000215727020986,
        "dvar2": 0.000436752656242,
        "max": 0.160425767303,
        "mean": 0.0285715162754,
        "median": 0.0179166570306,
        "min": 1.14673314535e-22,
        "stdev": 0.0292494166642,
        "var": 0.00085552840028
    },
    "spectral_energyband_middle_high": {
        "dmean": 0.00236507994123,
        "dmean2": 0.00330264400691,
        "dvar": 6.04103070145e-06,
        "dvar2": 1.18645812108e-05,
        "max": 0.0313203074038,
        "mean": 0.00834820140153,
        "median": 0.00801481213421,
        "min": 1.59212638533e-21,
        "stdev": 0.00602395832539,
        "var": 3.62880746252e-05
    },
    "spectral_energyband_middle_low": {
        "dmean": 0.00696606235579,
        "dmean2": 0.0112171489745,
        "dvar": 0.00013638746168,
        "dvar2": 0.000354325020453,
        "max": 0.0908265709877,
        "mean": 0.0133844949305,
        "median": 0.0107922004536,
        "min": 3.28622161284e-22,
        "stdev": 0.0122253810987,
        "var": 0.000149459941895
    },
    "spectral_entropy": {
        "dmean": 0.178659498692,
        "dmean2": 0.26404941082,
        "dvar": 0.035133946687,
        "dvar2": 0.0766430869699,
        "max": 9.80025863647,
        "mean": 8.0308303833,
        "median": 8.06507968903,
        "min": 6.75490283966,
        "stdev": 0.356925189495,
        "var": 0.12739560008
    },
    "spectral_flux": {
        "dmean": 0.0394287593663,
        "dmean2": 0.0613048560917,
        "dvar": 0.00145408627577,
        "dvar2": 0.00289266603068,
        "max": 0.364674538374,
        "mean": 0.122670821846,
        "median": 0.113184601068,
        "min": 1.02839993465e-10,
        "stdev": 0.0567506030202,
        "var": 0.00322063080966
    },
    "spectral_kurtosis": {
        "dmean": 0.625008523464,
        "dmean2": 0.966154754162,
        "dvar": 0.425168544054,
        "dvar2": 0.957016706467,
        "max": 7.03078651428,
        "mean": 1.98653078079,
        "median": 1.80005836487,
        "min": -1.20399475098,
        "stdev": 1.17116689682,
        "var": 1.37163197994
    },
    "spectral_rms": {
        "dmean": 0.000906510511413,
        "dmean2": 0.00130946189165,
        "dvar": 1.04101297893e-06,
        "dvar2": 1.87888394976e-06,
        "max": 0.0126398317516,
        "mean": 0.00687047932297,
        "median": 0.00704022077844,
        "min": 3.21218160577e-12,
        "stdev": 0.00219875248149,
        "var": 4.83451231048e-06
    },
    "spectral_rolloff": {
        "dmean": 1020.47821045,
        "dmean2": 1688.47924805,
        "dvar": 2982183,
        "dvar2": 6097798,
        "max": 18303.2226562,
        "mean": 2521.46875,
        "median": 1937.98828125,
        "min": 64.599609375,
        "stdev": 2600.08349609,
        "var": 6760434.5
    },
    "spectral_skewness": {
        "dmean": 0.144605368376,
        "dmean2": 0.216543540359,
        "dvar": 0.0234472956508,
        "dvar2": 0.0480046011508,
        "max": 2.20881843567,
        "mean": 1.23887574673,
        "median": 1.20717787743,
        "min": -0.301392793655,
        "stdev": 0.293879747391,
        "var": 0.0863653123379
    },
    "spectral_spread": {
        "dmean": 784986.4375,
        "dmean2": 1142329.625,
        "dvar": 1.67151481651e+12,
        "dvar2": 2.33312721306e+12,
        "max": 40805068,
        "mean": 7039942,
        "median": 6744520.5,
        "min": 3724679.25,
        "stdev": 1954946.625,
        "var": 3.82181625037e+12
    },
    "spectral_strongpeak": {
        "dmean": 0.64908182621,
        "dmean2": 1.12401866913,
        "dvar": 1.77070713043,
        "dvar2": 4.22571659088,
        "max": 11.7442493439,
        "mean": 1.07279121876,
        "median": 0.443759053946,
        "min": 0,
        "stdev": 1.6645655632,
        "var": 2.77077865601
    },
    "zerocrossingrate": {
        "dmean": 0.0189012456685,
        "dmean2": 0.0210006330162,
        "dvar": 0.000633208430372,
        "dvar2": 0.000659394019749,
        "max": 0.55712890625,
        "mean": 0.0927507802844,
        "median": 0.08544921875,
        "min": 0.0029296875,
        "stdev": 0.0592623688281,
        "var": 0.00351202837192
    },
    "barkbands": {
        "dmean": [0.00149270612746, 0.0095517039299, 0.00278648221865, 0.00163243443239, 0.00339941959828, 0.00111300870776, 0.00127288512886, 0.00099636381492, 0.00116260978393, 0.000381921243388, 0.000329991948092, 0.000350489921402, 0.000498747511301, 0.000457035173895, 0.00103344407398, 0.0009063789621, 0.000350480608176, 0.000162497424753, 0.000172676678631, 0.000250481214607, 0.000242875044933, 0.000222378468607, 0.000259751162957, 0.00031753294752, 0.000362763297744, 0.000309536902932, 2.7702864827e-05],
        "dmean2": [0.00209045992233, 0.013186795637, 0.00508828740567, 0.00291141914204, 0.0059127821587, 0.00169807416387, 0.00208075880073, 0.00155841908418, 0.0015887466725, 0.000600228959229, 0.00054771930445, 0.000529950833879, 0.000734739005566, 0.000703792378772, 0.00155361392535, 0.00141154893208, 0.000555573205929, 0.000266908929916, 0.000272576959105, 0.00040134813753, 0.000390682922443, 0.000346692919265, 0.000417069997638, 0.000486591306981, 0.000541718211025, 0.000420301716076, 4.03099656978e-05],
        "dvar": [3.81642212233e-06, 0.000193643340026, 6.72132300679e-05, 2.08227866096e-05, 5.98021724727e-05, 3.54383564627e-06, 7.85883912613e-06, 7.37764776204e-06, 6.43710200166e-06, 1.00710724382e-06, 6.19626462139e-07, 4.13736131577e-07, 1.29862564791e-06, 1.00843919881e-06, 3.36369066645e-06, 2.63654646915e-06, 2.50342452546e-07, 7.43257899671e-08, 3.95411987597e-08, 9.65201607528e-08, 9.28695627067e-08, 6.51290577025e-08, 1.67458424016e-07, 3.04961162101e-07, 7.32330875053e-07, 1.13069654617e-06, 1.63773297146e-08],
        "dvar2": [6.30323756923e-06, 0.000379591510864, 0.00018685410032, 5.89827104704e-05, 0.000166256693774, 7.34536661184e-06, 1.89448746823e-05, 1.73108146555e-05, 1.15608127089e-05, 2.22226572077e-06, 1.16986211651e-06, 9.02771773781e-07, 2.67061841441e-06, 2.10863436223e-06, 6.61192279949e-06, 5.98361748416e-06, 5.59592763238e-07, 2.04315000474e-07, 9.81473604611e-08, 2.39589127204e-07, 2.4253026254e-07, 1.62812185067e-07, 4.11055793847e-07, 5.71739462885e-07, 1.24324867556e-06, 1.60982790476e-06, 3.05183291971e-08],
        "max": [0.0189778916538, 0.154713496566, 0.0681793093681, 0.0473349355161, 0.062168713659, 0.0269954111427, 0.0349713414907, 0.0433281324804, 0.0422126017511, 0.0125797688961, 0.0162022039294, 0.00951547641307, 0.0170064717531, 0.0152271809056, 0.0252942629158, 0.017465909943, 0.00671945372596, 0.00383015885018, 0.00256193126552, 0.00410014018416, 0.00414486555383, 0.00229405751452, 0.00626652687788, 0.0104775950313, 0.0144832851365, 0.0289206597954, 0.00413964316249],
        "mean": [0.00294481986202, 0.0228916201741, 0.00211125076748, 0.00143385410774, 0.00401559704915, 0.00210837321356, 0.00230062473565, 0.00125538161956, 0.00215004594065, 0.000524948874954, 0.000445714365924, 0.00057481310796, 0.0008006815915, 0.000685519655235, 0.00167384138331, 0.00222728447989, 0.000642980332486, 0.000266192888375, 0.000311353593133, 0.000516969477758, 0.000524635543115, 0.000480683578644, 0.000526742136572, 0.000666740466841, 0.00072529836325, 0.000498539535329, 3.43979154422e-05],
        "median": [0.000718763971236, 0.0134935164824, 0.00046186245163, 0.00036252225982, 0.00145848630928, 0.000642488943413, 0.0004904770758, 0.000318704056554, 0.000374293653294, 0.000165892997757, 0.000194947904674, 0.000223452050705, 0.000226010713959, 0.000226226635277, 0.000455753557617, 0.000451244733995, 0.000397836061893, 0.000206647513551, 0.000232160455198, 0.000324923050357, 0.000426592887379, 0.000386289873859, 0.000367918401025, 0.000433617649833, 0.000417806877522, 0.000160746581969, 7.86341479397e-06],
        "min": [4.27281839256e-23, 5.66599282066e-23, 2.73302375227e-23, 6.94756267888e-24, 7.43967399085e-23, 9.46243073434e-23, 4.52538577978e-23, 1.27189858129e-23, 6.74749714035e-23, 7.16095365581e-23, 6.42604894324e-23, 9.59869351839e-23, 2.64021319392e-22, 7.48972437538e-23, 1.43696857768e-22, 1.34415347549e-22, 1.48783041609e-22, 2.47824149607e-22, 2.31280865522e-22, 2.54584144828e-22, 4.04185039559e-22, 4.44059320367e-22, 5.21822981728e-22, 7.35956131628e-22, 1.28019053808e-21, 2.33190555147e-21, 2.16259464517e-21],
        "stdev": [0.00400036759675, 0.0257968865335, 0.00646193232387, 0.00365389953367, 0.00706594530493, 0.00351679488085, 0.0042968983762, 0.00294867204502, 0.00436360016465, 0.00133638083935, 0.000947882130276, 0.000998135772534, 0.00173113890924, 0.00135461403988, 0.00263529177755, 0.00344761251472, 0.000724870187696, 0.000271369121037, 0.00027122173924, 0.000586073612794, 0.000431456428487, 0.00040208248538, 0.000601059815381, 0.000949435401708, 0.00139621726703, 0.00166560441721, 0.000165441291756],
        "var": [1.60029412655e-05, 0.000665479339659, 4.17565679527e-05, 1.33509811349e-05, 4.99275847687e-05, 1.23678455566e-05, 1.84633354365e-05, 8.69466657605e-06, 1.90410082723e-05, 1.78591380973e-06, 8.98480493561e-07, 9.9627493455e-07, 2.99684211313e-06, 1.8349792299e-06, 6.94476239005e-06, 1.18860316434e-05, 5.254368034e-07, 7.36411962521e-08, 7.35612317726e-08, 3.43482270182e-07, 1.86154650805e-07, 1.61670314469e-07, 3.61272896043e-07, 9.01427540612e-07, 1.94942253984e-06, 2.77423805528e-06, 2.73708220533e-08]
    },
    "erbbands": {
        "dmean": [0.469096332788, 1.63821196556, 2.65611934662, 4.66084718704, 7.94199419022, 13.3103322983, 11.473072052, 8.84897994995, 9.44656848907, 27.2325134277, 19.6846733093, 27.1194210052, 16.214799881, 13.4408922195, 9.69392967224, 14.1632852554, 18.6514720917, 24.6904335022, 23.8958454132, 60.6599807739, 36.5957107544, 19.0061988831, 8.77999305725, 8.97863960266, 9.10070037842, 11.7226362228, 9.75483322144, 9.85655212402, 8.25357627869, 7.56511211395, 7.6206612587, 6.70808935165, 5.32481241226, 4.29302549362, 2.58246541023, 1.39641666412, 0.615502119064, 0.0959856137633, 0.00296426238492, 7.83305731602e-05],
        "dmean2": [0.608255803585, 2.39711236954, 4.61070823669, 8.22308254242, 14.2062854767, 23.1802654266, 19.1241455078, 13.0468702316, 15.0003356934, 43.2776527405, 31.4293212891, 37.7481155396, 23.0806236267, 20.5875205994, 15.0525512695, 20.700296402, 26.6798439026, 37.9907188416, 37.6248168945, 82.0001602173, 52.027469635, 29.500995636, 14.5015554428, 14.4799528122, 14.4654169083, 18.8134651184, 15.1412153244, 15.9864215851, 12.6652593613, 12.1709804535, 12.1534309387, 10.3399038315, 8.16031551361, 6.38013315201, 3.88253498077, 1.96867799759, 0.822236955166, 0.127426430583, 0.00414905929938, 0.000105930637801],
        "dvar": [0.457509756088, 5.7784485817, 48.9030303955, 163.862564087, 511.443145752, 825.800231934, 393.183898926, 358.733306885, 344.408874512, 3177.50146484, 3585.99658203, 4433.38134766, 1327.70568848, 679.365966797, 731.26739502, 684.286193848, 1762.32995605, 3698.90478516, 1753.16577148, 11495.7539062, 3505.61181641, 796.281433105, 254.900680542, 116.431549072, 128.70539856, 243.398651123, 127.529907227, 173.462097168, 91.8131866455, 100.187355042, 156.549942017, 136.834854126, 94.0653152466, 86.7691802979, 42.2954711914, 15.0369577408, 6.29024744034, 0.164491713047, 0.000171548730577, 8.34426501228e-08],
        "dvar2": [0.80115789175, 12.3187799454, 133.562103271, 443.399780273, 1444.53710938, 2298.00854492, 1008.77911377, 692.655700684, 825.928649902, 7369.24169922, 8805.01269531, 8207.09277344, 2638.97363281, 1447.26245117, 1174.5793457, 1461.08679199, 3401.48730469, 8236.58105469, 4231.17675781, 20094.9882812, 6284.25341797, 1805.24768066, 702.050964355, 287.172027588, 308.139862061, 623.440979004, 320.596191406, 459.432525635, 230.00994873, 255.101333618, 369.886871338, 276.109649658, 165.436477661, 144.491958618, 76.6624298096, 26.3030166626, 9.1632976532, 0.225377261639, 0.000265164038865, 1.18896736012e-07],
        "max": [7.02532100677, 25.2034797668, 63.1816101074, 101.162406921, 160.404602051, 237.877304077, 206.352676392, 294.06338501, 298.111022949, 646.247802734, 1046.86743164, 1013.34130859, 615.700256348, 515.152648926, 889.235107422, 322.15222168, 723.086975098, 929.659973145, 493.831115723, 1651.21118164, 869.974914551, 402.736999512, 238.276504517, 90.4810714722, 148.660903931, 243.913955688, 134.099655151, 162.333084106, 84.9003982544, 132.853897095, 218.474349976, 213.108535767, 193.83454895, 168.448944092, 109.471801758, 63.3393516541, 77.5855026245, 12.9906330109, 0.417775928974, 0.00905867759138],
        "mean": [1.14820432663, 3.16261959076, 2.6186311245, 4.16563796997, 6.91203689575, 16.7502212524, 17.3544082642, 17.4005470276, 15.3282394409, 49.9795608521, 29.9221858978, 48.7664451599, 26.8989601135, 21.0652942657, 15.2640161514, 24.7226753235, 33.4457855225, 43.103263855, 45.8530960083, 134.522079468, 98.4267730713, 39.210647583, 15.7144756317, 16.1184043884, 18.7725563049, 23.4174766541, 20.7834815979, 20.8815155029, 17.6509876251, 16.2649478912, 14.7846260071, 12.9631652832, 11.542175293, 8.43710327148, 4.92091989517, 2.29268789291, 0.95227098465, 0.144111722708, 0.00421734247357, 0.000180643677595],
        "median": [0.471067786217, 2.24150156975, 0.941013455391, 1.08259868622, 2.24301695824, 5.54033851624, 8.09575748444, 4.73980522156, 6.84710025787, 10.0867910385, 11.0230026245, 8.44760799408, 7.15169429779, 8.03063869476, 7.69776964188, 9.73607254028, 11.4007616043, 13.8639612198, 26.5202980042, 31.1471424103, 26.2544898987, 27.1764640808, 13.0555992126, 11.7768144608, 13.8564100266, 14.868683815, 16.8661937714, 16.8525066376, 14.0168075562, 11.918255806, 10.2281522751, 8.36547088623, 7.3119893074, 4.9666018486, 2.68936181068, 0.887800693512, 0.262184679508, 0.0415403358638, 0.00109325186349, 0.00011807619012],
        "min": [2.03706110149e-21, 1.20673397143e-20, 3.06550776255e-20, 2.92920455347e-20, 6.54658847991e-20, 2.54633747998e-19, 7.57779900666e-19, 6.75251367168e-19, 6.60001465395e-19, 5.59728460193e-19, 1.80204566393e-19, 1.39912037824e-18, 2.90480229889e-18, 1.65174113052e-18, 3.09986679017e-18, 4.30173416402e-18, 9.81353843843e-18, 5.93683200702e-18, 7.00150982192e-18, 6.42197881296e-18, 8.48754392827e-18, 8.18904918679e-18, 1.1349301816e-17, 1.35900439328e-17, 1.09167608019e-17, 1.10046140004e-17, 2.10060812566e-17, 1.19712994505e-17, 1.57016069076e-17, 1.48593848428e-17, 1.46841582105e-17, 1.36458041778e-17, 1.42587044799e-17, 1.36902734076e-17, 9.52092825982e-18, 7.52918653264e-18, 4.29742538021e-18, 1.28159528059e-18, 3.20923640396e-19, 3.43902730738e-20],
        "stdev": [1.39546787739, 3.68072962761, 5.89639616013, 10.6099643707, 18.0612449646, 28.1388301849, 24.5352249146, 37.4659538269, 24.0562267303, 93.9070587158, 68.9754104614, 111.315475464, 53.6621932983, 41.4229240417, 37.379070282, 42.4953155518, 65.5240325928, 84.7349090576, 60.3176765442, 214.387039185, 139.932434082, 42.2367286682, 15.5237178802, 14.4255809784, 19.0796432495, 26.4868907928, 16.9667301178, 17.5512313843, 14.8545122147, 15.8130350113, 17.8168735504, 18.5216598511, 16.8639812469, 15.5927114487, 10.0361337662, 5.79757881165, 3.84923315048, 0.608722150326, 0.0187968872488, 0.000438138813479],
        "var": [1.94733071327, 13.5477705002, 34.767490387, 112.571342468, 326.208587646, 791.793762207, 601.977233887, 1403.69775391, 578.702026367, 8818.53613281, 4757.60742188, 12391.1347656, 2879.63085938, 1715.85864258, 1397.19494629, 1805.85168457, 4293.3984375, 7180.00537109, 3638.22192383, 45961.8046875, 19581.0878906, 1783.94116211, 240.985809326, 208.097396851, 364.032775879, 701.555358887, 287.869903564, 308.04574585, 220.656539917, 250.052062988, 317.440979004, 343.051879883, 284.393890381, 243.132659912, 100.723983765, 33.6119194031, 14.8165950775, 0.370542645454, 0.000353322946467, 1.91965625618e-07]
    },
    "gfcc": {
        "mean": [63.2429199219, 37.3833427429, -97.5046157837, 36.432384491, -54.5818519592, 25.1190357208, -45.5787811279, 17.0646438599, -17.9022808075, 17.2163028717, -20.1672077179, 7.79253768921, -5.1374297142],
        "cov": [[3392.45361328, -16.5801258087, 16.4948139191, 91.6351013184, -64.6387634277, 126.366798401, -4.64443302155, 112.60521698, 6.79465055466, 30.4052581787, -168.511230469, -62.1472587585, -87.6207962036], [-16.5801258087, 826.069396973, 159.48588562, 153.704833984, 160.132995605, 58.04895401, 172.0574646, 123.00088501, 149.524520874, 69.1432266235, 54.6094779968, -27.7132053375, 12.8330020905], [16.4948139191, 159.48588562, 821.375305176, 282.825622559, 276.149658203, 147.87298584, 116.889633179, 132.817596436, 67.5442962646, 17.4851799011, 29.4364776611, 56.1582641602, -59.600982666], [91.6351013184, 153.704833984, 282.825622559, 418.033325195, 232.006378174, 78.1019134521, -5.03323173523, 67.4787902832, 99.2209777832, 10.5900297165, 9.94756698608, 48.7515525818, 82.7732086182], [-64.6387634277, 160.132995605, 276.149658203, 232.006378174, 324.700805664, 111.286994934, 25.5584087372, 101.207237244, 123.805076599, 50.7374954224, 21.6999034882, 54.693687439, 88.7420959473], [126.366798401, 58.04895401, 147.87298584, 78.1019134521, 111.286994934, 254.958114624, 215.535644531, 85.3646392822, 29.9654483795, 35.0158424377, 69.0632705688, 15.9194412231, -15.9638395309], [-4.64443302155, 172.0574646, 116.889633179, -5.03323173523, 25.5584087372, 215.535644531, 379.86239624, 106.016014099, 2.60102629662, 37.2792549133, 90.9378967285, -9.52426624298, -88.8740463257], [112.60521698, 123.00088501, 132.817596436, 67.4787902832, 101.207237244, 85.3646392822, 106.016014099, 140.650772095, 96.7022857666, 56.4818344116, 36.109790802, 17.1148357391, 13.7002029419], [6.79465055466, 149.524520874, 67.5442962646, 99.2209777832, 123.805076599, 29.9654483795, 2.60102629662, 96.7022857666, 170.98840332, 80.1533432007, 16.3049240112, 13.6986503601, 72.5489273071], [30.4052581787, 69.1432266235, 17.4851799011, 10.5900297165, 50.7374954224, 35.0158424377, 37.2792549133, 56.4818344116, 80.1533432007, 98.0635147095, 50.8445892334, 15.6011857986, 38.9935798645], [-168.511230469, 54.6094779968, 29.4364776611, 9.94756698608, 21.6999034882, 69.0632705688, 90.9378967285, 36.109790802, 16.3049240112, 50.8445892334, 120.60282135, 50.2485847473, 20.1650943756], [-62.1472587585, -27.7132053375, 56.1582641602, 48.7515525818, 54.693687439, 15.9194412231, -9.52426624298, 17.1148357391, 13.6986503601, 15.6011857986, 50.2485847473, 88.0132827759, 61.0858955383], [-87.6207962036, 12.8330020905, -59.600982666, 82.7732086182, 88.7420959473, -15.9638395309, -88.8740463257, 13.7002029419, 72.5489273071, 38.9935798645, 20.1650943756, 61.0858955383, 168.438110352]],
        "icov": [[0.000481092865812, -0.000187649857253, 0.000171274121385, -0.000399171607569, 0.000695657974575, -0.000968645326793, 0.000638835772406, -0.00102447590325, 0.000847581773996, -0.00132267887238, 0.00170378456824, -0.000827993790153, 0.000520851637702], [-0.000187649857253, 0.00210856436752, -0.000156919646543, -0.000206993237953, -0.00115336757153, 0.0020625917241, -0.00182988517918, 0.000552103447262, -0.00182680040598, 0.0013048996916, -0.00215495494194, 0.00246344157495, -0.000570009811781], [0.000171274121385, -0.000156919646543, 0.00284276902676, -0.00129899929743, -0.00156459363643, -0.000465502438601, 0.000645114574581, -0.0017006319249, 0.000925363623537, -0.000949944951572, 0.00108609267045, -0.00271601113491, 0.00368051254191], [-0.000399171607569, -0.000206993237953, -0.00129899929743, 0.00526632321998, -0.00224130484276, 3.46887245541e-05, -0.000179538998054, 0.00158773455769, -0.00239239213988, 0.00392003078014, -0.00188540539239, 0.000958059856202, -0.00227800803259], [0.000695657974575, -0.00115336757153, -0.00156459363643, -0.00224130484276, 0.010418840684, -0.00502512371168, 0.00231628958136, -0.00246478593908, -0.000365794083336, -0.00289203855209, 0.00505976704881, -0.0033141518943, -0.00212204805575], [-0.000968645326793, 0.0020625917241, -0.000465502438601, 3.46887245541e-05, -0.00502512371168, 0.0133469812572, -0.00770320929587, 0.00177436019294, -0.00168076599948, 0.00347987003624, -0.00641854247078, 0.00453895376995, -0.002098480938], [0.000638835772406, -0.00182988517918, 0.000645114574581, -0.000179538998054, 0.00231628958136, -0.00770320929587, 0.010408773087, -0.00626089982688, 0.00398645550013, -0.00244535016827, -0.00013897648023, -0.00109381123912, 0.00410149246454], [-0.00102447590325, 0.000552103447262, -0.0017006319249, 0.00158773455769, -0.00246478593908, 0.00177436019294, -0.00626089982688, 0.0220683198422, -0.0120325861499, 0.001727047842, -0.00251773325726, -0.000999372336082, -0.000142025688547], [0.000847581773996, -0.00182680040598, 0.000925363623537, -0.00239239213988, -0.000365794083336, -0.00168076599948, 0.00398645550013, -0.0120325861499, 0.0223775748163, -0.0133335124701, 0.00612938171253, 0.00118943559937, -0.00251811277121], [-0.00132267887238, 0.0013048996916, -0.000949944951572, 0.00392003078014, -0.00289203855209, 0.00347987003624, -0.00244535016827, 0.001727047842, -0.0133335124701, 0.0291277468204, -0.0154458452016, 0.00727471476421, -0.00441646575928], [0.00170378456824, -0.00215495494194, 0.00108609267045, -0.00188540539239, 0.00505976704881, -0.00641854247078, -0.00013897648023, -0.00251773325726, 0.00612938171253, -0.0154458452016, 0.0271735712886, -0.0163200516254, 0.0028198719956], [-0.000827993790153, 0.00246344157495, -0.00271601113491, 0.000958059856202, -0.0033141518943, 0.00453895376995, -0.00109381123912, -0.000999372336082, 0.00118943559937, 0.00727471476421, -0.0163200516254, 0.0298514012247, -0.0114383911714], [0.000520851637702, -0.000570009811781, 0.00368051254191, -0.00227800803259, -0.00212204805575, -0.002098480938, 0.00410149246454, -0.000142025688547, -0.00251811277121, -0.00441646575928, 0.0028198719956, -0.0114383911714, 0.017685495317]]
    },
    "melbands": {
        "dmean": [0.00324931484647, 0.0013285438763, 0.00083453010302, 0.000753134663682, 0.000443567696493, 0.000191636019736, 0.000185514669283, 0.000279324915027, 0.000153261920786, 0.000179158523679, 8.17553736852e-05, 5.50546465092e-05, 3.86801475543e-05, 3.37128367391e-05, 3.82072867069e-05, 5.94020129938e-05, 4.67151767225e-05, 3.75512281607e-05, 8.04857918411e-05, 7.79760957812e-05, 4.32170891145e-05, 2.37611820921e-05, 1.04605169327e-05, 7.38284143154e-06, 7.77753484726e-06, 6.45656155029e-06, 8.89608509169e-06, 8.16313240648e-06, 6.67040058033e-06, 6.28624047749e-06, 6.12198209637e-06, 5.12821497978e-06, 4.09741505791e-06, 4.68554571853e-06, 4.90138199893e-06, 4.07248671763e-06, 4.41220981884e-06, 3.8987550397e-06, 3.90726199839e-06, 3.83942551707e-06],
        "dmean2": [0.00436827586964, 0.00215243082494, 0.0014583512675, 0.00132326525636, 0.000747922051232, 0.000282797409454, 0.000296452926705, 0.000446209247457, 0.000242525798967, 0.000245790637564, 0.000116634342703, 8.47213741508e-05, 6.21832077741e-05, 4.84021184093e-05, 5.67696442886e-05, 8.48445051815e-05, 7.14548004908e-05, 5.88284747209e-05, 0.000117125877296, 0.000106942941784, 6.20861464995e-05, 3.71272799384e-05, 1.74977103597e-05, 1.21096400107e-05, 1.26343120428e-05, 1.02514713944e-05, 1.44304849528e-05, 1.3248738469e-05, 1.06812012746e-05, 9.98150335363e-06, 1.00527886389e-05, 8.11285735836e-06, 6.56294514556e-06, 7.68202153267e-06, 7.86897089711e-06, 6.62152979203e-06, 6.77335037835e-06, 6.04665092396e-06, 5.87385238759e-06, 5.88176453675e-06],
        "dvar": [2.20424062718e-05, 6.42884242552e-06, 4.97923429066e-06, 3.43272563441e-06, 5.88754915043e-07, 1.41948262922e-07, 1.46733341921e-07, 3.26827802155e-07, 1.98262156914e-07, 1.8105740196e-07, 3.33990257673e-08, 1.28117294551e-08, 9.10736641657e-09, 4.24060297988e-09, 6.69408573017e-09, 2.14988862268e-08, 1.38382239001e-08, 5.30210630956e-09, 2.0307410864e-08, 1.72192748948e-08, 5.36650501815e-09, 1.22319598894e-09, 4.73880823471e-10, 1.44887254971e-10, 9.11841990803e-11, 6.71553715414e-11, 1.86263407476e-10, 1.2014240991e-10, 6.35901747925e-11, 7.0202607616e-11, 6.31943039564e-11, 3.43428653571e-11, 2.61553643327e-11, 4.961292141e-11, 6.39343994413e-11, 5.06992434146e-11, 6.10561323722e-11, 4.36506560064e-11, 5.87042844891e-11, 7.51805354082e-11],
        "dvar2": [4.11329820054e-05, 1.63564182003e-05, 1.32021577883e-05, 9.6302064776e-06, 1.56542250807e-06, 2.771438119e-07, 3.53468550429e-07, 7.51256607145e-07, 4.82421910419e-07, 3.28514431658e-07, 6.47133333587e-08, 2.73960178987e-08, 1.64473963338e-08, 7.26402582529e-09, 1.39309692671e-08, 4.2568384373e-08, 2.9046265837e-08, 1.26395756084e-08, 3.89794507782e-08, 3.42212693738e-08, 9.5675778411e-09, 2.73017830565e-09, 1.3178967917e-09, 3.95883242854e-10, 2.26602570041e-10, 1.60111174319e-10, 4.65419036644e-10, 2.98267327503e-10, 1.55189666673e-10, 1.82996270914e-10, 1.71070477228e-10, 8.26596499581e-11, 6.83657852552e-11, 1.29307745067e-10, 1.56555116093e-10, 1.12292806997e-10, 1.26011395762e-10, 8.1109043093e-11, 1.05433557718e-10, 1.40244857394e-10],
        "max": [0.0511733591557, 0.024212481454, 0.0186159946024, 0.0157319065183, 0.00708960089833, 0.00581711251289, 0.00584115367383, 0.00644495617598, 0.00702741043642, 0.00640103686601, 0.0029910588637, 0.0022133779712, 0.00241219880991, 0.00127068418078, 0.0014468471054, 0.00234438269399, 0.00189781084191, 0.00100162066519, 0.00188143725973, 0.00171958049759, 0.000920802121982, 0.000577910686843, 0.000295673060464, 0.000141150390846, 8.7845037342e-05, 0.000130966756842, 0.000236965803197, 0.000167409249116, 8.4571140178e-05, 0.000159261151566, 8.80177612999e-05, 4.83238327433e-05, 5.42224042874e-05, 0.000107944630145, 0.000120621356473, 0.000125954684336, 0.000136695234687, 0.000128141153255, 0.000157315618708, 0.000159790521138],
        "mean": [0.00797621067613, 0.0021413709037, 0.000768488156609, 0.000838380656205, 0.000662366568577, 0.000375574047212, 0.000308790011331, 0.000492093618959, 0.000233561309869, 0.000323909160215, 0.000127397695906, 8.41588698677e-05, 5.35122781002e-05, 5.80917912885e-05, 5.73840588913e-05, 9.79160686256e-05, 7.29981766199e-05, 5.96438694629e-05, 0.000139423907967, 0.000194249718334, 9.13291369216e-05, 4.39331852249e-05, 1.64028024301e-05, 1.21551065604e-05, 1.31273918669e-05, 1.15876227937e-05, 1.70357943716e-05, 1.49685738506e-05, 1.27432558656e-05, 1.30484777401e-05, 1.15967786769e-05, 1.01752348201e-05, 8.63386321726e-06, 9.3757889772e-06, 8.73260160006e-06, 7.58964870329e-06, 8.07974083727e-06, 7.98765086074e-06, 7.77420154918e-06, 6.95272547091e-06],
        "median": [0.00394164165482, 0.00129620858934, 0.00021984273917, 0.00030630765832, 0.000323203887092, 0.000105608181912, 0.000106276609586, 0.000111940091301, 5.38508866157e-05, 4.85443779326e-05, 3.23636850226e-05, 2.92706954497e-05, 2.56833263848e-05, 2.14866267925e-05, 2.44841357926e-05, 2.52290919889e-05, 2.20090932999e-05, 2.44597722485e-05, 3.75857816834e-05, 3.4695436625e-05, 2.89312811219e-05, 2.65150210907e-05, 1.16637202154e-05, 9.22716935747e-06, 9.18090518098e-06, 8.54172958498e-06, 9.41862344916e-06, 9.83537120192e-06, 9.28382723941e-06, 1.0185717656e-05, 9.1527499535e-06, 7.89248679212e-06, 6.59530223857e-06, 6.3193265305e-06, 5.95162327954e-06, 4.99735278936e-06, 4.99955376654e-06, 4.94905907544e-06, 4.70888107884e-06, 3.92661695514e-06],
        "min": [2.06018235587e-23, 1.53973421355e-23, 5.47901448455e-24, 1.2076575357e-23, 2.36318335625e-23, 1.64510488902e-23, 9.59337217827e-24, 5.56529575163e-24, 1.13296844157e-24, 1.04753399696e-23, 1.49116120772e-23, 6.6724853035e-24, 1.00013063519e-23, 7.48216424801e-24, 1.91534276051e-23, 2.47259647054e-23, 8.51306424503e-24, 1.05559434103e-23, 1.16857910195e-23, 6.05183478682e-24, 1.13383356561e-23, 7.75336358318e-24, 7.69831450263e-24, 1.52249381624e-23, 1.02979661727e-23, 8.90145912286e-24, 7.00034378432e-24, 6.64715261325e-24, 1.30792325559e-23, 1.10756000096e-23, 5.62948063032e-24, 7.74247966927e-24, 1.07251966729e-23, 7.62446765557e-24, 7.92888592345e-24, 8.68125333433e-24, 8.88942504975e-24, 8.4071012928e-24, 1.26107927509e-23, 1.12388121754e-23],
        "stdev": [0.00922385882586, 0.00283919484355, 0.00189442303963, 0.00161463359836, 0.000875975121744, 0.000746400444768, 0.000523469469044, 0.000895628181752, 0.000577112834435, 0.000734229921363, 0.000266515009571, 0.000181301715202, 0.000122043034935, 0.000114423804916, 0.000107597836177, 0.000220319518121, 0.000160880852491, 0.000103295482404, 0.000220288464334, 0.000311750627588, 0.000137212322443, 5.24170172866e-05, 2.04343923542e-05, 1.22749670481e-05, 1.26968789118e-05, 1.08980739242e-05, 2.5221343094e-05, 1.73751886905e-05, 1.12417537821e-05, 1.20790109577e-05, 9.95004575088e-06, 8.71685097081e-06, 7.96522635937e-06, 1.01481327874e-05, 1.07256009869e-05, 1.03555075839e-05, 1.20789418361e-05, 1.12165707833e-05, 1.29766649479e-05, 1.35525297082e-05],
        "var": [8.50795695442e-05, 8.06102707429e-06, 3.58883858098e-06, 2.60704155153e-06, 7.67332380747e-07, 5.57113651212e-07, 2.74020294455e-07, 8.0214982745e-07, 3.33059205104e-07, 5.39093548468e-07, 7.10302501261e-08, 3.28703144703e-08, 1.48945025202e-08, 1.30928068387e-08, 1.15772946785e-08, 4.85406879136e-08, 2.5882648913e-08, 1.06699564739e-08, 4.85270064132e-08, 9.71884475121e-08, 1.88272224477e-08, 2.74754352603e-09, 4.17564371968e-10, 1.50674805965e-10, 1.61210725325e-10, 1.18768009316e-10, 6.36116159747e-10, 3.01897201682e-10, 1.2637701996e-10, 1.45902498416e-10, 9.90034096371e-11, 7.59834972719e-11, 6.34448327208e-11, 1.02984600014e-10, 1.15038520376e-10, 1.07236546032e-10, 1.45900833082e-10, 1.25811458473e-10, 1.68393840538e-10, 1.83671050591e-10]
    },
    "melbands128": {
