{
"lowlevel": {
    "average_loudness": 0.947129368782,
    "barkbands_crest": {
        "dmean": 2.8734190464,
        "dmean2": 4.24510383606,
        "dvar": 6.15619516373,
        "dvar2": 12.4743432999,
        "max": 24.8985443115,
        "mean": 10.77044487,
        "median": 10.0929508209,
        "min": 2.40015649796,
        "stdev": 4.46353340149,
        "var": 19.9231300354
    },
    "barkbands_flatness_db": {
        "dmean": 0.023404924199,
        "dmean2": 0.0320789553225,
        "dvar": 0.000404165766668,
        "dvar2": 0.000829614757095,
        "max": 0.274713724852,
        "mean": 0.11657076329,
        "median": 0.111730895936,
        "min": 0.0169454459101,
        "stdev": 0.043931119144,
        "var": 0.00192994310055
    },
    "barkbands_kurtosis": {
        "dmean": 1.73688900471,
        "dmean2": 2.60314536095,
        "dvar": 6.12394237518,
        "dvar2": 12.100233078,
        "max": 30.0819816589,
        "mean": 2.19753217697,
        "median": 1.26077890396,
        "min": -1.78039836884,
        "stdev": 3.73535585403,
        "var": 13.9528837204
    },
    "barkbands_skewness": {
        "dmean": 0.455712914467,
        "dmean2": 0.65568459034,
        "dvar": 0.216717198491,
        "dvar2": 0.450644552708,
        "max": 5.37222623825,
        "mean": 1.27071285248,
        "median": 1.16860198975,
        "min": -1.88232898712,
        "stdev": 0.865463912487,
        "var": 0.749027788639
    },
    "barkbands_spread": {
        "dmean": 7.72462320328,
        "dmean2": 11.2528657913,
        "dvar": 89.0768051147,
        "dvar2": 193.204849243,
        "max": 106.868080139,
        "mean": 27.6298942566,
        "median": 24.6447048187,
        "min": 4.46029138565,
        "stdev": 14.8632135391,
        "var": 220.915115356
    },
    "dissonance": {
        "dmean": 0.0195847973228,
        "dmean2": 0.0325793363154,
        "dvar": 0.000347719993442,
        "dvar2": 0.000937465170864,
        "max": 0.499998390675,
        "mean": 0.462121576071,
        "median": 0.470483630896,
        "min": 0.282687455416,
        "stdev": 0.0308417342603,
        "var": 0.000951212598011
    },
    "dynamic_complexity": 2.4646730423,
    "erbbands_crest": {
        "dmean": 2.96420145035,
        "dmean2": 4.57099199295,
        "dvar": 8.24098587036,
        "dvar2": 16.1402339935,
        "max": 27.6834487915,
        "mean": 10.1990604401,
        "median": 8.78277397156,
        "min": 2.39111685753,
        "stdev": 5.58414506912,
        "var": 31.1826782227
    },
    "erbbands_flatness_db": {
        "dmean": 0.0195321589708,
        "dmean2": 0.0265432838351,
        "dvar": 0.000312270276481,
        "dvar2": 0.000541025365237,
        "max": 0.273582369089,
        "mean": 0.145185366273,
        "median": 0.142986997962,
        "min": 0.0504896566272,
        "stdev": 0.0487813204527,
        "var": 0.00237961718813
    },
    "erbbands_kurtosis": {
        "dmean": 0.874647319317,
        "dmean2": 1.35863387585,
        "dvar": 1.19932687283,
        "dvar2": 2.77148318291,
        "max": 16.2750015259,
        "mean": 0.468276500702,
        "median": -0.047878742218,
        "min": -1.6610635519,
        "stdev": 1.73226094246,
        "var": 3.00072789192
    },
    "erbbands_skewness": {
        "dmean": 0.367370039225,
        "dmean2": 0.538113236427,
        "dvar": 0.105408750474,
        "dvar2": 0.211369097233,
        "max": 3.32403612137,
        "mean": 0.606091797352,
        "median": 0.533288002014,
        "min": -1.97850465775,
        "stdev": 0.734851539135,
        "var": 0.540006756783
    },
    "erbbands_spread": {
        "dmean": 8.88633441925,
        "dmean2": 13.2694387436,
        "dvar": 86.1238250732,
        "dvar2": 190.917297363,
        "max": 102.507537842,
        "mean": 40.7633934021,
        "median": 38.5768508911,
        "min": 9.02012729645,
        "stdev": 17.543428421,
        "var": 307.771881104
    },
    "hfc": {
        "dmean": 13.2678318024,
        "dmean2": 18.9052658081,
        "dvar": 512.779418945,
        "dvar2": 1039.33642578,
        "max": 304.52557373,
        "mean": 36.8019599915,
        "median": 32.7173194885,
        "min": 8.10650089988e-06,
        "stdev": 34.0533027649,
        "var": 1159.62731934
    },
    "loudness_ebu128": {
        "integrated": -8.55438518524,
        "loudness_range": 1.83468103409,
        "momentary": {
            "dmean": 0.480866670609,
            "dmean2": 0.548753619194,
            "dvar": 0.171872630715,
            "dvar2": 0.21551759541,
            "max": -5.54468488693,
            "mean": -9.0364074707,
            "median": -8.31965637207,
            "min": -19.2716312408,
            "stdev": 2.36956191063,
            "var": 5.61482381821
        },
        "short_term": {
            "dmean": 0.0737395435572,
            "dmean2": 0.0728737041354,
            "dvar": 0.00384720996954,
            "dvar2": 0.00253985822201,
            "max": -7.15228223801,
            "mean": -8.49372768402,
            "median": -8.31003189087,
            "min": -13.5146436691,
            "stdev": 1.08048796654,
            "var": 1.16745436192
        }
    },
    "melbands_crest": {
        "dmean": 3.5786819458,
        "dmean2": 5.65520763397,
        "dvar": 11.022400856,
        "dvar2": 23.436296463,
        "max": 33.3027648926,
        "mean": 14.9493074417,
        "median": 13.8537569046,
        "min": 3.14577078819,
        "stdev": 5.94423437119,
        "var": 35.3339233398
    },
    "melbands_flatness_db": {
        "dmean": 0.0259072538465,
        "dmean2": 0.0360628813505,
        "dvar": 0.000563581648748,
        "dvar2": 0.00117467145901,
        "max": 0.37718808651,
        "mean": 0.165410980582,
        "median": 0.163336992264,
        "min": 0.0270906798542,
        "stdev": 0.0526350922883,
        "var": 0.00277045276016
    },
    "melbands_kurtosis": {
        "dmean": 4.93161010742,
        "dmean2": 7.51123476028,
        "dvar": 72.2632980347,
        "dvar2": 167.843139648,
        "max": 129.519561768,
        "mean": 9.25799655914,
        "median": 5.86359214783,
        "min": -1.59094619751,
        "stdev": 11.5439882278,
        "var": 133.263671875
    },
    "melbands_skewness": {
        "dmean": 0.65400737524,
        "dmean2": 0.967721641064,
        "dvar": 0.464850366116,
        "dvar2": 1.01523160934,
        "max": 10.1611614227,
        "mean": 2.24790096283,
        "median": 2.01932311058,
        "min": -0.146844387054,
        "stdev": 1.30815029144,
        "var": 1.71125733852
    },
    "melbands_spread": {
        "dmean": 8.5847234726,
        "dmean2": 12.8200798035,
        "dvar": 161.288452148,
        "dvar2": 310.781646729,
        "max": 197.803848267,
        "mean": 28.1548576355,
        "median": 23.3352165222,
        "min": 2.90303516388,
        "stdev": 20.98204422,
        "var": 440.24621582
    },
    "pitch_salience": {
        "dmean": 0.0757344439626,
        "dmean2": 0.114561237395,
        "dvar": 0.00513484794647,
        "dvar2": 0.0114221619442,
        "max": 0.881394743919,
        "mean": 0.53770917654,
        "median": 0.535698354244,
        "min": 0.106867976487,
        "stdev": 0.126203402877,
        "var": 0.0159272998571
    },
    "silence_rate_20dB": {
        "dmean": 0,
        "dmean2": 0,
        "dvar": 0,
        "dvar2": 0,
        "max": 1,
        "mean": 1,
        "median": 1,
        "min": 1,
        "stdev": 0,
        "var": 0
    },
    "silence_rate_30dB": {
        "dmean": 0.0232198145241,
        "dmean2": 0.0464756004512,
        "dvar": 0.0226807650179,
        "dvar2": 0.0520612820983,
        "max": 1,
        "mean": 0.980665147305,
        "median": 1,
        "min": 0,
        "stdev": 0.137699112296,
        "var": 0.018961045891
    },
    "silence_rate_60dB": {
        "dmean": 0.0263157896698,
        "dmean2": 0.0526723451912,
        "dvar": 0.0256231501698,
        "dvar2": 0.060741674155,
        "max": 1,
        "mean": 0.0425367355347,
        "median": 0,
        "min": 0,
        "stdev": 0.201809152961,
        "var": 0.0407269336283
    },
    "spectral_centroid": {
        "dmean": 273.358306885,
        "dmean2": 406.709381104,
        "dvar": 78994.59375,
        "dvar2": 169863.90625,
        "max": 4107.53955078,
        "mean": 1566.83764648,
        "median": 1503.17785645,
        "min": 562.391479492,
        "stdev": 527.718139648,
        "var": 278486.4375
    },
    "spectral_complexity": {
        "dmean": 4.63003110886,
        "dmean2": 6.68861341476,
        "dvar": 20.9204559326,
        "dvar2": 37.7264671326,
        "max": 52,
        "mean": 21.8592414856,
        "median": 21,
        "min": 0,
        "stdev": 9.57068634033,
        "var": 91.5980300903
    },
    "spectral_decrease": {
        "dmean": 2.38963004939e-09,
        "dmean2": 3.27755822482e-09,
        "dvar": 8.29344351599e-18,
        "dvar2": 1.31293059859e-17,
        "max": -2.64369464871e-15,
        "mean": -8.08686007048e-09,
        "median": -7.29718419024e-09,
        "min": -3.7330920577e-08,
        "stdev": 5.96442983891e-09,
        "var": 3.55744209464e-17
    },
    "spectral_energy": {
        "dmean": 0.00973042100668,
        "dmean2": 0.0132933640853,
        "dvar": 0.000122920973809,
        "dvar2": 0.000191719140275,
        "max": 0.14283439517,
        "mean": 0.0338597409427,
        "median": 0.0318772122264,
        "min": 1.07132365201e-08,
        "stdev": 0.0235654115677,
        "var": 0.000555328617338
    },
    "spectral_energyband_high": {
        "dmean": 0.00106132600922,
        "dmean2": 0.00148514797911,
        "dvar": 4.74709622722e-06,
        "dvar2": 9.62097510637e-06,
        "max": 0.0328922495246,
        "mean": 0.00190656841733,
        "median": 0.00106027617585,
        "min": 5.26226950903e-10,
        "stdev": 0.00327244237997,
        "var": 1.07088790173e-05
    },
    "spectral_energyband_low": {
        "dmean": 0.00416582496837,
        "dmean2": 0.00591002916917,
        "dvar": 0.000109563508886,
        "dvar2": 0.000189038793906,
        "max": 0.130118772388,
        "mean": 0.010227038525,
        "median": 0.00643964018673,
        "min": 2.02302019581e-09,
        "stdev": 0.0175595656037,
        "var": 0.000308338348987
    },
    "spectral_energyband_middle_high": {
        "dmean": 0.0025255298242,
        "dmean2": 0.00356183736585,
        "dvar": 9.66895640886e-06,
        "dvar2": 1.7759097318e-05,
        "max": 0.0437732189894,
        "mean": 0.00737645383924,
        "median": 0.00521112699062,
        "min": 1.31723998376e-09,
        "stdev": 0.0069612050429,
        "var": 4.84583761136e-05
    },
    "spectral_energyband_middle_low": {
        "dmean": 0.00620499253273,
        "dmean2": 0.00935973599553,
        "dvar": 4.85643140564e-05,
        "dvar2": 0.000103631951788,
        "max": 0.0583452694118,
        "mean": 0.0150074055418,
        "median": 0.0128713995218,
        "min": 6.86102596958e-09,
        "stdev": 0.0118115032092,
        "var": 0.000139511597808
    },
    "spectral_entropy": {
        "dmean": 0.176980525255,
        "dmean2": 0.239781454206,
        "dvar": 0.0276214852929,
        "dvar2": 0.0536616817117,
        "max": 8.96475982666,
        "mean": 7.81795549393,
        "median": 7.84610319138,
        "min": 6.29509973526,
        "stdev": 0.429251194,
        "var": 0.184256598353
    },
    "spectral_flux": {
        "dmean": 0.0286607705057,
        "dmean2": 0.0429176837206,
        "dvar": 0.00078483694233,
        "dvar2": 0.00153046217747,
        "max": 0.311854511499,
        "mean": 0.0979313850403,
        "median": 0.0929398983717,
        "min": 0.000103504768049,
        "stdev": 0.0516384355724,
        "var": 0.00266652787104
    },
    "spectral_kurtosis": {
        "dmean": 0.942935824394,
        "dmean2": 1.48498737812,
        "dvar": 0.956737220287,
        "dvar2": 2.30673718452,
        "max": 15.7143325806,
        "mean": 3.35973834991,
        "median": 3.24037790298,
        "min": -0.963608264923,
        "stdev": 1.71513164043,
        "var": 2.94167637825
    },
    "spectral_rms": {
        "dmean": 0.000828162068501,
        "dmean2": 0.001124126371,
        "dvar": 6.87231590746e-07,
        "dvar2": 1.02451701878e-06,
        "max": 0.0118046868593,
        "mean": 0.00536458007991,
        "median": 0.00557671254501,
        "min": 3.23294580085e-06,
        "stdev": 0.00206280080602,
        "var": 4.25514690505e-06
    },
    "spectral_rolloff": {
        "dmean": 885.545776367,
        "dmean2": 1423.5098877,
        "dvar": 2734289.75,
        "dvar2": 5972358,
        "max": 14534.9121094,
        "mean": 2052.40380859,
        "median": 1399.65820312,
        "min": 64.599609375,
        "stdev": 2152.43896484,
        "var": 4632993.5
    },
    "spectral_skewness": {
        "dmean": 0.151838347316,
        "dmean2": 0.237953290343,
        "dvar": 0.0221348367631,
        "dvar2": 0.0515871867537,
        "max": 2.8946955204,
        "mean": 1.51569592953,
        "median": 1.50618171692,
        "min": 0.403430491686,
        "stdev": 0.284539848566,
        "var": 0.0809629335999
    },
    "spectral_spread": {
        "dmean": 798392.3125,
        "dmean2": 1124680.125,
        "dvar": 947403751424,
        "dvar2": 1.82369766605e+12,
        "max": 16527094,
        "mean": 5890841.5,
        "median": 5623800.5,
        "min": 2188933.25,
        "stdev": 1655194.5,
        "var": 2.73966877901e+12
    },
    "spectral_strongpeak": {
        "dmean": 0.721001327038,
        "dmean2": 1.1856238842,
        "dvar": 1.08002614975,
        "dvar2": 2.41743516922,
        "max": 10.8563232422,
        "mean": 1.51868355274,
        "median": 0.769105195999,
        "min": 0,
        "stdev": 1.58365392685,
        "var": 2.50795960426
    },
    "zerocrossingrate": {
        "dmean": 0.0166117660701,
        "dmean2": 0.0183591488749,
        "dvar": 0.000403881917009,
        "dvar2": 0.000408855761634,
        "max": 0.43359375,
        "mean": 0.0823027715087,
        "median": 0.0732421875,
        "min": 0.0126953125,
        "stdev": 0.0471854321659,
        "var": 0.00222646491602
    },
    "barkbands": {
        "dmean": [0.000118424453831, 0.00342946965247, 0.00190156011377, 0.000602403481025, 0.00150361005217, 0.00185205263551, 0.000658226199448, 0.0021081501618, 0.00236507458612, 0.00108151719905, 0.000574386445805, 0.00053375470452, 0.00039505327004, 0.000423294783104, 0.000337137375027, 0.00025014296989, 0.00023200394935, 0.000316763937008, 0.000245466071647, 0.000230887060752, 9.18285804801e-05, 0.000103830134321, 0.000205240561627, 0.000247853167821, 0.000279516214505, 0.000210345067899, 1.67417019838e-05],
        "dmean2": [0.000160204770509, 0.00479592196643, 0.00338433380239, 0.00107401842251, 0.002292429097, 0.00284505053423, 0.00107190175913, 0.0030731994193, 0.00355447060429, 0.00158271670807, 0.000874906079844, 0.000798519060481, 0.000620583829004, 0.000661260914057, 0.000551958743017, 0.000395746494178, 0.000348752248101, 0.000496981607284, 0.000381720805308, 0.00035699660657, 0.00013323550229, 0.00015341238759, 0.000306209782138, 0.000355661060894, 0.000412816909375, 0.000315782934194, 2.66070455837e-05],
        "dvar": [1.28158973212e-07, 9.04874759726e-05, 4.47646489192e-05, 4.60446881334e-06, 5.97381404077e-06, 1.21013326861e-05, 4.13040879721e-06, 1.52313614308e-05, 2.11568512896e-05, 4.57700298284e-06, 1.02608260022e-06, 7.09555820322e-07, 4.5259628223e-07, 6.70593180985e-07, 4.83398139295e-07, 5.37992718819e-07, 1.24874304674e-07, 2.52407915013e-07, 1.01120427587e-07, 1.55460639917e-07, 2.31385719474e-08, 2.82590111311e-08, 1.20068676779e-07, 2.94661020916e-07, 5.75262333768e-07, 4.38049141849e-07, 1.87637594351e-09],
        "dvar2": [2.06164003203e-07, 0.000138845396577, 0.000125487043988, 1.33261110022e-05, 1.38663453981e-05, 2.77077833744e-05, 1.02944786704e-05, 2.85159494524e-05, 4.35339170508e-05, 9.13653093448e-06, 1.99916485144e-06, 1.32788557039e-06, 1.05758920199e-06, 1.5903763142e-06, 1.02817170955e-06, 1.12777206596e-06, 2.76052503523e-07, 6.05921002261e-07, 2.3947200134e-07, 3.44855976664e-07, 5.09329076692e-08, 5.52791306063e-08, 2.7320817253e-07, 5.92328603943e-07, 1.12324858037e-06, 1.08487108719e-06, 4.19314938327e-09],
        "max": [0.00408816291019, 0.1045383811, 0.0632439404726, 0.0264145880938, 0.0238904766738, 0.046206779778, 0.0275684464723, 0.0406430736184, 0.0539723671973, 0.0334377288818, 0.0235313884914, 0.0128061287105, 0.00835963431746, 0.0114751234651, 0.0164648946375, 0.0187206752598, 0.00480372924358, 0.00760513124987, 0.00480285426602, 0.00715888151899, 0.00376758142374, 0.00411975430325, 0.0059517766349, 0.0118437046185, 0.0148924496025, 0.0107856821269, 0.000966490013525],
        "mean": [0.000198739013285, 0.00781629513949, 0.00192532537039, 0.000540570530575, 0.00205851206556, 0.00281625799835, 0.000814459519461, 0.00413112016395, 0.0038960557431, 0.00197905185632, 0.000931970309466, 0.000834318692796, 0.000554421218112, 0.000662655686028, 0.000529609445948, 0.000409632863011, 0.000432385888416, 0.000571116281208, 0.00052498979494, 0.000440188887296, 0.000172396714333, 0.000211797494558, 0.000365620595403, 0.000378248369088, 0.000383953243727, 0.000262427376583, 1.76180419658e-05],
        "median": [9.38254925131e-06, 0.0032489344012, 0.000297869119095, 0.000134913236252, 0.000876729667652, 0.00112110958435, 0.000268064904958, 0.000795114203356, 0.000866701127961, 0.000506451935507, 0.000269433308858, 0.000404588558013, 0.000262160552666, 0.000228387929383, 0.000210917321965, 0.000170644678292, 0.000221111593419, 0.00035741541069, 0.000355886935722, 0.000230748832109, 0.000103985534224, 0.000148425038788, 0.000236000414588, 0.000161422314704, 0.000138496659929, 7.87035096437e-05, 1.60994613907e-06],
        "min": [6.85661638578e-10, 7.96296584227e-10, 5.36756084024e-10, 7.84234122087e-10, 2.83870527085e-09, 1.76050052314e-09, 1.58008203743e-10, 6.66082911049e-10, 6.45452025161e-10, 9.24950394054e-11, 2.61746180286e-10, 3.30746457999e-10, 3.13662117113e-11, 7.78402967083e-11, 3.00506008966e-11, 8.42528130596e-11, 6.45270364918e-11, 8.78446967945e-11, 1.76728118251e-10, 1.37453035065e-10, 1.43313347301e-10, 8.65968130537e-11, 1.93444468777e-10, 2.13493042689e-11, 1.53059214608e-11, 5.73833602163e-12, 3.67772015641e-14],
        "stdev": [0.000487084849738, 0.0147070270032, 0.00563086476177, 0.00169621489476, 0.00294908345677, 0.00456363661215, 0.00209764041938, 0.00700371945277, 0.00718253478408, 0.00432786345482, 0.00207592686638, 0.0011616529664, 0.000863826018758, 0.00123393035028, 0.00123337458353, 0.000922419829294, 0.000580666819587, 0.000670519017149, 0.00055141095072, 0.000608291418757, 0.000255880324403, 0.000300117651932, 0.000527783762664, 0.000843659567181, 0.000955606927164, 0.00068767729681, 5.12838814757e-05],
        "var": [2.37251640556e-07, 0.000216296641156, 3.17066405842e-05, 2.87714487968e-06, 8.69709310791e-06, 2.08267792914e-05, 4.40009489466e-06, 4.90520869789e-05, 5.15888059454e-05, 1.87304030987e-05, 4.30947193308e-06, 1.34943752528e-06, 7.46195382817e-07, 1.52258417074e-06, 1.52121276642e-06, 8.50858327794e-07, 3.37173958087e-07, 4.49595745522e-07, 3.04054054823e-07, 3.70018454987e-07, 6.54747367435e-08, 9.00706069729e-08, 2.78555717159e-07, 7.1176145866e-07, 9.13184578621e-07, 4.72900069326e-07, 2.63003663292e-09]
    },
    "erbbands": {
        "dmean": [0.105322398245, 0.874287068844, 2.22744083405, 1.94465041161, 3.26614880562, 4.85178899765, 12.6954851151, 15.165728569, 9.48208427429, 17.7139854431, 56.7319030762, 51.7611083984, 34.0430374146, 24.4473266602, 20.000579834, 22.3318309784, 16.4846057892, 19.1079864502, 19.460144043, 14.9933223724, 12.3644924164, 12.5980024338, 18.5623435974, 9.92258358002, 14.5548496246, 8.90020275116, 4.11175107956, 3.64246201515, 3.61517763138, 4.73199081421, 6.20777416229, 5.48791980743, 4.04714298248, 3.21617412567, 1.9466022253, 1.02517926693, 0.380664676428, 0.0604988150299, 0.00184489472304, 5.33737620572e-05],
        "dmean2": [0.130913123488, 1.20943272114, 3.8002641201, 3.46226096153, 5.12977075577, 7.5101852417, 19.8537788391, 23.3457279205, 15.0861406326, 26.5230407715, 82.5063400269, 77.1125564575, 50.5969429016, 35.9365386963, 30.81067276, 33.0334358215, 25.3740005493, 29.142162323, 31.9589195251, 22.7801704407, 19.4787979126, 18.7161617279, 28.8052806854, 15.2873878479, 21.8280563354, 13.2378997803, 6.33859300613, 5.45828104019, 5.43182754517, 7.00353956223, 9.31574344635, 8.00423717499, 5.85086011887, 4.72299194336, 2.9278318882, 1.58003139496, 0.569192230701, 0.0894746333361, 0.0027988133952, 7.68726313254e-05],
        "dvar": [0.103772781789, 5.71161079407, 53.2479019165, 49.8302459717, 49.2789497375, 81.6510925293, 384.635986328, 1257.55712891, 697.047058105, 1887.65283203, 11625.2988281, 12186.3701172, 4957.77685547, 2080.84277344, 1117.6776123, 1300.61828613, 738.773925781, 1006.14105225, 1284.80456543, 1836.50756836, 865.412414551, 340.960571289, 1060.44909668, 158.306564331, 420.917327881, 288.702453613, 54.1618232727, 38.3385543823, 36.8706245422, 61.8709373474, 116.875541687, 130.580444336, 92.1077194214, 76.7153320312, 32.6122665405, 14.4300260544, 1.16710031033, 0.0257253907621, 2.44475413638e-05, 1.57647033205e-08],
        "dvar2": [0.131645217538, 10.6826381683, 143.269729614, 142.69708252, 116.517272949, 204.689926147, 887.176147461, 2766.08837891, 1697.5958252, 3801.5612793, 22029.2167969, 24950.8242188, 10370.7060547, 4017.61376953, 2475.64282227, 2453.80297852, 1714.87011719, 2215.11865234, 3243.1496582, 3404.46313477, 1935.37414551, 728.357727051, 2524.20532227, 406.297119141, 900.091430664, 603.068481445, 124.796707153, 83.0192260742, 79.1850967407, 128.35609436, 274.471099854, 276.597106934, 191.878509521, 130.306854248, 74.5239562988, 38.440120697, 2.73415327072, 0.049756873399, 5.26450457983e-05, 3.31185852076e-08],
        "max": [3.66741752625, 25.0471992493, 69.7113876343, 76.6684188843, 80.5331726074, 97.9305725098, 174.019165039, 493.631835938, 372.354492188, 662.17199707, 1110.76818848, 1496.99035645, 1335.92211914, 898.490539551, 714.48449707, 656.177368164, 341.180389404, 503.047607422, 519.974609375, 1227.69042969, 562.524230957, 270.091217041, 514.648254395, 165.470504761, 297.21105957, 337.411682129, 137.329238892, 160.35824585, 121.829460144, 167.517242432, 162.208236694, 247.700302124, 188.849609375, 190.547668457, 81.630317688, 76.8158798218, 13.7691421509, 2.45936393738, 0.102829754353, 0.00211072922684],
        "mean": [0.222860142589, 1.72825014591, 2.68378067017, 1.9311747551, 3.50167822838, 6.70919132233, 20.4115810394, 20.5736351013, 13.1184244156, 31.1522769928, 115.126960754, 89.4105606079, 63.8817367554, 48.516708374, 33.8760375977, 36.7371635437, 27.0029277802, 33.4856452942, 29.719203949, 26.9644203186, 22.4530620575, 24.7779769897, 32.9230995178, 23.0993766785, 32.6648483276, 18.198797226, 7.84711313248, 6.75660324097, 7.17410850525, 8.91380977631, 10.7287063599, 8.84491348267, 5.88390159607, 4.47407960892, 2.58667445183, 1.2880834341, 0.46099588275, 0.0735958069563, 0.00211787852459, 0.000100573794043],
        "median": [0.0368750393391, 0.546920776367, 0.627458691597, 0.508480906487, 0.894488334656, 2.73306369781, 10.1218423843, 5.98899555206, 4.67186355591, 9.37626743317, 25.2691402435, 25.3603878021, 20.2438240051, 14.0489168167, 12.5121889114, 18.9879455566, 15.5969762802, 14.7980384827, 12.7522878647, 11.3257541656, 10.1189556122, 13.5688371658, 21.0517044067, 17.4471130371, 20.9655437469, 10.32492733, 4.814848423, 4.0128364563, 4.91194486618, 5.93405771255, 6.6401848793, 4.27921056747, 2.27955150604, 1.51795589924, 0.948762357235, 0.448347717524, 0.130268916488, 0.0129120787606, 0.000340281869285, 6.12553849351e-05],
        "min": [3.19340855981e-08, 1.53054529051e-07, 5.37567302672e-07, 1.77884248842e-06, 4.98898498336e-06, 1.04768214442e-05, 1.52876345965e-05, 1.32018349177e-05, 4.45910927738e-06, 4.34929143012e-06, 1.88922149391e-05, 1.56887599587e-05, 2.85833743874e-06, 5.36208426638e-06, 1.43734951052e-05, 1.12192556116e-05, 2.09423524211e-06, 4.1034681999e-06, 1.90836317415e-06, 3.91275307265e-06, 3.72732961296e-06, 2.99527459902e-06, 3.55002566721e-06, 8.7197722678e-06, 8.32645309856e-06, 6.70235931466e-06, 4.06484286941e-06, 6.33860145172e-06, 2.98276518151e-06, 4.83161329612e-06, 4.13032330471e-06, 2.00067120204e-06, 3.69320702021e-07, 1.32148997523e-07, 1.35747043828e-07, 3.57623051173e-08, 9.30708132785e-09, 9.86617565424e-10, 8.24133747357e-11, 1.98155519771e-11],
        "stdev": [0.484488725662, 3.29603147507, 6.66360807419, 5.7904047966, 7.28253602982, 10.4560031891, 27.5439128876, 43.3822402954, 30.254858017, 70.7096481323, 191.916595459, 170.608932495, 135.18939209, 94.635597229, 68.3393783569, 50.9032211304, 36.5595550537, 52.2024765015, 48.924407959, 80.0828399658, 40.7653770447, 32.4321899414, 41.4929008484, 22.0148735046, 36.659992218, 26.6645679474, 11.7979793549, 9.87718772888, 9.85812187195, 13.7036485672, 15.5560188293, 17.5207214355, 14.0824270248, 12.0553188324, 6.29557085037, 3.568795681, 1.19020044804, 0.201092809439, 0.00588892539963, 0.000157147311256],
        "var": [0.234729334712, 10.863822937, 44.4036712646, 33.5287857056, 53.0353279114, 109.3279953, 758.667175293, 1882.0189209, 915.356445312, 4999.85400391, 36831.9804688, 29107.40625, 18276.171875, 8955.89648438, 4670.27050781, 2591.13793945, 1336.60107422, 2725.09863281, 2393.59765625, 6413.26171875, 1661.81591797, 1051.84692383, 1721.66088867, 484.654693604, 1343.95495605, 710.999145508, 139.192306519, 97.5588302612, 97.1825637817, 187.789993286, 241.989730835, 306.975708008, 198.314743042, 145.330703735, 39.6342124939, 12.7363023758, 1.41657710075, 0.0404383204877, 3.46794404322e-05, 2.46952787109e-08]
    },
    "gfcc": {
        "mean": [36.0373725891, 49.8249931335, -119.314025879, 14.2765359879, -69.8789749146, 13.9160308838, -43.1148147583, 21.2060031891, -26.7944850922, 4.7032532692, -15.9791545868, 4.50131559372, -17.5795059204],
        "cov": [[3840.64672852, -830.730773926, 635.009033203, 136.218292236, 127.15385437, 294.188903809, 161.644134521, 203.222640991, -29.6314888, 120.765846252, -62.9609451294, 129.845825195, -17.7021408081], [-830.730773926, 1308.61682129, 211.849868774, 394.15612793, 260.20791626, 188.173355103, 333.762176514, 137.993621826, 221.53427124, 47.5150794983, 163.394577026, -43.5964889526, 11.2904958725], [635.009033203, 211.849868774, 946.96282959, 506.585571289, 372.224761963, 356.803253174, 199.530593872, 191.950454712, 152.163452148, 158.272033691, 35.8919448853, 80.662147522, 31.1682434082], [136.218292236, 394.15612793, 506.585571289, 563.904418945, 287.814666748, 203.59664917, 148.599868774, 158.570709229, 157.047729492, 107.382072449, 44.2832794189, 31.1911277771, 54.6295967102], [127.15385437, 260.20791626, 372.224761963, 287.814666748, 356.848937988, 257.682830811, 180.121292114, 141.225143433, 145.71484375, 104.314613342, 39.6292800903, 42.5224151611, 38.1060180664], [294.188903809, 188.173355103, 356.803253174, 203.59664917, 257.682830811, 387.267425537, 285.7293396, 142.760070801, 108.908836365, 106.267654419, 72.7200775146, 46.2684898376, 28.1982879639], [161.644134521, 333.762176514, 199.530593872, 148.599868774, 180.121292114, 285.7293396, 400.328552246, 189.604278564, 124.596244812, 90.0174255371, 118.864501953, 24.0773582458, -4.17323112488], [203.222640991, 137.993621826, 191.950454712, 158.570709229, 141.225143433, 142.760070801, 189.604278564, 226.637329102, 149.377639771, 80.1007995605, 77.0837631226, 37.391204834, 7.119348526], [-29.6314888, 221.53427124, 152.163452148, 157.047729492, 145.71484375, 108.908836365, 124.596244812, 149.377639771, 189.384750366, 84.8322067261, 64.6589355469, 21.3091430664, 17.4509315491], [120.765846252, 47.5150794983, 158.272033691, 107.382072449, 104.314613342, 106.267654419, 90.0174255371, 80.1007995605, 84.8322067261, 122.802001953, 46.4282112122, 26.1483249664, 22.8343334198], [-62.9609451294, 163.394577026, 35.8919448853, 44.2832794189, 39.6292800903, 72.7200775146, 118.864501953, 77.0837631226, 64.6589355469, 46.4282112122, 120.330848694, 35.8508987427, 10.7760009766], [129.845825195, -43.5964889526, 80.662147522, 31.1911277771, 42.5224151611, 46.2684898376, 24.0773582458, 37.391204834, 21.3091430664, 26.1483249664, 35.8508987427, 82.9098968506, 33.27110672], [-17.7021408081, 11.2904958725, 31.1682434082, 54.6295967102, 38.1060180664, 28.1982879639, -4.17323112488, 7.119348526, 17.4509315491, 22.8343334198, 10.7760009766, 33.27110672, 68.6611328125]],
        "icov": [[0.000427786697401, 0.000330841052346, -0.000231410682318, -9.6705465694e-05, 0.000153789267642, -7.86847813288e-05, -0.000293957127724, -0.000338581652613, 0.000265872280579, -8.71625670698e-05, 0.000348654197296, -0.000330997718265, 0.000269167969236], [0.000330841052346, 0.00232434552163, -0.000205640055356, -0.00121733313426, -0.000827288720757, 0.00104896374978, -0.00212031020783, 0.00198214245029, -0.00193595443852, 0.00201131473295, -0.00228269980289, 0.00188217894174, -0.000271705270279], [-0.000231410682318, -0.000205640055356, 0.00346791837364, -0.0022267231252, -0.000548028736375, -0.00206632213667, 0.00128756673075, -0.000516159227118, 0.000763108371757, -0.00150848156773, 0.00102738267742, -0.00223028054461, 0.00268332869746], [-9.6705465694e-05, -0.00121733313426, -0.0022267231252, 0.00557266362011, -0.0013821880566, 0.000860058644321, 0.000697809504345, -0.00179187546019, 0.000264323840383, -0.00041840452468, 0.000440893345512, 0.00165544298943, -0.00340510695241], [0.000153789267642, -0.000827288720757, -0.000548028736375, -0.0013821880566, 0.00934541691095, -0.00432854983956, 0.000737754337024, -0.000680154073052, -0.00242683314718, -0.00139320641756, 0.00368585367687, -0.0023954147473, -0.000106941493868], [-7.86847813288e-05, 0.00104896374978, -0.00206632213667, 0.000860058644321, -0.00432854983956, 0.0110125625506, -0.00700206961483, 0.00265273707919, -0.000282166962279, 8.86397028808e-05, -0.0010885859374, 0.00100601825397, -0.0030345635023], [-0.000293957127724, -0.00212031020783, 0.00128756673075, 0.000697809504345, 0.000737754337024, -0.00700206961483, 0.0112839108333, -0.00630370946601, 0.0031393058598, -0.00177682610229, -0.00247267493978, 0.00061592872953, 0.0028214994818], [-0.000338581652613, 0.00198214245029, -0.000516159227118, -0.00179187546019, -0.000680154073052, 0.00265273707919, -0.00630370946601, 0.0162762347609, -0.0101868836209, 0.0021766978316, -0.00272455438972, -0.0013486034004, 0.00141030305531], [0.000265872280579, -0.00193595443852, 0.000763108371757, 0.000264323840383, -0.00242683314718, -0.000282166962279, 0.0031393058598, -0.0101868836209, 0.0175999607891, -0.00618545664474, -0.00034866691567, 0.000390794913983, -1.0799829397e-05], [-8.71625670698e-05, 0.00201131473295, -0.00150848156773, -0.00041840452468, -0.00139320641756, 8.86397028808e-05, -0.00177682610229, 0.0021766978316, -0.00618545664474, 0.0170421600342, -0.00521062547341, 0.00294648343697, -0.00363796600141], [0.000348654197296, -0.00228269980289, 0.00102738267742, 0.000440893345512, 0.00368585367687, -0.0010885859374, -0.00247267493978, -0.00272455438972, -0.00034866691567, -0.00521062547341, 0.0196917299181, -0.00967149622738, 0.00159926374909], [-0.000330997718265, 0.00188217894174, -0.00223028054461, 0.00165544298943, -0.0023954147473, 0.00100601825397, 0.00061592872953, -0.0013486034004, 0.000390794913983, 0.00294648343697, -0.00967149622738, 0.0236250404269, -0.0106153357774], [0.000269167969236, -0.000271705270279, 0.00268332869746, -0.00340510695241, -0.000106941493868, -0.0030345635023, 0.0028214994818, 0.00141030305531, -1.0799829397e-05, -0.00363796600141, 0.00159926374909, -0.0106153357774, 0.023605870083]]
    },
    "melbands": {
        "dmean": [0.000923161103856, 0.00102203874849, 0.000365339510608, 0.000274345773505, 0.000396450224798, 0.000337015138939, 0.000137344715768, 0.000225829338888, 0.000499675399624, 0.000313521915814, 0.00017007610586, 0.000106537452666, 6.94347909302e-05, 5.67853276152e-05, 5.52630917809e-05, 3.85763778468e-05, 3.8399353798e-05, 3.48439098161e-05, 2.34240014834e-05, 2.19290323002e-05, 1.42196549859e-05, 1.4404785361e-05, 1.7344211301e-05, 1.43215065691e-05, 8.14653776615e-06, 1.1057060874e-05, 1.24106418298e-05, 5.3100770856e-06, 2.86878912448e-06, 2.36739197135e-06, 2.17040405914e-06, 2.04533671422e-06, 2.3843949748e-06, 2.93565062748e-06, 3.69396343558e-06, 3.96924633606e-06, 3.31848582391e-06, 2.81149823422e-06, 3.16616001328e-06, 2.68955113825e-06],
        "dmean2": [0.00118300458416, 0.00158953352366, 0.000624535779934, 0.000417978561018, 0.000618614023551, 0.000515403691679, 0.000223819035455, 0.000330892013153, 0.000736092973966, 0.00047208313481, 0.000254024227615, 0.000155842368258, 0.000107346582809, 8.13481165096e-05, 8.61702719703e-05, 5.92765900365e-05, 5.93345830566e-05, 5.75275444135e-05, 3.8433689042e-05, 3.36714801961e-05, 2.29688666877e-05, 2.21350765059e-05, 2.69534066319e-05, 2.26083084272e-05, 1.29469317471e-05, 1.72961572389e-05, 1.85488206625e-05, 8.24897324492e-06, 4.56362613477e-06, 3.54639087163e-06, 3.2788043427e-06, 3.12027555083e-06, 3.68802648154e-06, 4.39282121079e-06, 5.72632689e-06, 6.00405110163e-06, 4.94488813274e-06, 4.10979873777e-06, 4.70831992061e-06, 3.97256235374e-06],
        "dvar": [6.71327597956e-06, 8.53230540088e-06, 1.29272712002e-06, 2.37019975202e-07, 3.48106937054e-07, 5.19697664458e-07, 1.5701277789e-07, 2.44649754677e-07, 8.90855801572e-07, 5.0532514706e-07, 1.28098164964e-07, 4.21539745332e-08, 1.33120696688e-08, 8.98541685501e-09, 7.65163399308e-09, 5.81560355428e-09, 4.4725045889e-09, 5.28423127477e-09, 2.58264010178e-09, 4.99727370595e-09, 9.11502151535e-10, 5.36285627017e-10, 7.21997905906e-10, 6.50106801725e-10, 1.20825668914e-10, 2.4428895018e-10, 4.20025181302e-10, 1.18876228306e-10, 2.46657052422e-11, 2.03917976255e-11, 1.44367755597e-11, 1.14369893764e-11, 1.53777511558e-11, 2.61186454409e-11, 4.75935263422e-11, 5.32640112572e-11, 5.79012462976e-11, 3.73691598499e-11, 8.55320397841e-11, 5.61003188349e-11],
        "dvar2": [8.39757467475e-06, 2.04819498322e-05, 3.60495528184e-06, 5.59022225843e-07, 8.14137820271e-07, 1.15750128771e-06, 3.86309551459e-07, 4.54022199392e-07, 1.71905048774e-06, 1.01310763512e-06, 2.63191651584e-07, 8.09760010156e-08, 2.98925719733e-08, 1.81441794922e-08, 1.68743721218e-08, 1.26882708784e-08, 1.00569046424e-08, 1.33159945293e-08, 5.65067992397e-09, 9.81808501166e-09, 2.16566320432e-09, 1.17180676273e-09, 1.71593383946e-09, 1.66373637089e-09, 3.09812508981e-10, 5.50549938971e-10, 9.46918876643e-10, 2.63075866647e-10, 5.95385615809e-11, 5.12728470792e-11, 3.32669516934e-11, 2.436488164e-11, 3.21116050417e-11, 5.83929918307e-11, 1.15773078624e-10, 1.21258614261e-10, 1.28399707533e-10, 7.97098775873e-11, 1.79017620172e-10, 9.78748332381e-11],
        "max": [0.0300787873566, 0.0338953770697, 0.0136716719717, 0.00417615054175, 0.00459275627509, 0.0100181838498, 0.00495807360858, 0.00792740471661, 0.00938440673053, 0.0103533547372, 0.00656209187582, 0.00331334210932, 0.00206556916237, 0.00142578862142, 0.0011090968037, 0.00114867091179, 0.000909803551622, 0.00116520561278, 0.00107688526623, 0.00187932979316, 0.000559935113415, 0.000358013174264, 0.000292717420962, 0.00040804137825, 0.000142839591717, 0.00018627915415, 0.000310756207909, 0.000185604614671, 8.27736512292e-05, 8.96384881344e-05, 0.000104525934148, 6.43314633635e-05, 9.47217704379e-05, 0.00010197465599, 9.70211185631e-05, 0.000129796899273, 0.000159319402883, 0.000113719630463, 0.000171071922523, 0.00016207426961],
        "mean": [0.00211311527528, 0.00167131482158, 0.000381308549549, 0.000342350307619, 0.000641450635158, 0.000477849505842, 0.000181379946298, 0.000403949117754, 0.000995705951937, 0.000523613882251, 0.000309267488774, 0.000201225309866, 0.00011255141726, 8.97389618331e-05, 8.67303388077e-05, 5.58424180781e-05, 6.29758942523e-05, 4.8990441428e-05, 3.70185589418e-05, 3.555974763e-05, 2.33927348745e-05, 2.57809024333e-05, 2.88615210593e-05, 2.57698102359e-05, 1.69999639184e-05, 2.26640713663e-05, 2.40268709604e-05, 8.95649463928e-06, 4.91203536512e-06, 4.05888795285e-06, 3.79909556614e-06, 3.84893883165e-06, 4.43304452347e-06, 5.14302746524e-06, 6.06595813224e-06, 6.4411974563e-06, 4.97999644722e-06, 3.94447806684e-06, 4.18400031776e-06, 3.61844649888e-06],
        "median": [0.000647274893709, 0.000620454607997, 0.000111844725325, 0.000127202889416, 0.000340202182997, 0.000162042182637, 6.3242187025e-05, 8.96700439625e-05, 0.00020773007418, 0.000122199606267, 8.64163666847e-05, 4.83995318064e-05, 3.69298977603e-05, 3.84630948247e-05, 4.63748510811e-05, 2.20280326175e-05, 2.43215381488e-05, 1.79036087502e-05, 1.54368408403e-05, 1.29875443236e-05, 1.05020653791e-05, 1.28351439344e-05, 1.71062165464e-05, 1.6357325876e-05, 1.22264927995e-05, 1.38235918712e-05, 1.23415165945e-05, 4.39547193309e-06, 2.74266471934e-06, 2.31546300711e-06, 2.24820064432e-06, 2.48556966653e-06, 3.0418825645e-06, 3.33793263962e-06, 3.81765676138e-06, 3.55102565663e-06, 2.21597952077e-06, 1.51217511757e-06, 1.36283756547e-06, 1.2212076399e-06],
        "min": [2.85619805585e-10, 2.61551863501e-10, 3.93159726997e-10, 5.55596568752e-10, 5.40577971275e-10, 2.97590618814e-10, 5.72939022614e-11, 6.31062840872e-11, 1.66550370717e-10, 8.57214993433e-11, 1.12390374785e-11, 1.96722742263e-11, 4.24522292319e-11, 4.46962120093e-11, 1.08691900966e-11, 3.6976389832e-12, 8.11168233278e-12, 3.17326460247e-12, 2.54387982034e-12, 6.78953507999e-12, 4.38162743935e-12, 3.41706242295e-12, 2.30851752644e-12, 4.66451356707e-12, 7.44701696143e-12, 6.24843623023e-12, 5.7741810465e-12, 4.18299336141e-12, 1.9311067502e-12, 4.20565101841e-12, 3.07236159257e-12, 1.57456979313e-12, 1.7325913924e-12, 2.94983698926e-12, 1.49799736417e-12, 3.8444933001e-12, 2.85376458792e-13, 2.09183541257e-13, 1.94210709255e-13, 8.96095128438e-14],
        "stdev": [0.00415821513161, 0.00332260504365, 0.000971517933067, 0.00055322231492, 0.00080469052773, 0.000898513419088, 0.000437439186499, 0.000886091322172, 0.0016583892284, 0.00111702969298, 0.000694362970535, 0.000415386923123, 0.000227827928029, 0.000134326037369, 0.000114868817036, 0.000105209248431, 0.000105601000541, 9.76459705271e-05, 8.61889348016e-05, 9.81343982858e-05, 4.11181426898e-05, 3.89849337807e-05, 3.47853710991e-05, 3.24635511788e-05, 1.78674017661e-05, 2.58812906395e-05, 3.16928999382e-05, 1.56648075063e-05, 7.58133819545e-06, 6.34244042885e-06, 5.79675588597e-06, 5.38075664736e-06, 6.57365490042e-06, 8.17986892798e-06, 8.91606850928e-06, 1.09821530714e-05, 1.07770629256e-05, 8.97261543287e-06, 1.20213162518e-05, 9.96431299427e-06],
        "var": [1.72907512024e-05, 1.10397040771e-05, 9.43847055623e-07, 3.06054943167e-07, 6.47526860575e-07, 8.07326387076e-07, 1.91353052514e-07, 7.85157851624e-07, 2.75025490737e-06, 1.24775544919e-06, 4.82139910218e-07, 1.72546307908e-07, 5.19055660675e-08, 1.80434849284e-08, 1.31948452164e-08, 1.10689866162e-08, 1.1151571222e-08, 9.53473566767e-09, 7.42853201174e-09, 9.63035962087e-09, 1.69070180078e-09, 1.51982493257e-09, 1.21002197151e-09, 1.05388220373e-09, 3.19244075619e-10, 6.69841238032e-10, 1.00443986462e-09, 2.45386183595e-10, 5.74766866046e-11, 4.02265477872e-11, 3.36023778247e-11, 2.89525400182e-11, 4.32129367012e-11, 6.69102620532e-11, 7.94962706774e-11, 1.20607690501e-10, 1.16145086604e-10, 8.05078226307e-11, 1.44512041222e-10, 9.92875295869e-11]
    },
    "melbands128": {
