{
"lowlevel": {
    "average_loudness": 0.98415607214,
    "barkbands_crest": {
        "dmean": 2.36116313934,
        "dmean2": 3.81887531281,
        "dvar": 5.37948656082,
        "dvar2": 13.1181631088,
        "max": 21.4051818848,
        "mean": 7.85058116913,
        "median": 7.08754873276,
        "min": 2.56122922897,
        "stdev": 3.17187929153,
        "var": 10.0608177185
    },
    "barkbands_flatness_db": {
        "dmean": 0.0167854297906,
        "dmean2": 0.0266553964466,
        "dvar": 0.000297849357594,
        "dvar2": 0.00082065834431,
        "max": 0.216431602836,
        "mean": 0.0943907648325,
        "median": 0.09296682477,
        "min": 0.0224759206176,
        "stdev": 0.0256371032447,
        "var": 0.000657261058223
    },
    "barkbands_kurtosis": {
        "dmean": 1.49458909035,
        "dmean2": 2.53337168694,
        "dvar": 11.9903182983,
        "dvar2": 33.9767990112,
        "max": 48.3821754456,
        "mean": 1.2062612772,
        "median": 0.486355304718,
        "min": -1.80896365643,
        "stdev": 3.14998888969,
        "var": 9.92243003845
    },
    "barkbands_skewness": {
        "dmean": 0.412701785564,
        "dmean2": 0.650954782963,
        "dvar": 0.310479909182,
        "dvar2": 0.786303222179,
        "max": 6.41418838501,
        "mean": 0.929589033127,
        "median": 0.831080019474,
        "min": -1.63555681705,
        "stdev": 0.688754200935,
        "var": 0.47438237071
    },
    "barkbands_spread": {
        "dmean": 5.82136583328,
        "dmean2": 8.75131034851,
        "dvar": 51.3916816711,
        "dvar2": 99.2274246216,
        "max": 89.0812072754,
        "mean": 26.9274311066,
        "median": 24.5017776489,
        "min": 4.39994096756,
        "stdev": 11.9150848389,
        "var": 141.96925354
    },
    "dissonance": {
        "dmean": 0.0188475046307,
        "dmean2": 0.0309818163514,
        "dvar": 0.000379712786525,
        "dvar2": 0.000959653872997,
        "max": 0.499981224537,
        "mean": 0.46530804038,
        "median": 0.470246940851,
        "min": 0.195621520281,
        "stdev": 0.0241696890444,
        "var": 0.000584173831157
    },
    "dynamic_complexity": 1.43928945065,
    "erbbands_crest": {
        "dmean": 2.46364665031,
        "dmean2": 3.93902730942,
        "dvar": 5.60460662842,
        "dvar2": 13.6955137253,
        "max": 22.1709289551,
        "mean": 8.41438388824,
        "median": 7.76234436035,
        "min": 2.17188119888,
        "stdev": 3.35753798485,
        "var": 11.2730617523
    },
    "erbbands_flatness_db": {
        "dmean": 0.0152865117416,
        "dmean2": 0.020919861272,
        "dvar": 0.000209616220673,
        "dvar2": 0.00036979423021,
        "max": 0.231664180756,
        "mean": 0.145639389753,
        "median": 0.147210150957,
        "min": 0.0702344551682,
        "stdev": 0.0311093255877,
        "var": 0.000967790081631
    },
    "erbbands_kurtosis": {
        "dmean": 0.637708127499,
        "dmean2": 0.98592042923,
        "dvar": 0.602431297302,
        "dvar2": 1.26314020157,
        "max": 10.6026010513,
        "mean": 0.359973609447,
        "median": 0.0540671348572,
        "min": -1.61958682537,
        "stdev": 1.2838653326,
        "var": 1.64831006527
    },
    "erbbands_skewness": {
        "dmean": 0.284866273403,
        "dmean2": 0.432108998299,
        "dvar": 0.0712377727032,
        "dvar2": 0.151157051325,
        "max": 2.5357003212,
        "mean": 0.525824725628,
        "median": 0.507046997547,
        "min": -0.86832690239,
        "stdev": 0.538507521152,
        "var": 0.289990335703
    },
    "erbbands_spread": {
        "dmean": 7.45296001434,
        "dmean2": 10.999879837,
        "dvar": 81.5627441406,
        "dvar2": 176.428390503,
        "max": 125.635643005,
        "mean": 36.6469955444,
        "median": 33.6374931335,
        "min": 10.2867107391,
        "stdev": 14.7055158615,
        "var": 216.252197266
    },
    "hfc": {
        "dmean": 7.89197492599,
        "dmean2": 11.3179712296,
        "dvar": 87.6261978149,
        "dvar2": 157.027008057,
        "max": 127.167976379,
        "mean": 38.827205658,
        "median": 39.46251297,
        "min": 1.14900694274e-16,
        "stdev": 19.83436203,
        "var": 393.401885986
    },
    "loudness_ebu128": {
        "integrated": -7.85233783722,
        "loudness_range": 0.739398956299,
        "momentary": {
            "dmean": 0.359077632427,
            "dmean2": 0.386497676373,
            "dvar": 0.118923731148,
            "dvar2": 0.117618896067,
            "max": -6.29302501678,
            "mean": -7.95346450806,
            "median": -7.73172426224,
            "min": -12.401184082,
            "stdev": 0.991742253304,
            "var": 0.983552753925
        },
        "short_term": {
            "dmean": 0.0453618951142,
            "dmean2": 0.0450042895973,
            "dvar": 0.0012722404208,
            "dvar2": 0.00129255466163,
            "max": -7.22113513947,
            "mean": -7.87642860413,
            "median": -7.89213562012,
            "min": -8.56427192688,
            "stdev": 0.243030562997,
            "var": 0.0590638518333
        }
    },
    "melbands_crest": {
        "dmean": 3.0105266571,
        "dmean2": 4.74204397202,
        "dvar": 7.8802485466,
        "dvar2": 18.6645774841,
        "max": 27.4556446075,
        "mean": 10.4234304428,
        "median": 9.42725658417,
        "min": 1.57811248302,
        "stdev": 4.04993677139,
        "var": 16.4019870758
    },
    "melbands_flatness_db": {
        "dmean": 0.0207742676139,
        "dmean2": 0.0320434309542,
        "dvar": 0.000626206048764,
        "dvar2": 0.00154290848877,
        "max": 0.334431022406,
        "mean": 0.130855724216,
        "median": 0.126448243856,
        "min": 0.00542071973905,
        "stdev": 0.0373580306768,
        "var": 0.00139562250115
    },
    "melbands_kurtosis": {
        "dmean": 4.17151689529,
        "dmean2": 7.11379766464,
        "dvar": 121.416641235,
        "dvar2": 343.151306152,
        "max": 128.953475952,
        "mean": 5.60521173477,
        "median": 3.39252567291,
        "min": -1.00781655312,
        "stdev": 9.38929080963,
        "var": 88.158782959
    },
    "melbands_skewness": {
        "dmean": 0.562285602093,
        "dmean2": 0.877771794796,
        "dvar": 0.778788983822,
        "dvar2": 2.03130364418,
        "max": 9.46960830688,
        "mean": 1.66399145126,
        "median": 1.42856192589,
        "min": -0.0921342298388,
        "stdev": 1.0218783617,
        "var": 1.04423546791
    },
    "melbands_spread": {
        "dmean": 8.04043102264,
        "dmean2": 12.3238697052,
        "dvar": 95.8575820923,
        "dvar2": 195.077163696,
        "max": 134.174987793,
        "mean": 33.1694297791,
        "median": 30.892999649,
        "min": 2.36855387688,
        "stdev": 15.509305954,
        "var": 240.538574219
    },
    "pitch_salience": {
        "dmean": 0.0652299001813,
        "dmean2": 0.105525657535,
        "dvar": 0.0036147267092,
        "dvar2": 0.00900671817362,
        "max": 0.969106197357,
        "mean": 0.604250788689,
        "median": 0.611305713654,
        "min": 0.279531210661,
        "stdev": 0.082895591855,
        "var": 0.00687167933211
    },
    "silence_rate_20dB": {
        "dmean": 0,
        "dmean2": 0,
        "dvar": 0,
        "dvar2": 0,
        "max": 1,
        "mean": 1,
        "median": 1,
        "min": 1,
        "stdev": 0,
        "var": 0
    },
    "silence_rate_30dB": {
        "dmean": 0,
        "dmean2": 0,
        "dvar": 0,
        "dvar2": 0,
        "max": 1,
        "mean": 1,
        "median": 1,
        "min": 1,
        "stdev": 0,
        "var": 0
    },
    "silence_rate_60dB": {
        "dmean": 0.000773993786424,
        "dmean2": 0.00154918665066,
        "dvar": 0.000773391744588,
        "dvar2": 0.00154677091632,
        "max": 1,
        "mean": 0.00154679035768,
        "median": 0,
        "min": 0,
        "stdev": 0.0392987206578,
        "var": 0.00154438940808
    },
    "spectral_centroid": {
        "dmean": 237.447906494,
        "dmean2": 356.752197266,
        "dvar": 113294.859375,
        "dvar2": 175607.59375,
        "max": 11115.4677734,
        "mean": 1583.26928711,
        "median": 1568.37939453,
        "min": 475.539093018,
        "stdev": 533.832824707,
        "var": 284977.5
    },
    "spectral_complexity": {
        "dmean": 3.2291021347,
        "dmean2": 5.21766090393,
        "dvar": 8.38248825073,
        "dvar2": 19.3647155762,
        "max": 44,
        "mean": 25.3387470245,
        "median": 25,
        "min": 0,
        "stdev": 5.55807590485,
        "var": 30.8922080994
    },
    "spectral_decrease": {
        "dmean": 2.70176814254e-09,
        "dmean2": 4.49166126515e-09,
        "dvar": 1.96181201652e-17,
        "dvar2": 5.56916354235e-17,
        "max": -1.52995694226e-28,
        "mean": -7.91326115746e-09,
        "median": -7.44904493644e-09,
        "min": -3.53439091327e-08,
        "stdev": 4.38780922707e-09,
        "var": 1.92528686395e-17
    },
    "spectral_energy": {
        "dmean": 0.0106259360909,
        "dmean2": 0.0175494551659,
        "dvar": 0.000287474802462,
        "dvar2": 0.000817656633444,
        "max": 0.136053964496,
        "mean": 0.0333882682025,
        "median": 0.0325881168246,
        "min": 1.09992766757e-20,
        "stdev": 0.0173221733421,
        "var": 0.000300057668937
    },
    "spectral_energyband_high": {
        "dmean": 0.000636078126263,
        "dmean2": 0.000874927034602,
        "dvar": 9.14930012641e-07,
        "dvar2": 1.53969267558e-06,
        "max": 0.0143022080883,
        "mean": 0.00210892269388,
        "median": 0.00168923567981,
        "min": 7.91086295719e-21,
        "stdev": 0.00178354373202,
        "var": 3.18102843266e-06
    },
    "spectral_energyband_low": {
        "dmean": 0.00490598613396,
        "dmean2": 0.00858393311501,
        "dvar": 0.000214927727939,
        "dvar2": 0.000605215318501,
        "max": 0.11644949019,
        "mean": 0.0058999885805,
        "median": 0.00284800073132,
        "min": 6.10995805832e-23,
        "stdev": 0.0122463898733,
        "var": 0.000149974075612
    },
    "spectral_energyband_middle_high": {
        "dmean": 0.00272311316803,
        "dmean2": 0.00384610542096,
        "dvar": 8.36118761072e-06,
        "dvar2": 1.54984354594e-05,
        "max": 0.0418330989778,
        "mean": 0.0105598671362,
        "median": 0.00962849427015,
        "min": 1.96455254117e-21,
        "stdev": 0.00679275393486,
        "var": 4.61415038444e-05
    },
    "spectral_energyband_middle_low": {
        "dmean": 0.00661692582071,
        "dmean2": 0.0107463719323,
        "dvar": 9.05197521206e-05,
        "dvar2": 0.000244977825787,
        "max": 0.0876930505037,
        "mean": 0.0157173611224,
        "median": 0.0129430750385,
        "min": 2.52789530445e-22,
        "stdev": 0.010878986679,
        "var": 0.000118352349091
    },
    "spectral_entropy": {
        "dmean": 0.133027642965,
        "dmean2": 0.191283479333,
        "dvar": 0.0150114847347,
        "dvar2": 0.0270728059113,
        "max": 9.79538726807,
        "mean": 7.79077625275,
        "median": 7.76992368698,
        "min": 6.99413776398,
        "stdev": 0.263409376144,
        "var": 0.0693845003843
    },
    "spectral_flux": {
        "dmean": 0.0314645655453,
        "dmean2": 0.0513656884432,
        "dvar": 0.00132839777507,
        "dvar2": 0.00268236361444,
        "max": 0.327082753181,
        "mean": 0.105886012316,
        "median": 0.0967977121472,
        "min": 1.04877433127e-10,
        "stdev": 0.0479704141617,
        "var": 0.0023011607118
    },
    "spectral_kurtosis": {
        "dmean": 0.822727143764,
        "dmean2": 1.30971491337,
        "dvar": 0.669328391552,
        "dvar2": 1.54910135269,
        "max": 8.58443927765,
        "mean": 2.61667990685,
        "median": 2.43560314178,
        "min": -1.19548332691,
        "stdev": 1.35133624077,
        "var": 1.82610976696
    },
    "spectral_rms": {
        "dmean": 0.000846509530675,
        "dmean2": 0.00135260762181,
        "dvar": 1.30254284159e-06,
        "dvar2": 3.55099518856e-06,
        "max": 0.011521092616,
        "mean": 0.00553188566118,
        "median": 0.00563855376095,
        "min": 3.27582080385e-12,
        "stdev": 0.00140432198532,
        "var": 1.97212011699e-06
    },
    "spectral_rolloff": {
        "dmean": 627.229492188,
        "dmean2": 1007.7911377,
        "dvar": 1432893.875,
        "dvar2": 2629873.25,
        "max": 18152.4902344,
        "mean": 2123.43139648,
        "median": 1701.12304688,
        "min": 107.666015625,
        "stdev": 1615.93786621,
        "var": 2611255.25
    },
    "spectral_skewness": {
        "dmean": 0.152924031019,
        "dmean2": 0.230810582638,
        "dvar": 0.0247809849679,
        "dvar2": 0.0503597818315,
        "max": 2.55923581123,
        "mean": 1.37528133392,
        "median": 1.34383141994,
        "min": -0.0187438540161,
        "stdev": 0.286497443914,
        "var": 0.0820807814598
    },
    "spectral_spread": {
        "dmean": 554536.6875,
        "dmean2": 723613.8125,
        "dvar": 993022115840,
        "dvar2": 886949347328,
        "max": 40443784,
        "mean": 5488914,
        "median": 5207004,
        "min": 3142371,
        "stdev": 1663479.125,
        "var": 2.76716296602e+12
    },
    "spectral_strongpeak": {
        "dmean": 0.970721840858,
        "dmean2": 1.58293223381,
        "dvar": 1.3840457201,
        "dvar2": 3.26846837997,
        "max": 8.69623374939,
        "mean": 1.9175696373,
        "median": 1.5054833889,
        "min": 0,
        "stdev": 1.70852291584,
        "var": 2.91905069351
    },
    "zerocrossingrate": {
        "dmean": 0.0127599379048,
        "dmean2": 0.0146125070751,
        "dvar": 0.000414817681303,
        "dvar2": 0.000486224540509,
        "max": 0.4970703125,
        "mean": 0.0812536999583,
        "median": 0.07373046875,
        "min": 0.01171875,
        "stdev": 0.0338622964919,
        "var": 0.00114665518049
    },
    "barkbands": {
        "dmean": [0.000161501593539, 0.00267439056188, 0.00194634939544, 0.00147677457426, 0.00202378910035, 0.00141905120108, 0.000822296540719, 0.0014242666075, 0.00265574385412, 0.000866144138854, 0.00085800740635, 0.000798754568677, 0.000702909659594, 0.000582042091992, 0.000675866089296, 0.000445941841463, 0.000301460939227, 0.000154515058966, 0.000182077215868, 0.00016068732657, 0.000200176713406, 0.000131809953018, 8.3395447291e-05, 0.000238617809373, 0.000122168217786, 2.12931827264e-05, 2.69898669103e-06],
        "dmean2": [0.000257309613517, 0.00467283232138, 0.00345126120374, 0.00257571483962, 0.0035050038714, 0.00236451812088, 0.00130884919781, 0.00215921830386, 0.00404928438365, 0.0012030499056, 0.00128843984567, 0.00120463012718, 0.00111575808842, 0.000919794954825, 0.00107475370169, 0.000696047733072, 0.000483943120344, 0.000240445646341, 0.00027694311575, 0.000257443258306, 0.000304232526105, 0.000202656301553, 0.000123738878756, 0.00034456764115, 0.00017229495279, 2.9430968425e-05, 4.20564174419e-06],
        "dvar": [2.22034699959e-07, 7.76795714046e-05, 3.3983233152e-05, 1.40355332405e-05, 1.85718708963e-05, 7.14515863365e-06, 3.68602582057e-06, 7.78924004408e-06, 2.00792910618e-05, 3.26958820551e-06, 2.18309810407e-06, 1.41210648508e-06, 1.67764835624e-06, 1.034176762e-06, 1.61630919138e-06, 7.11104632956e-07, 2.10454544458e-07, 4.87430860119e-08, 4.99952683697e-08, 3.89233782983e-08, 6.04642380608e-08, 3.43144250792e-08, 3.34811538494e-08, 2.07982125744e-07, 7.14964230042e-08, 2.39221997766e-09, 3.66348097691e-11],
        "dvar2": [4.66213521122e-07, 0.000216384112719, 9.83647551038e-05, 3.78866570827e-05, 5.30267097929e-05, 1.85827957466e-05, 8.47110641189e-06, 1.68284168467e-05, 4.62023963337e-05, 5.26988378624e-06, 4.76628838442e-06, 2.9217037536e-06, 3.99263171857e-06, 2.42750138568e-06, 3.78008508051e-06, 1.59969749802e-06, 4.57252923525e-07, 1.04345723173e-07, 1.15870825823e-07, 9.13722502105e-08, 1.24720841654e-07, 7.91061722794e-08, 7.45761212784e-08, 3.69629304942e-07, 1.19046454472e-07, 3.98207289365e-09, 8.73096664411e-11],
        "max": [0.00398796470836, 0.0812408328056, 0.0542378537357, 0.0364528372884, 0.0410961136222, 0.0294946841896, 0.0388264358044, 0.0377346612513, 0.0496141649783, 0.0292569883168, 0.0230195913464, 0.0189278908074, 0.0138570182025, 0.0128187583759, 0.0168066117913, 0.0125932088122, 0.00840576644987, 0.00286961183883, 0.0031606729608, 0.0028463578783, 0.00311796041206, 0.00246965466067, 0.00402756920084, 0.00685659050941, 0.00451171398163, 0.000900996208657, 7.73035135353e-05],
        "mean": [0.000172879153979, 0.00282275280915, 0.00218139542267, 0.00152510055341, 0.00296273734421, 0.00232053594664, 0.00136172596831, 0.00231446372345, 0.00487059354782, 0.00176056276541, 0.001597713097, 0.00148708908819, 0.00109600985888, 0.00101098685991, 0.0011666000355, 0.00104621995706, 0.000654228322674, 0.000333707721438, 0.000407506944612, 0.000377262069378, 0.000589642149862, 0.000328555761371, 0.000176373258, 0.000548424955923, 0.000238717824686, 3.32967720169e-05, 3.17460990118e-06],
        "median": [1.89419588423e-05, 0.000992307439446, 0.00114103115629, 0.000638857251033, 0.0017516349908, 0.00133670889772, 0.00069800298661, 0.000849167525303, 0.00238676555455, 0.000526227464434, 0.000711979751941, 0.000764604308642, 0.000533688405994, 0.00056155846687, 0.000443359575002, 0.00038121000398, 0.000386761123082, 0.000203549047001, 0.000269866868621, 0.000266279355856, 0.000424846512033, 0.000227372118388, 0.000104487633507, 0.000293574208627, 0.000132602857775, 1.15375696623e-05, 4.2737516992e-07],
        "min": [1.16197657283e-23, 4.22979265662e-23, 1.41947978384e-23, 1.23508540107e-24, 2.68014703688e-23, 3.462025892e-23, 4.26016380147e-23, 6.052255723e-23, 5.81450440577e-23, 1.30127768622e-22, 3.94887676391e-23, 7.44371422086e-23, 1.76893172267e-22, 9.21342584297e-23, 2.01710433422e-22, 2.29314822198e-22, 2.93365379966e-22, 2.04671362877e-22, 4.05634246461e-22, 3.19951481841e-22, 5.31180563381e-22, 4.51999022362e-22, 8.37313928466e-22, 9.7344587521e-22, 1.27740031812e-21, 1.42622648834e-21, 2.39209465404e-21],
        "stdev": [0.00052303110715, 0.00745489168912, 0.00462288502604, 0.00336058950052, 0.00401095207781, 0.00292819947936, 0.0023762921337, 0.00408049486578, 0.0065131066367, 0.00376106821932, 0.00244336412288, 0.00195233442355, 0.00167624512687, 0.00136609887704, 0.00180065375753, 0.00180518731941, 0.000809705990832, 0.000394710776163, 0.000400233868277, 0.00032476123306, 0.000547736417502, 0.000333603093168, 0.000238951775827, 0.000767919642385, 0.000381795223802, 7.11451939424e-05, 6.68862594466e-06],
        "var": [2.73561568065e-07, 5.55754086236e-05, 2.13710663957e-05, 1.12935622383e-05, 1.60877370945e-05, 8.57435225043e-06, 5.64676383874e-06, 1.66504378285e-05, 4.24205609306e-05, 1.41456348501e-05, 5.97002781433e-06, 3.81160975849e-06, 2.8097977065e-06, 1.86622605725e-06, 3.24235406879e-06, 3.25870132656e-06, 6.55623807688e-07, 1.55796598733e-07, 1.60187155984e-07, 1.05469858624e-07, 3.00015159382e-07, 1.11291029725e-07, 5.70979494796e-08, 5.89700619003e-07, 1.45767586446e-07, 5.06163821967e-09, 4.47377170032e-11]
    },
    "erbbands": {
        "dmean": [0.0637084543705, 0.671703875065, 2.07106399536, 3.6891746521, 5.92448043823, 6.77099323273, 10.9358434677, 11.7376384735, 9.58158969879, 17.3180751801, 37.6032409668, 57.5880355835, 34.8168945312, 30.1536884308, 30.5754070282, 25.7139225006, 28.227394104, 29.2951126099, 26.6579036713, 31.1557292938, 18.7518291473, 17.5791950226, 8.6743106842, 6.78074598312, 9.05613422394, 6.69400787354, 8.35655212402, 7.27169656754, 4.64182281494, 3.17009902, 2.34168171883, 4.17488527298, 4.72116518021, 1.96261250973, 0.599508881569, 0.142834216356, 0.0314106829464, 0.00720474217087, 0.000244250230026, 1.55689358508e-05],
        "dmean2": [0.105348557234, 1.19612884521, 3.69346833229, 6.56340265274, 10.5724401474, 11.4255857468, 18.1827926636, 19.4076805115, 15.9436016083, 26.0728607178, 57.6892127991, 87.9422607422, 49.8093185425, 42.3478393555, 46.1451339722, 38.8525428772, 43.8536987305, 46.0734596252, 40.6837730408, 47.534236908, 28.1027183533, 27.2451610565, 13.5968074799, 10.5831871033, 13.8285989761, 10.37961483, 12.8432502747, 10.5694103241, 7.0308432579, 4.98878335953, 3.42055606842, 6.00885248184, 6.95172119141, 2.81045794487, 0.81969165802, 0.199050247669, 0.0424313433468, 0.0103266946971, 0.00036609484232, 2.39991495619e-05],
        "dvar": [0.0366598106921, 5.12278985977, 42.5771369934, 83.662689209, 364.177276611, 123.500305176, 508.637542725, 409.47744751, 410.782897949, 1275.80371094, 4326.43359375, 10012.3232422, 5852.76855469, 2805.23583984, 3566.8046875, 1449.73291016, 2583.18603516, 2574.98242188, 2769.93164062, 3533.55078125, 899.439025879, 836.29083252, 152.252838135, 76.1176986694, 126.030235291, 70.953086853, 109.245346069, 87.8923492432, 42.3968162537, 28.9134941101, 25.5340518951, 71.7044219971, 78.4501647949, 16.2892990112, 2.43019604683, 0.148289829493, 0.00411517452449, 0.000213175619137, 3.74151682081e-07, 4.9772941324e-10],
        "dvar2": [0.0930490717292, 14.5790100098, 122.862533569, 235.989593506, 1046.58642578, 336.614624023, 1272.65515137, 1066.12976074, 1071.66833496, 2870.75415039, 9620.19433594, 22753.4882812, 12509.1621094, 5113.83886719, 8494.46679688, 2856.59594727, 6091.3515625, 6381.15820312, 6086.28808594, 7846.24804688, 1646.25158691, 1734.02307129, 324.768310547, 173.702636719, 285.415679932, 169.528839111, 259.045806885, 185.540206909, 100.381858826, 70.3169631958, 54.6940536499, 127.560165405, 152.014556885, 27.3890342712, 4.34631729126, 0.234116390347, 0.00760246720165, 0.000466509256512, 9.31456384023e-07, 1.23583354661e-09],
        "max": [2.00156855583, 18.8204803467, 58.4404907227, 67.0024108887, 194.785339355, 104.632232666, 257.612701416, 214.158309937, 227.22984314, 587.57611084, 739.582702637, 1281.73461914, 1529.14135742, 970.144042969, 1258.8861084, 528.101806641, 630.226013184, 733.340393066, 1034.67297363, 767.684020996, 613.083374023, 586.463378906, 184.426010132, 116.653259277, 193.742172241, 132.014083862, 119.107521057, 124.771125793, 79.6826171875, 61.9371490479, 119.549415588, 185.644760132, 124.114395142, 65.166229248, 24.8509235382, 7.60978126526, 0.888480305672, 0.164521887898, 0.0116396825761, 0.0002530037018],
        "mean": [0.0757427960634, 0.663525402546, 2.3449614048, 4.00466156006, 6.66069412231, 10.4707660675, 17.2114925385, 19.3580188751, 16.8942661285, 29.5849914551, 66.0505371094, 102.373939514, 76.5546646118, 60.2440490723, 58.4221038818, 54.497341156, 53.3962974548, 55.9091567993, 55.3408203125, 59.6465988159, 50.2140922546, 39.7801094055, 20.7678871155, 16.8122348785, 22.4533691406, 17.1003761292, 22.3174476624, 21.6958827972, 12.4564771652, 6.93775606155, 5.24014139175, 8.96171665192, 9.94664669037, 4.08650302887, 1.02393257618, 0.22800591588, 0.0479369387031, 0.0100411567837, 0.000335872144205, 5.44780923519e-05],
        "median": [0.0210637263954, 0.256250560284, 1.22886013985, 1.87167990208, 3.34164810181, 6.07132530212, 9.63829040527, 10.7816352844, 10.3998336792, 12.7466554642, 28.913110733, 54.1071128845, 30.6173419952, 26.3841247559, 32.008808136, 31.4856243134, 29.7416362762, 33.3827438354, 29.5735988617, 20.8572540283, 24.0699901581, 23.174156189, 13.6279611588, 12.6015052795, 15.8866252899, 12.9540586472, 16.2109203339, 14.7160043716, 8.6089963913, 4.25071668625, 3.34298110008, 5.06675291061, 4.92843198776, 2.3091366291, 0.442698508501, 0.083162650466, 0.0157783403993, 0.00273293512873, 0.000110301742097, 5.11029575136e-05],
        "min": [6.99621728448e-22, 1.0785138679e-20, 2.32659749955e-20, 6.98335923038e-21, 2.80926530336e-20, 1.03631888402e-19, 1.53123978532e-19, 3.31031063699e-19, 4.58606612585e-19, 1.18975041865e-18, 1.18203654584e-18, 1.39871888545e-18, 3.38445290324e-18, 3.00987181427e-18, 1.82278243565e-18, 3.46441728024e-18, 7.48964233627e-18, 5.8728897049e-18, 9.43929545953e-18, 9.7507570843e-18, 1.17121115045e-17, 1.60887638302e-17, 1.15830829095e-17, 1.36877438893e-17, 2.1866052963e-17, 1.75443618259e-17, 2.15501841199e-17, 2.01642430036e-17, 1.7903986869e-17, 1.83427946035e-17, 2.40592446022e-17, 1.53328845321e-17, 2.06090924652e-17, 1.46593179767e-17, 8.07392549785e-18, 6.11875425273e-18, 2.41986270169e-18, 1.27192615961e-18, 3.6024982297e-19, 3.33628824413e-20],
        "stdev": [0.189935430884, 1.80599999428, 5.07954883575, 7.68615150452, 15.7097578049, 12.9229440689, 24.8181419373, 24.7392501831, 22.4217567444, 45.891330719, 92.355430603, 139.17817688, 125.954666138, 94.1156921387, 87.009979248, 64.6993026733, 70.6151046753, 71.4320297241, 72.9338302612, 94.7579650879, 70.4581832886, 50.9007530212, 23.3278408051, 15.3319272995, 21.4677810669, 14.0371904373, 19.6093883514, 21.773651123, 12.3304300308, 7.95600223541, 6.69603633881, 12.7675628662, 14.7660427094, 5.90525484085, 2.09882450104, 0.559992790222, 0.0881987139583, 0.0175648611039, 0.000632874201983, 2.8705359e-05],
        "var": [0.0360754691064, 3.26163578033, 25.801815033, 59.0769233704, 246.796478271, 167.002471924, 615.940124512, 612.030456543, 502.735168457, 2106.0144043, 8529.52539062, 19370.5644531, 15864.578125, 8857.76367188, 7570.73632812, 4186, 4986.49267578, 5102.53515625, 5319.34326172, 8979.07226562, 4964.35595703, 2590.88671875, 544.188171387, 235.068008423, 460.865631104, 197.042724609, 384.528106689, 474.091888428, 152.039505005, 63.2979698181, 44.8369026184, 163.010665894, 218.036010742, 34.8720321655, 4.40506458282, 0.31359192729, 0.00777901289985, 0.000308524322463, 4.00529785338e-07, 8.23997647892e-10]
    },
    "gfcc": {
        "mean": [56.5837364197, 75.0006942749, -130.491027832, 28.064031601, -73.3059768677, 25.7628726959, -42.4570350647, 12.5222873688, -25.423418045, 2.62821340561, -16.9043445587, -8.33905315399, -3.77327013016],
        "cov": [[2651.80029297, -230.760375977, -97.7356719971, 114.79586792, -118.503807068, 18.4627990723, -56.3179664612, 10.6615219116, -48.6474533081, -21.2503223419, -93.9716033936, 31.9618320465, 11.1398296356], [-230.760375977, 419.26159668, -87.5234146118, -53.0653495789, 36.8623695374, -37.0216674805, 62.9456100464, -2.49621987343, 14.7869567871, -6.35619735718, 55.0225296021, -52.2065353394, 11.8837680817], [-97.7356719971, -87.5234146118, 549.041442871, -30.7044315338, 113.943840027, 0.158208549023, -69.4515304565, 19.3173332214, -1.83384907246, 67.8175888062, -37.7410888672, 96.3852996826, -105.757621765], [114.79586792, -53.0653495789, -30.7044315338, 173.657318115, 18.974527359, 36.165184021, -2.54093503952, -7.51534748077, 19.0184555054, -25.0674419403, -11.3047733307, -7.10283088684, 30.3273715973], [-118.503807068, 36.8623695374, 113.943840027, 18.974527359, 151.459701538, -1.13927972317, 6.41183567047, 9.80055904388, 19.1750106812, 26.037733078, -18.0096187592, 26.8149547577, -11.4443559647], [18.4627990723, -37.0216674805, 0.158208549023, 36.165184021, -1.13927972317, 111.634689331, 46.6646232605, 14.5484609604, -11.3071537018, -5.88600587845, 20.8324546814, -13.2997503281, -2.23242330551], [-56.3179664612, 62.9456100464, -69.4515304565, -2.54093503952, 6.41183567047, 46.6646232605, 201.197311401, 6.09124135971, -29.8021087646, -22.3503818512, 26.784122467, -5.8546872139, -18.9424705505], [10.6615219116, -2.49621987343, 19.3173332214, -7.51534748077, 9.80055904388, 14.5484609604, 6.09124135971, 76.8762435913, 30.0084495544, 8.61082363129, 8.06186485291, -2.43923854828, 11.3476362228], [-48.6474533081, 14.7869567871, -1.83384907246, 19.0184555054, 19.1750106812, -11.3071537018, -29.8021087646, 30.0084495544, 101.362113953, 29.0664424896, -11.6206207275, -9.61064529419, 27.9106636047], [-21.2503223419, -6.35619735718, 67.8175888062, -25.0674419403, 26.037733078, -5.88600587845, -22.3503818512, 8.61082363129, 29.0664424896, 70.8421783447, 5.00591754913, 9.57933235168, -10.5116539001], [-93.9716033936, 55.0225296021, -37.7410888672, -11.3047733307, -18.0096187592, 20.8324546814, 26.784122467, 8.06186485291, -11.6206207275, 5.00591754913, 74.220993042, 1.76555526257, 8.17349147797], [31.9618320465, -52.2065353394, 96.3852996826, -7.10283088684, 26.8149547577, -13.2997503281, -5.8546872139, -2.43923854828, -9.61064529419, 9.57933235168, 1.76555526257, 85.2091064453, -10.6253080368], [11.1398296356, 11.8837680817, -105.757621765, 30.3273715973, -11.4443559647, -2.23242330551, -18.9424705505, 11.3476362228, 27.9106636047, -10.5116539001, 8.17349147797, -10.6253080368, 93.5332336426]],
        "icov": [[0.000484461692395, -9.50030153035e-05, 0.000262187240878, -0.000489401456434, 0.000576184364036, -0.000189020385733, 0.00016924458032, -0.00056637939997, 0.000624191074166, -0.00061282387469, 0.0010735031683, -0.000656330783386, 0.000154986948473], [-9.50030153035e-05, 0.0043523539789, -0.000314343196806, 0.00156152341515, -0.00257428153418, 0.00259361881763, -0.00134534260724, 0.00143849931192, -0.00169006525539, 0.0021998451557, -0.00474540470168, 0.00395117979497, -0.000488381192554], [0.000262187240878, -0.000314343196806, 0.00443621678278, -0.000307625188725, -0.00134625204373, -0.00152008759324, 0.00200960389338, -0.00200293096714, 0.000931297487114, -0.00239030364901, 0.00229421537369, -0.00419893488288, 0.00434943847358], [-0.000489401456434, 0.00156152341515, -0.000307625188725, 0.00894782412797, -0.00294085103087, -0.00241106981412, 6.38485244053e-06, 0.00334543408826, -0.00372062274255, 0.0050257127732, -0.00169192603789, 0.00165555346757, -0.00220017856918], [0.000576184364036, -0.00257428153418, -0.00134625204373, -0.00294085103087, 0.0111463759094, -0.000932740804274, -0.000886546680704, -0.00177761353552, 0.000943676393945, -0.00440086470917, 0.00559184374288, -0.00387495104223, -0.000637547171209], [-0.000189020385733, 0.00259361881763, -0.00152008759324, -0.00241106981412, -0.000932740804274, 0.0141969751567, -0.00352310505696, -0.00158466852736, 0.000990193453617, 0.000564793532249, -0.00601512612775, 0.00549566140398, -0.000622593099251], [0.00016924458032, -0.00134534260724, 0.00200960389338, 6.38485244053e-06, -0.000886546680704, -0.00352310505696, 0.00752700213343, -0.00164614547975, 0.00144427362829, 0.000826337956823, 0.00033662043279, -0.00248642871156, 0.00330250151455], [-0.00056637939997, 0.00143849931192, -0.00200293096714, 0.00334543408826, -0.00177761353552, -0.00158466852736, -0.00164614547975, 0.0181005802006, -0.00723781948909, 0.0033360614907, -0.00475084548816, 0.00289198965766, -0.00297104963101], [0.000624191074166, -0.00169006525539, 0.000931297487114, -0.00372062274255, 0.000943676393945, 0.000990193453617, 0.00144427362829, -0.00723781948909, 0.0178099814802, -0.00925609096885, 0.0059402785264, -0.000356962467777, -0.00320496642962], [-0.00061282387469, 0.0021998451557, -0.00239030364901, 0.0050257127732, -0.00440086470917, 0.000564793532249, 0.000826337956823, 0.0033360614907, -0.00925609096885, 0.023859007284, -0.00800039805472, 0.00291148968972, 0.00117215013597], [0.0010735031683, -0.00474540470168, 0.00229421537369, -0.00169192603789, 0.00559184374288, -0.00601512612775, 0.00033662043279, -0.00475084548816, 0.0059402785264, -0.00800039805472, 0.024456365034, -0.007907836698, -0.000904282846022], [-0.000656330783386, 0.00395117979497, -0.00419893488288, 0.00165555346757, -0.00387495104223, 0.00549566140398, -0.00248642871156, 0.00289198965766, -0.000356962467777, 0.00291148968972, -0.007907836698, 0.0206475909799, -0.0034354228992], [0.000154986948473, -0.000488381192554, 0.00434943847358, -0.00220017856918, -0.000637547171209, -0.000622593099251, 0.00330250151455, -0.00297104963101, -0.00320496642962, 0.00117215013597, -0.000904282846022, -0.0034354228992, 0.0180795378983]]
    },
    "melbands": {
        "dmean": [0.000652600720059, 0.000995510374196, 0.000692698697094, 0.00044261731091, 0.000350691057974, 0.00025743956212, 0.000154598499648, 0.000223229522817, 0.000339651393006, 0.0003742184781, 0.000176887246198, 0.000128895175294, 9.96876988211e-05, 8.48310446599e-05, 7.9481418652e-05, 6.80677112541e-05, 5.89135452174e-05, 4.34469002357e-05, 5.58935571462e-05, 3.89959532185e-05, 2.17071610678e-05, 2.29281176871e-05, 9.42660153669e-06, 7.18601950211e-06, 6.00269368078e-06, 8.66047776071e-06, 6.3855186454e-06, 4.75815431855e-06, 5.53864583708e-06, 5.36620473213e-06, 4.54586461274e-06, 3.09188931169e-06, 2.23991128223e-06, 1.67031896581e-06, 1.23457675727e-06, 2.11509677683e-06, 2.95344125334e-06, 3.78915615329e-06, 2.86407407657e-06, 1.43157376442e-06],
        "dmean2": [0.00111091684084, 0.00177658034954, 0.0012265277328, 0.000775575463194, 0.000585739093367, 0.000425584818004, 0.000251650315477, 0.000331457878929, 0.000529419456143, 0.000563502602745, 0.000252007623203, 0.000178578833584, 0.000147778904648, 0.000129596155602, 0.000123687263113, 0.000107434439997, 9.26685024751e-05, 6.61356098135e-05, 8.76199264894e-05, 5.94815865043e-05, 3.2808729884e-05, 3.59293626389e-05, 1.49032975969e-05, 1.14012955237e-05, 9.4674205684e-06, 1.34240362968e-05, 1.00156621556e-05, 7.4679401223e-06, 8.71404608915e-06, 8.22217134555e-06, 6.58774388285e-06, 4.8050692385e-06, 3.54484745912e-06, 2.67372524831e-06, 1.86417923942e-06, 3.11715757562e-06, 4.35511446994e-06, 5.57580915483e-06, 4.24039808422e-06, 2.10036228054e-06],
        "dvar": [4.27119357482e-06, 1.01441983134e-05, 3.09374718199e-06, 1.17525758014e-06, 4.36434788753e-07, 2.01334174221e-07, 1.15698711056e-07, 1.96526229956e-07, 3.58612624041e-07, 4.04251437658e-07, 1.48473873196e-07, 5.16835640951e-08, 3.2602923028e-08, 2.10736299522e-08, 2.19270042123e-08, 2.00462952904e-08, 1.06472368699e-08, 7.0370576033e-09, 1.17175327219e-08, 6.81463951935e-09, 1.32270661091e-09, 1.57762392039e-09, 1.87916834871e-10, 1.27201138511e-10, 6.59673912717e-11, 1.37262562427e-10, 6.01022009938e-11, 4.21495650882e-11, 5.07112268844e-11, 4.60762920873e-11, 3.69927768973e-11, 1.91610702999e-11, 1.15609553181e-11, 9.17771501158e-12, 6.21659234507e-12, 2.61060131845e-11, 3.25358871789e-11, 5.00141178472e-11, 2.81592821977e-11, 1.00422994573e-11],
        "dvar2": [1.1504237591e-05, 2.91208343697e-05, 8.62882006913e-06, 3.36845050697e-06, 1.09257121039e-06, 5.30624731709e-07, 2.81429834104e-07, 4.29315946349e-07, 8.30405895158e-07, 8.80427080574e-07, 3.09345750793e-07, 8.98065692923e-08, 7.51462394533e-08, 4.55498323504e-08, 5.22255234614e-08, 4.63484859381e-08, 2.5954188132e-08, 1.49934020754e-08, 2.62099035808e-08, 1.47943772788e-08, 2.53646370574e-09, 3.31201022163e-09, 4.08652056638e-10, 2.58656013274e-10, 1.4656036107e-10, 3.14930220791e-10, 1.40822409289e-10, 1.01820531173e-10, 1.31778005175e-10, 9.99165541971e-11, 8.10481404212e-11, 4.62293259229e-11, 2.75716966619e-11, 2.27211652271e-11, 1.39788224399e-11, 5.30518337594e-11, 6.23158191715e-11, 1.0183284771e-10, 5.94297736023e-11, 1.70785260933e-11],
        "max": [0.0208717491478, 0.0261720381677, 0.0143118323758, 0.0105932457373, 0.00707904435694, 0.00457613030449, 0.00533807976171, 0.00521423202008, 0.00603674771264, 0.00861137453467, 0.00748224789277, 0.00374439521693, 0.00328073417768, 0.00233494024724, 0.00195615785196, 0.0019035997102, 0.00144906493369, 0.0015534509439, 0.00130091176834, 0.00132081971969, 0.00072583561996, 0.00076135614654, 0.000212330007344, 0.000203790434171, 0.000104465005279, 0.000212033788557, 0.000133719557198, 0.00010527192353, 9.18760561035e-05, 8.17067630123e-05, 8.90939700184e-05, 5.48278767383e-05, 5.06961514475e-05, 3.64926454495e-05, 5.13356135343e-05, 0.000130926913698, 0.000100846489659, 0.000108079257188, 6.90864035278e-05, 5.93095683143e-05],
        "mean": [0.00073583656922, 0.00110295880586, 0.000776127795689, 0.000613751471974, 0.000581899774261, 0.000427740771556, 0.000266527000349, 0.000377650547307, 0.000580049294513, 0.000674372247886, 0.000378940399969, 0.00024765136186, 0.00018633165746, 0.000162078868016, 0.000147111699334, 0.000112059402454, 0.000101791250927, 8.15712992335e-05, 9.23548359424e-05, 8.22740839794e-05, 4.87276956846e-05, 4.69076148875e-05, 1.95992361114e-05, 1.53452401719e-05, 1.26194454424e-05, 1.85371409316e-05, 1.3748773199e-05, 1.057539248e-05, 1.30976914079e-05, 1.4161701074e-05, 1.23865875139e-05, 7.75645094109e-06, 4.7788230404e-06, 3.2694190395e-06, 2.60531737695e-06, 3.92333549826e-06, 6.0568590925e-06, 7.39705865271e-06, 5.70568545299e-06, 2.67775203611e-06],
        "median": [0.000225698298891, 0.000544933078345, 0.000376256328309, 0.000349772191839, 0.000363349565305, 0.000247332965955, 0.000154420311446, 0.000142898294143, 0.000239552202402, 0.000334877695423, 0.000131491571665, 9.34866766329e-05, 9.74764698185e-05, 8.68883653311e-05, 6.35686592432e-05, 5.02435832459e-05, 5.27069496457e-05, 3.91728208342e-05, 3.31338087562e-05, 2.52765221376e-05, 2.62718440354e-05, 2.46039053309e-05, 1.2047720702e-05, 9.49489640334e-06, 8.18533862912e-06, 1.18993266369e-05, 9.36248306971e-06, 7.37982190913e-06, 9.45591091295e-06, 9.83325480775e-06, 7.65011554904e-06, 5.22340087628e-06, 3.1259237403e-06, 1.71175577179e-06, 1.52048244217e-06, 2.33374544223e-06, 3.22969003719e-06, 3.35967843057e-06, 3.00321175928e-06, 1.43488841786e-06],
        "min": [9.30584342237e-24, 1.31484338011e-23, 1.67475406837e-24, 4.90204871822e-24, 5.14045116125e-24, 7.48852325577e-24, 7.22972323632e-24, 1.28065580508e-23, 8.48772366618e-24, 9.30636722601e-24, 1.79188145345e-23, 1.3605474566e-23, 6.30975719852e-24, 5.07603396302e-24, 1.73646949688e-23, 1.46877696399e-23, 1.03511432864e-23, 1.29729808806e-23, 1.58510759955e-23, 1.42791980667e-23, 1.4225210004e-23, 1.53542040658e-23, 1.39087726514e-23, 1.06178208708e-23, 1.06104118892e-23, 1.46089782127e-23, 1.35811098081e-23, 1.13558728228e-23, 1.29316051261e-23, 1.2479958592e-23, 1.16454139629e-23, 9.62740363772e-24, 9.21543601833e-24, 1.15027508348e-23, 1.37650879484e-23, 1.31310204855e-23, 7.21808043822e-24, 1.36966037778e-23, 1.46945112452e-23, 1.2105868129e-23],
        "stdev": [0.00187190109864, 0.00248581217602, 0.00150702171959, 0.000966713007074, 0.000750132661778, 0.00052559573669, 0.000401592522394, 0.000620758568402, 0.000816800515167, 0.00095480150776, 0.00066082761623, 0.000414566864492, 0.000270131771686, 0.000234409453697, 0.000229028315516, 0.000199666596018, 0.00014183561143, 0.000120118376799, 0.000162597672897, 0.000163005955983, 7.06056016497e-05, 6.80966986693e-05, 2.35021234403e-05, 1.94319618458e-05, 1.35049940582e-05, 2.07803004741e-05, 1.32584391395e-05, 9.83818335953e-06, 1.15729308163e-05, 1.38309023896e-05, 1.34124748001e-05, 8.10362416814e-06, 5.21802257936e-06, 4.27031864092e-06, 3.46141064256e-06, 6.26960263617e-06, 8.64024241309e-06, 1.16508726933e-05, 7.99500139692e-06, 4.38808638137e-06],
        "var": [3.50401364813e-06, 6.17926252744e-06, 2.27111445383e-06, 9.34534057251e-07, 5.62698971862e-07, 2.76250858633e-07, 1.61276545896e-07, 3.85341195397e-07, 6.6716307856e-07, 9.11645884116e-07, 4.36693142092e-07, 1.71865679022e-07, 7.29711757685e-08, 5.49477938705e-08, 5.24539700564e-08, 3.98667516777e-08, 2.01173424585e-08, 1.44284246772e-08, 2.64380055626e-08, 2.6570941003e-08, 4.98515140279e-09, 4.63715998933e-09, 5.52349777028e-10, 3.77601172552e-10, 1.82384871095e-10, 4.3182085685e-10, 1.75786205037e-10, 9.67898539095e-11, 1.33932726021e-10, 1.91293869634e-10, 1.79894488195e-10, 6.56687274003e-11, 2.72277582425e-11, 1.82356196116e-11, 1.19813638177e-11, 3.93079180316e-11, 7.46537831553e-11, 1.3574283364e-10, 6.39200428698e-11, 1.92553039485e-11]
    },
    "melbands128": {
