{
"lowlevel": {
    "average_loudness": 0.95847684145,
    "barkbands_crest": {
        "dmean": 3.62572669983,
        "dmean2": 5.66490888596,
        "dvar": 9.65140533447,
        "dvar2": 21.1032714844,
        "max": 25.200838089,
        "mean": 10.5242643356,
        "median": 9.37190341949,
        "min": 2.17325925827,
        "stdev": 5.01488304138,
        "var": 25.1490516663
    },
    "barkbands_flatness_db": {
        "dmean": 0.0241976454854,
        "dmean2": 0.0382058806717,
        "dvar": 0.000531672267243,
        "dvar2": 0.00131420500111,
        "max": 0.242226660252,
        "mean": 0.104840993881,
        "median": 0.09856107831,
        "min": 0.0267529599369,
        "stdev": 0.0369007326663,
        "var": 0.00136166415177
    },
    "barkbands_kurtosis": {
        "dmean": 1.98166549206,
        "dmean2": 3.18232178688,
        "dvar": 14.719502449,
        "dvar2": 35.7570991516,
        "max": 62.0421829224,
        "mean": 1.22670304775,
        "median": 0.0558443069458,
        "min": -1.80081212521,
        "stdev": 4.21497058868,
        "var": 17.7659759521
    },
    "barkbands_skewness": {
        "dmean": 0.597368061543,
        "dmean2": 0.904393672943,
        "dvar": 0.365945458412,
        "dvar2": 0.83893764019,
        "max": 7.59149503708,
        "mean": 1.00513422489,
        "median": 0.815313816071,
        "min": -2.63529706001,
        "stdev": 0.952556550503,
        "var": 0.907363951206
    },
    "barkbands_spread": {
        "dmean": 7.6179394722,
        "dmean2": 11.945857048,
        "dvar": 51.078754425,
        "dvar2": 121.88633728,
        "max": 84.0607147217,
        "mean": 31.2881164551,
        "median": 29.8247451782,
        "min": 4.6448431015,
        "stdev": 11.8372411728,
        "var": 140.120269775
    },
    "dissonance": {
        "dmean": 0.014050222002,
        "dmean2": 0.0244225244969,
        "dvar": 0.000501427508425,
        "dvar2": 0.0012572867563,
        "max": 0.499941915274,
        "mean": 0.481984466314,
        "median": 0.486310273409,
        "min": 0.0102432696149,
        "stdev": 0.0204390119761,
        "var": 0.000417753239162
    },
    "dynamic_complexity": 1.48882997036,
    "erbbands_crest": {
        "dmean": 2.63051581383,
        "dmean2": 4.41038322449,
        "dvar": 6.57429122925,
        "dvar2": 17.289768219,
        "max": 26.3668346405,
        "mean": 7.94981002808,
        "median": 7.10375404358,
        "min": 2.39787387848,
        "stdev": 3.7383313179,
        "var": 13.9751214981
    },
    "erbbands_flatness_db": {
        "dmean": 0.0180425290018,
        "dmean2": 0.0278216097504,
        "dvar": 0.000307794252876,
        "dvar2": 0.000708174542524,
        "max": 0.294899582863,
        "mean": 0.146039873362,
        "median": 0.142318502069,
        "min": 0.0661724209785,
        "stdev": 0.0355313159525,
        "var": 0.00126247445587
    },
    "erbbands_kurtosis": {
        "dmean": 0.750531494617,
        "dmean2": 1.21848833561,
        "dvar": 0.810327589512,
        "dvar2": 2.12072300911,
        "max": 13.6484622955,
        "mean": 0.364051967859,
        "median": 0.119617462158,
        "min": -1.47182226181,
        "stdev": 1.18797969818,
        "var": 1.4112957716
    },
    "erbbands_skewness": {
        "dmean": 0.349214762449,
        "dmean2": 0.550830483437,
        "dvar": 0.0911665409803,
        "dvar2": 0.230470359325,
        "max": 3.54408097267,
        "mean": 0.147825136781,
        "median": 0.145621076226,
        "min": -1.94557464123,
        "stdev": 0.662949681282,
        "var": 0.439502298832
    },
    "erbbands_spread": {
        "dmean": 8.09231281281,
        "dmean2": 12.9502668381,
        "dvar": 75.2373733521,
        "dvar2": 181.872909546,
        "max": 90.499420166,
        "mean": 33.8849983215,
        "median": 31.6054801941,
        "min": 6.35013198853,
        "stdev": 12.5566663742,
        "var": 157.669876099
    },
    "hfc": {
        "dmean": 11.1288337708,
        "dmean2": 18.0388813019,
        "dvar": 261.566436768,
        "dvar2": 630.091430664,
        "max": 213.669647217,
        "mean": 33.5171661377,
        "median": 32.0677223206,
        "min": 1.18694448966e-16,
        "stdev": 19.5858154297,
        "var": 383.604187012
    },
    "loudness_ebu128": {
        "integrated": -4.9778418541,
        "loudness_range": 2.13950204849,
        "momentary": {
            "dmean": 0.369677841663,
            "dmean2": 0.479040831327,
            "dvar": 0.100125476718,
            "dvar2": 0.163051903248,
            "max": -3.15538454056,
            "mean": -5.08978176117,
            "median": -4.96938037872,
            "min": -8.68860435486,
            "stdev": 1.01290798187,
            "var": 1.02598261833
        },
        "short_term": {
            "dmean": 0.0482212752104,
            "dmean2": 0.0641508996487,
            "dvar": 0.00148692412768,
            "dvar2": 0.00272415601648,
            "max": -3.67257738113,
            "mean": -5.05019283295,
            "median": -5.12003183365,
            "min": -6.11242389679,
            "stdev": 0.685178458691,
            "var": 0.469469487667
        }
    },
    "melbands_crest": {
        "dmean": 4.68647670746,
        "dmean2": 7.21545791626,
        "dvar": 13.6963453293,
        "dvar2": 32.6734275818,
        "max": 32.5701446533,
        "mean": 15.6403942108,
        "median": 14.544511795,
        "min": 2.02045345306,
        "stdev": 6.41970396042,
        "var": 41.2125968933
    },
    "melbands_flatness_db": {
        "dmean": 0.0323360674083,
        "dmean2": 0.0504976511002,
        "dvar": 0.000880939769559,
        "dvar2": 0.00208464381285,
        "max": 0.333360046148,
        "mean": 0.154659107327,
        "median": 0.147875979543,
        "min": 0.007174029015,
        "stdev": 0.0488491542637,
        "var": 0.00238623982295
    },
    "melbands_kurtosis": {
        "dmean": 6.4406452179,
        "dmean2": 10.2401199341,
        "dvar": 156.874145508,
        "dvar2": 377.296417236,
        "max": 220.654922485,
        "mean": 7.89690351486,
        "median": 3.44092559814,
        "min": -1.57826757431,
        "stdev": 14.2047243118,
        "var": 201.774200439
    },
    "melbands_skewness": {
        "dmean": 0.885579228401,
        "dmean2": 1.35855913162,
        "dvar": 0.896615624428,
        "dvar2": 2.03622889519,
        "max": 12.7677669525,
        "mean": 2.13889789581,
        "median": 1.78437650204,
        "min": -1.18026375771,
        "stdev": 1.48424911499,
        "var": 2.20299530029
    },
    "melbands_spread": {
        "dmean": 11.3059902191,
        "dmean2": 17.3946723938,
        "dvar": 132.885910034,
        "dvar2": 286.315002441,
        "max": 145.62840271,
        "mean": 34.6631660461,
        "median": 32.2701530457,
        "min": 2.10450553894,
        "stdev": 18.0194282532,
        "var": 324.699798584
    },
    "pitch_salience": {
        "dmean": 0.0983823537827,
        "dmean2": 0.157885625958,
        "dvar": 0.00733588216826,
        "dvar2": 0.0171838253736,
        "max": 0.85871887207,
        "mean": 0.53300178051,
        "median": 0.543742358685,
        "min": 0.0994853228331,
        "stdev": 0.135175585747,
        "var": 0.0182724390179
    },
    "silence_rate_20dB": {
        "dmean": 0,
        "dmean2": 0,
        "dvar": 0,
        "dvar2": 0,
        "max": 1,
        "mean": 1,
        "median": 1,
        "min": 1,
        "stdev": 0,
        "var": 0
    },
    "silence_rate_30dB": {
        "dmean": 0.0185758508742,
        "dmean2": 0.0371804796159,
        "dvar": 0.0182309374213,
        "dvar2": 0.0512890405953,
        "max": 1,
        "mean": 0.989172458649,
        "median": 1,
        "min": 0,
        "stdev": 0.10349085182,
        "var": 0.0107103558257
    },
    "silence_rate_60dB": {
        "dmean": 0.00232198135927,
        "dmean2": 0.00464755995199,
        "dvar": 0.00231667119078,
        "dvar2": 0.0046258289367,
        "max": 1,
        "mean": 0.00309358071536,
        "median": 0,
        "min": 0,
        "stdev": 0.0555335693061,
        "var": 0.0030839771498
    },
    "spectral_centroid": {
        "dmean": 299.493103027,
        "dmean2": 467.922637939,
        "dvar": 153002.15625,
        "dvar2": 270923.65625,
        "max": 10950.4482422,
        "mean": 1913.98999023,
        "median": 1837.56066895,
        "min": 605.608581543,
        "stdev": 586.532470703,
        "var": 344020.3125
    },
    "spectral_complexity": {
        "dmean": 5.20123815536,
        "dmean2": 8.24012374878,
        "dvar": 21.1004581451,
        "dvar2": 51.4574508667,
        "max": 59,
        "mean": 31.96210289,
        "median": 33,
        "min": 0,
        "stdev": 8.17060184479,
        "var": 66.7587280273
    },
    "spectral_decrease": {
        "dmean": 3.46719541966e-09,
        "dmean2": 5.50242651443e-09,
        "dvar": 2.08000520727e-17,
        "dvar2": 4.64794639078e-17,
        "max": 4.77291843094e-29,
        "mean": -9.54676693254e-09,
        "median": -7.29434068703e-09,
        "min": -3.63918886137e-08,
        "stdev": 6.53743237322e-09,
        "var": 4.27380201181e-17
    },
    "spectral_energy": {
        "dmean": 0.0135536799207,
        "dmean2": 0.0215755738318,
        "dvar": 0.000314219389111,
        "dvar2": 0.000704998499714,
        "max": 0.140998840332,
        "mean": 0.0390718206763,
        "median": 0.0306854005903,
        "min": 1.05857921904e-20,
        "stdev": 0.0254007447511,
        "var": 0.000645197811536
    },
    "spectral_energyband_high": {
        "dmean": 0.000907461333554,
        "dmean2": 0.0014338567853,
        "dvar": 2.49700565291e-06,
        "dvar2": 5.75085641685e-06,
        "max": 0.0254972036928,
        "mean": 0.00168970180675,
        "median": 0.00120436749421,
        "min": 7.46645694192e-21,
        "stdev": 0.00190853944514,
        "var": 3.64252287e-06
    },
    "spectral_energyband_low": {
        "dmean": 0.0116313230246,
        "dmean2": 0.0179657060653,
        "dvar": 0.000261268462054,
        "dvar2": 0.000588146271184,
        "max": 0.126844063401,
        "mean": 0.0189750939608,
        "median": 0.0106764892116,
        "min": 7.06188345463e-23,
        "stdev": 0.0222582295537,
        "var": 0.000495428801514
    },
    "spectral_energyband_middle_high": {
        "dmean": 0.00341425742954,
        "dmean2": 0.00555477198213,
        "dvar": 1.36472781378e-05,
        "dvar2": 3.52233764715e-05,
        "max": 0.0386306867003,
        "mean": 0.0101208230481,
        "median": 0.00899966992438,
        "min": 1.76151504176e-21,
        "stdev": 0.00591552723199,
        "var": 3.49934598489e-05
    },
    "spectral_energyband_middle_low": {
        "dmean": 0.00536316214129,
        "dmean2": 0.00937788467854,
        "dvar": 9.84179569059e-05,
        "dvar2": 0.000267954048468,
        "max": 0.0826693028212,
        "mean": 0.00908004399389,
        "median": 0.00629790592939,
        "min": 2.71572497925e-22,
        "stdev": 0.00930535327643,
        "var": 8.65895926836e-05
    },
    "spectral_entropy": {
        "dmean": 0.117583438754,
        "dmean2": 0.188402324915,
        "dvar": 0.0156476162374,
        "dvar2": 0.0369143933058,
        "max": 9.80291652679,
        "mean": 7.95430231094,
        "median": 7.96680927277,
        "min": 6.98146104813,
        "stdev": 0.214206054807,
        "var": 0.0458842329681
    },
    "spectral_flux": {
        "dmean": 0.0345304049551,
        "dmean2": 0.0568720251322,
        "dvar": 0.00180316821206,
        "dvar2": 0.00333732459694,
        "max": 0.348600119352,
        "mean": 0.12438942492,
        "median": 0.111165322363,
        "min": 1.02887282027e-10,
        "stdev": 0.0544915609062,
        "var": 0.00296933040954
    },
    "spectral_kurtosis": {
        "dmean": 1.0274503231,
        "dmean2": 1.75358891487,
        "dvar": 1.1321823597,
        "dvar2": 3.08387684822,
        "max": 13.3061389923,
        "mean": 3.2299311161,
        "median": 3.04981899261,
        "min": -1.14990186691,
        "stdev": 1.37651014328,
        "var": 1.89478027821
    },
    "spectral_rms": {
        "dmean": 0.00101519678719,
        "dmean2": 0.00159585045185,
        "dvar": 1.34033541599e-06,
        "dvar2": 2.84605516754e-06,
        "max": 0.0117285912856,
        "mean": 0.00587710086256,
        "median": 0.00547146936879,
        "min": 3.21365872281e-12,
        "stdev": 0.00189169147052,
        "var": 3.57849648935e-06
    },
    "spectral_rolloff": {
        "dmean": 673.096679688,
        "dmean2": 1088.55358887,
        "dvar": 926866.625,
        "dvar2": 1647412.5,
        "max": 19250.6835938,
        "mean": 1880.2668457,
        "median": 1636.5234375,
        "min": 64.599609375,
        "stdev": 1312.28918457,
        "var": 1722102.875
    },
    "spectral_skewness": {
        "dmean": 0.154916986823,
        "dmean2": 0.254790633917,
        "dvar": 0.0263749491423,
        "dvar2": 0.0611655935645,
        "max": 2.93606257439,
        "mean": 1.32813477516,
        "median": 1.32549309731,
        "min": 0.0256586670876,
        "stdev": 0.246388047934,
        "var": 0.0607070736587
    },
    "spectral_spread": {
        "dmean": 524069.34375,
        "dmean2": 799039.875,
        "dvar": 1.00005504614e+12,
        "dvar2": 1.06042058342e+12,
        "max": 39211104,
        "mean": 4587380.5,
        "median": 4580355.5,
        "min": 2127718.75,
        "stdev": 1451523,
        "var": 2.10691896115e+12
    },
    "spectral_strongpeak": {
        "dmean": 0.602414309978,
        "dmean2": 1.06181502342,
        "dvar": 1.00802838802,
        "dvar2": 2.84555053711,
        "max": 8.01560306549,
        "mean": 0.769404888153,
        "median": 0.393866717815,
        "min": 0,
        "stdev": 1.03082442284,
        "var": 1.06259906292
    },
    "zerocrossingrate": {
        "dmean": 0.012187756598,
        "dmean2": 0.0140338307247,
        "dvar": 0.000319916405715,
        "dvar2": 0.000386295869248,
        "max": 0.50390625,
        "mean": 0.0713343769312,
        "median": 0.06689453125,
        "min": 0.00390625,
        "stdev": 0.0309050194919,
        "var": 0.000955120252911
    },
    "barkbands": {
        "dmean": [0.000458993861685, 0.00988459587097, 0.00362962204963, 0.00110637408216, 0.00234602950513, 0.00094078364782, 0.00077255256474, 0.000680822296999, 0.00159304693807, 0.00135755958036, 0.000688814325258, 0.000739100622013, 0.000692331639584, 0.000655815762002, 0.000412004883401, 0.000519397319295, 0.000470625673188, 0.000401084544137, 0.00037169692223, 0.000263219146291, 0.000207069722819, 0.000195282904315, 0.000200397713343, 0.000217494671233, 6.70841545798e-05, 2.51989931712e-05, 1.47989294419e-06],
        "dmean2": [0.000770799408201, 0.0147154899314, 0.00669133570045, 0.00208380818367, 0.00414022430778, 0.00156287953723, 0.00135418202262, 0.00112065207213, 0.00259678321891, 0.00225799577311, 0.00113059021533, 0.00122105074115, 0.00112525140867, 0.00109662325121, 0.000691020453814, 0.000896942161489, 0.000786800868809, 0.000664243649226, 0.00061213778099, 0.000409122410929, 0.000332906347467, 0.000321062630974, 0.000327580142766, 0.000362170510925, 0.000108567219286, 4.17064729845e-05, 2.6114960292e-06],
        "dvar": [4.25115246117e-07, 0.000171577994479, 7.43610798963e-05, 7.45125089452e-06, 5.52065139345e-05, 3.16498267239e-06, 3.6974743125e-06, 1.88773890386e-06, 6.43766270514e-06, 5.56635086468e-06, 1.98847760657e-06, 1.16834257824e-06, 1.39339533689e-06, 1.10095163564e-06, 3.39003236149e-07, 8.62705633153e-07, 6.37366497358e-07, 4.78502897749e-07, 2.92563385074e-07, 1.49643511804e-07, 1.35125333145e-07, 1.53284403837e-07, 2.58262758734e-07, 2.08489055353e-07, 2.1967613506e-08, 2.19486584463e-09, 1.63498103944e-11],
        "dvar2": [1.15106013254e-06, 0.000340603670338, 0.000211007674807, 2.16166808968e-05, 0.000149701561895, 7.91558068158e-06, 1.04275432022e-05, 4.31594844486e-06, 1.59281953529e-05, 1.44050227391e-05, 5.20780577062e-06, 3.20466324411e-06, 3.31949399879e-06, 2.83378290078e-06, 8.13723090687e-07, 2.41534894485e-06, 1.6757018102e-06, 1.14261831641e-06, 6.53741835777e-07, 3.17186646726e-07, 2.97441289376e-07, 3.79780402682e-07, 6.02165869168e-07, 4.59400524733e-07, 5.32195230107e-08, 5.26068699713e-09, 4.53659991517e-11],
        "max": [0.00415455922484, 0.106144547462, 0.0612561516464, 0.0224988702685, 0.0654091760516, 0.0326335951686, 0.0263739209622, 0.0177408903837, 0.0344946235418, 0.0355542451143, 0.0243027582765, 0.0130324177444, 0.0131864724681, 0.0128793036565, 0.00764633063227, 0.00844773557037, 0.0101218037307, 0.0148936044425, 0.00771594373509, 0.00489915534854, 0.00610397662967, 0.00743725569919, 0.00810887198895, 0.00915209203959, 0.00283451681025, 0.000677168543916, 6.2682578573e-05],
        "mean": [0.000557830440812, 0.0150818601251, 0.00289597338997, 0.000821017601993, 0.00193552591372, 0.00116892380174, 0.000904556422029, 0.000890201132279, 0.00270390813239, 0.00215043430217, 0.00113376998343, 0.00119305879343, 0.00107690365985, 0.00102234445512, 0.000679947203025, 0.000783708819654, 0.000765518867411, 0.000703906058334, 0.000683982856572, 0.000517012667842, 0.000350342481397, 0.000309512804961, 0.000299622712191, 0.000283359200694, 0.00011868216825, 3.85924213333e-05, 1.34103436267e-06],
        "median": [0.000172644780832, 0.0072152223438, 0.000914266449399, 0.000256272178376, 0.000431031163316, 0.000537409912795, 0.000470085826237, 0.000442336895503, 0.00115661951713, 0.000942794024013, 0.000562957138754, 0.000707947008777, 0.000548108364455, 0.000563868263271, 0.00046435551485, 0.000513841048814, 0.000457993592136, 0.000427179882536, 0.000401428987971, 0.000321678991895, 0.000214923624299, 0.000195385859115, 0.000173684966285, 0.00015532191901, 7.96942331363e-05, 2.32591646636e-05, 3.60310707492e-07],
        "min": [6.47342351159e-23, 2.9125265269e-23, 2.09916892677e-24, 8.25137620581e-24, 2.90332746211e-23, 5.65576034809e-23, 8.07203057227e-23, 2.10367509748e-23, 6.53712308305e-23, 4.70301642971e-23, 1.15088659268e-22, 1.04685483505e-22, 1.06632360664e-22, 1.04045016802e-22, 7.35864914064e-23, 2.74777696581e-22, 1.34474139774e-22, 2.15432208174e-22, 2.95109330546e-22, 4.20154512532e-22, 4.87819921269e-22, 4.03447978416e-22, 4.46092536775e-22, 7.98933182233e-22, 1.20850966325e-21, 1.55574972445e-21, 2.77716015388e-21],
        "stdev": [0.000773293431848, 0.0191116947681, 0.00672544213012, 0.0020807327237, 0.00628195190802, 0.00198781234212, 0.00169581302907, 0.00153646443505, 0.003703328548, 0.00329237431288, 0.00207236525603, 0.00144081970211, 0.00153843616135, 0.00135309714824, 0.000781892857049, 0.000898350728676, 0.000984972692095, 0.000915310462005, 0.000798574998043, 0.000563485780731, 0.000450039369753, 0.000432287721196, 0.000560456654057, 0.000519049703144, 0.000166239813552, 5.28097880306e-05, 3.41262330039e-06],
        "var": [5.97982761974e-07, 0.000365256884834, 4.52315725852e-05, 4.32944898421e-06, 3.94629169023e-05, 3.95139795728e-06, 2.87578200187e-06, 2.36072310145e-06, 1.37146416819e-05, 1.08397280201e-05, 4.2946976464e-06, 2.07596144719e-06, 2.36678579313e-06, 1.83087195182e-06, 6.11356426816e-07, 8.07034041372e-07, 9.70171186054e-07, 8.37793265873e-07, 6.377219961e-07, 3.17516196446e-07, 2.02535446192e-07, 1.86872682661e-07, 3.14111673561e-07, 2.69412595344e-07, 2.76356733053e-08, 2.78887379856e-09, 1.16459984018e-11]
    },
    "erbbands": {
        "dmean": [0.356505781412, 2.2661242485, 4.42574071884, 3.77920389175, 3.68328881264, 9.52867221832, 10.3106889725, 8.34570121765, 11.7140455246, 10.1361713409, 18.9779090881, 36.5499954224, 41.6218109131, 29.2776012421, 27.5550994873, 29.6655158997, 30.2036170959, 30.6176280975, 24.6409549713, 20.4180450439, 30.0837001801, 25.4958286285, 22.0050811768, 21.5687007904, 14.5562896729, 11.5966081619, 10.370803833, 6.96980428696, 6.3517408371, 7.58680725098, 5.56828975677, 4.98438596725, 3.13446998596, 1.06102871895, 0.355558425188, 0.151217728853, 0.0371965616941, 0.00587588408962, 0.000166925281519, 1.96597520699e-05],
        "dmean2": [0.535073637962, 3.6934967041, 8.11359024048, 6.99003982544, 6.62863302231, 16.5978336334, 19.0280418396, 13.713561058, 20.1282844543, 17.235124588, 30.30834198, 59.7410392761, 68.2135848999, 48.0750465393, 46.1342048645, 49.2862091064, 48.2626419067, 51.0005455017, 40.4520645142, 33.9366569519, 52.7388839722, 42.4715614319, 36.6141204834, 35.7234458923, 22.798248291, 17.9484176636, 16.7475090027, 11.2690010071, 10.4650907516, 12.5850515366, 9.13858795166, 8.35285568237, 5.35378551483, 1.77058625221, 0.566986322403, 0.2468470186, 0.0612245984375, 0.0100533971563, 0.000287377130007, 3.13077398459e-05],
        "dvar": [0.2440726161, 10.6169567108, 94.3124847412, 93.204208374, 48.1665420532, 1118.16247559, 1425.29333496, 319.086364746, 1041.07629395, 379.18447876, 1247.5402832, 3494.8371582, 5342.53222656, 2522.49926758, 4234.85107422, 1800.58691406, 2675.28125, 2667.25073242, 1445.31298828, 875.885253906, 3653.34521484, 2109.48486328, 1755.39013672, 1076.90515137, 506.912597656, 313.470336914, 249.926330566, 238.986404419, 146.261566162, 355.843902588, 201.054168701, 143.223495483, 38.6219787598, 6.74152851105, 0.336555987597, 0.0832978561521, 0.00441555399448, 0.000156183072249, 1.98406198137e-07, 7.39484640189e-10],
        "dvar2": [0.444965094328, 25.0158081055, 263.261749268, 268.103729248, 135.606872559, 3016.20874023, 4115.84375, 755.8984375, 2944.17895508, 1032.50769043, 2896.92602539, 8665.79101562, 13614.2167969, 6279.29541016, 10912.3232422, 4671.93457031, 6176.65576172, 7032.43066406, 3465.63916016, 2131.7800293, 10400.2753906, 5544.55566406, 4438.38867188, 2537.02099609, 1074.30383301, 629.078918457, 579.476501465, 547.178588867, 360.253265381, 872.648986816, 468.110534668, 324.9375, 89.9165878296, 16.265253067, 0.766341805458, 0.196109756827, 0.0108002508059, 0.000402207428124, 5.47100000858e-07, 1.75946890391e-09],
        "max": [3.71346783638, 25.0774421692, 72.3784103394, 83.9438476562, 45.6084709167, 305.640106201, 331.921020508, 405.599945068, 487.866546631, 264.352386475, 496.286560059, 610.243041992, 1159.56079102, 719.687316895, 1070.05322266, 620.98236084, 702.055603027, 687.847351074, 591.479248047, 378.723419189, 586.020507812, 637.223083496, 962.880493164, 502.213653564, 330.892700195, 266.924499512, 249.322265625, 270.285491943, 218.701583862, 316.583312988, 227.743041992, 262.901855469, 75.0154647827, 48.5664100647, 8.46399879456, 5.02699327469, 0.772070586681, 0.140490084887, 0.00614363467321, 0.000269929616479],
        "mean": [0.480794221163, 3.17145347595, 3.95162606239, 3.0976023674, 3.30835127831, 7.57541799545, 8.45297145844, 10.5514726639, 13.9531745911, 14.0747003555, 28.0564365387, 61.5970497131, 70.125869751, 50.9868049622, 48.575302124, 51.619392395, 50.6643257141, 51.0105247498, 42.324432373, 36.8627662659, 46.0916824341, 43.1908187866, 38.8409194946, 39.5211334229, 28.9954528809, 23.4571933746, 18.4766540527, 11.8114824295, 10.4565811157, 11.1234483719, 8.284283638, 6.54257202148, 4.19223499298, 1.74475443363, 0.645668625832, 0.241236642003, 0.0555892251432, 0.00716055184603, 0.000208366080187, 5.59226282348e-05],
        "median": [0.174315810204, 1.53092169762, 1.79475498199, 1.04532682896, 1.12754487991, 1.27733135223, 2.45962119102, 4.66312074661, 6.42769241333, 8.84554672241, 13.6271743774, 25.3354263306, 35.0922813416, 30.1123485565, 24.0017490387, 31.3509902954, 28.5234947205, 27.5028648376, 30.5524787903, 26.6651630402, 31.2473163605, 26.2762317657, 23.9617481232, 22.8383178711, 18.5382709503, 14.9374027252, 11.502366066, 7.60115480423, 6.81560754776, 6.04038190842, 4.64289140701, 3.46953964233, 2.33895254135, 1.15764379501, 0.43660569191, 0.14714717865, 0.0336434617639, 0.00365761411376, 0.00011130693747, 4.65059820272e-05],
        "min": [2.12667691201e-21, 2.44398125433e-21, 2.9930052203e-21, 9.62564552551e-21, 7.93988116393e-20, 9.65271177988e-20, 2.36914195109e-19, 4.15152617809e-19, 1.19672892789e-18, 8.19578667627e-19, 3.56057930119e-19, 1.28681117134e-18, 1.76545737164e-18, 2.12959737333e-18, 6.63554857531e-18, 3.74628651859e-18, 4.28877844767e-18, 4.08707417762e-18, 4.72889519542e-18, 7.12119127602e-18, 1.4421963463e-17, 9.44882375301e-18, 1.21165184516e-17, 1.74197768451e-17, 1.51295188698e-17, 1.83323076076e-17, 1.83601058393e-17, 2.0462201732e-17, 1.41605992049e-17, 1.17775290832e-17, 1.33849933035e-17, 1.42200106252e-17, 1.37131317166e-17, 1.47041462028e-17, 7.90923301071e-18, 4.80634907926e-18, 3.16149050503e-18, 1.30041529389e-18, 3.44592508896e-19, 4.39105080012e-20],
        "stdev": [0.683055460453, 4.08565759659, 7.81607913971, 7.4706697464, 5.9196472168, 28.2343730927, 29.1562576294, 20.5371284485, 28.8000679016, 19.0156059265, 44.1711578369, 87.6226959229, 95.20677948, 69.0037002563, 91.2892227173, 60.4486427307, 68.3004608154, 68.0148544312, 45.5864257812, 38.6232910156, 55.8076095581, 54.6639556885, 49.3036651611, 47.6429100037, 32.9374084473, 25.8178863525, 20.2644443512, 17.566368103, 13.5153131485, 20.2193927765, 15.6641616821, 13.2883119583, 6.95953369141, 2.77882122993, 0.755963027477, 0.331174850464, 0.0748163461685, 0.0122056938708, 0.000387480831705, 3.60229096259e-05],
        "var": [0.466564774513, 16.6925983429, 61.091091156, 55.8109092712, 35.0422210693, 797.179870605, 850.087402344, 421.773651123, 829.443908691, 361.593261719, 1951.09106445, 7677.73681641, 9064.33105469, 4761.51074219, 8333.72167969, 3654.03857422, 4664.953125, 4626.02050781, 2078.12207031, 1491.75866699, 3114.48925781, 2988.14819336, 2430.8515625, 2269.84692383, 1084.8729248, 666.563293457, 410.647674561, 308.577301025, 182.663696289, 408.823852539, 245.365966797, 176.579223633, 48.4351119995, 7.72184801102, 0.571480095387, 0.109676778316, 0.00559748569503, 0.000148978971993, 1.5014140331e-07, 1.29765009849e-09]
    },
    "gfcc": {
        "mean": [47.6402359009, 72.5342407227, -135.987518311, 38.3250846863, -56.8277206421, 32.3186836243, -26.4301013947, 24.9277706146, -16.2445983887, 7.84054327011, -10.6783752441, 3.28779101372, -7.29891586304],
        "cov": [[3262.13427734, -275.803344727, 280.686798096, 37.1059989929, -51.4610710144, 211.516769409, -126.358299255, 119.173072815, -62.4963912964, 40.2500572205, -142.859680176, 65.8958206177, -129.593139648], [-275.803344727, 812.509887695, -42.5784873962, 144.483062744, 222.100250244, -46.3687934875, 103.499481201, -62.7779121399, 24.0247707367, -107.64176178, 17.8882846832, -112.115013123, 37.6382255554], [280.686798096, -42.5784873962, 524.043395996, 74.5024032593, 95.932472229, 102.134010315, -75.8695602417, 20.909860611, -32.1588592529, 16.1469535828, -69.6872558594, 35.4218215942, -57.3147735596], [37.1059989929, 144.483062744, 74.5024032593, 311.620452881, 149.18711853, -8.63235473633, 29.7991485596, 14.4795026779, -6.2268576622, -59.1812973022, 15.7605018616, -58.1525268555, 17.0447044373], [-51.4610710144, 222.100250244, 95.932472229, 149.18711853, 252.370010376, 41.2698631287, 72.4538955688, 48.7548675537, 6.63526821136, -16.1482868195, -5.75655126572, -46.7151565552, -5.2443151474], [211.516769409, -46.3687934875, 102.134010315, -8.63235473633, 41.2698631287, 144.830245972, 47.2133293152, 49.9610176086, 7.33022403717, 18.2240219116, -8.77445983887, 0.441383332014, -31.824213028], [-126.358299255, 103.499481201, -75.8695602417, 29.7991485596, 72.4538955688, 47.2133293152, 172.992797852, 87.4079818726, 38.2387237549, 0.661013484001, 33.2058258057, -22.0820465088, 19.5521335602], [119.173072815, -62.7779121399, 20.909860611, 14.4795026779, 48.7548675537, 49.9610176086, 87.4079818726, 173.143096924, 58.1608390808, 29.3181781769, 1.12377464771, 9.32544517517, 3.49643540382], [-62.4963912964, 24.0247707367, -32.1588592529, -6.2268576622, 6.63526821136, 7.33022403717, 38.2387237549, 58.1608390808, 108.01550293, 41.8636169434, 25.3635025024, 12.790596962, 14.4150409698], [40.2500572205, -107.64176178, 16.1469535828, -59.1812973022, -16.1482868195, 18.2240219116, 0.661013484001, 29.3181781769, 41.8636169434, 116.447341919, 30.4567623138, 39.9861335754, 0.564863562584], [-142.859680176, 17.8882846832, -69.6872558594, 15.7605018616, -5.75655126572, -8.77445983887, 33.2058258057, 1.12377464771, 25.3635025024, 30.4567623138, 84.3323059082, 24.0646762848, 32.1461715698], [65.8958206177, -112.115013123, 35.4218215942, -58.1525268555, -46.7151565552, 0.441383332014, -22.0820465088, 9.32544517517, 12.790596962, 39.9861335754, 24.0646762848, 99.4082183838, 30.5911521912], [-129.593139648, 37.6382255554, -57.3147735596, 17.0447044373, -5.2443151474, -31.824213028, 19.5521335602, 3.49643540382, 14.4150409698, 0.564863562584, 32.1461715698, 30.5911521912, 89.8516387939]],
        "icov": [[0.000508818251546, -0.00038541277172, 0.000416168244556, -0.000775227323174, 0.000623886880931, -0.00107430329081, 0.00074882269837, -0.000792684033513, 0.00069336395245, -0.000705986341927, 0.00118851626758, -0.00113966153003, 0.000687649531756], [-0.00038541277172, 0.0034013451077, -0.00112172809895, 0.00186041940469, -0.00324964895844, 0.00226646452211, -0.00223352876492, 0.00316982669756, -0.00294495793059, 0.0032702612225, -0.00233573955484, 0.00348478672095, -0.00197225157171], [0.000416168244556, -0.00112172809895, 0.00462328875437, -0.00261753750965, -9.34684794629e-05, -0.00386813189834, 0.00316555751488, -0.00151216890663, 0.00180575903505, -0.0022986093536, 0.00443648034707, -0.00500698760152, 0.00235249614343], [-0.000775227323174, 0.00186041940469, -0.00261753750965, 0.00830063875765, -0.0048897806555, 0.00349335046485, -0.000645588734187, 0.00111926696263, -0.0022502867505, 0.00540752150118, -0.00699688028544, 0.00674190511927, -0.00355797656812], [0.000623886880931, -0.00324964895844, -9.34684794629e-05, -0.0048897806555, 0.0105693088844, -0.00280820275657, -0.000647867971566, -0.00328151322901, 0.00311629055068, -0.00444652093574, 0.00381789519452, -0.00185748946387, 0.00181447120849], [-0.00107430329081, 0.00226646452211, -0.00386813189834, 0.00349335046485, -0.00280820275657, 0.0142354713753, -0.00651159882545, 0.00182515371125, -0.00206672586501, 0.00225251726806, -0.00397496903315, 0.00367877120152, 0.00108210823964], [0.00074882269837, -0.00223352876492, 0.00316555751488, -0.000645588734187, -0.000647867971566, -0.00651159882545, 0.0152983237058, -0.00787279289216, 0.00191376172006, -0.000335461925715, -0.00236228876747, 7.52451978769e-06, -0.000671729270834], [-0.000792684033513, 0.00316982669756, -0.00151216890663, 0.00111926696263, -0.00328151322901, 0.00182515371125, -0.00787279289216, 0.0139928739518, -0.00702812243253, 0.00154893205035, 0.0012958861189, 0.00119699514471, -0.0017778222682], [0.00069336395245, -0.00294495793059, 0.00180575903505, -0.0022502867505, 0.00311629055068, -0.00206672586501, 0.00191376172006, -0.00702812243253, 0.0164358057082, -0.00695667462423, 0.00104780343827, -0.00312715698965, 0.00121604569722], [-0.000705986341927, 0.0032702612225, -0.0022986093536, 0.00540752150118, -0.00444652093574, 0.00225251726806, -0.000335461925715, 0.00154893205035, -0.00695667462423, 0.0178458988667, -0.00944443140179, 0.00201712734997, -0.000633115880191], [0.00118851626758, -0.00233573955484, 0.00443648034707, -0.00699688028544, 0.00381789519452, -0.00397496903315, -0.00236228876747, 0.0012958861189, 0.00104780343827, -0.00944443140179, 0.0261270906776, -0.0106869107112, 0.000310742354486], [-0.00113966153003, 0.00348478672095, -0.00500698760152, 0.00674190511927, -0.00185748946387, 0.00367877120152, 7.52451978769e-06, 0.00119699514471, -0.00312715698965, 0.00201712734997, -0.0106869107112, 0.0249133184552, -0.0105995442718], [0.000687649531756, -0.00197225157171, 0.00235249614343, -0.00355797656812, 0.00181447120849, 0.00108210823964, -0.000671729270834, -0.0017778222682, 0.00121604569722, -0.000633115880191, 0.000310742354486, -0.0105995442718, 0.0191339664161]]
    },
    "melbands": {
        "dmean": [0.00280888890848, 0.00232556345873, 0.000635999429505, 0.000430866028182, 0.00041104585398, 0.000185939163202, 0.000169116901816, 0.000111985267722, 0.000184876364074, 0.000229994693655, 0.000218617700739, 0.000133332971018, 9.02888641576e-05, 8.3710612671e-05, 8.22760703159e-05, 6.21845538262e-05, 6.17011173745e-05, 4.64234799438e-05, 3.12758384098e-05, 3.03408978652e-05, 3.92773763451e-05, 2.96979615086e-05, 2.07704706554e-05, 2.20686815737e-05, 1.91555391211e-05, 1.24558528114e-05, 1.01504074337e-05, 8.43279485707e-06, 7.67642359278e-06, 5.00520172864e-06, 4.13231555285e-06, 3.64022525901e-06, 4.25319831265e-06, 4.29693409387e-06, 3.26533768202e-06, 3.032290806e-06, 3.27482030116e-06, 2.5518925213e-06, 1.4371502175e-06, 7.63926891523e-07],
        "dmean2": [0.00409461045638, 0.00405535893515, 0.001173958648, 0.000734350120183, 0.000759326212574, 0.000305825320538, 0.000291822245345, 0.000187627971172, 0.000300821615383, 0.000377044634661, 0.000359503930667, 0.000218992849113, 0.000147434533574, 0.000140579984873, 0.000133232373628, 0.000103509584733, 0.000103744976514, 7.58822789066e-05, 5.23730741406e-05, 5.08309203724e-05, 6.9489426096e-05, 4.94271625939e-05, 3.58916659025e-05, 3.62965074601e-05, 3.20473154716e-05, 2.01292914426e-05, 1.5750174498e-05, 1.31479819174e-05, 1.24781845443e-05, 8.06319349067e-06, 6.76402123645e-06, 5.98843735133e-06, 7.05784532329e-06, 7.14327507012e-06, 5.30801389687e-06, 5.10273093823e-06, 5.50349795958e-06, 4.40354324382e-06, 2.43456429416e-06, 1.25758992908e-06],
        "dvar": [1.41680702654e-05, 1.79076851055e-05, 2.42608280132e-06, 1.2556083675e-06, 2.49361414717e-06, 1.39497188911e-07, 1.96688759502e-07, 4.39093810201e-08, 1.00704781403e-07, 1.42946745996e-07, 1.4404416504e-07, 5.65708297984e-08, 3.5785635788e-08, 1.8102248589e-08, 1.75235914668e-08, 1.33602169328e-08, 1.20684733318e-08, 5.68201219409e-09, 2.15724882402e-09, 2.03755723405e-09, 6.70117517032e-09, 2.7129873903e-09, 1.63470759151e-09, 1.66762448295e-09, 9.34155086618e-10, 3.97406552111e-10, 2.77458028775e-10, 1.71800462745e-10, 1.42180808793e-10, 7.46032888244e-11, 9.51866918619e-11, 4.6751227889e-11, 8.01339064549e-11, 1.26945912116e-10, 7.32794241953e-11, 5.0351767894e-11, 6.21978163418e-11, 2.50152624309e-11, 9.85046679641e-12, 3.79845850954e-12],
        "dvar2": [2.44576622208e-05, 4.84400152345e-05, 6.97796713212e-06, 3.21562265526e-06, 7.15866553946e-06, 3.37282699547e-07, 5.53791267066e-07, 1.14004159002e-07, 2.36428832068e-07, 3.53377600959e-07, 3.69811033352e-07, 1.4010636562e-07, 8.82878481434e-08, 5.18713001441e-08, 3.97804456043e-08, 3.30104867885e-08, 3.19025517115e-08, 1.36683135921e-08, 5.06524067134e-09, 5.28718890891e-09, 1.9060076184e-08, 7.21504633816e-09, 4.40811742664e-09, 3.92539734051e-09, 2.21192331118e-09, 8.90245877017e-10, 6.30563989912e-10, 3.45919626277e-10, 3.41892625322e-10, 1.64891073018e-10, 2.31445085319e-10, 1.16670048622e-10, 2.01174410464e-10, 3.06607905731e-10, 1.70632549756e-10, 1.1747147699e-10, 1.42278092086e-10, 5.88620471809e-11, 2.35593489162e-11, 9.30293776041e-12],
        "max": [0.0312099270523, 0.0322521105409, 0.0132557144389, 0.0103255771101, 0.0137904379517, 0.00785077549517, 0.00651916209608, 0.00260699074715, 0.00402168603614, 0.00383708672598, 0.00570748094469, 0.00372996297665, 0.00327847874723, 0.00151761330198, 0.00199450016953, 0.00135634897742, 0.00154969934374, 0.00126732559875, 0.000779838708695, 0.000629307702184, 0.000800650042947, 0.000729119987227, 0.000793855637312, 0.000710155931301, 0.000505281204823, 0.000277561572148, 0.000225381780183, 0.000196809793124, 0.000183494310477, 0.000139569208841, 0.000159779112437, 0.00012197939941, 0.000152462860569, 0.000193175801542, 0.000137332521263, 0.000111671230115, 0.000180596995051, 5.88227812841e-05, 3.84250051866e-05, 3.99790842494e-05],
        "mean": [0.00433014798909, 0.00271018943749, 0.000538931286428, 0.000372763170162, 0.000327788118739, 0.000237585845753, 0.000207150180358, 0.000152709922986, 0.000268884294201, 0.000392390240449, 0.000354904623237, 0.000217718596105, 0.000154057983309, 0.000135464433697, 0.0001358162408, 9.73739151959e-05, 9.58443051786e-05, 7.19361196388e-05, 4.99226589454e-05, 5.06093456352e-05, 5.48869575141e-05, 4.73910549772e-05, 3.22692903865e-05, 3.66863350791e-05, 3.22007253999e-05, 2.20543079195e-05, 1.81941068149e-05, 1.54350509547e-05, 1.29552645376e-05, 8.00253110356e-06, 6.45893305773e-06, 5.79598372497e-06, 6.07453603152e-06, 6.03999978921e-06, 4.79856089441e-06, 4.1465641516e-06, 4.00286126023e-06, 3.22717210111e-06, 2.02698151952e-06, 1.27809880723e-06],
        "median": [0.00188758410513, 0.00159782997798, 0.00020753244462, 8.66485206643e-05, 8.23512600618e-05, 0.00010681142885, 0.000101315330539, 9.09768350539e-05, 0.000118299249152, 0.000159069357323, 0.000167934282217, 0.000113731737656, 7.68954123487e-05, 7.83079594839e-05, 7.43561249692e-05, 4.90152087878e-05, 4.77391185996e-05, 4.73330292152e-05, 3.20825602103e-05, 3.4699383832e-05, 3.45815860783e-05, 2.72181096079e-05, 2.09759182326e-05, 2.05238538911e-05, 1.74325941771e-05, 1.38739851536e-05, 1.10605187729e-05, 9.44397015701e-06, 7.61904493629e-06, 4.86994576931e-06, 4.07687775805e-06, 3.83587666875e-06, 3.35477056979e-06, 3.1846220736e-06, 2.60345882452e-06, 2.1514904347e-06, 2.04462980946e-06, 1.68830251823e-06, 1.18602201837e-06, 8.05530021353e-07],
        "min": [1.7597748146e-23, 1.68826488909e-24, 4.27253811028e-24, 6.21898731289e-24, 6.84859692287e-24, 1.0541953751e-23, 1.90525275621e-23, 8.36686702005e-24, 2.77176790621e-24, 9.46003654149e-24, 8.67417015226e-24, 7.38377041617e-24, 2.04058294891e-23, 1.36734002231e-23, 1.26408380962e-23, 6.53457703448e-24, 8.28968486909e-24, 8.34461009847e-24, 5.3617400558e-24, 1.54653182797e-23, 1.68660291694e-23, 8.62011582532e-24, 1.16345608146e-23, 8.86035710311e-24, 1.57706169164e-23, 9.04602813893e-24, 1.50139257589e-23, 1.07109813994e-23, 1.05130214884e-23, 1.19905335092e-23, 1.16142973445e-23, 8.40451304017e-24, 6.46285577313e-24, 6.91768378323e-24, 7.28123506457e-24, 8.41073557499e-24, 9.15798643405e-24, 1.00935644236e-23, 1.01428642859e-23, 1.28799978457e-23],
        "stdev": [0.00565911317244, 0.00395426107571, 0.00120906485245, 0.00102116435301, 0.00122702470981, 0.000430516403867, 0.000397402385715, 0.000214410858462, 0.000414967071265, 0.000563623965718, 0.000497638946399, 0.000325827451888, 0.000285917252768, 0.000175137582119, 0.000191480809008, 0.000147325306898, 0.000140791918966, 8.83224856807e-05, 6.60442674416e-05, 5.25183786522e-05, 7.58702517487e-05, 6.32814189885e-05, 4.01796314691e-05, 5.29670869582e-05, 4.33125824202e-05, 2.60794295173e-05, 2.27974724112e-05, 1.8587701561e-05, 1.52673601406e-05, 1.08283938971e-05, 1.03881493487e-05, 7.53970925871e-06, 9.67187861534e-06, 1.19173928397e-05, 9.33571209316e-06, 8.18309854367e-06, 8.47143382998e-06, 5.53669860892e-06, 3.34087144438e-06, 2.06988966056e-06],
        "var": [3.20255639963e-05, 1.563618207e-05, 1.46183776906e-06, 1.04277660284e-06, 1.50558958012e-06, 1.85344376291e-07, 1.57928667477e-07, 4.59720155277e-08, 1.7219767301e-07, 3.17672004257e-07, 2.47644493356e-07, 1.0616352597e-07, 8.17486736082e-08, 3.06731706701e-08, 3.66649004491e-08, 2.17047446682e-08, 1.98223659709e-08, 7.80086129026e-09, 4.36184510733e-09, 2.75817990669e-09, 5.75629499622e-09, 4.00453759042e-09, 1.61440272262e-09, 2.80551248899e-09, 1.87597981594e-09, 6.80136669207e-10, 5.19724763226e-10, 3.45502626509e-10, 2.33092295465e-10, 1.172541092e-10, 1.07913650238e-10, 5.68472144358e-11, 9.35452340589e-11, 1.42024253469e-10, 8.7155518913e-11, 6.69631017303e-11, 7.17651979509e-11, 3.06550305973e-11, 1.11614216133e-11, 4.28444302605e-12]
    },
    "melbands128": {
