{
"lowlevel": {
    "average_loudness": 0.955514192581,
    "barkbands_crest": {
        "dmean": 2.46328163147,
        "dmean2": 3.96760940552,
        "dvar": 5.34827041626,
        "dvar2": 12.0109882355,
        "max": 22.6600322723,
        "mean": 11.3435668945,
        "median": 10.3929567337,
        "min": 3.17238068581,
        "stdev": 4.3992600441,
        "var": 19.3534908295
    },
    "barkbands_flatness_db": {
        "dmean": 0.0219053272158,
        "dmean2": 0.0334136113524,
        "dvar": 0.00037259561941,
        "dvar2": 0.000813936174382,
        "max": 0.292270928621,
        "mean": 0.161046117544,
        "median": 0.15694899857,
        "min": 0.0572527684271,
        "stdev": 0.0431862361729,
        "var": 0.00186505087186
    },
    "barkbands_kurtosis": {
        "dmean": 3.22975182533,
        "dmean2": 5.02678489685,
        "dvar": 11.4099712372,
        "dvar2": 27.9389038086,
        "max": 53.6032180786,
        "mean": 6.04472875595,
        "median": 4.67567968369,
        "min": -1.88578426838,
        "stdev": 6.57380771637,
        "var": 43.2149505615
    },
    "barkbands_skewness": {
        "dmean": 0.585697829723,
        "dmean2": 0.911107540131,
        "dvar": 0.258780896664,
        "dvar2": 0.648478507996,
        "max": 6.65942621231,
        "mean": 2.12657189369,
        "median": 2.00785589218,
        "min": -2.47461891174,
        "stdev": 1.0363111496,
        "var": 1.07394075394
    },
    "barkbands_spread": {
        "dmean": 7.08552408218,
        "dmean2": 10.5604143143,
        "dvar": 83.4206161499,
        "dvar2": 182.301467896,
        "max": 117.130661011,
        "mean": 21.1201152802,
        "median": 14.7322940826,
        "min": 2.44061231613,
        "stdev": 17.9409217834,
        "var": 321.876678467
    },
    "dissonance": {
        "dmean": 0.015637634322,
        "dmean2": 0.024897525087,
        "dvar": 0.000262225919869,
        "dvar2": 0.00066437094938,
        "max": 0.499554872513,
        "mean": 0.466475307941,
        "median": 0.471735775471,
        "min": 0.310677170753,
        "stdev": 0.0274142790586,
        "var": 0.000751542742364
    },
    "dynamic_complexity": 2.82101106644,
    "erbbands_crest": {
        "dmean": 1.86483001709,
        "dmean2": 3.02683830261,
        "dvar": 3.04725909233,
        "dvar2": 7.79193115234,
        "max": 22.8453960419,
        "mean": 7.26600885391,
        "median": 6.48338937759,
        "min": 2.81434559822,
        "stdev": 3.0496776104,
        "var": 9.30053329468
    },
    "erbbands_flatness_db": {
        "dmean": 0.0139397867024,
        "dmean2": 0.0187781453133,
        "dvar": 0.000142100572702,
        "dvar2": 0.000245384348091,
        "max": 0.274649739265,
        "mean": 0.160919040442,
        "median": 0.156446874142,
        "min": 0.0556389316916,
        "stdev": 0.0296591240913,
        "var": 0.000879663624801
    },
    "erbbands_kurtosis": {
        "dmean": 1.03628945351,
        "dmean2": 1.6776163578,
        "dvar": 1.762799263,
        "dvar2": 4.81235694885,
        "max": 10.5878896713,
        "mean": 0.579521894455,
        "median": 0.167110919952,
        "min": -1.78193426132,
        "stdev": 1.84044694901,
        "var": 3.38724517822
    },
    "erbbands_skewness": {
        "dmean": 0.369680941105,
        "dmean2": 0.547940731049,
        "dvar": 0.113803058863,
        "dvar2": 0.249199002981,
        "max": 2.0605225563,
        "mean": 0.0390231274068,
        "median": 0.401787161827,
        "min": -3.09368848801,
        "stdev": 1.03233909607,
        "var": 1.06572401524
    },
    "erbbands_spread": {
        "dmean": 10.6774368286,
        "dmean2": 16.3830394745,
        "dvar": 119.081787109,
        "dvar2": 297.211486816,
        "max": 107.184051514,
        "mean": 45.2926750183,
        "median": 40.8153152466,
        "min": 10.8947381973,
        "stdev": 20.4609394073,
        "var": 418.650024414
    },
    "hfc": {
        "dmean": 6.29693698883,
        "dmean2": 7.58582878113,
        "dvar": 146.62336731,
        "dvar2": 238.536483765,
        "max": 135.99861145,
        "mean": 13.5249996185,
        "median": 7.93372631073,
        "min": 1.23803076725e-16,
        "stdev": 19.5136108398,
        "var": 380.781005859
    },
    "loudness_ebu128": {
        "integrated": -12.5134906769,
        "loudness_range": 3.77583694458,
        "momentary": {
            "dmean": 0.749452769756,
            "dmean2": 0.951490163803,
            "dvar": 0.880481183529,
            "dvar2": 1.37348294258,
            "max": -8.38670539856,
            "mean": -13.0374174118,
            "median": -12.8551998138,
            "min": -21.0173110962,
            "stdev": 2.33791422844,
            "var": 5.46584272385
        },
        "short_term": {
            "dmean": 0.107674650848,
            "dmean2": 0.135243833065,
            "dvar": 0.0139884911478,
            "dvar2": 0.0242088213563,
            "max": -11.2408905029,
            "mean": -12.5354633331,
            "median": -12.1219749451,
            "min": -16.1450233459,
            "stdev": 1.31278538704,
            "var": 1.72340559959
        }
    },
    "melbands_crest": {
        "dmean": 3.0435552597,
        "dmean2": 4.96600151062,
        "dvar": 7.10374259949,
        "dvar2": 17.1463317871,
        "max": 28.1794834137,
        "mean": 16.896774292,
        "median": 16.8896656036,
        "min": 2.14230632782,
        "stdev": 5.11859607697,
        "var": 26.2000274658
    },
    "melbands_flatness_db": {
        "dmean": 0.027326181531,
        "dmean2": 0.0424166880548,
        "dvar": 0.000625180429779,
        "dvar2": 0.00137749745045,
        "max": 0.376900345087,
        "mean": 0.223907798529,
        "median": 0.223235681653,
        "min": 0.00745434639975,
        "stdev": 0.0548213012516,
        "var": 0.00300537515432
    },
    "melbands_kurtosis": {
        "dmean": 9.28211688995,
        "dmean2": 14.3503389359,
        "dvar": 113.685768127,
        "dvar2": 275.686981201,
        "max": 145.276443481,
        "mean": 20.0092086792,
        "median": 13.8330974579,
        "min": -1.44762396812,
        "stdev": 19.2357368469,
        "var": 370.013549805
    },
    "melbands_skewness": {
        "dmean": 0.878535807133,
        "dmean2": 1.36650323868,
        "dvar": 0.684038162231,
        "dvar2": 1.71981787682,
        "max": 10.3720550537,
        "mean": 3.61038446426,
        "median": 3.23561429977,
        "min": -0.470705002546,
        "stdev": 1.72392177582,
        "var": 2.97190618515
    },
    "melbands_spread": {
        "dmean": 7.55090808868,
        "dmean2": 12.2627897263,
        "dvar": 134.416259766,
        "dvar2": 350.826751709,
        "max": 182.056472778,
        "mean": 17.7926959991,
        "median": 12.4726314545,
        "min": 2.00377941132,
        "stdev": 17.3851795197,
        "var": 302.244476318
    },
    "pitch_salience": {
        "dmean": 0.0732405036688,
        "dmean2": 0.119441844523,
        "dvar": 0.00409433385357,
        "dvar2": 0.0096922358498,
        "max": 0.82992619276,
        "mean": 0.536454916,
        "median": 0.550116360188,
        "min": 0.154317110777,
        "stdev": 0.117185808718,
        "var": 0.0137325134128
    },
    "silence_rate_20dB": {
        "dmean": 0,
        "dmean2": 0,
        "dvar": 0,
        "dvar2": 0,
        "max": 1,
        "mean": 1,
        "median": 1,
        "min": 1,
        "stdev": 0,
        "var": 0
    },
    "silence_rate_30dB": {
        "dmean": 0,
        "dmean2": 0,
        "dvar": 0,
        "dvar2": 0,
        "max": 1,
        "mean": 1,
        "median": 1,
        "min": 1,
        "stdev": 0,
        "var": 0
    },
    "silence_rate_60dB": {
        "dmean": 0.0410216711462,
        "dmean2": 0.0821068957448,
        "dvar": 0.0393384769559,
        "dvar2": 0.0784660875797,
        "max": 1,
        "mean": 0.126063421369,
        "median": 0,
        "min": 0,
        "stdev": 0.33191254735,
        "var": 0.110165946186
    },
    "spectral_centroid": {
        "dmean": 332.342926025,
        "dmean2": 499.368896484,
        "dvar": 181911.609375,
        "dvar2": 333520.125,
        "max": 11594.1425781,
        "mean": 1331.21118164,
        "median": 1013.37078857,
        "min": 272.889251709,
        "stdev": 916.534057617,
        "var": 840034.625
    },
    "spectral_complexity": {
        "dmean": 4.44349861145,
        "dmean2": 6.26026344299,
        "dvar": 43.9975280762,
        "dvar2": 80.8990936279,
        "max": 59,
        "mean": 14.7594738007,
        "median": 12,
        "min": 0,
        "stdev": 10.8574571609,
        "var": 117.884368896
    },
    "spectral_decrease": {
        "dmean": 1.91687687945e-09,
        "dmean2": 3.06164693598e-09,
        "dvar": 7.7679414631e-18,
        "dvar2": 1.70732460711e-17,
        "max": 6.14768213272e-29,
        "mean": -5.54897150451e-09,
        "median": -4.51506698695e-09,
        "min": -2.72200093576e-08,
        "stdev": 4.41902336945e-09,
        "var": 1.95277672269e-17
    },
    "spectral_energy": {
        "dmean": 0.00755963288248,
        "dmean2": 0.0117982886732,
        "dvar": 0.000121102726553,
        "dvar2": 0.000249768199865,
        "max": 0.104721359909,
        "mean": 0.0221698470414,
        "median": 0.0178776904941,
        "min": 1.0997271732e-20,
        "stdev": 0.0178406145424,
        "var": 0.000318287522532
    },
    "spectral_energyband_high": {
        "dmean": 0.000601857260335,
        "dmean2": 0.000743850425351,
        "dvar": 2.54740029959e-06,
        "dvar2": 4.68251801067e-06,
        "max": 0.0224609524012,
        "mean": 0.00091516575776,
        "median": 0.000167831458384,
        "min": 8.01023852959e-21,
        "stdev": 0.00243607745506,
        "var": 5.93447384745e-06
    },
    "spectral_energyband_low": {
        "dmean": 0.0049064825289,
        "dmean2": 0.00801209826022,
        "dvar": 6.7402201239e-05,
        "dvar2": 0.000156194524607,
        "max": 0.0913046374917,
        "mean": 0.0104060946032,
        "median": 0.00320121878758,
        "min": 3.0246725709e-23,
        "stdev": 0.013507405296,
        "var": 0.00018244999228
    },
    "spectral_energyband_middle_high": {
        "dmean": 0.000995206646621,
        "dmean2": 0.00143117445987,
        "dvar": 2.39679548031e-06,
        "dvar2": 4.5573715397e-06,
        "max": 0.0223133321851,
        "mean": 0.00227195443586,
        "median": 0.00170300912578,
        "min": 1.54431146851e-21,
        "stdev": 0.00229523633607,
        "var": 5.26810981683e-06
    },
    "spectral_energyband_middle_low": {
        "dmean": 0.00348149775527,
        "dmean2": 0.00596848363057,
        "dvar": 2.12300219573e-05,
        "dvar2": 5.91179486946e-05,
        "max": 0.0431719571352,
        "mean": 0.00952898338437,
        "median": 0.00857562478632,
        "min": 3.09163499729e-22,
        "stdev": 0.00729902181774,
        "var": 5.32757185283e-05
    },
    "spectral_entropy": {
        "dmean": 0.149841785431,
        "dmean2": 0.204287335277,
        "dvar": 0.0231276545674,
        "dvar2": 0.0353843420744,
        "max": 9.80191707611,
        "mean": 7.56039953232,
        "median": 7.63069295883,
        "min": 6.07076978683,
        "stdev": 0.403504103422,
        "var": 0.16281555593
    },
    "spectral_flux": {
        "dmean": 0.0238191857934,
        "dmean2": 0.0366538874805,
        "dvar": 0.00100739835761,
        "dvar2": 0.00191910611466,
        "max": 0.268218994141,
        "mean": 0.0658410638571,
        "median": 0.0529865026474,
        "min": 1.0486787827e-10,
        "stdev": 0.0440510138869,
        "var": 0.00194049172569
    },
    "spectral_kurtosis": {
        "dmean": 1.67778289318,
        "dmean2": 2.86759185791,
        "dvar": 3.69967293739,
        "dvar2": 10.1955604553,
        "max": 23.1687011719,
        "mean": 3.68677806854,
        "median": 2.9025053978,
        "min": -1.21451580524,
        "stdev": 2.96726107597,
        "var": 8.80463886261
    },
    "spectral_rms": {
        "dmean": 0.0007870325353,
        "dmean2": 0.00117130600847,
        "dvar": 9.78248863248e-07,
        "dvar2": 1.7979622271e-06,
        "max": 0.0101077780128,
        "mean": 0.00422518933192,
        "median": 0.00417632004246,
        "min": 3.27552221457e-12,
        "stdev": 0.00194342492614,
        "var": 3.77690025744e-06
    },
    "spectral_rolloff": {
        "dmean": 557.03137207,
        "dmean2": 937.121704102,
        "dvar": 945192.3125,
        "dvar2": 2171105.75,
        "max": 19164.5507812,
        "mean": 1207.94189453,
        "median": 602.9296875,
        "min": 129.19921875,
        "stdev": 1597.22314453,
        "var": 2551121.75
    },
    "spectral_skewness": {
        "dmean": 0.245884597301,
        "dmean2": 0.386139512062,
        "dvar": 0.073629938066,
        "dvar2": 0.167281001806,
        "max": 3.74402117729,
        "mean": 1.23997855186,
        "median": 1.24317514896,
        "min": -0.0605686530471,
        "stdev": 0.628190636635,
        "var": 0.394623488188
    },
    "spectral_spread": {
        "dmean": 403488.5,
        "dmean2": 570109.9375,
        "dvar": 917396783104,
        "dvar2": 1.08796601958e+12,
        "max": 41261892,
        "mean": 4018512.5,
        "median": 4005249,
        "min": 2323586.25,
        "stdev": 1324080.25,
        "var": 1.7531886633e+12
    },
    "spectral_strongpeak": {
        "dmean": 0.184510782361,
        "dmean2": 0.311015695333,
        "dvar": 0.0577835887671,
        "dvar2": 0.151249215007,
        "max": 2.21668720245,
        "mean": 0.521070122719,
        "median": 0.444180816412,
        "min": 0,
        "stdev": 0.38221642375,
        "var": 0.146089404821
    },
    "zerocrossingrate": {
        "dmean": 0.00971913989633,
        "dmean2": 0.0111941592768,
        "dvar": 0.000160029201652,
        "dvar2": 0.0001763816108,
        "max": 0.51416015625,
        "mean": 0.0486729182303,
        "median": 0.03955078125,
        "min": 0.00537109375,
        "stdev": 0.0386452116072,
        "var": 0.00149345246609
    },
    "barkbands": {
        "dmean": [9.26884895307e-05, 0.00259596249089, 0.00308049633168, 0.00160533073358, 0.00177643576171, 0.000517012551427, 0.000184920601896, 0.000524824135937, 0.000219145062147, 0.000195874774363, 0.000121203542221, 0.000171805600985, 4.80487942696e-05, 6.42582162982e-05, 5.7455861679e-05, 0.000111627399747, 0.000104461731098, 0.000162189491675, 0.000298496626783, 0.000226638934691, 0.000173126798472, 0.000155739093316, 0.000117003015475, 5.01618342241e-05, 1.42254402817e-05, 2.43760496232e-06, 9.82663834748e-08],
        "dmean2": [0.000155954694492, 0.0035413580481, 0.00538440095261, 0.00288921152242, 0.00294036394916, 0.000857230101246, 0.000308202957967, 0.000756399473175, 0.000311979238177, 0.000300373416394, 0.000196169901756, 0.000243778908043, 7.92779173935e-05, 0.000108168715087, 9.51847905526e-05, 0.000189913713257, 0.000157041838975, 0.000239872286329, 0.000464826385723, 0.000332707510097, 0.00021483922319, 0.000218623696128, 0.000148442544742, 7.592838665e-05, 1.98879060918e-05, 3.57588692168e-06, 1.59572991265e-07],
        "dvar": [6.10491426301e-08, 2.00818903977e-05, 3.64945517504e-05, 7.75523949414e-06, 6.08695199844e-06, 7.78806906965e-07, 1.12876342939e-07, 7.48507602566e-07, 7.71391341914e-08, 5.56873764879e-08, 3.28638201097e-08, 6.18656628149e-08, 5.66422508896e-09, 1.12498099725e-08, 6.20700690845e-09, 5.66151605597e-08, 3.30353273625e-08, 2.50197331297e-07, 5.75846570428e-07, 3.72325615672e-07, 3.30133417492e-07, 1.7707387201e-07, 1.16110676629e-07, 2.21633076336e-08, 1.61674451604e-09, 1.99145588908e-10, 1.64002844508e-13],
        "dvar2": [1.70081008832e-07, 3.58148099622e-05, 9.86310406006e-05, 2.23664792429e-05, 1.66791487572e-05, 2.27824898502e-06, 3.26524968841e-07, 1.85038425116e-06, 1.58977414344e-07, 1.38952870543e-07, 8.15774257035e-08, 1.12768518079e-07, 1.42016318705e-08, 3.05027185732e-08, 1.53623229693e-08, 1.41257714859e-07, 7.83854829933e-08, 6.33354602542e-07, 1.18487230338e-06, 7.7917144381e-07, 5.84217616506e-07, 3.80463973215e-07, 2.25178752089e-07, 5.35306519112e-08, 3.37974404019e-09, 4.32845370657e-10, 3.91042748312e-13],
        "max": [0.00260298512876, 0.0358136184514, 0.0724515616894, 0.025411196053, 0.0262936782092, 0.0144346933812, 0.00552117079496, 0.0110540930182, 0.00441935565323, 0.00386732327752, 0.00210465653799, 0.00384497269988, 0.00116510735825, 0.00151373352855, 0.000679193704855, 0.00486094877124, 0.00226920424029, 0.0128456139937, 0.00790086016059, 0.00938207004219, 0.0158250406384, 0.00435441872105, 0.0034362624865, 0.00140200124588, 0.000551018340047, 0.000391559588024, 9.86057784758e-06],
        "mean": [8.71774973348e-05, 0.00323722139001, 0.00616479013115, 0.00241525308229, 0.00393283227459, 0.00125690072309, 0.000335487013217, 0.00104155100416, 0.000495777057949, 0.00046823718003, 0.000190911261598, 0.000332261231961, 8.00598281785e-05, 9.60928664426e-05, 9.29154994083e-05, 0.000126317565446, 0.000138832518132, 0.000240466019022, 0.000370174704585, 0.000317473255564, 0.000296246871585, 0.00022336706752, 0.000144411882502, 6.19981437922e-05, 1.98413745238e-05, 3.13540726893e-06, 1.24278741964e-07],
        "median": [1.83805932465e-05, 0.000599487568252, 0.000898546306416, 0.00147058209404, 0.00281774345785, 0.000800927344244, 0.000204050840694, 0.000546060677152, 0.00033605194767, 0.000314539880492, 0.000111088345875, 0.000202512805117, 5.37195664947e-05, 5.26724688825e-05, 5.96670652158e-05, 4.88258738187e-05, 5.53534700884e-05, 6.35884789517e-05, 7.70967599237e-05, 6.01912906859e-05, 4.51433115813e-05, 3.2870357245e-05, 1.77995334525e-05, 8.37906463858e-06, 2.84572115561e-06, 4.53111340448e-07, 1.49796566262e-08],
        "min": [1.78641890722e-24, 1.80873562446e-23, 5.88966391737e-24, 1.48612306866e-23, 2.64644516351e-23, 1.08924071014e-22, 5.14619091319e-23, 2.96257848915e-23, 6.76552797629e-23, 8.01218316638e-23, 1.81960265675e-23, 5.38623623794e-23, 7.2282283449e-23, 2.91144982642e-22, 1.07860774866e-22, 1.62155559239e-22, 1.55572584405e-22, 2.22996917249e-22, 2.43012451495e-22, 3.36729556175e-22, 3.06746732838e-22, 6.67420956412e-22, 8.37479879557e-22, 8.7704833477e-22, 1.05900282598e-21, 1.55743346916e-21, 2.78394259062e-21],
        "stdev": [0.000227367301704, 0.00565360952169, 0.0103748645633, 0.00327291572466, 0.00435850769281, 0.00153592869174, 0.000460917915916, 0.00138878030702, 0.000554344209377, 0.000512957689352, 0.000250409386354, 0.000429962732596, 0.000101082398032, 0.000126242448459, 9.7893855127e-05, 0.000257498963038, 0.000222325252253, 0.000523715920281, 0.000901822117157, 0.000814939732663, 0.00104069930967, 0.000562354165595, 0.000422683951911, 0.000169252976775, 5.14728162671e-05, 1.67808884726e-05, 5.07787262904e-07],
        "var": [5.16958920116e-08, 3.1963299989e-05, 0.000107637817564, 1.07119767563e-05, 1.89965885511e-05, 2.35907691604e-06, 2.12445314673e-07, 1.92871084437e-06, 3.07297511881e-07, 2.63125599531e-07, 6.27048635238e-08, 1.84867943176e-07, 1.02176507255e-08, 1.59371573716e-08, 9.58320622857e-09, 6.63057093675e-08, 4.94285181674e-08, 2.74278363577e-07, 8.13283122625e-07, 6.64126730499e-07, 1.08305516733e-06, 3.16242221743e-07, 1.78661721861e-07, 2.86465713373e-08, 2.64945088091e-09, 2.81598216967e-10, 2.57847915111e-13]
    },
    "erbbands": {
        "dmean": [0.0914036035538, 0.551341116428, 3.0418741703, 4.3173327446, 7.37659263611, 3.93845152855, 6.69308567047, 3.50582790375, 3.31059002876, 3.80480265617, 11.3293485641, 3.60520267487, 5.30388593674, 6.48239707947, 5.802298069, 4.45578813553, 2.14916133881, 3.13154864311, 2.75900125504, 4.06420230865, 5.70568656921, 5.72771406174, 7.58640098572, 14.6907968521, 12.252374649, 10.8955898285, 6.7935218811, 7.59364271164, 5.91725921631, 5.23793840408, 2.70720744133, 1.43485164642, 0.667680025101, 0.218154579401, 0.0724404975772, 0.0189546290785, 0.00249133165926, 0.000378006574465, 1.52584962052e-05, 9.39896108321e-06],
        "dmean2": [0.138752400875, 0.797667741776, 5.30649900436, 7.81829595566, 12.4402236938, 6.35744857788, 11.4012613297, 5.64797353745, 5.74878692627, 5.54042387009, 16.5488891602, 5.21727132797, 7.68570327759, 9.95782375336, 8.72093772888, 6.44263982773, 3.58087420464, 5.21255111694, 4.51392698288, 6.72631454468, 9.43929576874, 8.39361095428, 11.0452213287, 22.3381710052, 16.1445865631, 15.8332147598, 9.0502204895, 9.98700332642, 8.20826625824, 7.67467069626, 3.51861929893, 2.21354913712, 0.949752807617, 0.296257287264, 0.106958664954, 0.0276759825647, 0.00358107546344, 0.000556762854103, 2.06389595405e-05, 1.36775834108e-05],
        "dvar": [0.0362180508673, 0.866710960865, 34.9082374573, 56.5108222961, 150.675415039, 28.7085704803, 319.096191406, 28.1411514282, 36.3295211792, 26.8331012726, 369.705871582, 24.1220645905, 39.4960861206, 70.8343200684, 49.9188995361, 34.3081588745, 12.2555408478, 31.0043354034, 16.1948871613, 48.2757225037, 165.963912964, 91.9757766724, 247.960983276, 1799.80761719, 863.878356934, 940.932373047, 479.208435059, 555.614318848, 238.417007446, 258.988189697, 59.5511131287, 18.6019668579, 3.88057255745, 0.357814997435, 0.0534083545208, 0.011462518014, 0.000122178971651, 1.99376222554e-06, 2.08598849305e-09, 1.94481333815e-10],
        "dvar2": [0.0808806270361, 1.39026725292, 94.7358627319, 164.164428711, 393.739044189, 74.9789810181, 1020.79833984, 79.3045501709, 106.434402466, 60.0559158325, 970.801513672, 47.8523674011, 89.5661315918, 172.823226929, 111.482269287, 65.5154418945, 30.5180358887, 86.1075592041, 38.9663734436, 124.697593689, 409.268341064, 204.687332153, 556.895935059, 4259.30224609, 1563.6060791, 1972.06933594, 935.914001465, 903.775268555, 482.567199707, 625.01159668, 104.081802368, 44.6903800964, 8.99032211304, 0.740835011005, 0.115464560688, 0.0239351540804, 0.000226566597121, 4.36267782788e-06, 4.24495727458e-09, 3.11056236324e-10],
        "max": [1.54733026028, 7.05463409424, 61.7941741943, 69.2621612549, 139.671829224, 69.0075531006, 242.601928711, 101.694709778, 110.238075256, 63.4125061035, 257.281311035, 127.30418396, 76.6201248169, 119.968444824, 79.0565109253, 92.554145813, 60.7604255676, 91.0375595093, 46.4049224854, 66.0943908691, 299.552124023, 126.29434967, 341.310821533, 929.768676758, 367.645690918, 551.277954102, 496.983032227, 636.120239258, 151.449234009, 159.492843628, 75.1401138306, 37.0575942993, 19.8966846466, 5.85240125656, 4.75618886948, 2.94012856483, 0.307262212038, 0.0338289998472, 0.00112156255636, 0.000122613899293],
        "mean": [0.0840475857258, 0.85995721817, 5.74806976318, 7.80923700333, 12.4409399033, 9.91788578033, 15.930346489, 9.13521003723, 6.34214735031, 8.91864299774, 22.1411113739, 9.89479064941, 12.9743795395, 15.8179912567, 11.9647693634, 9.55675411224, 3.9091603756, 5.04466867447, 4.59602403641, 5.67463874817, 6.95339536667, 8.14925289154, 11.4678821564, 18.2682094574, 16.3576183319, 15.9274206161, 10.6010379791, 12.6683912277, 8.69027137756, 6.03400373459, 3.63857483864, 1.7709287405, 0.826756954193, 0.304940313101, 0.100012816489, 0.0251160208136, 0.003552980721, 0.000521623645909, 2.79856540146e-05, 2.72771376331e-05],
        "median": [0.0120181664824, 0.21288228035, 1.11916792393, 3.52602005005, 6.63530111313, 5.91285133362, 5.57562208176, 6.35822629929, 4.2083325386, 6.14372014999, 12.8408412933, 7.3895277977, 10.0526771545, 11.0541620255, 9.05350875854, 6.78021192551, 2.84628510475, 3.08767294884, 3.03323960304, 2.9760260582, 2.76173686981, 3.25959825516, 3.52806401253, 3.72086286545, 3.63953185081, 2.86048746109, 1.94636404514, 1.67953884602, 1.25473034382, 0.78200763464, 0.452784270048, 0.22117125988, 0.115057602525, 0.0435535758734, 0.0159155484289, 0.00379500538111, 0.00055511231767, 7.89009936852e-05, 1.4749816728e-05, 2.09506997635e-05],
        "min": [3.95694851491e-22, 4.31416654322e-21, 9.97252581565e-21, 2.33519678519e-20, 4.93576829741e-20, 7.15517369089e-20, 5.05580338416e-19, 1.06227630278e-18, 4.927599178e-19, 1.04335971615e-18, 1.13478302617e-18, 1.19468920389e-18, 1.51447526415e-18, 2.18968811572e-18, 9.50852385936e-19, 2.36466493942e-18, 3.74404403195e-18, 1.08445437985e-17, 1.14317096846e-17, 4.85940278939e-18, 1.07924099133e-17, 9.83064287914e-18, 1.18346641025e-17, 1.07246431416e-17, 1.26507638036e-17, 1.80361504786e-17, 1.41220178468e-17, 1.45255066234e-17, 2.4770899516e-17, 1.99341230115e-17, 2.49915449813e-17, 2.2190696538e-17, 1.31199853148e-17, 1.11212274416e-17, 7.78497228473e-18, 4.5754742849e-18, 2.95326412264e-18, 1.71649045072e-18, 3.87607063971e-19, 3.63536218006e-20],
        "stdev": [0.193332493305, 1.26755261421, 8.87056827545, 10.5760412216, 14.8656902313, 11.8944921494, 34.6380691528, 9.70168685913, 8.10163974762, 9.80075836182, 28.3628349304, 11.7392110825, 12.2537097931, 17.5110607147, 11.8212833405, 10.6382169724, 4.78736257553, 6.85614728928, 4.87563514709, 7.73325061798, 14.3519258499, 12.7497444153, 20.1257801056, 45.8106460571, 38.8113937378, 42.1049690247, 36.067276001, 41.6747817993, 21.9400901794, 17.3485736847, 10.2833147049, 4.9510345459, 2.25371170044, 0.768685042858, 0.29146707058, 0.132697254419, 0.0144537324086, 0.00181844376493, 6.10980714555e-05, 2.39148739638e-05],
        "var": [0.0373774543405, 1.60668969154, 78.6869888306, 111.852645874, 220.988754272, 141.478942871, 1199.79577637, 94.122718811, 65.6365737915, 96.0548553467, 804.450378418, 137.809066772, 150.153396606, 306.637268066, 139.742736816, 113.171653748, 22.918838501, 47.0067558289, 23.7718200684, 59.8031654358, 205.977767944, 162.555984497, 405.04699707, 2098.61523438, 1506.32421875, 1772.82849121, 1300.84851074, 1736.78735352, 481.367553711, 300.972991943, 105.746566772, 24.5127429962, 5.07921695709, 0.590876698494, 0.0849530547857, 0.0176085606217, 0.000208910380024, 3.30673788085e-06, 3.73297392997e-09, 5.71921177084e-10]
    },
    "gfcc": {
        "mean": [-45.4435195923, 109.830116272, -118.82951355, 58.7919502258, -64.9858474731, 9.51176071167, -30.089925766, 1.94629645348, -26.6680984497, -11.5696983337, -16.4368362427, -7.88799667358, -8.23841762543],
        "cov": [[10095.0224609, 827.344909668, -378.408294678, -650.9609375, -696.998657227, 26.1835784912, -14.8646888733, 251.232833862, -70.6937789917, -63.5673675537, -87.9176025391, -11.6433067322, -136.832824707], [827.344909668, 1268.15319824, -89.2906188965, -918.324707031, -136.128005981, -215.467498779, 88.2856674194, -95.5237731934, -2.73373174667, -97.4095840454, 22.9294147491, 10.9431390762, 64.4710998535], [-378.408294678, -89.2906188965, 184.296920776, 127.527267456, 59.7439002991, 54.4515533447, 27.5188426971, 4.08552408218, 17.0277290344, 12.2656602859, 9.36390399933, -4.1342830658, 6.71730041504], [-650.9609375, -918.324707031, 127.527267456, 1528.51208496, 359.92666626, 347.064422607, 55.3025474548, 41.4432067871, 139.274215698, 17.7442874908, 77.5971679688, -70.5641174316, 24.8690738678], [-696.998657227, -136.128005981, 59.7439002991, 359.92666626, 248.310058594, 68.5512695312, 30.8594436646, -7.0999584198, 39.1887130737, 0.465209782124, 12.6748142242, -16.7382926941, 5.68940114975], [26.1835784912, -215.467498779, 54.4515533447, 347.064422607, 68.5512695312, 156.252365112, 54.1695899963, 37.6843490601, 45.72473526, 3.11481118202, 33.0670547485, -12.7536716461, 3.39558124542], [-14.8646888733, 88.2856674194, 27.5188426971, 55.3025474548, 30.8594436646, 54.1695899963, 102.807647705, 19.089881897, 35.0848007202, -14.3847427368, 23.0335826874, -5.95770549774, 15.9148836136], [251.232833862, -95.5237731934, 4.08552408218, 41.4432067871, -7.0999584198, 37.6843490601, 19.089881897, 78.7380752563, 28.6758785248, 18.2929573059, -3.49062466621, 0.299093067646, -20.3360366821], [-70.6937789917, -2.73373174667, 17.0277290344, 139.274215698, 39.1887130737, 45.72473526, 35.0848007202, 28.6758785248, 86.8608169556, 9.50646877289, 33.7057647705, -7.66519498825, 10.4193611145], [-63.5673675537, -97.4095840454, 12.2656602859, 17.7442874908, 0.465209782124, 3.11481118202, -14.3847427368, 18.2929573059, 9.50646877289, 55.7087135315, 5.15012407303, 10.3144645691, -15.2195825577], [-87.9176025391, 22.9294147491, 9.36390399933, 77.5971679688, 12.6748142242, 33.0670547485, 23.0335826874, -3.49062466621, 33.7057647705, 5.15012407303, 65.0321273804, 20.099565506, 23.0560035706], [-11.6433067322, 10.9431390762, -4.1342830658, -70.5641174316, -16.7382926941, -12.7536716461, -5.95770549774, 0.299093067646, -7.66519498825, 10.3144645691, 20.099565506, 58.9686660767, 28.7115898132], [-136.832824707, 64.4710998535, 6.71730041504, 24.8690738678, 5.68940114975, 3.39558124542, 15.9148836136, -20.3360366821, 10.4193611145, -15.2195825577, 23.0560035706, 28.7115898132, 74.5068130493]],
        "icov": [[0.000249822129263, -0.000786564138252, 0.000240525434492, -0.000580879917834, 0.000915644341148, -0.000727789767552, 0.00067631265847, -0.00116572959814, 0.000692345609423, -0.000209318168345, 0.000811779580545, -0.000814272672869, 0.00073523435276], [-0.000786564138252, 0.00624163914472, -0.000185615106602, 0.00452678417787, -0.00399261433631, 0.00404076324776, -0.00534274615347, 0.00620623398572, -0.00508412159979, 0.00410271249712, -0.00566613161936, 0.00594048621133, -0.00437056133524], [0.000240525434492, -0.000185615106602, 0.00693663349375, 0.000202932526008, -0.000532455625944, -0.00308409426361, -0.000639452482574, 0.000377090618713, 0.000371793517843, -0.00214378815144, 0.00118995807134, 0.000247795484029, -0.000623678730335], [-0.000580879917834, 0.00452678417787, 0.000202932526008, 0.00563704874367, -0.00507703097537, -0.00171926186886, -0.00145200325642, 0.00461423955858, -0.00430115591735, 0.00219394196756, -0.00483895093203, 0.00695344852284, -0.00498056598008], [0.000915644341148, -0.00399261433631, -0.000532455625944, -0.00507703097537, 0.0109275570139, -0.00111817312427, 0.000855449237861, -0.00223048450425, 0.00138856470585, -0.00139751750976, 0.00630579376593, -0.00659373076633, 0.00541401049122], [-0.000727789767552, 0.00404076324776, -0.00308409426361, -0.00171926186886, -0.00111817312427, 0.0239250734448, -0.0105515951291, -0.0019069230184, -0.00101862137672, 0.00424279598519, -0.00872893538326, 0.00309165404178, -0.000733883818612], [0.00067631265847, -0.00534274615347, -0.000639452482574, -0.00145200325642, 0.000855449237861, -0.0105515951291, 0.0216096993536, -0.00878222752362, 0.00168359687086, 0.000677582400385, 0.00108238111716, -0.000534977531061, -0.000415729446104], [-0.00116572959814, 0.00620623398572, 0.000377090618713, 0.00461423955858, -0.00223048450425, -0.0019069230184, -0.00878222752362, 0.0311451759189, -0.0152965998277, -0.000797316315584, 0.00461246073246, -0.00291378772818, 0.00322045246139], [0.000692345609423, -0.00508412159979, 0.000371793517843, -0.00430115591735, 0.00138856470585, -0.00101862137672, 0.00168359687086, -0.0152965998277, 0.027481181547, -0.00678736669943, -0.0077886604704, 0.00487578520551, -0.00221964041702], [-0.000209318168345, 0.00410271249712, -0.00214378815144, 0.00219394196756, -0.00139751750976, 0.00424279598519, 0.000677582400385, -0.000797316315584, -0.00678736669943, 0.0287855044007, -0.00549700018018, -0.00435070414096, 0.00528428796679], [0.000811779580545, -0.00566613161936, 0.00118995807134, -0.00483895093203, 0.00630579376593, -0.00872893538326, 0.00108238111716, 0.00461246073246, -0.0077886604704, -0.00549700018018, 0.0357385575771, -0.0192591343075, 0.00517437839881], [-0.000814272672869, 0.00594048621133, 0.000247795484029, 0.00695344852284, -0.00659373076633, 0.00309165404178, -0.000534977531061, -0.00291378772818, 0.00487578520551, -0.00435070414096, -0.0192591343075, 0.0407941043377, -0.0206285435706], [0.00073523435276, -0.00437056133524, -0.000623678730335, -0.00498056598008, 0.00541401049122, -0.000733883818612, -0.000415729446104, 0.00322045246139, -0.00221964041702, 0.00528428796679, 0.00517437839881, -0.0206285435706, 0.0285981539637]]
    },
    "melbands": {
        "dmean": [0.000775015563704, 0.00115270772949, 0.000821718131192, 0.000384612038033, 0.000215730455238, 7.98238615971e-05, 4.89359917992e-05, 6.29723726888e-05, 7.71705526859e-05, 2.71289045486e-05, 2.75002712442e-05, 2.84706256934e-05, 1.95403245016e-05, 2.3394715754e-05, 5.38549329576e-06, 5.0943331189e-06, 5.9397093537e-06, 4.64180811832e-06, 4.5420169954e-06, 7.24873370928e-06, 6.46620310363e-06, 5.34505761607e-06, 8.27373696666e-06, 7.63059688325e-06, 1.30222861117e-05, 1.16325327326e-05, 7.63109983382e-06, 7.38817607271e-06, 4.31241778642e-06, 4.74545322504e-06, 4.5111014515e-06, 3.53399718733e-06, 3.50231016455e-06, 2.85979558612e-06, 1.60220872658e-06, 1.04662706235e-06, 8.65344816248e-07, 5.6583002106e-07, 2.22000750227e-07, 1.79129202138e-07],
        "dmean2": [0.00107641378418, 0.00191990542226, 0.00145565590356, 0.000635932199657, 0.000367007654859, 0.000129850581288, 8.43216912472e-05, 9.04904663912e-05, 0.000113006259198, 3.91035755456e-05, 3.98515148845e-05, 4.38053757534e-05, 3.08099661197e-05, 3.29540307575e-05, 9.03823638509e-06, 8.42194276629e-06, 9.92768764263e-06, 7.67245728639e-06, 7.54147595217e-06, 1.20050726764e-05, 1.07000851131e-05, 8.02468821348e-06, 1.33605963129e-05, 1.17105810205e-05, 2.03636827791e-05, 1.76725643541e-05, 1.10598120955e-05, 1.09703114504e-05, 6.3858192334e-06, 6.00259318162e-06, 5.73503484702e-06, 4.90221691507e-06, 5.58348529012e-06, 4.14796159021e-06, 2.18376362682e-06, 1.37377912779e-06, 1.41437794809e-06, 8.4087508867e-07, 2.8161383625e-07, 2.56714287161e-07],
        "dvar": [2.08182859751e-06, 4.60787578049e-06, 1.85990074897e-06, 2.93782903782e-07, 3.15032679055e-07, 1.44135379188e-08, 7.44991668356e-09, 9.08754849149e-09, 1.65245150896e-08, 1.20251164581e-09, 1.03157860032e-09, 1.37226419117e-09, 7.23665405378e-10, 1.19247645092e-09, 5.99703967041e-11, 5.36667932316e-11, 1.25126214945e-10, 4.89744113319e-11, 4.22063842209e-11, 1.86885548703e-10, 2.030544205e-10, 8.39746883141e-11, 2.14527617892e-10, 5.67864366641e-10, 1.4705331397e-09, 8.96883900481e-10, 4.02354483064e-10, 5.04712382998e-10, 1.67228328407e-10, 2.64165050945e-10, 1.80516795956e-10, 7.78026323922e-11, 1.29553562322e-10, 7.70184957477e-11, 2.12637841362e-11, 8.52193142442e-12, 7.25549524974e-12, 3.02865263251e-12, 3.26148667535e-13, 2.54004391305e-13],
        "dvar2": [4.15525573771e-06, 1.21630728245e-05, 5.24990582562e-06, 7.86276473264e-07, 9.82138772088e-07, 4.07869436003e-08, 2.19434674875e-08, 2.02375574077e-08, 4.32709050813e-08, 2.42962494568e-09, 2.34705055391e-09, 3.35563310472e-09, 1.77810755009e-09, 2.14036210977e-09, 1.53901932864e-10, 1.33490746235e-10, 3.48742673628e-10, 1.18430973362e-10, 1.02940843349e-10, 4.60267934876e-10, 5.05188668676e-10, 1.8072215946e-10, 5.26848564775e-10, 1.45082079683e-09, 3.5712897084e-09, 1.84907911205e-09, 8.6958518164e-10, 1.10121056718e-09, 3.54907936373e-10, 5.16088449753e-10, 2.88491092126e-10, 1.54053783619e-10, 3.48881007417e-10, 1.76344772118e-10, 3.73832700906e-11, 1.64219037674e-11, 1.86546212505e-11, 7.35432461457e-12, 6.18981753873e-13, 5.64518863513e-13],
        "max": [0.0117820808664, 0.0230607502162, 0.0110773826018, 0.00587943848222, 0.0080545656383, 0.00219394941814, 0.00150751729961, 0.00113957724534, 0.00171924650203, 0.000697096867952, 0.000389913329855, 0.000546588504221, 0.000308246351779, 0.000549571239389, 0.000130731350509, 0.000118831339933, 0.000193370273337, 8.74784891494e-05, 6.14774835412e-05, 0.000243456030148, 0.000305653578835, 0.000112558685942, 0.000162043943419, 0.000612623698544, 0.00082481733989, 0.000357491080649, 0.000330640439643, 0.000453856308013, 0.000250001321547, 0.00037777092075, 0.000362181861419, 8.58972343849e-05, 0.000121206903714, 8.29821292427e-05, 5.09829660587e-05, 2.8791362638e-05, 2.44576804107e-05, 1.77998535946e-05, 5.98792303208e-06, 5.00574606122e-06],
        "mean": [0.000827914860565, 0.00229438068345, 0.00158134207595, 0.000771205872297, 0.000551228120457, 0.000201258721063, 9.45991268964e-05, 0.000138602714287, 0.000156864567543, 6.4551953983e-05, 6.65660336381e-05, 6.74532129779e-05, 3.57585704478e-05, 4.44314209744e-05, 8.98696453078e-06, 8.84088785824e-06, 9.08283436729e-06, 7.10489985067e-06, 7.11524126018e-06, 8.53217989061e-06, 7.78260073275e-06, 7.54841994421e-06, 1.05315511973e-05, 1.10803912321e-05, 1.53242199303e-05, 1.40217998705e-05, 1.04828268377e-05, 1.0512127119e-05, 6.05314744462e-06, 7.5023149293e-06, 7.12378869139e-06, 5.1092256399e-06, 3.92628089685e-06, 3.19698415296e-06, 2.20354536395e-06, 1.35545883495e-06, 9.97006964099e-07, 6.55665871818e-07, 3.17849099929e-07, 2.34715145098e-07],
        "median": [0.0001336154819, 0.000561903754715, 0.000981745892204, 0.00063405855326, 0.000198416571948, 0.000141525582876, 6.36249824311e-05, 7.99281697255e-05, 9.62221529335e-05, 4.45371879323e-05, 5.05931020598e-05, 4.45089390269e-05, 2.51280034718e-05, 2.43787835643e-05, 6.02815816819e-06, 6.08998425378e-06, 5.2690929806e-06, 4.2970486902e-06, 4.58910017187e-06, 3.73857778868e-06, 2.94518986266e-06, 3.09555684908e-06, 3.33565958499e-06, 2.97300675811e-06, 2.90508501166e-06, 2.83172653326e-06, 2.10097800846e-06, 1.83835754797e-06, 1.20994877761e-06, 1.00910290257e-06, 9.0722448931e-07, 7.20074581295e-07, 5.33438878847e-07, 3.65137026392e-07, 2.73866703537e-07, 1.66488973719e-07, 1.19707706858e-07, 8.43851282184e-08, 5.24737764351e-08, 2.92371549193e-08],
        "min": [4.33596055491e-24, 5.49464734111e-24, 5.41018794829e-24, 3.34879895078e-24, 1.53651061235e-23, 2.25977804884e-23, 7.72921497314e-24, 9.58660532943e-24, 1.12026665687e-23, 7.33002847814e-24, 8.14445084327e-24, 9.94870983986e-24, 2.95398274519e-24, 3.37904939991e-24, 1.05879790516e-23, 7.88438549092e-24, 2.2255225529e-23, 2.09928761089e-23, 7.39437665104e-24, 6.19580111317e-24, 1.35012833954e-23, 8.77539205046e-24, 1.20647321882e-23, 1.00445674839e-23, 8.24883686255e-24, 9.72170722578e-24, 8.27078533952e-24, 1.30833780199e-23, 9.16003589468e-24, 6.91362903818e-24, 9.20336565762e-24, 1.60982766042e-23, 9.6313187544e-24, 1.10777670105e-23, 1.40746811438e-23, 1.58831526577e-23, 1.23701499429e-23, 9.09923759585e-24, 9.47468253306e-24, 9.07626044426e-24],
        "stdev": [0.00165067031048, 0.00326224323362, 0.00175539043266, 0.000707194732968, 0.00116317032371, 0.000215554784518, 0.000117452400445, 0.000174444590812, 0.000193041327293, 7.375243149e-05, 6.38646670268e-05, 7.67981327954e-05, 3.97492185584e-05, 6.03723528911e-05, 1.03912516352e-05, 1.07748146547e-05, 1.31488841362e-05, 8.22923811938e-06, 7.74626732891e-06, 1.52519378389e-05, 1.5891102521e-05, 1.18495609058e-05, 1.86512697837e-05, 2.45196515607e-05, 4.00307289965e-05, 3.48626999767e-05, 2.53624857578e-05, 2.97263304674e-05, 1.96851760847e-05, 2.72217876045e-05, 2.30638925132e-05, 1.28595565911e-05, 1.12709958557e-05, 9.58200962486e-06, 6.18749436399e-06, 3.78157324121e-06, 2.87051193482e-06, 1.87375292171e-06, 7.71583415826e-07, 6.14785506059e-07],
        "var": [2.72471265816e-06, 1.06422312456e-05, 3.08139556182e-06, 5.00124428982e-07, 1.35296522785e-06, 4.64638638675e-08, 1.37950655343e-08, 3.0430914677e-08, 3.72649537894e-08, 5.43942135778e-09, 4.07869604757e-09, 5.897953681e-09, 1.58000035277e-09, 3.64482111159e-09, 1.07978105623e-10, 1.16096625369e-10, 1.72893144246e-10, 6.77203640387e-11, 6.00046609622e-11, 2.32621602536e-10, 2.52527165845e-10, 1.40412098615e-10, 3.47869871797e-10, 6.01213356877e-10, 1.60245927638e-09, 1.21540788545e-09, 6.43255670951e-10, 8.83654704964e-10, 3.87506166044e-10, 7.41025685258e-10, 5.3194315619e-10, 1.6536820524e-10, 1.2703534058e-10, 9.18149029028e-11, 3.82850869063e-11, 1.43002961903e-11, 8.23983849901e-12, 3.51094999428e-12, 5.95340996553e-13, 3.7796125279e-13]
    },
    "melbands128": {
