{
"lowlevel": {
    "average_loudness": 0.980999112129,
    "barkbands_crest": {
        "dmean": 2.51392483711,
        "dmean2": 4.07235431671,
        "dvar": 5.64176845551,
        "dvar2": 15.3321990967,
        "max": 22.7465858459,
        "mean": 10.6802101135,
        "median": 10.0930204391,
        "min": 3.14537239075,
        "stdev": 3.5526664257,
        "var": 12.6214380264
    },
    "barkbands_flatness_db": {
        "dmean": 0.020238103345,
        "dmean2": 0.031055117026,
        "dvar": 0.000381203892175,
        "dvar2": 0.000893856573384,
        "max": 0.264287769794,
        "mean": 0.118053771555,
        "median": 0.115047678351,
        "min": 0.0249517243356,
        "stdev": 0.0331479124725,
        "var": 0.00109878415242
    },
    "barkbands_kurtosis": {
        "dmean": 2.89194655418,
        "dmean2": 4.67689323425,
        "dvar": 21.0801715851,
        "dvar2": 56.1957359314,
        "max": 72.166053772,
        "mean": 4.96630716324,
        "median": 3.92449045181,
        "min": -1.52033114433,
        "stdev": 5.11508274078,
        "var": 26.1640720367
    },
    "barkbands_skewness": {
        "dmean": 0.514901340008,
        "dmean2": 0.790157139301,
        "dvar": 0.311512887478,
        "dvar2": 0.761382818222,
        "max": 7.68497037888,
        "mean": 1.98706305027,
        "median": 1.99318397045,
        "min": -1.91390657425,
        "stdev": 0.858602166176,
        "var": 0.737197697163
    },
    "barkbands_spread": {
        "dmean": 5.57968997955,
        "dmean2": 8.54829216003,
        "dvar": 39.5180931091,
        "dvar2": 83.6553878784,
        "max": 74.4750213623,
        "mean": 21.9171352386,
        "median": 20.852394104,
        "min": 2.83609223366,
        "stdev": 9.57462310791,
        "var": 91.6734085083
    },
    "dissonance": {
        "dmean": 0.0168740935624,
        "dmean2": 0.0276792254299,
        "dvar": 0.000300205079839,
        "dvar2": 0.000739051727578,
        "max": 0.499892622232,
        "mean": 0.465568065643,
        "median": 0.47246325016,
        "min": 0.29779112339,
        "stdev": 0.0238759480417,
        "var": 0.0005700608599
    },
    "dynamic_complexity": 1.54471099377,
    "erbbands_crest": {
        "dmean": 2.39551639557,
        "dmean2": 3.85391664505,
        "dvar": 5.48486328125,
        "dvar2": 14.2395839691,
        "max": 22.2535686493,
        "mean": 7.9766960144,
        "median": 7.27648305893,
        "min": 2.6358487606,
        "stdev": 3.52333974838,
        "var": 12.4139232635
    },
    "erbbands_flatness_db": {
        "dmean": 0.0137840472162,
        "dmean2": 0.0205586403608,
        "dvar": 0.000165706442203,
        "dvar2": 0.000345335865859,
        "max": 0.204487144947,
        "mean": 0.114955231547,
        "median": 0.110620968044,
        "min": 0.0606339201331,
        "stdev": 0.0257618688047,
        "var": 0.000663673912641
    },
    "erbbands_kurtosis": {
        "dmean": 0.689122796059,
        "dmean2": 1.06892430782,
        "dvar": 0.73620390892,
        "dvar2": 1.71007287502,
        "max": 11.1811714172,
        "mean": 0.161183357239,
        "median": -0.342607021332,
        "min": -1.67666554451,
        "stdev": 1.47318124771,
        "var": 2.17026281357
    },
    "erbbands_skewness": {
        "dmean": 0.324403375387,
        "dmean2": 0.497900307178,
        "dvar": 0.0827752426267,
        "dvar2": 0.195175603032,
        "max": 2.67216205597,
        "mean": 0.354753553867,
        "median": 0.329746633768,
        "min": -1.17335963249,
        "stdev": 0.550713777542,
        "var": 0.303285688162
    },
    "erbbands_spread": {
        "dmean": 8.03774833679,
        "dmean2": 11.9962530136,
        "dvar": 63.1484603882,
        "dvar2": 140.318664551,
        "max": 100.803222656,
        "mean": 45.5625,
        "median": 46.2649650574,
        "min": 10.4683046341,
        "stdev": 15.3891572952,
        "var": 236.826156616
    },
    "hfc": {
        "dmean": 6.81713485718,
        "dmean2": 9.93156719208,
        "dvar": 59.8460350037,
        "dvar2": 133.734100342,
        "max": 85.2821350098,
        "mean": 26.2756061554,
        "median": 25.7076053619,
        "min": 1.17253209171e-16,
        "stdev": 12.0983085632,
        "var": 146.369064331
    },
    "loudness_ebu128": {
        "integrated": -7.92166233063,
        "loudness_range": 1.2529258728,
        "momentary": {
            "dmean": 0.313081502914,
            "dmean2": 0.368173748255,
            "dvar": 0.0481193326414,
            "dvar2": 0.0738388672471,
            "max": -6.11214256287,
            "mean": -7.9929265976,
            "median": -7.84520673752,
            "min": -10.4958839417,
            "stdev": 0.799689292908,
            "var": 0.639502942562
        },
        "short_term": {
            "dmean": 0.031305924058,
            "dmean2": 0.0314132533967,
            "dvar": 0.000697226903867,
            "dvar2": 0.000788730336353,
            "max": -7.10966587067,
            "mean": -7.91597604752,
            "median": -7.89775562286,
            "min": -9.24076080322,
            "stdev": 0.465875715017,
            "var": 0.21704018116
        }
    },
    "melbands_crest": {
        "dmean": 3.08365821838,
        "dmean2": 5.09873914719,
        "dvar": 7.81974172592,
        "dvar2": 21.3227443695,
        "max": 29.1763057709,
        "mean": 14.5555047989,
        "median": 14.1881160736,
        "min": 1.82493388653,
        "stdev": 4.13468647003,
        "var": 17.0956325531
    },
    "melbands_flatness_db": {
        "dmean": 0.024076808244,
        "dmean2": 0.0366926565766,
        "dvar": 0.000604619155638,
        "dvar2": 0.00134777033236,
        "max": 0.397906422615,
        "mean": 0.203924283385,
        "median": 0.203151643276,
        "min": 0.00636148406193,
        "stdev": 0.0432504750788,
        "var": 0.00187060353346
    },
    "melbands_kurtosis": {
        "dmean": 7.54643821716,
        "dmean2": 12.1043291092,
        "dvar": 153.152801514,
        "dvar2": 401.783996582,
        "max": 183.010040283,
        "mean": 15.9091625214,
        "median": 13.6426353455,
        "min": -1.18600559235,
        "stdev": 13.9453849792,
        "var": 194.473754883
    },
    "melbands_skewness": {
        "dmean": 0.745521903038,
        "dmean2": 1.14780962467,
        "dvar": 0.688733100891,
        "dvar2": 1.65546691418,
        "max": 11.886926651,
        "mean": 3.14954781532,
        "median": 3.10822534561,
        "min": -0.156335636973,
        "stdev": 1.32090818882,
        "var": 1.74479842186
    },
    "melbands_spread": {
        "dmean": 5.07004117966,
        "dmean2": 7.65936565399,
        "dvar": 37.2319755554,
        "dvar2": 72.8020172119,
        "max": 129.075241089,
        "mean": 17.4876499176,
        "median": 15.5924682617,
        "min": 1.7103073597,
        "stdev": 9.36924362183,
        "var": 87.7827224731
    },
    "pitch_salience": {
        "dmean": 0.0689547136426,
        "dmean2": 0.112559556961,
        "dvar": 0.00406940095127,
        "dvar2": 0.0104995714501,
        "max": 0.879023134708,
        "mean": 0.511906921864,
        "median": 0.508348166943,
        "min": 0.198263913393,
        "stdev": 0.0930168628693,
        "var": 0.00865213666111
    },
    "silence_rate_20dB": {
        "dmean": 0,
        "dmean2": 0,
        "dvar": 0,
        "dvar2": 0,
        "max": 1,
        "mean": 1,
        "median": 1,
        "min": 1,
        "stdev": 0,
        "var": 0
    },
    "silence_rate_30dB": {
        "dmean": 0.0572755411267,
        "dmean2": 0.114639811218,
        "dvar": 0.0539951808751,
        "dvar2": 0.129382610321,
        "max": 1,
        "mean": 0.955143094063,
        "median": 1,
        "min": 0,
        "stdev": 0.206988483667,
        "var": 0.0428442321718
    },
    "silence_rate_60dB": {
        "dmean": 0.000773993786424,
        "dmean2": 0.000774593325332,
        "dvar": 0.000773391744588,
        "dvar2": 0.000773989362642,
        "max": 1,
        "mean": 0.00077339517884,
        "median": 0,
        "min": 0,
        "stdev": 0.0277991909534,
        "var": 0.000772794999648
    },
    "spectral_centroid": {
        "dmean": 225.804199219,
        "dmean2": 347.017974854,
        "dvar": 117097.25,
        "dvar2": 174824.5,
        "max": 10547.6376953,
        "mean": 1145.36437988,
        "median": 1089.22717285,
        "min": 359.008575439,
        "stdev": 456.327148438,
        "var": 208234.46875
    },
    "spectral_complexity": {
        "dmean": 4.03018569946,
        "dmean2": 6.40898513794,
        "dvar": 15.8744478226,
        "dvar2": 36.9759635925,
        "max": 47,
        "mean": 23.6063423157,
        "median": 23,
        "min": 0,
        "stdev": 6.49615621567,
        "var": 42.2000427246
    },
    "spectral_decrease": {
        "dmean": 4.40868097584e-09,
        "dmean2": 6.93473456437e-09,
        "dvar": 4.25964663543e-17,
        "dvar2": 1.05402609434e-16,
        "max": 1.77363191828e-29,
        "mean": -1.24107595312e-08,
        "median": -1.12268327968e-08,
        "min": -5.57929418221e-08,
        "stdev": 7.34127825197e-09,
        "var": 5.38943638583e-17
    },
    "spectral_energy": {
        "dmean": 0.0170696470886,
        "dmean2": 0.0267496407032,
        "dvar": 0.000623412430286,
        "dvar2": 0.00153811147902,
        "max": 0.213014870882,
        "mean": 0.049224331975,
        "median": 0.0446302369237,
        "min": 1.05682776102e-20,
        "stdev": 0.0283745136112,
        "var": 0.00080511305714
    },
    "spectral_energyband_high": {
        "dmean": 0.000408854015404,
        "dmean2": 0.000618754129391,
        "dvar": 3.79472766099e-07,
        "dvar2": 8.85765075509e-07,
        "max": 0.00584854977205,
        "mean": 0.000973984890152,
        "median": 0.000809478515293,
        "min": 7.93760415543e-21,
        "stdev": 0.00079170265235,
        "var": 6.26793109859e-07
    },
    "spectral_energyband_low": {
        "dmean": 0.0124239623547,
        "dmean2": 0.0205307696015,
        "dvar": 0.000534816586878,
        "dvar2": 0.00136552890763,
        "max": 0.205109342933,
        "mean": 0.0248206723481,
        "median": 0.0210601128638,
        "min": 6.00206523677e-23,
        "stdev": 0.0229487139732,
        "var": 0.000526643474586
    },
    "spectral_energyband_middle_high": {
        "dmean": 0.00187676853966,
        "dmean2": 0.00276697077788,
        "dvar": 7.1269532782e-06,
        "dvar2": 1.31399210659e-05,
        "max": 0.0352457612753,
        "mean": 0.00615176325664,
        "median": 0.00439902255312,
        "min": 1.44979113935e-21,
        "stdev": 0.00524034397677,
        "var": 2.74612066278e-05
    },
    "spectral_energyband_middle_low": {
        "dmean": 0.00781497359276,
        "dmean2": 0.0120115512982,
        "dvar": 0.00010901135829,
        "dvar2": 0.000269364943961,
        "max": 0.142383947968,
        "mean": 0.0186092909425,
        "median": 0.0154697997496,
        "min": 2.30708038909e-22,
        "stdev": 0.0137089928612,
        "var": 0.000187936486327
    },
    "spectral_entropy": {
        "dmean": 0.142240762711,
        "dmean2": 0.209823355079,
        "dvar": 0.0224823914468,
        "dvar2": 0.0414266213775,
        "max": 9.80562114716,
        "mean": 7.73347234726,
        "median": 7.73184156418,
        "min": 6.71004486084,
        "stdev": 0.269671976566,
        "var": 0.0727229788899
    },
    "spectral_flux": {
        "dmean": 0.034737739712,
        "dmean2": 0.0519466027617,
        "dvar": 0.00158918066882,
        "dvar2": 0.00308153987862,
        "max": 0.404809236526,
        "mean": 0.108364507556,
        "median": 0.0908402949572,
        "min": 1.02802127921e-10,
        "stdev": 0.0565289370716,
        "var": 0.00319552072324
    },
    "spectral_kurtosis": {
        "dmean": 1.02026569843,
        "dmean2": 1.5783932209,
        "dvar": 1.48213243484,
        "dvar2": 3.06294131279,
        "max": 15.3626079559,
        "mean": 4.29321098328,
        "median": 3.94293928146,
        "min": -1.09554409981,
        "stdev": 1.98704278469,
        "var": 3.94833922386
    },
    "spectral_rms": {
        "dmean": 0.00110229931306,
        "dmean2": 0.00167757738382,
        "dvar": 1.76864989498e-06,
        "dvar2": 4.05188893637e-06,
        "max": 0.0144159421325,
        "mean": 0.00668685138226,
        "median": 0.00659861322492,
        "min": 3.21099895804e-12,
        "stdev": 0.00181927834637,
        "var": 3.30977377416e-06
    },
    "spectral_rolloff": {
        "dmean": 368.663970947,
        "dmean2": 600.461730957,
        "dvar": 734083,
        "dvar2": 1419102.625,
        "max": 18927.6855469,
        "mean": 902.460876465,
        "median": 667.529296875,
        "min": 86.1328125,
        "stdev": 964.975524902,
        "var": 931177.75
    },
    "spectral_skewness": {
        "dmean": 0.170819878578,
        "dmean2": 0.259687751532,
        "dvar": 0.0374896675348,
        "dvar2": 0.0782294794917,
        "max": 3.22406220436,
        "mean": 1.73145186901,
        "median": 1.71660232544,
        "min": 0.0576553419232,
        "stdev": 0.328571289778,
        "var": 0.107959091663
    },
    "spectral_spread": {
        "dmean": 625667.4375,
        "dmean2": 888159.6875,
        "dvar": 1.37233996186e+12,
        "dvar2": 1.82797939507e+12,
        "max": 38167056,
        "mean": 5667681.5,
        "median": 5596011,
        "min": 2382651.5,
        "stdev": 1472307,
        "var": 2.16768787251e+12
    },
    "spectral_strongpeak": {
        "dmean": 0.416300594807,
        "dmean2": 0.716312110424,
        "dvar": 0.481229275465,
        "dvar2": 1.26680707932,
        "max": 6.10346746445,
        "mean": 0.699243247509,
        "median": 0.421305298805,
        "min": 0,
        "stdev": 0.767956614494,
        "var": 0.589757323265
    },
    "zerocrossingrate": {
        "dmean": 0.0102648660541,
        "dmean2": 0.0130285238847,
        "dvar": 0.000283527740976,
        "dvar2": 0.000338530546287,
        "max": 0.5029296875,
        "mean": 0.0561670698225,
        "median": 0.052734375,
        "min": 0.0107421875,
        "stdev": 0.0245630890131,
        "var": 0.000603345339186
    },
    "barkbands": {
        "dmean": [0.000512056110892, 0.00851925741881, 0.00459164567292, 0.0023945257999, 0.00397774623707, 0.00172636052594, 0.000814164639451, 0.0013780342415, 0.00119463750161, 0.000668455206323, 0.000673092494253, 0.000380907586077, 0.00030815062928, 0.000453893881058, 0.000308505434077, 0.000235857776715, 0.000216811473365, 0.000206284530577, 0.000136663977173, 0.000106410654553, 7.77330860728e-05, 7.7486554801e-05, 8.78472128534e-05, 7.08428924554e-05, 0.000103581522126, 5.62203058507e-05, 5.40469090993e-06],
        "dmean2": [0.000813597464003, 0.014247585088, 0.00801253970712, 0.00407325290143, 0.00638836156577, 0.00261791679077, 0.00129388389178, 0.0022166389972, 0.00178048375528, 0.00103173241951, 0.0009981271578, 0.000618721416686, 0.000477232038975, 0.000714081805199, 0.00051509757759, 0.000379720557248, 0.000361645332305, 0.000337959296303, 0.000230334946536, 0.00018017666298, 0.000132179717184, 0.000126464117784, 0.000138600749779, 0.000106395920739, 0.00015269270807, 8.66716509336e-05, 8.76710419107e-06],
        "dvar": [9.97961024041e-07, 0.000331270566676, 9.15830169106e-05, 3.61208112736e-05, 3.2173931686e-05, 1.27743951452e-05, 5.05058915223e-06, 9.85875249171e-06, 5.44308340977e-06, 2.95214704238e-06, 2.82476344182e-06, 1.04911487142e-06, 4.89484762056e-07, 5.15211127095e-07, 1.9641406368e-07, 1.00442917983e-07, 8.29858635143e-08, 7.13348100589e-08, 4.68512446616e-08, 2.70029154592e-08, 2.50189966522e-08, 2.1148055751e-08, 2.26047749408e-08, 1.15904361664e-08, 2.04081000987e-08, 7.74957520377e-09, 1.24778756772e-10],
        "dvar2": [2.37264930547e-06, 0.000881422660314, 0.000255413731793, 9.63255224633e-05, 8.31666620797e-05, 2.79290125036e-05, 1.20858385344e-05, 2.58253021457e-05, 1.25280548673e-05, 6.51681330055e-06, 6.74970578984e-06, 2.80276776721e-06, 1.11136182568e-06, 1.30167961743e-06, 4.92785716233e-07, 2.59384421497e-07, 2.1472406786e-07, 1.81800970722e-07, 1.27421387219e-07, 6.98704027968e-08, 6.76536089372e-08, 5.07419350981e-08, 5.48408749523e-08, 2.53373269032e-08, 4.32677715878e-08, 1.75822467696e-08, 3.18310211522e-10],
        "max": [0.00891245435923, 0.165880426764, 0.110948577523, 0.0893966853619, 0.0726898387074, 0.0550408437848, 0.0371804572642, 0.0431171245873, 0.0300064198673, 0.021616904065, 0.0252308156341, 0.021816521883, 0.0112176956609, 0.00771924573928, 0.00524002267048, 0.00614937581122, 0.00321439187974, 0.00336290546693, 0.00232108309865, 0.00154702272266, 0.00198795902543, 0.00172967580147, 0.00245504477061, 0.00158577808179, 0.00149263639469, 0.00138932140544, 0.000139147319715],
        "mean": [0.000817296677269, 0.0165760815144, 0.00619585998356, 0.00264932308346, 0.00731262564659, 0.00348463933915, 0.00108069891576, 0.00176155101508, 0.00210961629637, 0.00100479496177, 0.00113486556802, 0.000604026194196, 0.000501255097333, 0.000775660271756, 0.000536300125532, 0.000466737372335, 0.000450433697551, 0.00041806336958, 0.000266572606051, 0.000196202847292, 0.000115325274237, 0.000128104205942, 0.000165042132721, 0.000138191011501, 0.000222998860409, 0.000106210623926, 5.89281034991e-06],
        "median": [0.000471433770144, 0.0142733957618, 0.00396207068115, 0.00108297541738, 0.00438985228539, 0.00180032337084, 0.000383182545193, 0.000658892444335, 0.000824479502626, 0.000226266973186, 0.000343292194884, 0.000272334669717, 0.000247714022407, 0.000447332073236, 0.000374738854589, 0.000373652292183, 0.000324326800182, 0.000324352935422, 0.00021577726875, 0.000148026170791, 7.04737394699e-05, 8.53389574331e-05, 0.000124741578475, 0.000102271296782, 0.000173045642441, 7.55415385356e-05, 2.35270272242e-06],
        "min": [1.15275431553e-23, 3.67687626161e-23, 1.4556124532e-23, 6.33566930711e-24, 1.61975074175e-23, 2.83108862912e-23, 3.39376102471e-23, 3.33335889183e-23, 4.96342509432e-23, 1.50962557005e-22, 1.00939334527e-22, 4.77458473093e-23, 1.40953540327e-22, 1.15147981608e-22, 7.66668796453e-23, 1.28851707222e-22, 1.99045408849e-22, 8.3333562088e-23, 2.3880220618e-22, 3.18950878047e-22, 4.5162380225e-22, 7.25765866268e-22, 6.74015025786e-22, 9.79757166349e-22, 1.18835157868e-21, 1.53232714413e-21, 2.63977749026e-21],
        "stdev": [0.00115816446487, 0.0171885825694, 0.00868295039982, 0.00560473883525, 0.00840983353555, 0.00494888611138, 0.00245557609014, 0.00311387656257, 0.00333872856572, 0.00238012289628, 0.00264060753398, 0.00112859974615, 0.000882173306309, 0.000948920671362, 0.000558284460567, 0.000417471397668, 0.000441360461991, 0.000346713990439, 0.000224055213039, 0.000180368966539, 0.000163646909641, 0.000169592400198, 0.000178032103577, 0.000141798198456, 0.000200294685783, 0.000111444445793, 1.11989265861e-05],
        "var": [1.34134484142e-06, 0.000295447389362, 7.53936328692e-05, 3.14130957122e-05, 7.07253057044e-05, 2.44914735958e-05, 6.02985392106e-06, 9.69622760749e-06, 1.11471090349e-05, 5.66498511034e-06, 6.97280847817e-06, 1.27373743908e-06, 7.78229775733e-07, 9.00450459085e-07, 3.11681560561e-07, 1.74282362764e-07, 1.94799056885e-07, 1.20210586374e-07, 5.02007360126e-08, 3.25329665429e-08, 2.67803130782e-08, 2.87615797845e-08, 3.16954320567e-08, 2.01067287264e-08, 4.01179605092e-08, 1.24198642482e-08, 1.25415955399e-10]
    },
    "erbbands": {
        "dmean": [0.270786643028, 1.91418516636, 5.21678161621, 6.16307926178, 8.87756824493, 16.1044063568, 18.4003238678, 13.4471521378, 8.51949119568, 20.6681575775, 30.3646774292, 22.0863647461, 24.4037857056, 25.8359012604, 17.0086574554, 13.1448316574, 12.5823335648, 23.0086631775, 14.9168729782, 13.7135028839, 13.9177131653, 12.7268600464, 10.8021125793, 7.21194124222, 6.8886756897, 4.9822511673, 3.42749142647, 2.98196744919, 2.80674123764, 2.73788452148, 2.55965709686, 1.52132511139, 1.32375431061, 1.31539666653, 0.715954780579, 0.262088865042, 0.114536181092, 0.0196020323783, 0.000532916688826, 2.69961055892e-05],
        "dmean2": [0.450626373291, 3.23672556877, 9.07821369171, 10.5254411697, 14.8699760437, 25.8912811279, 28.5078220367, 20.1444549561, 13.5184650421, 32.8897972107, 48.0028190613, 32.6762542725, 38.0617179871, 38.3073272705, 25.5716018677, 21.3792896271, 18.9818725586, 35.3090286255, 24.3641681671, 22.7358493805, 22.2946300507, 21.2153759003, 17.6699028015, 11.9658079147, 11.5181436539, 8.44830226898, 5.83254051208, 4.97341108322, 4.51607704163, 4.39575386047, 4.0887055397, 2.36529874802, 1.97366082668, 2.0050265789, 1.05706000328, 0.401945382357, 0.1750459373, 0.0304131992161, 0.000841841334477, 4.07830739277e-05],
        "dvar": [0.322451978922, 17.739408493, 109.552619934, 222.106552124, 342.41192627, 686.178955078, 739.296691895, 1086.39575195, 607.887939453, 2109.15380859, 4172.11279297, 2334.31982422, 3509.11376953, 4095.83276367, 1485.02563477, 1622.16955566, 919.488586426, 1550.34899902, 660.051574707, 411.752166748, 369.207366943, 313.08215332, 190.597930908, 79.3769683838, 148.309860229, 59.8503723145, 40.8213272095, 43.9028892517, 29.7282791138, 23.3516788483, 18.6380138397, 5.18186092377, 4.01945972443, 3.56552767754, 0.940320253372, 0.201231569052, 0.0292706657201, 0.00111774727702, 1.15414820812e-06, 1.15177478666e-09],
        "dvar2": [0.85267406702, 47.8003807068, 299.64553833, 594.500244141, 906.809814453, 1759.60473633, 1703.91271973, 2403.89941406, 1511.75231934, 5059.796875, 10752.3652344, 5018.40087891, 8638.65039062, 9382.59375, 3182.68579102, 4399.16015625, 2031.90893555, 3710.03686523, 1752.5065918, 1021.70495605, 960.438049316, 808.239318848, 454.197998047, 215.49987793, 405.737426758, 158.145339966, 111.570777893, 118.188056946, 73.9261550903, 54.2124633789, 46.9239883423, 12.2927341461, 8.65882205963, 7.85490846634, 2.01012539864, 0.438387811184, 0.0707653611898, 0.00266235205345, 2.89209606308e-06, 2.69983568835e-09],
        "max": [5.50518417358, 39.0026893616, 136.349868774, 186.060577393, 267.7003479, 369.813659668, 339.021514893, 663.281555176, 405.527374268, 655.204772949, 955.368041992, 726.176757812, 1038.19384766, 774.886169434, 853.606689453, 858.776550293, 586.610046387, 493.059356689, 428.352874756, 295.625915527, 400.228729248, 220.331939697, 184.07875061, 103.395072937, 140.000259399, 78.3934631348, 56.6764259338, 90.3646316528, 63.5118865967, 56.969783783, 72.6426925659, 32.4977836609, 28.0117282867, 18.790977478, 12.2248449326, 5.47302865982, 2.35086750984, 0.404776066542, 0.0141831608489, 0.000340291735483],
        "mean": [0.491244882345, 3.57726955414, 7.95215845108, 7.65594577789, 11.9666051865, 28.5149116516, 36.0802307129, 26.6803398132, 13.3847322464, 28.7999839783, 43.7986412048, 38.8369903564, 40.6535987854, 42.7316589355, 33.4539375305, 21.2864704132, 22.5869979858, 40.8496208191, 27.6474647522, 26.1284561157, 28.1563854218, 28.4422855377, 23.16223526, 16.4463176727, 12.97336483, 9.17977142334, 5.62782049179, 4.17806911469, 4.36770868301, 4.94502735138, 4.68013429642, 2.94366121292, 2.48954963684, 2.63076996803, 1.48040056229, 0.471838533878, 0.211178123951, 0.0316956304014, 0.000799212430138, 8.09766497696e-05],
        "median": [0.347863525152, 2.93306708336, 5.74594020844, 4.08980894089, 5.7927942276, 15.1022996902, 18.511882782, 14.3357362747, 7.10969686508, 12.7710990906, 17.0908985138, 15.7776660919, 15.964307785, 12.0115880966, 14.1745262146, 10.1824016571, 11.8608636856, 22.5240039825, 18.9477519989, 19.3720645905, 21.8535614014, 20.0931091309, 17.5345191956, 13.8900747299, 10.4702291489, 7.01314401627, 3.82521295547, 2.33323812485, 2.73725104332, 3.64398384094, 3.53093671799, 2.26604199409, 1.77717030048, 1.91146492958, 1.11940920353, 0.325028330088, 0.141312032938, 0.0192246586084, 0.00045105186291, 7.22715631127e-05],
        "min": [1.14323873135e-21, 7.25274384467e-21, 1.65155511181e-20, 2.50346648598e-20, 1.89061967925e-20, 5.27979982275e-20, 1.38570239718e-19, 3.14060626252e-19, 3.33241652187e-19, 6.16876145666e-19, 8.78373166303e-19, 1.01027269844e-18, 3.6384229939e-18, 4.65000863477e-18, 4.80355155443e-18, 2.03195531946e-18, 5.1032543932e-18, 6.95488495951e-18, 4.13471274986e-18, 5.28056345263e-18, 8.72464449751e-18, 1.00980116414e-17, 5.15354532008e-18, 7.16897005539e-18, 1.58824765659e-17, 1.35020178535e-17, 1.96937261275e-17, 1.55841340257e-17, 2.55257167142e-17, 2.43475749483e-17, 1.94995967639e-17, 1.85913177098e-17, 1.64343334203e-17, 1.51306405267e-17, 7.72990273545e-18, 4.74246343901e-18, 3.24158743772e-18, 1.20244950221e-18, 2.91123424853e-19, 4.41690568725e-20],
        "stdev": [0.56948184967, 3.91013503075, 9.78772830963, 13.7811508179, 19.1213207245, 41.0601081848, 42.9371986389, 40.8802146912, 25.5005321503, 50.281414032, 68.5994033813, 69.6893692017, 72.0095062256, 87.608833313, 68.2390213013, 40.645614624, 38.9077262878, 55.3917617798, 29.592880249, 25.3182449341, 26.0852127075, 28.2287807465, 19.5364437103, 11.2959728241, 11.8383483887, 8.26408576965, 6.55593490601, 6.82024335861, 6.19853496552, 5.72702693939, 5.02009010315, 2.88812279701, 2.67677760124, 2.59180569649, 1.34418082237, 0.554135262966, 0.221085906029, 0.039446618408, 0.00113984581549, 4.3835156248e-05],
        "var": [0.324309587479, 15.2891559601, 95.7996292114, 189.920120239, 365.62487793, 1685.93249512, 1843.60290527, 1671.1920166, 650.277160645, 2528.22045898, 4705.87841797, 4856.60839844, 5185.36914062, 7675.30761719, 4656.56396484, 1652.06591797, 1513.81103516, 3068.24707031, 875.738586426, 641.01348877, 680.438293457, 796.864013672, 381.672637939, 127.598991394, 140.146499634, 68.2951202393, 42.9802818298, 46.5157203674, 38.421836853, 32.7988395691, 25.2013053894, 8.34125328064, 7.16513776779, 6.71745634079, 1.80682206154, 0.30706590414, 0.0488789789379, 0.00155603582971, 1.2992484244e-06, 1.92152094236e-09]
    },
    "gfcc": {
        "mean": [57.1553497314, 81.5414276123, -92.2712478638, 29.7414512634, -45.0838279724, 20.4297447205, -45.5748176575, 21.6124973297, -25.868139267, 6.1003818512, -18.0389194489, 5.55476522446, -11.7159023285],
        "cov": [[2439.04858398, -210.932617188, -20.283449173, 107.455413818, -128.893280029, 143.445846558, 31.1769428253, 54.6057052612, -27.9541568756, 13.0441617966, -91.2922515869, 39.5292625427, -48.8425331116], [-210.932617188, 420.05670166, -18.5878295898, -60.3985748291, 83.5533828735, -0.994103372097, 49.888999939, 32.2346191406, 44.7324142456, -17.6949958801, 62.633518219, -19.4352779388, 35.4879684448], [-20.283449173, -18.5878295898, 216.638839722, 59.8422203064, 37.1739387512, -17.3180274963, -13.4307365417, 21.5957641602, 23.6673126221, 24.2764148712, 2.05802774429, 17.1296234131, -1.68867194653], [107.455413818, -60.3985748291, 59.8422203064, 278.451202393, 48.1433792114, -18.1215381622, -16.2215518951, -8.89199924469, 25.0705757141, 2.98406410217, -6.62222766876, 14.3868322372, 26.8991203308], [-128.893280029, 83.5533828735, 37.1739387512, 48.1433792114, 186.969360352, 25.1987438202, 32.6337165833, 20.115026474, 5.4339299202, 19.2669181824, 26.696428299, -1.20105457306, 13.9077100754], [143.445846558, -0.994103372097, -17.3180274963, -18.1215381622, 25.1987438202, 206.859664917, 80.6959152222, 6.600938797, -2.88534450531, -2.33032560349, 18.4684906006, -9.63776397705, 3.73143100739], [31.1769428253, 49.888999939, -13.4307365417, -16.2215518951, 32.6337165833, 80.6959152222, 125.708145142, 24.7814559937, 19.2377376556, 1.85839867592, 6.85602140427, 1.62594974041, -4.02301740646], [54.6057052612, 32.2346191406, 21.5957641602, -8.89199924469, 20.115026474, 6.600938797, 24.7814559937, 96.6148147583, 40.6845397949, 9.99515533447, 3.52352356911, -0.262230843306, 7.831990242], [-27.9541568756, 44.7324142456, 23.6673126221, 25.0705757141, 5.4339299202, -2.88534450531, 19.2377376556, 40.6845397949, 97.6729507446, 22.3198223114, 12.0847063065, 12.2556018829, 0.495078295469], [13.0441617966, -17.6949958801, 24.2764148712, 2.98406410217, 19.2669181824, -2.33032560349, 1.85839867592, 9.99515533447, 22.3198223114, 66.0776596069, 27.4092845917, 7.37528800964, -2.12208604813], [-91.2922515869, 62.633518219, 2.05802774429, -6.62222766876, 26.696428299, 18.4684906006, 6.85602140427, 3.52352356911, 12.0847063065, 27.4092845917, 76.3931732178, 22.4058227539, 16.2950496674], [39.5292625427, -19.4352779388, 17.1296234131, 14.3868322372, -1.20105457306, -9.63776397705, 1.62594974041, -0.262230843306, 12.2556018829, 7.37528800964, 22.4058227539, 64.5791015625, 18.8576717377], [-48.8425331116, 35.4879684448, -1.68867194653, 26.8991203308, 13.9077100754, 3.73143100739, -4.02301740646, 7.831990242, 0.495078295469, -2.12208604813, 16.2950496674, 18.8576717377, 64.2885437012]],
        "icov": [[0.000621145416517, -0.000378014461603, 0.000252941419603, -0.000619741273113, 0.000661868019961, -0.000862386601511, 0.000351026887074, -0.000929244677536, 0.000950246991124, -0.00110563682392, 0.00142251199577, -0.00138919253368, 0.000991687295027], [-0.000378014461603, 0.00526553066447, -0.000386737257941, 0.00209174468182, -0.0023821212817, 0.00246256799437, -0.00231071491726, 0.00130536500365, -0.00394522259012, 0.0053971298039, -0.00623890478164, 0.00523289991543, -0.00375548563898], [0.000252941419603, -0.000386737257941, 0.00571040110663, -0.00130886002444, -0.000609250972047, -0.000552662240807, 0.00136069965083, -0.00168636487797, 0.000271745026112, -0.00232031312771, 0.00181802769657, -0.00256349775009, 0.00177021464333], [-0.000619741273113, 0.00209174468182, -0.00130886002444, 0.00572771579027, -0.0026223952882, 0.00157296343241, -0.000465076649562, 0.00277471612208, -0.00391171686351, 0.00296581839211, -0.00177949515637, 0.00250851502642, -0.00410431111231], [0.000661868019961, -0.0023821212817, -0.000609250972047, -0.0026223952882, 0.00829906016588, -0.00156951032113, -0.000804187671747, -0.00240637431853, 0.00371463270858, -0.00405510514975, 0.00120660790708, -0.00151928642299, 0.00141497142613], [-0.000862386601511, 0.00246256799437, -0.000552662240807, 0.00157296343241, -0.00156951032113, 0.00885669142008, -0.00592921394855, 0.00203886022791, -0.00181252311449, 0.0040050521493, -0.00609269691631, 0.00551066407934, -0.00340713676997], [0.000351026887074, -0.00231071491726, 0.00136069965083, -0.000465076649562, -0.000804187671747, -0.00592921394855, 0.0134417479858, -0.00285159167834, -9.89732943708e-05, -0.00217891274951, 0.00426510209218, -0.00471277395263, 0.00370939308777], [-0.000929244677536, 0.00130536500365, -0.00168636487797, 0.00277471612208, -0.00240637431853, 0.00203886022791, -0.00285159167834, 0.0156966540962, -0.0077729774639, 0.00222589285113, -0.00183177227154, 0.00451621273533, -0.00504740001634], [0.000950246991124, -0.00394522259012, 0.000271745026112, -0.00391171686351, 0.00371463270858, -0.00181252311449, -9.89732943708e-05, -0.0077729774639, 0.0184224173427, -0.00828396901488, 0.00447554001585, -0.00683327531442, 0.00524063315243], [-0.00110563682392, 0.0053971298039, -0.00232031312771, 0.00296581839211, -0.00405510514975, 0.0040050521493, -0.00217891274951, 0.00222589285113, -0.00828396901488, 0.0265965461731, -0.0147243058309, 0.00715984636918, -0.00231022690423], [0.00142251199577, -0.00623890478164, 0.00181802769657, -0.00177949515637, 0.00120660790708, -0.00609269691631, 0.00426510209218, -0.00183177227154, 0.00447554001585, -0.0147243058309, 0.0285463966429, -0.0135240824893, 0.00211058044806], [-0.00138919253368, 0.00523289991543, -0.00256349775009, 0.00250851502642, -0.00151928642299, 0.00551066407934, -0.00471277395263, 0.00451621273533, -0.00683327531442, 0.00715984636918, -0.0135240824893, 0.0270907953382, -0.0101268850267], [0.000991687295027, -0.00375548563898, 0.00177021464333, -0.00410431111231, 0.00141497142613, -0.00340713676997, 0.00370939308777, -0.00504740001634, 0.00524063315243, -0.00231022690423, 0.00211058044806, -0.0101268850267, 0.0232027620077]]
    },
    "melbands": {
        "dmean": [0.00233278656378, 0.00243516592309, 0.00112685654312, 0.000764796102885, 0.000704471895006, 0.000297065911582, 0.000141567346873, 0.000251193821896, 0.000250166049227, 0.000141630865983, 0.000127095874632, 0.000106199076981, 7.70229962654e-05, 4.64909899165e-05, 2.91999476758e-05, 3.80947421945e-05, 4.30285908806e-05, 2.61914319708e-05, 2.49768236245e-05, 1.48027556861e-05, 1.70991370396e-05, 1.42521203088e-05, 1.13763126137e-05, 1.06168708953e-05, 5.82789107284e-06, 5.68304722037e-06, 4.69580390927e-06, 3.39700341101e-06, 2.35002858062e-06, 1.97106987798e-06, 1.73258649738e-06, 1.68619897067e-06, 1.52792279096e-06, 1.62390199421e-06, 1.60946899541e-06, 1.33394689783e-06, 8.73624799169e-07, 9.62558488027e-07, 1.05777303361e-06, 1.22408005154e-06],
        "dmean2": [0.00386533769779, 0.00417666556314, 0.00190900999587, 0.00123598997016, 0.00111270800699, 0.00044443862862, 0.000224308270845, 0.00039921735879, 0.000392651709262, 0.000208423662116, 0.000198004083359, 0.000157788337674, 0.000115401366202, 7.50695544411e-05, 4.68194375571e-05, 5.79417755944e-05, 6.62896345602e-05, 4.3390547944e-05, 4.17218907387e-05, 2.45590908889e-05, 2.75381589745e-05, 2.39851415245e-05, 1.84529053513e-05, 1.76429202838e-05, 9.76972933131e-06, 9.5349178082e-06, 7.81052040111e-06, 5.80514733883e-06, 4.00991848437e-06, 3.37400820172e-06, 2.90265211333e-06, 2.71855128631e-06, 2.51260485129e-06, 2.58383170149e-06, 2.57113606494e-06, 2.14616875382e-06, 1.35809682433e-06, 1.48076355799e-06, 1.60788624726e-06, 1.90246987586e-06],
        "dvar": [2.45702958637e-05, 2.33646005654e-05, 6.42808072371e-06, 1.55540578817e-06, 8.77741967997e-07, 4.65936921046e-07, 1.69604945199e-07, 2.98993313663e-07, 2.64927734861e-07, 8.28177419976e-08, 9.17362257269e-08, 6.85245922227e-08, 3.60831897694e-08, 2.02164116558e-08, 3.75914366302e-09, 6.86679824113e-09, 5.58781687587e-09, 2.53891307977e-09, 1.3745049543e-09, 4.59561805277e-10, 6.56903309526e-10, 4.2366221642e-10, 3.43812311954e-10, 1.93288565709e-10, 5.15062298367e-11, 9.03609548297e-11, 5.27694450636e-11, 2.60177261679e-11, 1.75432186139e-11, 1.78737892542e-11, 1.65386506573e-11, 1.16475154174e-11, 7.32998297476e-12, 8.62926570477e-12, 8.42813232399e-12, 3.77011703107e-12, 1.75365212803e-12, 2.22313530432e-12, 2.88025419487e-12, 2.79751135451e-12],
        "dvar2": [6.51362643111e-05, 6.25044121989e-05, 1.71781302925e-05, 4.03241620006e-06, 2.08902406484e-06, 1.02014109871e-06, 4.22323580551e-07, 7.42470604109e-07, 6.6896853923e-07, 1.76463927914e-07, 2.2274565481e-07, 1.55769498633e-07, 8.12998379729e-08, 5.50058523174e-08, 8.66660698762e-09, 1.58913877613e-08, 1.34620545822e-08, 6.88710954933e-09, 3.36064975848e-09, 1.20225129852e-09, 1.72333503023e-09, 1.10673270548e-09, 8.37503733031e-10, 4.94279450702e-10, 1.39758316031e-10, 2.47585063562e-10, 1.36561928432e-10, 7.0555908338e-11, 4.78792630543e-11, 4.87570192553e-11, 4.44666109489e-11, 2.92879540065e-11, 1.76230089549e-11, 2.0423142344e-11, 2.1592250557e-11, 9.64784415552e-12, 4.04293916054e-12, 4.96436138725e-12, 6.41257923498e-12, 6.29524904427e-12],
        "max": [0.0451744496822, 0.0569747574627, 0.0356433838606, 0.0171358473599, 0.0117306225002, 0.0129180308431, 0.00715892575681, 0.00637075537816, 0.00640071043745, 0.00391930248588, 0.00504310149699, 0.00330097135156, 0.00390167627484, 0.00311719765887, 0.000843493675347, 0.00144531892147, 0.000894694647286, 0.000845205911901, 0.000440014118794, 0.000286417314783, 0.000587023037951, 0.000263826252194, 0.0004072720767, 0.000209800360608, 7.9163328337e-05, 0.000107666972326, 8.28953343444e-05, 4.83718431497e-05, 3.67529719369e-05, 4.17803385062e-05, 5.9567286371e-05, 4.22925841121e-05, 3.54291478288e-05, 4.01163779316e-05, 5.4522366554e-05, 2.09815607377e-05, 2.13313833228e-05, 2.13050316233e-05, 1.81328923645e-05, 1.6697738829e-05],
        "mean": [0.00444907136261, 0.00428874138743, 0.00147992221173, 0.00132810033392, 0.00138210214209, 0.000592172436882, 0.000216659056605, 0.000343501596944, 0.000366107618902, 0.000249992794124, 0.000204471958568, 0.000171465391759, 0.000139912954182, 6.89015942044e-05, 4.53485627077e-05, 6.4141167968e-05, 7.37539303373e-05, 4.34001449321e-05, 4.21081131208e-05, 2.79709838651e-05, 3.20304970955e-05, 2.90049720206e-05, 2.28900498769e-05, 2.00974009203e-05, 1.24474381664e-05, 1.03922893686e-05, 7.83897849033e-06, 5.68332916373e-06, 3.75373588213e-06, 2.66190340881e-06, 2.28905832955e-06, 2.4351841148e-06, 2.54986139225e-06, 2.78756056105e-06, 2.77397180071e-06, 2.30503064813e-06, 1.59643764164e-06, 1.6580997908e-06, 1.90077901152e-06, 2.36359824157e-06],
        "median": [0.00361255812459, 0.00342874904163, 0.000801242713351, 0.000790951366071, 0.000759762071539, 0.000317663274473, 0.000109437518404, 0.000141719574458, 0.000133909954457, 9.93468784145e-05, 7.43133932701e-05, 4.34782486991e-05, 5.08404482389e-05, 3.04329187202e-05, 1.88573540072e-05, 3.26886838593e-05, 3.97921248805e-05, 2.71035205515e-05, 2.74818685284e-05, 2.14830415644e-05, 2.40947556449e-05, 1.93455434783e-05, 1.67085963767e-05, 1.55522811838e-05, 1.05278431874e-05, 8.22833317216e-06, 5.70054817217e-06, 4.28744169767e-06, 2.6047719075e-06, 1.47793855376e-06, 1.18977015973e-06, 1.40748988997e-06, 1.77412402991e-06, 1.94229141925e-06, 1.95127677216e-06, 1.73438263573e-06, 1.13853172934e-06, 1.12499299121e-06, 1.24703524307e-06, 1.71572412455e-06],
        "min": [9.72288736169e-24, 9.6651332771e-24, 3.92846735457e-24, 2.39630857229e-24, 4.75058308568e-24, 6.1437437876e-24, 6.21695639049e-24, 7.04149629116e-24, 7.5326805338e-24, 6.56584511418e-24, 1.74902437596e-23, 1.78089893192e-23, 1.60532500015e-23, 7.11409831572e-24, 9.54448567912e-24, 1.08030619774e-23, 1.36307196927e-23, 6.36608462817e-24, 6.55600959642e-24, 8.31621741677e-24, 1.03867966438e-23, 1.27220473821e-23, 5.14517249377e-24, 3.97296029292e-24, 5.29153814055e-24, 1.17378384843e-23, 1.23743569381e-23, 7.23669992216e-24, 1.3602469006e-23, 1.01904775635e-23, 8.7658649773e-24, 1.44782860488e-23, 1.4186678882e-23, 1.30951983118e-23, 1.09085145367e-23, 9.84073292574e-24, 1.24665408569e-23, 1.18000283338e-23, 1.11178182675e-23, 1.33808748222e-23],
        "stdev": [0.00477897701785, 0.00457242643461, 0.00240063131787, 0.00167585094459, 0.00153835781384, 0.000880651699845, 0.000424034049502, 0.000574422825594, 0.000586316920817, 0.000426163955126, 0.000373751798179, 0.000355870608473, 0.000325482600601, 0.000146392005263, 8.56975166244e-05, 0.000106487284938, 0.000101899080619, 5.51487391931e-05, 4.8050260375e-05, 2.4529043003e-05, 3.31697738147e-05, 3.24062712025e-05, 2.30748155445e-05, 1.73134048964e-05, 8.96870733413e-06, 9.49307741394e-06, 7.97538177721e-06, 5.31933437742e-06, 4.30299633081e-06, 4.19239268012e-06, 4.10468328482e-06, 3.79325069844e-06, 3.13860027745e-06, 3.394623036e-06, 3.26467306877e-06, 2.29551164921e-06, 1.69758413904e-06, 1.90695789115e-06, 2.18846435018e-06, 2.3089160095e-06],
        "var": [2.28386215895e-05, 2.09070840356e-05, 5.76303091293e-06, 2.80847643808e-06, 2.36654477703e-06, 7.75547448484e-07, 1.79804871436e-07, 3.29961551415e-07, 3.43767510458e-07, 1.8161571802e-07, 1.39690399692e-07, 1.26643897147e-07, 1.05938923411e-07, 2.14306172808e-08, 7.34406491176e-09, 1.133954175e-08, 1.03834221221e-08, 3.04138358942e-09, 2.30882757357e-09, 6.01673932898e-10, 1.10023390398e-09, 1.05016639829e-09, 5.32447141932e-10, 2.997539994e-10, 8.04377051078e-11, 9.01185237545e-11, 6.36067171156e-11, 2.82953174779e-11, 1.85157757182e-11, 1.75761575433e-11, 1.68484254326e-11, 1.4388751475e-11, 9.85081200638e-12, 1.15234653417e-11, 1.06580907294e-11, 5.26937347922e-12, 2.88179202723e-12, 3.63648846279e-12, 4.7893759271e-12, 5.33109320577e-12]
    },
    "melbands128": {
