{
"lowlevel": {
    "average_loudness": 0.481356054544,
    "barkbands_crest": {
        "dmean": 0.973382353783,
        "dmean2": 1.53547537327,
        "dvar": 1.35445725918,
        "dvar2": 3.03595232964,
        "max": 22.0052318573,
        "mean": 10.9284753799,
        "median": 10.34927845,
        "min": 3.14145088196,
        "stdev": 3.07365632057,
        "var": 9.44736289978
    },
    "barkbands_flatness_db": {
        "dmean": 0.0122322198004,
        "dmean2": 0.0201842747629,
        "dvar": 0.000201420290978,
        "dvar2": 0.000393955386244,
        "max": 0.557303011417,
        "mean": 0.406894385815,
        "median": 0.409537017345,
        "min": 0.0700692683458,
        "stdev": 0.0968834161758,
        "var": 0.00938639603555
    },
    "barkbands_kurtosis": {
        "dmean": 1.01082575321,
        "dmean2": 1.56817185879,
        "dvar": 4.96599578857,
        "dvar2": 12.6135883331,
        "max": 63.8740234375,
        "mean": 3.53801202774,
        "median": 2.04923343658,
        "min": -1.7788785696,
        "stdev": 5.55711221695,
        "var": 30.8814945221
    },
    "barkbands_skewness": {
        "dmean": 0.181844741106,
        "dmean2": 0.280753284693,
        "dvar": 0.0711110755801,
        "dvar2": 0.160390213132,
        "max": 6.24782085419,
        "mean": 1.17745149136,
        "median": 1.15592741966,
        "min": -1.75748133659,
        "stdev": 1.10635578632,
        "var": 1.22402322292
    },
    "barkbands_spread": {
        "dmean": 1.02029752731,
        "dmean2": 1.50331282616,
        "dvar": 11.5253067017,
        "dvar2": 15.3229465485,
        "max": 115.180023193,
        "mean": 8.08427906036,
        "median": 2.86705851555,
        "min": 0.913176417351,
        "stdev": 17.2273578644,
        "var": 296.781890869
    },
    "dissonance": {
        "dmean": 0.0206085778773,
        "dmean2": 0.0344970151782,
        "dvar": 0.000331824208843,
        "dvar2": 0.000914602191187,
        "max": 0.498202711344,
        "mean": 0.345138907433,
        "median": 0.347175806761,
        "min": 0.18499392271,
        "stdev": 0.0837065652013,
        "var": 0.00700678909197
    },
    "dynamic_complexity": 8.02119255066,
    "erbbands_crest": {
        "dmean": 0.992182314396,
        "dmean2": 1.48358500004,
        "dvar": 1.86848664284,
        "dvar2": 3.71926164627,
        "max": 29.1168422699,
        "mean": 14.4631175995,
        "median": 14.0271530151,
        "min": 2.52191519737,
        "stdev": 6.15789794922,
        "var": 37.9197044373
    },
    "erbbands_flatness_db": {
        "dmean": 0.00748642813414,
        "dmean2": 0.011718143709,
        "dvar": 8.24121307232e-05,
        "dvar2": 0.000134242975037,
        "max": 0.471475988626,
        "mean": 0.375603824854,
        "median": 0.37319457531,
        "min": 0.039079580456,
        "stdev": 0.0721998289227,
        "var": 0.00521281547844
    },
    "erbbands_kurtosis": {
        "dmean": 0.667206764221,
        "dmean2": 1.06917798519,
        "dvar": 1.6673681736,
        "dvar2": 3.81958699226,
        "max": 34.3608055115,
        "mean": 2.7044467926,
        "median": 0.875576496124,
        "min": -1.74879574776,
        "stdev": 5.42939186096,
        "var": 29.4782943726
    },
    "erbbands_skewness": {
        "dmean": 0.153147399426,
        "dmean2": 0.227903306484,
        "dvar": 0.0490300096571,
        "dvar2": 0.103599108756,
        "max": 2.89006876945,
        "mean": 0.280084222555,
        "median": 0.31156411767,
        "min": -1.55533969402,
        "stdev": 0.82297962904,
        "var": 0.677295446396
    },
    "erbbands_spread": {
        "dmean": 1.51982665062,
        "dmean2": 2.28542971611,
        "dvar": 8.20464038849,
        "dvar2": 18.0569820404,
        "max": 97.201385498,
        "mean": 16.5664634705,
        "median": 13.1979970932,
        "min": 1.38634622097,
        "stdev": 15.3482236862,
        "var": 235.567962646
    },
    "hfc": {
        "dmean": 0.825202286243,
        "dmean2": 1.10989677906,
        "dvar": 6.57384157181,
        "dvar2": 11.0120277405,
        "max": 55.2529830933,
        "mean": 5.66606760025,
        "median": 1.93101894855,
        "min": 1.19320432784e-16,
        "stdev": 8.78214359283,
        "var": 77.1260452271
    },
    "loudness_ebu128": {
        "integrated": -20.8680515289,
        "loudness_range": 13.6966743469,
        "momentary": {
            "dmean": 0.972922742367,
            "dmean2": 0.73983335495,
            "dvar": 3.30299758911,
            "dvar2": 3.12294340134,
            "max": -12.9984712601,
            "mean": -26.8259677887,
            "median": -24.6496486664,
            "min": -76.3521957397,
            "stdev": 9.848072052,
            "var": 96.9845275879
        },
        "short_term": {
            "dmean": 0.306532740593,
            "dmean2": 0.128081783652,
            "dvar": 0.12604726851,
            "dvar2": 0.106202542782,
            "max": -18.3334560394,
            "mean": -23.989282608,
            "median": -22.5112552643,
            "min": -35.9105072021,
            "stdev": 4.93140554428,
            "var": 24.3187599182
        }
    },
    "melbands_crest": {
        "dmean": 1.2732527256,
        "dmean2": 2.05427503586,
        "dvar": 2.06467986107,
        "dvar2": 4.73952960968,
        "max": 29.460565567,
        "mean": 15.4316129684,
        "median": 15.4523687363,
        "min": 2.26288294792,
        "stdev": 3.7606742382,
        "var": 14.1426706314
    },
    "melbands_flatness_db": {
        "dmean": 0.0133399860933,
        "dmean2": 0.0212882012129,
        "dvar": 0.000297822261928,
        "dvar2": 0.00057456351351,
        "max": 0.696261048317,
        "mean": 0.523438513279,
        "median": 0.526826441288,
        "min": 0.00654404051602,
        "stdev": 0.114205680788,
        "var": 0.0130429379642
    },
    "melbands_kurtosis": {
        "dmean": 1.53812968731,
        "dmean2": 2.39225816727,
        "dvar": 13.7474708557,
        "dvar2": 35.1194801331,
        "max": 106.052902222,
        "mean": 6.67434978485,
        "median": 4.34293603897,
        "min": -1.47700428963,
        "stdev": 10.3396539688,
        "var": 106.908447266
    },
    "melbands_skewness": {
        "dmean": 0.195051282644,
        "dmean2": 0.302757591009,
        "dvar": 0.0877792388201,
        "dvar2": 0.190084949136,
        "max": 8.20545578003,
        "mean": 1.75410747528,
        "median": 1.62906801701,
        "min": -0.456217229366,
        "stdev": 1.38751041889,
        "var": 1.92518532276
    },
    "melbands_spread": {
        "dmean": 1.17645168304,
        "dmean2": 1.76076114178,
        "dvar": 10.6739301682,
        "dvar2": 17.8949260712,
        "max": 120.685623169,
        "mean": 7.3167090416,
        "median": 3.40673542023,
        "min": 0.94254809618,
        "stdev": 8.38034057617,
        "var": 70.2301101685
    },
    "pitch_salience": {
        "dmean": 0.0340257100761,
        "dmean2": 0.055262375623,
        "dvar": 0.00136415101588,
        "dvar2": 0.00323384720832,
        "max": 0.887123346329,
        "mean": 0.550880670547,
        "median": 0.565883100033,
        "min": 0.217542394996,
        "stdev": 0.0886651650071,
        "var": 0.00786151085049
    },
    "silence_rate_20dB": {
        "dmean": 0,
        "dmean2": 0,
        "dvar": 0,
        "dvar2": 0,
        "max": 1,
        "mean": 1,
        "median": 1,
        "min": 1,
        "stdev": 0,
        "var": 0
    },
    "silence_rate_30dB": {
        "dmean": 0.00464396271855,
        "dmean2": 0.00929511990398,
        "dvar": 0.00462234346196,
        "dvar2": 0.00920881982893,
        "max": 1,
        "mean": 0.970610976219,
        "median": 1,
        "min": 0,
        "stdev": 0.168893069029,
        "var": 0.0285248700529
    },
    "silence_rate_60dB": {
        "dmean": 0.0201238393784,
        "dmean2": 0.0395042598248,
        "dvar": 0.0197185929865,
        "dvar2": 0.0534362718463,
        "max": 1,
        "mean": 0.318638831377,
        "median": 0,
        "min": 0,
        "stdev": 0.465949237347,
        "var": 0.217108681798
    },
    "spectral_centroid": {
        "dmean": 44.1840820312,
        "dmean2": 64.4529495239,
        "dvar": 60802.84375,
        "dvar2": 69029.9765625,
        "max": 11164.4785156,
        "mean": 479.066314697,
        "median": 309.396240234,
        "min": 195.493209839,
        "stdev": 535.007080078,
        "var": 286232.5625
    },
    "spectral_complexity": {
        "dmean": 0.854489147663,
        "dmean2": 1.41518199444,
        "dvar": 2.67235350609,
        "dvar2": 5.02517557144,
        "max": 28,
        "mean": 8.23124504089,
        "median": 6,
        "min": 0,
        "stdev": 5.78420114517,
        "var": 33.4569816589
    },
    "spectral_decrease": {
        "dmean": 4.96420127227e-10,
        "dmean2": 6.93964052889e-10,
        "dvar": 1.31680474035e-18,
        "dvar2": 2.12922886437e-18,
        "max": -2.60429814221e-29,
        "mean": -3.92587207187e-09,
        "median": -1.84534310055e-09,
        "min": -3.69912989129e-08,
        "stdev": 6.15932194137e-09,
        "var": 3.79372491313e-17
    },
    "spectral_energy": {
        "dmean": 0.0019362855237,
        "dmean2": 0.00270089460537,
        "dvar": 2.03498530027e-05,
        "dvar2": 3.27937050315e-05,
        "max": 0.143833354115,
        "mean": 0.015331055969,
        "median": 0.00715345377102,
        "min": 1.0921009557e-20,
        "stdev": 0.0239702090621,
        "var": 0.000574570964091
    },
    "spectral_energyband_high": {
        "dmean": 4.28270610087e-08,
        "dmean2": 7.14953714009e-08,
        "dvar": 4.17820719158e-14,
        "dvar2": 1.12227284757e-13,
        "max": 3.45985631611e-06,
        "mean": 7.06652016902e-08,
        "median": 1.22138112957e-08,
        "min": 8.04179660087e-21,
        "stdev": 2.25019036293e-07,
        "var": 5.06335662146e-14
    },
    "spectral_energyband_low": {
        "dmean": 0.000809032644611,
        "dmean2": 0.00130480201915,
        "dvar": 2.54905853581e-06,
        "dvar2": 5.2951595535e-06,
        "max": 0.0682369023561,
        "mean": 0.00335359643213,
        "median": 0.0019760930445,
        "min": 4.53573500377e-23,
        "stdev": 0.0073530357331,
        "var": 5.40671353519e-05
    },
    "spectral_energyband_middle_high": {
        "dmean": 0.000324598600855,
        "dmean2": 0.000435366557213,
        "dvar": 1.15646241738e-06,
        "dvar2": 1.98565089704e-06,
        "max": 0.0201214458793,
        "mean": 0.00135600811336,
        "median": 8.61022344907e-05,
        "min": 1.60868473981e-21,
        "stdev": 0.00276188948192,
        "var": 7.62803392718e-06
    },
    "spectral_energyband_middle_low": {
        "dmean": 0.00159037043341,
        "dmean2": 0.002184425015,
        "dvar": 1.49434254126e-05,
        "dvar2": 2.44750917773e-05,
        "max": 0.12935090065,
        "mean": 0.0122559508309,
        "median": 0.00508508924395,
        "min": 3.7033917068e-22,
        "stdev": 0.0212459564209,
        "var": 0.000451390689705
    },
    "spectral_entropy": {
        "dmean": 0.0788036435843,
        "dmean2": 0.122302800417,
        "dvar": 0.0213485937566,
        "dvar2": 0.0403810516,
        "max": 9.79661273956,
        "mean": 5.46076488495,
        "median": 5.469810009,
        "min": 4.2744140625,
        "stdev": 0.945837199688,
        "var": 0.894608020782
    },
    "spectral_flux": {
        "dmean": 0.00698316143826,
        "dmean2": 0.0119321979582,
        "dvar": 0.000190008577192,
        "dvar2": 0.000474180909805,
        "max": 0.165342673659,
        "mean": 0.0199225433171,
        "median": 0.0130254058167,
        "min": 1.04503634912e-10,
        "stdev": 0.022174090147,
        "var": 0.000491690239869
    },
    "spectral_kurtosis": {
        "dmean": 24.8914337158,
        "dmean2": 43.743434906,
        "dvar": 545.760253906,
        "dvar2": 1544.63586426,
        "max": 354.258575439,
        "mean": 113.433815002,
        "median": 80.6141967773,
        "min": -1.14275753498,
        "stdev": 88.6158676147,
        "var": 7852.77246094
    },
    "spectral_rms": {
        "dmean": 0.000208985671634,
        "dmean2": 0.000300022598822,
        "dvar": 1.86446598605e-07,
        "dvar2": 2.96294928148e-07,
        "max": 0.0118458950892,
        "mean": 0.00307827349752,
        "median": 0.00264177587815,
        "min": 3.26414503066e-12,
        "stdev": 0.00234122993425,
        "var": 5.48135722056e-06
    },
    "spectral_rolloff": {
        "dmean": 93.3492507935,
        "dmean2": 150.481811523,
        "dvar": 144549.484375,
        "dvar2": 231506.4375,
        "max": 18453.9550781,
        "mean": 810.830932617,
        "median": 366.064453125,
        "min": 129.19921875,
        "stdev": 1837.99035645,
        "var": 3378208.75
    },
    "spectral_skewness": {
        "dmean": 1.22233355045,
        "dmean2": 2.14827203751,
        "dvar": 1.19376540184,
        "dvar2": 3.34548783302,
        "max": 16.2111206055,
        "mean": 7.36982250214,
        "median": 6.68314886093,
        "min": -0.0232167188078,
        "stdev": 4.20272350311,
        "var": 17.6628837585
    },
    "spectral_spread": {
        "dmean": 263494,
        "dmean2": 419072.4375,
        "dvar": 818939559936,
        "dvar2": 802038415360,
        "max": 38394528,
        "mean": 1275529.25,
        "median": 967784.4375,
        "min": 267496.15625,
        "stdev": 2008780.625,
        "var": 4.03519936922e+12
    },
    "spectral_strongpeak": {
        "dmean": 0.13942925632,
        "dmean2": 0.243608728051,
        "dvar": 0.0346256569028,
        "dvar2": 0.0789069011807,
        "max": 2.37035942078,
        "mean": 0.588501751423,
        "median": 0.386618256569,
        "min": 0,
        "stdev": 0.548948407173,
        "var": 0.301344335079
    },
    "zerocrossingrate": {
        "dmean": 0.002412305912,
        "dmean2": 0.00306168617681,
        "dvar": 4.68876933155e-05,
        "dvar2": 3.84756203857e-05,
        "max": 0.5126953125,
        "mean": 0.0257221888751,
        "median": 0.01416015625,
        "min": 0.00439453125,
        "stdev": 0.0455307811499,
        "var": 0.00207305210643
    },
    "barkbands": {
        "dmean": [4.0340651708e-08, 7.26802099962e-05, 0.00041823121137, 0.000767258228734, 0.00052391650388, 0.000632814189885, 0.000115901486424, 8.79044091562e-05, 9.26280772546e-05, 0.000102082311059, 3.00313440675e-05, 6.54044051771e-05, 4.77559697174e-05, 8.03111324785e-05, 9.85003061942e-05, 7.39494571462e-05, 5.86431087868e-05, 3.70282964468e-06, 2.6618447464e-06, 2.10732878259e-07, 3.0384967431e-08, 2.33193686583e-09, 1.85190141e-09, 1.93084304101e-09, 7.62036600488e-10, 7.90240650694e-10, 6.29988616829e-10],
        "dmean2": [7.23856743434e-08, 0.000120656790386, 0.000665831321385, 0.00107398570981, 0.000804876442999, 0.000807866977993, 0.000181697410881, 0.000113923357276, 0.000101562254713, 0.000131612556288, 4.37153066741e-05, 7.58530732128e-05, 7.19457166269e-05, 0.000121582866996, 0.000140739488415, 0.000111874527647, 8.75711994013e-05, 5.42719544683e-06, 4.29630881627e-06, 3.6429767647e-07, 5.00894827837e-08, 3.80986264759e-09, 3.13697579024e-09, 3.34795524637e-09, 1.31559874106e-09, 1.37039080084e-09, 1.10356357386e-09],
        "dvar": [4.44472238149e-14, 1.85648740825e-08, 5.83734390602e-07, 5.32683407073e-06, 1.71325439169e-06, 2.49641743721e-06, 7.28609919065e-08, 8.8022083844e-08, 6.94598298878e-08, 1.26330846228e-07, 1.17775895703e-08, 3.95147097265e-08, 2.30180177141e-08, 8.93627998266e-08, 9.74155085487e-08, 5.6340539345e-08, 4.79290989119e-08, 1.7281200082e-10, 2.01839017722e-10, 7.80363566735e-13, 2.48081991148e-14, 1.03978806607e-16, 9.42723781318e-17, 2.50189610556e-17, 2.02486390007e-18, 1.94521591966e-18, 1.97669324389e-18],
        "dvar2": [1.15115274084e-13, 5.02871628782e-08, 1.57340980422e-06, 8.27981148177e-06, 4.20934520662e-06, 4.74397666039e-06, 1.99352811592e-07, 1.70199641047e-07, 9.20489426903e-08, 1.53076271658e-07, 2.33311858722e-08, 5.98526668227e-08, 5.21567677936e-08, 2.20523233452e-07, 1.99666928324e-07, 1.17338451844e-07, 9.44766327393e-08, 3.71453506842e-10, 4.28536511832e-10, 2.33459237185e-12, 6.84182596103e-14, 2.48240607596e-16, 2.42064255103e-16, 6.5480305504e-17, 5.15934592413e-18, 5.05469103303e-18, 4.94206377518e-18],
        "max": [5.84707095186e-06, 0.00250070635229, 0.0173014197499, 0.088439412415, 0.0355443581939, 0.0379962772131, 0.00363084650598, 0.00647965073586, 0.00662432983518, 0.0155495340005, 0.00176929449663, 0.00390497362241, 0.0028773364611, 0.00830345787108, 0.00607578456402, 0.00463964929804, 0.00508927181363, 0.00028578430647, 0.000255019200267, 1.50120504259e-05, 2.58686941379e-06, 1.99660547651e-07, 1.68753132357e-07, 7.39439656172e-08, 3.26782298998e-08, 3.3206529082e-08, 3.34749117314e-08],
        "mean": [4.55042936665e-08, 0.000110758453957, 0.00164919905365, 0.00506313703954, 0.00236192648299, 0.0036732875742, 0.000365381216398, 0.000343894469552, 0.000359147117706, 0.000278516556136, 6.46061889711e-05, 0.000138760413392, 0.000123643229017, 0.000174559521838, 0.000262395216851, 0.000241161775193, 0.000108179643576, 7.24319761503e-06, 4.82094219478e-06, 3.59713141052e-07, 4.18664853896e-08, 3.51822948552e-09, 3.15413406504e-09, 3.31543414944e-09, 2.43384024046e-09, 2.15940132442e-09, 8.86643813924e-10],
        "median": [1.04384918487e-08, 7.84443327575e-05, 0.00151451292913, 0.000809561694041, 0.000784803880379, 0.00152673525736, 6.89608932589e-05, 4.7284149332e-05, 3.30417205987e-05, 1.9735085516e-05, 7.84903932072e-06, 6.46650323688e-06, 6.89444641466e-06, 4.42910777565e-06, 6.39605741526e-06, 7.12664586899e-06, 6.75349383528e-07, 6.07882384429e-08, 2.67699711287e-08, 3.1343949658e-09, 1.62735636078e-09, 1.11976938832e-09, 1.17851628456e-09, 1.81880044359e-09, 1.86814874681e-09, 2.01068228733e-09, 6.72388311695e-10],
        "min": [2.62309346077e-23, 1.75660832693e-23, 1.00771640054e-23, 1.60019819313e-23, 2.3003531095e-23, 5.53079026566e-23, 7.09404499819e-23, 1.19276134901e-22, 3.89097121802e-23, 1.23490886189e-22, 1.67098561671e-22, 1.14035094508e-22, 8.45426397311e-23, 2.4147681068e-22, 1.04105443547e-22, 9.89481423173e-23, 1.55018501127e-22, 1.79575059531e-22, 2.75137215205e-22, 1.99224852617e-22, 4.54126144772e-22, 5.31344494988e-22, 6.34612673126e-22, 8.44877552069e-22, 1.36039323114e-21, 2.05934832795e-21, 2.31550128361e-21],
        "stdev": [2.37736827557e-07, 0.000151112893946, 0.00161048944574, 0.0128090903163, 0.00473999790847, 0.00540822604671, 0.000561744906008, 0.000746866688132, 0.000779346562922, 0.000865809328388, 0.00016922922805, 0.000379881093977, 0.000278989376966, 0.000554821453989, 0.000702671764884, 0.000606935529504, 0.000334279873641, 2.21262380364e-05, 1.92628340301e-05, 1.17858689919e-06, 1.68389789224e-07, 1.08143360933e-08, 9.96557236732e-09, 5.19473797311e-09, 1.98140792662e-09, 1.60903290691e-09, 1.62728597264e-09],
        "var": [5.6518798566e-14, 2.28351080267e-08, 2.59367629951e-06, 0.000164072785992, 2.24675823119e-05, 2.92489112326e-05, 3.15557315389e-07, 5.57809869406e-07, 6.07381025475e-07, 7.49625826302e-07, 2.86385315462e-08, 1.44309638017e-07, 7.78350681685e-08, 3.07826837798e-07, 4.93747620567e-07, 3.68370706383e-07, 1.11743034381e-07, 4.89570384232e-10, 3.71056740889e-10, 1.3890670298e-12, 2.83551224764e-14, 1.16949865497e-16, 9.93126278321e-17, 2.69853017205e-17, 3.9259774446e-18, 2.58898701576e-18, 2.64805949882e-18]
    },
    "erbbands": {
        "dmean": [0.000394544185838, 0.0288873203099, 0.388639122248, 1.61670863628, 2.21022200584, 1.98012733459, 2.19139385223, 7.21837043762, 1.58861494064, 2.12820625305, 0.921490371227, 2.49470233917, 2.78184723854, 2.06949925423, 0.910737812519, 3.01701831818, 1.9676656723, 2.85109329224, 5.75367164612, 2.79316711426, 4.60763120651, 3.30576014519, 0.331363677979, 0.17142277956, 0.0781132429838, 0.00815246254206, 0.00190129503608, 0.000508630415425, 9.80622135103e-05, 7.47967787902e-05, 5.70491938561e-05, 5.38906715519e-05, 2.20966267079e-05, 9.88537431112e-06, 5.90315721638e-06, 3.58065494765e-06, 1.78019195118e-06, 6.25104803476e-07, 9.1320367801e-07, 2.15684940486e-06],
        "dmean2": [0.00064312905306, 0.0471039749682, 0.615026950836, 2.49734163284, 2.82108664513, 3.23632240295, 3.0634572506, 9.10261821747, 2.46047306061, 3.08714103699, 1.26714658737, 2.71631550789, 3.54392266273, 2.61587190628, 1.28162288666, 3.47453474998, 2.8660235405, 4.15501785278, 8.24718952179, 4.10674095154, 7.09363222122, 4.92228412628, 0.494156897068, 0.272195011377, 0.125766083598, 0.014197842218, 0.00308212987147, 0.000874183722772, 0.000158031849423, 0.000122955418192, 9.44457933656e-05, 9.36476135394e-05, 3.73490656784e-05, 1.66825484484e-05, 9.84373218671e-06, 5.88233478993e-06, 2.92688628178e-06, 1.04252364963e-06, 1.26432883008e-06, 3.0033281746e-06],
        "dvar": [9.64793912317e-07, 0.00227806065232, 0.415776312351, 17.8675460815, 41.7026557922, 28.971698761, 26.5968513489, 355.28717041, 14.5766763687, 26.5219707489, 7.36228752136, 52.9509773254, 169.101333618, 33.8372421265, 10.5071849823, 80.3068771362, 44.2244567871, 90.8627853394, 346.607116699, 92.7021179199, 228.168273926, 172.143890381, 1.83745849133, 0.753473043442, 0.167893320322, 0.00132552697323, 8.44988098834e-05, 1.00808974821e-05, 1.81202992167e-07, 1.52900483386e-07, 8.88417162059e-08, 2.12512638598e-08, 2.70800826208e-09, 3.15973747167e-10, 1.09812124671e-10, 3.66939707785e-11, 8.10106062094e-12, 9.20904086495e-13, 4.75577346601e-12, 2.58668347158e-11],
        "dvar2": [2.54480005424e-06, 0.00603243894875, 1.05759763718, 30.4727344513, 67.6381835938, 82.584274292, 51.7737998962, 667.322814941, 36.6171417236, 54.3040885925, 14.3861513138, 69.4447937012, 163.583831787, 55.3933067322, 22.437582016, 113.451042175, 90.797164917, 212.337799072, 787.168395996, 192.92805481, 471.486114502, 333.150115967, 3.67948317528, 1.65356183052, 0.398416846991, 0.00351655832492, 0.000224410774535, 2.8180080335e-05, 4.37961915623e-07, 3.72281220962e-07, 2.26757393307e-07, 5.44833298477e-08, 6.86138434958e-09, 7.79548425811e-10, 2.6292026889e-10, 8.7445578556e-11, 1.83844398038e-11, 2.18562472808e-12, 7.5000517949e-12, 4.14842812879e-11],
        "max": [0.0207246560603, 0.734187245369, 13.5956125259, 190.92024231, 238.984344482, 93.8650360107, 147.528717041, 480.763000488, 84.6477432251, 107.015762329, 60.8275108337, 187.612319946, 633.761474609, 163.958908081, 58.3861885071, 191.128646851, 149.038101196, 152.609725952, 380.686035156, 194.632141113, 282.888702393, 359.21762085, 27.0676116943, 16.0593738556, 9.57240390778, 0.735357046127, 0.149079412222, 0.0614126287401, 0.00774631509557, 0.00778260454535, 0.00548251112923, 0.00217156903818, 0.000736315967515, 0.00036325873225, 0.000238783613895, 0.000133789828396, 6.27180852462e-05, 2.20736219489e-05, 6.71128655085e-05, 0.000159476403496],
        "mean": [0.00101707363501, 0.0686625242233, 1.55673980713, 8.56530094147, 15.3070602417, 5.8452539444, 10.9392118454, 43.7183113098, 7.41363811493, 9.45653533936, 3.70178246498, 9.94996261597, 8.13516330719, 7.10963869095, 2.20940160751, 6.96983909607, 5.65697145462, 6.88728046417, 16.5182857513, 7.93221378326, 14.2174196243, 7.05684614182, 0.784330427647, 0.332023739815, 0.141996413469, 0.0152190858498, 0.00296071614139, 0.000740712275729, 0.000174491666257, 0.0001272730442, 0.000104998216557, 9.14874835871e-05, 5.60565313208e-05, 3.79041557608e-05, 2.5486044251e-05, 1.62689939316e-05, 8.34870297695e-06, 2.20068045564e-06, 7.3229730333e-06, 1.71031297214e-05],
        "median": [0.00081741559552, 0.0613380931318, 1.40040814877, 2.10145282745, 3.08948731422, 2.41145992279, 4.52844238281, 16.0511455536, 2.75146102905, 2.12714576721, 1.06337344646, 0.969838619232, 0.802058756351, 0.59493637085, 0.373763233423, 0.383465766907, 0.331764131784, 0.261735469103, 0.373744547367, 0.263244658709, 0.283301860094, 0.0521662943065, 0.00815133471042, 0.00260116090067, 0.000978469965048, 0.000163128002896, 8.62076631165e-05, 5.47524759895e-05, 4.61026247649e-05, 4.08407759096e-05, 3.88866646972e-05, 4.50723564427e-05, 3.4364486055e-05, 2.5366060072e-05, 1.7409774955e-05, 1.08901704152e-05, 5.55119731871e-06, 1.75967409177e-06, 3.3633291423e-06, 7.87268254498e-06],
        "min": [8.04516752342e-22, 3.24680971812e-21, 8.34044272933e-21, 3.20043029086e-20, 4.6115803826e-20, 1.16515665883e-19, 2.38469708251e-19, 5.95902826138e-19, 7.92679994878e-19, 9.71425815336e-19, 3.10095825499e-18, 1.08782625754e-18, 3.15759076203e-18, 4.94450189004e-18, 6.58913919345e-18, 4.67882678013e-18, 3.42866322544e-18, 8.73763536903e-18, 1.07124736604e-17, 4.87486775812e-18, 6.67320845424e-18, 8.49031911923e-18, 9.07742958414e-18, 1.16101077273e-17, 1.17945499787e-17, 8.88038275452e-18, 1.63166024581e-17, 1.87799843726e-17, 2.0837040281e-17, 1.53942547161e-17, 1.90410690437e-17, 1.47817820664e-17, 1.5910633794e-17, 1.039331512e-17, 1.23468584737e-17, 8.30217854326e-18, 3.46390546223e-18, 1.37621078399e-18, 3.19631299936e-19, 3.56053981625e-20],
        "stdev": [0.00126547354739, 0.0663421005011, 1.48907411098, 22.8293247223, 34.5008049011, 10.5989713669, 17.6075839996, 67.1462249756, 10.536242485, 15.3128089905, 6.57159376144, 21.8086242676, 31.8906536102, 17.1142463684, 4.93004179001, 18.1138706207, 12.7452840805, 17.4506244659, 42.3073959351, 21.1318225861, 35.6161155701, 21.2814502716, 2.23714447021, 1.15237510204, 0.61592823267, 0.0497335754335, 0.0106110852212, 0.0030724874232, 0.000489173049573, 0.000406461156672, 0.000311151030473, 0.000156539856107, 6.86253333697e-05, 3.6531688238e-05, 2.27972868743e-05, 1.53039345605e-05, 7.94609240984e-06, 1.6528318838e-06, 1.12557181637e-05, 2.6630168577e-05],
        "var": [1.60142337791e-06, 0.0044012744911, 2.21734166145, 521.178100586, 1190.30554199, 112.33820343, 310.027038574, 4508.61572266, 111.012397766, 234.482131958, 43.1858444214, 475.616119385, 1017.01373291, 292.897460938, 24.3053131104, 328.112304688, 162.442276001, 304.524261475, 1789.91589355, 446.553894043, 1268.50769043, 452.900085449, 5.00481557846, 1.32796823978, 0.379367619753, 0.00247342837974, 0.000112595123937, 9.44017938309e-06, 2.39290244508e-07, 1.65210664704e-07, 9.68149578284e-08, 2.45047271363e-08, 4.70943639641e-09, 1.33456412588e-09, 5.19716325531e-10, 2.34210428829e-10, 6.31403887508e-11, 2.73185337199e-12, 1.2669118532e-10, 7.09165837165e-10]
    },
    "gfcc": {
        "mean": [-284.746582031, 228.957122803, -64.9083251953, -20.4796218872, -15.6208229065, -33.4975776672, -52.5090560913, -11.4888553619, -15.4922571182, -19.2963161469, -9.60948181152, -14.2677230835, -7.91759634018],
        "cov": [[20670.5488281, 6066.06201172, -8995.03808594, -3786.58007812, 3391.70947266, -380.239990234, -265.555786133, -379.171691895, 599.237060547, -1063.05932617, 170.704040527, -739.999450684, 558.522705078], [6066.06201172, 2741.41992188, -1606.23950195, -1326.65258789, 683.635131836, -273.240234375, -140.812698364, -242.365859985, 236.892196655, -353.306488037, 133.214477539, -235.581771851, 167.010452271], [-8995.03808594, -1606.23950195, 5783.43847656, 1704.91162109, -2134.64794922, -215.269805908, 39.0317687988, -106.365989685, -328.943267822, 407.726379395, 27.8370132446, 276.374084473, -278.730865479], [-3786.58007812, -1326.65258789, 1704.91162109, 1027.17333984, -678.05645752, -128.659561157, 30.8655605316, 79.661567688, -191.929397583, 208.211929321, -27.4376277924, 129.346420288, -105.910446167], [3391.70947266, 683.635131836, -2134.64794922, -678.05645752, 871.989624023, 124.169914246, -18.6739044189, 27.3782138824, 125.258247375, -178.779998779, -23.3973770142, -123.689544678, 99.3865737915], [-380.239990234, -273.240234375, -215.269805908, -128.659561157, 124.169914246, 336.231811523, 84.3231964111, 22.012758255, 19.0269393921, 3.40069794655, -65.5846710205, 11.4238443375, -9.77968883514], [-265.555786133, -140.812698364, 39.0317687988, 30.8655605316, -18.6739044189, 84.3231964111, 99.4873580933, 13.4211730957, -30.2897148132, 6.71735334396, -16.511598587, 7.83646345139, -0.436123490334], [-379.171691895, -242.365859985, -106.365989685, 79.661567688, 27.3782138824, 22.012758255, 13.4211730957, 106.773086548, 23.3539180756, 31.0766429901, -10.2461671829, 25.152381897, -11.9453144073], [599.237060547, 236.892196655, -328.943267822, -191.929397583, 125.258247375, 19.0269393921, -30.2897148132, 23.3539180756, 95.224067688, -14.3827266693, 3.74478769302, -8.13902378082, 17.5864658356], [-1063.05932617, -353.306488037, 407.726379395, 208.211929321, -178.779998779, 3.40069794655, 6.71735334396, 31.0766429901, -14.3827266693, 94.5642089844, 3.92717814445, 52.156414032, -24.958896637], [170.704040527, 133.214477539, 27.8370132446, -27.4376277924, -23.3973770142, -65.5846710205, -16.511598587, -10.2461671829, 3.74478769302, 3.92717814445, 50.7218894958, 5.75270223618, 2.60543012619], [-739.999450684, -235.581771851, 276.374084473, 129.346420288, -123.689544678, 11.4238443375, 7.83646345139, 25.152381897, -8.13902378082, 52.156414032, 5.75270223618, 61.6722183228, -4.77922105789], [558.522705078, 167.010452271, -278.730865479, -105.910446167, 99.3865737915, -9.77968883514, -0.436123490334, -11.9453144073, 17.5864658356, -24.958896637, 2.60543012619, -4.77922105789, 49.9373512268]],
        "icov": [[0.00184281286784, -0.00287627382204, 0.0031008659862, -0.0010279584676, 0.00168951984961, 0.000888342328835, -0.000619637430646, 0.0030127982609, 0.000677934323903, 0.00153415382374, 0.00111363257747, 0.000314296165016, 0.00216291239485], [-0.00287627382204, 0.0113689284772, -0.00743506057188, 0.00878276862204, -0.00614535715431, 0.00611606938764, -0.00236626341939, -0.000154854074935, -0.00890352390707, 0.00483730062842, -0.00694831321016, 0.00541146611795, -0.00892079621553], [0.0031008659862, -0.00743506057188, 0.00862171221524, -0.00592759437859, 0.00992299430072, -0.00295848981477, 0.000978539930657, 0.00498752808198, 0.00240971916355, 0.00253283628263, 0.00257916399278, -0.000643147854134, 0.00683006551117], [-0.0010279584676, 0.00878276862204, -0.00592759437859, 0.0175155755132, -0.00647001108155, 0.0126442909241, -0.00217405939475, -0.00350716966204, 0.00550211267546, -0.00366799207404, 0.00505662336946, 0.000531521218363, -0.00330206286162], [0.00168951984961, -0.00614535715431, 0.00992299430072, -0.00647001108155, 0.0218850616366, -0.00901643559337, 0.00572667364031, -0.0015230558347, 0.00249342969619, 0.00626840442419, 7.58601818234e-05, 0.00641871895641, 0.000549337884877], [0.000888342328835, 0.00611606938764, -0.00295848981477, 0.0126442909241, -0.00901643559337, 0.0197124071419, -0.0105419168249, 0.00731326872483, -0.00418654596433, 0.000984560814686, 0.00930490531027, -0.00452738255262, 0.00442370818928], [-0.000619637430646, -0.00236626341939, 0.000978539930657, -0.00217405939475, 0.00572667364031, -0.0105419168249, 0.0206812154502, -0.0102133657783, 0.013323282823, -0.00318053574301, -0.000467169273179, 0.00270083663054, -0.00602824240923], [0.0030127982609, -0.000154854074935, 0.00498752808198, -0.00350716966204, -0.0015230558347, 0.00731326872483, -0.0102133657783, 0.0311095882207, -0.0195611473173, 0.00922907702625, -0.00192026735749, -0.0046531399712, 0.010193856433], [0.000677934323903, -0.00890352390707, 0.00240971916355, 0.00550211267546, 0.00249342969619, -0.00418654596433, 0.013323282823, -0.0195611473173, 0.0480139330029, -0.0233665686101, 0.0180923398584, -0.0112504316494, 0.00636033527553], [0.00153415382374, 0.00483730062842, 0.00253283628263, -0.00366799207404, 0.00626840442419, 0.000984560814686, -0.00318053574301, 0.00922907702625, -0.0233665686101, 0.0485450401902, -0.0180372036994, -0.000483968760818, -0.00369463465177], [0.00111363257747, -0.00694831321016, 0.00257916399278, 0.00505662336946, 7.58601818234e-05, 0.00930490531027, -0.000467169273179, -0.00192026735749, 0.0180923398584, -0.0180372036994, 0.0486995279789, -0.0216466579586, 0.0171115398407], [0.000314296165016, 0.00541146611795, -0.000643147854134, 0.000531521218363, 0.00641871895641, -0.00452738255262, 0.00270083663054, -0.0046531399712, -0.0112504316494, -0.000483968760818, -0.0216466579586, 0.0564203038812, -0.0285774208605], [0.00216291239485, -0.00892079621553, 0.00683006551117, -0.00330206286162, 0.000549337884877, 0.00442370818928, -0.00602824240923, 0.010193856433, 0.00636033527553, -0.00369463465177, 0.0171115398407, -0.0285774208605, 0.0512328445911]]
    },
    "melbands": {
        "dmean": [1.02830317701e-05, 0.000149377112393, 0.0002855717903, 0.000122081095469, 8.41885339469e-05, 0.000142080811202, 2.48861761065e-05, 2.39549754042e-05, 6.2371277636e-06, 1.7255973944e-05, 1.42622075145e-05, 9.18571276998e-06, 3.12855013362e-06, 5.67112738281e-06, 8.23305617814e-06, 3.78617005481e-06, 6.31173907095e-06, 9.83696918411e-06, 5.92896958551e-06, 3.05499975184e-06, 6.5871940933e-06, 4.4263260861e-06, 5.69737721889e-07, 1.54917273676e-07, 1.50497186269e-07, 9.17725628824e-08, 2.07036627842e-08, 1.96456673152e-09, 1.278432471e-09, 5.24331023044e-10, 2.05470432335e-10, 4.62315741245e-11, 4.74411343543e-11, 3.62800241238e-11, 3.58349461216e-11, 2.07547954517e-11, 4.5917516317e-11, 1.79822736562e-11, 9.08423683499e-12, 8.26154162442e-12],
        "dmean2": [1.71202245838e-05, 0.000236765801674, 0.000402312929509, 0.000184472097317, 0.000124554891954, 0.000180055663805, 3.8753154513e-05, 3.37732308253e-05, 8.80969218997e-06, 1.85877415788e-05, 1.85706740012e-05, 1.18634534374e-05, 4.60414048575e-06, 5.9789590523e-06, 1.22349165395e-05, 5.80001687922e-06, 9.31981958274e-06, 1.42421986311e-05, 8.58083512867e-06, 4.74617945656e-06, 1.00026982182e-05, 6.51056006973e-06, 8.91137176495e-07, 2.44503041813e-07, 2.41831656922e-07, 1.46620621422e-07, 3.66745283031e-08, 3.36474648144e-09, 2.10282458113e-09, 8.8577711832e-10, 3.59577256859e-10, 7.53131446096e-11, 7.96775631584e-11, 6.13892270351e-11, 6.02191491117e-11, 3.46991914368e-11, 8.0912117284e-11, 3.0709171317e-11, 1.56235979015e-11, 1.42716472321e-11],
        "dvar": [4.78621031696e-10, 6.13361166302e-08, 6.12014787293e-07, 9.5478867479e-08, 3.73086201932e-08, 1.34411521913e-07, 3.57781759774e-09, 4.17228251948e-09, 3.18482157313e-10, 2.5206507992e-09, 4.1328203082e-09, 6.32066510242e-10, 1.31453084529e-10, 2.89719803703e-10, 9.71735025779e-10, 1.27071048128e-10, 4.50164933108e-10, 1.12985609757e-09, 4.27590768348e-10, 1.19814533295e-10, 4.47862552599e-10, 3.09758413364e-10, 6.29634885896e-12, 3.43036525834e-13, 6.50433483115e-13, 2.16709083404e-13, 8.46945533454e-15, 8.20694722457e-17, 4.13998139406e-17, 9.91991800111e-18, 1.76703997494e-18, 2.95918985068e-20, 5.76654617628e-20, 3.71754645133e-20, 3.4807311043e-20, 9.16749651829e-21, 1.60183460997e-20, 2.13236095144e-21, 2.46336193856e-22, 1.88140056856e-22],
        "dvar2": [1.28364063823e-09, 1.54512619588e-07, 9.84423195405e-07, 2.03613154781e-07, 8.70132694786e-08, 2.53635278114e-07, 9.50884171402e-09, 8.24934520693e-09, 6.26851293095e-10, 3.23605253705e-09, 4.19322043754e-09, 1.09942088766e-09, 2.73682548846e-10, 3.21690396543e-10, 1.99638305887e-09, 2.78981310275e-10, 1.08116349207e-09, 2.70085775966e-09, 9.49975098585e-10, 2.94984092708e-10, 8.98526086868e-10, 6.04885419531e-10, 1.39809752317e-11, 8.93595635855e-13, 1.44448645753e-12, 4.81975462145e-13, 2.47948956153e-14, 2.28927727003e-16, 1.10068913941e-16, 2.7957086739e-17, 4.97575029204e-18, 7.45323206876e-20, 1.34585154945e-19, 9.47247687923e-20, 8.80552890614e-20, 2.34964126508e-20, 4.28715950012e-20, 5.45271199395e-21, 6.42618159809e-22, 4.86845267843e-22],
        "max": [0.000439802475739, 0.0057637845166, 0.0287337061018, 0.00990829430521, 0.00385304214433, 0.00919060502201, 0.00114712805953, 0.00140069250483, 0.000371043395717, 0.00128411932383, 0.00310325995088, 0.000726111873519, 0.000166285870364, 0.000411504734075, 0.000751206185669, 0.000190781138372, 0.000312518823193, 0.000847030314617, 0.000361076672561, 0.000285389454802, 0.00040990128764, 0.000490129576065, 4.96012871736e-05, 9.67390042206e-06, 1.53047185449e-05, 1.26001259559e-05, 1.59997250648e-06, 1.79233339281e-07, 1.08138053179e-07, 6.26814298244e-08, 2.40586466305e-08, 3.39706818231e-09, 5.77517811351e-09, 4.10299882958e-09, 2.98662539144e-09, 2.0891945951e-09, 2.09096762127e-09, 7.37208183388e-10, 3.38902128583e-10, 2.90831303484e-10],
        "mean": [1.56297992362e-05, 0.000588741793763, 0.00188680109568, 0.000653990486171, 0.000395390205085, 0.00084880378563, 0.000103251077235, 0.000104825645394, 2.28038134082e-05, 6.76259369357e-05, 3.96337454731e-05, 3.0561866879e-05, 6.73152453601e-06, 1.2601916751e-05, 1.99449514184e-05, 9.57887277764e-06, 1.33285011543e-05, 2.73497043963e-05, 1.46843694893e-05, 8.01329133537e-06, 2.01221937459e-05, 9.07229150471e-06, 1.14592808131e-06, 2.80169075495e-07, 2.70989630735e-07, 1.55714374728e-07, 3.3810110267e-08, 2.60502486249e-09, 1.73309133711e-09, 7.45840500471e-10, 2.52745518958e-10, 7.02936112096e-11, 6.91207577286e-11, 5.7254589958e-11, 5.73304563545e-11, 3.72904623847e-11, 5.98501109783e-11, 3.43100027556e-11, 2.4106709684e-11, 2.29230332632e-11],
        "median": [1.08099939098e-05, 0.000488242658321, 0.000446982769063, 0.000218013155973, 0.000166591576999, 0.000319728307659, 3.33251991833e-05, 2.22818125621e-05, 6.75512137605e-06, 5.6724084061e-06, 3.81277959605e-06, 2.47206230597e-06, 8.57275665567e-07, 9.44571638684e-07, 1.22700453176e-06, 4.10646237015e-07, 4.61515952566e-07, 5.75648869017e-07, 4.07110292144e-07, 2.97602809951e-07, 2.21567887593e-07, 6.57459438003e-08, 8.47628367495e-09, 2.69436339906e-09, 1.80814385686e-09, 9.71074221034e-10, 2.11497902525e-10, 5.5192624776e-11, 5.371755471e-11, 3.55630178084e-11, 2.41621687935e-11, 2.25387018077e-11, 2.20411397467e-11, 2.0052752861e-11, 1.95796451968e-11, 1.84720797686e-11, 2.64970337338e-11, 2.01179420345e-11, 1.75646597961e-11, 1.74552386434e-11],
        "min": [7.754254996e-24, 4.44652177736e-24, 6.4874011802e-24, 5.05969823139e-24, 7.8554484952e-24, 1.32216456151e-23, 1.22717403338e-23, 1.11861801647e-23, 2.42007379592e-23, 6.00360304222e-24, 1.60104637637e-23, 1.93229916789e-23, 2.21984243883e-23, 1.44767241042e-23, 1.04967346662e-23, 6.54858917631e-24, 1.89402442563e-23, 2.15459764663e-23, 6.49380673075e-24, 5.92752450766e-24, 8.84060954807e-24, 9.15732379089e-24, 9.23456668414e-24, 7.34132181086e-24, 9.24756158983e-24, 1.18543887387e-23, 4.99171419858e-24, 5.63532608963e-24, 9.99501676386e-24, 9.03056330975e-24, 1.21338971458e-23, 1.28998873957e-23, 9.85772656736e-24, 7.66803249906e-24, 9.83572681444e-24, 1.21654957582e-23, 8.09228741591e-24, 1.06798008833e-23, 1.11679401228e-23, 7.50809173938e-24],
        "stdev": [2.38059510593e-05, 0.000703406636603, 0.00433595338836, 0.00134088541381, 0.00061011838261, 0.00128672004212, 0.000147943210322, 0.000182974530617, 4.10028369515e-05, 0.0001499101636, 0.000155716057634, 7.33065025997e-05, 1.68924434547e-05, 3.44406180375e-05, 5.06324868184e-05, 2.26622123591e-05, 3.62833634426e-05, 7.26561120246e-05, 3.97947114834e-05, 2.34047656704e-05, 5.2248036809e-05, 2.80963613477e-05, 3.8112891616e-06, 8.60340776399e-07, 1.01423449905e-06, 7.12282258064e-07, 1.20939546377e-07, 9.92901316721e-09, 7.05107039423e-09, 3.14119241729e-09, 1.20725951458e-09, 1.87988208333e-10, 2.50121423573e-10, 1.92511465102e-10, 1.99737101858e-10, 9.25740803459e-11, 1.21193971525e-10, 5.01169244993e-11, 2.26505047357e-11, 1.97787081851e-11],
