{
"lowlevel": {
    "average_loudness": 0.975462675095,
    "barkbands_crest": {
        "dmean": 2.61102151871,
        "dmean2": 4.21037530899,
        "dvar": 5.89576387405,
        "dvar2": 15.4114131927,
        "max": 21.3244781494,
        "mean": 8.56589317322,
        "median": 7.86015081406,
        "min": 2.44330239296,
        "stdev": 3.26390266418,
        "var": 10.6530609131
    },
    "barkbands_flatness_db": {
        "dmean": 0.0160658918321,
        "dmean2": 0.0251267664135,
        "dvar": 0.000219142079004,
        "dvar2": 0.000532061851118,
        "max": 0.202596575022,
        "mean": 0.0895228609443,
        "median": 0.0862955302,
        "min": 0.0254009123892,
        "stdev": 0.0244669076055,
        "var": 0.000598629529122
    },
    "barkbands_kurtosis": {
        "dmean": 1.38301241398,
        "dmean2": 2.22471928596,
        "dvar": 3.98095941544,
        "dvar2": 9.07186508179,
        "max": 27.0396156311,
        "mean": 1.68411755562,
        "median": 0.930021762848,
        "min": -1.58770871162,
        "stdev": 2.68564844131,
        "var": 7.21270704269
    },
    "barkbands_skewness": {
        "dmean": 0.398341745138,
        "dmean2": 0.624794721603,
        "dvar": 0.173328533769,
        "dvar2": 0.386813431978,
        "max": 4.76820230484,
        "mean": 1.21005809307,
        "median": 1.09304571152,
        "min": -2.05180335045,
        "stdev": 0.67105871439,
        "var": 0.450319796801
    },
    "barkbands_spread": {
        "dmean": 5.00402498245,
        "dmean2": 7.71837472916,
        "dvar": 32.6013450623,
        "dvar2": 74.7847442627,
        "max": 101.090751648,
        "mean": 27.1420307159,
        "median": 26.5722293854,
        "min": 5.34265613556,
        "stdev": 9.16181659698,
        "var": 83.9388809204
    },
    "dissonance": {
        "dmean": 0.0169642772526,
        "dmean2": 0.0281684342772,
        "dvar": 0.000474671105621,
        "dvar2": 0.00120230671018,
        "max": 0.499999970198,
        "mean": 0.473238617182,
        "median": 0.478825241327,
        "min": 0.0678628757596,
        "stdev": 0.0233879443258,
        "var": 0.00054699589964
    },
    "dynamic_complexity": 1.33084416389,
    "erbbands_crest": {
        "dmean": 2.54534864426,
        "dmean2": 4.02692508698,
        "dvar": 6.04985523224,
        "dvar2": 14.0236444473,
        "max": 28.3735351562,
        "mean": 8.69892883301,
        "median": 7.54738855362,
        "min": 2.34326124191,
        "stdev": 4.26963376999,
        "var": 18.2297706604
    },
    "erbbands_flatness_db": {
        "dmean": 0.0135532263666,
        "dmean2": 0.0199253000319,
        "dvar": 0.00015229039127,
        "dvar2": 0.000326803361531,
        "max": 0.220575898886,
        "mean": 0.121385365725,
        "median": 0.119723089039,
        "min": 0.0553656667471,
        "stdev": 0.0267076455057,
        "var": 0.000713298330083
    },
    "erbbands_kurtosis": {
        "dmean": 0.769481897354,
        "dmean2": 1.19970023632,
        "dvar": 0.938214361668,
        "dvar2": 2.06083774567,
        "max": 15.2700958252,
        "mean": 0.736939907074,
        "median": 0.171409606934,
        "min": -1.63041770458,
        "stdev": 1.84527909756,
        "var": 3.40505504608
    },
    "erbbands_skewness": {
        "dmean": 0.287127226591,
        "dmean2": 0.438492536545,
        "dvar": 0.0686117038131,
        "dvar2": 0.164081588387,
        "max": 2.81383538246,
        "mean": 0.460609227419,
        "median": 0.388968795538,
        "min": -1.01428413391,
        "stdev": 0.52847379446,
        "var": 0.279284536839
    },
    "erbbands_spread": {
        "dmean": 7.66114997864,
        "dmean2": 11.9247531891,
        "dvar": 69.7913131714,
        "dvar2": 147.032852173,
        "max": 112.116134644,
        "mean": 37.3446006775,
        "median": 35.3343734741,
        "min": 8.60705757141,
        "stdev": 14.9850082397,
        "var": 224.550460815
    },
    "hfc": {
        "dmean": 6.71491098404,
        "dmean2": 9.88303756714,
        "dvar": 67.1568222046,
        "dvar2": 144.006378174,
        "max": 141.605926514,
        "mean": 34.0297050476,
        "median": 31.5489139557,
        "min": 1.13342008068e-16,
        "stdev": 14.5746097565,
        "var": 212.419250488
    },
    "loudness_ebu128": {
        "integrated": -6.80054235458,
        "loudness_range": 1.91687297821,
        "momentary": {
            "dmean": 0.273493945599,
            "dmean2": 0.356230556965,
            "dvar": 0.0472653135657,
            "dvar2": 0.0954454764724,
            "max": -4.96976566315,
            "mean": -6.88041734695,
            "median": -6.93964147568,
            "min": -9.66300201416,
            "stdev": 0.836265683174,
            "var": 0.699340283871
        },
        "short_term": {
            "dmean": 0.038571048528,
            "dmean2": 0.04252409935,
            "dvar": 0.000971891684458,
            "dvar2": 0.0012047101045,
            "max": -5.44972896576,
            "mean": -6.80562543869,
            "median": -6.9600725174,
            "min": -7.72450637817,
            "stdev": 0.600174129009,
            "var": 0.36020898819
        }
    },
    "melbands_crest": {
        "dmean": 3.10027551651,
        "dmean2": 4.99513673782,
        "dvar": 7.25683498383,
        "dvar2": 17.370218277,
        "max": 26.8522968292,
        "mean": 12.572804451,
        "median": 11.8350315094,
        "min": 3.60295796394,
        "stdev": 4.11441612244,
        "var": 16.9284191132
    },
    "melbands_flatness_db": {
        "dmean": 0.0211857762188,
        "dmean2": 0.0326023250818,
        "dvar": 0.000424125581048,
        "dvar2": 0.000966763240285,
        "max": 0.310191750526,
        "mean": 0.1584225595,
        "median": 0.154267162085,
        "min": 0.00774668669328,
        "stdev": 0.0338643603027,
        "var": 0.00114679499529
    },
    "melbands_kurtosis": {
        "dmean": 4.22527360916,
        "dmean2": 6.61618757248,
        "dvar": 43.2233772278,
        "dvar2": 98.3957672119,
        "max": 99.6879272461,
        "mean": 7.22078371048,
        "median": 4.45345067978,
        "min": -1.27852892876,
        "stdev": 8.77077293396,
        "var": 76.9264526367
    },
    "melbands_skewness": {
        "dmean": 0.647797524929,
        "dmean2": 0.989767849445,
        "dvar": 0.453489094973,
        "dvar2": 1.03033125401,
        "max": 8.81693458557,
        "mean": 2.08545708656,
        "median": 1.9059176445,
        "min": -0.368626862764,
        "stdev": 1.14772772789,
        "var": 1.317278862
    },
    "melbands_spread": {
        "dmean": 5.8708615303,
        "dmean2": 9.3131275177,
        "dvar": 42.9592933655,
        "dvar2": 85.9674987793,
        "max": 154.424911499,
        "mean": 26.9939842224,
        "median": 27.2116909027,
        "min": 3.96658062935,
        "stdev": 9.62674999237,
        "var": 92.6743240356
    },
    "pitch_salience": {
        "dmean": 0.0663045421243,
        "dmean2": 0.106483183801,
        "dvar": 0.00331793143414,
        "dvar2": 0.00852671079338,
        "max": 0.911620974541,
        "mean": 0.559239864349,
        "median": 0.564732730389,
        "min": 0.241049274802,
        "stdev": 0.0858999565244,
        "var": 0.00737880263478
    },
    "silence_rate_20dB": {
        "dmean": 0,
        "dmean2": 0,
        "dvar": 0,
        "dvar2": 0,
        "max": 1,
        "mean": 1,
        "median": 1,
        "min": 1,
        "stdev": 0,
        "var": 0
    },
    "silence_rate_30dB": {
        "dmean": 0.00154798757285,
        "dmean2": 0.00309837330133,
        "dvar": 0.00154558324721,
        "dvar2": 0.00463791796938,
        "max": 1,
        "mean": 0.999226629734,
        "median": 1,
        "min": 0,
        "stdev": 0.0277992039919,
        "var": 0.00077279569814
    },
    "silence_rate_60dB": {
        "dmean": 0.000773993786424,
        "dmean2": 0.00154918665066,
        "dvar": 0.000773391744588,
        "dvar2": 0.00154677091632,
        "max": 1,
        "mean": 0.00154679035768,
        "median": 0,
        "min": 0,
        "stdev": 0.0392987206578,
        "var": 0.00154438940808
    },
    "spectral_centroid": {
        "dmean": 217.497879028,
        "dmean2": 333.054595947,
        "dvar": 92926.9609375,
        "dvar2": 146453.203125,
        "max": 10497.4189453,
        "mean": 1448.0135498,
        "median": 1454.47180176,
        "min": 350.207550049,
        "stdev": 430.152893066,
        "var": 185031.5
    },
    "spectral_complexity": {
        "dmean": 4.43266248703,
        "dmean2": 6.75445413589,
        "dvar": 15.3368883133,
        "dvar2": 28.8638114929,
        "max": 49,
        "mean": 29.2281513214,
        "median": 31,
        "min": 0,
        "stdev": 8.1076335907,
        "var": 65.7337188721
    },
    "spectral_decrease": {
        "dmean": 2.9955891101e-09,
        "dmean2": 4.61859084311e-09,
        "dvar": 1.40895758231e-17,
        "dvar2": 3.22509085069e-17,
        "max": 9.21875617942e-29,
        "mean": -9.80018288743e-09,
        "median": -8.8260865283e-09,
        "min": -3.56892826403e-08,
        "stdev": 4.70150718357e-09,
        "var": 2.21041717915e-17
    },
    "spectral_energy": {
        "dmean": 0.011678757146,
        "dmean2": 0.0179417319596,
        "dvar": 0.000209351725061,
        "dvar2": 0.000477306370158,
        "max": 0.138443052769,
        "mean": 0.0400747656822,
        "median": 0.0363402739167,
        "min": 9.93251660807e-21,
        "stdev": 0.0184323117137,
        "var": 0.000339750084095
    },
    "spectral_energyband_high": {
        "dmean": 0.000459368427983,
        "dmean2": 0.00069186638575,
        "dvar": 5.95076585341e-07,
        "dvar2": 1.30257683395e-06,
        "max": 0.0140574146062,
        "mean": 0.00143856334034,
        "median": 0.00124074937776,
        "min": 7.30926758393e-21,
        "stdev": 0.00106548017357,
        "var": 1.1352481124e-06
    },
    "spectral_energyband_low": {
        "dmean": 0.00758639490232,
        "dmean2": 0.0119227757677,
        "dvar": 0.000153705725097,
        "dvar2": 0.000350491231075,
        "max": 0.118221975863,
        "mean": 0.0137136038393,
        "median": 0.0101558547467,
        "min": 1.27141482023e-22,
        "stdev": 0.0137405833229,
        "var": 0.000188803634956
    },
    "spectral_energyband_middle_high": {
        "dmean": 0.00298798992299,
        "dmean2": 0.00459593953565,
        "dvar": 1.15806014946e-05,
        "dvar2": 2.68052663159e-05,
        "max": 0.0545619465411,
        "mean": 0.0114463139325,
        "median": 0.00930366106331,
        "min": 1.21918112114e-21,
        "stdev": 0.00761565985158,
        "var": 5.79982770432e-05
    },
    "spectral_energyband_middle_low": {
        "dmean": 0.00626949546859,
        "dmean2": 0.00983403716236,
        "dvar": 7.88717879914e-05,
        "dvar2": 0.000198245121283,
        "max": 0.087261274457,
        "mean": 0.0155550148338,
        "median": 0.0132363401353,
        "min": 2.28539643296e-22,
        "stdev": 0.0106424586847,
        "var": 0.000113261936349
    },
    "spectral_entropy": {
        "dmean": 0.102541446686,
        "dmean2": 0.15103417635,
        "dvar": 0.0103393299505,
        "dvar2": 0.0198362879455,
        "max": 9.80288410187,
        "mean": 7.88776111603,
        "median": 7.89608192444,
        "min": 6.98272323608,
        "stdev": 0.19118835032,
        "var": 0.0365529842675
    },
    "spectral_flux": {
        "dmean": 0.0278165396303,
        "dmean2": 0.0437349416316,
        "dvar": 0.000831772282254,
        "dvar2": 0.00170452788007,
        "max": 0.302191674709,
        "mean": 0.106895439327,
        "median": 0.0957531109452,
        "min": 9.9662014752e-11,
        "stdev": 0.0421335920691,
        "var": 0.0017752397107
    },
    "spectral_kurtosis": {
        "dmean": 0.769079387188,
        "dmean2": 1.23150956631,
        "dvar": 0.601596415043,
        "dvar2": 1.45727801323,
        "max": 10.0585727692,
        "mean": 3.59059977531,
        "median": 3.611307621,
        "min": -1.27334201336,
        "stdev": 1.16503298283,
        "var": 1.35730183125
    },
    "spectral_rms": {
        "dmean": 0.00087104429258,
        "dmean2": 0.00131278613117,
        "dvar": 8.82764425114e-07,
        "dvar2": 1.89607465018e-06,
        "max": 0.0116218067706,
        "mean": 0.00609848974273,
        "median": 0.00595432007685,
        "min": 3.11291834323e-12,
        "stdev": 0.001380493748,
        "var": 1.9057629288e-06
    },
    "spectral_rolloff": {
        "dmean": 461.513824463,
        "dmean2": 769.141296387,
        "dvar": 842870.875,
        "dvar2": 1710114.125,
        "max": 18884.6191406,
        "mean": 1478.71020508,
        "median": 1291.9921875,
        "min": 129.19921875,
        "stdev": 1146.30981445,
        "var": 1314026.125
    },
    "spectral_skewness": {
        "dmean": 0.133096396923,
        "dmean2": 0.212854221463,
        "dvar": 0.0188288483769,
        "dvar2": 0.0433525592089,
        "max": 2.79936146736,
        "mean": 1.53377521038,
        "median": 1.53666174412,
        "min": 0.0399473235011,
        "stdev": 0.210156902671,
        "var": 0.0441659241915
    },
    "spectral_spread": {
        "dmean": 599878.375,
        "dmean2": 809390.375,
        "dvar": 1.55373810483e+12,
        "dvar2": 1.71003609088e+12,
        "max": 43077880,
        "mean": 5590611,
        "median": 5325589,
        "min": 2817244.25,
        "stdev": 1750680.125,
        "var": 3.06488095539e+12
    },
    "spectral_strongpeak": {
        "dmean": 0.741989135742,
        "dmean2": 1.2752366066,
        "dvar": 1.2073404789,
        "dvar2": 2.82893657684,
        "max": 8.57805919647,
        "mean": 1.19078600407,
        "median": 0.539245307446,
        "min": 0,
        "stdev": 1.51552605629,
        "var": 2.29681921005
    },
    "zerocrossingrate": {
        "dmean": 0.0105834584683,
        "dmean2": 0.01312345732,
        "dvar": 0.000286583468551,
        "dvar2": 0.000359263445716,
        "max": 0.5,
        "mean": 0.0729529187083,
        "median": 0.06982421875,
        "min": 0.0166015625,
        "stdev": 0.0271970648319,
        "var": 0.000739680312108
    },
    "barkbands": {
        "dmean": [5.82675638725e-05, 0.00458044046536, 0.00411064689979, 0.00198221765459, 0.00376821379177, 0.000841952511109, 0.000663364538923, 0.000450742285466, 0.0016598139191, 0.00136852415744, 0.00199945643544, 0.000721960910596, 0.000452527601738, 0.000548206269741, 0.000331887975335, 0.000189221551409, 0.000224832256208, 0.000180025002919, 0.000223971859668, 0.000146734993905, 0.00011361578072, 0.000104399405245, 0.0001078451387, 8.15877356217e-05, 9.14141492103e-05, 6.43860403216e-05, 9.88898955256e-06],
        "dmean2": [9.13085241336e-05, 0.00751142390072, 0.00688248826191, 0.00320119177923, 0.00616170279682, 0.00140897266101, 0.00108722283039, 0.000728080281988, 0.00260499073192, 0.00216978718527, 0.00310454610735, 0.00119153701235, 0.000724709883798, 0.000877314421814, 0.000521516427398, 0.000309862924041, 0.000370510009816, 0.000289310963126, 0.000356772827217, 0.000234548570006, 0.000180649760296, 0.000170340121258, 0.000175883891643, 0.000126997372718, 0.000133460605866, 9.54585775617e-05, 1.63270560734e-05],
        "dvar": [1.50160044399e-08, 0.000100633747934, 4.67711870442e-05, 5.36624065717e-06, 4.36346927017e-05, 2.93756556857e-06, 1.40088616263e-06, 1.48489425555e-06, 9.42034239415e-06, 5.75109834244e-06, 8.94024105946e-06, 1.68907820353e-06, 3.98147875558e-07, 7.22311369827e-07, 3.49068727701e-07, 4.80740602882e-08, 5.71593865573e-08, 3.95351342775e-08, 4.99358883133e-08, 2.6058149416e-08, 1.89455242605e-08, 2.89479711313e-08, 4.26903206119e-08, 2.3540222216e-08, 5.20743093091e-08, 1.58142459128e-08, 5.54278789533e-10],
        "dvar2": [3.37563896835e-08, 0.000252282683505, 0.00012927276839, 1.39667463372e-05, 0.000116653754958, 7.72190833231e-06, 3.79787638849e-06, 3.2247830859e-06, 2.12056183955e-05, 1.27900266307e-05, 1.94987842406e-05, 4.33099785369e-06, 9.89076056612e-07, 1.88697299564e-06, 8.27779842894e-07, 1.18027102758e-07, 1.4851167407e-07, 9.79539223067e-08, 1.27057958821e-07, 6.17941466885e-08, 4.61772522442e-08, 7.47653174926e-08, 1.03563827736e-07, 5.09576381091e-08, 1.15798314937e-07, 3.32177876317e-08, 1.3169634272e-09],
        "max": [0.00182128860615, 0.0830447748303, 0.0786063224077, 0.0232218299061, 0.0640868619084, 0.0206981152296, 0.0175053626299, 0.0263136085123, 0.0698664709926, 0.0435869693756, 0.0488595254719, 0.0186379514635, 0.012228324078, 0.0103327715769, 0.01094284188, 0.00335792312399, 0.00248511461541, 0.00308234710246, 0.0021665727254, 0.0023723365739, 0.00168689084239, 0.00226531317458, 0.00396951846778, 0.00313560757786, 0.00659295124933, 0.00260491622612, 0.000470526370918],
        "mean": [7.13432455086e-05, 0.00567537173629, 0.00635828310624, 0.00330861308612, 0.00530567485839, 0.00122977269348, 0.00110259652138, 0.000652901944704, 0.0028915295843, 0.00239170831628, 0.00390609190799, 0.00130610028282, 0.00079655519221, 0.00101934443228, 0.000609883863945, 0.000373140268493, 0.000508105906192, 0.000390275497921, 0.000532281934284, 0.000369978806702, 0.00028180461959, 0.000217916429392, 0.00021595954604, 0.000177270572749, 0.000214215542655, 0.000154050940182, 1.40004212881e-05],
        "median": [1.69597078639e-05, 0.00254429457709, 0.00399888074026, 0.00244965823367, 0.00332505069673, 0.000658263044897, 0.000549685966689, 0.000303179083858, 0.0017314319266, 0.00125214539003, 0.00185937841889, 0.000697850424331, 0.00055538630113, 0.000514404848218, 0.000367919361452, 0.000307786860503, 0.000449492275948, 0.000339699588949, 0.000481993396534, 0.000317736150464, 0.000253418606007, 0.00015826143499, 0.000139164563734, 0.00012899946887, 0.000148514140164, 0.000110324581328, 6.18809463049e-06],
        "min": [2.59100007479e-23, 9.46178134404e-23, 1.34296153821e-23, 1.02474940632e-23, 2.61224252125e-23, 6.41467483117e-23, 4.50360943226e-23, 4.04199579843e-23, 3.87371188805e-23, 5.92143229266e-23, 8.22169641865e-23, 5.42615323084e-23, 4.33111679118e-23, 2.17870583543e-22, 1.24758150212e-22, 7.45138447321e-23, 7.77134014548e-23, 1.3876313234e-22, 2.13769264142e-22, 4.06110895153e-22, 2.9994778682e-22, 6.09681336372e-22, 4.13882879009e-22, 8.78915044729e-22, 1.19906413307e-21, 1.48924670541e-21, 2.4054729272e-21],
        "stdev": [0.000138001370942, 0.00959812663496, 0.00724611245096, 0.00304434425198, 0.00670190341771, 0.00191968411673, 0.00162238511257, 0.00152080215048, 0.00411442341283, 0.00373534183018, 0.00583637366071, 0.00204709218815, 0.00084623740986, 0.00129439926241, 0.000877170125023, 0.000298239581753, 0.00034160548239, 0.000285979127511, 0.00035639066482, 0.000271234399406, 0.00019012230041, 0.00019874201098, 0.000241976827965, 0.000203894131118, 0.00033430827898, 0.000201960399863, 3.21658735629e-05],
        "var": [1.90443785186e-08, 9.21240425669e-05, 5.25061441294e-05, 9.26803204493e-06, 4.49155086244e-05, 3.68518726646e-06, 2.63213337348e-06, 2.31283911489e-06, 1.69284812728e-05, 1.39527792271e-05, 3.40632577718e-05, 4.19058687839e-06, 7.16117710908e-07, 1.6754694343e-06, 7.69427458636e-07, 8.89468481091e-08, 1.16694309327e-07, 8.17840586365e-08, 1.27014303075e-07, 7.35681027209e-08, 3.61464884691e-08, 3.94983850072e-08, 5.85527821784e-08, 4.15728145242e-08, 1.11762027188e-07, 4.0788002309e-08, 1.03464337098e-09]
    },
    "erbbands": {
        "dmean": [0.105613976717, 1.14088380337, 3.9670085907, 5.62847232819, 13.0388307571, 10.7824373245, 5.74868440628, 7.35224580765, 8.4146194458, 10.0449504852, 12.8612279892, 39.1989936829, 43.7175750732, 46.003276825, 64.5461349487, 27.8579711914, 20.9771881104, 22.8312511444, 18.2459373474, 16.3679828644, 10.0404958725, 11.360039711, 9.56680679321, 8.54600811005, 11.4470949173, 6.68550205231, 5.58800315857, 3.81245613098, 3.55304121971, 3.77973484993, 3.03040313721, 1.77530801296, 1.44269549847, 1.05000984669, 0.688017845154, 0.313697993755, 0.117222987115, 0.02747198008, 0.000949053210206, 2.67295836238e-05],
        "dmean2": [0.173221364617, 1.88745319843, 6.64411306381, 9.22982215881, 20.9131412506, 18.4425430298, 9.82651138306, 12.2866868973, 13.8103294373, 16.4443759918, 20.1588191986, 60.5954017639, 70.4253387451, 71.6425170898, 99.3190689087, 46.0230941772, 33.5058555603, 36.1074676514, 28.8111495972, 26.1205120087, 16.1720027924, 18.5225048065, 15.3478498459, 13.6913261414, 18.2777290344, 10.6283540726, 8.97156047821, 6.26828289032, 5.7583823204, 6.22013425827, 4.98951387405, 2.80207443237, 2.24047517776, 1.5567895174, 1.03664040565, 0.47535276413, 0.173761233687, 0.0429551750422, 0.00152745121159, 3.97020230594e-05],
        "dvar": [0.0577260069549, 6.02544260025, 46.40574646, 62.880897522, 395.728149414, 487.959259033, 116.669891357, 265.574768066, 274.840423584, 245.54725647, 1320.03845215, 8347.79003906, 5205.84619141, 5852.76513672, 9368.9296875, 2354.69482422, 845.174926758, 1204.51831055, 1181.3404541, 582.905090332, 124.824737549, 141.794631958, 106.442321777, 76.6487731934, 134.948822021, 47.1942863464, 41.1596984863, 27.1093120575, 33.1232032776, 42.6813735962, 30.638048172, 10.0846176147, 8.08354854584, 4.83310890198, 3.47779798508, 0.428144007921, 0.0470502749085, 0.00381297012791, 5.88931106904e-06, 2.18074225344e-09],
        "dvar2": [0.149156689644, 14.9699420929, 125.904701233, 173.362411499, 999.389892578, 1340.71057129, 311.257476807, 706.231750488, 729.784667969, 634.336303711, 2908.67822266, 19028.4765625, 13264.6308594, 13047.7431641, 20754.6699219, 6096.44970703, 2088.11499023, 3075.60913086, 2823.02514648, 1410.35241699, 311.692901611, 377.224029541, 260.637237549, 188.896621704, 336.187835693, 112.254936218, 101.198051453, 65.9490890503, 84.6117401123, 106.958641052, 74.7389831543, 21.9699192047, 17.6578083038, 10.5094146729, 8.22143173218, 0.941956818104, 0.0937997922301, 0.00837328005582, 1.33038483909e-05, 4.67838656704e-09],
        "max": [1.97429525852, 20.8467769623, 84.970954895, 79.059715271, 205.314071655, 233.876861572, 113.100326538, 248.02796936, 233.591522217, 245.320327759, 782.01361084, 2176.46044922, 1048.80493164, 1610.31359863, 1491.78356934, 852.580993652, 454.799407959, 592.334777832, 506.286132812, 356.682037354, 160.53012085, 131.739486694, 160.650466919, 97.6106414795, 120.868278503, 84.5042648315, 69.2361831665, 66.4794616699, 74.0797348022, 74.1634674072, 108.883590698, 63.366733551, 60.4239387512, 53.4080505371, 51.9122390747, 13.2496109009, 5.2750749588, 1.1939214468, 0.0478897802532, 0.000984441488981],
        "mean": [0.114086203277, 1.50715696812, 6.39847278595, 10.0974702835, 19.6891307831, 13.7825021744, 8.258228302, 10.4728727341, 13.8699741364, 16.6177501678, 21.3934211731, 65.4615097046, 80.9471206665, 97.7809829712, 132.767410278, 54.8771705627, 40.1210365295, 45.6639823914, 36.7272071838, 31.9033107758, 23.3964157104, 27.422044754, 22.590429306, 21.6380882263, 27.7820892334, 17.4220314026, 13.7757711411, 9.01993942261, 7.54615068436, 7.47101449966, 5.98125457764, 3.68942546844, 3.08856511116, 2.34093976021, 1.53975272179, 0.745042026043, 0.270994365215, 0.0512900166214, 0.00153143319767, 8.65009569679e-05],
        "median": [0.0466805286705, 0.733637332916, 4.13010978699, 8.06314373016, 12.8110551834, 8.01797866821, 4.66989135742, 5.46991920471, 6.51960945129, 9.52008342743, 11.204041481, 36.5176429749, 46.5061531067, 55.1147918701, 71.7993240356, 35.5361557007, 29.4526767731, 26.4859523773, 18.9124755859, 21.3802528381, 20.8027896881, 25.1028785706, 20.3776702881, 20.178686142, 24.569606781, 15.443983078, 12.4599618912, 7.94380807877, 5.75773620605, 4.37184000015, 4.06084156036, 2.69158411026, 2.26051735878, 1.70192933083, 1.00393974781, 0.525147438049, 0.19207662344, 0.0301490332931, 0.000762443291023, 7.17803632142e-05],
        "min": [4.79583405625e-21, 1.34387995154e-20, 1.04048803587e-20, 3.70156991016e-20, 3.79186992183e-20, 1.2607249709e-19, 2.47533048674e-19, 6.393851777e-19, 3.44493428168e-19, 8.27330022051e-19, 1.23051563699e-18, 9.34194829555e-19, 9.5735960902e-19, 2.93449663531e-18, 3.16956047909e-18, 2.35364710045e-18, 2.74510639624e-18, 9.92457833668e-18, 5.8963216637e-18, 6.50836004355e-18, 4.21492569463e-18, 4.24259488612e-18, 6.87892579104e-18, 1.04636461516e-17, 1.1364946283e-17, 1.92214407394e-17, 1.2070277401e-17, 1.73325407234e-17, 2.30798776462e-17, 1.48460788154e-17, 1.30296977237e-17, 1.22817130374e-17, 1.74881251248e-17, 1.48811744345e-17, 7.61244970592e-18, 4.26338069415e-18, 2.80092516436e-18, 1.32480192251e-18, 3.41081876828e-19, 3.6922127526e-20],
        "stdev": [0.22192619741, 2.37478113174, 7.21474790573, 8.3955488205, 21.7832622528, 20.5241851807, 11.3945388794, 17.7984809875, 22.9444923401, 21.0715084076, 46.3293991089, 110.749839783, 105.96472168, 133.363037109, 178.550933838, 70.9535980225, 38.7610206604, 51.1694526672, 51.0135879517, 36.7651939392, 16.189912796, 17.2809391022, 15.3574085236, 13.7063083649, 19.3239307404, 11.5739498138, 9.12185192108, 6.49730443954, 6.61936950684, 8.2658624649, 6.43583774567, 4.1802239418, 3.65362691879, 3.15308189392, 2.66963100433, 1.00877869129, 0.356648921967, 0.0906948968768, 0.00330128683709, 7.13178887963e-05],
        "var": [0.0492512360215, 5.63958597183, 52.0525894165, 70.4852371216, 474.510498047, 421.242156982, 129.835510254, 316.785949707, 526.449707031, 444.008453369, 2146.41333008, 12265.5263672, 11228.5214844, 17785.7011719, 31880.4335938, 5034.41308594, 1502.41687012, 2618.31274414, 2602.38623047, 1351.67956543, 262.11328125, 298.630859375, 235.849990845, 187.862884521, 373.414276123, 133.956314087, 83.208190918, 42.2149658203, 43.8160514832, 68.3244781494, 41.420009613, 17.4742736816, 13.3489904404, 9.9419260025, 7.12692975998, 1.01763451099, 0.127198457718, 0.00822556484491, 1.08984941107e-05, 5.08624165008e-09]
    },
    "gfcc": {
        "mean": [71.0400085449, 67.0294723511, -107.408760071, 22.5761566162, -51.8113288879, 26.13073349, -29.5281352997, 16.0592517853, -39.343334198, -1.65607380867, -28.4708251953, 1.40881168842, -17.2583255768],
        "cov": [[2349.49291992, -20.5790843964, -146.856552124, 56.6353530884, -89.6683425903, 30.5746364594, -52.4193763733, -23.1069850922, -62.7447471619, -15.3016176224, -26.6026363373, -3.44194102287, -25.7263183594], [-20.5790843964, 323.032836914, -96.3447341919, 59.284072876, 40.1582260132, -29.4904708862, 35.2643585205, 11.4591407776, 25.8554782867, 0.342053353786, 28.2372283936, -18.4639110565, 27.4055519104], [-146.856552124, -96.3447341919, 309.934875488, -3.1407020092, 0.990721404552, 25.7202587128, -36.5379829407, 14.0927944183, 11.4577074051, 2.61600732803, -6.12782430649, 16.3983383179, -2.54164552689], [56.6353530884, 59.284072876, -3.1407020092, 145.729858398, 52.1015014648, -21.7055168152, 6.56476163864, 11.302025795, 7.69270086288, -0.0755644664168, 16.3086261749, 4.35803318024, 14.0921974182], [-89.6683425903, 40.1582260132, 0.990721404552, 52.1015014648, 106.403755188, 13.9972248077, 35.9936256409, 28.8475284576, -4.42226028442, 3.71058678627, 7.5730047226, -0.127281934023, 4.25408649445], [30.5746364594, -29.4904708862, 25.7202587128, -21.7055168152, 13.9972248077, 141.376083374, 59.3787689209, -7.68849754333, 13.9611940384, -6.4519367218, 1.63984894753, 5.38667821884, -1.26587629318], [-52.4193763733, 35.2643585205, -36.5379829407, 6.56476163864, 35.9936256409, 59.3787689209, 97.0912704468, 28.1917304993, 10.308216095, -0.926001667976, 6.31381130219, 2.17371058464, 3.06976032257], [-23.1069850922, 11.4591407776, 14.0927944183, 11.302025795, 28.8475284576, -7.68849754333, 28.1917304993, 73.0914001465, 17.3010101318, 12.2258720398, 2.89380931854, -2.01165342331, 5.55508756638], [-62.7447471619, 25.8554782867, 11.4577074051, 7.69270086288, -4.42226028442, 13.9611940384, 10.308216095, 17.3010101318, 70.8711166382, 27.5662345886, 8.81919002533, 0.881743609905, 5.32461977005], [-15.3016176224, 0.342053353786, 2.61600732803, -0.0755644664168, 3.71058678627, -6.4519367218, -0.926001667976, 12.2258720398, 27.5662345886, 51.9577522278, 18.5255432129, 1.73278999329, 1.74554276466], [-26.6026363373, 28.2372283936, -6.12782430649, 16.3086261749, 7.5730047226, 1.63984894753, 6.31381130219, 2.89380931854, 8.81919002533, 18.5255432129, 56.1401672363, 22.5161037445, 5.36872386932], [-3.44194102287, -18.4639110565, 16.3983383179, 4.35803318024, -0.127281934023, 5.38667821884, 2.17371058464, -2.01165342331, 0.881743609905, 1.73278999329, 22.5161037445, 47.0223274231, 14.4600877762], [-25.7263183594, 27.4055519104, -2.54164552689, 14.0921974182, 4.25408649445, -1.26587629318, 3.06976032257, 5.55508756638, 5.32461977005, 1.74554276466, 5.36872386932, 14.4600877762, 42.7231330872]],
        "icov": [[0.000573576253373, -0.000219691937673, 0.000450384512078, -0.000792031351011, 0.000978275202215, -0.00102670770139, 0.000950242625549, -0.000849837611895, 0.0010521162767, -0.000659852055833, 0.000745331984945, -0.000659918237943, 0.000714277965017], [-0.000219691937673, 0.00528773013502, 0.00062921125209, -6.21303843218e-05, -0.00192205735948, 0.00272773811594, -0.00261799944565, 0.00194680667482, -0.00341858272441, 0.00321815302595, -0.0044752205722, 0.00509007414803, -0.00412493571639], [0.000450384512078, 0.00062921125209, 0.00464581465349, -0.000948166009039, 0.000146905615111, -0.00286632380448, 0.00429909629747, -0.00289016705938, 2.41240704781e-05, -0.000120123717352, 0.00120097293984, -0.00212246295996, 0.000993413152173], [-0.000792031351011, -6.21303843218e-05, -0.000948166009039, 0.0108855683357, -0.00660425331444, 0.00391794228926, -0.00142863660585, 0.00261887186207, -0.00406673783436, 0.00369841605425, -0.00375729985535, 0.00170379003976, -0.00329703255557], [0.000978275202215, -0.00192205735948, 0.000146905615111, -0.00660425331444, 0.0170319098979, -0.00397265702486, -0.00135055941064, -0.00628224108368, 0.00717229070142, -0.00472485926002, 0.0025763832964, -0.00185570609756, 0.00271290913224], [-0.00102670770139, 0.00272773811594, -0.00286632380448, 0.00391794228926, -0.00397265702486, 0.0158937480301, -0.0125944502652, 0.00857471209019, -0.00667524663731, 0.00477112317458, -0.00391098437831, 0.00357307936065, -0.00325521663763], [0.000950242625549, -0.00261799944565, 0.00429909629747, -0.00142863660585, -0.00135055941064, -0.0125944502652, 0.0244897399098, -0.0111326556653, 0.00249250931665, -0.00044546398567, 0.00233204290271, -0.00469689723104, 0.0034319665283], [-0.000849837611895, 0.00194680667482, -0.00289016705938, 0.00261887186207, -0.00628224108368, 0.00857471209019, -0.0111326556653, 0.023089421913, -0.00690457364544, 0.00020342420612, -0.00216149166226, 0.00451893080026, -0.004524666816], [0.0010521162767, -0.00341858272441, 2.41240704781e-05, -0.00406673783436, 0.00717229070142, -0.00667524663731, 0.00249250931665, -0.00690457364544, 0.0245652142912, -0.0139713697135, 0.00458024721593, -0.00328387226909, 0.00202116579749], [-0.000659852055833, 0.00321815302595, -0.000120123717352, 0.00369841605425, -0.00472485926002, 0.00477112317458, -0.00044546398567, 0.00020342420612, -0.0139713697135, 0.0319346599281, -0.0132465362549, 0.00682084122673, -0.00327883171849], [0.000745331984945, -0.0044752205722, 0.00120097293984, -0.00375729985535, 0.0025763832964, -0.00391098437831, 0.00233204290271, -0.00216149166226, 0.00458024721593, -0.0132465362549, 0.0316058248281, -0.0182652827352, 0.00655214255676], [-0.000659918237943, 0.00509007414803, -0.00212246295996, 0.00170379003976, -0.00185570609756, 0.00357307936065, -0.00469689723104, 0.00451893080026, -0.00328387226909, 0.00682084122673, -0.0182652827352, 0.036756772548, -0.0143250524998], [0.000714277965017, -0.00412493571639, 0.000993413152173, -0.00329703255557, 0.00271290913224, -0.00325521663763, 0.0034319665283, -0.004524666816, 0.00202116579749, -0.00327883171849, 0.00655214255676, -0.0143250524998, 0.0315115824342]]
    },
    "melbands": {
        "dmean": [0.00113785557915, 0.0016918348847, 0.00105032639112, 0.000923524028622, 0.00023205159232, 0.000163111864822, 0.000129802050651, 9.98714094749e-05, 0.000138958275784, 0.000246890966082, 0.00022010896646, 0.000184059361345, 0.000278135121334, 9.52853006311e-05, 5.74864607188e-05, 4.00325734518e-05, 4.67414611194e-05, 3.55373340426e-05, 2.52281552093e-05, 1.62759242812e-05, 1.34014171635e-05, 1.32973418658e-05, 1.28482115542e-05, 8.50034757605e-06, 7.29054090698e-06, 1.1141858522e-05, 6.81396340951e-06, 4.42485634267e-06, 4.14457190345e-06, 3.04361560666e-06, 2.33121136262e-06, 2.13362022805e-06, 2.28890598919e-06, 2.24222776524e-06, 1.99967348635e-06, 1.43047464007e-06, 1.09145844363e-06, 1.03555771602e-06, 1.12740121949e-06, 8.6682860001e-07],
        "dmean2": [0.00186137109995, 0.00271717109717, 0.00172703713179, 0.00151463970542, 0.00039621477481, 0.00027189264074, 0.000214332758333, 0.000164647019119, 0.000217396751395, 0.000385878724046, 0.000356526783435, 0.000287455070065, 0.000426162732765, 0.000156931695528, 9.14766569622e-05, 6.28300913377e-05, 7.40024916013e-05, 5.65495938645e-05, 3.94531052734e-05, 2.66270326392e-05, 2.18670957111e-05, 2.18646891881e-05, 2.10233629332e-05, 1.37276756504e-05, 1.1848252143e-05, 1.79688249773e-05, 1.10507653517e-05, 7.06387845639e-06, 6.74549937685e-06, 4.95594713357e-06, 3.84217719329e-06, 3.47284230884e-06, 3.81375184588e-06, 3.67318784811e-06, 3.34298056259e-06, 2.29346346714e-06, 1.75451759787e-06, 1.65518326867e-06, 1.71852855146e-06, 1.31497347411e-06],
        "dvar": [6.63835498926e-06, 8.12209691503e-06, 1.7873253455e-06, 2.78791321762e-06, 1.86492840726e-07, 1.2194432486e-07, 6.28162766247e-08, 2.55717953479e-08, 1.20684333638e-07, 2.83319508299e-07, 1.29757935952e-07, 1.07973541219e-07, 1.74130363462e-07, 3.34637633159e-08, 5.09975395246e-09, 3.35019412212e-09, 5.3559050528e-09, 4.90294960187e-09, 2.39289987825e-09, 3.72168351692e-10, 2.04582059626e-10, 2.09353478997e-10, 2.3288637685e-10, 9.46950642899e-11, 5.885621851e-11, 1.4574827456e-10, 6.10041878124e-11, 2.04685331184e-11, 2.5426848127e-11, 1.25453232871e-11, 1.05353720539e-11, 1.07596067472e-11, 1.41967730974e-11, 1.57275546753e-11, 1.34835137847e-11, 6.11304886919e-12, 3.77274253505e-12, 4.20391239181e-12, 5.10970302528e-12, 3.17825648612e-12],
        "dvar2": [1.69249942701e-05, 2.06140375667e-05, 4.65675657324e-06, 7.51384868636e-06, 5.13527254498e-07, 3.2099100622e-07, 1.69265319983e-07, 6.29896206306e-08, 2.56483247085e-07, 6.52028177228e-07, 3.24541360897e-07, 2.39484421627e-07, 3.71420469492e-07, 8.57898285744e-08, 1.27711263787e-08, 7.88789744632e-09, 1.36637297032e-08, 1.2230419344e-08, 5.99127503165e-09, 9.08922825893e-10, 5.20692378103e-10, 5.66472813102e-10, 5.83026682488e-10, 2.39172959215e-10, 1.48430406854e-10, 3.70188074639e-10, 1.52024628997e-10, 5.00995876729e-11, 6.48561898631e-11, 3.16465950667e-11, 2.66006348892e-11, 2.6990661442e-11, 3.74558613292e-11, 3.87616189146e-11, 3.40741705684e-11, 1.35988286604e-11, 8.73167163573e-12, 9.28073590201e-12, 1.20823290609e-11, 6.88910343702e-12],
        "max": [0.0207077562809, 0.0328777991235, 0.0142054446042, 0.0163460001349, 0.00394329847768, 0.00497649144381, 0.00377571070567, 0.00229833694175, 0.00715329311788, 0.0131906410679, 0.00507589476183, 0.00718523468822, 0.00722573278472, 0.00273565552197, 0.000845048343763, 0.00155401963275, 0.0011528050527, 0.00086647720309, 0.000852337863762, 0.000257760635577, 0.000193168147234, 0.000169856255525, 0.000190233651665, 0.000109336542664, 8.39755521156e-05, 0.000130261018057, 0.000127685430925, 4.95518070238e-05, 5.23623239133e-05, 4.36089976574e-05, 4.51949308626e-05, 4.99406305607e-05, 4.55142871942e-05, 5.49538890482e-05, 6.39395148028e-05, 5.68909017602e-05, 3.64543739124e-05, 4.38261886302e-05, 4.05551181757e-05, 4.74490625493e-05],
        "mean": [0.00132252008189, 0.00288271228783, 0.0020562550053, 0.0012905835174, 0.00032130186446, 0.000236237756326, 0.000218112982111, 0.000164735858561, 0.000221788461204, 0.000421690318035, 0.000393468508264, 0.000368729466572, 0.000547096366063, 0.000177498499397, 0.000101168443507, 7.52884661779e-05, 8.83330649231e-05, 6.47083870717e-05, 4.53814536741e-05, 3.08613998641e-05, 2.78861352854e-05, 2.898585808e-05, 2.56583298324e-05, 1.72511336132e-05, 1.65486926562e-05, 2.32183210755e-05, 1.57579888764e-05, 1.03139873318e-05, 9.10951803235e-06, 6.61829926685e-06, 4.72907868243e-06, 4.13010184275e-06, 4.39120685769e-06, 4.06979279433e-06, 3.56506279786e-06, 2.70458326668e-06, 2.11415976992e-06, 2.09359814107e-06, 2.2090478069e-06, 1.86544320968e-06],
        "median": [0.000572253135033, 0.00199123332277, 0.00171189149842, 0.000803236092906, 0.000186320728972, 0.000125674821902, 0.000106854888145, 9.56069925451e-05, 0.00010763402679, 0.000244411901804, 0.000223970651859, 0.000192076899111, 0.000264920206973, 9.68940948951e-05, 7.55475266487e-05, 5.17403059348e-05, 4.81509559904e-05, 2.6906525818e-05, 2.67156829068e-05, 2.34922445088e-05, 2.38178126892e-05, 2.56009498116e-05, 2.11861970456e-05, 1.47833534356e-05, 1.48746848936e-05, 1.92894312931e-05, 1.31959104692e-05, 8.92984007805e-06, 7.71970007918e-06, 5.83498012929e-06, 3.90603008782e-06, 3.16025284519e-06, 2.91634228233e-06, 2.08894130083e-06, 2.1998862394e-06, 1.97997269424e-06, 1.44608793562e-06, 1.46024103742e-06, 1.63639060702e-06, 1.32474997372e-06],
        "min": [3.39322081276e-23, 8.96584752767e-24, 5.77634838707e-24, 5.4666806443e-24, 7.99333112624e-24, 1.32382329934e-23, 6.55218362103e-24, 7.38967346232e-24, 1.06326814325e-23, 5.5756507343e-24, 4.78515254827e-24, 1.16187457312e-23, 1.17835001201e-23, 5.80247822127e-24, 6.82754143645e-24, 5.42724667094e-24, 2.10176321419e-23, 9.44610604676e-24, 1.09784099794e-23, 6.30965188559e-24, 4.56320692702e-24, 3.8206750339e-24, 6.22392518773e-24, 5.99155674177e-24, 8.75788643811e-24, 7.94035359443e-24, 7.8575389766e-24, 1.46854977205e-23, 8.86493012978e-24, 5.74149335684e-24, 1.17414648779e-23, 1.36993490137e-23, 1.00958915633e-23, 7.58683741267e-24, 9.13909637081e-24, 4.53700727863e-24, 8.57688624771e-24, 1.11929604241e-23, 1.39889982278e-23, 1.219019026e-23],
        "stdev": [0.00239987717941, 0.00305419531651, 0.00151452468708, 0.00165345426649, 0.000429588311817, 0.000386364030419, 0.000349250796717, 0.000211195350857, 0.00045715473243, 0.000660024234094, 0.000531823839992, 0.000552903744392, 0.000819269916974, 0.00028392727836, 9.36209107749e-05, 8.3010061644e-05, 0.000107390071207, 0.000103096397652, 6.96756396792e-05, 2.78066927422e-05, 2.04808347917e-05, 1.99114347197e-05, 2.10349789995e-05, 1.30070711748e-05, 1.1232586985e-05, 1.79544440471e-05, 1.29483451019e-05, 7.08282959749e-06, 6.67932272336e-06, 4.66585606773e-06, 3.79602988687e-06, 3.7910847368e-06, 4.38154120275e-06, 5.08638913743e-06, 4.21698814534e-06, 2.9177590477e-06, 2.55864733845e-06, 2.60643446381e-06, 2.7600121939e-06, 2.62744083557e-06],
        "var": [5.75941021452e-06, 9.32810871745e-06, 2.29378497352e-06, 2.73391083283e-06, 1.8454612416e-07, 1.4927715597e-07, 1.21976128753e-07, 4.46034746915e-08, 2.08990442729e-07, 4.35631989149e-07, 2.82836623455e-07, 3.05702570813e-07, 6.71203224556e-07, 8.06146971399e-08, 8.76487504797e-09, 6.8906707007e-09, 1.15326272976e-08, 1.06288666757e-08, 4.85469442424e-09, 7.73212160965e-10, 4.19464601942e-10, 3.96465221764e-10, 4.42470365902e-10, 1.69183902998e-10, 1.26171018078e-10, 3.22362053717e-10, 1.67659636174e-10, 5.01664751407e-11, 4.46133546772e-11, 2.17702141037e-11, 1.4409842243e-11, 1.43723236437e-11, 1.91979019487e-11, 2.58713536705e-11, 1.7782990358e-11, 8.513317655e-12, 6.54667639544e-12, 6.79350109153e-12, 7.61766691393e-12, 6.90344526336e-12]
    },
    "melbands128": {
