{
"lowlevel": {
    "average_loudness": 0.976233661175,
    "barkbands_crest": {
        "dmean": 2.95838356018,
        "dmean2": 4.65324068069,
        "dvar": 7.81805801392,
        "dvar2": 17.9114398956,
        "max": 25.7064666748,
        "mean": 11.8853816986,
        "median": 10.9534349442,
        "min": 3.51409745216,
        "stdev": 4.80859947205,
        "var": 23.1226291656
    },
    "barkbands_flatness_db": {
        "dmean": 0.0252188779414,
        "dmean2": 0.0381324663758,
        "dvar": 0.000719128584024,
        "dvar2": 0.00166884122882,
        "max": 0.356607377529,
        "mean": 0.164923936129,
        "median": 0.156930863857,
        "min": 0.0296703595668,
        "stdev": 0.0592015646398,
        "var": 0.00350482505746
    },
    "barkbands_kurtosis": {
        "dmean": 4.09778118134,
        "dmean2": 6.29783439636,
        "dvar": 57.8616065979,
        "dvar2": 130.639083862,
        "max": 105.044052124,
        "mean": 6.02070903778,
        "median": 2.62481021881,
        "min": -1.87100708485,
        "stdev": 10.8239135742,
        "var": 117.157104492
    },
    "barkbands_skewness": {
        "dmean": 0.665097057819,
        "dmean2": 0.962126255035,
        "dvar": 0.583041846752,
        "dvar2": 1.19613230228,
        "max": 9.15895366669,
        "mean": 1.8203843832,
        "median": 1.56205224991,
        "min": -1.69890713692,
        "stdev": 1.41227829456,
        "var": 1.99452996254
    },
    "barkbands_spread": {
        "dmean": 6.09732961655,
        "dmean2": 9.39684867859,
        "dvar": 84.4841690063,
        "dvar2": 186.077392578,
        "max": 104.249778748,
        "mean": 19.5068073273,
        "median": 16.1542358398,
        "min": 1.13852369785,
        "stdev": 14.5258407593,
        "var": 211.000045776
    },
    "dissonance": {
        "dmean": 0.0224481672049,
        "dmean2": 0.0371092967689,
        "dvar": 0.000492216087878,
        "dvar2": 0.00127360771876,
        "max": 0.500000178814,
        "mean": 0.452627569437,
        "median": 0.460304260254,
        "min": 0.218670904636,
        "stdev": 0.0332348234951,
        "var": 0.00110455357935
    },
    "dynamic_complexity": 1.56104826927,
    "erbbands_crest": {
        "dmean": 2.8628013134,
        "dmean2": 4.51306200027,
        "dvar": 7.21329784393,
        "dvar2": 17.3053073883,
        "max": 24.965467453,
        "mean": 10.413438797,
        "median": 9.80232524872,
        "min": 2.19394493103,
        "stdev": 4.32961273193,
        "var": 18.7455463409
    },
    "erbbands_flatness_db": {
        "dmean": 0.0184085201472,
        "dmean2": 0.0258130189031,
        "dvar": 0.000412789057009,
        "dvar2": 0.000822771340609,
        "max": 0.333764344454,
        "mean": 0.183863475919,
        "median": 0.182205498219,
        "min": 0.0486904196441,
        "stdev": 0.0557667687535,
        "var": 0.00310993241146
    },
    "erbbands_kurtosis": {
        "dmean": 1.06108343601,
        "dmean2": 1.67001676559,
        "dvar": 2.27171444893,
        "dvar2": 5.38948917389,
        "max": 15.5554561615,
        "mean": 0.688468039036,
        "median": -0.0478100776672,
        "min": -1.78131198883,
        "stdev": 2.32340955734,
        "var": 5.39823198318
    },
    "erbbands_skewness": {
        "dmean": 0.413448214531,
        "dmean2": 0.610007107258,
        "dvar": 0.205049738288,
        "dvar2": 0.436758220196,
        "max": 3.67313766479,
        "mean": 0.574497520924,
        "median": 0.612389147282,
        "min": -3.65201544762,
        "stdev": 0.841356217861,
        "var": 0.707880318165
    },
    "erbbands_spread": {
        "dmean": 8.37280082703,
        "dmean2": 12.8003425598,
        "dvar": 107.681343079,
        "dvar2": 252.952651978,
        "max": 125.579559326,
        "mean": 38.4608459473,
        "median": 38.1447067261,
        "min": 7.65303659439,
        "stdev": 18.0510826111,
        "var": 325.84161377
    },
    "hfc": {
        "dmean": 8.21297836304,
        "dmean2": 12.6572208405,
        "dvar": 171.012329102,
        "dvar2": 388.789031982,
        "max": 134.962814331,
        "mean": 25.4262981415,
        "median": 22.6418895721,
        "min": 1.20287453242e-16,
        "stdev": 18.3042240143,
        "var": 335.044586182
    },
    "loudness_ebu128": {
        "integrated": -10.0104351044,
        "loudness_range": 1.37536811829,
        "momentary": {
            "dmean": 0.439694881439,
            "dmean2": 0.524940490723,
            "dvar": 0.147973865271,
            "dvar2": 0.212905526161,
            "max": -7.7548995018,
            "mean": -10.1367282867,
            "median": -9.97351074219,
            "min": -15.0788078308,
            "stdev": 1.09105014801,
            "var": 1.19039034843
        },
        "short_term": {
            "dmean": 0.0506683513522,
            "dmean2": 0.0502585396171,
            "dvar": 0.00136386253871,
            "dvar2": 0.00158990721684,
            "max": -9.07944488525,
            "mean": -10.0857114792,
            "median": -10.1419839859,
            "min": -10.9145088196,
            "stdev": 0.42051884532,
            "var": 0.176836103201
        }
    },
    "melbands_crest": {
        "dmean": 3.49087691307,
        "dmean2": 5.54709529877,
        "dvar": 9.8518447876,
        "dvar2": 23.089099884,
        "max": 30.3814888,
        "mean": 15.3907880783,
        "median": 14.8403539658,
        "min": 1.82282555103,
        "stdev": 5.00955820084,
        "var": 25.0956726074
    },
    "melbands_flatness_db": {
        "dmean": 0.0308668389916,
        "dmean2": 0.0440254956484,
        "dvar": 0.00103804923128,
        "dvar2": 0.00230923807248,
        "max": 0.386785507202,
        "mean": 0.205783501267,
        "median": 0.200004920363,
        "min": 0.00541725149378,
        "stdev": 0.0630343705416,
        "var": 0.00397333176807
    },
    "melbands_kurtosis": {
        "dmean": 8.55361270905,
        "dmean2": 12.9811000824,
        "dvar": 223.468200684,
        "dvar2": 500.409759521,
        "max": 243.646560669,
        "mean": 15.0708141327,
        "median": 7.85805130005,
        "min": -1.54674232006,
        "stdev": 20.476726532,
        "var": 419.296356201
    },
    "melbands_skewness": {
        "dmean": 0.812829434872,
        "dmean2": 1.1841070652,
        "dvar": 0.86817908287,
        "dvar2": 1.85585319996,
        "max": 13.6298074722,
        "mean": 2.75167131424,
        "median": 2.38497757912,
        "min": -0.340822428465,
        "stdev": 1.70025038719,
        "var": 2.89085149765
    },
    "melbands_spread": {
        "dmean": 8.69725227356,
        "dmean2": 13.278339386,
        "dvar": 287.22946167,
        "dvar2": 613.89630127,
        "max": 189.217697144,
        "mean": 22.15442276,
        "median": 16.8391933441,
        "min": 1.34709227085,
        "stdev": 22.7202339172,
        "var": 516.20904541
    },
    "pitch_salience": {
        "dmean": 0.0784724056721,
        "dmean2": 0.124311856925,
        "dvar": 0.00585107179359,
        "dvar2": 0.0131677659228,
        "max": 0.816643714905,
        "mean": 0.556523442268,
        "median": 0.565213322639,
        "min": 0.14480446279,
        "stdev": 0.121211960912,
        "var": 0.0146923391148
    },
    "silence_rate_20dB": {
        "dmean": 0,
        "dmean2": 0,
        "dvar": 0,
        "dvar2": 0,
        "max": 1,
        "mean": 1,
        "median": 1,
        "min": 1,
        "stdev": 0,
        "var": 0
    },
    "silence_rate_30dB": {
        "dmean": 0.0634674951434,
        "dmean2": 0.127033308148,
        "dvar": 0.0594395399094,
        "dvar2": 0.163569614291,
        "max": 1,
        "mean": 0.962877035141,
        "median": 1,
        "min": 0,
        "stdev": 0.189063087106,
        "var": 0.0357448533177
    },
    "silence_rate_60dB": {
        "dmean": 0.00386996893212,
        "dmean2": 0.00697134016082,
        "dvar": 0.00385490246117,
        "dvar2": 0.00692276470363,
        "max": 1,
        "mean": 0.00464037107304,
        "median": 0,
        "min": 0,
        "stdev": 0.0679617226124,
        "var": 0.00461879605427
    },
    "spectral_centroid": {
        "dmean": 295.692626953,
        "dmean2": 439.065124512,
        "dvar": 206093.5,
        "dvar2": 380176.0625,
        "max": 11017.1699219,
        "mean": 1243.34973145,
        "median": 1134.62841797,
        "min": 272.005706787,
        "stdev": 710.528015137,
        "var": 504850.0625
    },
    "spectral_complexity": {
        "dmean": 4.29024744034,
        "dmean2": 6.59411287308,
        "dvar": 26.8872146606,
        "dvar2": 58.2132072449,
        "max": 59,
        "mean": 18.0525913239,
        "median": 17,
        "min": 0,
        "stdev": 7.90491199493,
        "var": 62.4876327515
    },
    "spectral_decrease": {
        "dmean": 3.58301877057e-09,
        "dmean2": 5.32585531232e-09,
        "dvar": 3.56542008622e-17,
        "dvar2": 7.99263068356e-17,
        "max": 3.30363700879e-29,
        "mean": -8.63212790136e-09,
        "median": -7.15082837388e-09,
        "min": -4.43760796998e-08,
        "stdev": 6.96314694792e-09,
        "var": 4.84854132892e-17
    },
    "spectral_energy": {
        "dmean": 0.0140164839104,
        "dmean2": 0.0208047293127,
        "dvar": 0.000527296157088,
        "dvar2": 0.00118453265168,
        "max": 0.169710442424,
        "mean": 0.0348858274519,
        "median": 0.0291163604707,
        "min": 1.07857445242e-20,
        "stdev": 0.0270029548556,
        "var": 0.000729159568436
    },
    "spectral_energyband_high": {
        "dmean": 0.000633067043964,
        "dmean2": 0.00100603478495,
        "dvar": 2.40838835452e-06,
        "dvar2": 5.4206261666e-06,
        "max": 0.0187425483018,
        "mean": 0.00102137308568,
        "median": 0.000392768619349,
        "min": 7.77340476487e-21,
        "stdev": 0.00193711626343,
        "var": 3.75241961592e-06
    },
    "spectral_energyband_low": {
        "dmean": 0.00793250091374,
        "dmean2": 0.0119065688923,
        "dvar": 0.000430346408393,
        "dvar2": 0.00101840228308,
        "max": 0.145555645227,
        "mean": 0.00830357987434,
        "median": 0.000839905813336,
        "min": 3.88204983228e-23,
        "stdev": 0.0209727305919,
        "var": 0.000439855415607
    },
    "spectral_energyband_middle_high": {
        "dmean": 0.00197010673583,
        "dmean2": 0.00290850666352,
        "dvar": 9.13995972951e-06,
        "dvar2": 2.11640981433e-05,
        "max": 0.0599513426423,
        "mean": 0.00609035836533,
        "median": 0.00480160303414,
        "min": 1.51246289447e-21,
        "stdev": 0.00539253512397,
        "var": 2.90794341709e-05
    },
    "spectral_energyband_middle_low": {
        "dmean": 0.0067510670051,
        "dmean2": 0.0106449788436,
        "dvar": 5.9113594034e-05,
        "dvar2": 0.000133189474582,
        "max": 0.0710307136178,
        "mean": 0.0204238053411,
        "median": 0.0196155589074,
        "min": 4.282475186e-22,
        "stdev": 0.0118946637958,
        "var": 0.000141483018524
    },
    "spectral_entropy": {
        "dmean": 0.20326693356,
        "dmean2": 0.295067936182,
        "dvar": 0.0563257299364,
        "dvar2": 0.110569477081,
        "max": 9.78315544128,
        "mean": 7.36853694916,
        "median": 7.3946595192,
        "min": 5.93340778351,
        "stdev": 0.537828862667,
        "var": 0.289259910583
    },
    "spectral_flux": {
        "dmean": 0.0371873117983,
        "dmean2": 0.0582404620945,
        "dvar": 0.00199991557747,
        "dvar2": 0.00375308818184,
        "max": 0.364770591259,
        "mean": 0.10004466027,
        "median": 0.0820747166872,
        "min": 1.03854438938e-10,
        "stdev": 0.0654083490372,
        "var": 0.00427825236693
    },
    "spectral_kurtosis": {
        "dmean": 1.88849067688,
        "dmean2": 3.19206166267,
        "dvar": 5.17804336548,
        "dvar2": 13.878950119,
        "max": 24.8698501587,
        "mean": 4.48344564438,
        "median": 3.65489625931,
        "min": -1.19475150108,
        "stdev": 3.3217189312,
        "var": 11.0338172913
    },
    "spectral_rms": {
        "dmean": 0.00104254635517,
        "dmean2": 0.00149699614849,
        "dvar": 1.89521961147e-06,
        "dvar2": 3.85874227504e-06,
        "max": 0.0128674460575,
        "mean": 0.00550067750737,
        "median": 0.00532974721864,
        "min": 3.24386784795e-12,
        "stdev": 0.00194359535817,
        "var": 3.77756282433e-06
    },
    "spectral_rolloff": {
        "dmean": 583.930603027,
        "dmean2": 944.576599121,
        "dvar": 1580904,
        "dvar2": 3166014,
        "max": 19056.8847656,
        "mean": 1470.88757324,
        "median": 947.4609375,
        "min": 86.1328125,
        "stdev": 1663.42443848,
        "var": 2766980.75
    },
    "spectral_skewness": {
        "dmean": 0.262742489576,
        "dmean2": 0.419981539249,
        "dvar": 0.0940424054861,
        "dvar2": 0.218170851469,
        "max": 3.58127379417,
        "mean": 1.54498898983,
        "median": 1.45675992966,
        "min": -0.147987037897,
        "stdev": 0.553826212883,
        "var": 0.306723445654
    },
    "spectral_spread": {
        "dmean": 572944.625,
        "dmean2": 819548.25,
        "dvar": 1.73993426944e+12,
        "dvar2": 2.24015076557e+12,
        "max": 41364796,
        "mean": 4497030,
        "median": 4193896,
        "min": 1942556.25,
        "stdev": 1849044.125,
        "var": 3.41896436122e+12
    },
    "spectral_strongpeak": {
        "dmean": 0.565152108669,
        "dmean2": 0.921953856945,
        "dvar": 0.494305878878,
        "dvar2": 1.17327809334,
        "max": 6.72893857956,
        "mean": 1.39238774776,
        "median": 1.1433647871,
        "min": 1.30313315694e-09,
        "stdev": 1.12364304066,
        "var": 1.26257371902
    },
    "zerocrossingrate": {
        "dmean": 0.0125959180295,
        "dmean2": 0.0144646232948,
        "dvar": 0.000503163028043,
        "dvar2": 0.000589829753153,
        "max": 0.5146484375,
        "mean": 0.0561697147787,
        "median": 0.04833984375,
        "min": 0.00732421875,
        "stdev": 0.0418047942221,
        "var": 0.0017476407811
    },
    "barkbands": {
        "dmean": [0.000263381109107, 0.00632342929021, 0.00191725650802, 0.000777863780968, 0.00426055490971, 0.00185119220987, 0.000836974126287, 0.00143287924584, 0.000938103010412, 0.000897588033695, 0.000467887468403, 0.000277759187156, 0.000282286695438, 0.000318102363963, 0.000279682921246, 0.000261222565314, 0.00028261524858, 0.000366187596228, 0.000194883861695, 0.000151019354234, 0.000126781946165, 0.000170357263414, 0.000155025933054, 0.000110549721285, 7.32142216293e-05, 2.14412702917e-05, 2.50368680099e-06],
        "dmean2": [0.00041807020898, 0.0092769311741, 0.0035981060937, 0.00133765419014, 0.00657153781503, 0.00298719666898, 0.00131258170586, 0.00215609720908, 0.00139706057962, 0.00128952728119, 0.000677034549881, 0.000418770359829, 0.000459891103674, 0.000488131481688, 0.000458092574263, 0.000421000906499, 0.000443169265054, 0.000580387073569, 0.000297300895909, 0.000230596036999, 0.000207191216759, 0.000281697197352, 0.000250878947554, 0.000170986182638, 0.000117093753943, 2.96762027574e-05, 3.63999174624e-06],
        "dvar": [4.06412453913e-07, 0.000290609488729, 4.26563019573e-05, 2.60037495536e-06, 3.37234632752e-05, 1.13557080113e-05, 2.84718862531e-06, 8.42830104375e-06, 3.37961182595e-06, 6.03963599133e-06, 9.33166631967e-07, 5.59516024623e-07, 3.48393569993e-07, 4.32702194075e-07, 2.90558574534e-07, 4.3615924028e-07, 3.89296616277e-07, 5.31576688445e-07, 8.0296352678e-08, 7.09652852038e-08, 9.25355081449e-08, 2.69566783118e-07, 2.21602448391e-07, 1.27314280007e-07, 6.10883361674e-08, 3.47590423111e-09, 1.19501603058e-10],
        "dvar2": [9.24355447296e-07, 0.000676765863318, 0.000122419238323, 7.40945824873e-06, 7.47185913497e-05, 2.48674459726e-05, 6.79524964653e-06, 1.89563324966e-05, 6.90680144544e-06, 1.46559041241e-05, 1.69953671048e-06, 1.13296243853e-06, 8.53766891851e-07, 9.84828602668e-07, 6.93779554695e-07, 1.12065902158e-06, 8.74914235283e-07, 1.36866776757e-06, 1.67915402471e-07, 1.59858188908e-07, 2.26876693432e-07, 6.57436260099e-07, 4.87432828322e-07, 2.6127821684e-07, 1.53603451736e-07, 6.01860339344e-09, 2.00499131187e-10],
        "max": [0.00708373636007, 0.117674611509, 0.043746996671, 0.0128447944298, 0.0612777546048, 0.0417478866875, 0.0244808662683, 0.031686168164, 0.0233392398804, 0.0581347793341, 0.019508369267, 0.0159260034561, 0.00767870014533, 0.00765095558017, 0.00631303340197, 0.0100465817377, 0.00744920549914, 0.0106237716973, 0.00397649034858, 0.00421070307493, 0.00521324202418, 0.00819055363536, 0.00725943036377, 0.00558062782511, 0.0051114493981, 0.00157455750741, 0.000334780226694],
        "mean": [0.000372724200133, 0.00629235804081, 0.00127327814698, 0.000989063759334, 0.0088525917381, 0.00356532540172, 0.0013781345915, 0.0026729889214, 0.00180948432535, 0.0017951563932, 0.000977521878667, 0.000422867713496, 0.000422161858296, 0.000522778718732, 0.000439514231402, 0.000358892924851, 0.000493998639286, 0.000647318083793, 0.0004196651862, 0.000268863979727, 0.000186331599252, 0.0002161332377, 0.000211303369724, 0.000160585914273, 9.7039679531e-05, 3.59148070856e-05, 3.86102783523e-06],
        "median": [9.13578605832e-06, 3.57321732736e-05, 0.000108706604806, 0.000395580660552, 0.00453120982274, 0.00165828224272, 0.000656359770801, 0.000651424343232, 0.000447519531008, 0.000442396296421, 0.000301266962197, 0.000140998672578, 0.000144705962157, 0.00010705596651, 0.000175437002326, 0.000145379934111, 0.000127243285533, 0.000213623206946, 0.000216231375816, 0.000148306309711, 7.30805404601e-05, 7.11995962774e-05, 6.56683987472e-05, 4.20196156483e-05, 1.32110208142e-05, 2.27049736168e-06, 1.54110857409e-08],
        "min": [2.42275040098e-24, 1.06265062294e-23, 2.27323917133e-23, 5.92116747205e-24, 3.94899667077e-23, 8.29095966831e-23, 9.11233237133e-23, 7.14923623147e-23, 1.05655277547e-22, 7.71287356172e-23, 8.25059838895e-23, 7.97602872446e-23, 1.02694177699e-22, 1.37059053945e-22, 1.78494623013e-22, 9.69107165475e-23, 2.92272990628e-22, 1.89627318408e-22, 2.12673845578e-22, 2.16663487518e-22, 5.43126063188e-22, 5.01722906837e-22, 5.7320849757e-22, 8.18064510689e-22, 1.14026342569e-21, 1.74392836607e-21, 2.52298043595e-21],
        "stdev": [0.000775104796048, 0.0171391628683, 0.00492218742147, 0.00166065199301, 0.00996018759906, 0.00497817993164, 0.00215035467409, 0.00437783449888, 0.00338492193259, 0.00343970698304, 0.00212218752131, 0.00107111851685, 0.000741636031307, 0.00103233323898, 0.000752249965444, 0.000704135862179, 0.00096702342853, 0.00106863828842, 0.000505758624058, 0.000375919771614, 0.000332188443281, 0.000549296208192, 0.000544595939573, 0.000496395747177, 0.000294673343888, 0.000111954977911, 1.90600985661e-05],
        "var": [6.00787473104e-07, 0.000293750897981, 2.42279274971e-05, 2.75776505987e-06, 9.9205339211e-05, 2.47822754318e-05, 4.62402567791e-06, 1.91654362425e-05, 1.14576960186e-05, 1.1831584743e-05, 4.50367997473e-06, 1.14729482448e-06, 5.50023969481e-07, 1.06571201286e-06, 5.65879986425e-07, 4.95807285006e-07, 9.35134323754e-07, 1.14198780921e-06, 2.55791775317e-07, 1.41315680935e-07, 1.10349155591e-07, 3.0172631682e-07, 2.96584744319e-07, 2.4640871743e-07, 8.68323795089e-08, 1.25339170154e-08, 3.63287344651e-10]
    },
    "erbbands": {
        "dmean": [0.175986871123, 1.51849293709, 2.70384883881, 2.10521268845, 6.8853597641, 17.9069519043, 20.3891620636, 13.5647859573, 10.8754577637, 22.4350032806, 25.90858078, 22.8984184265, 33.1002426147, 17.6098480225, 17.2533550262, 11.4066781998, 12.1879892349, 15.9247274399, 14.6712760925, 11.7228603363, 13.5226697922, 13.7439680099, 16.5243835449, 14.0685586929, 7.77463531494, 7.29891443253, 5.42618608475, 5.1693778038, 5.75392389297, 5.7523393631, 4.23336935043, 2.85639333725, 1.65108370781, 0.963923573494, 0.462424278259, 0.128962576389, 0.0353379584849, 0.00739145278931, 0.000256133556832, 2.05852520594e-05],
        "dmean2": [0.259348601103, 2.48091816902, 4.99242830276, 3.76123309135, 11.0705747604, 27.4836826324, 32.6559257507, 20.8979377747, 17.2241001129, 32.9564056396, 38.7163009644, 33.2969665527, 46.0958442688, 25.8088626862, 24.5488243103, 16.8400821686, 19.778427124, 24.6449642181, 23.1677818298, 18.9246807098, 21.7040252686, 21.7497844696, 25.137922287, 21.5322723389, 11.583117485, 11.2462015152, 8.9708738327, 8.54175186157, 9.67368412018, 9.3760433197, 6.88270950317, 4.49496078491, 2.58789157867, 1.56102097034, 0.734834134579, 0.193967521191, 0.0485614612699, 0.0102703152224, 0.000359172263416, 2.97198330372e-05],
        "dvar": [0.200481563807, 19.9918670654, 81.4170761108, 27.7738418579, 163.122116089, 662.207946777, 1111.61254883, 867.018554688, 580.28704834, 2309.30102539, 3127.55541992, 2195.27758789, 6573.80029297, 1651.16210938, 1647.55187988, 763.563781738, 646.49029541, 950.030273438, 934.993347168, 427.178466797, 1535.26745605, 809.940124512, 1008.19610596, 479.628479004, 141.168243408, 183.225769043, 126.767486572, 225.087051392, 253.615402222, 537.118103027, 158.520629883, 80.4839248657, 30.242023468, 13.5631408691, 1.93155288696, 0.125203192234, 0.0098692914471, 0.000827166484669, 1.06453887838e-06, 1.12657394524e-09],
        "dvar2": [0.371089696884, 52.1192703247, 231.069030762, 80.0440826416, 403.936523438, 1425.70202637, 2557.17504883, 2032.37414551, 1383.71606445, 5266.00976562, 6998.62744141, 4420.06445312, 14733.6826172, 3864.77392578, 3135.12036133, 1507.92138672, 1607.4810791, 2169.43334961, 2268.53735352, 1022.71734619, 4125.56884766, 1891.75695801, 2393.96899414, 1076.01757812, 296.460968018, 440.513549805, 314.673095703, 560.610107422, 628.318725586, 1320.22473145, 356.076965332, 163.161315918, 69.7814712524, 34.9290390015, 4.7117524147, 0.270613253117, 0.0162057653069, 0.00140390067827, 1.67948303442e-06, 2.25136509435e-09],
        "max": [3.4773581028, 29.4958934784, 64.2454681396, 38.777305603, 145.411911011, 284.831085205, 459.873260498, 471.959259033, 368.25302124, 628.11126709, 778.178955078, 658.623840332, 1763.9822998, 641.571289062, 959.217224121, 528.612121582, 300.230163574, 357.432037354, 475.714111328, 206.386947632, 639.586181641, 339.120849609, 435.461273193, 335.517333984, 152.747772217, 215.111953735, 117.331588745, 242.771835327, 253.762115479, 554.888000488, 163.95954895, 166.355194092, 93.7140808105, 81.6586990356, 21.9608287811, 6.26166200638, 3.12605643272, 0.894373416901, 0.0302720721811, 0.000639386242256],
        "mean": [0.208486989141, 1.2733656168, 1.83693575859, 2.39556455612, 12.0330018997, 35.1716804504, 37.4466819763, 27.042219162, 19.930803299, 43.681854248, 44.7230834961, 48.6219863892, 65.4828567505, 33.1362991333, 40.9590454102, 19.5975875854, 19.2092132568, 28.5604515076, 25.6212329865, 18.8323688507, 20.8363399506, 25.9321136475, 34.8769493103, 29.259141922, 17.1483478546, 12.8236656189, 8.58106994629, 7.05395936966, 7.28849840164, 7.34467315674, 5.8049659729, 4.22207784653, 2.18571639061, 1.25687050819, 0.596473455429, 0.188953921199, 0.0598847419024, 0.0134298084304, 0.000446121906862, 5.25755312992e-05],
        "median": [0.000903113454115, 0.0104051865637, 0.135521456599, 0.918538570404, 6.12643814087, 15.4728040695, 18.697763443, 11.844584465, 10.2536039352, 13.89868927, 16.5066223145, 16.0380020142, 20.226688385, 13.5309000015, 12.4746656418, 8.04709148407, 7.16949224472, 7.01356267929, 9.45812892914, 8.97459316254, 8.37387371063, 7.03933000565, 10.7488775253, 14.2435455322, 9.62671947479, 6.81513929367, 3.96458816528, 2.5554432869, 2.36381435394, 2.27391624451, 1.92259120941, 1.30051708221, 0.480574965477, 0.196922972798, 0.0678290948272, 0.0159552618861, 0.00308415456675, 0.000273857353022, 2.66141469183e-05, 3.90625173168e-05],
        "min": [3.33026655708e-22, 2.44393117113e-21, 2.21432841092e-20, 2.92537399638e-20, 7.95726229655e-20, 1.6080327777e-19, 1.44545624442e-19, 9.16708334804e-19, 1.19406881843e-18, 1.51412185123e-18, 1.79147364947e-18, 2.86897379783e-18, 1.94701400351e-18, 2.41533926451e-18, 3.8431845235e-18, 2.81695551104e-18, 4.23769218663e-18, 6.9274300078e-18, 1.02219563843e-17, 7.00504932776e-18, 6.5250231834e-18, 1.50631657497e-17, 1.1406568357e-17, 1.08432401619e-17, 8.75630152673e-18, 1.2206134372e-17, 2.05411809369e-17, 1.94267122258e-17, 2.33686513611e-17, 1.69625527615e-17, 1.53290546858e-17, 1.62978370387e-17, 1.35408688725e-17, 1.11604779889e-17, 9.62773712924e-18, 6.57734980177e-18, 3.18350219472e-18, 1.30426664682e-18, 3.38681191895e-19, 3.69558577542e-20],
        "stdev": [0.498530507088, 4.00322008133, 6.96406984329, 4.48900938034, 17.3294811249, 45.5251731873, 50.4847335815, 42.2133255005, 32.8815498352, 74.3805160522, 76.5573883057, 90.3553009033, 117.971618652, 62.9568862915, 97.2241516113, 40.1842918396, 31.4457130432, 52.0485038757, 43.9171562195, 27.5555362701, 40.0027008057, 46.4655838013, 56.5219345093, 36.3184204102, 21.0099964142, 18.0882415771, 12.9281826019, 15.6817502975, 16.7631778717, 23.1289291382, 14.4774560928, 12.6270990372, 6.83871936798, 4.18474626541, 1.7149220705, 0.54471796751, 0.194456085563, 0.0550473481417, 0.00190885132179, 5.23799099028e-05],
        "var": [0.248532652855, 16.0257701874, 48.4982681274, 20.1512069702, 300.310913086, 2072.54125977, 2548.70849609, 1781.96484375, 1081.19628906, 5532.46142578, 5861.03417969, 8164.08105469, 13917.3027344, 3963.56933594, 9452.53515625, 1614.77734375, 988.832824707, 2709.04663086, 1928.71655273, 759.307617188, 1600.21618652, 2159.05053711, 3194.72900391, 1319.02758789, 441.419952393, 327.184509277, 167.137908936, 245.917297363, 281.004150391, 534.947387695, 209.596740723, 159.443634033, 46.768081665, 17.5121002197, 2.94095778465, 0.29671767354, 0.0378131680191, 0.00303021073341, 3.64371317119e-06, 2.74365485886e-09]
    },
    "gfcc": {
        "mean": [4.76393556595, 89.8888015747, -134.93687439, 22.5520362854, -82.4207000732, -3.15208745003, -50.9706115723, -0.925838828087, -29.6286277771, -12.0806713104, -13.9685869217, -3.22990083694, -8.53361701965],
        "cov": [[4133.93945312, -689.704345703, 577.246887207, 739.266174316, 420.780670166, 555.26550293, 304.156860352, 609.772460938, 186.086547852, 495.294464111, -114.941680908, 302.538726807, 79.202583313], [-689.704345703, 927.620178223, -227.059112549, -194.620574951, 65.7373123169, -143.082305908, 77.5073928833, -143.179397583, 35.5382156372, -153.98147583, 132.670913696, -102.014526367, 12.0738344193], [577.246887207, -227.059112549, 1305.91027832, 415.716766357, 515.489807129, 442.364807129, 200.396484375, 340.536407471, 117.912269592, 406.52835083, -92.7286376953, 321.455474854, 149.756149292], [739.266174316, -194.620574951, 415.716766357, 678.380004883, 270.278015137, 222.573822021, 76.5894699097, 194.672058105, 133.589889526, 159.794494629, -56.9701881409, 128.16746521, 71.567817688], [420.780670166, 65.7373123169, 515.489807129, 270.278015137, 559.089355469, 259.078826904, 206.716323853, 270.713195801, 118.897521973, 247.277832031, -22.41056633, 176.269561768, 99.5445480347], [555.26550293, -143.082305908, 442.364807129, 222.573822021, 259.078826904, 418.64251709, 178.655700684, 167.169891357, 79.4411621094, 234.028884888, -33.3167915344, 102.281105042, 68.5065536499], [304.156860352, 77.5073928833, 200.396484375, 76.5894699097, 206.716323853, 178.655700684, 264.882293701, 152.751831055, 46.3249855042, 134.758712769, 34.7257957458, 97.0563278198, 43.7114105225], [609.772460938, -143.179397583, 340.536407471, 194.672058105, 270.713195801, 167.169891357, 152.751831055, 344.738983154, 100.553848267, 191.006988525, -1.14502453804, 157.33001709, 86.8119125366], [186.086547852, 35.5382156372, 117.912269592, 133.589889526, 118.897521973, 79.4411621094, 46.3249855042, 100.553848267, 140.648757935, 77.5505599976, 19.4255218506, 54.265750885, 41.6413383484], [495.294464111, -153.98147583, 406.52835083, 159.794494629, 247.277832031, 234.028884888, 134.758712769, 191.006988525, 77.5505599976, 282.151977539, -20.6388568878, 138.583816528, 80.7152709961], [-114.941680908, 132.670913696, -92.7286376953, -56.9701881409, -22.41056633, -33.3167915344, 34.7257957458, -1.14502453804, 19.4255218506, -20.6388568878, 112.43208313, 17.0964412689, 14.1171274185], [302.538726807, -102.014526367, 321.455474854, 128.16746521, 176.269561768, 102.281105042, 97.0563278198, 157.33001709, 54.265750885, 138.583816528, 17.0964412689, 201.409713745, 84.2897186279], [79.202583313, 12.0738344193, 149.756149292, 71.567817688, 99.5445480347, 68.5065536499, 43.7114105225, 86.8119125366, 41.6413383484, 80.7152709961, 14.1171274185, 84.2897186279, 118.180412292]],
        "icov": [[0.000471345003461, -8.96741476026e-05, 0.000343434076058, -0.000368345557945, 0.00033549888758, -0.000411974091548, 7.12104520062e-05, -0.00073218048783, 0.000196128443349, -0.000567398965359, 0.000471152336104, -0.000576864753384, 0.000622434541583], [-8.96741476026e-05, 0.00309360772371, -0.000764621596318, 0.000703749537934, -0.00210803956725, 0.00158128375188, -0.00229759328067, 0.00225122459233, -0.00197820016183, 0.00213337293826, -0.00268549635075, 0.00313387182541, -0.00233251345344], [0.000343434076058, -0.000764621596318, 0.00261595309712, -0.000592281401623, 4.32942906627e-05, -0.00170541903935, 0.00119610188995, -0.000930799578782, 0.000976205396, -0.00177940749563, 0.00211626966484, -0.00341879879124, 0.00114212639164], [-0.000368345557945, 0.000703749537934, -0.000592281401623, 0.00280233821832, -0.00104855676182, -0.000119082200399, -8.22486108518e-05, 0.000648493762128, -0.00212715286762, 0.00155745830853, 0.000213100676774, 0.000455490342574, -0.000929789908696], [0.00033549888758, -0.00210803956725, 4.32942906627e-05, -0.00104855676182, 0.00590695021674, -0.00117730267812, -0.000176795118023, -0.00286588841118, 0.000311382871587, -0.00246238219552, 0.00287688523531, -0.00245170015842, 0.00142522552051], [-0.000411974091548, 0.00158128375188, -0.00170541903935, -0.000119082200399, -0.00117730267812, 0.00735183106735, -0.00395002914593, 0.0022994459141, -0.00173032586463, -0.00164831615984, -0.000925782427657, 0.00428986735642, -0.00236401893198], [7.12104520062e-05, -0.00229759328067, 0.00119610188995, -8.22486108518e-05, -0.000176795118023, -0.00395002914593, 0.00968299340457, -0.00330843077973, 0.00286506628618, -0.00197380338795, -0.00119150499813, -0.00365778547712, 0.00309835118242], [-0.00073218048783, 0.00225122459233, -0.000930799578782, 0.000648493762128, -0.00286588841118, 0.0022994459141, -0.00330843077973, 0.00928896758705, -0.00341320200823, 0.000653300434351, -0.00165012723301, 0.000934379582759, -0.00318406079896], [0.000196128443349, -0.00197820016183, 0.000976205396, -0.00212715286762, 0.000311382871587, -0.00173032586463, 0.00286506628618, -0.00341320200823, 0.0127826090902, -0.00272072735243, -0.00171234377194, -0.00139835407026, 0.000866182032041], [-0.000567398965359, 0.00213337293826, -0.00177940749563, 0.00155745830853, -0.00246238219552, -0.00164831615984, -0.00197380338795, 0.000653300434351, -0.00272072735243, 0.0126978922635, -0.00102477229666, 0.000691668537911, -0.00333098624833], [0.000471152336104, -0.00268549635075, 0.00211626966484, 0.000213100676774, 0.00287688523531, -0.000925782427657, -0.00119150499813, -0.00165012723301, -0.00171234377194, -0.00102477229666, 0.0160133764148, -0.00628912169486, 0.000790094432887], [-0.000576864753384, 0.00313387182541, -0.00341879879124, 0.000455490342574, -0.00245170015842, 0.00428986735642, -0.00365778547712, 0.000934379582759, -0.00139835407026, 0.000691668537911, -0.00628912169486, 0.016919516027, -0.00692818500102], [0.000622434541583, -0.00233251345344, 0.00114212639164, -0.000929789908696, 0.00142522552051, -0.00236401893198, 0.00309835118242, -0.00318406079896, 0.000866182032041, -0.00333098624833, 0.000790094432887, -0.00692818500102, 0.0155782029033]]
    },
    "melbands": {
        "dmean": [0.00162357813679, 0.0015659998171, 0.000460368377389, 0.00087600707775, 0.000731642008759, 0.00030657032039, 0.000169528255356, 0.00026731469552, 0.000195986067411, 0.000150497246068, 0.000165392149938, 7.36749934731e-05, 5.69747462578e-05, 3.78892691515e-05, 2.62058547378e-05, 2.89728486678e-05, 3.18943857565e-05, 2.49519289355e-05, 2.13949570025e-05, 1.96085456992e-05, 1.68411970662e-05, 1.60556937772e-05, 1.62436990649e-05, 1.53860055434e-05, 1.22779410958e-05, 6.12609665041e-06, 6.04842625762e-06, 4.70923760076e-06, 3.62670925824e-06, 3.15451939059e-06, 3.16668661071e-06, 3.26313738697e-06, 3.53275299858e-06, 3.24241204908e-06, 2.64155551122e-06, 2.17703973249e-06, 1.66584391081e-06, 1.2932126765e-06, 8.31896670661e-07, 8.38955315885e-07],
        "dmean2": [0.0022786820773, 0.00275420048274, 0.000785804179031, 0.00134685763624, 0.00115800963249, 0.000475913780974, 0.000269620097242, 0.000396392308176, 0.00029514945345, 0.000219041161472, 0.000229981334996, 0.000109188527858, 8.20487985038e-05, 5.4534906667e-05, 4.0837094275e-05, 4.58713257103e-05, 4.90270431328e-05, 3.91403336835e-05, 3.54815820174e-05, 3.0751372833e-05, 2.67153263849e-05, 2.5473336791e-05, 2.43965532718e-05, 2.41223260673e-05, 1.89566599147e-05, 9.20419370232e-06, 8.95981338545e-06, 7.48826505514e-06, 6.06075855103e-06, 5.09621213496e-06, 5.39391794518e-06, 5.54722737434e-06, 5.76735374125e-06, 5.28490954821e-06, 4.32001024819e-06, 3.53046175405e-06, 2.57051851804e-06, 2.04199704967e-06, 1.33788955736e-06, 1.36964706599e-06],
        "dvar": [1.75167388079e-05, 2.3746089937e-05, 8.86718908077e-07, 1.68799351741e-06, 1.21202981518e-06, 3.83534654702e-07, 1.2702469121e-07, 3.2552171092e-07, 1.86415817893e-07, 9.90861792616e-08, 1.73220726651e-07, 3.34371499378e-08, 1.58690642849e-08, 7.82275311195e-09, 2.81893863807e-09, 3.9020946474e-09, 4.24203161487e-09, 3.18679616029e-09, 1.94768756678e-09, 1.61738322735e-09, 2.52516807464e-09, 1.25033994269e-09, 1.71222669376e-09, 7.45342954023e-10, 3.75929981589e-10, 9.43276082244e-11, 9.48335091011e-11, 8.31147095592e-11, 5.77063605234e-11, 5.33544840253e-11, 1.00388315716e-10, 8.85188727873e-11, 1.40597436471e-10, 1.70517280851e-10, 6.79927503189e-11, 4.06749078863e-11, 2.70813076825e-11, 1.97082523912e-11, 8.53993872146e-12, 1.04274306204e-11],
        "dvar2": [3.59942605428e-05, 6.53890601825e-05, 2.42268879447e-06, 3.8745679376e-06, 2.71556996267e-06, 8.88530621523e-07, 3.00182193769e-07, 7.3200078532e-07, 4.0804363266e-07, 1.97658522438e-07, 3.9420612552e-07, 8.05679221116e-08, 2.92965847137e-08, 1.47013841101e-08, 6.59470966724e-09, 9.2997574086e-09, 9.54074863557e-09, 7.76833442018e-09, 4.85513274029e-09, 3.47934525635e-09, 6.67032917789e-09, 2.83886603114e-09, 3.82511933239e-09, 1.82328663278e-09, 8.26127111164e-10, 2.04706473994e-10, 1.91789806259e-10, 2.0436767556e-10, 1.37802838585e-10, 1.30874269755e-10, 2.54179566284e-10, 2.27288410315e-10, 3.31846661261e-10, 4.17857165536e-10, 1.57457352712e-10, 9.31277832628e-11, 5.19245028918e-11, 4.48622840266e-11, 2.1640579953e-11, 2.7278707071e-11],
        "max": [0.0310991127044, 0.0347287915647, 0.00688607851043, 0.0167843457311, 0.0128467082977, 0.00920074153692, 0.0048737609759, 0.00771059468389, 0.00615139910951, 0.00449247052893, 0.0092352880165, 0.00310450792313, 0.00263280817308, 0.00208757445216, 0.000630386814009, 0.00105717370752, 0.000770462327637, 0.00100830919109, 0.000597607111558, 0.000507911783643, 0.000775614462327, 0.000485685508465, 0.000785946380347, 0.000324277789332, 0.000305034540361, 0.00016288801271, 0.000198828638531, 0.000144890713273, 8.61711669131e-05, 0.000137796989293, 0.00018369188183, 0.000153058354044, 0.000243355490966, 0.00030148413498, 0.000114170914458, 9.09290174604e-05, 0.000103104102891, 8.00022680778e-05, 5.13688501087e-05, 7.43278578739e-05],
        "mean": [0.00180483714212, 0.00118548097089, 0.000653123308439, 0.00169459881727, 0.0014586962061, 0.000607319234405, 0.000301792286336, 0.000522830116097, 0.000325181172229, 0.000315535406116, 0.000318719277857, 0.00012558112212, 0.000123734236695, 7.58994719945e-05, 3.69272311218e-05, 4.39202085545e-05, 5.50621225557e-05, 4.00622921006e-05, 3.04530585709e-05, 2.83385561488e-05, 2.38498050749e-05, 2.72825345746e-05, 3.06300753437e-05, 2.94595702144e-05, 2.36237774516e-05, 1.26869072119e-05, 1.10388082248e-05, 7.70639690018e-06, 5.42445968676e-06, 4.56382076663e-06, 3.95811321141e-06, 4.01707393394e-06, 4.30808995588e-06, 3.97516623707e-06, 3.42629255101e-06, 3.02811008623e-06, 2.3877885269e-06, 1.65159428889e-06, 1.10373935058e-06, 1.03897878034e-06],
        "median": [9.35044408834e-06, 7.94291263446e-05, 0.000301066262182, 0.000832196034025, 0.000740370654967, 0.000266008515609, 0.000144215111504, 0.000151146625285, 0.000114002839837, 8.89844450285e-05, 9.30830574362e-05, 4.11645414715e-05, 3.77270698664e-05, 2.78115403489e-05, 1.45923486343e-05, 1.45967433127e-05, 1.13408095785e-05, 1.30643311422e-05, 1.26465592984e-05, 1.07243176899e-05, 8.34843740449e-06, 7.0207038334e-06, 7.24120809537e-06, 1.04338723759e-05, 1.07654968815e-05, 6.95355447533e-06, 5.43990790902e-06, 3.87113504985e-06, 2.39490032072e-06, 1.71338888322e-06, 1.16745252399e-06, 1.28085457618e-06, 1.34683898523e-06, 1.11773545086e-06, 1.04383718735e-06, 1.01463706415e-06, 6.51081279557e-07, 3.11464532388e-07, 1.89854333144e-07, 1.47110171156e-07],
        "min": [2.48559658271e-24, 8.60712723051e-24, 5.87718453228e-24, 9.48466556781e-24, 5.19720339249e-24, 1.95061699143e-23, 1.93629033076e-23, 1.61211646145e-23, 1.61644935886e-23, 1.66759562897e-23, 9.17221038503e-24, 9.5352907164e-24, 1.30879597241e-23, 8.08451476941e-24, 7.29498648787e-24, 1.18562102186e-23, 1.27583602272e-23, 1.70187494852e-23, 1.20250146194e-23, 7.62754184651e-24, 8.09014092539e-24, 1.66072733261e-23, 1.10765008887e-23, 1.13541949157e-23, 8.36178912241e-24, 8.70842722593e-24, 4.52181066216e-24, 8.66422340511e-24, 1.01077307877e-23, 1.57908054447e-23, 9.06181324565e-24, 1.4675433433e-23, 7.53266948975e-24, 1.03611468315e-23, 8.9357793054e-24, 7.63508099019e-24, 1.09024529295e-23, 8.90171076949e-24, 8.61551834396e-24, 1.01947374124e-23],
        "stdev": [0.00453936960548, 0.00401533069089, 0.000984760583378, 0.00203018146567, 0.00185563159175, 0.000911697745323, 0.000481574883452, 0.000903726147953, 0.000592140830122, 0.000618327583652, 0.000596159254201, 0.000272159173619, 0.000280354142888, 0.000168552287505, 6.24218373559e-05, 8.64250905579e-05, 0.000110557419248, 7.51335537643e-05, 5.3580290114e-05, 5.48295975022e-05, 5.25610921613e-05, 5.38802960364e-05, 6.55651747365e-05, 4.16937582486e-05, 3.1078565371e-05, 1.60473591677e-05, 1.64282519108e-05, 1.14721387945e-05, 8.73943827173e-06, 8.16530427983e-06, 1.02362873804e-05, 9.4587339845e-06, 1.24948201119e-05, 1.30078169605e-05, 8.9723525889e-06, 8.06587650004e-06, 7.60272405387e-06, 5.40573500984e-06, 3.43899137079e-06, 3.58500528819e-06],
        "var": [2.06058757612e-05, 1.61228817888e-05, 9.69753500613e-07, 4.12163672081e-06, 3.44336854141e-06, 8.31192778605e-07, 2.31914356164e-07, 8.16720898911e-07, 3.50630784851e-07, 3.82328977366e-07, 3.55405859409e-07, 7.40706127544e-08, 7.85984468621e-08, 2.84098717884e-08, 3.89648580068e-09, 7.46929629258e-09, 1.22229435462e-08, 5.64505064915e-09, 2.87084733763e-09, 3.00628477667e-09, 2.76266831634e-09, 2.90308643791e-09, 4.29879198904e-09, 1.73836933737e-09, 9.65877267056e-10, 2.57517757118e-10, 2.69887473481e-10, 1.31609959042e-10, 7.63777860402e-11, 6.66721955422e-11, 1.04781579247e-10, 8.94676485674e-11, 1.56120533168e-10, 1.69203304146e-10, 8.05031041828e-11, 6.50583614759e-11, 5.7801416431e-11, 2.92219720643e-11, 1.18266611782e-11, 1.28522635243e-11]
    },
    "melbands128": {
