{
"lowlevel": {
    "average_loudness": 0.966513991356,
    "barkbands_crest": {
        "dmean": 2.31841468811,
        "dmean2": 3.69924139977,
        "dvar": 5.34530925751,
        "dvar2": 12.7101659775,
        "max": 24.8829231262,
        "mean": 11.7994642258,
        "median": 11.1133699417,
        "min": 2.70536828041,
        "stdev": 4.92937898636,
        "var": 24.2987766266
    },
    "barkbands_flatness_db": {
        "dmean": 0.02330529131,
        "dmean2": 0.0323276408017,
        "dvar": 0.000538943451829,
        "dvar2": 0.000993745517917,
        "max": 0.36031883955,
        "mean": 0.162984132767,
        "median": 0.158969908953,
        "min": 0.0275408346206,
        "stdev": 0.0604210682213,
        "var": 0.0036507055629
    },
    "barkbands_kurtosis": {
        "dmean": 4.678378582,
        "dmean2": 7.11147260666,
        "dvar": 61.6522636414,
        "dvar2": 137.204940796,
        "max": 115.025505066,
        "mean": 9.30250358582,
        "median": 2.98215484619,
        "min": -1.87317276001,
        "stdev": 15.6872186661,
        "var": 246.088821411
    },
    "barkbands_skewness": {
        "dmean": 0.625662147999,
        "dmean2": 0.927216053009,
        "dvar": 0.469893842936,
        "dvar2": 0.992246210575,
        "max": 9.05961608887,
        "mean": 2.20920872688,
        "median": 1.94225633144,
        "min": -1.66600871086,
        "stdev": 1.7836625576,
        "var": 3.18145227432
    },
    "barkbands_spread": {
        "dmean": 6.14177560806,
        "dmean2": 8.83987522125,
        "dvar": 60.0065193176,
        "dvar2": 102.679473877,
        "max": 90.8092575073,
        "mean": 22.5589523315,
        "median": 19.035074234,
        "min": 1.39002919197,
        "stdev": 16.0950260162,
        "var": 259.049865723
    },
    "dissonance": {
        "dmean": 0.0175947677344,
        "dmean2": 0.0288017466664,
        "dvar": 0.000408104941016,
        "dvar2": 0.000935910677072,
        "max": 0.499848812819,
        "mean": 0.465596795082,
        "median": 0.470434039831,
        "min": 0.123991124332,
        "stdev": 0.0260610673577,
        "var": 0.000679179211147
    },
    "dynamic_complexity": 2.46405243874,
    "erbbands_crest": {
        "dmean": 2.88561367989,
        "dmean2": 4.60129308701,
        "dvar": 7.4868721962,
        "dvar2": 19.9630413055,
        "max": 25.9784545898,
        "mean": 9.25193691254,
        "median": 8.14520359039,
        "min": 2.74929904938,
        "stdev": 4.4317407608,
        "var": 19.6403274536
    },
    "erbbands_flatness_db": {
        "dmean": 0.0170327834785,
        "dmean2": 0.0236144140363,
        "dvar": 0.000259284599451,
        "dvar2": 0.000473960855743,
        "max": 0.2725494802,
        "mean": 0.146635234356,
        "median": 0.144128128886,
        "min": 0.0517925731838,
        "stdev": 0.0402438044548,
        "var": 0.00161956390366
    },
    "erbbands_kurtosis": {
        "dmean": 0.836605489254,
        "dmean2": 1.27624249458,
        "dvar": 0.983363032341,
        "dvar2": 2.17051911354,
        "max": 12.0539312363,
        "mean": 0.487135976553,
        "median": -0.0132260322571,
        "min": -1.66936695576,
        "stdev": 1.71986627579,
        "var": 2.9579398632
    },
    "erbbands_skewness": {
        "dmean": 0.361212581396,
        "dmean2": 0.524385511875,
        "dvar": 0.122843138874,
        "dvar2": 0.24542593956,
        "max": 2.3243830204,
        "mean": -0.00823014043272,
        "median": 0.0616016276181,
        "min": -2.81679487228,
        "stdev": 0.769482374191,
        "var": 0.592103123665
    },
    "erbbands_spread": {
        "dmean": 9.21352386475,
        "dmean2": 13.1527328491,
        "dvar": 100.12285614,
        "dvar2": 214.130981445,
        "max": 138.318191528,
        "mean": 45.1116218567,
        "median": 40.2778778076,
        "min": 8.42042255402,
        "stdev": 23.3632087708,
        "var": 545.839538574
    },
    "hfc": {
        "dmean": 5.5887055397,
        "dmean2": 7.42506933212,
        "dvar": 83.8098526001,
        "dvar2": 138.375335693,
        "max": 127.640724182,
        "mean": 19.306438446,
        "median": 12.7581062317,
        "min": 1.150225082e-16,
        "stdev": 21.2555770874,
        "var": 451.799560547
    },
    "loudness_ebu128": {
        "integrated": -11.9987077713,
        "loudness_range": 1.29008197784,
        "momentary": {
            "dmean": 0.815640926361,
            "dmean2": 0.82006418705,
            "dvar": 0.654236197472,
            "dvar2": 0.590481281281,
            "max": -9.21651268005,
            "mean": -12.4226675034,
            "median": -12.1380577087,
            "min": -18.9148235321,
            "stdev": 2.06375861168,
            "var": 4.25909996033
        },
        "short_term": {
            "dmean": 0.112975053489,
            "dmean2": 0.118350371718,
            "dvar": 0.0111778369173,
            "dvar2": 0.0126649560407,
            "max": -10.9422225952,
            "mean": -11.9811992645,
            "median": -11.9565210342,
            "min": -13.0023899078,
            "stdev": 0.445306658745,
            "var": 0.19829800725
        }
    },
    "melbands_crest": {
        "dmean": 2.74856805801,
        "dmean2": 4.48781585693,
        "dvar": 6.76595067978,
        "dvar2": 16.2859897614,
        "max": 32.3084335327,
        "mean": 16.1496772766,
        "median": 16.3393325806,
        "min": 1.85368657112,
        "stdev": 5.46674871445,
        "var": 29.8853416443
    },
    "melbands_flatness_db": {
        "dmean": 0.0275095980614,
        "dmean2": 0.0374027714133,
        "dvar": 0.000806259457022,
        "dvar2": 0.00144191214349,
        "max": 0.474954932928,
        "mean": 0.232392579317,
        "median": 0.233241051435,
        "min": 0.00831147376448,
        "stdev": 0.0795231088996,
        "var": 0.00632392428815
    },
    "melbands_kurtosis": {
        "dmean": 11.6719503403,
        "dmean2": 18.015455246,
        "dvar": 334.609069824,
        "dvar2": 770.186828613,
        "max": 257.569763184,
        "mean": 28.4256038666,
        "median": 14.4903125763,
        "min": -1.37610864639,
        "stdev": 37.4850769043,
        "var": 1405.13098145
    },
    "melbands_skewness": {
        "dmean": 0.834335207939,
        "dmean2": 1.2323243618,
        "dvar": 0.814594089985,
        "dvar2": 1.80070233345,
        "max": 12.2187509537,
        "mean": 3.79645013809,
        "median": 3.4467959404,
        "min": -0.58366727829,
        "stdev": 2.37608933449,
        "var": 5.64580011368
    },
    "melbands_spread": {
        "dmean": 6.63697338104,
        "dmean2": 9.44043064117,
        "dvar": 95.9039916992,
        "dvar2": 162.025512695,
        "max": 157.325393677,
        "mean": 21.6744441986,
        "median": 15.1781072617,
        "min": 1.09413862228,
        "stdev": 21.0175151825,
        "var": 441.735931396
    },
    "pitch_salience": {
        "dmean": 0.062753289938,
        "dmean2": 0.102219298482,
        "dvar": 0.00344938389026,
        "dvar2": 0.00849261134863,
        "max": 0.922066032887,
        "mean": 0.487951159477,
        "median": 0.487960547209,
        "min": 0.146887630224,
        "stdev": 0.116363763809,
        "var": 0.0135405259207
    },
    "silence_rate_20dB": {
        "dmean": 0,
        "dmean2": 0,
        "dvar": 0,
        "dvar2": 0,
        "max": 1,
        "mean": 1,
        "median": 1,
        "min": 1,
        "stdev": 0,
        "var": 0
    },
    "silence_rate_30dB": {
        "dmean": 0.00928792543709,
        "dmean2": 0.018590239808,
        "dvar": 0.00920153502375,
        "dvar2": 0.0228920523077,
        "max": 1,
        "mean": 0.991492629051,
        "median": 1,
        "min": 0,
        "stdev": 0.0918423458934,
        "var": 0.00843501649797
    },
    "silence_rate_60dB": {
        "dmean": 0.00386996893212,
        "dmean2": 0.00774593325332,
        "dvar": 0.00385497556999,
        "dvar2": 0.00923517998308,
        "max": 1,
        "mean": 0.00464037107304,
        "median": 0,
        "min": 0,
        "stdev": 0.0679616555572,
        "var": 0.00461878627539
    },
    "spectral_centroid": {
        "dmean": 261.40133667,
        "dmean2": 366.550140381,
        "dvar": 153452.453125,
        "dvar2": 216349.671875,
        "max": 10897.7744141,
        "mean": 1277.44262695,
        "median": 1169.59082031,
        "min": 196.054214478,
        "stdev": 703.321044922,
        "var": 494660.46875
    },
    "spectral_complexity": {
        "dmean": 3.08591341972,
        "dmean2": 4.41285848618,
        "dvar": 15.7241573334,
        "dvar2": 22.6359977722,
        "max": 57,
        "mean": 16.2722358704,
        "median": 14,
        "min": 0,
        "stdev": 11.1123838425,
        "var": 123.485076904
    },
    "spectral_decrease": {
        "dmean": 2.22849272369e-09,
        "dmean2": 3.48645778914e-09,
        "dvar": 1.33121335808e-17,
        "dvar2": 3.10847922927e-17,
        "max": -6.55633497612e-29,
        "mean": -8.33355695562e-09,
        "median": -7.29637594787e-09,
        "min": -4.96471308509e-08,
        "stdev": 5.94713922553e-09,
        "var": 3.53684629001e-17
    },
    "spectral_energy": {
        "dmean": 0.00868557859212,
        "dmean2": 0.0135379089043,
        "dvar": 0.000197375615244,
        "dvar2": 0.000456771318568,
        "max": 0.190754801035,
        "mean": 0.0332039110363,
        "median": 0.0288608893752,
        "min": 1.06803323105e-20,
        "stdev": 0.0232432689518,
        "var": 0.000540249515325
    },
    "spectral_energyband_high": {
        "dmean": 0.000401101424359,
        "dmean2": 0.00051407731371,
        "dvar": 5.98687563524e-07,
        "dvar2": 9.66905759014e-07,
        "max": 0.00977742578834,
        "mean": 0.000874920282513,
        "median": 0.000249697448453,
        "min": 7.79297921858e-21,
        "stdev": 0.00159064051695,
        "var": 2.53013718066e-06
    },
    "spectral_energyband_low": {
        "dmean": 0.0069789737463,
        "dmean2": 0.011149645783,
        "dvar": 0.000176119749085,
        "dvar2": 0.000426255341154,
        "max": 0.17373162508,
        "mean": 0.0202954616398,
        "median": 0.0159158483148,
        "min": 1.36977302712e-23,
        "stdev": 0.020015431568,
        "var": 0.000400617485866
    },
    "spectral_energyband_middle_high": {
        "dmean": 0.0018182535423,
        "dmean2": 0.00255481363274,
        "dvar": 9.12484847504e-06,
        "dvar2": 1.74814103957e-05,
        "max": 0.0447915010154,
        "mean": 0.00579160451889,
        "median": 0.00248685688712,
        "min": 1.81854567148e-21,
        "stdev": 0.007164593786,
        "var": 5.13314043928e-05
    },
    "spectral_energyband_middle_low": {
        "dmean": 0.00273796310648,
        "dmean2": 0.0044655771926,
        "dvar": 1.71723149833e-05,
        "dvar2": 4.57068053947e-05,
        "max": 0.0429859124124,
        "mean": 0.00752836279571,
        "median": 0.00620435737073,
        "min": 2.14304755546e-22,
        "stdev": 0.00584128964692,
        "var": 3.41206650774e-05
    },
    "spectral_entropy": {
        "dmean": 0.170905739069,
        "dmean2": 0.223105013371,
        "dvar": 0.0352549105883,
        "dvar2": 0.0566638037562,
        "max": 9.79551029205,
        "mean": 7.56604290009,
        "median": 7.53723478317,
        "min": 6.13118124008,
        "stdev": 0.434586912394,
        "var": 0.18886578083
    },
    "spectral_flux": {
        "dmean": 0.0200557932258,
        "dmean2": 0.0303089879453,
        "dvar": 0.000723361968994,
        "dvar2": 0.00157012138516,
        "max": 0.391340255737,
        "mean": 0.0758237764239,
        "median": 0.0653218924999,
        "min": 1.03345693114e-10,
        "stdev": 0.0436986908317,
        "var": 0.0019095755415
    },
    "spectral_kurtosis": {
        "dmean": 1.41829836369,
        "dmean2": 2.24282121658,
        "dvar": 3.20507884026,
        "dvar2": 7.39792633057,
        "max": 25.7161560059,
        "mean": 3.73042488098,
        "median": 3.25364685059,
        "min": -1.27100110054,
        "stdev": 2.88645768166,
        "var": 8.33163833618
    },
    "spectral_rms": {
        "dmean": 0.000694742018823,
        "dmean2": 0.00106502557173,
        "dvar": 8.28409611131e-07,
        "dvar2": 1.69318479948e-06,
        "max": 0.0136419301853,
        "mean": 0.00535913417116,
        "median": 0.00530631374568,
        "min": 3.22797713039e-12,
        "stdev": 0.00191670248751,
        "var": 3.67374855159e-06
    },
    "spectral_rolloff": {
        "dmean": 447.863739014,
        "dmean2": 698.321411133,
        "dvar": 991539.9375,
        "dvar2": 1655706.125,
        "max": 18152.4902344,
        "mean": 1214.01916504,
        "median": 732.12890625,
        "min": 64.599609375,
        "stdev": 1520.44775391,
        "var": 2311761.5
    },
    "spectral_skewness": {
        "dmean": 0.220587238669,
        "dmean2": 0.31842148304,
        "dvar": 0.0552592389286,
        "dvar2": 0.102933086455,
        "max": 4.35481071472,
        "mean": 1.47300612926,
        "median": 1.4914470911,
        "min": -0.10788063705,
        "stdev": 0.503521323204,
        "var": 0.25353372097
    },
    "spectral_spread": {
        "dmean": 655896.3125,
        "dmean2": 855104.0625,
        "dvar": 1.44034627584e+12,
        "dvar2": 1.94070039757e+12,
        "max": 38759048,
        "mean": 4881866,
        "median": 4545042.5,
        "min": 2034117.875,
        "stdev": 2029789.875,
        "var": 4.12004699341e+12
    },
    "spectral_strongpeak": {
        "dmean": 0.396842330694,
        "dmean2": 0.702387452126,
        "dvar": 0.939238727093,
        "dvar2": 2.53681468964,
        "max": 12.1317481995,
        "mean": 0.646101474762,
        "median": 0.326006710529,
        "min": 0,
        "stdev": 1.12987184525,
        "var": 1.27661049366
    },
    "zerocrossingrate": {
        "dmean": 0.0111548835412,
        "dmean2": 0.0115209408104,
        "dvar": 0.00032352906419,
        "dvar2": 0.000321648054523,
        "max": 0.474609375,
        "mean": 0.0516154430807,
        "median": 0.0419921875,
        "min": 0.0009765625,
        "stdev": 0.0390848070383,
        "var": 0.00152762210928
    },
    "barkbands": {
        "dmean": [0.000310496165184, 0.00602896558121, 0.00193129526451, 0.00113686558325, 0.000996438553557, 0.000511129794177, 0.000277198705589, 0.000437924230937, 0.000416101451265, 0.000673670554534, 0.000301006046357, 0.000409490865422, 0.000398711243179, 0.000460967421532, 0.0003639581264, 0.000254453538219, 0.000242179550696, 0.000270884134807, 0.000104735154309, 7.19438830856e-05, 8.4861756477e-05, 0.000115921160614, 0.000119939388242, 6.86991916155e-05, 3.34940305038e-05, 1.53348082677e-05, 1.47720197674e-06],
        "dmean2": [0.000445479148766, 0.00953156966716, 0.00330382399261, 0.00193602463696, 0.0016551213339, 0.000822465517558, 0.000442260090495, 0.000646056898404, 0.000657499418594, 0.00101187766995, 0.00047353329137, 0.000681488483679, 0.000614492979366, 0.000729778548703, 0.000526652496774, 0.000386266125133, 0.000356564618414, 0.000402370264055, 0.000160018651513, 0.000108349944639, 0.000113622183562, 0.000162791067851, 0.000176988149178, 9.57194060902e-05, 4.7431771236e-05, 2.28317530855e-05, 2.55423537965e-06],
        "dvar": [4.08132734719e-07, 0.000144077072036, 1.95075408556e-05, 3.84121358366e-06, 2.2972556053e-06, 9.95910909296e-07, 4.92137132824e-07, 1.23957170217e-06, 1.23119036743e-06, 2.0561594738e-06, 4.36768800682e-07, 1.8639211703e-06, 6.90052218033e-07, 1.1880412103e-06, 8.03621446721e-07, 6.64832782604e-07, 4.46844893531e-07, 3.34700246185e-07, 4.401250564e-08, 1.82784365421e-08, 4.58928113289e-08, 7.08696248353e-08, 6.34337311567e-08, 2.51692782172e-08, 4.16109680046e-09, 1.05971709186e-09, 2.41687694164e-11],
        "dvar2": [7.16064675998e-07, 0.000368684821296, 5.4196389101e-05, 1.08542672024e-05, 7.26230973669e-06, 2.4899784421e-06, 1.27031921693e-06, 2.71547401098e-06, 2.65081303041e-06, 4.97180508319e-06, 9.92608192973e-07, 4.90404590892e-06, 1.51439508045e-06, 2.66188862952e-06, 1.65748417658e-06, 1.46279171531e-06, 1.06434151803e-06, 7.1618507036e-07, 1.0207033796e-07, 4.43580141507e-08, 8.14193725773e-08, 1.3537730581e-07, 1.34319137146e-07, 4.48027002165e-08, 8.46413961142e-09, 2.42417397267e-09, 6.46512496316e-11],
        "max": [0.0066126533784, 0.162065178156, 0.0705259144306, 0.0341019816697, 0.0141146592796, 0.011624019593, 0.00731684733182, 0.0227606147528, 0.0230057612062, 0.0201732572168, 0.0106319393963, 0.0236902516335, 0.01489514485, 0.0149445673451, 0.0143466163427, 0.0159478466958, 0.0139986611903, 0.00964822992682, 0.00295896269381, 0.00192487391178, 0.00308257970028, 0.00416368525475, 0.00348198460415, 0.00218167761341, 0.000857447739691, 0.000286099704681, 5.91563730268e-05],
        "mean": [0.000445093523012, 0.0147338230163, 0.00406862376258, 0.00221858522855, 0.00217546476051, 0.000892592710443, 0.000399319629651, 0.000691164692398, 0.000690131331794, 0.00125152524561, 0.000510401616339, 0.000601089617703, 0.000675311894156, 0.000695984927006, 0.000661059224512, 0.000396216724766, 0.000443391909357, 0.000516466563568, 0.000198788751732, 0.000135704613058, 0.00016768516798, 0.000213155799429, 0.000217163484194, 0.000129501553602, 5.63682406209e-05, 1.82515777851e-05, 1.07728897092e-06],
        "median": [0.000133347537485, 0.0102605372667, 0.00264180637896, 0.00125566823408, 0.00160716695245, 0.000348951434717, 0.000203631425393, 0.000172113373992, 0.000192510546185, 0.000220304820687, 0.000133822570206, 9.20935199247e-05, 0.000138963892823, 0.000119202268252, 9.78199750534e-05, 6.61258673063e-05, 9.36796714086e-05, 9.72232010099e-05, 6.23018058832e-05, 3.94835733459e-05, 3.7477373553e-05, 4.12489607697e-05, 5.16501859238e-05, 3.08795752062e-05, 1.4142566215e-05, 1.9255726329e-06, 3.32913852041e-09],
        "min": [1.07341131677e-24, 8.85095624771e-24, 1.10866669392e-24, 2.42061905658e-23, 5.02147105745e-23, 3.55296767042e-23, 2.58572685518e-23, 3.10239272501e-23, 3.63887777844e-23, 7.27351464066e-23, 6.00362844354e-23, 1.42158894547e-22, 8.58314743672e-23, 1.73341329196e-22, 9.4094981676e-23, 9.89034549247e-23, 2.3634618557e-22, 2.87405908169e-22, 3.33344270041e-22, 4.59816545581e-22, 5.4290038586e-22, 5.55308801868e-22, 5.12988042512e-22, 8.57411983873e-22, 1.2350355845e-21, 1.71957439977e-21, 2.31769848211e-21],
        "stdev": [0.000911843031645, 0.0170862227678, 0.00478385388851, 0.00256838114001, 0.00196620333008, 0.00140443618875, 0.000712280219886, 0.00171257439069, 0.00182952359319, 0.00253336224705, 0.00104500586167, 0.00189902505372, 0.00128532433882, 0.00143432186451, 0.00151605380233, 0.00103393942118, 0.00101653137244, 0.00104079092853, 0.000342684943462, 0.000242601759965, 0.000402720004786, 0.000442377640866, 0.000425083591836, 0.000268571195193, 0.000106627718196, 3.77086726076e-05, 4.12204644817e-06],
        "var": [8.31457668937e-07, 0.000291938980808, 2.28852586588e-05, 6.59658144286e-06, 3.86595547752e-06, 1.97244094124e-06, 5.07343088429e-07, 2.93291122944e-06, 3.34715673489e-06, 6.41792394163e-06, 1.09203722332e-06, 3.60629633178e-06, 1.65205869962e-06, 2.05727928915e-06, 2.2984190764e-06, 1.06903075903e-06, 1.03333593415e-06, 1.08324582015e-06, 1.17432968239e-07, 5.88556154923e-08, 1.62183397379e-07, 1.956979645e-07, 1.80696048346e-07, 7.21304829199e-08, 1.13694706982e-08, 1.42194389596e-09, 1.69912660331e-11]
    },
    "erbbands": {
        "dmean": [0.229611381888, 1.22867488861, 2.11513829231, 3.00339484215, 4.031062603, 2.98892045021, 3.70864725113, 4.39405202866, 4.39769411087, 4.47949886322, 11.0857124329, 10.2265939713, 16.6591815948, 15.0175209045, 12.0293493271, 18.4267234802, 16.8898887634, 23.398733139, 14.6219596863, 20.6935386658, 12.1038093567, 10.5197143555, 14.5357522964, 7.80915784836, 4.22901535034, 3.30192041397, 3.3276348114, 3.7466070652, 4.11854696274, 4.52855539322, 3.14666748047, 1.86731529236, 0.978774130344, 0.386013537645, 0.257917463779, 0.103340163827, 0.0188767015934, 0.00383059564047, 0.000150149484398, 1.25629312606e-05],
        "dmean2": [0.358617186546, 1.97910714149, 3.61683011055, 5.10824346542, 6.97487783432, 4.87704181671, 5.82522916794, 7.03177404404, 6.99289941788, 7.01383686066, 16.4589767456, 16.0080356598, 25.4617595673, 22.1928157806, 19.1885204315, 29.9764556885, 26.0391407013, 36.5593490601, 21.929983139, 29.764333725, 16.8066158295, 15.1829128265, 21.0109558105, 12.0056676865, 5.92599964142, 4.88031721115, 4.53405332565, 5.31527519226, 5.89210700989, 6.4301276207, 4.6603064537, 2.63933062553, 1.40943706036, 0.563983976841, 0.366791397333, 0.153793543577, 0.028929322958, 0.0062409946695, 0.000251696445048, 1.92541920114e-05],
        "dvar": [0.238552227616, 5.81060791016, 22.6533794403, 32.5887947083, 62.9991226196, 19.4409103394, 33.065410614, 94.3132324219, 131.580383301, 78.8861236572, 949.717590332, 859.503112793, 1705.25488281, 1450.33898926, 739.806091309, 3999.67675781, 1377.40783691, 3003.95019531, 1035.71228027, 3924.57080078, 1163.18225098, 705.532531738, 1088.96801758, 297.835571289, 64.7699813843, 39.4868278503, 66.5211334229, 97.3937835693, 99.77759552, 83.2314758301, 48.1154174805, 17.7978992462, 5.61936807632, 0.616780102253, 0.294769644737, 0.0456390753388, 0.00187915179413, 0.000112102970888, 2.27552419574e-07, 3.66852631606e-10],
        "dvar2": [0.608970582485, 14.6729974747, 61.6242980957, 88.474647522, 216.224868774, 49.2266731262, 75.2953414917, 231.820297241, 334.257263184, 187.323471069, 2091.03222656, 1693.5838623, 3990.70263672, 3562.83569336, 1588.59997559, 10229.890625, 2939.41235352, 7074.49902344, 2232.69750977, 7374.26416016, 2043.32067871, 1673.42272949, 2142.22924805, 760.016784668, 125.271942139, 90.8485946655, 112.799064636, 202.2628479, 214.338165283, 173.166564941, 100.040664673, 35.2601966858, 10.7984457016, 1.24501645565, 0.576889753342, 0.101993657649, 0.00444625876844, 0.000291659875074, 6.02301270192e-07, 8.16514300617e-10],
        "max": [5.55931329727, 34.097946167, 83.3998184204, 92.470916748, 79.8009414673, 53.6381492615, 88.8585357666, 144.343109131, 126.106765747, 108.83568573, 610.247253418, 670.184326172, 771.534118652, 712.040161133, 490.795318604, 1147.28381348, 750.34967041, 709.109558105, 642.142272949, 1055.86022949, 923.238952637, 594.222839355, 681.942810059, 245.683959961, 144.921737671, 86.7763137817, 123.123085022, 143.496551514, 152.692703247, 102.221885681, 102.896492004, 69.3136520386, 36.1711845398, 10.6300735474, 7.76838064194, 1.95009684563, 0.330578923225, 0.107883177698, 0.0054562613368, 0.000213344508666],
        "mean": [0.461243063211, 3.13531708717, 5.21604013443, 5.96286201477, 8.26906108856, 6.1721200943, 6.98697519302, 6.99501132965, 6.55001926422, 7.43698883057, 18.119468689, 17.9743156433, 29.0540962219, 32.8414497375, 22.8160476685, 29.3432331085, 30.0864849091, 38.719417572, 30.532705307, 35.0668716431, 23.605386734, 21.7535972595, 29.50989151, 15.0671024323, 8.67080307007, 6.42889356613, 6.49428272247, 7.08429718018, 7.09305524826, 7.87096691132, 5.77154541016, 3.3133699894, 1.81950116158, 0.685263335705, 0.400524318218, 0.133919626474, 0.0214643068612, 0.00322799989954, 0.000138402479934, 4.31287371612e-05],
        "median": [0.222456723452, 2.23323535919, 3.59699344635, 4.26988983154, 5.84193611145, 4.07246828079, 3.25265359879, 2.80505204201, 3.01901817322, 3.58063578606, 4.13533878326, 5.1655921936, 7.76733875275, 5.16222429276, 6.74484300613, 5.03102684021, 7.41950798035, 7.58293199539, 5.80762815475, 6.32451343536, 4.36324167252, 5.36292695999, 6.83607149124, 4.20185184479, 3.00922751427, 1.90756678581, 1.64168345928, 1.38275158405, 1.27795469761, 1.96447563171, 1.29725694656, 0.789272367954, 0.421421855688, 0.184018388391, 0.0806226730347, 0.0211286749691, 0.00168508605566, 0.000110941960884, 2.25202857109e-05, 3.49842630385e-05],
        "min": [2.90667677618e-22, 1.64809830061e-21, 2.8511869622e-21, 3.17080462335e-20, 2.10504825541e-19, 1.22834601979e-19, 6.84005859031e-20, 3.35486878863e-19, 3.76984513943e-19, 5.91609603663e-19, 6.66909147293e-19, 7.7753442126e-19, 9.64065458848e-19, 3.63344502097e-18, 2.43464028334e-18, 5.84705726796e-18, 4.64259502853e-18, 5.83348116615e-18, 8.34534909943e-18, 4.4491323725e-18, 6.52411080319e-18, 1.47424628632e-17, 1.55185601098e-17, 1.36182747799e-17, 1.99367418653e-17, 2.07756237748e-17, 2.01849456799e-17, 1.9991291118e-17, 1.84366498245e-17, 1.99505690165e-17, 1.45196849262e-17, 1.29179977354e-17, 1.60963987072e-17, 1.34014905937e-17, 9.01351416539e-18, 7.21884739196e-18, 2.74973447176e-18, 1.47864355777e-18, 3.45202606296e-19, 2.89700751748e-20],
        "stdev": [0.648505866528, 3.49038338661, 5.54424953461, 6.31763982773, 8.97534656525, 6.03076887131, 10.2316541672, 12.4003400803, 12.409942627, 11.6286783218, 47.1317977905, 49.601272583, 57.2045173645, 81.7241439819, 44.761177063, 89.2674102783, 58.340801239, 72.3621139526, 61.442237854, 95.5049514771, 58.5633468628, 44.1879997253, 59.2220916748, 27.1388473511, 14.5921583176, 11.4933414459, 15.3637037277, 17.2250499725, 15.2630348206, 15.0139331818, 11.7420806885, 6.90072536469, 3.82296705246, 1.27226090431, 0.852175831795, 0.260470986366, 0.0480096526444, 0.00948982592672, 0.000410025706515, 3.09031020151e-05],
        "var": [0.420559883118, 12.1827754974, 30.7387046814, 39.9125747681, 80.556854248, 36.3701705933, 104.686752319, 153.768432617, 154.00668335, 135.226165771, 2221.40625, 2460.28613281, 3272.35693359, 6678.8359375, 2003.56298828, 7968.66992188, 3403.64892578, 5236.27539062, 3775.1484375, 9121.1953125, 3429.66552734, 1952.57946777, 3507.25610352, 736.517028809, 212.93107605, 132.096893311, 236.043380737, 296.702331543, 232.960235596, 225.418182373, 137.876464844, 47.620010376, 14.6150770187, 1.6186478138, 0.726203680038, 0.0678451284766, 0.00230492674746, 9.00567902136e-05, 1.68121076172e-07, 9.55001744352e-10]
    },
    "gfcc": {
        "mean": [-5.71449232101, 105.573654175, -108.517936707, 52.0897369385, -51.1767921448, 34.9541931152, -33.2104644775, 11.6354856491, -16.8307056427, -4.15430688858, -10.8704023361, -2.31822013855, -8.36633682251],
        "cov": [[4576.52490234, -925.460449219, -608.547485352, -90.6979827881, -78.2505340576, 89.7301635742, -151.430130005, 186.342712402, -127.911956787, 186.782623291, -246.342147827, 185.079589844, -199.247177124], [-925.460449219, 1097.70751953, -137.45350647, -70.9694061279, 259.709594727, -55.8115081787, 170.046829224, -97.6562576294, 90.6809234619, -185.252471924, 175.557617188, -173.768508911, 107.851913452], [-608.547485352, -137.45350647, 766.539978027, 168.308425903, -26.3460903168, 33.4791069031, 11.8497896194, -6.62062358856, -25.9311847687, 38.856803894, -37.1996955872, 36.5018577576, 0.768362820148], [-90.6979827881, -70.9694061279, 168.308425903, 305.211456299, -29.0272102356, -27.9839401245, -65.1167984009, 4.7789607048, 64.082069397, -52.8887138367, 15.4948091507, 0.123152792454, 36.8156700134], [-78.2505340576, 259.709594727, -26.3460903168, -29.0272102356, 351.70715332, -57.4733352661, 38.1277542114, 35.2200241089, 25.5607681274, -19.3896961212, -17.1010532379, -3.68964123726, 19.051700592], [89.7301635742, -55.8115081787, 33.4791069031, -27.9839401245, -57.4733352661, 176.274429321, 79.8636398315, -29.4433345795, -16.5349330902, -1.4645036459, -8.36085987091, -26.1013450623, -9.61354255676], [-151.430130005, 170.046829224, 11.8497896194, -65.1167984009, 38.1277542114, 79.8636398315, 226.592910767, -18.8476886749, -26.8450832367, -12.6999597549, 14.2587375641, -47.0997009277, -23.074180603], [186.342712402, -97.6562576294, -6.62062358856, 4.7789607048, 35.2200241089, -29.4433345795, -18.8476886749, 102.332176208, 14.4170207977, 22.4349422455, -29.0249633789, 19.7887096405, -18.5165157318], [-127.911956787, 90.6809234619, -25.9311847687, 64.082069397, 25.5607681274, -16.5349330902, -26.8450832367, 14.4170207977, 148.541702271, -32.8802337646, 12.3392505646, -15.126584053, 19.755777359], [186.782623291, -185.252471924, 38.856803894, -52.8887138367, -19.3896961212, -1.4645036459, -12.6999597549, 22.4349422455, -32.8802337646, 139.947036743, -39.2139053345, 24.6205329895, -33.5367507935], [-246.342147827, 175.557617188, -37.1996955872, 15.4948091507, -17.1010532379, -8.36085987091, 14.2587375641, -29.0249633789, 12.3392505646, -39.2139053345, 116.657783508, -18.4542713165, 12.1734657288], [185.079589844, -173.768508911, 36.5018577576, 0.123152792454, -3.68964123726, -26.1013450623, -47.0997009277, 19.7887096405, -15.126584053, 24.6205329895, -18.4542713165, 113.008247375, -6.34580278397], [-199.247177124, 107.851913452, 0.768362820148, 36.8156700134, 19.051700592, -9.61354255676, -23.074180603, -18.5165157318, 19.755777359, -33.5367507935, 12.1734657288, -6.34580278397, 88.9580612183]],
        "icov": [[0.000435860158177, -0.000212602390093, 0.00056009500986, -0.000521014851984, 8.02778668003e-05, -0.000687161169481, 0.000368945620721, -0.000513486622367, 0.000495792541187, -0.000374971423298, 0.000878877006471, -0.000790589605458, 0.000914007017855], [-0.000212602390093, 0.0052674729377, -0.000817178573925, 0.00290643051267, -0.00282559776679, 0.00330860703252, -0.0026885534171, 0.00284609454684, -0.00235675834119, 0.00345519231632, -0.0054293605499, 0.0055689746514, -0.0042342315428], [0.00056009500986, -0.000817178573925, 0.00250321580097, -0.00229525985196, 0.00031270418549, -0.00152785773389, 0.000285027490463, -0.000573207857087, 0.0013389029773, -0.00159395881929, 0.00209478102624, -0.00214734580368, 0.00155795225874], [-0.000521014851984, 0.00290643051267, -0.00229525985196, 0.00715697230771, -0.000914848758839, 0.00284639792517, -0.000580255815294, 0.00123719661497, -0.00331217166968, 0.00398940127343, -0.00396463135257, 0.00404322426766, -0.00395175023004], [8.02778668003e-05, -0.00282559776679, 0.00031270418549, -0.000914848758839, 0.00509510049596, -0.000123570425785, 0.000143816621858, -0.00256007513963, 0.000613868236542, -0.00120299879927, 0.00368199613877, -0.00292413425632, 0.00107901997399], [-0.000687161169481, 0.00330860703252, -0.00152785773389, 0.00284639792517, -0.000123570425785, 0.0107945092022, -0.00480306847021, 0.00375876761973, -0.00227395794354, 0.00281299324706, -0.00265854713507, 0.00497322622687, -0.00370160047896], [0.000368945620721, -0.0026885534171, 0.000285027490463, -0.000580255815294, 0.000143816621858, -0.00480306847021, 0.00833444762975, -0.00161045556888, 0.00227735354565, -0.00102727254853, 0.00204054103233, -0.00107256206684, 0.00435157399625], [-0.000513486622367, 0.00284609454684, -0.000573207857087, 0.00123719661497, -0.00256007513963, 0.00375876761973, -0.00161045556888, 0.0144898854196, -0.00312640843913, 0.00082331354497, -0.00103734631557, 0.00219577434473, -0.000251649442362], [0.000495792541187, -0.00235675834119, 0.0013389029773, -0.00331217166968, 0.000613868236542, -0.00227395794354, 0.00227735354565, -0.00312640843913, 0.00977509468794, -0.000845319533255, 0.00251807831228, -0.00186152034439, 0.00192280078772], [-0.000374971423298, 0.00345519231632, -0.00159395881929, 0.00398940127343, -0.00120299879927, 0.00281299324706, -0.00102727254853, 0.00082331354497, -0.000845319533255, 0.0122965015471, -0.00183104595635, 0.00333466776647, -0.00088771560695], [0.000878877006471, -0.0054293605499, 0.00209478102624, -0.00396463135257, 0.00368199613877, -0.00265854713507, 0.00204054103233, -0.00103734631557, 0.00251807831228, -0.00183104595635, 0.017232330516, -0.00607033167034, 0.00537049537525], [-0.000790589605458, 0.0055689746514, -0.00214734580368, 0.00404322426766, -0.00292413425632, 0.00497322622687, -0.00107256206684, 0.00219577434473, -0.00186152034439, 0.00333466776647, -0.00607033167034, 0.0173647031188, -0.00509478338063], [0.000914007017855, -0.0042342315428, 0.00155795225874, -0.00395175023004, 0.00107901997399, -0.00370160047896, 0.00435157399625, -0.000251649442362, 0.00192280078772, -0.00088771560695, 0.00537049537525, -0.00509478338063, 0.0186291560531]]
    },
    "melbands": {
        "dmean": [0.00180667510722, 0.001126686926, 0.000526314834133, 0.000225991432671, 0.000130893764435, 9.78873213171e-05, 6.50697184028e-05, 5.39545617357e-05, 9.28899316932e-05, 6.20003193035e-05, 8.50607757457e-05, 6.39916033833e-05, 4.28825915151e-05, 4.23036653956e-05, 4.82040413772e-05, 3.67750180885e-05, 4.751211236e-05, 2.67293653451e-05, 2.60230099229e-05, 2.26262181968e-05, 1.67405141838e-05, 1.20183731269e-05, 1.42630296978e-05, 1.27822295326e-05, 6.47544902677e-06, 3.48229582414e-06, 2.90750062959e-06, 2.20527567762e-06, 2.14613510252e-06, 2.13310363506e-06, 2.48272840508e-06, 2.22347443923e-06, 2.67023688139e-06, 2.74661533695e-06, 2.07021230381e-06, 1.45563092246e-06, 1.06840627723e-06, 8.0146315895e-07, 4.76778126313e-07, 2.98532398801e-07],
        "dmean2": [0.00285313627683, 0.00185932219028, 0.00089274183847, 0.000382087455364, 0.000206662007258, 0.000155702087795, 0.000103669510281, 8.36964318296e-05, 0.000137451017508, 9.75831790129e-05, 0.000130219268613, 9.4277333119e-05, 6.68045395287e-05, 6.92911416991e-05, 7.78089815867e-05, 5.70434858673e-05, 7.50840481487e-05, 3.98324082198e-05, 3.69620029232e-05, 3.33649477398e-05, 2.37461244978e-05, 1.78230220627e-05, 2.10746329685e-05, 1.94371277757e-05, 1.04277150967e-05, 5.1936399359e-06, 4.62039270133e-06, 3.22133701047e-06, 3.05372373077e-06, 3.1773486171e-06, 3.65755363418e-06, 3.23140579894e-06, 3.93977416024e-06, 4.09012272939e-06, 3.11996132041e-06, 2.16197327063e-06, 1.52975360379e-06, 1.19807975807e-06, 6.88456793796e-07, 4.53684208424e-07],
        "dvar": [1.42013186633e-05, 4.92766503157e-06, 9.02443900941e-07, 1.36708564469e-07, 3.4844912733e-08, 4.32331113132e-08, 2.93802067119e-08, 1.11933990965e-08, 6.01350791385e-08, 3.36221788189e-08, 4.3608508804e-08, 2.8121517559e-08, 9.09963571161e-09, 1.78970331888e-08, 1.77852470529e-08, 5.96042060153e-09, 1.26130306199e-08, 3.9370657845e-09, 3.85068288367e-09, 4.42030101411e-09, 2.9768338905e-09, 1.38836497854e-09, 1.10911102524e-09, 7.14736936303e-10, 2.26924201652e-10, 5.25233537219e-11, 3.52178702867e-11, 1.85365299499e-11, 2.96600036198e-11, 3.02005573327e-11, 4.79146791688e-11, 2.79390139496e-11, 5.55760090726e-11, 3.39457698062e-11, 2.16976697026e-11, 1.19432883722e-11, 6.24561340146e-12, 4.03844752778e-12, 1.15401199881e-12, 3.68828502895e-13],
        "dvar2": [3.63449653378e-05, 1.24984444483e-05, 2.55650456893e-06, 4.37059583192e-07, 8.12171094822e-08, 1.06884876061e-07, 7.63181873253e-08, 2.62838817378e-08, 1.31279179527e-07, 6.64565718012e-08, 1.01557695587e-07, 6.92414729997e-08, 2.01882812689e-08, 4.64599096972e-08, 4.36195293219e-08, 1.28960122581e-08, 2.9478627539e-08, 8.49226378108e-09, 7.71892771922e-09, 8.67538929583e-09, 5.28676080691e-09, 3.38792660592e-09, 2.25832841316e-09, 1.58207691392e-09, 5.98480653924e-10, 1.11412691572e-10, 9.58222320935e-11, 4.10804792961e-11, 5.5078896305e-11, 6.07180972167e-11, 1.10821428423e-10, 6.23815235579e-11, 1.10655776209e-10, 7.75950415033e-11, 4.53153486957e-11, 2.82070547475e-11, 1.20445346405e-11, 8.51596657775e-12, 2.07477524744e-12, 8.41827529994e-13],
        "max": [0.0489993020892, 0.04074992612, 0.0151879219338, 0.00353348068893, 0.00277540902607, 0.0027887201868, 0.00187364290468, 0.00142885802779, 0.00439071841538, 0.00421049539, 0.00386577635072, 0.00311971153133, 0.00164685747586, 0.00231129559688, 0.00216959929094, 0.0010957311606, 0.00123881967738, 0.0011827343842, 0.000984484911896, 0.00129037164152, 0.00146258762106, 0.00087398319738, 0.000594735029154, 0.000393601949327, 0.000221405731281, 0.000120418939332, 7.27090955479e-05, 5.9350833908e-05, 7.84677249612e-05, 6.62857928546e-05, 0.00010428053065, 5.98520418862e-05, 0.00015737839567, 6.96667266311e-05, 7.53616186557e-05, 5.71287200728e-05, 3.56464661309e-05, 3.32786767103e-05, 1.72527888935e-05, 6.89634316586e-06],
        "mean": [0.00414656149223, 0.00312919728458, 0.00113800249528, 0.000507215154357, 0.000252507044934, 0.000161277421284, 9.59683893598e-05, 8.84107357706e-05, 0.00015290909505, 0.000104581347841, 0.000145440586493, 0.000136782473419, 7.37966984161e-05, 6.97525028954e-05, 7.20738826203e-05, 6.33397721685e-05, 7.41187250242e-05, 4.85113123432e-05, 4.5277945901e-05, 3.63163017028e-05, 2.94781002594e-05, 2.22546259465e-05, 2.73423083854e-05, 2.4307253625e-05, 1.08496296889e-05, 6.6873403739e-06, 5.03293358634e-06, 4.06144954468e-06, 4.00308545068e-06, 3.89551541957e-06, 4.27735722042e-06, 3.79303833142e-06, 4.38289316662e-06, 4.43115550297e-06, 3.60510330211e-06, 2.46043168772e-06, 1.80638403435e-06, 1.37967322189e-06, 8.64653486587e-07, 4.68214182092e-07],
        "median": [0.0023905839771, 0.00250253430568, 0.000841128174216, 0.000372887181584, 0.000137799361255, 6.43396706437e-05, 4.4010241254e-05, 3.79064440494e-05, 3.25046858052e-05, 2.96069720207e-05, 3.54430740117e-05, 1.74686301762e-05, 2.08094425034e-05, 1.21389448395e-05, 1.4646823729e-05, 1.26695349536e-05, 1.28192959892e-05, 7.56174358685e-06, 7.41265785109e-06, 6.04316983299e-06, 5.07437243868e-06, 5.0913472478e-06, 5.40100336366e-06, 4.57826035927e-06, 2.81250277112e-06, 2.20198103307e-06, 1.59208980222e-06, 1.06714651338e-06, 9.08567074021e-07, 8.9658124125e-07, 7.16635213394e-07, 6.42448014787e-07, 9.2424761533e-07, 1.10977339318e-06, 7.36443553251e-07, 6.00125645178e-07, 3.95798650743e-07, 2.94819386681e-07, 2.10067540252e-07, 1.18675771432e-07],
        "min": [2.33424592665e-24, 1.82630075636e-24, 1.19898748103e-23, 1.31885899766e-23, 2.1937740569e-24, 7.71713751269e-24, 6.1025439491e-24, 6.44137193524e-24, 6.21521931878e-24, 4.8596931985e-24, 4.48884495379e-24, 1.44838301632e-23, 7.64451340003e-24, 1.14886483684e-23, 1.84551058437e-23, 7.90464343897e-24, 1.09709118565e-23, 1.51459747635e-23, 7.40144563361e-24, 5.89714586863e-24, 7.69361289163e-24, 1.43499825557e-23, 1.55927619144e-23, 1.28047239492e-23, 1.02106692472e-23, 1.52522627264e-23, 1.5089683227e-23, 1.31255931224e-23, 1.41160884527e-23, 9.95861556625e-24, 1.26534220053e-23, 8.51796149353e-24, 1.46079842479e-23, 9.49559444679e-24, 8.61978687032e-24, 6.88202569259e-24, 8.15949126529e-24, 1.12423076181e-23, 1.10104353656e-23, 1.21029327776e-23],
        "stdev": [0.00523028662428, 0.00292389397509, 0.00110912811942, 0.000458823866211, 0.00031929789111, 0.000275179627351, 0.00018057928537, 0.000146434103954, 0.000378331518732, 0.000296211859677, 0.000287175702397, 0.000361009559128, 0.000149553787196, 0.000198219451704, 0.000175677705556, 0.000116627619718, 0.000147148020915, 0.000105414270365, 0.000103707621747, 9.35004936764e-05, 8.84075270733e-05, 5.27684060216e-05, 5.85854104429e-05, 4.64942968392e-05, 2.13916864595e-05, 1.183657605e-05, 8.72938835528e-06, 7.72485418565e-06, 9.77538456937e-06, 9.24010964809e-06, 1.0976631529e-05, 8.40120628709e-06, 9.98577979772e-06, 8.74129000294e-06, 7.6871838246e-06, 5.10311338076e-06, 3.93271238863e-06, 3.04402919937e-06, 1.74530487129e-06, 8.92000286967e-07],
        "var": [2.73558980552e-05, 8.54915560922e-06, 1.23016525322e-06, 2.10519345956e-07, 1.0195113731e-07, 7.57238254323e-08, 3.26088773761e-08, 2.14429469736e-08, 1.43134741393e-07, 8.77414620959e-08, 8.24698815904e-08, 1.30327904913e-07, 2.23663345622e-08, 3.92909491609e-08, 3.08626582068e-08, 1.36020021912e-08, 2.16525410934e-08, 1.11121689628e-08, 1.0755270452e-08, 8.74234196147e-09, 7.81589104548e-09, 2.78450462687e-09, 3.43225048383e-09, 2.16171969214e-09, 4.5760426004e-10, 1.40104539081e-10, 7.62022181466e-11, 5.96733773506e-11, 9.55581516693e-11, 8.53796269795e-11, 1.20486440269e-10, 7.05802638556e-11, 9.97157981186e-11, 7.64101490414e-11, 5.90928000976e-11, 2.60417677006e-11, 1.54662272572e-11, 9.26611391783e-12, 3.04608920552e-12, 7.95664478314e-13]
    },
    "melbands128": {
