{
"lowlevel": {
    "average_loudness": 0.482378780842,
    "barkbands_crest": {
        "dmean": 2.10635066032,
        "dmean2": 3.40026950836,
        "dvar": 5.17698526382,
        "dvar2": 13.0453739166,
        "max": 24.1538047791,
        "mean": 9.31977748871,
        "median": 8.65682697296,
        "min": 3.27751088142,
        "stdev": 3.96366667747,
        "var": 15.7106533051
    },
    "barkbands_flatness_db": {
        "dmean": 0.0203356835991,
        "dmean2": 0.031427629292,
        "dvar": 0.000346053158864,
        "dvar2": 0.00078415038297,
        "max": 0.490801006556,
        "mean": 0.19207957387,
        "median": 0.139907136559,
        "min": 0.0332214273512,
        "stdev": 0.114933148026,
        "var": 0.0132096279413
    },
    "barkbands_kurtosis": {
        "dmean": 1.62572622299,
        "dmean2": 2.55459976196,
        "dvar": 5.9941868782,
        "dvar2": 15.3312387466,
        "max": 28.2109260559,
        "mean": 2.79024600983,
        "median": 2.35014247894,
        "min": -1.88596451283,
        "stdev": 3.45858049393,
        "var": 11.9617786407
    },
    "barkbands_skewness": {
        "dmean": 0.379106491804,
        "dmean2": 0.574434161186,
        "dvar": 0.177835553885,
        "dvar2": 0.388422369957,
        "max": 4.53884792328,
        "mean": 0.815269589424,
        "median": 1.10427856445,
        "min": -2.33243656158,
        "stdev": 1.44183075428,
        "var": 2.07887601852
    },
    "barkbands_spread": {
        "dmean": 2.91968202591,
        "dmean2": 4.4916472435,
        "dvar": 13.1179647446,
        "dvar2": 30.662355423,
        "max": 55.328742981,
        "mean": 16.5445842743,
        "median": 16.3115634918,
        "min": 0.723917067051,
        "stdev": 9.87845993042,
        "var": 97.5839614868
    },
    "dissonance": {
        "dmean": 0.0225164461881,
        "dmean2": 0.0376045629382,
        "dvar": 0.000800993351731,
        "dvar2": 0.00206690444611,
        "max": 0.4999589324,
        "mean": 0.453166872263,
        "median": 0.467332720757,
        "min": 0.180698469281,
        "stdev": 0.0489650964737,
        "var": 0.00239758053795
    },
    "dynamic_complexity": 20.008014679,
    "erbbands_crest": {
        "dmean": 2.27167582512,
        "dmean2": 3.63650083542,
        "dvar": 5.95378923416,
        "dvar2": 14.226102829,
        "max": 27.255405426,
        "mean": 8.57491588593,
        "median": 7.86363506317,
        "min": 2.73310565948,
        "stdev": 4.3577504158,
        "var": 18.989988327
    },
    "erbbands_flatness_db": {
        "dmean": 0.0166025646031,
        "dmean2": 0.0245296210051,
        "dvar": 0.000238239066675,
        "dvar2": 0.000500386522617,
        "max": 0.50336009264,
        "mean": 0.219572633505,
        "median": 0.164304792881,
        "min": 0.0558828897774,
        "stdev": 0.123785227537,
        "var": 0.0153227830306
    },
    "erbbands_kurtosis": {
        "dmean": 0.733474671841,
        "dmean2": 1.16236841679,
        "dvar": 1.20846951008,
        "dvar2": 3.03599572182,
        "max": 17.6355285645,
        "mean": 0.305961370468,
        "median": 0.0493841171265,
        "min": -1.73909425735,
        "stdev": 1.54870855808,
        "var": 2.39849829674
    },
    "erbbands_skewness": {
        "dmean": 0.311030417681,
        "dmean2": 0.471809029579,
        "dvar": 0.0992837697268,
        "dvar2": 0.218720659614,
        "max": 2.82529020309,
        "mean": 0.190591782331,
        "median": 0.249685361981,
        "min": -2.28326559067,
        "stdev": 0.729721963406,
        "var": 0.53249412775
    },
    "erbbands_spread": {
        "dmean": 4.44137716293,
        "dmean2": 6.86923074722,
        "dvar": 28.5216598511,
        "dvar2": 64.8658294678,
        "max": 91.4306869507,
        "mean": 28.4784564972,
        "median": 27.3308582306,
        "min": 2.48150205612,
        "stdev": 15.5683259964,
        "var": 242.372772217
    },
    "hfc": {
        "dmean": 3.15189146996,
        "dmean2": 4.47398233414,
        "dvar": 40.4501304626,
        "dvar2": 74.8490066528,
        "max": 86.0274353027,
        "mean": 14.8627529144,
        "median": 1.55079710484,
        "min": 1.16760487459e-16,
        "stdev": 19.2391929626,
        "var": 370.14654541
    },
    "loudness_ebu128": {
        "integrated": -8.49782466888,
        "loudness_range": 20.1891460419,
        "momentary": {
            "dmean": 0.513167083263,
            "dmean2": 0.599704623222,
            "dvar": 3.19374108315,
            "dvar2": 3.18423295021,
            "max": -6.98201036453,
            "mean": -26.9007930756,
            "median": -20.0237102509,
            "min": -78.256149292,
            "stdev": 25.2588691711,
            "var": 638.010498047
        },
        "short_term": {
            "dmean": 0.284090250731,
            "dmean2": 0.273247092962,
            "dvar": 2.61549067497,
            "dvar2": 3.33062195778,
            "max": -7.55936813354,
            "mean": -23.0746631622,
            "median": -16.5607643127,
            "min": -77.9652938843,
            "stdev": 20.6633892059,
            "var": 426.975616455
        }
    },
    "melbands_crest": {
        "dmean": 2.28831171989,
        "dmean2": 3.59295082092,
        "dvar": 6.41977834702,
        "dvar2": 15.2633314133,
        "max": 29.8125400543,
        "mean": 10.8249292374,
        "median": 11.01795578,
        "min": 1.64637506008,
        "stdev": 5.57055950165,
        "var": 31.0311317444
    },
    "melbands_flatness_db": {
        "dmean": 0.019507072866,
        "dmean2": 0.0291144289076,
        "dvar": 0.000453447602922,
        "dvar2": 0.000906672910787,
        "max": 0.593265235424,
        "mean": 0.225160419941,
        "median": 0.196748867631,
        "min": 0.00296651315875,
        "stdev": 0.148123189807,
        "var": 0.021940479055
    },
    "melbands_kurtosis": {
        "dmean": 2.75295472145,
        "dmean2": 4.21994018555,
        "dvar": 16.2470245361,
        "dvar2": 37.7037010193,
        "max": 49.991519928,
        "mean": 5.6881685257,
        "median": 3.67215490341,
        "min": -1.74970710278,
        "stdev": 7.48043489456,
        "var": 55.9569091797
    },
    "melbands_skewness": {
        "dmean": 0.444848775864,
        "dmean2": 0.667346417904,
        "dvar": 0.230919420719,
        "dvar2": 0.476645708084,
        "max": 5.93803977966,
        "mean": 1.58755409718,
        "median": 1.66644978523,
        "min": -1.16540110111,
        "stdev": 1.3840637207,
        "var": 1.91563248634
    },
    "melbands_spread": {
        "dmean": 5.09340667725,
        "dmean2": 8.11083221436,
        "dvar": 42.4673728943,
        "dvar2": 107.487289429,
        "max": 169.575653076,
        "mean": 33.324596405,
        "median": 19.1380691528,
        "min": 1.19656217098,
        "stdev": 35.3021125793,
        "var": 1246.23925781
    },
    "pitch_salience": {
        "dmean": 0.0559004805982,
        "dmean2": 0.0897821784019,
        "dvar": 0.00311294803396,
        "dvar2": 0.0079345209524,
        "max": 0.898468434811,
        "mean": 0.593112766743,
        "median": 0.571709394455,
        "min": 0.25667783618,
        "stdev": 0.123400330544,
        "var": 0.0152276419103
    },
    "silence_rate_20dB": {
        "dmean": 0,
        "dmean2": 0,
        "dvar": 0,
        "dvar2": 0,
        "max": 1,
        "mean": 1,
        "median": 1,
        "min": 1,
        "stdev": 0,
        "var": 0
    },
    "silence_rate_30dB": {
        "dmean": 0,
        "dmean2": 0,
        "dvar": 0,
        "dvar2": 0,
        "max": 1,
        "mean": 1,
        "median": 1,
        "min": 1,
        "stdev": 0,
        "var": 0
    },
    "silence_rate_60dB": {
        "dmean": 0.0100619196892,
        "dmean2": 0.020139425993,
        "dvar": 0.00996061041951,
        "dvar2": 0.0212833490223,
        "max": 1,
        "mean": 0.514307796955,
        "median": 1,
        "min": 0,
        "stdev": 0.499797195196,
        "var": 0.2497972399
    },
    "spectral_centroid": {
        "dmean": 140.649932861,
        "dmean2": 212.8099823,
        "dvar": 61473.3125,
        "dvar2": 86844.8671875,
        "max": 10890.8876953,
        "mean": 1604.26208496,
        "median": 1088.41442871,
        "min": 370.814056396,
        "stdev": 1280.13195801,
        "var": 1638737.75
    },
    "spectral_complexity": {
        "dmean": 2.20278644562,
        "dmean2": 3.46475601196,
        "dvar": 10.3040552139,
        "dvar2": 20.9815654755,
        "max": 54,
        "mean": 12.7092037201,
        "median": 7,
        "min": 0,
        "stdev": 12.4356546402,
        "var": 154.645507812
    },
    "spectral_decrease": {
        "dmean": 1.06554243207e-09,
        "dmean2": 1.63303714995e-09,
        "dvar": 3.97995594265e-18,
        "dvar2": 8.66191691012e-18,
        "max": -1.81864315803e-29,
        "mean": -5.21598009229e-09,
        "median": -6.34809760314e-10,
        "min": -3.0002833995e-08,
        "stdev": 6.15089712497e-09,
        "var": 3.78335372261e-17
    },
    "spectral_energy": {
        "dmean": 0.00422001164407,
        "dmean2": 0.00640831980854,
        "dvar": 6.13868178334e-05,
        "dvar2": 0.000131263965159,
        "max": 0.116826809943,
        "mean": 0.0210344009101,
        "median": 0.00256204488687,
        "min": 1.06591673112e-20,
        "stdev": 0.0247751194984,
        "var": 0.000613806536421
    },
    "spectral_energyband_high": {
        "dmean": 0.000182296993444,
        "dmean2": 0.000264157919446,
        "dvar": 1.91722293152e-07,
        "dvar2": 4.06887863846e-07,
        "max": 0.00508188875392,
        "mean": 0.000460558541818,
        "median": 1.48739545693e-05,
        "min": 7.88710494059e-21,
        "stdev": 0.000867608236149,
        "var": 7.5274408573e-07
    },
    "spectral_energyband_low": {
        "dmean": 0.00230178865604,
        "dmean2": 0.00378051493317,
        "dvar": 3.56501695933e-05,
        "dvar2": 8.88946306077e-05,
        "max": 0.0905691459775,
        "mean": 0.0079812919721,
        "median": 6.05587865721e-06,
        "min": 7.33227846721e-23,
        "stdev": 0.0112072592601,
        "var": 0.000125602658954
    },
    "spectral_energyband_middle_high": {
        "dmean": 0.00103060237598,
        "dmean2": 0.00148226460442,
        "dvar": 3.86084184356e-06,
        "dvar2": 7.64410106058e-06,
        "max": 0.0261657312512,
        "mean": 0.00403629802167,
        "median": 0.000619111058768,
        "min": 1.50119922292e-21,
        "stdev": 0.00568054290488,
        "var": 3.22685700667e-05
    },
    "spectral_energyband_middle_low": {
        "dmean": 0.00262715527788,
        "dmean2": 0.00402022525668,
        "dvar": 2.7563304684e-05,
        "dvar2": 5.79573279538e-05,
        "max": 0.0743860602379,
        "mean": 0.00903892330825,
        "median": 0.00157308625057,
        "min": 3.91850460932e-22,
        "stdev": 0.011876813136,
        "var": 0.000141058699228
    },
    "spectral_entropy": {
        "dmean": 0.131107360125,
        "dmean2": 0.191576331854,
        "dvar": 0.0257464721799,
        "dvar2": 0.0489279292524,
        "max": 9.80546474457,
        "mean": 7.38720226288,
        "median": 7.51961374283,
        "min": 4.96785497665,
        "stdev": 0.989725410938,
        "var": 0.979556381702
    },
    "spectral_flux": {
        "dmean": 0.0141792148352,
        "dmean2": 0.0219442974776,
        "dvar": 0.000494219420943,
        "dvar2": 0.00105592224281,
        "max": 0.245370134711,
        "mean": 0.0479248575866,
        "median": 0.0220343377441,
        "min": 1.03243240346e-10,
        "stdev": 0.0506952963769,
        "var": 0.00257001304999
    },
    "spectral_kurtosis": {
        "dmean": 10.65026474,
        "dmean2": 18.8502388,
        "dvar": 540.462219238,
        "dvar2": 1614.11474609,
        "max": 229.156158447,
        "mean": 29.1013202667,
        "median": 5.27422618866,
        "min": -1.20417129993,
        "stdev": 49.9492759705,
        "var": 2494.93017578
    },
    "spectral_rms": {
        "dmean": 0.00035523014958,
        "dmean2": 0.000535563682206,
        "dvar": 3.20670068277e-07,
        "dvar2": 6.6362480311e-07,
        "max": 0.0106760188937,
        "mean": 0.00329121598043,
        "median": 0.00158099841792,
        "min": 3.22477699925e-12,
        "stdev": 0.00311275757849,
        "var": 9.68925905909e-06
    },
    "spectral_rolloff": {
        "dmean": 279.714355469,
        "dmean2": 464.173065186,
        "dvar": 223631.84375,
        "dvar2": 429357.5625,
        "max": 18346.2890625,
        "mean": 3367.09936523,
        "median": 1098.19335938,
        "min": 129.19921875,
        "stdev": 4751.99853516,
        "var": 22581492
    },
    "spectral_skewness": {
        "dmean": 0.635692059994,
        "dmean2": 1.1196731329,
        "dvar": 1.3523567915,
        "dvar2": 4.10866355896,
        "max": 11.7535057068,
        "mean": 2.89985561371,
        "median": 1.85941243172,
        "min": 0.00918660406023,
        "stdev": 2.56746983528,
        "var": 6.59190177917
    },
    "spectral_spread": {
        "dmean": 451809.9375,
        "dmean2": 676765.5625,
        "dvar": 1.2044721193e+12,
        "dvar2": 1.36561242931e+12,
        "max": 40566692,
        "mean": 4508317,
        "median": 4505073,
        "min": 395598.25,
        "stdev": 2881362.5,
        "var": 8.30225042637e+12
    },
    "spectral_strongpeak": {
        "dmean": 0.322205901146,
        "dmean2": 0.551358997822,
        "dvar": 0.623734712601,
        "dvar2": 1.35466182232,
        "max": 11.3699789047,
        "mean": 0.576313018799,
        "median": 0.260126650333,
        "min": 0,
        "stdev": 0.995766997337,
        "var": 0.991551935673
    },
    "zerocrossingrate": {
        "dmean": 0.00719534559175,
        "dmean2": 0.008859410882,
        "dvar": 8.50544311106e-05,
        "dvar2": 9.26573411562e-05,
        "max": 0.4931640625,
        "mean": 0.112635120749,
        "median": 0.048828125,
        "min": 0.00927734375,
        "stdev": 0.135386317968,
        "var": 0.0183294545859
    },
    "barkbands": {
        "dmean": [0.000110204768134, 0.0020385410171, 0.000818716594949, 0.000489209312946, 0.000993329565972, 0.000611977593508, 0.00100350938737, 0.00090338580776, 0.000489424273837, 0.000305740308249, 0.000192929364857, 0.000248367025051, 0.000260628963588, 0.000250405195402, 0.000187920464668, 0.000163868971867, 0.000145782978507, 0.000157665359438, 0.000107180901978, 5.57385319553e-05, 4.08266423619e-05, 3.01169111481e-05, 3.55066113116e-05, 4.97046094097e-05, 3.75226736651e-05, 1.70270068338e-05, 4.12127428717e-06],
        "dmean2": [0.000173170876224, 0.00349478027783, 0.00132017722353, 0.00081223732559, 0.00160200474784, 0.000986554427072, 0.00152226316277, 0.00132984213997, 0.000670018605888, 0.000432029133663, 0.000289310497465, 0.000393303955207, 0.000399023731006, 0.000390826549847, 0.00029145317967, 0.000262119923718, 0.000229527562624, 0.000249623815762, 0.000168085054611, 8.95946286619e-05, 6.53955867165e-05, 4.31141634181e-05, 5.60251064599e-05, 7.28663799237e-05, 5.67672250327e-05, 2.50499651884e-05, 6.68235361445e-06],
        "dvar": [1.51043735741e-07, 3.72689864889e-05, 4.65104130853e-06, 1.65364861004e-06, 5.49947753825e-06, 2.02680166694e-06, 5.79835477765e-06, 8.57593022374e-06, 1.00601118902e-06, 5.48458046978e-07, 2.09104811688e-07, 3.88145934949e-07, 4.45174634933e-07, 6.04665274295e-07, 2.12724700077e-07, 3.06318952425e-07, 1.00798494884e-07, 1.44720502249e-07, 7.16750818697e-08, 2.32936603339e-08, 1.44136524938e-08, 7.11732139891e-09, 7.88248399886e-09, 1.37202276207e-08, 8.35687519185e-09, 1.83347181881e-09, 1.86321028051e-10],
        "dvar2": [3.13467097612e-07, 9.99816402327e-05, 1.27098101075e-05, 4.58895920019e-06, 1.28084975586e-05, 5.42064481124e-06, 1.35912559927e-05, 1.86861707334e-05, 1.70970440649e-06, 9.57579800343e-07, 4.1999470568e-07, 9.23211359805e-07, 9.9326803138e-07, 1.23541701669e-06, 5.16188663369e-07, 5.98158692355e-07, 2.39636051447e-07, 3.52222343736e-07, 1.55555554215e-07, 6.00343739166e-08, 3.63147201199e-08, 1.4500978196e-08, 2.04085193189e-08, 3.05788354638e-08, 1.93624511979e-08, 4.11267109257e-09, 4.57535509479e-10],
        "max": [0.00446026027203, 0.0824685245752, 0.0307711809874, 0.0144775025547, 0.0393523946404, 0.0230406671762, 0.0452324822545, 0.0457712672651, 0.0216906946152, 0.0153069775552, 0.0119224898517, 0.0109379263595, 0.0141577469185, 0.0135352481157, 0.00730842212215, 0.0174123644829, 0.00558695616201, 0.00557780824602, 0.00469136657193, 0.00264523457736, 0.00133219431154, 0.00102811306715, 0.0011072838679, 0.00206967373379, 0.00122599070892, 0.000565750582609, 0.000165466495673],
        "mean": [0.000181659401278, 0.00552565744147, 0.00183236668818, 0.000765686680097, 0.00191803800408, 0.00119975663256, 0.00218256399967, 0.00168840354308, 0.0012062699534, 0.00060326710809, 0.000513156002853, 0.000405784230679, 0.000572050455958, 0.000378359924071, 0.000331255316269, 0.000298949686112, 0.000340040278388, 0.000326886074618, 0.000241211950197, 0.000102069621789, 7.18109367881e-05, 5.56439736101e-05, 6.60419173073e-05, 0.000112070541945, 8.08758486528e-05, 3.06812653434e-05, 3.85648354495e-06],
        "median": [4.66429517232e-09, 7.88222109804e-07, 6.9397617608e-07, 1.00762117654e-05, 8.35786704556e-05, 0.000341909035342, 0.000304122571833, 3.68433429685e-05, 0.00013667132589, 0.000103879421658, 5.96109020989e-05, 5.32807061973e-05, 6.79997028783e-05, 3.84528575523e-05, 3.74477203877e-05, 2.86483555101e-05, 2.22197559197e-05, 1.13363876153e-05, 8.73161206982e-06, 3.70554425899e-06, 2.63190918304e-06, 2.16819012167e-06, 1.80159054253e-06, 2.10157372749e-06, 1.86439558547e-06, 9.96639528239e-07, 8.15282355515e-11],
        "min": [3.79792318099e-23, 1.6127644318e-23, 4.00396765409e-23, 1.08633183288e-23, 6.31301527295e-23, 6.71583983668e-23, 5.71264163697e-23, 6.08606125269e-23, 6.67792970593e-23, 7.90416034055e-23, 6.28437141793e-23, 1.0932521625e-22, 8.05598198602e-23, 1.29868328047e-22, 8.54494006318e-23, 8.81283407115e-23, 2.05939447315e-22, 2.45551422406e-22, 2.91847409636e-22, 3.36137493978e-22, 4.88651443772e-22, 4.25155890671e-22, 8.13009792931e-22, 8.29121942443e-22, 1.07870420426e-21, 1.74327506302e-21, 2.5423367854e-21],
        "stdev": [0.000580837484449, 0.00859895907342, 0.00314307073131, 0.00152591150254, 0.00333305937238, 0.00185774790589, 0.004304359667, 0.0046105151996, 0.00243904814124, 0.00145310803782, 0.0014733353164, 0.00094494165387, 0.00157138064969, 0.0010030841222, 0.00065939797787, 0.000880520092323, 0.000678144802805, 0.00066690397216, 0.000458957103547, 0.000198894398636, 0.000156903770403, 0.000135344293085, 0.00014483409177, 0.000225029536523, 0.000164490644238, 6.21584113105e-05, 1.32638569994e-05],
        "var": [3.3737219951e-07, 7.39420938771e-05, 9.87889325188e-06, 2.32840579883e-06, 1.11092849693e-05, 3.45122748513e-06, 1.85275130207e-05, 2.1256848413e-05, 5.94895527684e-06, 2.1115229174e-06, 2.17071692532e-06, 8.9291478389e-07, 2.46923718805e-06, 1.00617785392e-06, 4.3480568479e-07, 7.75315584178e-07, 4.59880396875e-07, 4.44760871687e-07, 2.1064161615e-07, 3.95589800917e-08, 2.46187941144e-08, 1.83180777213e-08, 2.09769126513e-08, 5.0638291782e-08, 2.70571725025e-08, 3.86366805216e-09, 1.75929895652e-10]
    },
    "erbbands": {
        "dmean": [0.0666106194258, 0.476725488901, 0.868592262268, 1.31388401985, 1.64886248112, 4.15053319931, 6.25115966797, 4.04755973816, 12.1320791245, 16.7335987091, 17.6288738251, 11.5763158798, 9.11394405365, 7.15265417099, 8.56105995178, 8.05879306793, 12.1229686737, 9.17088222504, 13.678563118, 6.72435331345, 10.2430295944, 7.69123411179, 8.36803531647, 5.59781503677, 4.90728616714, 2.3617811203, 1.94301128387, 1.29642295837, 1.08102428913, 0.92559492588, 1.04395282269, 1.08560121059, 0.822349727154, 0.480544179678, 0.254047065973, 0.0951576456428, 0.0254999250174, 0.00888316053897, 0.000423833407694, 1.06629249785e-05],
        "dmean2": [0.110653869808, 0.817409217358, 1.42854523659, 2.13306450844, 2.53210449219, 6.93855762482, 10.5253353119, 6.50901508331, 19.7829723358, 23.6447105408, 26.3462429047, 15.7448377609, 12.911195755, 10.3027219772, 13.135933876, 12.8836698532, 18.4989719391, 13.718624115, 20.9521770477, 9.95992279053, 16.1825847626, 12.0222816467, 13.6183719635, 8.5725479126, 7.3901386261, 3.78115057945, 3.18629193306, 2.0400724411, 1.57259905338, 1.36134254932, 1.62331688404, 1.620049119, 1.24351346493, 0.725280582905, 0.388481587172, 0.141695663333, 0.0370859503746, 0.0136017017066, 0.000676523661241, 1.60952822625e-05],
        "dvar": [0.0393493175507, 2.44153904915, 5.61070871353, 13.2425203323, 18.9941864014, 104.163383484, 219.306671143, 80.9851608276, 1072.81567383, 2340.62084961, 3069.45556641, 603.378479004, 498.158294678, 189.876785278, 333.305297852, 399.565582275, 998.860656738, 836.152770996, 1283.11694336, 269.94241333, 1269.13525391, 316.600158691, 389.232055664, 196.378707886, 145.928787231, 32.7429046631, 33.8690872192, 15.1253404617, 9.34082126617, 5.90058660507, 6.37796211243, 6.42865180969, 3.89986371994, 1.33450675011, 0.478834986687, 0.0668979212642, 0.0039676274173, 0.000623073719908, 1.96935411623e-06, 5.74085945448e-10],
        "dvar2": [0.0968981161714, 6.78705263138, 14.901216507, 37.8971443176, 40.937122345, 263.027832031, 595.856872559, 222.770217896, 2803.97045898, 5071.80224609, 6718.15820312, 1067.98901367, 1033.24182129, 355.050506592, 721.382995605, 989.243713379, 2270.62280273, 1863.66748047, 2884.20336914, 532.822143555, 2355.47241211, 729.152709961, 972.37286377, 412.884490967, 331.311187744, 81.0424957275, 91.3618774414, 34.2379608154, 18.1916503906, 13.6598882675, 15.9148321152, 15.0941734314, 8.62975025177, 3.01173233986, 1.14443778992, 0.158775627613, 0.00851124059409, 0.00141126662493, 4.84916972709e-06, 1.29722166342e-09],
        "max": [2.72777199745, 20.8893680573, 33.8288383484, 50.4148330688, 62.209236145, 186.375320435, 221.912780762, 114.241394043, 592.154724121, 864.863342285, 819.540100098, 634.712219238, 379.443878174, 222.497787476, 358.621704102, 406.507110596, 707.833679199, 514.547119141, 460.604309082, 351.103179932, 1158.05529785, 291.968841553, 277.176574707, 304.336700439, 211.582473755, 61.6041564941, 67.4576568604, 44.6854019165, 38.8534011841, 25.7523365021, 32.78673172, 41.5264396667, 40.1901855469, 16.7490978241, 8.78724956512, 3.95500636101, 0.690143465996, 0.283899098635, 0.0173235461116, 0.00029633459053],
        "mean": [0.157473951578, 1.23055922985, 2.23057365417, 2.537099123, 2.85152006149, 7.26596403122, 11.8555622101, 9.44470119476, 23.6606750488, 37.4910469055, 35.8653106689, 28.0330028534, 20.3739261627, 17.1463127136, 22.032579422, 15.5520391464, 27.9638748169, 16.1960544586, 23.1237392426, 13.6600294113, 20.6462173462, 19.0784168243, 18.2456207275, 13.3681879044, 10.9813928604, 4.83762216568, 3.42415976524, 2.36117553711, 2.00793457031, 1.75618600845, 1.9437943697, 2.2351398468, 1.86246919632, 1.07123672962, 0.490619242191, 0.178373128176, 0.0454454384744, 0.0105908904225, 0.000429787440225, 3.44341133314e-05],
        "median": [1.00504357761e-05, 0.000231064346735, 0.00126862886827, 0.0219656229019, 0.0854640305042, 0.498131424189, 2.76595306396, 2.95351052284, 4.07367324829, 3.61034703255, 1.42803609371, 3.61221504211, 1.68345212936, 4.14159679413, 3.23267436028, 2.66901683807, 3.62419915199, 1.8544023037, 2.4197063446, 1.77517640591, 1.65925121307, 1.17885184288, 0.74594861269, 0.518738090992, 0.363736510277, 0.191411927342, 0.126933082938, 0.0806763470173, 0.0710761845112, 0.0609861090779, 0.0539973117411, 0.046690557152, 0.0345065072179, 0.0226097889245, 0.0118932733312, 0.00540600344539, 0.00176446326077, 0.00012090101518, 3.85877274311e-06, 3.26156714436e-06],
        "min": [5.09788725603e-22, 4.53544058825e-21, 3.17425648682e-20, 5.21791217265e-20, 5.79393554807e-20, 2.9798935998e-19, 4.67118301088e-19, 5.29492423864e-19, 3.96409713255e-19, 1.45437087328e-18, 1.48260347816e-18, 1.30839675962e-18, 3.5666973358e-18, 1.44191198229e-18, 2.4050404523e-18, 5.48695535522e-18, 3.55969401114e-18, 6.80358576726e-18, 6.25309417447e-18, 3.4080875213e-18, 6.80121258608e-18, 1.07098672143e-17, 1.51564833034e-17, 1.45398151936e-17, 1.52573894119e-17, 1.40859445002e-17, 1.83264726756e-17, 1.94276684466e-17, 1.66165629636e-17, 1.56146685708e-17, 2.31131468504e-17, 1.6489514639e-17, 1.66330999584e-17, 1.25548960521e-17, 7.13137635091e-18, 4.91470725796e-18, 3.38721010302e-18, 1.40118636521e-18, 3.98847647165e-19, 3.63431915701e-20],
        "stdev": [0.28309032321, 1.97341346741, 3.5050971508, 4.35835409164, 6.0245642662, 13.2023515701, 19.4497871399, 13.5837173462, 49.4545211792, 82.8844909668, 89.4452514648, 55.8664894104, 43.4344978333, 30.8991718292, 48.5665779114, 30.3157234192, 76.8709182739, 38.7436332703, 48.747127533, 30.0810527802, 57.8857040405, 37.2348937988, 35.0302734375, 25.427274704, 20.170791626, 8.70333862305, 7.07257032394, 5.61447715759, 4.99039793015, 3.9434633255, 4.18858098984, 4.5805015564, 3.75823068619, 2.21029543877, 1.04858970642, 0.365604549646, 0.0935195684433, 0.028242841363, 0.00137534632813, 4.53496941191e-05],
        "var": [0.0801401361823, 3.8943605423, 12.2857065201, 18.9952487946, 36.2953720093, 174.302078247, 378.294189453, 184.517364502, 2445.74951172, 6869.83837891, 8000.45263672, 3121.06469727, 1886.55566406, 954.758789062, 2358.71240234, 919.04309082, 5909.13818359, 1501.06921387, 2376.2824707, 904.869750977, 3350.75488281, 1386.43737793, 1227.12011719, 646.546325684, 406.860839844, 75.7481079102, 50.0212478638, 31.5223560333, 24.9040699005, 15.5509023666, 17.5442123413, 20.9809951782, 14.124297142, 4.88540554047, 1.09954035282, 0.133666679263, 0.00874590966851, 0.000797658110969, 1.89157753994e-06, 2.05659489438e-09]
    },
    "gfcc": {
        "mean": [-253.925735474, 85.2215270996, -127.789863586, -14.0377588272, -57.3941116333, 0.904454469681, -48.1419677734, 8.20139217377, -20.823381424, 3.82405853271, -6.12766456604, 4.5542345047, -6.69432020187],
        "cov": [[126406.875, 17376.2128906, 2123.72314453, 6127.59960938, 738.721252441, 1845.21569824, -559.446777344, 2726.63183594, -442.818939209, -365.227752686, -24.1434345245, -1461.00073242, -831.730834961], [17376.2128906, 10871.8222656, -1700.86804199, -3524.99682617, 680.294433594, -1379.93591309, -587.096984863, -1279.0637207, 341.624298096, -926.981811523, 789.850158691, -490.896820068, 528.363891602], [2123.72314453, -1700.86804199, 1220.86364746, 1288.79138184, 57.5299491882, 666.991699219, 78.0555114746, 570.038146973, -33.668182373, 269.104431152, -171.198059082, 95.9388885498, -192.438049316], [6127.59960938, -3524.99682617, 1288.79138184, 2936.68603516, -118.311637878, 1018.0447998, 355.093231201, 1091.87683105, -171.417053223, 437.59185791, -398.133422852, 55.7588539124, -360.170410156], [738.721252441, 680.294433594, 57.5299491882, -118.311637878, 278.029876709, -0.165952712297, 21.0773830414, -4.87473344803, 75.3754577637, -45.1198768616, 72.4297866821, -35.1926956177, 29.9306316376], [1845.21569824, -1379.93591309, 666.991699219, 1018.0447998, -0.165952712297, 556.863464355, 138.509170532, 424.32019043, -60.1104812622, 195.849258423, -126.168441772, 53.9300308228, -153.331939697], [-559.446777344, -587.096984863, 78.0555114746, 355.093231201, 21.0773830414, 138.509170532, 273.763031006, 169.963302612, 1.22903501987, 53.1210136414, -20.1574802399, -4.83282423019, -35.9225387573], [2726.63183594, -1279.0637207, 570.038146973, 1091.87683105, -4.87473344803, 424.32019043, 169.963302612, 574.447753906, -28.6790046692, 175.843902588, -130.6693573, 8.20374584198, -144.630249023], [-442.818939209, 341.624298096, -33.668182373, -171.417053223, 75.3754577637, -60.1104812622, 1.22903501987, -28.6790046692, 131.773971558, -11.7512922287, 43.9107704163, -10.6333503723, 30.6121559143], [-365.227752686, -926.981811523, 269.104431152, 437.59185791, -45.1198768616, 195.849258423, 53.1210136414, 175.843902588, -11.7512922287, 156.352279663, -58.5078773499, 41.5025062561, -63.5085678101], [-24.1434345245, 789.850158691, -171.198059082, -398.133422852, 72.4297866821, -126.168441772, -20.1574802399, -130.6693573, 43.9107704163, -58.5078773499, 139.293899536, -10.9191179276, 57.9060974121], [-1461.00073242, -490.896820068, 95.9388885498, 55.7588539124, -35.1926956177, 53.9300308228, -4.83282423019, 8.20374584198, -10.6333503723, 41.5025062561, -10.9191179276, 92.110244751, 7.13772344589], [-831.730834961, 528.363891602, -192.438049316, -360.170410156, 29.9306316376, -153.331939697, -35.9225387573, -144.630249023, 30.6121559143, -63.5085678101, 57.9060974121, 7.13772344589, 110.560455322]],
        "icov": [[0.00012452439114, -0.000600461731665, 0.000213561885175, -0.000518198357895, 0.00029955941136, -0.000206761615118, 0.000233534927247, -0.000510649406351, 0.000498045643326, -0.000653469702229, 0.000660220335703, -0.000464615470264, 0.000700917618815], [-0.000600461731665, 0.00337889790535, -0.00118854863103, 0.00247091101483, -0.00154068181291, 0.000789870333392, -0.000478793372167, 0.00259976601228, -0.00269584474154, 0.00471296487376, -0.00487128878012, 0.00423069437966, -0.00419438164681], [0.000213561885175, -0.00118854863103, 0.00380130996928, -0.000910053146072, -0.000873602868523, -0.00292314309627, 0.00173036125489, -0.00203443225473, 0.000410480657592, -0.00263744173571, 0.00255190604366, -0.00334346434101, 0.00227239867672], [-0.000518198357895, 0.00247091101483, -0.000910053146072, 0.00424003181979, -0.0013533057645, -0.000140421485412, -0.00146736647002, 4.90153579449e-05, -0.00108932261355, 0.00156018591952, -0.000539220927749, 0.00210557715036, -0.00237479130737], [0.00029955941136, -0.00154068181291, -0.000873602868523, -0.0013533057645, 0.00710673164576, -0.0013890073169, -0.000222605856834, -0.000851571443491, -0.00133786443621, 0.000865881738719, -0.00105710118078, 0.00119277532212, -4.92648950967e-06], [-0.000206761615118, 0.000789870333392, -0.00292314309627, -0.000140421485412, -0.0013890073169, 0.0097801592201, -0.0021949687507, 9.38559896895e-05, 0.00125688326079, -0.00140486785676, -0.00113133643754, -0.00183407007717, 0.00202972162515], [0.000233534927247, -0.000478793372167, 0.00173036125489, -0.00146736647002, -0.000222605856834, -0.0021949687507, 0.00672001810744, -0.00206249742769, -3.42780658684e-05, 0.000406496517826, -0.0017781824572, 0.00158857717179, -0.000150150241097], [-0.000510649406351, 0.00259976601228, -0.00203443225473, 4.90153579449e-05, -0.000851571443491, 9.38559896895e-05, -0.00206249742769, 0.00963280629367, -0.00365074095316, 0.00298154656775, -0.00399440480396, 0.00447939289734, -0.00282895821147], [0.000498045643326, -0.00269584474154, 0.000410480657592, -0.00108932261355, -0.00133786443621, 0.00125688326079, -3.42780658684e-05, -0.00365074095316, 0.0131387347355, -0.00661416072398, 0.00314577133395, -0.0024592068512, 0.0021882574074], [-0.000653469702229, 0.00471296487376, -0.00263744173571, 0.00156018591952, 0.000865881738719, -0.00140486785676, 0.000406496517826, 0.00298154656775, -0.00661416072398, 0.0241029188037, -0.0100157307461, 0.00500184344128, -0.00449799513444], [0.000660220335703, -0.00487128878012, 0.00255190604366, -0.000539220927749, -0.00105710118078, -0.00113133643754, -0.0017781824572, -0.00399440480396, 0.00314577133395, -0.0100157307461, 0.0238013174385, -0.0100209889933, 0.00540242204443], [-0.000464615470264, 0.00423069437966, -0.00334346434101, 0.00210557715036, 0.00119277532212, -0.00183407007717, 0.00158857717179, 0.00447939289734, -0.0024592068512, 0.00500184344128, -0.0100209889933, 0.0266669765115, -0.0120834214613], [0.000700917618815, -0.00419438164681, 0.00227239867672, -0.00237479130737, -4.92648950967e-06, 0.00202972162515, -0.000150150241097, -0.00282895821147, 0.0021882574074, -0.00449799513444, 0.00540242204443, -0.0120834214613, 0.0244091749191]]
    },
    "melbands": {
        "dmean": [0.000555680249818, 0.000452144740848, 0.000219596287934, 0.000196939377929, 0.00020906527061, 9.52788977884e-05, 0.000186960052815, 0.000195203756448, 0.000132429835503, 6.85780541971e-05, 4.7855421144e-05, 3.28110654664e-05, 3.11294425046e-05, 2.87653601845e-05, 2.73005243798e-05, 2.26918145927e-05, 1.83187894436e-05, 2.55610884778e-05, 1.03575230241e-05, 7.96015137894e-06, 1.34384399644e-05, 9.18591922527e-06, 9.47632634052e-06, 7.4485328696e-06, 4.87622673973e-06, 4.40854137196e-06, 2.85373334918e-06, 1.44955652104e-06, 1.45995204548e-06, 9.20533807403e-07, 7.57477550906e-07, 6.20666412487e-07, 6.21179822247e-07, 5.11901475875e-07, 6.09020617048e-07, 7.12444091278e-07, 7.28470922695e-07, 7.04691956344e-07, 4.54062586641e-07, 4.22345550533e-07],
        "dmean2": [0.000951313588303, 0.000734977656975, 0.000354902964318, 0.000313821510645, 0.000350094109308, 0.000152907610754, 0.000296591228107, 0.00026788021205, 0.000193661995581, 9.43222039496e-05, 6.73097820254e-05, 4.68346370326e-05, 4.64286240458e-05, 4.52979147667e-05, 4.32415363321e-05, 3.42433922924e-05, 2.80976164504e-05, 3.85499552067e-05, 1.60266772582e-05, 1.23535428429e-05, 2.11092738027e-05, 1.45764406625e-05, 1.49083507495e-05, 1.19294691103e-05, 7.5814759839e-06, 6.64231947667e-06, 4.59708826384e-06, 2.30498540077e-06, 2.47340290116e-06, 1.50664300236e-06, 1.19368621654e-06, 9.34564866384e-07, 9.5007925438e-07, 7.83311747909e-07, 9.74394765763e-07, 1.12797374641e-06, 1.08597544113e-06, 1.07283472062e-06, 7.13179758804e-07, 6.4452785864e-07],
        "dvar": [2.66432948592e-06, 1.66946506397e-06, 3.46137198903e-07, 2.56137525412e-07, 2.33171988384e-07, 4.48925980834e-08, 2.47913845897e-07, 3.04401311269e-07, 1.47210926116e-07, 2.04149426253e-08, 1.35917828104e-08, 4.48490755645e-09, 4.82255213541e-09, 4.96540275563e-09, 5.91258775273e-09, 2.85283663359e-09, 3.81060338839e-09, 4.87701168339e-09, 6.57769283485e-10, 3.99280192243e-10, 2.75054690135e-09, 5.01094721272e-10, 4.60905147381e-10, 3.9192449286e-10, 1.45195397372e-10, 1.12760044357e-10, 7.96296223404e-11, 1.26002984088e-11, 2.10683068214e-11, 7.10830829961e-12, 4.880512227e-12, 3.05477279756e-12, 3.19898946742e-12, 1.70309025129e-12, 2.19726840889e-12, 3.1044884545e-12, 3.08951974247e-12, 3.09331336587e-12, 1.35830311842e-12, 1.0895692985e-12],
        "dvar2": [6.90008300808e-06, 4.37493554273e-06, 9.62220383371e-07, 5.78459378175e-07, 6.32938849776e-07, 1.23200635471e-07, 6.27201416137e-07, 6.68266750381e-07, 3.19547439176e-07, 3.68459431854e-08, 2.73895501834e-08, 8.05293076667e-09, 9.92606885575e-09, 1.16617053791e-08, 1.46342689078e-08, 6.33744301481e-09, 8.58150617233e-09, 1.05545074902e-08, 1.46730028128e-09, 8.09546540914e-10, 4.96518470783e-09, 1.19420684452e-09, 1.16407294914e-09, 8.82551698389e-10, 3.1801669631e-10, 2.51133530638e-10, 2.00933741867e-10, 3.00149939625e-11, 5.85905282624e-11, 1.74953593279e-11, 1.12699190258e-11, 6.12030131436e-12, 6.89488093356e-12, 4.17153204341e-12, 5.72074202246e-12, 7.88905919757e-12, 7.4265316119e-12, 7.37014529267e-12, 3.18420008243e-12, 2.45359418546e-12],
        "max": [0.0194707363844, 0.0162164513022, 0.00786918401718, 0.00848614703864, 0.00691090524197, 0.00299328728579, 0.00951454602182, 0.00938246864825, 0.00595373893157, 0.00346847111359, 0.00209322967567, 0.00110903324094, 0.00174340221565, 0.00152924610302, 0.0013562325621, 0.000888865557499, 0.00117713760119, 0.000964063045103, 0.000345961714629, 0.000533906917553, 0.00173667049967, 0.000380538025638, 0.000384292332456, 0.000423030549427, 0.00025046832161, 0.00018089421792, 0.000167420977959, 4.31906373706e-05, 5.70034462726e-05, 3.02598527924e-05, 2.42417081608e-05, 2.48286087299e-05, 1.99882215384e-05, 1.52584143507e-05, 2.08702258533e-05, 2.01730181288e-05, 3.14982571581e-05, 3.4409455111e-05, 1.70063613041e-05, 1.54991157615e-05],
        "mean": [0.00149952399079, 0.00131348811556, 0.000437966402387, 0.000354976393282, 0.000423262361437, 0.000214214873267, 0.000380957702873, 0.00042180440505, 0.00027551909443, 0.00016115528706, 0.000102719532151, 7.3678966146e-05, 8.3608298155e-05, 4.56219495391e-05, 5.73654760956e-05, 4.70575323561e-05, 2.86002068606e-05, 4.09908097936e-05, 1.88695539691e-05, 1.60520612553e-05, 2.58276977547e-05, 2.00775575649e-05, 1.83207994269e-05, 1.45391313708e-05, 1.032502405e-05, 9.35059961193e-06, 5.44211252418e-06, 2.62666708295e-06, 2.29703755394e-06, 1.56891121605e-06, 1.288009571e-06, 1.11425890736e-06, 1.05236927084e-06, 9.49422940266e-07, 1.05393633021e-06, 1.25867586576e-06, 1.44965747495e-06, 1.45052433709e-06, 9.88580268313e-07, 8.75172474935e-07],
        "median": [1.55103094812e-07, 7.19081299394e-07, 6.09141125096e-06, 1.63633467309e-05, 9.38392331591e-05, 6.47675915388e-05, 5.97032230871e-05, 3.14425960823e-05, 1.61718344316e-05, 1.94815620489e-05, 8.50639480632e-06, 1.65414949151e-05, 1.12633497338e-05, 5.11108328283e-06, 8.84407927515e-06, 5.72538465349e-06, 3.11820394927e-06, 3.927027592e-06, 2.35356105804e-06, 2.16320813706e-06, 1.8043832597e-06, 1.25144060803e-06, 8.63195623424e-07, 5.55262033686e-07, 4.11968017033e-07, 3.06771653413e-07, 1.8961867454e-07, 1.14745489554e-07, 8.01713468945e-08, 5.93821631867e-08, 4.07273823555e-08, 3.83373155444e-08, 3.93260037868e-08, 3.01612566034e-08, 2.87931172238e-08, 3.0338064505e-08, 2.75115201731e-08, 2.16937614539e-08, 2.2475267869e-08, 1.64063109764e-08],
        "min": [6.4999428853e-24, 1.29984950088e-23, 9.0986838155e-24, 1.08639131299e-23, 1.74418550317e-23, 1.19816635572e-23, 7.19716142473e-24, 1.52534554841e-23, 1.16383844234e-23, 8.75281800679e-24, 1.74424419442e-23, 4.93139513276e-24, 8.35272905491e-24, 1.15794596692e-23, 1.01611240492e-23, 7.83171877031e-24, 1.36616288407e-23, 1.06480799974e-23, 4.95439871118e-24, 5.2140297956e-24, 8.80794281799e-24, 1.06010402216e-23, 1.17079382894e-23, 1.33918321002e-23, 1.17610783266e-23, 1.03291443223e-23, 1.16017276348e-23, 8.95286524375e-24, 1.01407304171e-23, 1.40324471087e-23, 1.0068817857e-23, 1.01117421454e-23, 6.98339589663e-24, 9.83818963818e-24, 1.42107391396e-23, 1.16736086405e-23, 9.50661010047e-24, 1.05676169739e-23, 1.23407972175e-23, 1.06464178675e-23],
        "stdev": [0.00238070776686, 0.00193578831386, 0.000722752360161, 0.000680927012581, 0.000668099208269, 0.000311808107654, 0.000780312984716, 0.000922283332329, 0.000640232290607, 0.00032102203113, 0.000229182463954, 0.000140801712405, 0.000218279645196, 0.000114675116492, 0.00015360150428, 0.000112514317152, 7.65995646361e-05, 9.39646924962e-05, 3.86193314625e-05, 3.73925540771e-05, 8.16578758531e-05, 4.24509344157e-05, 3.65006526408e-05, 3.11119256367e-05, 2.04783445952e-05, 1.79632206709e-05, 1.10732553367e-05, 5.17593025506e-06, 5.03411456521e-06, 3.64106131201e-06, 3.13011992148e-06, 2.77543222182e-06, 2.67478912974e-06, 2.09411973628e-06, 2.27038299272e-06, 2.83638541987e-06, 3.02463354274e-06, 3.10839504891e-06, 2.02229671231e-06, 1.90640093933e-06],
        "var": [5.66776998312e-06, 3.74727619601e-06, 5.22371010447e-07, 4.63661564254e-07, 4.4635655172e-07, 9.72242943931e-08, 6.08888342413e-07, 8.50606511449e-07, 4.09897353393e-07, 1.0305513598e-07, 5.25246051097e-08, 1.98251228767e-08, 4.76460044752e-08, 1.31503821166e-08, 2.35934223269e-08, 1.26594716932e-08, 5.8674936021e-09, 8.82936301849e-09, 1.49145273909e-09, 1.39820321987e-09, 6.66800925586e-09, 1.80208192813e-09, 1.33229760557e-09, 9.679518298e-10, 4.19362600201e-10, 3.22677329301e-10, 1.22616986009e-10, 2.67902523082e-11, 2.53423115826e-11, 1.32573275274e-11, 9.79765140546e-12, 7.70302398256e-12, 7.15449748057e-12, 4.3853371455e-12, 5.15463886852e-12, 8.04508282909e-12, 9.14840859317e-12, 9.66211919501e-12, 4.08968432036e-12, 3.63436451073e-12]
    },
    "melbands128": {
