{
"lowlevel": {
    "average_loudness": 0.965800046921,
    "barkbands_crest": {
        "dmean": 3.32640004158,
        "dmean2": 5.18115854263,
        "dvar": 11.1661758423,
        "dvar2": 25.8458385468,
        "max": 26.7961730957,
        "mean": 11.9248123169,
        "median": 10.9132471085,
        "min": 2.26996779442,
        "stdev": 4.95493936539,
        "var": 24.5514240265
    },
    "barkbands_flatness_db": {
        "dmean": 0.0376989506185,
        "dmean2": 0.0568187125027,
        "dvar": 0.00152089318726,
        "dvar2": 0.00361480866559,
        "max": 0.534170269966,
        "mean": 0.141523599625,
        "median": 0.13003988564,
        "min": 0.0130597017705,
        "stdev": 0.0608071535826,
        "var": 0.00369751011021
    },
    "barkbands_kurtosis": {
        "dmean": 10.9012565613,
        "dmean2": 19.2603111267,
        "dvar": 17900.4648438,
        "dvar2": 52710.3515625,
        "max": 3471.88085938,
        "mean": 9.24568271637,
        "median": 2.50967693329,
        "min": -1.89570212364,
        "stdev": 97.5947265625,
        "var": 9524.73046875
    },
    "barkbands_skewness": {
        "dmean": 0.875100076199,
        "dmean2": 1.34262990952,
        "dvar": 3.51775574684,
        "dvar2": 8.91786956787,
        "max": 49.1770019531,
        "mean": 2.01026391983,
        "median": 1.66734457016,
        "min": -3.88038921356,
        "stdev": 1.9469448328,
        "var": 3.79059410095
    },
    "barkbands_spread": {
        "dmean": 9.45250701904,
        "dmean2": 15.1798315048,
        "dvar": 117.235115051,
        "dvar2": 295.219299316,
        "max": 98.1169891357,
        "mean": 24.28266716,
        "median": 23.1683425903,
        "min": 0.0541528947651,
        "stdev": 13.66888237,
        "var": 186.83833313
    },
    "dissonance": {
        "dmean": 0.0248209275305,
        "dmean2": 0.0404421538115,
        "dvar": 0.000503916526213,
        "dvar2": 0.00123461440671,
        "max": 0.49999704957,
        "mean": 0.44902536273,
        "median": 0.455826461315,
        "min": 0.28042024374,
        "stdev": 0.0339248180389,
        "var": 0.00115089328028
    },
    "dynamic_complexity": 2.2159986496,
    "erbbands_crest": {
        "dmean": 3.14371156693,
        "dmean2": 4.96868848801,
        "dvar": 8.83724021912,
        "dvar2": 19.8074035645,
        "max": 31.1562404633,
        "mean": 10.1906709671,
        "median": 9.28442382812,
        "min": 2.50332975388,
        "stdev": 4.79958343506,
        "var": 23.0360012054
    },
    "erbbands_flatness_db": {
        "dmean": 0.0259306430817,
        "dmean2": 0.0380942411721,
        "dvar": 0.00069987855386,
        "dvar2": 0.00149930245243,
        "max": 0.357480496168,
        "mean": 0.138694450259,
        "median": 0.127358153462,
        "min": 0.0516352616251,
        "stdev": 0.0485248826444,
        "var": 0.00235466426238
    },
    "erbbands_kurtosis": {
        "dmean": 1.29381740093,
        "dmean2": 2.02789402008,
        "dvar": 5.32660770416,
        "dvar2": 13.502404213,
        "max": 37.0268173218,
        "mean": 0.873303115368,
        "median": 0.288011550903,
        "min": -1.82368564606,
        "stdev": 2.71718144417,
        "var": 7.38307523727
    },
    "erbbands_skewness": {
        "dmean": 0.477165609598,
        "dmean2": 0.727420628071,
        "dvar": 0.296368330717,
        "dvar2": 0.76734995842,
        "max": 5.71954679489,
        "mean": 0.592057049274,
        "median": 0.511364877224,
        "min": -3.06226706505,
        "stdev": 0.753587961197,
        "var": 0.567894816399
    },
    "erbbands_spread": {
        "dmean": 13.398768425,
        "dmean2": 19.8682079315,
        "dvar": 245.229507446,
        "dvar2": 594.840332031,
        "max": 193.853805542,
        "mean": 43.7803611755,
        "median": 39.0080375671,
        "min": 4.98415899277,
        "stdev": 22.1662483215,
        "var": 491.342559814
    },
    "hfc": {
        "dmean": 12.3104715347,
        "dmean2": 17.9272880554,
        "dvar": 216.671554565,
        "dvar2": 491.425933838,
        "max": 132.115600586,
        "mean": 31.3271274567,
        "median": 27.2986927032,
        "min": 0.000283321627649,
        "stdev": 21.6023616791,
        "var": 466.662017822
    },
    "loudness_ebu128": {
        "integrated": -10.4643583298,
        "loudness_range": 2.85204792023,
        "momentary": {
            "dmean": 0.476761728525,
            "dmean2": 0.574946224689,
            "dvar": 0.134134158492,
            "dvar2": 0.215169534087,
            "max": -7.99876594543,
            "mean": -10.7185211182,
            "median": -10.5260725021,
            "min": -17.9261302948,
            "stdev": 1.57107067108,
            "var": 2.46826314926
        },
        "short_term": {
            "dmean": 0.0717853680253,
            "dmean2": 0.091591835022,
            "dvar": 0.00309142586775,
            "dvar2": 0.00377933424897,
            "max": -8.9665813446,
            "mean": -10.5147190094,
            "median": -9.99092483521,
            "min": -12.5370368958,
            "stdev": 1.0808852911,
            "var": 1.16831302643
        }
    },
    "melbands_crest": {
        "dmean": 3.56489801407,
        "dmean2": 5.71221780777,
        "dvar": 13.0432624817,
        "dvar2": 32.125869751,
        "max": 32.0235176086,
        "mean": 16.6364879608,
        "median": 16.4811248779,
        "min": 3.28867578506,
        "stdev": 5.26374149323,
        "var": 27.7069740295
    },
    "melbands_flatness_db": {
        "dmean": 0.0432608090341,
        "dmean2": 0.0635746493936,
        "dvar": 0.0021164403297,
        "dvar2": 0.00461777765304,
        "max": 0.659233212471,
        "mean": 0.206329539418,
        "median": 0.195412233472,
        "min": 0.0296326708049,
        "stdev": 0.0742561817169,
        "var": 0.00551398051903
    },
    "melbands_kurtosis": {
        "dmean": 13.46489048,
        "dmean2": 21.3209590912,
        "dvar": 1051.63366699,
        "dvar2": 2830.39550781,
        "max": 611.174743652,
        "mean": 19.6137123108,
        "median": 10.0460472107,
        "min": -1.41226053238,
        "stdev": 32.9042434692,
        "var": 1082.68933105
    },
    "melbands_skewness": {
        "dmean": 1.13415813446,
        "dmean2": 1.73789620399,
        "dvar": 2.14890789986,
        "dvar2": 5.50452709198,
        "max": 21.547624588,
        "mean": 3.20385885239,
        "median": 2.74836492538,
        "min": -2.49873399734,
        "stdev": 1.95404303074,
        "var": 3.81828427315
    },
    "melbands_spread": {
        "dmean": 9.59366703033,
        "dmean2": 15.6703014374,
        "dvar": 202.859863281,
        "dvar2": 523.63861084,
        "max": 157.640960693,
        "mean": 21.3054180145,
        "median": 18.774553299,
        "min": 0.248710364103,
        "stdev": 16.2872257233,
        "var": 265.273742676
    },
    "pitch_salience": {
        "dmean": 0.0923603773117,
        "dmean2": 0.145541936159,
        "dvar": 0.0106182936579,
        "dvar2": 0.0250387806445,
        "max": 0.871770679951,
        "mean": 0.478321999311,
        "median": 0.475822240114,
        "min": 0.0296644680202,
        "stdev": 0.14358112216,
        "var": 0.0206155404449
    },
    "silence_rate_20dB": {
        "dmean": 0,
        "dmean2": 0,
        "dvar": 0,
        "dvar2": 0,
        "max": 1,
        "mean": 1,
        "median": 1,
        "min": 1,
        "stdev": 0,
        "var": 0
    },
    "silence_rate_30dB": {
        "dmean": 0.0665634647012,
        "dmean2": 0.133230060339,
        "dvar": 0.062132678926,
        "dvar2": 0.121676713228,
        "max": 1,
        "mean": 0.916473329067,
        "median": 1,
        "min": 0,
        "stdev": 0.276674419641,
        "var": 0.0765487328172
    },
    "silence_rate_60dB": {
        "dmean": 0.0263157896698,
        "dmean2": 0.0511231608689,
        "dvar": 0.0256231613457,
        "dvar2": 0.0578047782183,
        "max": 1,
        "mean": 0.0286156218499,
        "median": 0,
        "min": 0,
        "stdev": 0.16672334075,
        "var": 0.0277966726571
    },
    "spectral_centroid": {
        "dmean": 376.217987061,
        "dmean2": 594.574768066,
        "dvar": 207302.53125,
        "dvar2": 520812.71875,
        "max": 5632.24902344,
        "mean": 1252.87792969,
        "median": 1185.3536377,
        "min": 85.1993789673,
        "stdev": 586.991760254,
        "var": 344559.34375
    },
    "spectral_complexity": {
        "dmean": 5.33900928497,
        "dmean2": 8.01471710205,
        "dvar": 39.5599899292,
        "dvar2": 86.0981292725,
        "max": 55,
        "mean": 18.1136894226,
        "median": 17,
        "min": 0,
        "stdev": 9.19927215576,
        "var": 84.6266098022
    },
    "spectral_decrease": {
        "dmean": 4.20297441295e-09,
        "dmean2": 5.53688295213e-09,
        "dvar": 3.63120509859e-17,
        "dvar2": 5.90951726242e-17,
        "max": -1.87218011818e-13,
        "mean": -1.12330811319e-08,
        "median": -9.30670651655e-09,
        "min": -5.88663482404e-08,
        "stdev": 9.5810852585e-09,
        "var": 9.17971956587e-17
    },
    "spectral_energy": {
        "dmean": 0.0164292510599,
        "dmean2": 0.0213531702757,
        "dvar": 0.000518063898198,
        "dvar2": 0.00083572830772,
        "max": 0.227076083422,
        "mean": 0.0452377386391,
        "median": 0.0381051190197,
        "min": 7.32303533368e-07,
        "stdev": 0.0368747860193,
        "var": 0.00135974981822
    },
    "spectral_energyband_high": {
        "dmean": 0.000982293277048,
        "dmean2": 0.00149124197196,
        "dvar": 1.72118416231e-06,
        "dvar2": 3.93912705476e-06,
        "max": 0.0107196681201,
        "mean": 0.00159956945572,
        "median": 0.00103468354791,
        "min": 1.09661124625e-08,
        "stdev": 0.00168234331068,
        "var": 2.83027907244e-06
    },
    "spectral_energyband_low": {
        "dmean": 0.0117488401011,
        "dmean2": 0.0162073876709,
        "dvar": 0.000622053106781,
        "dvar2": 0.00113873917144,
        "max": 0.206125512719,
        "mean": 0.0232491139323,
        "median": 0.0178017150611,
        "min": 7.16962378355e-10,
        "stdev": 0.0334624238312,
        "var": 0.00111973390449
    },
    "spectral_energyband_middle_high": {
        "dmean": 0.00277461134829,
        "dmean2": 0.00404692674056,
        "dvar": 1.04295331766e-05,
        "dvar2": 2.28755543503e-05,
        "max": 0.0489260368049,
        "mean": 0.007040258497,
        "median": 0.00521890772507,
        "min": 5.05135950846e-08,
        "stdev": 0.00607759645209,
        "var": 3.69371809938e-05
    },
    "spectral_energyband_middle_low": {
        "dmean": 0.00791475176811,
        "dmean2": 0.0132598495111,
        "dvar": 0.000153081142344,
        "dvar2": 0.000407932297094,
        "max": 0.0918204784393,
        "mean": 0.0147940469906,
        "median": 0.0118447635323,
        "min": 1.91690475049e-07,
        "stdev": 0.0128027061,
        "var": 0.000163909295225
    },
    "spectral_entropy": {
        "dmean": 0.291743785143,
        "dmean2": 0.445058465004,
        "dvar": 0.102867506444,
        "dvar2": 0.233090877533,
        "max": 8.69960212708,
        "mean": 7.63387441635,
        "median": 7.67678356171,
        "min": 5.32895040512,
        "stdev": 0.472737461329,
        "var": 0.223480716348
    },
    "spectral_flux": {
        "dmean": 0.0487230829895,
        "dmean2": 0.0698421746492,
        "dvar": 0.00251572579145,
        "dvar2": 0.00464100204408,
        "max": 0.432677775621,
        "mean": 0.113831371069,
        "median": 0.093830473721,
        "min": 0.0008557473775,
        "stdev": 0.0754195153713,
        "var": 0.00568810291588
    },
    "spectral_kurtosis": {
        "dmean": 1.49593687057,
        "dmean2": 2.27796411514,
        "dvar": 3.28097486496,
        "dvar2": 7.85793638229,
        "max": 20.3675880432,
        "mean": 3.71281123161,
        "median": 3.19914722443,
        "min": -0.82460641861,
        "stdev": 2.47794008255,
        "var": 6.14018726349
    },
    "spectral_rms": {
        "dmean": 0.0011567393085,
        "dmean2": 0.00146062741987,
        "dvar": 1.70281828105e-06,
        "dvar2": 2.4977503017e-06,
        "max": 0.0148841403425,
        "mean": 0.00613339012489,
        "median": 0.00609719008207,
        "min": 2.67290561169e-05,
        "stdev": 0.00255262828432,
        "var": 6.51591153655e-06
    },
    "spectral_rolloff": {
        "dmean": 939.345947266,
        "dmean2": 1643.61303711,
        "dvar": 2948926.25,
        "dvar2": 7595205.5,
        "max": 12532.3242188,
        "mean": 1557.52026367,
        "median": 1033.59375,
        "min": 86.1328125,
        "stdev": 1797.33618164,
        "var": 3230417.25
    },
    "spectral_skewness": {
        "dmean": 0.270537734032,
        "dmean2": 0.400443434715,
        "dvar": 0.0842788293958,
        "dvar2": 0.202275276184,
        "max": 3.52165174484,
        "mean": 1.59966766834,
        "median": 1.5573669672,
        "min": 0.358055591583,
        "stdev": 0.433870762587,
        "var": 0.188243851066
    },
    "spectral_spread": {
        "dmean": 1153123.25,
        "dmean2": 1726659.5,
        "dvar": 1.57144239309e+12,
        "dvar2": 3.5095946199e+12,
        "max": 17477934,
        "mean": 6228342.5,
        "median": 6005153,
        "min": 2515534,
        "stdev": 1795902.125,
        "var": 3.22526458675e+12
    },
    "spectral_strongpeak": {
        "dmean": 0.378420710564,
        "dmean2": 0.645963668823,
        "dvar": 0.369076222181,
        "dvar2": 0.857163727283,
        "max": 6.0718460083,
        "mean": 0.875548899174,
        "median": 0.606896817684,
        "min": 0,
        "stdev": 0.826750993729,
        "var": 0.683517158031
    },
    "zerocrossingrate": {
        "dmean": 0.0187927819788,
        "dmean2": 0.0226447526366,
        "dvar": 0.000432563305367,
        "dvar2": 0.000586098001804,
        "max": 0.359375,
        "mean": 0.070991486311,
        "median": 0.06494140625,
        "min": 0.0029296875,
        "stdev": 0.0431807227433,
        "var": 0.00186457484961
    },
    "barkbands": {
        "dmean": [0.000102848607639, 0.0094150910154, 0.00508354743943, 0.00225185137242, 0.0035878655035, 0.0019924279768, 0.000983003526926, 0.000828863005154, 0.000898698635865, 0.000789754150901, 0.000967564294115, 0.000773175153881, 0.000385467661545, 0.000251345161814, 0.000420746655436, 0.00032258828287, 0.000322896317812, 0.000206094657187, 0.00020651408704, 0.000157661605044, 0.000165999255842, 0.000176973640919, 0.000141751021147, 0.000188838006579, 0.000209211357287, 0.000172256681253, 2.94651490549e-05],
        "dmean2": [0.000184704826097, 0.0129679804668, 0.00910927820951, 0.00417981902137, 0.00625810306519, 0.00313493679278, 0.00151042384095, 0.00131782295648, 0.00145798816811, 0.0012282601092, 0.00139225565363, 0.00116666010581, 0.000584653404076, 0.000391897163354, 0.000700653879903, 0.000524129951373, 0.000527027063072, 0.000326563691488, 0.000347573310137, 0.000254141399637, 0.000265456241323, 0.000275052938377, 0.000212143786484, 0.000288102019113, 0.000340360944392, 0.000286273949314, 5.07139375259e-05],
        "dvar": [7.83775035984e-08, 0.000485917087644, 0.000199399888515, 4.16314396716e-05, 5.67438401049e-05, 1.26023714984e-05, 3.35111917593e-06, 2.72248644251e-06, 2.7926889743e-06, 3.0089113352e-06, 2.7939336178e-06, 2.49818754128e-06, 5.40263727089e-07, 3.19783566738e-07, 8.1589388401e-07, 3.05929916067e-07, 2.79738713971e-07, 1.1859184923e-07, 2.12239442021e-07, 6.1788036021e-08, 5.57891368658e-08, 6.11790582639e-08, 3.46623956204e-08, 7.79133344508e-08, 1.19705518387e-07, 7.12542913561e-08, 2.18909357308e-09],
        "dvar2": [2.23912806518e-07, 0.000959918601438, 0.000559286039788, 0.00011983972945, 0.000152036082, 2.32941638387e-05, 7.06227956471e-06, 6.39312565909e-06, 7.02755869497e-06, 6.69974724588e-06, 5.84674126003e-06, 5.69695839658e-06, 1.12072530101e-06, 7.23728021512e-07, 2.13164889828e-06, 7.21553192307e-07, 6.71514783335e-07, 2.53821411889e-07, 5.74794853492e-07, 1.57964720415e-07, 1.33340179787e-07, 1.36439680887e-07, 7.44066070979e-08, 1.79814648504e-07, 2.88970767315e-07, 1.79843056003e-07, 5.69167690756e-09],
        "max": [0.00269491365179, 0.186655253172, 0.111566111445, 0.0437944941223, 0.0581382326782, 0.0425811000168, 0.0315781459212, 0.0211733970791, 0.0160647332668, 0.0324637331069, 0.0203439947218, 0.0226067360491, 0.00937970262021, 0.00952293910086, 0.00914055574685, 0.00961124245077, 0.00969890970737, 0.00408252421767, 0.00566836306825, 0.00312071433291, 0.00250222440809, 0.00266635324806, 0.00202544545755, 0.00282027712092, 0.00401161331683, 0.00286266533658, 0.000364638341125],
        "mean": [8.13452497823e-05, 0.0144278872758, 0.00756646599621, 0.00206050649285, 0.00371492607519, 0.00365043082274, 0.00213653058745, 0.00136081734672, 0.00128362549003, 0.00113418546971, 0.00183698709588, 0.00123709498439, 0.000607948750257, 0.00033745955443, 0.000567595066968, 0.000450092600659, 0.000443800643552, 0.000313060707413, 0.000270276010269, 0.000241920541157, 0.000224064118811, 0.000277028681012, 0.000233706377912, 0.000266717310296, 0.000254669575952, 0.000230219971854, 2.83673052763e-05],
        "median": [6.396187473e-06, 0.00267030415125, 0.00272879237309, 0.000357385782991, 0.00136458629277, 0.00146683119237, 0.000845745555125, 0.000452719541499, 0.000509855395649, 0.000364477949915, 0.000500446825754, 0.000318994338159, 0.000218785935431, 0.000118053700135, 0.000216374275624, 0.00017185867182, 0.000214884872548, 0.000163533259183, 0.000157091504661, 0.000144032412209, 0.000127981344122, 0.00016572822642, 0.000151418906171, 0.000146677775774, 0.000100110883068, 0.000118853633467, 1.04009868664e-05],
        "min": [3.52392490188e-11, 1.4534295989e-10, 3.15836856668e-10, 2.76169670466e-10, 2.78073990501e-08, 2.58753942717e-08, 1.01673531816e-08, 3.83439413554e-08, 3.15538564166e-08, 1.78699526288e-08, 3.29195826154e-09, 6.71920741269e-09, 4.06445499479e-09, 2.80881651271e-09, 4.13829592816e-09, 5.60307356068e-09, 3.18475201766e-09, 4.48085790694e-09, 3.20117998776e-09, 5.79829184666e-10, 1.87634885407e-09, 2.36471242587e-09, 2.30670105239e-09, 8.79965711409e-10, 1.22994137097e-09, 1.29353039391e-09, 1.03424621298e-11],
        "stdev": [0.000227967146202, 0.0273484643549, 0.0122172785923, 0.00510050263256, 0.0065785869956, 0.00603139586747, 0.00373253575526, 0.00239342218265, 0.00199492904358, 0.00222338805906, 0.00283670122735, 0.00245607411489, 0.00102355051786, 0.000719424162526, 0.00101707759313, 0.000709598767571, 0.00065854791319, 0.000457635935163, 0.000425766629633, 0.000310103263473, 0.000280752428807, 0.000329596339725, 0.000257558422163, 0.000337063072948, 0.000375815492589, 0.00029908932629, 4.60471310362e-05],
        "var": [5.19690210865e-08, 0.000747938465793, 0.000149261890328, 2.60151282419e-05, 4.32778069808e-05, 3.63777362509e-05, 1.39318235597e-05, 5.72846920477e-06, 3.97974190491e-06, 4.94345431434e-06, 8.04687442724e-06, 6.03230000706e-06, 1.04765570086e-06, 5.17571152159e-07, 1.03444688193e-06, 5.03530372953e-07, 4.33685329426e-07, 2.09430652376e-07, 1.81277229672e-07, 9.61640296282e-08, 7.88219196579e-08, 1.08633749107e-07, 6.63363337594e-08, 1.13611505981e-07, 1.4123729386e-07, 8.94544243124e-08, 2.12033834934e-09]
    },
    "erbbands": {
        "dmean": [0.188720464706, 2.43081688881, 5.72639036179, 6.66818332672, 10.6175041199, 11.6995048523, 12.4721126556, 18.6284217834, 13.3966598511, 15.4245071411, 17.7630901337, 20.6346321106, 24.7446613312, 28.8312187195, 34.0702667236, 31.1399116516, 17.7582988739, 14.0013408661, 16.5718097687, 20.2574615479, 17.3426971436, 14.9923782349, 11.5261888504, 10.3066616058, 10.7347402573, 6.60615301132, 6.23606014252, 7.00261831284, 6.49697208405, 5.13191699982, 3.98451304436, 3.67833948135, 3.54521131516, 2.45709991455, 1.42667651176, 0.759802401066, 0.318336457014, 0.0802846997976, 0.00322409975342, 7.01768076397e-05],
        "dmean2": [0.249299272895, 3.46105241776, 9.89083862305, 12.2146368027, 19.0187187195, 20.9682998657, 21.1989440918, 28.1910591125, 20.7762813568, 22.6166133881, 28.2590007782, 33.3076553345, 38.0130805969, 42.9433441162, 47.5720062256, 45.5676231384, 26.2432136536, 21.5133132935, 26.9453392029, 33.4636077881, 28.1089401245, 23.9171142578, 18.3139076233, 16.5002193451, 17.8679199219, 10.5877714157, 10.3517122269, 11.0078706741, 10.1378545761, 7.85815238953, 6.05531024933, 5.44545650482, 5.59467697144, 4.0155711174, 2.31711006165, 1.23690760136, 0.536223590374, 0.137385591865, 0.00557124475017, 0.000112072993943],
        "dvar": [0.204779282212, 32.5792961121, 234.644592285, 379.552154541, 598.086608887, 612.166381836, 466.539855957, 1600.45361328, 590.990844727, 733.525939941, 1258.22973633, 1561.70007324, 2901.64892578, 2839.97045898, 4499.83105469, 4328.69775391, 1104.75842285, 788.656921387, 971.167297363, 1605.33972168, 722.856872559, 522.857421875, 398.87878418, 356.189086914, 828.547302246, 115.518455505, 109.222122192, 102.67980957, 81.5222015381, 58.7249221802, 28.7522697449, 26.5676345825, 30.3472938538, 17.3471832275, 5.48332071304, 1.44576787949, 0.246841177344, 0.0156929455698, 2.89130075544e-05, 9.545957802e-09],
        "dvar2": [0.350114524364, 67.1982803345, 636.270812988, 1078.23754883, 1622.5904541, 1691.3223877, 1131.69372559, 2861.91894531, 1332.1730957, 1386.26574707, 3040.59985352, 3853.65063477, 6333.94384766, 6356.72167969, 8614.17773438, 9759.16308594, 2289.23901367, 1660.03137207, 2451.16455078, 4015.90283203, 1740.81677246, 1238.70959473, 849.670410156, 840.572998047, 2283.25341797, 294.086791992, 279.333862305, 241.345443726, 178.375747681, 134.446411133, 60.627910614, 59.3542900085, 73.0710449219, 42.5804748535, 13.2723846436, 3.58421444893, 0.633582890034, 0.0395954959095, 7.6401141996e-05, 2.44829134743e-08],
        "max": [3.97550916672, 46.5201721191, 133.693069458, 143.021881104, 138.863052368, 241.593994141, 278.864898682, 538.531433105, 422.295013428, 574.936096191, 478.845825195, 429.970123291, 864.012695312, 627.738708496, 987.845092773, 1150.83630371, 431.604553223, 536.711853027, 325.387084961, 533.689331055, 340.38659668, 270.097412109, 267.830810547, 305.367797852, 419.303436279, 129.508453369, 114.618858337, 119.634017944, 109.630149841, 107.917037964, 58.9744873047, 54.9853172302, 55.8908004761, 43.8259963989, 26.5004940033, 11.2299365997, 5.69859933853, 1.33060693741, 0.0453745834529, 0.000974223366939],
        "mean": [0.263752013445, 3.7916021347, 9.34865188599, 7.74055671692, 9.96828651428, 12.5505208969, 17.5548229218, 34.0025482178, 26.4360923767, 33.193447113, 30.8240909576, 31.9506263733, 38.637512207, 48.7263298035, 66.9534759521, 56.3703308105, 30.5789985657, 22.2068386078, 24.4672794342, 28.0575523376, 26.1309814453, 21.899389267, 18.0527133942, 14.9002714157, 14.5029029846, 10.2930574417, 7.95013713837, 9.83906173706, 10.1560611725, 7.81854200363, 6.60127544403, 5.51448869705, 4.59986591339, 2.93371391296, 1.77881538868, 0.993413090706, 0.398757964373, 0.0984764918685, 0.00331893586554, 0.000124473270262],
        "median": [0.0231869332492, 0.967295527458, 5.64873123169, 3.78617978096, 3.22079849243, 4.94814872742, 7.83355998993, 11.9140329361, 12.8825893402, 13.2252035141, 12.6213407516, 14.9898891449, 12.3393096924, 19.2639064789, 19.7200107574, 16.7052402496, 14.5986127853, 10.9327955246, 10.2938117981, 12.6480846405, 13.0446910858, 11.2942390442, 9.48216342926, 8.56572532654, 8.96597671509, 5.87988615036, 4.38711595535, 5.45521497726, 6.11556959152, 4.43849229813, 4.27886009216, 3.2198767662, 2.27884364128, 1.06537497044, 0.748354673386, 0.482058793306, 0.195806235075, 0.0519106946886, 0.00143827823922, 9.34896161198e-05],
        "min": [6.00215255275e-09, 7.43101651324e-08, 5.14239559379e-07, 3.79927791982e-06, 0.00012026794866, 7.69546822994e-05, 0.000128133731778, 0.000230533391004, 0.000160812822287, 0.000344333588146, 0.000941082544159, 0.00067477056291, 0.0007937643677, 0.000192993727978, 0.000207257646252, 0.000274696358247, 0.000188278616406, 0.000110550303361, 0.000256218132563, 0.00017520118854, 0.000339517690009, 0.000218998640776, 0.000271396304015, 0.000134888177854, 0.000129227293655, 3.28747337335e-05, 5.85684392718e-05, 7.60818365961e-05, 9.18773803278e-05, 5.6599634263e-05, 7.3281917139e-05, 3.20366489177e-05, 1.36806002047e-05, 1.38696559588e-05, 8.78628088685e-06, 6.4078944888e-06, 1.92526454157e-06, 5.75112437673e-07, 1.1390494592e-07, 1.22255743307e-08],
        "stdev": [0.589587926865, 6.86263132095, 13.8698444366, 15.4619274139, 20.3721103668, 21.2444972992, 27.1620292664, 68.7098999023, 37.7494163513, 53.2921485901, 51.0047187805, 49.1213493347, 76.7124176025, 78.0495986938, 121.834098816, 113.369338989, 46.2098731995, 38.971824646, 41.1911506653, 48.5852203369, 34.5527877808, 28.825592041, 26.51080513, 21.7302589417, 25.3272781372, 13.6772603989, 11.1088094711, 12.3074417114, 12.0257759094, 10.0584630966, 7.31466293335, 6.60627651215, 6.17633342743, 4.41470241547, 2.57486724854, 1.35068845749, 0.526679396629, 0.136504724622, 0.00522145954892, 0.000112778419862],
        "var": [0.3476139009, 47.0957107544, 192.372589111, 239.07119751, 415.022857666, 451.328643799, 737.775878906, 4721.05029297, 1425.01843262, 2840.05297852, 2601.48120117, 2412.90698242, 5884.79443359, 6091.74023438, 14843.5478516, 12852.6074219, 2135.35253906, 1518.80297852, 1696.7109375, 2360.52368164, 1193.89526367, 830.914733887, 702.822814941, 472.20413208, 641.471008301, 187.067443848, 123.405647278, 151.473129272, 144.619277954, 101.172676086, 53.5042915344, 43.6428871155, 38.1470947266, 19.4895954132, 6.62994194031, 1.82435941696, 0.277391195297, 0.0186335407197, 2.72636389127e-05, 1.27189716537e-08]
    },
    "gfcc": {
        "mean": [33.9182701111, 51.484500885, -102.296318054, 10.3604431152, -64.7842178345, 11.2608976364, -42.1559028625, 9.46298980713, -28.005449295, 5.23865890503, -19.3368034363, 9.93448066711, -15.9545526505],
        "cov": [[5338.60107422, 447.667907715, 905.028808594, 735.058349609, 724.83215332, 766.463012695, 361.228607178, 216.515792847, -22.5312423706, -6.25268554688, -131.57623291, -144.471221924, -182.802505493], [447.667907715, 1914.31848145, 906.104309082, 650.783447266, 777.196777344, 494.312835693, 471.305633545, 158.782852173, 196.117324829, 2.5240316391, 104.633995056, -100.75491333, -10.9577636719], [905.028808594, 906.104309082, 1413.59912109, 718.621948242, 565.075439453, 462.86038208, 261.397460938, 151.360061646, 36.3441162109, 26.9973945618, -5.49199724197, -144.100723267, -101.871017456], [735.058349609, 650.783447266, 718.621948242, 787.41027832, 451.519989014, 336.598876953, 246.865036011, 140.56262207, 76.5905303955, -42.335319519, -49.9526367188, -92.1030426025, -49.6333007812], [724.83215332, 777.196777344, 565.075439453, 451.519989014, 675.367797852, 457, 337.252502441, 170.447952271, 121.624832153, 50.2974891663, 44.2598876953, -40.6716918945, 12.1835594177], [766.463012695, 494.312835693, 462.86038208, 336.598876953, 457, 508.268035889, 293.961486816, 126.339942932, 100.456344604, 43.0705375671, 19.4014530182, -40.3698616028, -4.63933372498], [361.228607178, 471.305633545, 261.397460938, 246.865036011, 337.252502441, 293.961486816, 331.701599121, 162.022201538, 144.738494873, 53.2713623047, 50.1091537476, 10.2899208069, 7.01745414734], [216.515792847, 158.782852173, 151.360061646, 140.56262207, 170.447952271, 126.339942932, 162.022201538, 213.516525269, 117.743400574, 40.3417549133, 25.5684623718, 14.4581832886, 7.54849624634], [-22.5312423706, 196.117324829, 36.3441162109, 76.5905303955, 121.624832153, 100.456344604, 144.738494873, 117.743400574, 193.875167847, 84.264465332, 60.6488304138, 31.5220737457, 19.7597923279], [-6.25268554688, 2.5240316391, 26.9973945618, -42.335319519, 50.2974891663, 43.0705375671, 53.2713623047, 40.3417549133, 84.264465332, 175.597915649, 106.561050415, 31.4538078308, 14.0864019394], [-131.57623291, 104.633995056, -5.49199724197, -49.9526367188, 44.2598876953, 19.4014530182, 50.1091537476, 25.5684623718, 60.6488304138, 106.561050415, 160.132720947, 61.8246040344, 19.6986484528], [-144.471221924, -100.75491333, -144.100723267, -92.1030426025, -40.6716918945, -40.3698616028, 10.2899208069, 14.4581832886, 31.5220737457, 31.4538078308, 61.8246040344, 117.728050232, 50.8575019836], [-182.802505493, -10.9577636719, -101.871017456, -49.6333007812, 12.1835594177, -4.63933372498, 7.01745414734, 7.54849624634, 19.7597923279, 14.0864019394, 19.6986484528, 50.8575019836, 110.727615356]],
        "icov": [[0.000289167859592, 3.33734715241e-05, 4.72428873763e-05, -0.000112209680083, -0.000127387218527, -0.000410218635807, 0.000107637664769, -0.000212919592741, 0.000368500099285, -0.000236322215642, 0.000312212854624, -0.000226060961722, 0.000490975915454], [3.33734715241e-05, 0.00172920257319, -0.000651279347949, 4.50830775662e-05, -0.0013493897859, 0.000942840648349, -0.00160876777954, 0.00138513965067, -0.00140355608892, 0.0020250978414, -0.00197533308528, 0.00171896046959, -0.000602511630859], [4.72428873763e-05, -0.000651279347949, 0.00202860333957, -0.00121059524827, 6.79613149259e-05, -0.00107920391019, 0.00108670897316, -0.00110528012738, 0.00155032309704, -0.00147293100599, 0.000342354411259, 4.55452500319e-05, 0.00111992005259], [-0.000112209680083, 4.50830775662e-05, -0.00121059524827, 0.00333734671585, -0.00105660560075, 0.000454595166957, -0.000671277754009, 9.86505547189e-05, -0.00119308789726, 0.00148602249101, 0.000590873067267, 0.000441310810857, 8.85785266291e-05], [-0.000127387218527, -0.0013493897859, 6.79613149259e-05, -0.00105660560075, 0.00657471641898, -0.00312915956602, -0.000780441390816, -0.0015558245359, 0.00153576722369, -0.00141769228503, 5.08259436174e-05, 2.04549633054e-05, -0.00156609620899], [-0.000410218635807, 0.000942840648349, -0.00107920391019, 0.000454595166957, -0.00312915956602, 0.0075649949722, -0.00447595445439, 0.00211519934237, -0.00126581056975, 0.000819699489512, -0.00048016855726, 0.0018869836349, -0.00123197003268], [0.000107637664769, -0.00160876777954, 0.00108670897316, -0.000671277754009, -0.000780441390816, -0.00447595445439, 0.0125141330063, -0.00427166605368, -0.00170119269751, -0.00109601265285, 0.000938249519095, -0.00340106687509, 0.00195205479395], [-0.000212919592741, 0.00138513965067, -0.00110528012738, 9.86505547189e-05, -0.0015558245359, 0.00211519934237, -0.00427166605368, 0.0103351445869, -0.00504776276648, 0.00176337605808, -0.00056978489738, 0.000464091164758, -0.000796452222858], [0.000368500099285, -0.00140355608892, 0.00155032309704, -0.00119308789726, 0.00153576722369, -0.00126581056975, -0.00170119269751, -0.00504776276648, 0.0131630944088, -0.00594520429149, 0.0016259906115, -0.00197592983022, 0.000616503879428], [-0.000236322215642, 0.0020250978414, -0.00147293100599, 0.00148602249101, -0.00141769228503, 0.000819699489512, -0.00109601265285, 0.00176337605808, -0.00594520429149, 0.0143175693229, -0.00930299703032, 0.00381527002901, -0.00159700366203], [0.000312212854624, -0.00197533308528, 0.000342354411259, 0.000590873067267, 5.08259436174e-05, -0.00048016855726, 0.000938249519095, -0.00056978489738, 0.0016259906115, -0.00930299703032, 0.0162480715662, -0.00820076558739, 0.0026228595525], [-0.000226060961722, 0.00171896046959, 4.55452500319e-05, 0.000441310810857, 2.04549633054e-05, 0.0018869836349, -0.00340106687509, 0.000464091164758, -0.00197592983022, 0.00381527002901, -0.00820076558739, 0.0175879821181, -0.00645469175652], [0.000490975915454, -0.000602511630859, 0.00111992005259, 8.85785266291e-05, -0.00156609620899, -0.00123197003268, 0.00195205479395, -0.000796452222858, 0.000616503879428, -0.00159700366203, 0.0026228595525, -0.00645469175652, 0.0134946340695]]
    },
    "melbands": {
        "dmean": [0.00225501158275, 0.00275930180214, 0.00121433229651, 0.000829389842693, 0.000429940584581, 0.000393145921407, 0.000210594691453, 0.00017231318634, 0.000141941884067, 0.000136137692607, 0.000123012127005, 0.000114410446258, 0.000110132488771, 9.7600830486e-05, 4.84094380226e-05, 4.34454377682e-05, 2.68536077783e-05, 2.50307566603e-05, 3.18977618008e-05, 2.82696673821e-05, 2.19018893404e-05, 1.82649018825e-05, 1.2477810742e-05, 9.17809575185e-06, 8.869424164e-06, 7.53251515562e-06, 7.96539552539e-06, 3.84950271837e-06, 3.94854350816e-06, 3.99682812713e-06, 4.44026909463e-06, 4.19329353463e-06, 3.20273102261e-06, 2.7693768061e-06, 2.25009512178e-06, 2.56105795415e-06, 2.2591589186e-06, 2.62100297732e-06, 2.31312560572e-06, 2.15037516682e-06],
        "dmean2": [0.00295836129226, 0.00427556876093, 0.0021920397412, 0.00146283954382, 0.000740088406019, 0.000600517960265, 0.00032381087658, 0.000254363490967, 0.000222843620577, 0.000220367626753, 0.000189893413335, 0.000171090752701, 0.000155558154802, 0.000148176739458, 7.18405935913e-05, 6.55843468849e-05, 4.1519113438e-05, 4.06479230151e-05, 5.33249949513e-05, 4.60173214378e-05, 3.59929799743e-05, 2.96677208098e-05, 2.01127168111e-05, 1.44488458318e-05, 1.43272518471e-05, 1.24983680507e-05, 1.30988637466e-05, 6.22979177933e-06, 6.7385294642e-06, 6.48817876936e-06, 7.03642353983e-06, 6.5408030423e-06, 4.96249685966e-06, 4.30668205809e-06, 3.51775906893e-06, 3.89959222957e-06, 3.36397238243e-06, 4.17257433583e-06, 3.7275071918e-06, 3.5688076423e-06],
        "dvar": [2.79448413494e-05, 4.24678837589e-05, 9.71271492745e-06, 3.41268082593e-06, 5.24326765117e-07, 6.21632068487e-07, 1.37679990075e-07, 8.69127916303e-08, 7.46211483715e-08, 6.84741721102e-08, 7.78497550868e-08, 4.77383395037e-08, 4.00067179385e-08, 3.61033904994e-08, 8.47540349014e-09, 7.80741782336e-09, 3.8816150294e-09, 2.09914552407e-09, 5.52890222494e-09, 2.68400457415e-09, 1.39934208665e-09, 8.72304228849e-10, 5.4354171164e-10, 2.65731242566e-10, 2.92362495324e-10, 2.67563193823e-10, 4.08151817899e-10, 3.2275480899e-11, 5.01708778688e-11, 3.78489288522e-11, 4.53813965573e-11, 4.05819128302e-11, 2.16227001582e-11, 1.65009360342e-11, 8.97645586334e-12, 1.36758980876e-11, 1.11782510331e-11, 1.72816014971e-11, 1.41868392034e-11, 1.38239046946e-11],
        "dvar2": [5.11327125423e-05, 0.000102206853626, 2.72047673207e-05, 9.24269352254e-06, 1.32775664952e-06, 1.12130624075e-06, 2.95341038736e-07, 1.68387884969e-07, 1.7517314177e-07, 1.69282060369e-07, 1.70894125517e-07, 1.07312281727e-07, 7.78723290296e-08, 8.36311215835e-08, 1.84171202733e-08, 1.58245949677e-08, 8.25404722349e-09, 5.14852072087e-09, 1.47075667201e-08, 6.53299769837e-09, 3.51000695176e-09, 2.13141748695e-09, 1.22231580413e-09, 6.08171901728e-10, 7.10703607076e-10, 7.17158166186e-10, 1.10438447276e-09, 7.95815705001e-11, 1.30974536772e-10, 9.09489983325e-11, 1.09456617381e-10, 9.17500797559e-11, 4.7086317484e-11, 3.8390242374e-11, 1.85638570488e-11, 3.16426086722e-11, 2.55884705785e-11, 4.20974054227e-11, 3.48038785292e-11, 3.50030456009e-11],
        "max": [0.047465249896, 0.0567387826741, 0.0216493047774, 0.012921128422, 0.00913408212364, 0.0103176683187, 0.00677822716534, 0.00631087180227, 0.00337407388724, 0.00289217755198, 0.00440130569041, 0.00312846200541, 0.00274401204661, 0.00296624307521, 0.00144514371641, 0.00129246222787, 0.00122020964045, 0.000507918535732, 0.000743702461477, 0.000881782150827, 0.000611646508332, 0.000412378343754, 0.000302106229356, 0.000186689736438, 0.000292954588076, 0.000206932600122, 0.000318087928463, 5.61523229408e-05, 7.68445097492e-05, 8.6348511104e-05, 7.74776563048e-05, 9.69732936937e-05, 5.95517158217e-05, 5.56009181309e-05, 2.78805637208e-05, 5.19146014994e-05, 4.01827019232e-05, 3.72528884327e-05, 4.6104494686e-05, 3.77717115043e-05],
        "mean": [0.00334226293489, 0.00488337175921, 0.0014107003808, 0.000840089982376, 0.000595267221797, 0.000729225866962, 0.000437148031779, 0.000352215225575, 0.00023880925437, 0.000202419309062, 0.00018404853472, 0.000178999922355, 0.000208411263884, 0.000180308896233, 7.70139959059e-05, 7.09330051905e-05, 3.65567102563e-05, 3.56463278877e-05, 3.91785688407e-05, 3.85074054066e-05, 3.0083800084e-05, 2.55716422544e-05, 1.74572378455e-05, 1.33767434818e-05, 1.19520691442e-05, 9.57296833803e-06, 1.09950487968e-05, 5.72339376959e-06, 4.71487010145e-06, 5.01232898387e-06, 5.96748259341e-06, 6.27980853096e-06, 4.63520973426e-06, 4.04199772674e-06, 3.56077384822e-06, 4.02339401262e-06, 3.1472259252e-06, 3.28956389239e-06, 2.88542855742e-06, 2.35563993556e-06],
        "median": [0.000489062222186, 0.00444358214736, 0.000922998471651, 0.000309574272251, 0.000287924369331, 0.000284649227979, 0.000200200840482, 0.000144118544995, 8.66318878252e-05, 8.25109236757e-05, 4.54425280623e-05, 5.90170275245e-05, 5.85958405281e-05, 4.49962717539e-05, 2.61787536147e-05, 2.28611534112e-05, 1.23104900922e-05, 1.3375767594e-05, 1.61899770319e-05, 1.2737693396e-05, 1.4176383047e-05, 1.21148177641e-05, 8.14882150735e-06, 7.25636073184e-06, 6.24359563517e-06, 5.31515570401e-06, 6.25757002126e-06, 2.95305517284e-06, 2.22036464947e-06, 2.70776786238e-06, 3.00668216369e-06, 3.39528310178e-06, 2.3294580842e-06, 2.22011954065e-06, 2.18965487875e-06, 2.51804431173e-06, 1.58427417318e-06, 1.63747836268e-06, 1.2129253264e-06, 7.56250074119e-07],
        "min": [2.7755648474e-11, 1.54571355715e-10, 6.86538492722e-10, 6.87015955236e-09, 4.15091916395e-09, 5.09089348455e-09, 2.31999464084e-09, 4.7079140586e-09, 7.69023689173e-09, 4.1230454606e-09, 3.94469479303e-09, 8.20044532279e-10, 5.72844549573e-10, 7.07658986965e-10, 6.74357514274e-10, 3.22640997252e-10, 1.84611673171e-10, 4.38140523862e-10, 2.65873045802e-10, 2.92633833832e-10, 3.83994530617e-10, 1.80849543674e-10, 3.79928255523e-10, 1.11864836838e-10, 1.08409108079e-10, 1.12955651776e-10, 4.45900226465e-11, 1.57204752688e-11, 2.89701873601e-11, 4.84602254158e-11, 4.31139464407e-11, 5.64355021049e-11, 4.13332458538e-11, 2.23468708815e-11, 4.46801380616e-11, 3.79352972646e-11, 1.20358974523e-11, 8.68995413822e-12, 1.01400667377e-11, 1.22668411887e-11],
        "stdev": [0.00679080933332, 0.00695011019707, 0.00250971759669, 0.00156656652689, 0.000845341186505, 0.0013557265047, 0.000662780134007, 0.000543514557648, 0.000400389864808, 0.0003264338593, 0.000388515705708, 0.000305282184854, 0.000348413392203, 0.000311469601002, 0.00014356347674, 0.000127406121464, 8.36716571939e-05, 6.34589450783e-05, 7.37314112484e-05, 6.6045911808e-05, 4.46715057478e-05, 3.68376749975e-05, 2.92483055091e-05, 1.96925957425e-05, 1.90782939171e-05, 1.53221244545e-05, 1.91704002646e-05, 7.72563362261e-06, 7.39735651223e-06, 6.98386929798e-06, 8.13083079265e-06, 8.29796044854e-06, 6.14092869e-06, 5.27911424797e-06, 4.03065723731e-06, 4.738079042e-06, 4.12355029766e-06, 4.50253173767e-06, 4.21854610977e-06, 3.76771890842e-06],
        "var": [4.61150884803e-05, 4.83040312247e-05, 6.29868281976e-06, 2.45413070843e-06, 7.14601753771e-07, 1.83799431852e-06, 4.39277499709e-07, 2.95408057127e-07, 1.60312055186e-07, 1.065590709e-07, 1.5094445871e-07, 9.31972152785e-08, 1.21391892094e-07, 9.70133058331e-08, 2.06104697753e-08, 1.62323203767e-08, 7.00094604511e-09, 4.02703737024e-09, 5.436321171e-09, 4.36206271104e-09, 1.99554350822e-09, 1.35701427872e-09, 8.55463366811e-10, 3.87798321233e-10, 3.63981317308e-10, 2.34767483231e-10, 3.6750427701e-10, 5.96854093926e-11, 5.47208806045e-11, 4.87744324096e-11, 6.61104157529e-11, 6.88561499484e-11, 3.7711004458e-11, 2.78690490824e-11, 1.62461970959e-11, 2.2449393039e-11, 1.70036675712e-11, 2.02727921256e-11, 1.77961326231e-11, 1.41957053751e-11]
    },
    "melbands128": {
