{
"lowlevel": {
    "average_loudness": 0.983609735966,
    "barkbands_crest": {
        "dmean": 3.0770881176,
        "dmean2": 4.82733821869,
        "dvar": 11.7151794434,
        "dvar2": 25.4642086029,
        "max": 25.8798732758,
        "mean": 16.6633872986,
        "median": 16.3557052612,
        "min": 2.68682909012,
        "stdev": 4.84835577011,
        "var": 23.5065517426
    },
    "barkbands_flatness_db": {
        "dmean": 0.0807652547956,
        "dmean2": 0.106116175652,
        "dvar": 0.00422676233575,
        "dvar2": 0.00773731525987,
        "max": 0.618064105511,
        "mean": 0.346220672131,
        "median": 0.356991589069,
        "min": 0.0603462904692,
        "stdev": 0.112010717392,
        "var": 0.0125464005396
    },
    "barkbands_kurtosis": {
        "dmean": 20.9187278748,
        "dmean2": 34.2374153137,
        "dvar": 1759.8515625,
        "dvar2": 4712.23046875,
        "max": 574.583618164,
        "mean": 25.832529068,
        "median": 14.3954973221,
        "min": -1.08744454384,
        "stdev": 39.9329528809,
        "var": 1594.64086914
    },
    "barkbands_skewness": {
        "dmean": 1.43159413338,
        "dmean2": 2.24258708954,
        "dvar": 2.32288312912,
        "dvar2": 5.46191358566,
        "max": 17.5830841064,
        "mean": 3.64876437187,
        "median": 3.15814375877,
        "min": -1.87609922886,
        "stdev": 1.98709452152,
        "var": 3.94854474068
    },
    "barkbands_spread": {
        "dmean": 3.90248155594,
        "dmean2": 5.81150197983,
        "dvar": 50.7835044861,
        "dvar2": 99.8873138428,
        "max": 63.4395103455,
        "mean": 5.83909225464,
        "median": 3.14157247543,
        "min": 0.157251387835,
        "stdev": 8.36584472656,
        "var": 69.9873580933
    },
    "dissonance": {
        "dmean": 0.0428065434098,
        "dmean2": 0.0697748139501,
        "dvar": 0.00149153906386,
        "dvar2": 0.00378620065749,
        "max": 0.499387681484,
        "mean": 0.430384635925,
        "median": 0.443108618259,
        "min": 0.213564127684,
        "stdev": 0.0504452437162,
        "var": 0.00254472275265
    },
    "dynamic_complexity": 0.988148391247,
    "erbbands_crest": {
        "dmean": 2.64513778687,
        "dmean2": 4.32427024841,
        "dvar": 5.60058164597,
        "dvar2": 14.5446834564,
        "max": 23.7607479095,
        "mean": 9.0264005661,
        "median": 8.24302101135,
        "min": 2.97776389122,
        "stdev": 3.35899448395,
        "var": 11.2828435898
    },
    "erbbands_flatness_db": {
        "dmean": 0.0566381923854,
        "dmean2": 0.0769344493747,
        "dvar": 0.00263810600154,
        "dvar2": 0.00419691577554,
        "max": 0.405074268579,
        "mean": 0.236942917109,
        "median": 0.256689548492,
        "min": 0.0873137712479,
        "stdev": 0.0764966309071,
        "var": 0.00585173489526
    },
    "erbbands_kurtosis": {
        "dmean": 2.31522512436,
        "dmean2": 4.0011305809,
        "dvar": 9.72242450714,
        "dvar2": 28.1188869476,
        "max": 25.801399231,
        "mean": 1.55262768269,
        "median": 0.566101551056,
        "min": -1.78242635727,
        "stdev": 3.30322360992,
        "var": 10.9112863541
    },
    "erbbands_skewness": {
        "dmean": 0.657172679901,
        "dmean2": 1.06879007816,
        "dvar": 0.378851354122,
        "dvar2": 0.843464374542,
        "max": 4.12897396088,
        "mean": 0.723908483982,
        "median": 0.739158153534,
        "min": -2.24780011177,
        "stdev": 0.95076328516,
        "var": 0.903950870037
    },
    "erbbands_spread": {
        "dmean": 14.9378643036,
        "dmean2": 23.8139133453,
        "dvar": 349.535675049,
        "dvar2": 736.161499023,
        "max": 156.286071777,
        "mean": 29.3239917755,
        "median": 22.2003898621,
        "min": 3.53870034218,
        "stdev": 21.1056022644,
        "var": 445.446472168
    },
    "hfc": {
        "dmean": 11.3210983276,
        "dmean2": 18.063829422,
        "dvar": 412.756866455,
        "dvar2": 1014.68780518,
        "max": 170.464157104,
        "mean": 20.5639820099,
        "median": 15.4393291473,
        "min": 1.13119251637e-16,
        "stdev": 19.6396884918,
        "var": 385.717346191
    },
    "loudness_ebu128": {
        "integrated": -8.6585817337,
        "loudness_range": 0.612087249756,
        "momentary": {
            "dmean": 0.303215920925,
            "dmean2": 0.480991363525,
            "dvar": 0.0455609075725,
            "dvar2": 0.120976887643,
            "max": -7.45264434814,
            "mean": -8.68461608887,
            "median": -8.63858413696,
            "min": -10.2679262161,
            "stdev": 0.479276686907,
            "var": 0.229706138372
        },
        "short_term": {
            "dmean": 0.0406745262444,
            "dmean2": 0.0614905618131,
            "dvar": 0.000880750769284,
            "dvar2": 0.00225837132894,
            "max": -8.23462677002,
            "mean": -8.65843009949,
            "median": -8.66305923462,
            "min": -9.17034244537,
            "stdev": 0.214123979211,
            "var": 0.0458490811288
        }
    },
    "melbands_crest": {
        "dmean": 3.44059467316,
        "dmean2": 5.00924873352,
        "dvar": 13.4578409195,
        "dvar2": 26.0202445984,
        "max": 35.6274414062,
        "mean": 21.5011177063,
        "median": 20.8933372498,
        "min": 1.77437007427,
        "stdev": 5.28471183777,
        "var": 27.9281787872
    },
    "melbands_flatness_db": {
        "dmean": 0.102625057101,
        "dmean2": 0.132421717048,
        "dvar": 0.00670920358971,
        "dvar2": 0.0120014576241,
        "max": 0.785216629505,
        "mean": 0.464708387852,
        "median": 0.481951504946,
        "min": 0.00445859134197,
        "stdev": 0.140842735767,
        "var": 0.0198366753757
    },
    "melbands_kurtosis": {
        "dmean": 29.8296833038,
        "dmean2": 48.7330818176,
        "dvar": 1724.50427246,
        "dvar2": 4031.2043457,
        "max": 426.391082764,
        "mean": 41.1370162964,
        "median": 25.7187728882,
        "min": -1.23910856247,
        "stdev": 45.3592453003,
        "var": 2057.46118164
    },
    "melbands_skewness": {
        "dmean": 1.50643241405,
        "dmean2": 2.40683031082,
        "dvar": 2.31270599365,
        "dvar2": 5.35983562469,
        "max": 16.112279892,
        "mean": 4.40896463394,
        "median": 3.98344278336,
        "min": -0.0478534214199,
        "stdev": 1.93404579163,
        "var": 3.74053311348
    },
    "melbands_spread": {
        "dmean": 2.95220422745,
        "dmean2": 4.43972349167,
        "dvar": 46.2468109131,
        "dvar2": 90.4572525024,
        "max": 135.498458862,
        "mean": 4.63852071762,
        "median": 2.64308452606,
        "min": 0.23080894351,
        "stdev": 7.22648429871,
        "var": 52.222076416
    },
    "pitch_salience": {
        "dmean": 0.106102705002,
        "dmean2": 0.172615632415,
        "dvar": 0.0133324470371,
        "dvar2": 0.0310646686703,
        "max": 0.786033511162,
        "mean": 0.395240902901,
        "median": 0.401008009911,
        "min": 0.068463884294,
        "stdev": 0.150896623731,
        "var": 0.0227697901428
    },
    "silence_rate_20dB": {
        "dmean": 0.00154679035768,
        "dmean2": 0.0030959751457,
        "dvar": 0.00154439196922,
        "dvar2": 0.00463434448466,
        "max": 1,
        "mean": 0.99922722578,
        "median": 1,
        "min": 0,
        "stdev": 0.0277884788811,
        "var": 0.000772199535277
    },
    "silence_rate_30dB": {
        "dmean": 0.194895595312,
        "dmean2": 0.389318883419,
        "dvar": 0.156910091639,
        "dvar2": 0.308957636356,
        "max": 1,
        "mean": 0.38330757618,
        "median": 0,
        "min": 0,
        "stdev": 0.486191540956,
        "var": 0.236382201314
    },
    "silence_rate_60dB": {
        "dmean": 0.00077339517884,
        "dmean2": 0.000773993786424,
        "dvar": 0.000772794999648,
        "dvar2": 0.000773391744588,
        "max": 1,
        "mean": 0.000772797502577,
        "median": 0,
        "min": 0,
        "stdev": 0.0277884714305,
        "var": 0.000772199186031
    },
    "spectral_centroid": {
        "dmean": 182.432449341,
        "dmean2": 272.615020752,
        "dvar": 179334.5,
        "dvar2": 258148.859375,
        "max": 10938.2802734,
        "mean": 425.555938721,
        "median": 303.315612793,
        "min": 107.61631012,
        "stdev": 471.249084473,
        "var": 222075.703125
    },
    "spectral_complexity": {
        "dmean": 4.28692960739,
        "dmean2": 6.64628505707,
        "dvar": 42.747718811,
        "dvar2": 87.6450195312,
        "max": 56,
        "mean": 12.9907264709,
        "median": 11,
        "min": 0,
        "stdev": 7.98472976685,
        "var": 63.7559089661
    },
    "spectral_decrease": {
        "dmean": 1.11221281074e-08,
        "dmean2": 1.70203673378e-08,
        "dvar": 1.96238687396e-16,
        "dvar2": 4.31812181964e-16,
        "max": -6.9984508523e-29,
        "mean": -3.36538725776e-08,
        "median": -2.80030221234e-08,
        "min": -1.02350547593e-07,
        "stdev": 1.8028240234e-08,
        "var": 3.2501747388e-16
    },
    "spectral_energy": {
        "dmean": 0.042670249939,
        "dmean2": 0.0654374063015,
        "dvar": 0.00281558302231,
        "dvar2": 0.00620178179815,
        "max": 0.388833045959,
        "mean": 0.128882586956,
        "median": 0.108189970255,
        "min": 1.05243829156e-20,
        "stdev": 0.0682635828853,
        "var": 0.00465991720557
    },
    "spectral_energyband_high": {
        "dmean": 0.000694368500262,
        "dmean2": 0.0011042553233,
        "dvar": 3.09608799398e-06,
        "dvar2": 7.12687187843e-06,
        "max": 0.0131934126839,
        "mean": 0.000536009203643,
        "median": 4.97408836964e-06,
        "min": 7.92333932883e-21,
        "stdev": 0.00168791972101,
        "var": 2.84907309833e-06
    },
    "spectral_energyband_low": {
        "dmean": 0.0407861508429,
        "dmean2": 0.0616868846118,
        "dvar": 0.0030841100961,
        "dvar2": 0.00677358498797,
        "max": 0.383543908596,
        "mean": 0.10999468714,
        "median": 0.0874915570021,
        "min": 6.01841106581e-23,
        "stdev": 0.0703269541264,
        "var": 0.00494588026777
    },
    "spectral_energyband_middle_high": {
        "dmean": 0.00244709849358,
        "dmean2": 0.00404495280236,
        "dvar": 3.0860384868e-05,
        "dvar2": 8.28577612992e-05,
        "max": 0.0413970500231,
        "mean": 0.00304349814542,
        "median": 0.00118010630831,
        "min": 1.56140337065e-21,
        "stdev": 0.00536470720544,
        "var": 2.87800812657e-05
    },
    "spectral_energyband_middle_low": {
        "dmean": 0.0102341398597,
        "dmean2": 0.018065193668,
        "dvar": 0.000297683058307,
        "dvar2": 0.00083542172797,
        "max": 0.118091642857,
        "mean": 0.01858936809,
        "median": 0.0151288593188,
        "min": 3.14270673582e-22,
        "stdev": 0.0147800901905,
        "var": 0.000218451066758
    },
    "spectral_entropy": {
        "dmean": 0.626004636288,
        "dmean2": 0.903354048729,
        "dvar": 0.356886804104,
        "dvar2": 0.563787460327,
        "max": 9.80751800537,
        "mean": 6.34490633011,
        "median": 6.18172502518,
        "min": 4.81311035156,
        "stdev": 0.860137939453,
        "var": 0.739837288857
    },
    "spectral_flux": {
        "dmean": 0.0740568637848,
        "dmean2": 0.110479913652,
        "dvar": 0.00546877039596,
        "dvar2": 0.0138985188678,
        "max": 0.540960550308,
        "mean": 0.149524286389,
        "median": 0.112343490124,
        "min": 1.02588416928e-10,
        "stdev": 0.101632244885,
        "var": 0.0103291133419
    },
    "spectral_kurtosis": {
        "dmean": 41.1156845093,
        "dmean2": 63.8291282654,
        "dvar": 1887.85437012,
        "dvar2": 3691.9987793,
        "max": 256.284820557,
        "mean": 49.0580673218,
        "median": 30.2113838196,
        "min": -1.214173913,
        "stdev": 53.504070282,
        "var": 2862.68554688
    },
    "spectral_rms": {
        "dmean": 0.00177430699114,
        "dmean2": 0.00269397767261,
        "dvar": 4.37322523794e-06,
        "dvar2": 9.19362355489e-06,
        "max": 0.0194768924266,
        "mean": 0.0108523201197,
        "median": 0.0102738114074,
        "min": 3.20432374211e-12,
        "stdev": 0.00282248621807,
        "var": 7.96642871137e-06
    },
    "spectral_rolloff": {
        "dmean": 165.004043579,
        "dmean2": 269.96395874,
        "dvar": 396413.8125,
        "dvar2": 588678.8125,
        "max": 18281.6894531,
        "mean": 272.776000977,
        "median": 172.265625,
        "min": 64.599609375,
        "stdev": 634.54699707,
        "var": 402649.90625
    },
    "spectral_skewness": {
        "dmean": 2.4166059494,
        "dmean2": 3.56231713295,
        "dvar": 4.49127864838,
        "dvar2": 8.2017326355,
        "max": 13.1970386505,
        "mean": 4.61435508728,
        "median": 4.09152030945,
        "min": 0.0115931611508,
        "stdev": 2.91530895233,
        "var": 8.49902629852
    },
    "spectral_spread": {
        "dmean": 1701853.5,
        "dmean2": 2450002.75,
        "dvar": 4.03765696922e+12,
        "dvar2": 4.84119989453e+12,
        "max": 41395076,
        "mean": 2905969,
        "median": 1667123.875,
        "min": 305539.625,
        "stdev": 2595807,
        "var": 6.73821333914e+12
    },
    "spectral_strongpeak": {
        "dmean": 0.257206648588,
        "dmean2": 0.434617161751,
        "dvar": 0.0801361948252,
        "dvar2": 0.194614961743,
        "max": 2.51393532753,
        "mean": 0.750159621239,
        "median": 0.749804735184,
        "min": 0,
        "stdev": 0.359253585339,
        "var": 0.129063129425
    },
    "zerocrossingrate": {
        "dmean": 0.00760480109602,
        "dmean2": 0.00962579250336,
        "dvar": 0.000279178027995,
        "dvar2": 0.000318098056596,
        "max": 0.48583984375,
        "mean": 0.014872578904,
        "median": 0.00927734375,
        "min": 0.00146484375,
        "stdev": 0.0199692472816,
        "var": 0.00039877081872
    },
    "barkbands": {
        "dmean": [0.00224285270087, 0.038628205657, 0.0109385857359, 0.0042896643281, 0.00522780278698, 0.00137764785904, 0.000664082705043, 0.000503910006955, 0.000519578228705, 0.00072877376806, 0.000304542889353, 0.000918838486541, 0.000267778232228, 0.00017650553491, 0.000150294683408, 0.000142524761031, 8.01973219495e-05, 0.000124524827697, 9.42181432038e-05, 9.75135480985e-05, 9.64627688518e-05, 0.000116823372082, 0.000261072069407, 0.000134092173539, 4.63821415906e-05, 6.98757639839e-06, 3.37195444899e-08],
        "dmean2": [0.00320564489812, 0.0602073743939, 0.0181575752795, 0.00759983202443, 0.00922104530036, 0.00236548809335, 0.00109466270078, 0.000836974417325, 0.00090806290973, 0.00125804834533, 0.000508475641254, 0.00151381862815, 0.000478438130813, 0.000297153106658, 0.000257637613686, 0.00025307937176, 0.000135291091283, 0.00021407744498, 0.000150156483869, 0.000163726945175, 0.000160733237863, 0.000185819415492, 0.000435895170085, 0.000211467588088, 7.18476148904e-05, 1.12014040496e-05, 6.13239024005e-08],
        "dvar": [1.19746200653e-05, 0.00335399177857, 0.000457944523077, 8.21136418381e-05, 5.21962538187e-05, 3.86440069633e-06, 6.51495781767e-07, 5.2280034879e-07, 8.00374721166e-07, 1.73767432443e-06, 5.16172008247e-07, 5.14987141287e-06, 2.76281213019e-07, 1.10610635318e-07, 8.19078778136e-08, 1.71016964146e-07, 4.0680237845e-08, 1.55331221663e-07, 9.49080884993e-08, 9.24113408018e-08, 7.18952506418e-08, 7.50421023099e-08, 5.43616636151e-07, 1.01620415194e-07, 1.06277715517e-08, 3.11120768037e-10, 2.6196733449e-14],
        "dvar2": [2.35142888414e-05, 0.00745210470632, 0.00128924893215, 0.000234466584516, 0.000144777950482, 1.086737484e-05, 1.68442716131e-06, 1.36203243528e-06, 2.08413780456e-06, 4.67981590191e-06, 1.23151778553e-06, 1.33685889523e-05, 7.5044465575e-07, 2.88295183282e-07, 2.15675584059e-07, 4.74762600788e-07, 1.06681902423e-07, 4.10853061794e-07, 2.32407217027e-07, 2.32858596405e-07, 1.78242444804e-07, 1.60287740414e-07, 1.3518022115e-06, 2.00067788114e-07, 2.18991349499e-08, 7.27598092887e-10, 6.94583415306e-14],
        "max": [0.0274044647813, 0.36996242404, 0.171799629927, 0.0685429275036, 0.0587584599853, 0.0253320913762, 0.00762142660096, 0.0093607082963, 0.00812705326825, 0.0170585270971, 0.00922716874629, 0.0162713229656, 0.00425295345485, 0.00251869508065, 0.00222278758883, 0.00370517070405, 0.00206143944524, 0.00300181424245, 0.00258483807556, 0.00213390309364, 0.00193890603259, 0.00211804616265, 0.00591562176123, 0.00280543346889, 0.000792213308159, 0.000132830318762, 2.16319494939e-06],
        "mean": [0.00338983209804, 0.0837234035134, 0.0198618210852, 0.00522375665605, 0.00750303501263, 0.00275779445656, 0.00125007191673, 0.000816002313513, 0.000552220677491, 0.00103379588109, 0.000414961919887, 0.000898375117686, 0.000236015272094, 0.000186448683962, 0.000136418151669, 0.000100605429907, 6.40699581709e-05, 8.4296138084e-05, 7.11370812496e-05, 6.92756366334e-05, 6.95412236382e-05, 9.35940406634e-05, 0.000188120407984, 0.000113506328489, 3.93441441702e-05, 5.3650587688e-06, 2.21846416792e-08],
        "median": [0.00161209353246, 0.0595630854368, 0.0135911945254, 0.00292008696124, 0.00549999019131, 0.00209759734571, 0.000964321079664, 0.000481508584926, 0.000190678008948, 0.000307672831696, 5.48054013052e-05, 0.000135327150929, 7.12672335794e-05, 4.391411494e-05, 2.69367046712e-05, 9.28507870412e-06, 7.27913175069e-06, 2.3575942123e-06, 1.8413388716e-06, 6.16340230408e-07, 1.26414852275e-06, 6.03479236361e-07, 9.56379381023e-07, 4.36191214703e-07, 2.35979740637e-07, 4.16483558752e-08, 2.83966583581e-09],
        "min": [4.02142987909e-24, 1.06214141322e-23, 3.45600215013e-23, 2.16704034969e-23, 7.4555382992e-23, 7.84725191485e-23, 6.32590841558e-23, 2.43341090948e-23, 3.7641652985e-23, 8.38048970125e-23, 4.41364426364e-23, 7.17573375373e-23, 1.05956691833e-22, 1.06373866723e-22, 1.33880234798e-22, 1.19159471839e-22, 2.73313293062e-22, 2.47888571144e-22, 2.51874830448e-22, 3.16231112838e-22, 4.51313609521e-22, 4.8939032245e-22, 5.83397601726e-22, 1.1477253178e-21, 1.07716727603e-21, 2.03177207311e-21, 2.07036057375e-21],
        "stdev": [0.00430262321606, 0.0685888975859, 0.020538194105, 0.00755939306691, 0.00689337681979, 0.00234815641306, 0.00101531087421, 0.00100063416176, 0.000916775374208, 0.0016465379158, 0.00110668072011, 0.00216865516268, 0.000470633938676, 0.000354246876668, 0.000275527389022, 0.000338643556461, 0.000179148250027, 0.000332450028509, 0.000280198728433, 0.000267985393293, 0.000239857341512, 0.000275323283859, 0.000657410593703, 0.000334403826855, 0.000107801322883, 1.66949412232e-05, 1.30125712872e-07],
        "var": [1.85125645658e-05, 0.00470443721861, 0.000421817385359, 5.71444215893e-05, 4.75186425319e-05, 5.51383891434e-06, 1.03085619685e-06, 1.00126874258e-06, 8.40477071051e-07, 2.71108729066e-06, 1.22474216369e-06, 4.70306531497e-06, 2.21496293307e-07, 1.25490842606e-07, 7.59153380159e-08, 1.14679458818e-07, 3.20940962695e-08, 1.10523025398e-07, 7.85113201118e-08, 7.18161672353e-08, 5.7531547526e-08, 7.58029088388e-08, 4.32188699051e-07, 1.11825912086e-07, 1.16211245071e-08, 2.78721046243e-10, 1.69327002235e-14]
    },
    "erbbands": {
        "dmean": [1.52491044998, 8.13685703278, 12.7695264816, 13.4745035172, 16.1407775879, 18.7170066833, 16.1432666779, 9.49015808105, 10.3674106598, 8.07713603973, 12.0644178391, 11.3756952286, 21.1351966858, 17.0648269653, 23.3537559509, 34.8524131775, 12.0494699478, 11.5735235214, 6.77477502823, 8.13218975067, 7.55306816101, 4.8187084198, 6.18602800369, 4.93084287643, 5.10753488541, 4.82297611237, 4.19257545471, 3.34030294418, 4.04346847534, 5.77863836288, 7.30377435684, 3.67269492149, 2.09992671013, 0.771948158741, 0.202936753631, 0.0564065873623, 0.00714979879558, 0.000501738104504, 3.42731691489e-05, 4.83097937831e-05],
        "dmean2": [2.27520942688, 12.9244613647, 20.4819564819, 23.2926654816, 29.2701873779, 32.6596336365, 26.4821052551, 16.884601593, 16.9250106812, 14.0133953094, 20.0741500854, 19.8475551605, 36.7248153687, 28.7993774414, 39.0856399536, 57.5731315613, 21.0482025146, 20.0292301178, 11.5036621094, 13.9463691711, 13.5359754562, 8.13231563568, 10.6853599548, 8.38249015808, 7.88444662094, 8.18546676636, 7.16859769821, 5.36130475998, 6.41299915314, 9.48213672638, 12.061000824, 5.73497390747, 3.26620936394, 1.19865584373, 0.324991345406, 0.0890491679311, 0.0114170061424, 0.000857726612594, 5.38638523722e-05, 7.43598575355e-05],
        "dvar": [6.15652704239, 144.798416138, 495.262908936, 745.502929688, 834.184082031, 524.854125977, 561.25604248, 181.450958252, 142.536621094, 128.750152588, 312.201538086, 357.153411865, 1862.41784668, 861.309143066, 3477.8125, 6904.13867188, 566.698913574, 438.170837402, 161.883575439, 344.966125488, 452.640991211, 134.271514893, 367.114929199, 259.72555542, 267.041381836, 242.982162476, 144.80317688, 72.6423339844, 95.1118850708, 248.921447754, 375.904266357, 92.9747772217, 23.3559570312, 2.8918762207, 0.223561704159, 0.0183699782938, 0.000321408646414, 2.55925897363e-06, 2.72700662052e-09, 3.26250870764e-09],
        "dvar2": [11.2491798401, 380.186584473, 1346.56677246, 2093.79516602, 2353.37548828, 1447.55541992, 1510.51037598, 532.458374023, 366.402099609, 343.147521973, 820.250671387, 948.656738281, 5039.53466797, 2128.72167969, 9043.77050781, 18114.3535156, 1526.20019531, 1219.49230957, 412.848205566, 926.977233887, 1268.70019531, 351.014862061, 973.879455566, 682.152404785, 623.14239502, 624.422180176, 369.089996338, 170.669342041, 209.396011353, 607.751098633, 904.526977539, 196.301834106, 48.4594345093, 5.85389995575, 0.45583614707, 0.0415398143232, 0.000754908600356, 6.75379715176e-06, 6.6718559566e-09, 7.24739779301e-09],
        "max": [15.8661632538, 84.6038589478, 189.078018188, 220.627914429, 206.170196533, 235.447463989, 351.525665283, 113.664291382, 121.759094238, 99.439453125, 244.965270996, 199.944839478, 672.05682373, 282.216430664, 518.688354492, 588.374084473, 206.918914795, 162.904556274, 120.263618469, 190.476791382, 172.216110229, 78.5293273926, 144.650924683, 119.447654724, 140.983718872, 112.208206177, 85.8230819702, 64.8436737061, 82.478187561, 135.690460205, 152.705322266, 81.037322998, 40.384437561, 12.8934001923, 3.82682418823, 1.07935237885, 0.143565818667, 0.0142916077748, 0.000546202645637, 0.000419848627644],
        "mean": [2.764077425, 16.9953784943, 26.8937034607, 19.6107215881, 18.957195282, 26.837480545, 31.8407669067, 16.350025177, 20.8661270142, 12.1171693802, 20.131280899, 14.3579263687, 29.786151886, 22.1083450317, 27.979516983, 34.1833229065, 11.4675045013, 12.4902515411, 6.63067007065, 6.59397125244, 5.31376504898, 3.71328568459, 4.20808696747, 3.41383337975, 4.046438694, 3.35243105888, 2.89903736115, 2.53740668297, 3.20458483696, 4.24489545822, 5.39930009842, 3.03157162666, 1.72825181484, 0.656864345074, 0.173466905951, 0.0444671958685, 0.00556737557054, 0.000355632597348, 7.12766559445e-05, 0.000142523451359],
        "median": [1.59024071693, 12.9459161758, 19.5970420837, 11.9374351501, 11.0104236603, 19.0219039917, 23.3158340454, 11.7136993408, 16.1143341064, 8.51907157898, 11.5272445679, 5.86100101471, 8.09297370911, 6.94628620148, 4.07234859467, 5.61895656586, 3.77472829819, 3.91772389412, 1.76752483845, 0.65371131897, 0.477470070124, 0.339928507805, 0.154515147209, 0.098328448832, 0.0845296233892, 0.0313201285899, 0.0563975125551, 0.032317109406, 0.0180053357035, 0.0218995846808, 0.0337375849485, 0.010380461812, 0.00714643253013, 0.00311397667974, 0.00131868477911, 0.000384108861908, 0.000104495542473, 1.16537739814e-05, 5.45473812963e-05, 0.000121672346722],
        "min": [1.88441906592e-22, 3.19805432764e-21, 2.80921295833e-20, 7.15975032613e-20, 1.10782955271e-19, 2.90134323636e-19, 3.69754438401e-19, 9.02192452427e-19, 7.37841849374e-19, 9.65533601038e-19, 7.32939770268e-19, 7.08473525508e-19, 1.23323364909e-18, 3.74282766286e-18, 1.99890697245e-18, 2.8866473388e-18, 5.17506855962e-18, 4.53902250326e-18, 5.61129755849e-18, 7.99724254635e-18, 8.84628885121e-18, 1.53964963755e-17, 1.53241495048e-17, 9.75133859227e-18, 1.49338244804e-17, 1.55219714027e-17, 1.61328856441e-17, 1.61419962113e-17, 1.75130149894e-17, 1.87240438021e-17, 1.75604703412e-17, 2.32778004601e-17, 1.71345451176e-17, 1.05707271635e-17, 8.24977416991e-18, 5.55690712449e-18, 4.23302564721e-18, 1.30000056621e-18, 2.95227920902e-19, 3.36976320954e-20],
        "stdev": [2.98851823807, 13.4142436981, 23.2046375275, 23.6916255951, 24.3245639801, 24.4336128235, 29.8039951324, 14.6153287888, 16.7886962891, 11.7655830383, 24.5283756256, 21.0751953125, 54.269317627, 36.1683502197, 66.0210800171, 79.7563705444, 21.7706165314, 21.5811004639, 12.5714559555, 16.7354125977, 17.2522754669, 10.3326053619, 16.1178455353, 13.7119998932, 15.4898967743, 13.461766243, 10.4143419266, 8.0679397583, 9.67060852051, 14.350274086, 17.7867088318, 9.7487411499, 4.99307966232, 1.79381906986, 0.486676245928, 0.13194167614, 0.0169622134417, 0.00134757265914, 5.24155111634e-05, 7.33141278033e-05],
        "var": [8.93124103546, 179.941925049, 538.455200195, 561.293151855, 591.684448242, 597.001464844, 888.278137207, 213.607849121, 281.860351562, 138.428955078, 601.641174316, 444.163879395, 2945.15869141, 1308.1496582, 4358.78271484, 6361.078125, 473.959777832, 465.743865967, 158.041503906, 280.074035645, 297.641021729, 106.762741089, 259.784973145, 188.018951416, 239.936889648, 181.219161987, 108.458511353, 65.0916442871, 93.5206756592, 205.930358887, 316.367004395, 95.0379486084, 24.9308433533, 3.21778702736, 0.236853763461, 0.017408605665, 0.000287716655293, 1.8159520323e-06, 2.74738587436e-09, 5.37496136488e-09]
    },
    "gfcc": {
        "mean": [-65.7145767212, 190.528915405, -57.1732521057, 17.9682388306, -37.062789917, 25.9402923584, -20.4005031586, -4.62851285934, -5.06062030792, -4.7817735672, 1.21164524555, -6.81486988068, 1.15824091434],
        "cov": [[7800.88232422, -3876.41113281, -1646.80297852, 1853.17724609, -1768.37243652, 1054.67272949, -656.697387695, 527.169799805, -655.565368652, 32.7237243652, -280.729705811, 228.47984314, -237.403182983], [-3876.41113281, 3361.4934082, 343.148132324, -1612.39892578, 1514.86132812, -852.763061523, 474.634460449, -370.076873779, 432.414306641, -155.125030518, 200.300140381, -169.169998169, 173.0574646], [-1646.80297852, 343.148132324, 1213.31018066, -96.8926391602, -121.099479675, 4.2103228569, 119.075828552, -80.0677337646, 126.687438965, 68.0459594727, 23.833656311, -59.214931488, 39.0851783752], [1853.17724609, -1612.39892578, -96.8926391602, 1054.62805176, -718.350402832, 284.665283203, -220.800827026, 107.362129211, -188.544509888, 98.9404602051, -88.9129104614, 17.2640972137, -83.334854126], [-1768.37243652, 1514.86132812, -121.099479675, -718.350402832, 1097.17614746, -452.261779785, 153.633239746, -172.030883789, 214.79019165, -41.3489990234, 124.554672241, -40.5576934814, 51.3680458069], [1054.67272949, -852.763061523, 4.2103228569, 284.665283203, -452.261779785, 417.433380127, -104.2293396, 93.8766403198, -116.188064575, 18.9820575714, -40.9604263306, 66.0866394043, -28.240655899], [-656.697387695, 474.634460449, 119.075828552, -220.800827026, 153.633239746, -104.2293396, 282.926727295, -9.13081741333, 52.5736961365, -24.8891201019, 30.2190818787, -18.6817378998, 66.5378723145], [527.169799805, -370.076873779, -80.0677337646, 107.362129211, -172.030883789, 93.8766403198, -9.13081741333, 145.710708618, -23.6249237061, -2.53445243835, -40.4363746643, 34.0335350037, -4.65963554382], [-655.565368652, 432.414306641, 126.687438965, -188.544509888, 214.79019165, -116.188064575, 52.5736961365, -23.6249237061, 152.509292603, 7.79383182526, 17.7099971771, -38.0809326172, 35.6765861511], [32.7237243652, -155.125030518, 68.0459594727, 98.9404602051, -41.3489990234, 18.9820575714, -24.8891201019, -2.53445243835, 7.79383182526, 72.289024353, 9.85199546814, 1.24092245102, -12.1376886368], [-280.729705811, 200.300140381, 23.833656311, -88.9129104614, 124.554672241, -40.9604263306, 30.2190818787, -40.4363746643, 17.7099971771, 9.85199546814, 73.4329223633, 14.2291927338, 14.021197319], [228.47984314, -169.169998169, -59.214931488, 17.2640972137, -40.5576934814, 66.0866394043, -18.6817378998, 34.0335350037, -38.0809326172, 1.24092245102, 14.2291927338, 75.4388656616, 12.6629314423], [-237.403182983, 173.0574646, 39.0851783752, -83.334854126, 51.3680458069, -28.240655899, 66.5378723145, -4.65963554382, 35.6765861511, -12.1376886368, 14.021197319, 12.6629314423, 65.066986084]],
        "icov": [[0.00109955319203, -0.00232021370903, 0.00150301237591, -0.00273817474954, 0.000993555644527, -0.00258957152255, 0.000972474052105, -0.00292710377835, 0.00151534168981, -0.00173771323171, 0.00156558363233, -0.00213023647666, 0.00158287165686], [-0.00232021370903, 0.0159956682473, -0.00423170393333, 0.0151444952935, -0.00417285552248, 0.0128537025303, -0.00474955467507, 0.0149537278339, -0.00755453994498, 0.0121503835544, -0.00920837838203, 0.0138458898291, -0.00857118982822], [0.00150301237591, -0.00423170393333, 0.00344324414618, -0.00434848153964, 0.00238856091164, -0.00437021907419, 0.00095473480178, -0.00362966232933, 0.000905817374587, -0.00421064859256, 0.00253844913095, -0.00381232006475, 0.00299529056065], [-0.00273817474954, 0.0151444952935, -0.00434848153964, 0.0171844959259, -0.00303495000117, 0.0129556534812, -0.00385035201907, 0.0142929330468, -0.005918815732, 0.00842127017677, -0.0085541754961, 0.0144948624074, -0.00883014313877], [0.000993555644527, -0.00417285552248, 0.00238856091164, -0.00303495000117, 0.00491464277729, -0.00180284271482, 0.000907556270249, -0.00214922660962, -0.00101241131779, -0.00309658446349, 0.000727948267013, -0.00575042562559, 0.00459705619141], [-0.00258957152255, 0.0128537025303, -0.00437021907419, 0.0129556534812, -0.00180284271482, 0.0162806827575, -0.00344501854852, 0.0121959252283, -0.00601288070902, 0.00957626290619, -0.00776132196188, 0.00801978632808, -0.00633613532409], [0.000972474052105, -0.00474955467507, 0.00095473480178, -0.00385035201907, 0.000907556270249, -0.00344501854852, 0.00789942964911, -0.00761482678354, 0.00540402857587, -0.00374482525513, 0.000712975510396, 0.000262703833869, -0.0040258038789], [-0.00292710377835, 0.0149537278339, -0.00362966232933, 0.0142929330468, -0.00214922660962, 0.0121959252283, -0.00761482678354, 0.0282285865396, -0.0134254377335, 0.0123590826988, -0.00286365509965, 0.00399264506996, -0.00366057921201], [0.00151534168981, -0.00755453994498, 0.000905817374587, -0.005918815732, -0.00101241131779, -0.00601288070902, 0.00540402857587, -0.0134254377335, 0.022070441395, -0.0114524587989, 0.00436691939831, 0.00430337665603, -0.00681744655594], [-0.00173771323171, 0.0121503835544, -0.00421064859256, 0.00842127017677, -0.00309658446349, 0.00957626290619, -0.00374482525513, 0.0123590826988, -0.0114524587989, 0.0305737629533, -0.0117805991322, 0.00679762847722, -0.000827568932436], [0.00156558363233, -0.00920837838203, 0.00253844913095, -0.0085541754961, 0.000727948267013, -0.00776132196188, 0.000712975510396, -0.00286365509965, 0.00436691939831, -0.0117805991322, 0.0288615375757, -0.0167152583599, 0.00528716249391], [-0.00213023647666, 0.0138458898291, -0.00381232006475, 0.0144948624074, -0.00575042562559, 0.00801978632808, 0.000262703833869, 0.00399264506996, 0.00430337665603, 0.00679762847722, -0.0167152583599, 0.0413735806942, -0.0212472658604], [0.00158287165686, -0.00857118982822, 0.00299529056065, -0.00883014313877, 0.00459705619141, -0.00633613532409, -0.0040258038789, -0.00366057921201, -0.00681744655594, -0.000827568932436, 0.00528716249391, -0.0212472658604, 0.0348869524896]]
    },
    "melbands": {
        "dmean": [0.0116744572297, 0.00675439042971, 0.00231427932158, 0.00126238004304, 0.000572454009671, 0.000215797423152, 0.000155460482347, 8.94646436791e-05, 9.57044831011e-05, 7.43832570151e-05, 0.000107734384073, 7.2406277468e-05, 5.98668157181e-05, 0.000113567140943, 4.38487368228e-05, 2.65759954345e-05, 1.99581500056e-05, 9.8818245533e-06, 1.05571925815e-05, 9.94625588646e-06, 9.22883918975e-06, 4.99836778545e-06, 5.40169958185e-06, 5.70938254896e-06, 3.76250977752e-06, 3.31832256961e-06, 4.18832996729e-06, 2.84258226202e-06, 2.50069092544e-06, 2.28867111218e-06, 1.93731057152e-06, 2.04833531825e-06, 2.7647126899e-06, 3.56991859007e-06, 4.2728720473e-06, 3.85100611311e-06, 1.75312197825e-06, 1.59093701768e-06, 1.03657259842e-06, 5.1394977163e-07],
        "dmean2": [0.0179408155382, 0.0105779450387, 0.00403597718105, 0.00223129149526, 0.000963605300058, 0.000381902267691, 0.000255130522419, 0.000155304805958, 0.000160089155543, 0.000129401116283, 0.000187322497368, 0.000122293262393, 9.95176596916e-05, 0.000185301454621, 7.59305476095e-05, 4.67176541861e-05, 3.45485641446e-05, 1.67865091498e-05, 1.826739026e-05, 1.71460342244e-05, 1.66942518263e-05, 8.39801668917e-06, 9.4306506071e-06, 9.79275409918e-06, 6.44253987048e-06, 5.15444480698e-06, 6.62313505018e-06, 4.93890684083e-06, 4.36435175288e-06, 3.67131065104e-06, 3.11653479912e-06, 3.25887094732e-06, 4.47559295935e-06, 6.03069156568e-06, 7.07554863766e-06, 6.38186702417e-06, 2.79172354567e-06, 2.50152606895e-06, 1.62597928011e-06, 8.02361171282e-07],
        "dvar": [0.000337157602189, 9.55329378485e-05, 2.12559516513e-05, 3.12695237881e-06, 6.2699763248e-07, 9.1338108632e-08, 3.15402601814e-08, 1.60205324562e-08, 1.86724360418e-08, 1.65324838264e-08, 4.91669531755e-08, 1.56924020445e-08, 2.154272849e-08, 7.92854280007e-08, 9.30108523534e-09, 2.44988807019e-09, 1.37186306759e-09, 3.35023536691e-10, 4.32646196646e-10, 6.32622121355e-10, 6.79268530313e-10, 1.53383902801e-10, 2.56865806403e-10, 3.56658702572e-10, 1.53398224678e-10, 1.14910359006e-10, 1.79460946104e-10, 8.67770647006e-11, 5.18002758743e-11, 4.33877170303e-11, 2.20562769437e-11, 2.44529188564e-11, 4.39624621429e-11, 1.09113752755e-10, 1.17336557137e-10, 1.30973787371e-10, 2.03289728801e-11, 1.3697663663e-11, 5.52537659723e-12, 1.2988632522e-12],
        "dvar2": [0.000674963055644, 0.000248939119047, 5.94755438215e-05, 8.76935609995e-06, 1.69861004906e-06, 2.65939235078e-07, 8.20150276581e-08, 4.2258093913e-08, 4.905006179e-08, 4.37750458104e-08, 1.33559552751e-07, 3.85996301588e-08, 5.51731247356e-08, 2.02046535946e-07, 2.4871441795e-08, 6.84280143659e-09, 3.79687836727e-09, 8.53781823018e-10, 1.15783949095e-09, 1.71014213901e-09, 1.91889193424e-09, 3.99253158312e-10, 6.92233215194e-10, 9.46340228403e-10, 4.05084188415e-10, 2.73086026015e-10, 4.24716289915e-10, 2.29157220977e-10, 1.35229105691e-10, 1.05009556606e-10, 5.2550810925e-11, 5.48101668219e-11, 9.40317060327e-11, 2.79604672748e-10, 2.77521283731e-10, 3.26461718769e-10, 3.99011795826e-11, 2.9457738332e-11, 1.10508980439e-11, 2.7329967716e-12],
        "max": [0.11591219157, 0.0844383463264, 0.03358354792, 0.0150358900428, 0.0106343040243, 0.00288294767961, 0.00172555726022, 0.00123654922936, 0.00171965546906, 0.00141623232048, 0.00336695392616, 0.00120312126819, 0.00139030220453, 0.00202475115657, 0.000725155579858, 0.000450118357548, 0.000268358067842, 0.000168414262589, 0.000188654346857, 0.000254401471466, 0.000191630228073, 0.000120334232633, 0.000142830132972, 0.000143179262523, 9.40451864153e-05, 9.54627976171e-05, 0.000107931475213, 7.16547729098e-05, 5.8482404711e-05, 5.68779832975e-05, 3.65743435395e-05, 4.17157243646e-05, 4.92580293212e-05, 9.18187288335e-05, 8.03241637186e-05, 9.46524523897e-05, 4.35938309238e-05, 3.00013089145e-05, 2.08737546927e-05, 8.98812504602e-06],
        "mean": [0.0237427745014, 0.0165269896388, 0.00339108961634, 0.00166532886215, 0.00109716015868, 0.000391374633182, 0.000309443450533, 0.000128413244965, 0.000157016154844, 8.58305211295e-05, 0.000148814870045, 8.97709833225e-05, 7.09566447767e-05, 0.000118128307804, 4.01240722567e-05, 2.60187662207e-05, 2.13524017454e-05, 9.50226967689e-06, 9.10082053451e-06, 7.68235076976e-06, 6.2861281549e-06, 4.00272892875e-06, 3.66066819879e-06, 3.86253213946e-06, 2.58499972006e-06, 2.60502702076e-06, 3.21560992234e-06, 1.9119290755e-06, 1.68143219526e-06, 1.69889449353e-06, 1.45609033098e-06, 1.61559512435e-06, 2.19508660848e-06, 2.50743846664e-06, 3.16893374475e-06, 2.80093900074e-06, 1.50776452301e-06, 1.29795682824e-06, 8.6601539806e-07, 4.34713513187e-07],
        "median": [0.0152659416199, 0.0136416535825, 0.00219739926979, 0.00113669829443, 0.000838433858007, 0.000288381706923, 0.000237900807406, 8.6877393187e-05, 8.9558554464e-05, 3.14105309371e-05, 4.02134355681e-05, 2.73398636637e-05, 1.01706500573e-05, 1.64298107848e-05, 7.63674779591e-06, 9.42928727454e-06, 5.96433574174e-06, 2.44402417593e-06, 1.37168478886e-06, 7.71837051161e-07, 5.27580368725e-07, 4.12760897461e-07, 1.81849088676e-07, 9.77503162858e-08, 6.85579522042e-08, 7.32639762191e-08, 3.25087654574e-08, 1.75879542041e-08, 2.62545256646e-08, 4.33811706557e-08, 1.20207772625e-08, 9.35284383274e-09, 1.1352723206e-08, 1.16708509523e-08, 2.31601475775e-08, 8.68954330713e-09, 5.43244915718e-09, 5.5267226351e-09, 3.76162878624e-09, 2.19855667005e-09],
        "min": [2.50870429078e-24, 1.18172255015e-23, 1.27719838551e-23, 1.4747103024e-23, 1.36766424414e-23, 1.85236894108e-23, 1.09378325522e-23, 8.65613915855e-24, 6.11009137581e-24, 4.82744219811e-24, 5.53679696814e-24, 1.49802461314e-23, 5.9752178547e-24, 6.61714868315e-24, 9.84120782e-24, 1.0609477089e-23, 8.78491360158e-24, 8.89330308996e-24, 1.26794449489e-23, 7.97593358784e-24, 1.13231335176e-23, 1.7857441156e-23, 1.13628384646e-23, 1.3555957767e-23, 6.67370646018e-24, 1.11782592123e-23, 1.06369799356e-23, 9.76939150092e-24, 9.45175350198e-24, 1.23034130992e-23, 7.75078479688e-24, 9.46799299258e-24, 1.15781690928e-23, 9.78864049586e-24, 8.67867849234e-24, 1.4345528647e-23, 1.41567021676e-23, 1.28144648037e-23, 9.87418220584e-24, 8.54487506104e-24],
        "stdev": [0.0219839829952, 0.0111114801839, 0.00392409134656, 0.00166171358433, 0.000954426475801, 0.00033557030838, 0.000246877723839, 0.000136698057759, 0.000188380407053, 0.000138060306199, 0.000273398094578, 0.000152213106048, 0.000174661588972, 0.000276922539342, 8.98352882359e-05, 4.44629658887e-05, 3.86212122976e-05, 1.80332099262e-05, 1.94278691197e-05, 2.19701687456e-05, 2.08623168874e-05, 1.1077405361e-05, 1.3279378436e-05, 1.58673974511e-05, 1.0466457752e-05, 1.00192628452e-05, 1.25243668663e-05, 7.80893060437e-06, 6.06330058872e-06, 6.02018963036e-06, 4.44221086582e-06, 4.86414455736e-06, 6.60220166537e-06, 9.06296554604e-06, 1.00484958239e-05, 1.02187459561e-05, 4.70453187518e-06, 3.75368358618e-06, 2.46000990956e-06, 1.18292655316e-06],
        "var": [0.000483295472804, 0.000123464982607, 1.53984910867e-05, 2.76129185295e-06, 9.10929941256e-07, 1.12607430935e-07, 6.09486079384e-08, 1.86863609031e-08, 3.54871758645e-08, 1.90606481709e-08, 7.47465165318e-08, 2.31688286334e-08, 3.05066691908e-08, 7.66860921431e-08, 8.07037903172e-09, 1.97695526616e-09, 1.4915981783e-09, 3.25196675144e-10, 3.77442105348e-10, 4.82688333747e-10, 4.35236263696e-10, 1.22708912476e-10, 1.76341885538e-10, 2.51774323612e-10, 1.09546732796e-10, 1.00385623425e-10, 1.56859761291e-10, 6.09793951445e-11, 3.67636129872e-11, 3.62426824663e-11, 1.97332376134e-11, 2.36599038972e-11, 4.35890663841e-11, 8.21373524751e-11, 1.0097227221e-10, 1.04422769043e-10, 2.21326221239e-11, 1.40901405127e-11, 6.05164833176e-12, 1.39931512558e-12]
    },
    "melbands128": {
