{
"lowlevel": {
    "average_loudness": 0.971801459789,
    "barkbands_crest": {
        "dmean": 2.38911962509,
        "dmean2": 3.7402009964,
        "dvar": 5.40472221375,
        "dvar2": 11.9748687744,
        "max": 25.9733295441,
        "mean": 13.3758306503,
        "median": 12.3118638992,
        "min": 3.37707901001,
        "stdev": 4.85391664505,
        "var": 23.5605068207
    },
    "barkbands_flatness_db": {
        "dmean": 0.0202026814222,
        "dmean2": 0.0306676216424,
        "dvar": 0.000391740875784,
        "dvar2": 0.000832515768707,
        "max": 0.331105232239,
        "mean": 0.189678147435,
        "median": 0.188657209277,
        "min": 0.0490126647055,
        "stdev": 0.0453496463597,
        "var": 0.00205659051426
    },
    "barkbands_kurtosis": {
        "dmean": 4.70264339447,
        "dmean2": 7.42815494537,
        "dvar": 43.7689208984,
        "dvar2": 98.501914978,
        "max": 125.35736084,
        "mean": 12.1965198517,
        "median": 9.39794921875,
        "min": -1.94469547272,
        "stdev": 11.4457578659,
        "var": 131.005371094
    },
    "barkbands_skewness": {
        "dmean": 0.529124319553,
        "dmean2": 0.802925288677,
        "dvar": 0.335992455482,
        "dvar2": 0.693201541901,
        "max": 9.38423442841,
        "mean": 2.52058506012,
        "median": 2.43003630638,
        "min": -2.29321670532,
        "stdev": 1.23027157784,
        "var": 1.51356816292
    },
    "barkbands_spread": {
        "dmean": 3.49376392365,
        "dmean2": 5.27569007874,
        "dvar": 45.9018859863,
        "dvar2": 83.8021621704,
        "max": 94.685798645,
        "mean": 11.3878707886,
        "median": 8.54471683502,
        "min": 1.13024711609,
        "stdev": 12.0334768295,
        "var": 144.80456543
    },
    "dissonance": {
        "dmean": 0.021621145308,
        "dmean2": 0.0341762974858,
        "dvar": 0.000588930444792,
        "dvar2": 0.00130796956364,
        "max": 0.497563183308,
        "mean": 0.438776016235,
        "median": 0.442637503147,
        "min": 0.0192263238132,
        "stdev": 0.0358423888683,
        "var": 0.00128467672039
    },
    "dynamic_complexity": 2.96625113487,
    "erbbands_crest": {
        "dmean": 3.05740809441,
        "dmean2": 4.52441501617,
        "dvar": 9.91537570953,
        "dvar2": 21.8012313843,
        "max": 31.0724201202,
        "mean": 13.9991979599,
        "median": 12.8964958191,
        "min": 3.18511605263,
        "stdev": 6.85311698914,
        "var": 46.9652137756
    },
    "erbbands_flatness_db": {
        "dmean": 0.0179165303707,
        "dmean2": 0.0257117301226,
        "dvar": 0.000380434241379,
        "dvar2": 0.000777920882683,
        "max": 0.305422574282,
        "mean": 0.180319979787,
        "median": 0.180282250047,
        "min": 0.0683407634497,
        "stdev": 0.0450737290084,
        "var": 0.00203164108098
    },
    "erbbands_kurtosis": {
        "dmean": 2.08562970161,
        "dmean2": 3.18894290924,
        "dvar": 9.72484779358,
        "dvar2": 23.168384552,
        "max": 36.29479599,
        "mean": 2.72769570351,
        "median": 0.98847413063,
        "min": -1.71438062191,
        "stdev": 4.98835325241,
        "var": 24.8836688995
    },
    "erbbands_skewness": {
        "dmean": 0.499389886856,
        "dmean2": 0.733690977097,
        "dvar": 0.326867818832,
        "dvar2": 0.627835392952,
        "max": 5.28721237183,
        "mean": 1.28975093365,
        "median": 1.23068761826,
        "min": -6.00797605515,
        "stdev": 1.2134604454,
        "var": 1.47248625755
    },
    "erbbands_spread": {
        "dmean": 7.35339689255,
        "dmean2": 11.1382408142,
        "dvar": 89.2619934082,
        "dvar2": 204.013778687,
        "max": 139.410629272,
        "mean": 34.0870399475,
        "median": 31.6137542725,
        "min": 4.5725440979,
        "stdev": 17.769493103,
        "var": 315.754882812
    },
    "hfc": {
        "dmean": 4.24644756317,
        "dmean2": 5.90182876587,
        "dvar": 99.8152542114,
        "dvar2": 177.998031616,
        "max": 258.36630249,
        "mean": 13.2347316742,
        "median": 8.48232269287,
        "min": 1.22653573606e-16,
        "stdev": 16.4752140045,
        "var": 271.432678223
    },
    "loudness_ebu128": {
        "integrated": -12.2572746277,
        "loudness_range": 2.68754959106,
        "momentary": {
            "dmean": 0.635059416294,
            "dmean2": 0.628838002682,
            "dvar": 0.321988612413,
            "dvar2": 0.335096001625,
            "max": -8.59980392456,
            "mean": -12.6856279373,
            "median": -12.4343414307,
            "min": -19.4474220276,
            "stdev": 2.01738333702,
            "var": 4.069835186
        },
        "short_term": {
            "dmean": 0.0922183319926,
            "dmean2": 0.0850607454777,
            "dvar": 0.00618300633505,
            "dvar2": 0.00582999223843,
            "max": -11.05210495,
            "mean": -12.3077545166,
            "median": -12.2091264725,
            "min": -14.5966882706,
            "stdev": 0.930204451084,
            "var": 0.865280330181
        }
    },
    "melbands_crest": {
        "dmean": 2.74291396141,
        "dmean2": 4.35371923447,
        "dvar": 6.68661403656,
        "dvar2": 15.029756546,
        "max": 32.337272644,
        "mean": 15.8549051285,
        "median": 15.0628490448,
        "min": 1.703135252,
        "stdev": 5.06134557724,
        "var": 25.6172199249
    },
    "melbands_flatness_db": {
        "dmean": 0.0205601379275,
        "dmean2": 0.0307553801686,
        "dvar": 0.000466176657937,
        "dvar2": 0.000898561789654,
        "max": 0.440927833319,
        "mean": 0.264223217964,
        "median": 0.263988047838,
        "min": 0.00591858802363,
        "stdev": 0.0507483668625,
        "var": 0.00257539656013
    },
    "melbands_kurtosis": {
        "dmean": 7.66651678085,
        "dmean2": 12.0102710724,
        "dvar": 102.342735291,
        "dvar2": 241.567001343,
        "max": 158.011352539,
        "mean": 22.6641025543,
        "median": 18.6087150574,
        "min": -1.897559762,
        "stdev": 18.0680027008,
        "var": 326.452697754
    },
    "melbands_skewness": {
        "dmean": 0.62104767561,
        "dmean2": 0.961429178715,
        "dvar": 0.430211871862,
        "dvar2": 0.988269031048,
        "max": 10.6320314407,
        "mean": 3.12474751472,
        "median": 3.0060441494,
        "min": -0.528623461723,
        "stdev": 1.43065214157,
        "var": 2.04676556587
    },
    "melbands_spread": {
        "dmean": 3.92148041725,
        "dmean2": 5.67208528519,
        "dvar": 152.650558472,
        "dvar2": 256.292785645,
        "max": 200.299041748,
        "mean": 11.7534685135,
        "median": 7.94158506393,
        "min": 1.09954249859,
        "stdev": 20.3999137878,
        "var": 416.156463623
    },
    "pitch_salience": {
        "dmean": 0.0640958175063,
        "dmean2": 0.0996204465628,
        "dvar": 0.00390656059608,
        "dvar2": 0.00900482293218,
        "max": 0.895068943501,
        "mean": 0.508454024792,
        "median": 0.516975283623,
        "min": 0.146655753255,
        "stdev": 0.130455747247,
        "var": 0.0170187037438
    },
    "silence_rate_20dB": {
        "dmean": 0,
        "dmean2": 0,
        "dvar": 0,
        "dvar2": 0,
        "max": 1,
        "mean": 1,
        "median": 1,
        "min": 1,
        "stdev": 0,
        "var": 0
    },
    "silence_rate_30dB": {
        "dmean": 0,
        "dmean2": 0,
        "dvar": 0,
        "dvar2": 0,
        "max": 1,
        "mean": 1,
        "median": 1,
        "min": 1,
        "stdev": 0,
        "var": 0
    },
    "silence_rate_60dB": {
        "dmean": 0.00541795650497,
        "dmean2": 0.0108443070203,
        "dvar": 0.00538866221905,
        "dvar2": 0.0107266688719,
        "max": 1,
        "mean": 0.00618716143072,
        "median": 0,
        "min": 0,
        "stdev": 0.0784147679806,
        "var": 0.00614887615666
    },
    "spectral_centroid": {
        "dmean": 158.621276855,
        "dmean2": 234.887969971,
        "dvar": 171515.078125,
        "dvar2": 233601.390625,
        "max": 10903.3134766,
        "mean": 764.829467773,
        "median": 614.137451172,
        "min": 288.038238525,
        "stdev": 660.274475098,
        "var": 435962.34375
    },
    "spectral_complexity": {
        "dmean": 1.83204329014,
        "dmean2": 2.93338489532,
        "dvar": 2.61034178734,
        "dvar2": 5.82824611664,
        "max": 23,
        "mean": 11.045630455,
        "median": 11,
        "min": 0,
        "stdev": 3.71679997444,
        "var": 13.8146028519
    },
    "spectral_decrease": {
        "dmean": 1.75761327714e-09,
        "dmean2": 2.68391464608e-09,
        "dvar": 6.72246251022e-18,
        "dvar2": 1.50794661709e-17,
        "max": 6.61031217208e-29,
        "mean": -6.31034291487e-09,
        "median": -5.06084107954e-09,
        "min": -3.32803011815e-08,
        "stdev": 4.36015668015e-09,
        "var": 1.90109646325e-17
    },
    "spectral_energy": {
        "dmean": 0.00696363812312,
        "dmean2": 0.0105955554172,
        "dvar": 0.000103782447695,
        "dvar2": 0.000233171551372,
        "max": 0.130848750472,
        "mean": 0.0250171218067,
        "median": 0.0200889725238,
        "min": 1.08755485506e-20,
        "stdev": 0.0172312669456,
        "var": 0.000296916579828
    },
    "spectral_energyband_high": {
        "dmean": 0.000256086001173,
        "dmean2": 0.000336595316185,
        "dvar": 2.1249893507e-06,
        "dvar2": 3.37107326231e-06,
        "max": 0.0438599437475,
        "mean": 0.000458255963167,
        "median": 9.63565908023e-05,
        "min": 7.99144925122e-21,
        "stdev": 0.00225071026944,
        "var": 5.06569676872e-06
    },
    "spectral_energyband_low": {
        "dmean": 0.00137480266858,
        "dmean2": 0.00245873443782,
        "dvar": 6.06323146712e-06,
        "dvar2": 1.7544007278e-05,
        "max": 0.0263160038739,
        "mean": 0.00426712445915,
        "median": 0.00349665572867,
        "min": 7.3882251137e-23,
        "stdev": 0.00317609938793,
        "var": 1.00876068245e-05
    },
    "spectral_energyband_middle_high": {
        "dmean": 0.000766032899264,
        "dmean2": 0.000911615148652,
        "dvar": 3.46783804162e-06,
        "dvar2": 4.36108120994e-06,
        "max": 0.0383865088224,
        "mean": 0.00211818516254,
        "median": 0.000925968110096,
        "min": 1.33431624116e-21,
        "stdev": 0.00416631810367,
        "var": 1.73582047864e-05
    },
    "spectral_energyband_middle_low": {
        "dmean": 0.00608491105959,
        "dmean2": 0.00910709891468,
        "dvar": 9.66726365732e-05,
        "dvar2": 0.000216925909626,
        "max": 0.124428108335,
        "mean": 0.0187979377806,
        "median": 0.0143226059154,
        "min": 3.29178402886e-22,
        "stdev": 0.0159922000021,
        "var": 0.000255750434007
    },
    "spectral_entropy": {
        "dmean": 0.176161214709,
        "dmean2": 0.255606144667,
        "dvar": 0.037698186934,
        "dvar2": 0.0680537968874,
        "max": 9.78443241119,
        "mean": 6.9847369194,
        "median": 6.96421766281,
        "min": 5.45303535461,
        "stdev": 0.449331998825,
        "var": 0.201899245381
    },
    "spectral_flux": {
        "dmean": 0.0204738453031,
        "dmean2": 0.0330902971327,
        "dvar": 0.000668217951898,
        "dvar2": 0.00168203888461,
        "max": 0.28172519803,
        "mean": 0.0605243332684,
        "median": 0.0515878088772,
        "min": 1.04285899361e-10,
        "stdev": 0.034659460187,
        "var": 0.0012012780644
    },
    "spectral_kurtosis": {
        "dmean": 1.93959164619,
        "dmean2": 3.29305052757,
        "dvar": 3.82295608521,
        "dvar2": 10.5012283325,
        "max": 24.4454345703,
        "mean": 6.56814479828,
        "median": 5.98597145081,
        "min": -1.22375357151,
        "stdev": 3.31326842308,
        "var": 10.9777469635
    },
    "spectral_rms": {
        "dmean": 0.000660662481096,
        "dmean2": 0.000996755319647,
        "dvar": 6.36005552224e-07,
        "dvar2": 1.32979630507e-06,
        "max": 0.0112985540181,
        "mean": 0.00467002391815,
        "median": 0.00442707538605,
        "min": 3.25734426411e-12,
        "stdev": 0.0016117899213,
        "var": 2.59786679635e-06
    },
    "spectral_rolloff": {
        "dmean": 214.714492798,
        "dmean2": 349.016784668,
        "dvar": 745216.75,
        "dvar2": 1261625.125,
        "max": 18906.1523438,
        "mean": 706.082336426,
        "median": 430.6640625,
        "min": 172.265625,
        "stdev": 1160.41235352,
        "var": 1346556.75
    },
    "spectral_skewness": {
        "dmean": 0.238502249122,
        "dmean2": 0.369368255138,
        "dvar": 0.0532474629581,
        "dvar2": 0.113455541432,
        "max": 4.06052017212,
        "mean": 1.95342934132,
        "median": 1.97173750401,
        "min": -0.298854440451,
        "stdev": 0.517209887505,
        "var": 0.267506062984
    },
    "spectral_spread": {
        "dmean": 462886.75,
        "dmean2": 688744.875,
        "dvar": 1.01621084979e+12,
        "dvar2": 1.51367738982e+12,
        "max": 41614500,
        "mean": 4328540,
        "median": 4010537,
        "min": 2305619.75,
        "stdev": 1765859.375,
        "var": 3.1182595031e+12
    },
    "spectral_strongpeak": {
        "dmean": 0.475729703903,
        "dmean2": 0.74951928854,
        "dvar": 1.14168214798,
        "dvar2": 2.65480303764,
        "max": 25.372385025,
        "mean": 1.38350594044,
        "median": 1.07377517223,
        "min": 0,
        "stdev": 1.4383174181,
        "var": 2.06875705719
    },
    "zerocrossingrate": {
        "dmean": 0.00787939317524,
        "dmean2": 0.00885525066406,
        "dvar": 0.000362580787623,
        "dvar2": 0.000364500563592,
        "max": 0.494140625,
        "mean": 0.0383548140526,
        "median": 0.02978515625,
        "min": 0.005859375,
        "stdev": 0.0347979776561,
        "var": 0.00121089920867
    },
    "barkbands": {
        "dmean": [1.48548615471e-05, 0.000634326192085, 0.000764270313084, 0.000501795206219, 0.0014951589983, 0.00289729633369, 0.00257255835459, 0.000283723289613, 0.000368228531443, 0.000299345585518, 9.56519288593e-05, 9.26020293264e-05, 0.000122562370962, 0.00021686697437, 6.42056766083e-05, 0.000134994043037, 7.65208169469e-05, 4.60921473859e-05, 3.43629290001e-05, 2.68154672085e-05, 5.50637159904e-05, 0.000132697081426, 5.26626135979e-05, 1.33724588522e-05, 1.78918126039e-05, 1.95995344257e-05, 1.6659528228e-06],
        "dmean2": [2.45389110205e-05, 0.0011066836305, 0.00140617520083, 0.000848443713039, 0.00230495305732, 0.00424537155777, 0.00376514834352, 0.000407967658248, 0.000497613917105, 0.000340903789038, 0.000139813651913, 0.000125324251712, 0.00018293109315, 0.000306725443806, 9.98103569145e-05, 0.000203867326491, 0.000116849645565, 6.98873773217e-05, 5.32337871846e-05, 4.04880520364e-05, 7.57979214541e-05, 0.000175993627636, 7.32024418539e-05, 1.88621252164e-05, 2.6434641768e-05, 2.99049024761e-05, 2.68662552116e-06],
        "dvar": [3.01342373277e-09, 3.39540861205e-06, 1.57815077273e-06, 4.65635508817e-07, 6.40930375084e-06, 3.90093991882e-05, 5.27412012161e-05, 2.18301170207e-06, 2.79667960967e-06, 9.98987275125e-07, 6.91012687071e-08, 8.30340738389e-08, 2.2679137146e-07, 1.15032696613e-06, 3.03481471065e-08, 1.60500647439e-07, 2.69631925676e-08, 5.86239146116e-09, 3.56546148161e-09, 3.3603382299e-09, 6.75558098351e-08, 1.16854971566e-06, 1.51581843966e-07, 5.43492539862e-09, 4.91918950019e-09, 6.69732758141e-09, 1.38239086844e-10],
        "dvar2": [7.61113927439e-09, 9.56400344876e-06, 5.47166109754e-06, 1.28259227949e-06, 1.18700309031e-05, 8.48631680128e-05, 0.000115696748253, 3.60312606063e-06, 5.72984799874e-06, 8.63960963216e-07, 1.34220044856e-07, 1.16749077961e-07, 3.85342247e-07, 2.08988740269e-06, 7.05974940729e-08, 3.72881487465e-07, 5.25579118005e-08, 1.37907409936e-08, 7.67221930431e-09, 7.26256654815e-09, 1.25543763829e-07, 2.01049965654e-06, 3.15120416872e-07, 1.06776809616e-08, 1.11906226508e-08, 1.50958303635e-08, 3.29974686464e-10],
        "max": [0.000753655098379, 0.0247032884508, 0.0102590397, 0.0109297893941, 0.0579305812716, 0.121716074646, 0.109907343984, 0.0376581735909, 0.0352005437016, 0.0261352378875, 0.0048924642615, 0.00710312277079, 0.0104584833607, 0.0240227207541, 0.00277546304278, 0.0098168477416, 0.00333189521916, 0.00111953204032, 0.000819990120362, 0.0010110901203, 0.00662523135543, 0.0368771515787, 0.0106494612992, 0.00206783972681, 0.00183269148692, 0.00150425604079, 0.000370856083464],
        "mean": [1.82228377525e-05, 0.00213481602259, 0.00153192516882, 0.00128104456235, 0.00332761649042, 0.00730497948825, 0.00550866732374, 0.000570194388274, 0.000719089410268, 0.000716103590094, 0.00018186608213, 0.00015900991275, 0.000188409772818, 0.000293380348012, 9.06731365831e-05, 0.000212868835661, 0.000135331312777, 9.41660182434e-05, 6.87474966981e-05, 5.13626619068e-05, 9.70955734374e-05, 0.00017785129603, 7.19727540854e-05, 2.23570677917e-05, 3.07068148686e-05, 2.67197592621e-05, 1.97053600459e-06],
        "median": [3.02601870317e-06, 0.00183967244811, 0.000820864457637, 0.000687965191901, 0.00226254761219, 0.00206260988489, 0.000528866192326, 0.00010959982319, 0.000125009930343, 7.33901470085e-05, 6.19482525508e-05, 4.54040527984e-05, 5.82398133702e-05, 5.59739746677e-05, 3.32826384692e-05, 9.21111568459e-05, 6.01130996074e-05, 4.75380729767e-05, 3.59317891707e-05, 2.24928371608e-05, 2.8023185223e-05, 9.7277597888e-06, 7.47169133319e-06, 6.53819233776e-06, 8.32279692986e-06, 2.3954023618e-06, 3.08158831785e-08],
        "min": [2.418471225e-24, 8.50540519451e-24, 3.63364352856e-23, 3.67280100618e-23, 4.71392921592e-23, 2.39207238923e-23, 4.59799695512e-23, 5.14681821539e-23, 7.23926230015e-23, 9.1788024223e-23, 5.07225129609e-23, 1.29033650101e-22, 8.69404297842e-23, 7.99007865273e-23, 7.10271426399e-23, 9.68904333559e-23, 2.23268386375e-22, 2.86682251351e-22, 1.39809780367e-22, 4.24993978548e-22, 5.50563670994e-22, 4.19444209551e-22, 6.11687037312e-22, 1.00469193622e-21, 1.13929377049e-21, 1.74386697376e-21, 2.41035684711e-21],
        "stdev": [5.49424694327e-05, 0.0018990408862, 0.0017941808328, 0.00161961850245, 0.00445029325783, 0.0112490290776, 0.0117568746209, 0.00278656138107, 0.0024555621203, 0.00256018317305, 0.00042747677071, 0.00051882333355, 0.000683157239109, 0.00136734999251, 0.000197161032702, 0.000490743550472, 0.000277498882497, 0.000131072185468, 9.34654308367e-05, 8.44361275085e-05, 0.000387546635466, 0.00152224721387, 0.000460085837403, 9.03986947378e-05, 8.47846094985e-05, 0.000105428851384, 1.4084549548e-05],
        "var": [3.01867508767e-09, 3.60635613106e-06, 3.21908487422e-06, 2.62316393673e-06, 1.98051111511e-05, 0.000126540646306, 0.000138224102557, 7.76492470322e-06, 6.02978525421e-06, 6.55453823128e-06, 1.82736400234e-07, 2.69177661494e-07, 4.6670379561e-07, 1.86964587101e-06, 3.88724714639e-08, 2.40829251652e-07, 7.70056374222e-08, 1.71799197091e-08, 8.73578631655e-09, 7.12946013337e-09, 1.50192391857e-07, 2.31723652178e-06, 2.11678980122e-07, 8.17192447045e-09, 7.18842940728e-09, 1.11152420601e-08, 1.9837452514e-10]
    },
    "erbbands": {
        "dmean": [0.0127585986629, 0.163904666901, 0.717536151409, 1.24620270729, 4.03442811966, 4.86091709137, 13.3362169266, 26.5888557434, 43.4170417786, 13.2215213776, 6.78742980957, 8.29771900177, 8.28594493866, 6.83810091019, 2.85528945923, 3.53103232384, 4.65453052521, 5.20337343216, 10.5940532684, 3.53168535233, 6.68575000763, 4.95269107819, 2.79433870316, 1.64006173611, 1.32769882679, 1.03913748264, 1.97316205502, 2.60067367554, 5.11178684235, 2.91538977623, 1.41445398331, 0.440811902285, 0.184040948749, 0.136629551649, 0.147963002324, 0.0965295657516, 0.0285411700606, 0.00577465351671, 0.000207994715311, 1.13474552563e-05],
        "dmean2": [0.0220543239266, 0.286624491215, 1.29933154583, 2.20568108559, 6.58800840378, 7.37741756439, 19.3218460083, 38.9472923279, 64.4794158936, 19.1864852905, 9.0784034729, 11.3874454498, 10.0918416977, 8.38236999512, 4.04953527451, 4.7958407402, 6.90905809402, 7.60755252838, 14.8796825409, 5.41831874847, 10.1574831009, 7.57400083542, 4.2390704155, 2.53364706039, 1.98518443108, 1.53627467155, 2.88487887383, 3.3576529026, 6.6261548996, 4.48711490631, 2.0240547657, 0.619740605354, 0.257960766554, 0.200889065862, 0.216845139861, 0.144369199872, 0.0451753102243, 0.0092804748565, 0.000347711640643, 1.75727745955e-05],
        "dvar": [0.00202843290754, 0.189838424325, 1.22119271755, 2.97301459312, 30.4814548492, 123.298301697, 1050.80627441, 4296.06054688, 13754.4101562, 3568.53637695, 1073.26928711, 1406.78894043, 605.59173584, 371.75994873, 84.7426757812, 119.162796021, 234.326980591, 293.623779297, 2906.05932617, 100.974380493, 406.252655029, 120.734535217, 21.557384491, 8.1065788269, 4.52999925613, 5.48534345627, 55.7643318176, 242.817596436, 2200.98657227, 614.624389648, 111.081001282, 10.0009803772, 0.52025359869, 0.124707825482, 0.318488955498, 0.240530356765, 0.0204381104559, 0.00153629435226, 1.37087477015e-06, 7.35458749457e-10],
        "dvar2": [0.00576782086864, 0.531772434711, 3.8656847477, 9.78341960907, 78.3184967041, 217.420654297, 2050.76782227, 9946.95898438, 30530.6640625, 7802.34716797, 1681.75268555, 2888.09619141, 791.174255371, 438.807647705, 148.558837891, 182.052246094, 404.461914062, 536.118835449, 5314.26318359, 237.448898315, 962.367553711, 234.217254639, 50.9861412048, 17.7838382721, 9.4579410553, 11.8148870468, 125.135314941, 415.95880127, 3397.79394531, 1525.70568848, 242.105804443, 20.0852451324, 0.927264750004, 0.287719279528, 0.65405100584, 0.482879698277, 0.0473171658814, 0.00372095499188, 3.45325292983e-06, 1.70194547344e-09],
        "max": [0.571589767933, 5.79327440262, 11.1045503616, 21.3858203888, 75.6700210571, 283.304321289, 521.710510254, 1439.85021973, 1499.5958252, 1477.69140625, 862.492797852, 752.429016113, 587.086730957, 379.30847168, 250.809783936, 262.840179443, 351.636138916, 340.435058594, 1002.86932373, 216.78817749, 469.561004639, 234.826187134, 63.3039741516, 36.2886886597, 35.4258079529, 38.4448699951, 156.850982666, 515.313781738, 1592.06469727, 530.515380859, 293.698669434, 90.33203125, 17.3873634338, 6.22213125229, 12.4741888046, 10.2739744186, 3.46581172943, 1.12269461155, 0.0331617519259, 0.000753561034799],
        "mean": [0.0347094535828, 0.573356389999, 1.85427737236, 3.07596898079, 8.06173229218, 11.2848243713, 36.681350708, 62.1487503052, 96.2609634399, 27.2304477692, 13.7777757645, 15.9530324936, 19.5749492645, 15.3417682648, 6.00599861145, 6.30334091187, 7.57454109192, 8.88057231903, 14.147854805, 6.26608848572, 11.4493951797, 9.02811908722, 6.01419830322, 3.70393013954, 2.98376178741, 2.18197536469, 3.55153155327, 4.45900440216, 7.24537324905, 3.46027708054, 1.963778615, 0.68137305975, 0.327594220638, 0.25566470623, 0.258071631193, 0.146786138415, 0.03729987517, 0.0070951031521, 0.000259518361418, 3.47106251866e-05],
        "median": [0.0201143138111, 0.50227856636, 1.20222628117, 1.90887343884, 5.63256168365, 7.12282466888, 8.22952365875, 27.5177440643, 14.086596489, 4.3483171463, 2.90518808365, 3.22234892845, 3.380215168, 3.58532476425, 2.36720657349, 1.99978935719, 2.80239987373, 2.90596270561, 2.61207413673, 3.50468564034, 4.76501607895, 3.8563337326, 3.04543304443, 1.79464483261, 1.63211047649, 1.03267335892, 1.27692186832, 0.854652106762, 0.41952419281, 0.216475233436, 0.222379922867, 0.147962525487, 0.103109359741, 0.0961167812347, 0.0510325245559, 0.0167804788798, 0.00305399671197, 0.000301089661662, 2.17080687435e-05, 2.52914214798e-05],
        "min": [2.31301085605e-22, 2.27907201518e-21, 2.74998036413e-20, 1.12334061091e-19, 6.79700254695e-20, 1.70943258384e-19, 2.32517497508e-19, 2.50486884792e-19, 5.87783996727e-19, 1.02979809001e-18, 1.19064925378e-18, 1.87387945004e-18, 2.90944030058e-18, 2.42903385994e-18, 1.92757277758e-18, 5.89874613008e-18, 3.85803324267e-18, 4.73806780124e-18, 2.79864442061e-18, 4.84756500764e-18, 5.36297090757e-18, 1.44771099401e-17, 1.39639552122e-17, 1.13583387642e-17, 7.72397515918e-18, 1.92050675263e-17, 2.30740493316e-17, 2.28332305855e-17, 1.52849527243e-17, 1.78072447877e-17, 1.55989637197e-17, 1.85488155155e-17, 1.7904976177e-17, 1.3229321221e-17, 7.29892343834e-18, 5.75862711098e-18, 3.63000436321e-18, 1.48859567792e-18, 3.07209632075e-19, 3.44471514344e-20],
        "stdev": [0.0520718619227, 0.467990726233, 1.88039767742, 3.3038585186, 8.1365404129, 17.4632072449, 74.4793243408, 96.102684021, 192.601593018, 88.4348602295, 57.5259971619, 54.8557052612, 56.0860404968, 43.6158065796, 14.6254262924, 18.5971908569, 21.4688358307, 24.2548923492, 68.9578781128, 11.4250583649, 26.4460449219, 17.9205760956, 7.94702291489, 4.8382897377, 3.5799741745, 3.40016126633, 9.72098922729, 25.8179244995, 67.5886535645, 25.2702007294, 12.1584072113, 3.73852443695, 1.00600099564, 0.505591213703, 0.772518396378, 0.643619894981, 0.171236768365, 0.0460231564939, 0.00133145158179, 3.73762122763e-05],
        "var": [0.0027114788536, 0.219015315175, 3.53589558601, 10.9154806137, 66.2032852173, 304.963623047, 5547.16992188, 9235.7265625, 37095.375, 7820.72460938, 3309.24023438, 3009.14819336, 3145.64379883, 1902.33850098, 213.903106689, 345.855499268, 460.910919189, 588.299804688, 4755.18847656, 130.531951904, 699.393249512, 321.147033691, 63.1551742554, 23.4090480804, 12.8162155151, 11.5610961914, 94.4976348877, 666.565246582, 4568.22558594, 638.583007812, 147.826873779, 13.9765644073, 1.01203811169, 0.255622446537, 0.596784710884, 0.414246559143, 0.0293220318854, 0.002118130913, 1.77276331215e-06, 1.39698119739e-09]
    },
    "gfcc": {
        "mean": [-33.7905845642, 113.897392273, -98.5088424683, 33.3306617737, -55.9801940918, -1.33874070644, -48.8944702148, 5.54840993881, -26.5369110107, 5.02117347717, -15.5265188217, 4.16244506836, -3.48343133926],
        "cov": [[3343.64086914, -591.835693359, -156.341461182, -233.046798706, -260.970123291, 20.4120979309, -135.555343628, 61.6276855469, -44.3984222412, 220.032608032, -65.0222549438, 43.7369194031, -65.8962860107], [-591.835693359, 928.016845703, -216.376815796, 20.8728637695, 205.481277466, -114.325790405, 51.2494010925, -25.0737171173, -18.595823288, -139.78302002, 130.924865723, -131.099777222, 107.572662354], [-156.341461182, -216.376815796, 386.707275391, 106.059127808, 14.7074785233, 81.5671386719, 0.867831289768, -9.00646591187, 21.1450405121, 9.46328926086, -43.01404953, 79.6408615112, -53.6214065552], [-233.046798706, 20.8728637695, 106.059127808, 365.341003418, 79.4725570679, 41.9688873291, 41.2969055176, -31.3936271667, 21.8287143707, -93.1468963623, -34.3153800964, 28.7722244263, 0.411849558353], [-260.970123291, 205.481277466, 14.7074785233, 79.4725570679, 203.446304321, -19.8638935089, 20.8735980988, 17.9500827789, -25.4618988037, -56.2647972107, 6.22803735733, -20.8149852753, 20.3898181915], [20.4120979309, -114.325790405, 81.5671386719, 41.9688873291, -19.8638935089, 191.803039551, 68.6861114502, -7.5924115181, 3.96713614464, 13.6705827713, -45.9266700745, 5.3463768959, -48.7840843201], [-135.555343628, 51.2494010925, 0.867831289768, 41.2969055176, 20.8735980988, 68.6861114502, 153.704498291, 11.8692560196, 12.0683612823, -13.8539218903, -27.7256546021, -13.6401834488, -18.4135570526], [61.6276855469, -25.0737171173, -9.00646591187, -31.3936271667, 17.9500827789, -7.5924115181, 11.8692560196, 142.757476807, 12.9749422073, 17.0252170563, -15.6224546432, 3.1192111969, -13.9387140274], [-44.3984222412, -18.595823288, 21.1450405121, 21.8287143707, -25.4618988037, 3.96713614464, 12.0683612823, 12.9749422073, 103.285133362, 19.2734680176, -5.00151586533, 8.02610683441, -28.8116474152], [220.032608032, -139.78302002, 9.46328926086, -93.1468963623, -56.2647972107, 13.6705827713, -13.8539218903, 17.0252170563, 19.2734680176, 148.384368896, 9.05115795135, 0.481227308512, -16.7331790924], [-65.0222549438, 130.924865723, -43.01404953, -34.3153800964, 6.22803735733, -45.9266700745, -27.7256546021, -15.6224546432, -5.00151586533, 9.05115795135, 111.267486572, -7.31234502792, 24.32280159], [43.7369194031, -131.099777222, 79.6408615112, 28.7722244263, -20.8149852753, 5.3463768959, -13.6401834488, 3.1192111969, 8.02610683441, 0.481227308512, -7.31234502792, 100.103645325, 1.30363416672], [-65.8962860107, 107.572662354, -53.6214065552, 0.411849558353, 20.3898181915, -48.7840843201, -18.4135570526, -13.9387140274, -28.8116474152, -16.7331790924, 24.32280159, 1.30363416672, 134.347702026]],
        "icov": [[0.000411234184867, 0.000112469504529, 0.000319076119922, -2.43850954575e-05, 0.000251766323345, -6.81838791934e-05, 0.00032026093686, -0.000136228234624, 0.000338547950378, -0.000429582432844, 0.000240166889853, -0.000185269265785, 0.000183284777449], [0.000112469504529, 0.00316295609809, 0.000633269839454, 0.000435299472883, -0.00217300304212, 0.000465383462142, -0.00117914017756, 0.000371483940398, -0.00120019528549, 0.00220558117144, -0.00297196255997, 0.00270105316304, -0.00132112717256], [0.000319076119922, 0.000633269839454, 0.00432577589527, -0.000697616371326, -0.00112653791439, -0.00125410687178, 0.000828256248496, 0.000405867409427, -0.000209309000638, -0.000736095244065, 0.000352978589945, -0.00258599501103, 0.00107393553481], [-2.43850954575e-05, 0.000435299472883, -0.000697616371326, 0.00429815240204, -0.00166922353674, -0.000539315282367, -0.00063400802901, 0.00104392471258, -0.00177121360321, 0.00256891082972, 0.000221480542677, -0.000382284953957, -0.000669479195494], [0.000251766323345, -0.00217300304212, -0.00112653791439, -0.00166922353674, 0.00857612397522, 0.000704655481968, 0.00013443674834, -0.00200181873515, 0.00289202085696, -0.000369554443751, 0.00137313490268, 0.000110091765237, 0.000508443452418], [-6.81838791934e-05, 0.000465383462142, -0.00125410687178, -0.000539315282367, 0.000704655481968, 0.00818184856325, -0.00354987336323, 0.000786160875577, 0.00112404406536, -0.000679798424244, 0.00116908561904, 0.000972520909272, 0.00148938270286], [0.00032026093686, -0.00117914017756, 0.000828256248496, -0.00063400802901, 0.00013443674834, -0.00354987336323, 0.00942675769329, -0.000971376663074, -0.000449133338407, -0.000664615945425, 0.0022856821306, -0.000431880122051, 0.000726845173631], [-0.000136228234624, 0.000371483940398, 0.000405867409427, 0.00104392471258, -0.00200181873515, 0.000786160875577, -0.000971376663074, 0.00813334900886, -0.00137136492413, -0.000499833317008, 0.00111035013106, -0.000734572007786, 0.000544268870726], [0.000338547950378, -0.00120019528549, -0.000209309000638, -0.00177121360321, 0.00289202085696, 0.00112404406536, -0.000449133338407, -0.00137136492413, 0.0124624911696, -0.00296839675866, 0.00104239489883, -0.0014684057096, 0.00294281356037], [-0.000429582432844, 0.00220558117144, -0.000736095244065, 0.00256891082972, -0.000369554443751, -0.000679798424244, -0.000664615945425, -0.000499833317008, -0.00296839675866, 0.0114810643718, -0.00345390872099, 0.00275434204377, -0.00122012791689], [0.000240166889853, -0.00297196255997, 0.000352978589945, 0.000221480542677, 0.00137313490268, 0.00116908561904, 0.0022856821306, 0.00111035013106, 0.00104239489883, -0.00345390872099, 0.01397265587, -0.0028954630252, 0.000574047444388], [-0.000185269265785, 0.00270105316304, -0.00258599501103, -0.000382284953957, 0.000110091765237, 0.000972520909272, -0.000431880122051, -0.000734572007786, -0.0014684057096, 0.00275434204377, -0.0028954630252, 0.0156381726265, -0.00268294056877], [0.000183284777449, -0.00132112717256, 0.00107393553481, -0.000669479195494, 0.000508443452418, 0.00148938270286, 0.000726845173631, 0.000544268870726, 0.00294281356037, -0.00122012791689, 0.000574047444388, -0.00268294056877, 0.0100427754223]]
    },
    "melbands": {
        "dmean": [0.000144462683238, 0.000306099653244, 0.00028104649391, 0.000321380968671, 0.000391122448491, 0.000611004361417, 0.000593864882831, 0.000115905859275, 5.55550650461e-05, 5.2021448937e-05, 4.49327017122e-05, 3.29697140842e-05, 1.04514138002e-05, 7.55515384299e-06, 1.4071924852e-05, 1.12153393275e-05, 1.01864570752e-05, 2.25162311835e-05, 4.22333141614e-06, 8.32063960843e-06, 7.4972585935e-06, 5.96804784436e-06, 2.60556453213e-06, 2.52848258242e-06, 1.41979455748e-06, 1.40639303936e-06, 8.98876464817e-07, 7.90614649304e-07, 1.10636790396e-06, 1.84399152658e-06, 1.52922359575e-06, 3.66133326679e-06, 2.04358661904e-06, 1.46376692101e-06, 9.10826088329e-07, 5.05311447796e-07, 1.99555643121e-07, 1.39494147788e-07, 1.1126326882e-07, 1.26291084257e-07],
        "dmean2": [0.000249756441917, 0.00054955406813, 0.000486805627588, 0.000503349292558, 0.00056585407583, 0.00089212495368, 0.000883095664904, 0.000169226710568, 7.5292744441e-05, 7.05435741111e-05, 5.38197455171e-05, 3.91914691136e-05, 1.51861231643e-05, 9.92874538497e-06, 2.026569382e-05, 1.71147930814e-05, 1.48439803525e-05, 3.15399011015e-05, 6.56292695567e-06, 1.28117317217e-05, 1.14655504149e-05, 9.08977654035e-06, 3.97948315367e-06, 3.87113504985e-06, 2.25627763939e-06, 2.10652592614e-06, 1.47084324453e-06, 1.17052513815e-06, 1.69998361343e-06, 2.72698707704e-06, 2.14570650314e-06, 5.08857010573e-06, 2.8588076475e-06, 2.26264569392e-06, 1.31899412281e-06, 7.13939243724e-07, 2.94130558132e-07, 1.97448429162e-07, 1.60332078281e-07, 1.898462898e-07],
        "dvar": [2.21095760367e-07, 2.40575474209e-07, 1.12489559001e-07, 2.54683300227e-07, 7.86343321124e-07, 1.83603629011e-06, 2.59729927166e-06, 2.95521431326e-07, 6.37894430611e-08, 5.41696394407e-08, 1.8532693602e-08, 1.00166079875e-08, 9.61000390376e-10, 8.58643489643e-10, 2.45234077489e-09, 2.66236255264e-09, 1.29940036508e-09, 1.41961011835e-08, 9.66188448692e-11, 7.39250161086e-10, 4.83633855186e-10, 1.79446235649e-10, 2.32304436104e-11, 2.42796442673e-11, 6.6289135639e-12, 7.42432938045e-12, 2.94962014882e-12, 4.03868605225e-12, 1.07839093558e-11, 1.08849901315e-10, 1.30076477367e-10, 1.36549749286e-09, 1.86830981241e-10, 1.57158480674e-10, 4.72655005412e-11, 1.3626229485e-11, 1.5332335011e-12, 2.82287024702e-13, 1.0338931588e-13, 1.01013130965e-13],
        "dvar2": [6.26861719866e-07, 7.15981173016e-07, 3.27031330016e-07, 5.32280694188e-07, 1.51224242018e-06, 4.22327411798e-06, 5.82797883908e-06, 6.34705202174e-07, 1.09135974924e-07, 1.07518367543e-07, 2.25276153287e-08, 1.07403748117e-08, 1.85325232938e-09, 1.25818133689e-09, 4.22938883915e-09, 4.23783941272e-09, 2.4591129133e-09, 2.5825366734e-08, 2.12868417337e-10, 1.75421310811e-09, 1.05380337789e-09, 3.5994379699e-10, 4.93342415531e-11, 5.83715020763e-11, 1.53656878887e-11, 1.45641415594e-11, 7.56344986641e-12, 8.54932704492e-12, 2.66938415816e-11, 2.47771470008e-10, 2.87989215808e-10, 2.20919349481e-09, 4.19808021679e-10, 3.76791903234e-10, 1.06127731603e-10, 2.77958489558e-11, 3.10285586287e-12, 4.98237627371e-13, 1.97449085619e-13, 2.49530105779e-13],
        "max": [0.00624269340187, 0.00545324385166, 0.00353183061816, 0.00976472627372, 0.0174716077745, 0.0287860818207, 0.0205845590681, 0.013022005558, 0.00567353470251, 0.00438978988677, 0.00333885382861, 0.00206677173264, 0.000606935238466, 0.000673998089042, 0.00129370414652, 0.0013603430707, 0.000874335470144, 0.00231067300774, 0.00016584614059, 0.000666535401251, 0.000463492702693, 0.00026373215951, 7.47958983993e-05, 8.84284090716e-05, 3.07580121444e-05, 4.73299114674e-05, 2.72355973721e-05, 3.80180208595e-05, 5.72658063902e-05, 0.000255970022408, 0.000379641569452, 0.00128366239369, 0.000254648941336, 0.000267509574769, 0.000193793457584, 9.78361058515e-05, 3.44888649124e-05, 1.22893980006e-05, 6.13930569671e-06, 5.02772627442e-06],
        "mean": [0.000457766436739, 0.000904854561668, 0.000676381692756, 0.000713005953003, 0.00108212349005, 0.00147802033462, 0.0013213037746, 0.000219830093556, 0.000107050829683, 9.99157055048e-05, 0.000105528364656, 7.38880844438e-05, 2.06104887184e-05, 1.42153839988e-05, 2.18383920583e-05, 1.73536100192e-05, 1.6361615053e-05, 2.86437953037e-05, 6.47160777589e-06, 1.23171075757e-05, 1.25929263959e-05, 9.9026301541e-06, 5.24130291524e-06, 4.85295913677e-06, 2.74798935607e-06, 2.71953399533e-06, 1.65941673913e-06, 1.42459839481e-06, 1.93966798179e-06, 2.73401315098e-06, 2.38129905483e-06, 4.94896630698e-06, 2.34496337725e-06, 1.66543520663e-06, 1.22055655538e-06, 6.81345341036e-07, 3.12393297008e-07, 2.29284523812e-07, 1.93045124774e-07, 2.21429772296e-07],
        "median": [0.000364150764653, 0.00071356195258, 0.000488336838316, 0.00049269181909, 0.000298068480333, 0.000671165296808, 0.000176730463863, 3.28648893628e-05, 1.70672010427e-05, 1.71733245224e-05, 1.55203670147e-05, 1.35952268465e-05, 7.1094532359e-06, 4.86858425575e-06, 5.82169514018e-06, 5.20620596944e-06, 4.5852148105e-06, 3.97540907215e-06, 2.61254535872e-06, 6.0605661929e-06, 4.26355745731e-06, 3.78320100936e-06, 2.92069535135e-06, 2.12364898289e-06, 1.2401095546e-06, 1.30627768158e-06, 8.88919714725e-07, 5.50123559151e-07, 7.72606028931e-07, 6.39923371182e-07, 3.87611976294e-07, 2.44758325607e-07, 1.31372686951e-07, 1.00851373475e-07, 1.3667698795e-07, 9.30763519591e-08, 8.01470321221e-08, 6.80334721892e-08, 6.79703404671e-08, 7.83854474662e-08],
        "min": [2.27176321258e-24, 1.20457845381e-23, 1.70460819378e-23, 6.89273526824e-24, 9.52204731953e-24, 5.8229755886e-24, 8.71431370601e-24, 1.12791821322e-23, 1.12208900445e-23, 1.05509136331e-23, 1.45022437545e-23, 9.60773102447e-24, 5.43366089896e-24, 1.36008360639e-23, 1.17900034894e-23, 8.0692400557e-24, 9.21637712939e-24, 3.85841256188e-24, 6.79493781524e-24, 6.76298973744e-24, 5.43791404253e-24, 1.60095502628e-23, 1.11230034502e-23, 1.48759318984e-23, 8.57582128549e-24, 4.02488982302e-24, 7.30599109749e-24, 1.44345263566e-23, 1.71536730989e-23, 8.83827688638e-24, 1.53232081431e-23, 9.0282054045e-24, 6.55585497968e-24, 1.17569659947e-23, 9.19095924216e-24, 8.01435269164e-24, 1.37781735731e-23, 1.37543831059e-23, 1.15854487012e-23, 1.11026484723e-23],
        "stdev": [0.000485296797706, 0.00072927767178, 0.000585615867749, 0.000809519144241, 0.00206590397283, 0.00206070276909, 0.0026172332, 0.000828916381579, 0.000417890580138, 0.000353346928023, 0.000319225917337, 0.00023449024593, 4.87496872665e-05, 4.94466949021e-05, 7.77282984927e-05, 7.42321208236e-05, 4.78553665744e-05, 0.000152288252139, 1.26411705423e-05, 2.89931140287e-05, 3.48940011463e-05, 2.12059039768e-05, 7.43792315916e-06, 8.10332585388e-06, 3.92085485146e-06, 4.25253756475e-06, 2.36087316807e-06, 2.74878948403e-06, 4.06168874179e-06, 1.27010043798e-05, 1.61833213497e-05, 5.17897969985e-05, 1.60723557201e-05, 1.27330322357e-05, 7.69478083384e-06, 4.36502932644e-06, 1.44705177263e-06, 7.42450254165e-07, 4.60056014617e-07, 4.33931546695e-07],
        "var": [2.35512970903e-07, 5.3184595572e-07, 3.42945952525e-07, 6.55321287013e-07, 4.26795941166e-06, 4.2464962462e-06, 6.84990936861e-06, 6.87102328811e-07, 1.74632532435e-07, 1.24854054206e-07, 1.01905179406e-07, 5.49856764565e-08, 2.37653186019e-09, 2.44497555535e-09, 6.04168803875e-09, 5.5104076857e-09, 2.29013608077e-09, 2.31917134386e-08, 1.59799201649e-10, 8.40600644647e-10, 1.21759125005e-09, 4.49690396032e-10, 5.53226978117e-11, 6.56638840524e-11, 1.53731020969e-11, 1.80840776381e-11, 5.57372203946e-12, 7.55584310397e-12, 1.64973139316e-11, 1.61315502623e-10, 2.61899918419e-10, 2.68218314226e-09, 2.58320642654e-10, 1.62130101011e-10, 5.92096580099e-11, 1.90534827499e-11, 2.09395890384e-12, 5.5123239957e-13, 2.11651524215e-13, 1.88296589692e-13]
    },
    "melbands128": {
