{
"lowlevel": {
    "average_loudness": 0.941756725311,
    "barkbands_crest": {
        "dmean": 2.79895210266,
        "dmean2": 4.53037261963,
        "dvar": 10.3026313782,
        "dvar2": 25.8355236053,
        "max": 25.1544151306,
        "mean": 9.17123222351,
        "median": 8.0932674408,
        "min": 2.6725268364,
        "stdev": 4.21950769424,
        "var": 17.8042449951
    },
    "barkbands_flatness_db": {
        "dmean": 0.023725727573,
        "dmean2": 0.0373808182776,
        "dvar": 0.000848727242555,
        "dvar2": 0.00220155157149,
        "max": 0.294489711523,
        "mean": 0.118435561657,
        "median": 0.114631161094,
        "min": 0.0333324447274,
        "stdev": 0.0421361513436,
        "var": 0.00177545519546
    },
    "barkbands_kurtosis": {
        "dmean": 4.47809553146,
        "dmean2": 7.74652099609,
        "dvar": 167.087051392,
        "dvar2": 459.485046387,
        "max": 133.667861938,
        "mean": 3.73739767075,
        "median": 1.33902692795,
        "min": -1.86085188389,
        "stdev": 10.970500946,
        "var": 120.351882935
    },
    "barkbands_skewness": {
        "dmean": 0.684327483177,
        "dmean2": 1.07949328423,
        "dvar": 1.25510978699,
        "dvar2": 3.19084310532,
        "max": 10.6881275177,
        "mean": 1.50568175316,
        "median": 1.32605111599,
        "min": -1.89359652996,
        "stdev": 1.32525372505,
        "var": 1.75629746914
    },
    "barkbands_spread": {
        "dmean": 7.76057291031,
        "dmean2": 11.9960136414,
        "dvar": 118.729850769,
        "dvar2": 250.042556763,
        "max": 103.304847717,
        "mean": 26.4299621582,
        "median": 21.6813163757,
        "min": 1.70290386677,
        "stdev": 16.5311450958,
        "var": 273.278747559
    },
    "dissonance": {
        "dmean": 0.0156838409603,
        "dmean2": 0.0255043357611,
        "dvar": 0.000203623392736,
        "dvar2": 0.000538555555977,
        "max": 0.499025762081,
        "mean": 0.464290082455,
        "median": 0.467774927616,
        "min": 0.360799282789,
        "stdev": 0.0204332508147,
        "var": 0.00041751776007
    },
    "dynamic_complexity": 3.108689785,
    "erbbands_crest": {
        "dmean": 1.95786595345,
        "dmean2": 3.06904768944,
        "dvar": 3.72665500641,
        "dvar2": 9.19750022888,
        "max": 23.3861179352,
        "mean": 7.15822410583,
        "median": 6.35363817215,
        "min": 2.35987973213,
        "stdev": 3.23475909233,
        "var": 10.4636659622
    },
    "erbbands_flatness_db": {
        "dmean": 0.0152043811977,
        "dmean2": 0.0203876979649,
        "dvar": 0.000250844605034,
        "dvar2": 0.000409962784033,
        "max": 0.289210379124,
        "mean": 0.140679478645,
        "median": 0.128587171435,
        "min": 0.0465231686831,
        "stdev": 0.0566837787628,
        "var": 0.00321305077523
    },
    "erbbands_kurtosis": {
        "dmean": 0.604614019394,
        "dmean2": 0.916460394859,
        "dvar": 0.644138753414,
        "dvar2": 1.44853758812,
        "max": 10.4023418427,
        "mean": -0.101444512606,
        "median": -0.476918458939,
        "min": -1.62599444389,
        "stdev": 1.24893474579,
        "var": 1.55983805656
    },
    "erbbands_skewness": {
        "dmean": 0.281686991453,
        "dmean2": 0.431436389685,
        "dvar": 0.079908259213,
        "dvar2": 0.17255577445,
        "max": 1.9801710844,
        "mean": 0.141317635775,
        "median": 0.17186100781,
        "min": -1.93292284012,
        "stdev": 0.536502242088,
        "var": 0.28783467412
    },
    "erbbands_spread": {
        "dmean": 9.60442256927,
        "dmean2": 14.7350893021,
        "dvar": 157.260040283,
        "dvar2": 355.612182617,
        "max": 139.357788086,
        "mean": 44.0443916321,
        "median": 38.7167510986,
        "min": 8.99410915375,
        "stdev": 21.5337505341,
        "var": 463.702423096
    },
    "hfc": {
        "dmean": 10.9345178604,
        "dmean2": 15.9677410126,
        "dvar": 399.644897461,
        "dvar2": 938.224365234,
        "max": 199.091491699,
        "mean": 25.2332668304,
        "median": 17.8509807587,
        "min": 1.18821027452e-16,
        "stdev": 27.2093372345,
        "var": 740.348022461
    },
    "loudness_ebu128": {
        "integrated": -11.0898990631,
        "loudness_range": 4.7852973938,
        "momentary": {
            "dmean": 0.561381399632,
            "dmean2": 0.800845086575,
            "dvar": 0.256888061762,
            "dvar2": 0.474802345037,
            "max": -6.64636659622,
            "mean": -11.7425050735,
            "median": -10.796163559,
            "min": -20.7353992462,
            "stdev": 2.7188231945,
            "var": 7.39199924469
        },
        "short_term": {
            "dmean": 0.0825294181705,
            "dmean2": 0.0995828136802,
            "dvar": 0.00680041313171,
            "dvar2": 0.00771505944431,
            "max": -9.51803398132,
            "mean": -11.3112306595,
            "median": -10.5316619873,
            "min": -17.7828617096,
            "stdev": 1.97628569603,
            "var": 3.90570497513
        }
    },
    "melbands_crest": {
        "dmean": 3.04631972313,
        "dmean2": 4.76877689362,
        "dvar": 9.48416900635,
        "dvar2": 23.8070869446,
        "max": 31.9526119232,
        "mean": 12.8740587234,
        "median": 12.1788873672,
        "min": 1.82627546787,
        "stdev": 4.99541425705,
        "var": 24.954164505
    },
    "melbands_flatness_db": {
        "dmean": 0.0293092876673,
        "dmean2": 0.045208606869,
        "dvar": 0.00128547498025,
        "dvar2": 0.0031932592392,
        "max": 0.411344707012,
        "mean": 0.185153707862,
        "median": 0.179232627153,
        "min": 0.00405035959557,
        "stdev": 0.0523937940598,
        "var": 0.00274510984309
    },
    "melbands_kurtosis": {
        "dmean": 13.1916103363,
        "dmean2": 22.6404418945,
        "dvar": 1323.33447266,
        "dvar2": 3591.35742188,
        "max": 351.081390381,
        "mean": 15.5840549469,
        "median": 7.21653270721,
        "min": -1.54105699062,
        "stdev": 31.9722137451,
        "var": 1022.22247314
    },
    "melbands_skewness": {
        "dmean": 0.979011535645,
        "dmean2": 1.55259168148,
        "dvar": 2.75502419472,
        "dvar2": 6.82653284073,
        "max": 15.6365270615,
        "mean": 2.80441260338,
        "median": 2.40643262863,
        "min": -0.450010567904,
        "stdev": 2.0398850441,
        "var": 4.16113090515
    },
    "melbands_spread": {
        "dmean": 7.9831662178,
        "dmean2": 12.2328739166,
        "dvar": 139.036239624,
        "dvar2": 305.886657715,
        "max": 181.953964233,
        "mean": 24.9461193085,
        "median": 21.4946422577,
        "min": 1.02496826649,
        "stdev": 17.0544509888,
        "var": 290.854278564
    },
    "pitch_salience": {
        "dmean": 0.0736303031445,
        "dmean2": 0.116856135428,
        "dvar": 0.00605460721999,
        "dvar2": 0.0157013572752,
        "max": 0.832339406013,
        "mean": 0.555340826511,
        "median": 0.575788199902,
        "min": 0.113586880267,
        "stdev": 0.120896756649,
        "var": 0.0146160256118
    },
    "silence_rate_20dB": {
        "dmean": 0,
        "dmean2": 0,
        "dvar": 0,
        "dvar2": 0,
        "max": 1,
        "mean": 1,
        "median": 1,
        "min": 1,
        "stdev": 0,
        "var": 0
    },
    "silence_rate_30dB": {
        "dmean": 0.0897832810879,
        "dmean2": 0.179705649614,
        "dvar": 0.0817232578993,
        "dvar2": 0.172196269035,
        "max": 1,
        "mean": 0.921113669872,
        "median": 1,
        "min": 0,
        "stdev": 0.269562393427,
        "var": 0.0726638883352
    },
    "silence_rate_60dB": {
        "dmean": 0.0162538699806,
        "dmean2": 0.0325329191983,
        "dvar": 0.0159904677421,
        "dvar2": 0.0345714762807,
        "max": 1,
        "mean": 0.0572312436998,
        "median": 0,
        "min": 0,
        "stdev": 0.232282474637,
        "var": 0.0539551489055
    },
    "spectral_centroid": {
        "dmean": 280.77243042,
        "dmean2": 435.343383789,
        "dvar": 144136.78125,
        "dvar2": 278691.5625,
        "max": 11066.9707031,
        "mean": 1406.6875,
        "median": 1298.07250977,
        "min": 319.536193848,
        "stdev": 585.522766113,
        "var": 342836.875
    },
    "spectral_complexity": {
        "dmean": 3.9357585907,
        "dmean2": 6.00619697571,
        "dvar": 22.8605155945,
        "dvar2": 48.4461975098,
        "max": 56,
        "mean": 20.4856929779,
        "median": 19,
        "min": 0,
        "stdev": 8.10912227631,
        "var": 65.7578659058
    },
    "spectral_decrease": {
        "dmean": 5.66911984023e-09,
        "dmean2": 9.54602974446e-09,
        "dvar": 1.7705520432e-16,
        "dvar2": 4.6527715669e-16,
        "max": 1.28930522486e-29,
        "mean": -8.74926353589e-09,
        "median": -5.86254333967e-09,
        "min": -9.6107662273e-08,
        "stdev": 1.22820580373e-08,
        "var": 1.50848944609e-16
    },
    "spectral_energy": {
        "dmean": 0.0219555851072,
        "dmean2": 0.0368243195117,
        "dvar": 0.0025821083691,
        "dvar2": 0.00677497638389,
        "max": 0.371335506439,
        "mean": 0.035310447216,
        "median": 0.0244183000177,
        "min": 1.07287554958e-20,
        "stdev": 0.0473620630801,
        "var": 0.0022431651596
    },
    "spectral_energyband_high": {
        "dmean": 0.000920257996768,
        "dmean2": 0.00137908617035,
        "dvar": 4.45550449513e-06,
        "dvar2": 9.69662869466e-06,
        "max": 0.0233276914805,
        "mean": 0.00137170520611,
        "median": 0.000404992169933,
        "min": 7.916662915e-21,
        "stdev": 0.00270108692348,
        "var": 7.29587100068e-06
    },
    "spectral_energyband_low": {
        "dmean": 0.0168911274523,
        "dmean2": 0.0290195960552,
        "dvar": 0.00245428225026,
        "dvar2": 0.00652778334916,
        "max": 0.327656418085,
        "mean": 0.018010886386,
        "median": 0.0094014601782,
        "min": 2.71974249007e-23,
        "stdev": 0.0432141385972,
        "var": 0.00186746171676
    },
    "spectral_energyband_middle_high": {
        "dmean": 0.00165551516693,
        "dmean2": 0.00241412618198,
        "dvar": 6.03909575148e-06,
        "dvar2": 1.18592188301e-05,
        "max": 0.0275499038398,
        "mean": 0.00514056673273,
        "median": 0.00302379624918,
        "min": 1.4373907003e-21,
        "stdev": 0.00502406898886,
        "var": 2.52412701229e-05
    },
    "spectral_energyband_middle_low": {
        "dmean": 0.00604188954458,
        "dmean2": 0.00994328781962,
        "dvar": 0.000251247663982,
        "dvar2": 0.000660809513647,
        "max": 0.176927492023,
        "mean": 0.0115034393966,
        "median": 0.00785864703357,
        "min": 3.18585073779e-22,
        "stdev": 0.0157363470644,
        "var": 0.000247632648097
    },
    "spectral_entropy": {
        "dmean": 0.159068346024,
        "dmean2": 0.226055324078,
        "dvar": 0.0316415727139,
        "dvar2": 0.0544131249189,
        "max": 9.80139446259,
        "mean": 7.66622924805,
        "median": 7.60311365128,
        "min": 6.79930019379,
        "stdev": 0.424088507891,
        "var": 0.179851070046
    },
    "spectral_flux": {
        "dmean": 0.0409231595695,
        "dmean2": 0.0638284683228,
        "dvar": 0.00466069113463,
        "dvar2": 0.00935967918485,
        "max": 0.560250282288,
        "mean": 0.0954037755728,
        "median": 0.0706212371588,
        "min": 1.03579707311e-10,
        "stdev": 0.0882508307695,
        "var": 0.00778820971027
    },
    "spectral_kurtosis": {
        "dmean": 1.71327102184,
        "dmean2": 2.77936577797,
        "dvar": 4.03570175171,
        "dvar2": 11.7489671707,
        "max": 17.6130752563,
        "mean": 4.19901180267,
        "median": 3.67032670975,
        "min": -1.20290386677,
        "stdev": 2.87665820122,
        "var": 8.27516269684
    },
    "spectral_rms": {
        "dmean": 0.00126660207752,
        "dmean2": 0.00197710935026,
        "dvar": 5.31361138201e-06,
        "dvar2": 1.30521593746e-05,
        "max": 0.0190336164087,
        "mean": 0.00513769127429,
        "median": 0.00488085346296,
        "min": 3.23528638775e-12,
        "stdev": 0.00283784209751,
        "var": 8.05334821052e-06
    },
    "spectral_rolloff": {
        "dmean": 673.430297852,
        "dmean2": 1095.42541504,
        "dvar": 1800018,
        "dvar2": 3675270,
        "max": 18776.953125,
        "mean": 1671.13122559,
        "median": 1227.39257812,
        "min": 64.599609375,
        "stdev": 1894.95727539,
        "var": 3590863
    },
    "spectral_skewness": {
        "dmean": 0.24217762053,
        "dmean2": 0.38270804286,
        "dvar": 0.0580931641161,
        "dvar2": 0.13908855617,
        "max": 2.96449589729,
        "mean": 1.5122628212,
        "median": 1.48210310936,
        "min": -0.0445901416242,
        "stdev": 0.418660610914,
        "var": 0.175276711583
    },
    "spectral_spread": {
        "dmean": 746431.4375,
        "dmean2": 978363.1875,
        "dvar": 1.78528151142e+12,
        "dvar2": 2.20108816384e+12,
        "max": 41343500,
        "mean": 5169823.5,
        "median": 4766929,
        "min": 1939743,
        "stdev": 2513540.75,
        "var": 6.31788693094e+12
    },
    "spectral_strongpeak": {
        "dmean": 0.470112621784,
        "dmean2": 0.819645524025,
        "dvar": 0.67014926672,
        "dvar2": 1.63483810425,
        "max": 8.50078201294,
        "mean": 0.718633770943,
        "median": 0.368984401226,
        "min": 0,
        "stdev": 0.989997923374,
        "var": 0.980095863342
    },
    "zerocrossingrate": {
        "dmean": 0.0142039954662,
        "dmean2": 0.0166477058083,
        "dvar": 0.000395685201511,
        "dvar2": 0.000491531915031,
        "max": 0.4990234375,
        "mean": 0.070290222764,
        "median": 0.0595703125,
        "min": 0.009765625,
        "stdev": 0.0453073941171,
        "var": 0.00205275998451
    },
    "barkbands": {
        "dmean": [0.000805328250863, 0.0138264857233, 0.00321896490641, 0.00138413009699, 0.00397440278903, 0.000662508478854, 0.000653895724099, 0.000645525753498, 0.000611481489614, 0.000560290529393, 0.000263758236542, 0.000243538990617, 0.000247317511821, 0.000289983930998, 0.000363466067938, 0.000219016234041, 0.000275107915513, 0.000299221428577, 0.000190187100088, 0.000163620716194, 0.000135244641569, 0.000156831083586, 0.00019838330627, 0.000226356874919, 0.000141891447129, 9.44850035012e-05, 1.29525633383e-05],
        "dmean2": [0.00136334064882, 0.0243197511882, 0.00582397403196, 0.0024810472969, 0.00657843658701, 0.00105667498428, 0.00105022266507, 0.000984816811979, 0.000922943057958, 0.000794545223471, 0.000387013424188, 0.00034837090061, 0.000389649096178, 0.000451229658211, 0.000537323241588, 0.00035920451046, 0.000449551123893, 0.000490412523504, 0.000304038927425, 0.00027774242335, 0.000230762962019, 0.000257661769865, 0.000307222158881, 0.000341253587976, 0.000208993224078, 0.000141766722663, 2.07845459954e-05],
        "dvar": [4.82213363284e-06, 0.00179906247649, 0.000110453751404, 9.77997660812e-06, 0.000165452423971, 2.09190534406e-06, 1.54853989898e-06, 1.71658700765e-06, 1.94188260139e-06, 1.11377164558e-06, 3.91695067492e-07, 4.89674732762e-07, 2.10592162375e-07, 3.11947843556e-07, 7.89980219906e-07, 1.96597724766e-07, 4.52820188457e-07, 4.604800381e-07, 1.15445018878e-07, 1.09844457086e-07, 1.19151835065e-07, 1.45589226008e-07, 2.59474433051e-07, 3.81865191912e-07, 1.39791595188e-07, 4.76001318361e-08, 9.60500901037e-10],
        "dvar2": [1.24320904433e-05, 0.00483510876074, 0.00031754153315, 2.83249173663e-05, 0.000436324044131, 5.42838870388e-06, 3.9134411054e-06, 4.03414514949e-06, 4.37342396253e-06, 2.13874795918e-06, 8.04855119441e-07, 7.92874629951e-07, 5.02547607084e-07, 7.641818911e-07, 1.43990973811e-06, 5.07102640768e-07, 1.01081172943e-06, 1.20920219615e-06, 2.63920895804e-07, 2.95134356065e-07, 3.27529789956e-07, 3.4365282886e-07, 5.59052182325e-07, 8.27503640721e-07, 2.91037082434e-07, 1.04237287246e-07, 2.26263674463e-09],
        "max": [0.0242457948625, 0.267939925194, 0.0989017561078, 0.0374470762908, 0.147221252322, 0.0174970496446, 0.0132353091612, 0.0168632343411, 0.0188313573599, 0.0189042519778, 0.0129542611539, 0.01702613011, 0.00645872531459, 0.00773121323436, 0.0150323966518, 0.00651072151959, 0.0129532013088, 0.00704782083631, 0.00473448634148, 0.0031354133971, 0.00422286707908, 0.00391037110239, 0.00590021489188, 0.00842250697315, 0.00672730663791, 0.00318820308894, 0.000361929327482],
        "mean": [0.00077132799197, 0.0130950091407, 0.00375898368657, 0.00156734895427, 0.0046902243048, 0.00121855002362, 0.00109988765325, 0.00121223961469, 0.0010482998332, 0.00129009911325, 0.000504935858771, 0.000461375631858, 0.000404127233196, 0.000487769342726, 0.000621105369646, 0.00034771556966, 0.000469766528113, 0.00041876747855, 0.000338155688951, 0.000220566042117, 0.000155957764946, 0.000199002985028, 0.000267070136033, 0.000315299548674, 0.000206837125006, 0.000125818216475, 1.4236212337e-05],
        "median": [0.000126148399431, 0.00554555468261, 0.0018953976687, 0.000517117790878, 0.00178893934935, 0.000564452202525, 0.000607199501246, 0.000660780351609, 0.000354208808858, 0.000640572514385, 0.000250082346611, 0.00013196648797, 0.00021837298118, 0.000281752145384, 0.000222811941057, 0.000173654989339, 0.000189777521882, 0.000170988947502, 0.000143612865941, 0.000110163236968, 3.41048980772e-05, 4.13773414039e-05, 7.31484105927e-05, 8.48085037433e-05, 3.87130203308e-05, 1.67403468367e-05, 7.36673882784e-07],
        "min": [2.24287256243e-24, 3.50582329169e-24, 9.91734078597e-24, 4.29701780524e-23, 7.86438029391e-23, 2.26535955529e-23, 3.2832857881e-23, 7.21002963936e-23, 4.68035782015e-23, 1.02115172727e-22, 2.99602272055e-23, 1.41960240438e-22, 7.32994470111e-23, 6.56591208847e-23, 9.53392803808e-23, 9.82939620567e-23, 1.64189898985e-22, 9.43643934523e-23, 3.46108620089e-22, 4.19258669466e-22, 6.36599643352e-22, 5.90750643644e-22, 6.49742444686e-22, 9.17474565776e-22, 1.10045232949e-21, 1.61423014167e-21, 2.51706617535e-21],
        "stdev": [0.00214358675294, 0.0357785448432, 0.00856974907219, 0.00275567895733, 0.0118387527764, 0.00188515253831, 0.00145131384488, 0.00170084740967, 0.00191698793788, 0.00196211109869, 0.00086034485139, 0.001384613337, 0.000624746026006, 0.000676562078297, 0.00132597668562, 0.000533217622433, 0.00100267014932, 0.000743555370718, 0.000530101417098, 0.0003245222033, 0.000328010559315, 0.00042646532529, 0.000618374149781, 0.000763488118537, 0.000500633614138, 0.000273319456028, 3.41786035278e-05],
        "var": [4.59496413896e-06, 0.00128010427579, 7.34406057745e-05, 7.59376644055e-06, 0.000140156058478, 3.55380007022e-06, 2.10631196751e-06, 2.89288209387e-06, 3.67484267372e-06, 3.84988015867e-06, 7.40193286219e-07, 1.91715412257e-06, 3.90307633324e-07, 4.57736234694e-07, 1.75821423909e-06, 2.84321032495e-07, 1.00534737157e-06, 5.5287455325e-07, 2.81007487501e-07, 1.05314654775e-07, 1.07590921061e-07, 1.81872664484e-07, 3.82386616593e-07, 5.82914083225e-07, 2.50634002441e-07, 7.47035286963e-08, 1.16817688856e-09]
    },
    "erbbands": {
        "dmean": [0.373992264271, 3.20687174797, 4.50033950806, 3.85394120216, 11.1370916367, 13.2055978775, 5.92253541946, 6.60133123398, 9.04122924805, 12.7502918243, 8.7215461731, 16.457736969, 14.8491077423, 14.5973329544, 12.6580848694, 8.28763198853, 11.2857313156, 14.400147438, 16.8607196808, 14.6240758896, 9.63981437683, 13.6253252029, 17.8897838593, 10.542974472, 9.49843978882, 6.59984588623, 5.5737080574, 5.41860437393, 5.43621635437, 6.13137102127, 5.53044605255, 5.46085166931, 3.35278916359, 1.77221000195, 0.966695964336, 0.482182353735, 0.158904850483, 0.0364454127848, 0.0013039377518, 4.75052002002e-05],
        "dmean2": [0.64294809103, 5.62068414688, 8.05236625671, 7.0024356842, 19.0865497589, 21.8666095734, 9.90991687775, 10.3948583603, 14.2979450226, 19.8595046997, 13.5057926178, 24.6353912354, 20.7878742218, 20.9493751526, 17.7178955078, 12.1773939133, 17.685710907, 22.0876369476, 25.575750351, 22.3007335663, 15.6286582947, 21.5917205811, 29.0457305908, 17.5325508118, 14.8400030136, 11.1907281876, 9.75088691711, 9.11019420624, 8.92262744904, 9.94164085388, 8.64754390717, 8.19577407837, 5.10863161087, 2.62392711639, 1.41682052612, 0.721743822098, 0.244863763452, 0.0562187023461, 0.00209015188739, 7.48841048335e-05],
        "dvar": [1.45211827755, 92.9713745117, 204.017929077, 101.979782104, 1357.24731445, 1647.26696777, 173.240463257, 221.86517334, 300.8621521, 506.505767822, 407.091369629, 1457.37341309, 946.634765625, 1095.55578613, 895.469238281, 366.478363037, 417.115386963, 767.272949219, 1351.3482666, 1379.62243652, 329.490447998, 1093.27526855, 1410.1451416, 363.40246582, 283.203186035, 204.439865112, 225.021118164, 185.808166504, 167.856262207, 265.734100342, 197.177734375, 206.526657104, 89.3450698853, 21.5859832764, 6.22786045074, 1.37168431282, 0.136130541563, 0.00688618700951, 1.02487265394e-05, 7.35289740206e-09],
        "dvar2": [3.84477686882, 253.349746704, 577.215209961, 294.459106445, 3560.4987793, 4472.21386719, 435.120300293, 570.747558594, 747.178833008, 1195.52148438, 1016.90655518, 3246.74267578, 1828.3425293, 2113.74707031, 1524.35119629, 695.201293945, 984.98815918, 1890.3795166, 2677.66430664, 3225.17114258, 757.358581543, 2427.70068359, 3542.72460938, 937.95489502, 612.563781738, 549.244934082, 632.604248047, 492.537322998, 394.922119141, 629.696289062, 424.64755249, 445.479797363, 199.999832153, 47.1624603271, 12.8020114899, 2.98920822144, 0.309798419476, 0.0155380805954, 2.45853061642e-05, 1.7451640133e-08],
        "max": [8.91361713409, 61.1562576294, 125.887573242, 115.520713806, 391.005065918, 487.905517578, 179.157806396, 175.866836548, 217.20501709, 343.015136719, 272.861419678, 577.38293457, 681.310241699, 625.551696777, 630.821044922, 476.376831055, 339.244995117, 407.901123047, 590.136291504, 800.821716309, 345.789825439, 577.744689941, 479.519439697, 225.844589233, 212.291244507, 148.877197266, 226.589187622, 166.222167969, 119.05291748, 177.621078491, 167.710220337, 157.114273071, 138.767990112, 82.3187026978, 35.5330734253, 19.1476020813, 4.50550794601, 0.877575337887, 0.0391146279871, 0.000792441540398],
        "mean": [0.350159555674, 2.98869347572, 5.13779211044, 4.39416599274, 12.0230751038, 15.5033864975, 9.51291656494, 12.5037603378, 16.6028404236, 25.4055099487, 15.7637023926, 29.454864502, 36.4795455933, 30.4834289551, 25.2368030548, 16.4741840363, 19.5125656128, 26.4209022522, 28.5286464691, 25.0211715698, 17.7770214081, 24.1677837372, 29.3815383911, 17.4521446228, 16.5973472595, 9.41345500946, 6.27254581451, 6.58522748947, 6.82955265045, 7.84347677231, 7.49142837524, 7.55541324615, 4.54287004471, 2.48624920845, 1.37908840179, 0.637361288071, 0.206315889955, 0.0458700582385, 0.00149341952056, 7.74841973907e-05],
        "median": [0.120643794537, 1.25401353836, 2.78580975533, 2.11212825775, 3.23929476738, 5.79146385193, 5.16544818878, 5.59019517899, 9.64981365204, 15.1687965393, 8.20049095154, 10.5969657898, 18.1249217987, 12.8256320953, 11.8457136154, 6.7159948349, 10.9987535477, 16.0078525543, 12.5765151978, 10.7844333649, 9.52242183685, 9.68577671051, 12.8448009491, 8.90034103394, 6.19844961166, 4.62456893921, 1.93321418762, 1.26126778126, 1.393004179, 1.86883676052, 2.09500718117, 2.1496052742, 1.05677175522, 0.485101759434, 0.243138685822, 0.100056611001, 0.0254244785756, 0.00406695809215, 0.000123272839119, 4.06308390666e-05],
        "min": [9.57885208891e-23, 9.51517309094e-22, 1.04076034308e-20, 7.12857466432e-20, 2.36112760493e-19, 2.12874129309e-19, 3.46611346578e-19, 1.49036452611e-19, 3.38476464694e-19, 7.30352762903e-19, 1.72108905794e-18, 1.20456915253e-18, 2.90555213811e-18, 2.30232943564e-18, 2.56871364613e-18, 5.03510298253e-18, 3.16512389587e-18, 2.30989358875e-18, 5.81045080354e-18, 3.78972549487e-18, 6.3552476714e-18, 9.12681309389e-18, 5.49968318331e-18, 1.46625886489e-17, 1.96287494361e-17, 1.81433960994e-17, 2.66432939701e-17, 2.02059014736e-17, 1.91001479374e-17, 2.21680086281e-17, 1.9301156135e-17, 1.67062558118e-17, 1.52486378411e-17, 1.27788477584e-17, 7.7185645708e-18, 5.08872579292e-18, 3.1033041392e-18, 1.34187162163e-18, 3.57931390809e-19, 3.44505409362e-20],
        "stdev": [1.03344464302, 8.02978515625, 11.7095441818, 8.32146072388, 33.7472496033, 36.4809913635, 14.4541454315, 19.4580688477, 21.0526943207, 30.1318435669, 23.6855602264, 53.0642929077, 59.0989952087, 56.1545753479, 48.3462638855, 33.5866775513, 28.2685489655, 33.7161216736, 53.2572174072, 45.7493476868, 25.9925670624, 50.7254562378, 48.243724823, 23.348608017, 27.5031909943, 14.2713575363, 13.3536911011, 13.8094568253, 14.3729343414, 18.0003376007, 17.2295360565, 17.7341785431, 11.4184989929, 6.04095602036, 3.32891201973, 1.46422433853, 0.445977479219, 0.100152440369, 0.00350296986289, 0.000102730751678],
        "var": [1.06800782681, 64.4774475098, 137.113418579, 69.246711731, 1138.87683105, 1330.8626709, 208.922317505, 378.616455078, 443.2159729, 907.927978516, 561.00579834, 2815.81933594, 3492.69140625, 3153.33618164, 2337.36132812, 1128.06481934, 799.110839844, 1136.77697754, 2836.33129883, 2093.00268555, 675.613525391, 2573.07202148, 2327.45703125, 545.157531738, 756.425476074, 203.671646118, 178.321060181, 190.70111084, 206.581253052, 324.012145996, 296.856903076, 314.501068115, 130.382110596, 36.4931488037, 11.0816555023, 2.14395308495, 0.198895916343, 0.0100305108353, 1.22707979244e-05, 1.05536077655e-08]
    },
    "gfcc": {
        "mean": [9.63627719879, 89.0730438232, -117.897521973, 27.5092201233, -55.6489105225, 13.1416158676, -40.1311225891, 12.7305030823, -21.9112186432, -1.08888280392, -14.2716836929, -0.723368287086, -14.2679252625],
        "cov": [[11877.4648438, -1484.4486084, 1744.87463379, 408.079772949, -0.813112795353, 988.043701172, -292.739990234, 751.404541016, -165.917526245, 387.146759033, -238.364471436, 364.056854248, -263.648223877], [-1484.4486084, 1738.58605957, -1230.10375977, -105.136100769, 52.1480026245, -481.813140869, 199.907516479, -338.247497559, 70.9898376465, -279.24432373, 156.274200439, -210.188079834, 130.531829834], [1744.87463379, -1230.10375977, 1835.93676758, 264.592468262, 251.844482422, 704.101806641, 58.7895889282, 469.485626221, -33.9197006226, 411.593444824, -146.513961792, 305.396514893, -121.647140503], [408.079772949, -105.136100769, 264.592468262, 310.36932373, 57.9955024719, 102.066574097, 47.8120689392, 43.2458953857, 44.6599121094, 75.231880188, -3.09413743019, 42.3675231934, 18.6227207184], [-0.813112795353, 52.1480026245, 251.844482422, 57.9955024719, 299.923492432, 105.34778595, 104.218849182, 123.710113525, 23.9769172668, 85.6904678345, -0.364457219839, 48.5446968079, -0.997912347317], [988.043701172, -481.813140869, 704.101806641, 102.066574097, 105.34778595, 399.317016602, 67.3053741455, 227.826797485, -2.36225414276, 168.463653564, -43.6093940735, 122.97416687, -52.658241272], [-292.739990234, 199.907516479, 58.7895889282, 47.8120689392, 104.218849182, 67.3053741455, 224.943161011, 22.2404003143, 43.3746948242, 42.3849945068, 9.38338375092, 19.1612529755, 26.5700588226], [751.404541016, -338.247497559, 469.485626221, 43.2458953857, 123.710113525, 227.826797485, 22.2404003143, 253.223968506, 8.55321598053, 122.0807724, -25.6614437103, 83.4303131104, -45.9708099365], [-165.917526245, 70.9898376465, -33.9197006226, 44.6599121094, 23.9769172668, -2.36225414276, 43.3746948242, 8.55321598053, 91.8424224854, 24.5765018463, 21.8584156036, -8.16240978241, 13.0169610977], [387.146759033, -279.24432373, 411.593444824, 75.231880188, 85.6904678345, 168.463653564, 42.3849945068, 122.0807724, 24.5765018463, 167.930908203, -22.6728687286, 74.4697799683, -17.136051178], [-238.364471436, 156.274200439, -146.513961792, -3.09413743019, -0.364457219839, -43.6093940735, 9.38338375092, -25.6614437103, 21.8584156036, -22.6728687286, 74.3141403198, -14.7363615036, 13.6396532059], [364.056854248, -210.188079834, 305.396514893, 42.3675231934, 48.5446968079, 122.97416687, 19.1612529755, 83.4303131104, -8.16240978241, 74.4697799683, -14.7363615036, 98.9845352173, -6.8957157135], [-263.648223877, 130.531829834, -121.647140503, 18.6227207184, -0.997912347317, -52.658241272, 26.5700588226, -45.9708099365, 13.0169610977, -17.136051178, 13.6396532059, -6.8957157135, 59.2561264038]],
        "icov": [[0.000156199879711, -0.000156205132953, 0.000193948842934, -0.000275237747701, 0.000204390817089, -0.000408071267884, 0.000376482727006, -0.000383790786145, 0.000245906237978, -0.000212263010326, 0.000478660338558, -0.000448926904937, 0.000420161319198], [-0.000156205132953, 0.0021902306471, 0.0003752601624, 0.000275810743915, -0.00140665681101, 0.00102425273508, -0.00220297742635, 0.00104264379479, -0.000250684388448, 0.00147176440805, -0.00213644932956, 0.00139761692844, -0.00101774500217], [0.000193948842934, 0.0003752601624, 0.00418141344562, -0.00156942405738, -0.000582258508075, -0.00311528937891, 0.000620174745563, -0.000807141885161, 0.00153229676653, -0.00312164449133, 0.00301831844263, -0.00429649231955, 0.00299699534662], [-0.000275237747701, 0.000275810743915, -0.00156942405738, 0.0050563076511, -0.000598104554228, 0.00034946485539, -0.00053625588771, 0.00172991852742, -0.00264899758622, 0.000608032860328, -0.00155694701243, 0.00163248821627, -0.00345402513631], [0.000204390817089, -0.00140665681101, -0.000582258508075, -0.000598104554228, 0.00632735807449, 0.000664426072035, -0.00077859882731, -0.00373269151896, 0.000806505209766, -0.00173528422602, 0.00070116634015, -0.00082659733016, 0.000214415282244], [-0.000408071267884, 0.00102425273508, -0.00311528937891, 0.00034946485539, 0.000664426072035, 0.0115228667855, -0.00430644210428, -0.00284124328755, 0.000159448609338, 0.000597763864789, -0.00301707629114, 0.000862324610353, 0.000333335949108], [0.000376482727006, -0.00220297742635, 0.000620174745563, -0.00053625588771, -0.00077859882731, -0.00430644210428, 0.00938518159091, 0.000211055841646, -0.00168122921605, -0.00210190378129, 0.00301817967556, -0.00219397665933, -0.00110355077777], [-0.000383790786145, 0.00104264379479, -0.000807141885161, 0.00172991852742, -0.00373269151896, -0.00284124328755, 0.000211055841646, 0.0122848413885, -0.00271890521981, -0.000115896291391, -0.00194731471129, 2.91650430881e-05, 0.00165852950886], [0.000245906237978, -0.000250684388448, 0.00153229676653, -0.00264899758622, 0.000806505209766, 0.000159448609338, -0.00168122921605, -0.00271890521981, 0.0164036042988, -0.00533523596823, -0.00247375341132, 0.00199683196843, 7.97902757768e-05], [-0.000212263010326, 0.00147176440805, -0.00312164449133, 0.000608032860328, -0.00173528422602, 0.000597763864789, -0.00210190378129, -0.000115896291391, -0.00533523596823, 0.0174895264208, -0.00196148548275, -0.000193356507225, -0.00277272937819], [0.000478660338558, -0.00213644932956, 0.00301831844263, -0.00155694701243, 0.00070116634015, -0.00301707629114, 0.00301817967556, -0.00194731471129, -0.00247375341132, -0.00196148548275, 0.0210621543229, -0.00590505125001, 0.00242909090593], [-0.000448926904937, 0.00139761692844, -0.00429649231955, 0.00163248821627, -0.00082659733016, 0.000862324610353, -0.00219397665933, 2.91650430881e-05, 0.00199683196843, -0.000193356507225, -0.00590505125001, 0.0258322320879, -0.00877989735454], [0.000420161319198, -0.00101774500217, 0.00299699534662, -0.00345402513631, 0.000214415282244, 0.000333335949108, -0.00110355077777, 0.00165852950886, 7.97902757768e-05, -0.00277272937819, 0.00242909090593, -0.00877989735454, 0.027906421572]]
    },
    "melbands": {
        "dmean": [0.00366759789176, 0.00291416235268, 0.000851492688525, 0.000962427351624, 0.000260290253209, 0.000138710718602, 0.000139495692565, 0.000150463165483, 6.88823420205e-05, 0.000103995895188, 7.40186587791e-05, 6.20112041361e-05, 3.63148537872e-05, 3.38703430316e-05, 2.35495717789e-05, 2.1171874323e-05, 3.10396171699e-05, 2.61145378317e-05, 2.65442358796e-05, 1.90417631529e-05, 1.02046160464e-05, 1.28055762616e-05, 2.01835009648e-05, 1.39388494063e-05, 8.82918993739e-06, 6.7990831667e-06, 7.43399277781e-06, 4.08481901104e-06, 3.60777721653e-06, 3.23615563502e-06, 3.27491102325e-06, 3.04338527712e-06, 3.30796706294e-06, 3.61999741472e-06, 3.08026210405e-06, 3.67487746189e-06, 3.2610882954e-06, 2.61771265286e-06, 1.77270567292e-06, 1.45487592818e-06],
        "dmean2": [0.00636529363692, 0.00510200997815, 0.0015083278995, 0.00160323863383, 0.000438108021626, 0.00021889868367, 0.000222809787374, 0.000231206169701, 0.00010598575318, 0.000156754511409, 0.00010372010729, 8.89560906217e-05, 5.18971828569e-05, 4.77677422168e-05, 3.78719487344e-05, 3.24108514178e-05, 4.7975769121e-05, 4.00477947551e-05, 4.02620644309e-05, 3.16121368087e-05, 1.65449964697e-05, 2.04177194973e-05, 3.29538597725e-05, 2.27639029617e-05, 1.49462293848e-05, 1.05568606159e-05, 1.21288048831e-05, 6.98578196534e-06, 6.34855541648e-06, 5.58157717023e-06, 5.46264027435e-06, 5.04961872139e-06, 5.43124269825e-06, 5.88047532801e-06, 4.88059959025e-06, 5.66226253795e-06, 4.92197614221e-06, 4.10044185628e-06, 2.69718020718e-06, 2.18190962187e-06],
        "dvar": [0.000130598215037, 7.47718804632e-05, 3.91063804273e-06, 1.07810265035e-05, 3.61876573152e-07, 9.51598480015e-08, 7.16611765483e-08, 7.51523785425e-08, 2.48723903695e-08, 5.75752281406e-08, 2.40121771355e-08, 1.99099865483e-08, 6.76535094613e-09, 9.54178336343e-09, 3.06809133654e-09, 1.36468225609e-09, 3.72653952141e-09, 3.1458344818e-09, 6.30171204108e-09, 1.67365543646e-09, 3.63502866696e-10, 1.0022260799e-09, 1.73942360515e-09, 1.23486543213e-09, 2.32027133618e-10, 1.89054258359e-10, 1.79213463514e-10, 9.55809667524e-11, 9.77996711393e-11, 7.36430708081e-11, 6.88592863285e-11, 5.40533555415e-11, 6.74983263727e-11, 9.61132909372e-11, 5.97944402325e-11, 9.63936916398e-11, 7.33167970779e-11, 6.40263467244e-11, 1.99564115233e-11, 1.60354542145e-11],
        "dvar2": [0.000347933353623, 0.000206248165341, 1.0903765542e-05, 2.85344303848e-05, 9.41016139677e-07, 2.4539949095e-07, 1.7858837964e-07, 1.75454417217e-07, 6.03712209113e-08, 1.28440404978e-07, 4.74485375435e-08, 3.77494693282e-08, 1.27042589781e-08, 1.50254102493e-08, 7.83908760127e-09, 3.02503599947e-09, 9.15742415231e-09, 6.77501921231e-09, 1.26199388717e-08, 4.62507498966e-09, 8.13333400629e-10, 2.30911334498e-09, 3.92663324078e-09, 3.18037685076e-09, 6.17646378487e-10, 4.02415073486e-10, 4.61579247046e-10, 2.61546839742e-10, 2.76769829277e-10, 2.01943378686e-10, 1.82523440806e-10, 1.27404697903e-10, 1.65024716114e-10, 2.29716759503e-10, 1.32101843353e-10, 2.11722583909e-10, 1.59737723049e-10, 1.51182386054e-10, 4.27884012943e-11, 3.63932044223e-11],
        "max": [0.0779022946954, 0.0630076155066, 0.0172841046005, 0.0377443395555, 0.00631206436083, 0.00382956652902, 0.00312401680276, 0.00398811232299, 0.00211726455018, 0.00368173769675, 0.00347644696012, 0.00253829150461, 0.00177681155037, 0.00250318902545, 0.0010631143814, 0.000479269569041, 0.000930049514864, 0.000806379539426, 0.00151699176058, 0.000587438931689, 0.000353929703124, 0.000606599613093, 0.000793034560047, 0.000530753633939, 0.000194854292204, 0.000197739194846, 0.000120980323118, 0.000119370371976, 0.000157884642249, 0.000112391251605, 9.41571270232e-05, 7.44853023207e-05, 7.61016563047e-05, 9.94503207039e-05, 8.86198904482e-05, 0.00011345292296, 9.30336827878e-05, 0.000123893318232, 6.50772271911e-05, 7.53305939725e-05],
        "mean": [0.00348677299917, 0.00307250209153, 0.00100505165756, 0.0010677363025, 0.000415037153289, 0.000259416527115, 0.000249106029514, 0.000295692705549, 0.000120822973258, 0.000184020391316, 0.00017677815049, 0.000122205819935, 7.07937215338e-05, 6.69029614073e-05, 3.66810054402e-05, 3.73566472263e-05, 5.27390475327e-05, 4.14982678194e-05, 4.52951753687e-05, 2.94054825645e-05, 1.78298432729e-05, 2.16553853534e-05, 3.33609787049e-05, 2.03651616175e-05, 1.35443560794e-05, 1.14823178592e-05, 1.11880035547e-05, 5.10797462994e-06, 3.93161508327e-06, 3.56566238224e-06, 3.94097151002e-06, 3.69881536244e-06, 4.08436289945e-06, 4.47607226306e-06, 4.04466891268e-06, 4.86730368721e-06, 4.48840955869e-06, 3.36740345119e-06, 2.42750797952e-06, 1.99162059289e-06],
        "median": [0.001416728599, 0.00157161208335, 0.000441676849732, 0.000382716330932, 0.000234917999478, 0.000121191624203, 0.000142477525515, 0.000173624968738, 5.42660236533e-05, 6.75765040796e-05, 8.75582190929e-05, 4.65291086584e-05, 3.49498041032e-05, 2.36182859226e-05, 1.80119313882e-05, 1.97764111363e-05, 3.04877612507e-05, 1.86402758118e-05, 1.64674129337e-05, 1.47805312736e-05, 9.36547985475e-06, 8.76756803336e-06, 1.26520380945e-05, 8.39981566969e-06, 7.11668690201e-06, 3.3985245409e-06, 5.14720113642e-06, 2.22214407586e-06, 1.27349426293e-06, 7.53943481868e-07, 7.15384487648e-07, 7.3599346706e-07, 8.71065765295e-07, 1.03354182102e-06, 1.1154349977e-06, 1.27557916585e-06, 1.22111543988e-06, 7.44740020764e-07, 4.41030266529e-07, 4.00426472424e-07],
        "min": [9.23106591666e-25, 4.25622012803e-24, 1.8697907764e-23, 1.52348289004e-23, 1.1987046744e-23, 3.42122348163e-24, 5.49610515606e-24, 9.24484080857e-24, 1.40469763488e-23, 6.81483840929e-24, 1.49903183074e-23, 1.01998957739e-23, 5.8731475366e-24, 1.56287118836e-23, 1.10752182009e-23, 4.96701535807e-24, 4.28002361141e-24, 9.93117819511e-24, 7.01878261912e-24, 5.09883322647e-24, 7.73142615026e-24, 9.07837538035e-24, 6.97648626397e-24, 4.66234899343e-24, 1.26462544151e-23, 1.41809943503e-23, 1.5284228948e-23, 1.07366509333e-23, 1.64177258278e-23, 1.37296412725e-23, 1.08978601813e-23, 8.86579156589e-24, 1.49399921371e-23, 1.15483154407e-23, 1.09389874446e-23, 1.07687062962e-23, 1.06429358355e-23, 1.09784730883e-23, 1.141972638e-23, 1.04532747412e-23],
        "stdev": [0.00975783076137, 0.00723984092474, 0.00175333872903, 0.00295348558575, 0.000633018906228, 0.000402443605708, 0.000322265055729, 0.000369563465938, 0.000193668587599, 0.000327470363118, 0.000292847747914, 0.00024087705242, 0.00012480696023, 0.000188068253919, 6.69140426908e-05, 5.04435083712e-05, 7.28507948224e-05, 7.48084639781e-05, 0.000107234154711, 4.35782749264e-05, 2.78171537502e-05, 4.43598983111e-05, 6.46257467452e-05, 3.93797563447e-05, 1.77222918865e-05, 2.20147794607e-05, 1.66637619259e-05, 9.14831161936e-06, 8.62210981722e-06, 8.11196969153e-06, 8.38761116029e-06, 8.02169506642e-06, 8.98378948477e-06, 1.06270790639e-05, 9.27774635784e-06, 1.18100824693e-05, 1.0639748325e-05, 9.10011385713e-06, 5.7827173805e-06, 5.04609442942e-06],
        "var": [9.5215269539e-05, 5.24152965227e-05, 3.07419668388e-06, 8.72307737154e-06, 4.00712934834e-07, 1.61960855394e-07, 1.03854759459e-07, 1.36577156695e-07, 3.75075224213e-08, 1.072368363e-07, 8.57598010384e-08, 5.80217509594e-08, 1.55767789778e-08, 3.53696698596e-08, 4.4774890462e-09, 2.54454768367e-09, 5.30723820447e-09, 5.59630608521e-09, 1.14991633993e-08, 1.89906601555e-09, 7.73794028852e-10, 1.96780058914e-09, 4.17648715612e-09, 1.55076518293e-09, 3.14079651176e-10, 4.8465048641e-10, 2.77680961558e-10, 8.36916022595e-11, 7.43407765902e-11, 6.58040566481e-11, 7.03520158796e-11, 6.43475966955e-11, 8.07084815646e-11, 1.12934814278e-10, 8.60765764221e-11, 1.39478040229e-10, 1.13204237651e-10, 8.28120697016e-11, 3.34398203572e-11, 2.54630708879e-11]
    },
    "melbands128": {
