{
"lowlevel": {
    "average_loudness": 0.949830472469,
    "barkbands_crest": {
        "dmean": 3.45982527733,
        "dmean2": 5.57827949524,
        "dvar": 11.9985799789,
        "dvar2": 28.1006183624,
        "max": 26.775850296,
        "mean": 13.4945802689,
        "median": 12.4459352493,
        "min": 2.9508998394,
        "stdev": 5.54316806793,
        "var": 30.7267131805
    },
    "barkbands_flatness_db": {
        "dmean": 0.0369895137846,
        "dmean2": 0.0553414076567,
        "dvar": 0.00139976746868,
        "dvar2": 0.00331617007032,
        "max": 0.475615501404,
        "mean": 0.171062573791,
        "median": 0.161302775145,
        "min": 0.0333090275526,
        "stdev": 0.0706818401814,
        "var": 0.00499592209235
    },
    "barkbands_kurtosis": {
        "dmean": 16.1463375092,
        "dmean2": 25.3303470612,
        "dvar": 1814.11413574,
        "dvar2": 4307.27197266,
        "max": 715.074707031,
        "mean": 20.5020217896,
        "median": 8.71078205109,
        "min": -1.91505861282,
        "stdev": 46.8707847595,
        "var": 2196.87036133
    },
    "barkbands_skewness": {
        "dmean": 1.36029195786,
        "dmean2": 2.0271987915,
        "dvar": 3.33151006699,
        "dvar2": 7.51793575287,
        "max": 25.2495517731,
        "mean": 3.00488519669,
        "median": 2.59837245941,
        "min": -5.09027957916,
        "stdev": 2.76648855209,
        "var": 7.65345907211
    },
    "barkbands_spread": {
        "dmean": 9.92000961304,
        "dmean2": 15.892364502,
        "dvar": 204.18951416,
        "dvar2": 456.815704346,
        "max": 111.862495422,
        "mean": 20.7110424042,
        "median": 13.234869957,
        "min": 0.266823738813,
        "stdev": 21.1342811584,
        "var": 446.657867432
    },
    "dissonance": {
        "dmean": 0.0206773001701,
        "dmean2": 0.0320831350982,
        "dvar": 0.000547685369384,
        "dvar2": 0.00129077688325,
        "max": 0.499932020903,
        "mean": 0.456736445427,
        "median": 0.467209964991,
        "min": 0.255965054035,
        "stdev": 0.038514290005,
        "var": 0.00148335052654
    },
    "dynamic_complexity": 2.76408553123,
    "erbbands_crest": {
        "dmean": 3.12979483604,
        "dmean2": 4.9460773468,
        "dvar": 8.57026576996,
        "dvar2": 19.2293872833,
        "max": 30.3104667664,
        "mean": 10.714176178,
        "median": 9.5899105072,
        "min": 2.33392882347,
        "stdev": 5.34523391724,
        "var": 28.5715236664
    },
    "erbbands_flatness_db": {
        "dmean": 0.0213916730136,
        "dmean2": 0.0312142465264,
        "dvar": 0.000502435665112,
        "dvar2": 0.0010143610416,
        "max": 0.331978350878,
        "mean": 0.144897922873,
        "median": 0.137478888035,
        "min": 0.0530742965639,
        "stdev": 0.0470003634691,
        "var": 0.00220903404988
    },
    "erbbands_kurtosis": {
        "dmean": 2.7504234314,
        "dmean2": 4.30355739594,
        "dvar": 28.7227611542,
        "dvar2": 66.8539810181,
        "max": 70.6202392578,
        "mean": 2.5296125412,
        "median": 0.196799039841,
        "min": -1.81163668633,
        "stdev": 6.59992218018,
        "var": 43.558971405
    },
    "erbbands_skewness": {
        "dmean": 0.720770657063,
        "dmean2": 1.07325530052,
        "dvar": 0.650542855263,
        "dvar2": 1.3180526495,
        "max": 7.77020025253,
        "mean": 0.692176163197,
        "median": 0.744419813156,
        "min": -4.40244436264,
        "stdev": 1.46582734585,
        "var": 2.14864969254
    },
    "erbbands_spread": {
        "dmean": 15.3001089096,
        "dmean2": 23.5666007996,
        "dvar": 296.283447266,
        "dvar2": 724.278442383,
        "max": 154.905380249,
        "mean": 51.9312171936,
        "median": 48.5891799927,
        "min": 2.5552341938,
        "stdev": 27.9134140015,
        "var": 779.158630371
    },
    "hfc": {
        "dmean": 8.33311271667,
        "dmean2": 12.3303556442,
        "dvar": 182.750427246,
        "dvar2": 390.199768066,
        "max": 167.449951172,
        "mean": 18.1218852997,
        "median": 11.4205665588,
        "min": 0.000118654112157,
        "stdev": 21.3323497772,
        "var": 455.069122314
    },
    "loudness_ebu128": {
        "integrated": -8.74437999725,
        "loudness_range": 3.06694936752,
        "momentary": {
            "dmean": 0.805957973003,
            "dmean2": 1.28726840019,
            "dvar": 0.692938029766,
            "dvar2": 1.61803483963,
            "max": -5.99616527557,
            "mean": -9.07324504852,
            "median": -8.86034393311,
            "min": -16.4549827576,
            "stdev": 1.78651559353,
            "var": 3.19163775444
        },
        "short_term": {
            "dmean": 0.098898909986,
            "dmean2": 0.148215293884,
            "dvar": 0.00619385903701,
            "dvar2": 0.0126201007515,
            "max": -6.77251052856,
            "mean": -8.85688781738,
            "median": -8.97486114502,
            "min": -11.5298089981,
            "stdev": 1.06621146202,
            "var": 1.13680696487
        }
    },
    "melbands_crest": {
        "dmean": 3.92378354073,
        "dmean2": 6.2381901741,
        "dvar": 14.5194454193,
        "dvar2": 36.1921882629,
        "max": 32.4817810059,
        "mean": 17.1435852051,
        "median": 16.318775177,
        "min": 4.3390417099,
        "stdev": 6.01446962357,
        "var": 36.1738433838
    },
    "melbands_flatness_db": {
        "dmean": 0.0442653186619,
        "dmean2": 0.0650095790625,
        "dvar": 0.00212921900675,
        "dvar2": 0.00491170538589,
        "max": 0.60081744194,
        "mean": 0.245069205761,
        "median": 0.241067707539,
        "min": 0.0256222393364,
        "stdev": 0.087234146893,
        "var": 0.00760979671031
    },
    "melbands_kurtosis": {
        "dmean": 32.0614852905,
        "dmean2": 51.4591636658,
        "dvar": 3937.81152344,
        "dvar2": 8607.10449219,
        "max": 962.463806152,
        "mean": 50.4865455627,
        "median": 23.5142230988,
        "min": -1.86086237431,
        "stdev": 82.9695205688,
        "var": 6883.94189453
    },
    "melbands_skewness": {
        "dmean": 1.66051506996,
        "dmean2": 2.56815576553,
        "dvar": 4.28318786621,
        "dvar2": 10.3725976944,
        "max": 24.918094635,
        "mean": 4.66112089157,
        "median": 3.95483803749,
        "min": -3.26443314552,
        "stdev": 3.26280593872,
        "var": 10.6459026337
    },
    "melbands_spread": {
        "dmean": 12.8895082474,
        "dmean2": 20.5210781097,
        "dvar": 801.32800293,
        "dvar2": 1778.02307129,
        "max": 265.843139648,
        "mean": 21.5514354706,
        "median": 9.68237113953,
        "min": 0.325509995222,
        "stdev": 36.8064956665,
        "var": 1354.71826172
    },
    "pitch_salience": {
        "dmean": 0.102422058582,
        "dmean2": 0.162462323904,
        "dvar": 0.0115496702492,
        "dvar2": 0.0273089706898,
        "max": 0.822138786316,
        "mean": 0.500384747982,
        "median": 0.51141089201,
        "min": 0.0495191477239,
        "stdev": 0.161813184619,
        "var": 0.0261835046113
    },
    "silence_rate_20dB": {
        "dmean": 0,
        "dmean2": 0,
        "dvar": 0,
        "dvar2": 0,
        "max": 1,
        "mean": 1,
        "median": 1,
        "min": 1,
        "stdev": 0,
        "var": 0
    },
    "silence_rate_30dB": {
        "dmean": 0.0061919502914,
        "dmean2": 0.0123934932053,
        "dvar": 0.00615354720503,
        "dvar2": 0.0184370037168,
        "max": 1,
        "mean": 0.996906399727,
        "median": 1,
        "min": 0,
        "stdev": 0.0555336624384,
        "var": 0.00308398762718
    },
    "silence_rate_60dB": {
        "dmean": 0.0332817323506,
        "dmean2": 0.0666150301695,
        "dvar": 0.0321737527847,
        "dvar2": 0.0699242129922,
        "max": 1,
        "mean": 0.0533642694354,
        "median": 0,
        "min": 0,
        "stdev": 0.224760979414,
        "var": 0.0505174957216
    },
    "spectral_centroid": {
        "dmean": 437.890716553,
        "dmean2": 676.364807129,
        "dvar": 396378.65625,
        "dvar2": 787878,
        "max": 5306.68261719,
        "mean": 1211.17773438,
        "median": 861.904785156,
        "min": 147.514816284,
        "stdev": 1023.98168945,
        "var": 1048538.5
    },
    "spectral_complexity": {
        "dmean": 4.31578969955,
        "dmean2": 6.75677776337,
        "dvar": 35.2982063293,
        "dvar2": 82.9866867065,
        "max": 46,
        "mean": 11.6179428101,
        "median": 9,
        "min": 0,
        "stdev": 8.61917686462,
        "var": 74.2902069092
    },
    "spectral_decrease": {
        "dmean": 3.80153775126e-09,
        "dmean2": 6.04760241885e-09,
        "dvar": 4.94967044538e-17,
        "dvar2": 1.24244513239e-16,
        "max": -2.56265887959e-14,
        "mean": -6.62857191358e-09,
        "median": -4.83092721382e-09,
        "min": -4.336199666e-08,
        "stdev": 7.06732894429e-09,
        "var": 4.99471406933e-17
    },
    "spectral_energy": {
        "dmean": 0.0147446878254,
        "dmean2": 0.0233368054032,
        "dvar": 0.000717803486623,
        "dvar2": 0.00179763138294,
        "max": 0.168282598257,
        "mean": 0.0266614593565,
        "median": 0.0194399990141,
        "min": 1.07482897249e-07,
        "stdev": 0.0272265505046,
        "var": 0.000741285039112
    },
    "spectral_energyband_high": {
        "dmean": 0.000796578591689,
        "dmean2": 0.00118962361012,
        "dvar": 3.10010068461e-06,
        "dvar2": 6.41179394734e-06,
        "max": 0.0248518232256,
        "mean": 0.00128067063633,
        "median": 0.000363208673662,
        "min": 1.2373453373e-08,
        "stdev": 0.00255798525177,
        "var": 6.54328869132e-06
    },
    "spectral_energyband_low": {
        "dmean": 0.00901439134032,
        "dmean2": 0.0148362172768,
        "dvar": 0.000440967676695,
        "dvar2": 0.00105871038977,
        "max": 0.149411693215,
        "mean": 0.0100390650332,
        "median": 0.00299230078235,
        "min": 4.48661126029e-08,
        "stdev": 0.0203972216696,
        "var": 0.000416046677856
    },
    "spectral_energyband_middle_high": {
        "dmean": 0.000937601085752,
        "dmean2": 0.00147110130638,
        "dvar": 2.3823988613e-06,
        "dvar2": 5.81713220527e-06,
        "max": 0.0151022430509,
        "mean": 0.00174129079096,
        "median": 0.000782314804383,
        "min": 4.14749079525e-09,
        "stdev": 0.0022577571217,
        "var": 5.0974667829e-06
    },
    "spectral_energyband_middle_low": {
        "dmean": 0.00871173106134,
        "dmean2": 0.0142719820142,
        "dvar": 0.000351083668647,
        "dvar2": 0.000974173890427,
        "max": 0.142168402672,
        "mean": 0.0154818799347,
        "median": 0.0111707625911,
        "min": 2.98059248394e-08,
        "stdev": 0.0182665381581,
        "var": 0.000333666423103
    },
    "spectral_entropy": {
        "dmean": 0.280691951513,
        "dmean2": 0.39580065012,
        "dvar": 0.0873855873942,
        "dvar2": 0.170100390911,
        "max": 8.88063144684,
        "mean": 7.4472155571,
        "median": 7.51691246033,
        "min": 5.01765727997,
        "stdev": 0.641642093658,
        "var": 0.411704599857
    },
    "spectral_flux": {
        "dmean": 0.0402041636407,
        "dmean2": 0.0628781020641,
        "dvar": 0.00264841178432,
        "dvar2": 0.00532359303907,
        "max": 0.380728840828,
        "mean": 0.0867848694324,
        "median": 0.0671559944749,
        "min": 0.000327845831634,
        "stdev": 0.0682266280055,
        "var": 0.00465487269685
    },
    "spectral_kurtosis": {
        "dmean": 1.48992288113,
        "dmean2": 2.29368901253,
        "dvar": 5.60852098465,
        "dvar2": 13.2264900208,
        "max": 38.1876106262,
        "mean": 4.02312088013,
        "median": 3.05470275879,
        "min": -1.20520102978,
        "stdev": 4.03133106232,
        "var": 16.2516288757
    },
    "spectral_rms": {
        "dmean": 0.00122217449825,
        "dmean2": 0.00180041324347,
        "dvar": 2.84523093796e-06,
        "dvar2": 6.34595062365e-06,
        "max": 0.0128132021055,
        "mean": 0.00459069898352,
        "median": 0.00435498030856,
        "min": 1.02401836557e-05,
        "stdev": 0.00222186208703,
        "var": 4.93667130286e-06
    },
    "spectral_rolloff": {
        "dmean": 856.696105957,
        "dmean2": 1417.58996582,
        "dvar": 3356803.5,
        "dvar2": 7005131,
        "max": 12812.2558594,
        "mean": 1519.08093262,
        "median": 473.73046875,
        "min": 64.599609375,
        "stdev": 2604.74414062,
        "var": 6784692
    },
    "spectral_skewness": {
        "dmean": 0.269443958998,
        "dmean2": 0.394676744938,
        "dvar": 0.099750392139,
        "dvar2": 0.202493488789,
        "max": 5.08196687698,
        "mean": 1.54035294056,
        "median": 1.4499206543,
        "min": 0.0919296368957,
        "stdev": 0.663389384747,
        "var": 0.440085440874
    },
    "spectral_spread": {
        "dmean": 769685.125,
        "dmean2": 1133154.75,
        "dvar": 1.0274169815e+12,
        "dvar2": 1.8712026153e+12,
        "max": 23090984,
        "mean": 5961564,
        "median": 5833124,
        "min": 1928917.125,
        "stdev": 1818751.5,
        "var": 3.30785698611e+12
    },
    "spectral_strongpeak": {
        "dmean": 0.379323661327,
        "dmean2": 0.610329806805,
        "dvar": 0.307144701481,
        "dvar2": 0.704098463058,
        "max": 5.68535804749,
        "mean": 0.807727813721,
        "median": 0.562290012836,
        "min": 0,
        "stdev": 0.773718178272,
        "var": 0.598639845848
    },
    "zerocrossingrate": {
        "dmean": 0.0195966307074,
        "dmean2": 0.022000266239,
        "dvar": 0.000796163047198,
        "dvar2": 0.000871225085575,
        "max": 0.39990234375,
        "mean": 0.0660395696759,
        "median": 0.04541015625,
        "min": 0.0029296875,
        "stdev": 0.0656393840909,
        "var": 0.00430852919817
    },
    "barkbands": {
        "dmean": [0.000100774639577, 0.00522950664163, 0.00234157778323, 0.00447869021446, 0.00334404082969, 0.00130709540099, 0.000637471559457, 0.000579308660235, 0.000443504744908, 0.000119993732369, 0.000128336803755, 9.90174521576e-05, 8.35216924315e-05, 0.000103132537333, 0.000126268088934, 0.000128055471578, 0.000164214725373, 0.00018866964092, 0.000117893883726, 0.000160814350238, 0.000253159028944, 0.000157828442752, 0.000100244782516, 0.000130161934067, 0.000129874926643, 5.71717864659e-05, 4.59505827166e-06],
        "dmean2": [0.000155576562975, 0.00830043014139, 0.00412202393636, 0.00822418555617, 0.00505842966959, 0.00207688380033, 0.000965017476119, 0.00083049753448, 0.000621050188784, 0.000187145313248, 0.000182595162187, 0.000163177304785, 0.000143030803883, 0.000159645656822, 0.000200977010536, 0.000212755549001, 0.000260799832176, 0.000302873959299, 0.000197870758711, 0.000258721847786, 0.00041892065201, 0.000244386203121, 0.000155084751896, 0.000198747089598, 0.000199877409614, 8.72117016115e-05, 7.67143137637e-06],
        "dvar": [6.01967897751e-08, 0.000278349965811, 3.12593074341e-05, 0.000259052816546, 2.50016637438e-05, 8.27339135867e-06, 2.49108256867e-06, 2.86420504381e-06, 2.35818833971e-06, 1.18394076765e-07, 1.32877957526e-07, 5.65418005749e-08, 4.78674273552e-08, 5.96382889739e-08, 1.70856395698e-07, 1.28486092876e-07, 1.56983148258e-07, 1.25840116993e-07, 6.53613483337e-08, 1.16975421349e-07, 5.65348443615e-07, 2.08759232123e-07, 4.46988437375e-08, 9.87968178379e-08, 1.33235062094e-07, 2.81581424844e-08, 1.40630673773e-10],
        "dvar2": [1.38745264167e-07, 0.000659153447486, 8.43800153234e-05, 0.000751268351451, 5.26361873199e-05, 1.83261581697e-05, 4.80501239508e-06, 5.65477193959e-06, 3.9687329263e-06, 2.41889779318e-07, 2.22183913934e-07, 1.39370669672e-07, 1.26575528725e-07, 1.18630005375e-07, 3.70122450022e-07, 3.43077033449e-07, 3.46545363072e-07, 3.00012914067e-07, 1.72732242731e-07, 2.93105614446e-07, 1.40771430779e-06, 4.53588825167e-07, 9.65069375525e-08, 2.1346578194e-07, 2.73586238109e-07, 6.66870860755e-08, 3.61950969197e-10],
        "max": [0.00267763785087, 0.137079119682, 0.0345117300749, 0.117066800594, 0.0549761876464, 0.0404474213719, 0.0199522860348, 0.0302199833095, 0.0370033048093, 0.00586389144883, 0.00748074566945, 0.0033796087373, 0.00275976653211, 0.00424339575693, 0.00848251394928, 0.00731848087162, 0.00816905032843, 0.00392315443605, 0.00489666033536, 0.00461748614907, 0.0145802767947, 0.00846455339342, 0.00363771268167, 0.00521512143314, 0.00587744731456, 0.0042341244407, 0.000246181269176],
        "mean": [0.000115131428174, 0.00577026745304, 0.00228826585226, 0.00350052234717, 0.00705345859751, 0.00214198930189, 0.0010277813999, 0.000931353773922, 0.00080018962035, 0.0001702978916, 0.000207447737921, 0.000131059263367, 8.66859336384e-05, 0.000138806834002, 0.000144933146657, 0.000141833792441, 0.000224713221542, 0.000257840991253, 0.000154680135893, 0.000205740390811, 0.000308616523398, 0.000218319153646, 0.000157290458446, 0.000189446625882, 0.000192445659195, 9.67734449659e-05, 5.57964904147e-06],
        "median": [1.23496438391e-05, 0.00112849671859, 0.000506135926116, 0.000476044690004, 0.00295126065612, 0.000655957846902, 0.00018493886455, 0.000113952846732, 0.000112776106107, 4.10643042414e-05, 4.90045022161e-05, 3.26705594489e-05, 2.04806474358e-05, 3.00616338791e-05, 3.18119273288e-05, 3.12549018417e-05, 5.08670127601e-05, 7.2563852882e-05, 5.96207573835e-05, 5.36546613148e-05, 6.39226636849e-05, 3.47459827026e-05, 4.38510251115e-05, 4.88083969685e-05, 3.99147975259e-05, 3.20823237416e-05, 1.74408046405e-06],
        "min": [1.02960111548e-08, 2.66038178154e-08, 2.85618573237e-09, 3.18183895898e-10, 1.23092647186e-08, 1.20341354659e-08, 1.72528580311e-09, 2.71740824287e-10, 2.97290503326e-09, 3.96337157538e-10, 4.93904361853e-10, 7.53915541107e-10, 3.34609756569e-10, 1.78427050912e-10, 7.73952846256e-11, 8.45610040323e-11, 2.94654189936e-10, 3.61714547203e-10, 5.14649545202e-10, 1.48115752996e-09, 4.84906670373e-10, 5.06350339435e-09, 1.26420385271e-09, 1.9760131309e-09, 1.45525913542e-09, 1.27911525816e-09, 3.73109692014e-13],
        "stdev": [0.000277396815363, 0.0162036102265, 0.00496982224286, 0.0125651843846, 0.00905235018581, 0.00421151192859, 0.0024106213823, 0.00269480864517, 0.00246809469536, 0.000473481311928, 0.000628598150797, 0.000325096421875, 0.000209785153857, 0.000359887169907, 0.000449750077678, 0.000350250804331, 0.000592165684793, 0.000454390392406, 0.000278091436485, 0.00038961818791, 0.00082058343105, 0.000590163981542, 0.000313182594255, 0.000439702591393, 0.000545662420336, 0.00028663786361, 1.42068420246e-05],
        "var": [7.69489929553e-08, 0.000262557005044, 2.46991330641e-05, 0.000157883856446, 8.19450360723e-05, 1.77368328877e-05, 5.81109497944e-06, 7.26199368728e-06, 6.0914912865e-06, 2.24184560693e-07, 3.95135657527e-07, 1.05687682606e-07, 4.4009812683e-08, 1.29518781478e-07, 2.02275131755e-07, 1.22675629655e-07, 3.50660172899e-07, 2.06470630815e-07, 7.73348460825e-08, 1.51802339587e-07, 6.73357192227e-07, 3.48293497154e-07, 9.80833334552e-08, 1.93338365762e-07, 2.97747504874e-07, 8.21612644586e-08, 2.01834368663e-10]
    },
    "erbbands": {
        "dmean": [0.142954155803, 1.22953140736, 2.46432256699, 9.80013370514, 11.5769996643, 12.7556734085, 14.7258682251, 8.5725069046, 7.50886249542, 11.1445217133, 13.5306587219, 8.3140630722, 4.81930398941, 4.64539575577, 4.11108398438, 3.69745349884, 3.67172646523, 4.70730257034, 5.02703094482, 7.25841093063, 7.02717971802, 9.53536605835, 10.0143156052, 7.14868688583, 6.0744600296, 7.31339359283, 9.20613861084, 10.2847795486, 5.95679998398, 3.52615666389, 2.95130062103, 2.68897151947, 2.16767573357, 1.49511408806, 0.976976394653, 0.329959869385, 0.0911364033818, 0.0145759703591, 0.000449165556347, 2.5032008125e-05],
        "dmean2": [0.215678408742, 2.02942728996, 4.29539632797, 17.9228153229, 20.3534469604, 18.7501144409, 21.8564682007, 13.7228078842, 11.4640045166, 16.4571361542, 19.4097042084, 11.6411552429, 6.55920791626, 6.82052659988, 5.98003053665, 6.21308994293, 6.23479604721, 7.31247329712, 7.95665073395, 11.8755722046, 11.5665407181, 15.0757637024, 15.888712883, 11.6688718796, 10.127655983, 12.0263347626, 15.5680246353, 16.2643013, 9.26014995575, 5.57705879211, 4.4668135643, 4.11866235733, 3.3264632225, 2.22368383408, 1.54485118389, 0.498707532883, 0.138102293015, 0.0226085353643, 0.000720244075637, 3.85337007174e-05],
        "dvar": [0.19345998764, 16.1740550995, 38.2742118835, 1126.27404785, 1085.14892578, 486.997344971, 683.084289551, 604.544433594, 399.638824463, 916.766845703, 1567.12548828, 569.128051758, 665.665588379, 185.385162354, 116.456344604, 77.3084259033, 83.191444397, 135.1328125, 180.988388062, 315.897064209, 482.12902832, 429.644256592, 357.257751465, 166.074676514, 192.369934082, 268.096008301, 501.579956055, 1247.02783203, 305.929321289, 78.8222351074, 38.2384147644, 43.0876808167, 27.8446788788, 15.2510900497, 8.92897129059, 0.936272382736, 0.0773731693625, 0.00111686426681, 1.15020793601e-06, 1.56493473735e-09],
        "dvar2": [0.427546173334, 40.2243766785, 104.665763855, 3216.98754883, 3050.8046875, 852.186096191, 1412.97021484, 1371.4107666, 882.831359863, 1766.92932129, 3228.79150391, 906.615234375, 1204.03161621, 409.826049805, 196.141052246, 196.884689331, 221.56439209, 254.677047729, 401.278137207, 770.600708008, 1271.56030273, 908.803833008, 834.236083984, 426.471954346, 495.233306885, 679.186035156, 1287.07556152, 2912.34912109, 676.579345703, 169.197998047, 84.9410324097, 100.228126526, 59.3582191467, 32.5266265869, 19.7566699982, 2.00325465202, 0.191646814346, 0.00261152279563, 2.76722062154e-06, 3.69701425029e-09],
        "max": [3.63958382607, 33.3596878052, 49.7796821594, 247.023300171, 265.701904297, 312.485778809, 365.272155762, 452.040313721, 322.876434326, 584.469787598, 735.564025879, 389.52532959, 936.358642578, 327.1512146, 244.468536377, 135.107177734, 118.66506958, 254.630401611, 222.748641968, 245.341644287, 462.864379883, 551.372619629, 231.308990479, 150.547729492, 260.421905518, 206.106735229, 264.093383789, 726.629638672, 297.568572998, 181.142288208, 101.268035889, 103.92175293, 81.0081100464, 63.6911239624, 58.1209793091, 23.5706920624, 7.25854635239, 0.78756660223, 0.0217671077698, 0.000660788908135],
        "mean": [0.153183832765, 1.32913160324, 2.54664754868, 8.2450466156, 13.7683353424, 27.5326461792, 28.482542038, 14.0143985748, 11.6544952393, 17.6452903748, 25.08152771, 15.8814258575, 7.39820241928, 7.57853603363, 6.79938983917, 4.91702508926, 4.29407167435, 6.24128818512, 6.49453163147, 8.38308906555, 8.77336978912, 13.8005199432, 13.7141160965, 10.6929140091, 8.0628900528, 9.27650356293, 11.4233140945, 12.5470161438, 8.06199741364, 5.45061445236, 4.48709535599, 3.86495804787, 3.15300822258, 2.08958816528, 1.41111624241, 0.55624884367, 0.15093486011, 0.0231319591403, 0.000674846232869, 5.20335306646e-05],
        "median": [0.0216085016727, 0.297032386065, 0.735557496548, 1.43812286854, 4.62012529373, 9.23344707489, 10.3180303574, 4.87224006653, 2.95422291756, 3.48705625534, 3.51635313034, 2.69555163383, 2.21746182442, 2.17734837532, 1.86376142502, 1.36311924458, 1.17902815342, 1.44420993328, 1.56420385838, 1.96800100803, 2.15925383568, 3.14791941643, 3.90715479851, 4.0906701088, 2.63985037804, 2.60748553276, 2.5938243866, 2.2252240181, 1.25357019901, 1.32349526882, 1.22435486317, 0.995065748692, 0.819004058838, 0.49563613534, 0.24228258431, 0.15332980454, 0.0529439523816, 0.00872015859932, 0.000256769708358, 3.61198435712e-05],
        "min": [1.29058548737e-06, 4.15877957494e-06, 4.62408161184e-06, 1.58677494255e-06, 1.10756946015e-05, 4.86714525323e-05, 9.36989235925e-05, 9.32184630074e-05, 4.26847800554e-05, 7.45917395761e-06, 1.68342248799e-05, 6.92659450579e-05, 2.90984226012e-05, 2.12080740312e-05, 1.32877603392e-05, 3.50377995346e-05, 1.63024287758e-05, 8.400277693e-06, 9.29770521907e-06, 1.89426930319e-06, 6.53738561596e-06, 1.88142148545e-05, 2.00172089535e-05, 2.55577215285e-05, 3.64508123312e-05, 7.05506899976e-05, 3.2132895285e-05, 1.70597140823e-05, 6.81754390826e-05, 0.000212052967981, 3.60666163033e-05, 3.35879740305e-05, 3.51405942638e-05, 2.42661208176e-05, 6.1212476794e-06, 2.62531261797e-06, 2.85923920273e-06, 1.42982884199e-07, 1.35682158842e-08, 6.2185845362e-10],
        "stdev": [0.452546000481, 3.71595358849, 5.37577390671, 26.8351135254, 28.8507270813, 43.5511817932, 45.1752166748, 33.0459976196, 26.9336872101, 45.734336853, 69.0020370483, 43.4910049438, 34.0053215027, 20.431350708, 19.5403156281, 11.6334266663, 9.26578712463, 16.599149704, 16.0273303986, 19.6549453735, 22.8150901794, 35.1146392822, 24.4540596008, 17.3232250214, 15.5932130814, 18.0252838135, 24.6054801941, 40.0953292847, 22.2217712402, 12.0979700089, 9.00690460205, 8.77820968628, 7.32780599594, 5.30329990387, 4.52497386932, 1.75992357731, 0.437022894621, 0.0557334125042, 0.00160039786715, 6.14628443145e-05],
        "var": [0.204797878861, 13.8083114624, 28.8989429474, 720.123291016, 832.364440918, 1896.70532227, 2040.80004883, 1092.0378418, 725.423461914, 2091.62963867, 4761.28076172, 1891.4675293, 1156.36181641, 417.440124512, 381.823944092, 135.336608887, 85.8548126221, 275.531799316, 256.875305176, 386.316864014, 520.528320312, 1233.0378418, 598.001037598, 300.094146729, 243.148300171, 324.910888672, 605.4296875, 1607.63549805, 493.807128906, 146.360870361, 81.1243286133, 77.056968689, 53.6967391968, 28.1249904633, 20.4753875732, 3.09733080864, 0.190989017487, 0.00310621317476, 2.56127327702e-06, 3.7776812789e-09]
    },
    "gfcc": {
        "mean": [-24.9392242432, 67.4817810059, -75.1239089966, 45.0232620239, -61.6711425781, 3.0862455368, -46.891368866, 11.5303039551, -30.7540969849, 1.56698465347, -21.2947978973, 3.87583899498, -11.4031124115],
        "cov": [[6302.8671875, -1153.4979248, -720.88873291, -181.819061279, -81.4008178711, 199.914657593, -111.82194519, 24.3177871704, -116.15171814, 174.121444702, -148.40512085, 119.893127441, -185.405487061], [-1153.4979248, 1976.36779785, -143.566848755, -514.864746094, 144.539794922, -173.154998779, 90.1360626221, -22.0908203125, 93.6742248535, -155.787475586, 173.499908447, -82.8627319336, 72.5010070801], [-720.88873291, -143.566848755, 738.957763672, 252.530426025, -34.7247772217, 21.0039348602, 12.7380695343, 38.1050376892, 21.5852394104, 4.20875930786, -1.54350471497, 9.98683834076, 20.1981086731], [-181.819061279, -514.864746094, 252.530426025, 743.723571777, 175.419769287, 83.5948867798, 30.2589607239, -7.09820270538, 39.5024261475, 25.980676651, -39.2390785217, -9.97564983368, -10.0582256317], [-81.4008178711, 144.539794922, -34.7247772217, 175.419769287, 371.961456299, 92.0450515747, 59.8104553223, 68.6280212402, 92.8919143677, 52.0261268616, 24.4953403473, 0.340172320604, -0.211262986064], [199.914657593, -173.154998779, 21.0039348602, 83.5948867798, 92.0450515747, 316.041656494, 165.864074707, 45.5933761597, 28.2924785614, 107.557601929, 22.1204547882, -6.02751779556, 3.45596861839], [-111.82194519, 90.1360626221, 12.7380695343, 30.2589607239, 59.8104553223, 165.864074707, 234.055023193, 66.2503662109, 43.3184967041, 82.2757034302, 51.2383728027, -9.25609207153, 19.9826660156], [24.3177871704, -22.0908203125, 38.1050376892, -7.09820270538, 68.6280212402, 45.5933761597, 66.2503662109, 168.293121338, 80.5911636353, 45.5130844116, 38.4341773987, 30.8158779144, 14.6709108353], [-116.15171814, 93.6742248535, 21.5852394104, 39.5024261475, 92.8919143677, 28.2924785614, 43.3184967041, 80.5911636353, 148.09211731, 62.109375, 31.7241401672, 6.17871379852, 23.3606719971], [174.121444702, -155.787475586, 4.20875930786, 25.980676651, 52.0261268616, 107.557601929, 82.2757034302, 45.5130844116, 62.109375, 169.845535278, 34.8876609802, 13.5409879684, 28.429151535], [-148.40512085, 173.499908447, -1.54350471497, -39.2390785217, 24.4953403473, 22.1204547882, 51.2383728027, 38.4341773987, 31.7241401672, 34.8876609802, 112.289535522, 30.0157680511, 29.444486618], [119.893127441, -82.8627319336, 9.98683834076, -9.97564983368, 0.340172320604, -6.02751779556, -9.25609207153, 30.8158779144, 6.17871379852, 13.5409879684, 30.0157680511, 98.9221725464, 35.6178665161], [-185.405487061, 72.5010070801, 20.1981086731, -10.0582256317, -0.211262986064, 3.45596861839, 19.9826660156, 14.6709108353, 23.3606719971, 28.429151535, 29.444486618, 35.6178665161, 110.247085571]],
        "icov": [[0.000250319513725, 5.6721328292e-06, 0.00025964024826, -1.53266591951e-05, 0.000120627046272, -0.000230820063734, 0.000261641922407, -0.000205257500056, 0.000199832385988, -0.000407360814279, 0.000366409687558, -0.000493096653372, 0.000479778536828], [5.6721328292e-06, 0.00199354835786, -0.000344980653608, 0.00172480172478, -0.00176981103141, 0.00126358983107, -0.00185306638014, 0.00194531865418, -0.00184115732554, 0.00299004768021, -0.00279620359652, 0.00223480444402, -0.00140300730709], [0.00025964024826, -0.000344980653608, 0.00200701854192, -0.00104936643038, 0.00107649038546, -0.000572385266423, 0.000721916439943, -0.00119548547082, 0.00042082532309, -0.000777689390816, 0.000720190349966, -0.000802699942142, 0.000426670274464], [-1.53266591951e-05, 0.00172480172478, -0.00104936643038, 0.00342700979672, -0.00256320717745, 0.000888038775884, -0.00178789987694, 0.00247718393803, -0.00189866137225, 0.00259100901894, -0.00158292835113, 0.00167058361694, -0.00107624637894], [0.000120627046272, -0.00176981103141, 0.00107649038546, -0.00256320717745, 0.00564458500594, -0.00208282819949, 0.00203664111905, -0.00264166318811, -0.000115929084131, -0.00259243138134, 0.00208152155392, -0.0020431780722, 0.00179138965905], [-0.000230820063734, 0.00126358983107, -0.000572385266423, 0.000888038775884, -0.00208282819949, 0.00708789844066, -0.00508789625019, 0.00143699417822, -7.57898378652e-05, -0.000236392268562, -0.00124213658273, 0.00164988159668, -0.000652731687296], [0.000261641922407, -0.00185306638014, 0.000721916439943, -0.00178789987694, 0.00203664111905, -0.00508789625019, 0.0104482965544, -0.004138040822, 0.00215810257941, -0.00402610469609, 0.000279745116131, -0.000101547011582, 0.000722526281606], [-0.000205257500056, 0.00194531865418, -0.00119548547082, 0.00247718393803, -0.00264166318811, 0.00143699417822, -0.004138040822, 0.0119851138443, -0.00646728836, 0.00352001213469, -0.00330217927694, -0.000665941799525, -0.000514652347192], [0.000199832385988, -0.00184115732554, 0.00042082532309, -0.00189866137225, -0.000115929084131, -7.57898378652e-05, 0.00215810257941, -0.00646728836, 0.013705172576, -0.0062216934748, 0.00186458928511, -0.000413657544414, 0.000104126906081], [-0.000407360814279, 0.00299004768021, -0.000777689390816, 0.00259100901894, -0.00259243138134, -0.000236392268562, -0.00402610469609, 0.00352001213469, -0.0062216934748, 0.0144499586895, -0.0056104073301, 0.00342105166055, -0.00402343459427], [0.000366409687558, -0.00279620359652, 0.000720190349966, -0.00158292835113, 0.00208152155392, -0.00124213658273, 0.000279745116131, -0.00330217927694, 0.00186458928511, -0.0056104073301, 0.0166569389403, -0.00697776023299, 0.00146762572695], [-0.000493096653372, 0.00223480444402, -0.000802699942142, 0.00167058361694, -0.0020431780722, 0.00164988159668, -0.000101547011582, -0.000665941799525, -0.000413657544414, 0.00342105166055, -0.00697776023299, 0.0171158891171, -0.00640865787864], [0.000479778536828, -0.00140300730709, 0.000426670274464, -0.00107624637894, 0.00179138965905, -0.000652731687296, 0.000722526281606, -0.000514652347192, 0.000104126906081, -0.00402343459427, 0.00146762572695, -0.00640865787864, 0.0132790468633]]
    },
    "melbands": {
        "dmean": [0.00141338200774, 0.00142057007179, 0.00170821743086, 0.000772605941165, 0.000532314064912, 0.000202711336897, 0.000118824573292, 0.00012586331286, 0.000110737935756, 5.0194808864e-05, 2.42900605372e-05, 1.87939112948e-05, 1.55176785483e-05, 1.16483588499e-05, 8.67994731379e-06, 8.96719939192e-06, 9.07427966013e-06, 8.25594088383e-06, 1.0818199371e-05, 8.57310169522e-06, 8.27162511996e-06, 1.00668557934e-05, 1.01755076685e-05, 8.68908136908e-06, 5.82654320169e-06, 4.522558811e-06, 5.11038251716e-06, 5.00890155308e-06, 5.64878746445e-06, 6.27211102255e-06, 5.93987533648e-06, 3.79987795895e-06, 2.52225277109e-06, 1.82734174814e-06, 1.77753076969e-06, 1.60553020123e-06, 1.83756196748e-06, 1.7535612642e-06, 1.21072844195e-06, 1.3412793578e-06],
        "dmean2": [0.00212353584357, 0.00239095580764, 0.00311242509633, 0.00120163674001, 0.000780629401561, 0.000323983083945, 0.000180614879355, 0.000182364849024, 0.000154825320351, 7.03433106537e-05, 3.32279923896e-05, 2.788241909e-05, 2.23967217607e-05, 1.90779555851e-05, 1.45197664096e-05, 1.49065554069e-05, 1.40907095556e-05, 1.33026151161e-05, 1.72237687366e-05, 1.44518471643e-05, 1.3622359802e-05, 1.60752733791e-05, 1.62500637089e-05, 1.36988155646e-05, 9.56022540777e-06, 7.72201747168e-06, 8.38210326037e-06, 8.2781934907e-06, 9.54574261414e-06, 1.04485388874e-05, 9.27733617573e-06, 6.0247143665e-06, 4.02351497542e-06, 2.95444419862e-06, 2.73241130344e-06, 2.5018650831e-06, 2.84977750198e-06, 2.71508838523e-06, 1.85012311249e-06, 2.00908425541e-06],
        "dvar": [1.91923099919e-05, 1.28817682707e-05, 3.33723837684e-05, 1.79270512035e-06, 7.55233031668e-07, 2.75353528423e-07, 8.72137491115e-08, 1.02579164718e-07, 9.86259323099e-08, 2.59714632023e-08, 1.66969194026e-08, 3.02618619052e-09, 1.92299620672e-09, 9.05594932377e-10, 4.19137141661e-10, 5.56828194664e-10, 5.40223421552e-10, 4.17747947346e-10, 1.55601997953e-09, 4.07115702261e-10, 8.92923790463e-10, 5.68705027515e-10, 3.94580701446e-10, 2.79315570673e-10, 1.13112373634e-10, 1.36345476576e-10, 1.3127134102e-10, 1.33949393244e-10, 1.60994120812e-10, 4.47433701201e-10, 3.96200960928e-10, 1.39553757439e-10, 4.31173187432e-11, 1.96450720275e-11, 1.43413458192e-11, 1.218394656e-11, 2.28720566792e-11, 1.83060545889e-11, 1.00238801634e-11, 1.2332677414e-11],
        "dvar2": [4.42194614152e-05, 3.33657335432e-05, 9.5122413768e-05, 4.23016081186e-06, 1.50735831994e-06, 6.1857468836e-07, 1.87068380342e-07, 1.97606098595e-07, 2.05257194352e-07, 4.07236520061e-08, 2.97012991979e-08, 6.70544508807e-09, 3.11708059364e-09, 2.23187113235e-09, 1.04069053375e-09, 1.38134770289e-09, 9.87174564315e-10, 9.12781406015e-10, 3.30864979858e-09, 1.08609810034e-09, 2.31516317228e-09, 1.21436516398e-09, 9.19640918973e-10, 6.66996846643e-10, 2.92558449688e-10, 3.62087526629e-10, 3.30433930218e-10, 3.36677685731e-10, 4.14604017784e-10, 1.14932874329e-09, 8.21770540504e-10, 3.29084620665e-10, 9.12642808548e-11, 4.31608603024e-11, 3.10873618514e-11, 2.9154661324e-11, 5.4981741382e-11, 4.01263744454e-11, 2.20660000688e-11, 2.63839592535e-11],
        "max": [0.0359665229917, 0.0271436311305, 0.0406658835709, 0.0151802748442, 0.0127560878173, 0.00914011150599, 0.00460785161704, 0.0054600937292, 0.00615895725787, 0.00395975681022, 0.00466632517055, 0.00132969289552, 0.00100538600236, 0.000488071411382, 0.000401831173804, 0.000372020469513, 0.000516615866218, 0.000284997804556, 0.000849084870424, 0.000265469832812, 0.00061444909079, 0.000641245685983, 0.000229486759054, 0.000230818070122, 0.000126340572024, 0.000260585191427, 0.000179782015039, 0.000125754217152, 0.000127893086756, 0.000453945162008, 0.000399558135541, 0.000207826364203, 8.74413381098e-05, 9.26596330828e-05, 5.60757653147e-05, 6.5503634687e-05, 8.09199409559e-05, 6.09736271144e-05, 5.29493554495e-05, 5.61998749617e-05],
        "mean": [0.00152876751963, 0.00154616287909, 0.00154630781617, 0.00144227838609, 0.00110873917583, 0.000329977134243, 0.000183927215403, 0.000195748914848, 0.000208621495403, 9.08802976483e-05, 3.52120005118e-05, 3.02413391182e-05, 2.58094878518e-05, 1.51483654918e-05, 1.0363378351e-05, 9.82740039035e-06, 1.19722471936e-05, 1.02825606518e-05, 1.233189505e-05, 9.39315486903e-06, 1.0007273886e-05, 1.41929986057e-05, 1.28769252115e-05, 1.20162339954e-05, 8.36595700093e-06, 5.56486520509e-06, 6.39637755739e-06, 6.01568035563e-06, 6.98210533301e-06, 7.19407444194e-06, 7.28522672944e-06, 4.76947707284e-06, 3.55186739398e-06, 2.7963667435e-06, 2.62862249656e-06, 2.31186686506e-06, 2.44406101046e-06, 2.42690157393e-06, 1.68964049863e-06, 1.79755613772e-06],
        "median": [0.00025938852923, 0.000461448857095, 0.000350687478203, 0.000537383602932, 0.000431932945503, 0.000107965730422, 4.01368415623e-05, 3.11111907649e-05, 2.30188888963e-05, 1.44948062371e-05, 9.42645510804e-06, 8.38177675178e-06, 6.34291927781e-06, 3.27010229739e-06, 2.75436036645e-06, 2.17201227315e-06, 2.47993398261e-06, 2.27396662922e-06, 2.54978272096e-06, 2.28206158681e-06, 1.95706752493e-06, 3.02844614453e-06, 3.27373072651e-06, 3.28284818352e-06, 3.10537916448e-06, 1.96695737031e-06, 1.61548541655e-06, 1.51292613282e-06, 1.43918089179e-06, 1.36905384807e-06, 9.50410026235e-07, 6.72816440783e-07, 6.43858186322e-07, 7.32635385248e-07, 6.76478123296e-07, 6.94321215633e-07, 5.40904068203e-07, 5.64444007978e-07, 4.75230507391e-07, 3.51986784608e-07],
        "min": [1.09870246234e-08, 3.27914939646e-09, 4.98309671304e-10, 2.08044159677e-09, 3.19781623404e-09, 2.10058392902e-09, 5.7276433596e-10, 5.07562498975e-11, 1.88601495532e-10, 4.497544559e-10, 1.29648514147e-10, 7.84880008209e-11, 5.46261647028e-11, 6.44315226173e-11, 8.72272323815e-11, 2.21642478676e-11, 1.41180764995e-11, 1.82395886589e-11, 3.13317687767e-12, 2.15093329432e-12, 7.94290761635e-12, 1.90736992173e-11, 1.32062936975e-11, 2.28349578829e-11, 2.00994863114e-11, 2.20965138548e-11, 4.27499459443e-11, 4.81523397544e-11, 1.83147854521e-11, 1.51512847407e-11, 9.12415368953e-12, 7.94408115679e-12, 1.60164381757e-10, 7.98694860249e-11, 1.86171217331e-11, 1.55543425362e-11, 2.31644061571e-11, 2.34674918387e-11, 2.53180826998e-11, 1.94751801491e-11],
        "stdev": [0.00437658885494, 0.00326031609438, 0.00462207570672, 0.00200546346605, 0.00161274231505, 0.000727600359824, 0.000412645051256, 0.0004814202548, 0.000575838843361, 0.000268524338026, 0.00017187751655, 8.28300690046e-05, 8.03078219178e-05, 3.9740873035e-05, 2.7792810215e-05, 2.45608152909e-05, 3.40613696608e-05, 2.65862636297e-05, 4.30170803156e-05, 2.08383335121e-05, 3.11904987029e-05, 4.03371377615e-05, 2.50865123235e-05, 2.17955366679e-05, 1.39494050018e-05, 1.18292336992e-05, 1.33968023874e-05, 1.24423240777e-05, 1.43319430208e-05, 2.09246045415e-05, 2.49988843279e-05, 1.41039336086e-05, 8.67348626343e-06, 6.05205786997e-06, 5.38959511687e-06, 4.76796367366e-06, 6.07596211921e-06, 5.83665359954e-06, 4.0606737457e-06, 4.7653038564e-06],
        "var": [1.9154531401e-05, 1.06296611193e-05, 2.13635830733e-05, 4.02188379667e-06, 2.60093770521e-06, 5.29402257143e-07, 1.70275939126e-07, 2.31765454828e-07, 3.31590342739e-07, 7.21053154962e-08, 2.9541878277e-08, 6.86082080037e-09, 6.44934594618e-09, 1.57933699452e-09, 7.72440278407e-10, 6.03233629715e-10, 1.16017695451e-09, 7.0682937281e-10, 1.85046933332e-09, 4.3423614704e-10, 9.72847247205e-10, 1.62708457818e-09, 6.29333085644e-10, 4.75045391912e-10, 1.94585902946e-10, 1.399307753e-10, 1.79474324291e-10, 1.54811427566e-10, 2.0540459611e-10, 4.37839098311e-10, 6.24944263006e-10, 1.98920949157e-10, 7.52293574657e-11, 3.66274059693e-11, 2.90477347037e-11, 2.27334782943e-11, 3.69173164261e-11, 3.40665273768e-11, 1.64890722604e-11, 2.27081218412e-11]
    },
    "melbands128": {
