{
"lowlevel": {
    "average_loudness": 0.888593137264,
    "barkbands_crest": {
        "dmean": 2.07459568977,
        "dmean2": 3.21504354477,
        "dvar": 3.85093021393,
        "dvar2": 9.44308757782,
        "max": 25.4463691711,
        "mean": 10.8577003479,
        "median": 10.2204456329,
        "min": 3.58252000809,
        "stdev": 3.72940945625,
        "var": 13.9084949493
    },
    "barkbands_flatness_db": {
        "dmean": 0.0172675326467,
        "dmean2": 0.0266602374613,
        "dvar": 0.000294872152153,
        "dvar2": 0.000638731813524,
        "max": 0.326047301292,
        "mean": 0.186499029398,
        "median": 0.189811199903,
        "min": 0.0469112619758,
        "stdev": 0.0484087280929,
        "var": 0.00234340503812
    },
    "barkbands_kurtosis": {
        "dmean": 3.01657104492,
        "dmean2": 4.63566493988,
        "dvar": 18.9021644592,
        "dvar2": 45.679901123,
        "max": 58.9822769165,
        "mean": 6.82021045685,
        "median": 4.36705112457,
        "min": -1.87444865704,
        "stdev": 7.28139686584,
        "var": 53.0187416077
    },
    "barkbands_skewness": {
        "dmean": 0.45598462224,
        "dmean2": 0.678605914116,
        "dvar": 0.231762185693,
        "dvar2": 0.489214420319,
        "max": 6.55309343338,
        "mean": 1.93207335472,
        "median": 1.76522958279,
        "min": -1.84402644634,
        "stdev": 1.05480468273,
        "var": 1.11261296272
    },
    "barkbands_spread": {
        "dmean": 2.73903656006,
        "dmean2": 4.02262163162,
        "dvar": 30.3920726776,
        "dvar2": 49.1128196716,
        "max": 103.873710632,
        "mean": 12.2243499756,
        "median": 9.36629199982,
        "min": 1.41919052601,
        "stdev": 11.7848844528,
        "var": 138.883499146
    },
    "dissonance": {
        "dmean": 0.0255190078169,
        "dmean2": 0.0427493005991,
        "dvar": 0.000677955395076,
        "dvar2": 0.0016879279865,
        "max": 0.497769117355,
        "mean": 0.434516012669,
        "median": 0.439365118742,
        "min": 0.19019138813,
        "stdev": 0.0372090041637,
        "var": 0.00138450996019
    },
    "dynamic_complexity": 3.30236387253,
    "erbbands_crest": {
        "dmean": 2.19987607002,
        "dmean2": 3.48864746094,
        "dvar": 4.42594623566,
        "dvar2": 10.8619689941,
        "max": 26.000869751,
        "mean": 9.48168754578,
        "median": 8.47441577911,
        "min": 3.66255235672,
        "stdev": 3.82339763641,
        "var": 14.6183700562
    },
    "erbbands_flatness_db": {
        "dmean": 0.0122859049588,
        "dmean2": 0.0181217286736,
        "dvar": 0.000162047057529,
        "dvar2": 0.000352287635906,
        "max": 0.324675112963,
        "mean": 0.183131754398,
        "median": 0.183298021555,
        "min": 0.0575517416,
        "stdev": 0.0498341917992,
        "var": 0.00248344684951
    },
    "erbbands_kurtosis": {
        "dmean": 0.83601641655,
        "dmean2": 1.29936218262,
        "dvar": 1.00865495205,
        "dvar2": 2.27655696869,
        "max": 14.0542221069,
        "mean": 1.13179886341,
        "median": 0.688547849655,
        "min": -1.73654687405,
        "stdev": 1.80503118038,
        "var": 3.25813770294
    },
    "erbbands_skewness": {
        "dmean": 0.278429478407,
        "dmean2": 0.418461292982,
        "dvar": 0.0787005499005,
        "dvar2": 0.169474035501,
        "max": 2.43133449554,
        "mean": 0.682588398457,
        "median": 0.693406164646,
        "min": -2.07592797279,
        "stdev": 0.617964029312,
        "var": 0.381879508495
    },
    "erbbands_spread": {
        "dmean": 4.77865982056,
        "dmean2": 7.30218362808,
        "dvar": 40.3049125671,
        "dvar2": 95.0229797363,
        "max": 130.098434448,
        "mean": 29.1453380585,
        "median": 25.1472225189,
        "min": 5.65207004547,
        "stdev": 15.4957036972,
        "var": 240.116836548
    },
    "hfc": {
        "dmean": 2.86909651756,
        "dmean2": 4.15569210052,
        "dvar": 22.9645347595,
        "dvar2": 47.549697876,
        "max": 77.6729507446,
        "mean": 13.8224287033,
        "median": 8.56687545776,
        "min": 1.15973898253e-16,
        "stdev": 12.9143648148,
        "var": 166.780807495
    },
    "loudness_ebu128": {
        "integrated": -14.7771692276,
        "loudness_range": 4.76592159271,
        "momentary": {
            "dmean": 0.492220401764,
            "dmean2": 0.419048160315,
            "dvar": 0.193562269211,
            "dvar2": 0.15726351738,
            "max": -10.6794910431,
            "mean": -15.4636631012,
            "median": -15.2211427689,
            "min": -21.1776638031,
            "stdev": 2.52212882042,
            "var": 6.36113405228
        },
        "short_term": {
            "dmean": 0.112266674638,
            "dmean2": 0.0579523220658,
            "dvar": 0.00710066733882,
            "dvar2": 0.00378896715119,
            "max": -12.6719636917,
            "mean": -14.9875640869,
            "median": -14.7053918839,
            "min": -19.3371601105,
            "stdev": 1.62516510487,
            "var": 2.6411614418
        }
    },
    "melbands_crest": {
        "dmean": 2.69695878029,
        "dmean2": 4.2732334137,
        "dvar": 5.77480363846,
        "dvar2": 15.0403556824,
        "max": 30.5955600739,
        "mean": 14.8867111206,
        "median": 14.2441825867,
        "min": 2.19468522072,
        "stdev": 4.83075904846,
        "var": 23.3362312317
    },
    "melbands_flatness_db": {
        "dmean": 0.0197024289519,
        "dmean2": 0.0295373965055,
        "dvar": 0.000466871220851,
        "dvar2": 0.000902248953935,
        "max": 0.450798422098,
        "mean": 0.270297825336,
        "median": 0.269644796848,
        "min": 0.00548815960065,
        "stdev": 0.0624799653888,
        "var": 0.00390374590643
    },
    "melbands_kurtosis": {
        "dmean": 5.17431974411,
        "dmean2": 7.96694946289,
        "dvar": 61.1600418091,
        "dvar2": 161.728057861,
        "max": 100.609977722,
        "mean": 12.8603191376,
        "median": 8.33363723755,
        "min": -1.44626569748,
        "stdev": 13.419500351,
        "var": 180.082992554
    },
    "melbands_skewness": {
        "dmean": 0.529223322868,
        "dmean2": 0.805169284344,
        "dvar": 0.312519460917,
        "dvar2": 0.741649031639,
        "max": 8.29014873505,
        "mean": 2.55088424683,
        "median": 2.33833360672,
        "min": -0.365827292204,
        "stdev": 1.29689729214,
        "var": 1.68194258213
    },
    "melbands_spread": {
        "dmean": 3.17370462418,
        "dmean2": 4.37709522247,
        "dvar": 41.4967269897,
        "dvar2": 60.1323699951,
        "max": 134.485443115,
        "mean": 12.4791965485,
        "median": 9.99011611938,
        "min": 1.52143228054,
        "stdev": 12.2391233444,
        "var": 149.796142578
    },
    "pitch_salience": {
        "dmean": 0.0566563680768,
        "dmean2": 0.0915837436914,
        "dvar": 0.00300725945272,
        "dvar2": 0.00730380602181,
        "max": 0.887266278267,
        "mean": 0.558876276016,
        "median": 0.566469311714,
        "min": 0.15894754231,
        "stdev": 0.106421850622,
        "var": 0.0113256108016
    },
    "silence_rate_20dB": {
        "dmean": 0,
        "dmean2": 0,
        "dvar": 0,
        "dvar2": 0,
        "max": 1,
        "mean": 1,
        "median": 1,
        "min": 1,
        "stdev": 0,
        "var": 0
    },
    "silence_rate_30dB": {
        "dmean": 0.00464396271855,
        "dmean2": 0.00929511990398,
        "dvar": 0.0046223574318,
        "dvar2": 0.0123072303832,
        "max": 1,
        "mean": 0.996133029461,
        "median": 1,
        "min": 0,
        "stdev": 0.0620641857386,
        "var": 0.00385196320713
    },
    "silence_rate_60dB": {
        "dmean": 0.00928792543709,
        "dmean2": 0.0178156476468,
        "dvar": 0.00920136086643,
        "dvar2": 0.0221451427788,
        "max": 1,
        "mean": 0.00928074214607,
        "median": 0,
        "min": 0,
        "stdev": 0.0958876237273,
        "var": 0.00919443648309
    },
    "spectral_centroid": {
        "dmean": 116.550888062,
        "dmean2": 162.677276611,
        "dvar": 129134.648438,
        "dvar2": 148228.53125,
        "max": 11447.4892578,
        "mean": 667.607788086,
        "median": 556.983276367,
        "min": 240.304840088,
        "stdev": 536.530456543,
        "var": 287864.90625
    },
    "spectral_complexity": {
        "dmean": 1.91021668911,
        "dmean2": 3.0580945015,
        "dvar": 3.53995299339,
        "dvar2": 7.77587795258,
        "max": 33,
        "mean": 13.3116779327,
        "median": 12,
        "min": 0,
        "stdev": 4.51973295212,
        "var": 20.4279842377
    },
    "spectral_decrease": {
        "dmean": 1.86501392108e-09,
        "dmean2": 2.91487722848e-09,
        "dvar": 6.2961257643e-18,
        "dvar2": 1.51196307527e-17,
        "max": -8.94186703687e-29,
        "mean": -7.58311813343e-09,
        "median": -6.02590422005e-09,
        "min": -3.85166067929e-08,
        "stdev": 5.86777249012e-09,
        "var": 3.44307544141e-17
    },
    "spectral_energy": {
        "dmean": 0.00720892753452,
        "dmean2": 0.0112853776664,
        "dvar": 9.34090276132e-05,
        "dvar2": 0.00022403067851,
        "max": 0.148772493005,
        "mean": 0.0298741739243,
        "median": 0.0237088482827,
        "min": 1.08566582981e-20,
        "stdev": 0.0229263156652,
        "var": 0.000525615934748
    },
    "spectral_energyband_high": {
        "dmean": 0.000137526571052,
        "dmean2": 0.000187185505638,
        "dvar": 2.39297065718e-07,
        "dvar2": 4.4642953867e-07,
        "max": 0.00769305229187,
        "mean": 0.000360794190783,
        "median": 8.98971557035e-05,
        "min": 7.79647938811e-21,
        "stdev": 0.000929160800297,
        "var": 8.63339835178e-07
    },
    "spectral_energyband_low": {
        "dmean": 0.00408845255151,
        "dmean2": 0.00682836957276,
        "dvar": 5.12748083565e-05,
        "dvar2": 0.0001379091118,
        "max": 0.0979571044445,
        "mean": 0.0105689056218,
        "median": 0.00527214305475,
        "min": 5.89856289947e-23,
        "stdev": 0.012716521509,
        "var": 0.000161709918757
    },
    "spectral_energyband_middle_high": {
        "dmean": 0.000829948985483,
        "dmean2": 0.00119073258247,
        "dvar": 1.95064308173e-06,
        "dvar2": 3.75520630769e-06,
        "max": 0.0267062764615,
        "mean": 0.00302242301404,
        "median": 0.00146945309825,
        "min": 1.82040602007e-21,
        "stdev": 0.00373796350323,
        "var": 1.3972371562e-05
    },
    "spectral_energyband_middle_low": {
        "dmean": 0.00484142405912,
        "dmean2": 0.00735440850258,
        "dvar": 4.96730572195e-05,
        "dvar2": 0.000113242866064,
        "max": 0.080996401608,
        "mean": 0.0187752693892,
        "median": 0.0121756307781,
        "min": 2.20759455287e-22,
        "stdev": 0.0166174471378,
        "var": 0.000276139529888
    },
    "spectral_entropy": {
        "dmean": 0.135287240148,
        "dmean2": 0.203025057912,
        "dvar": 0.0274314228445,
        "dvar2": 0.0476724170148,
        "max": 9.80314159393,
        "mean": 7.00311994553,
        "median": 6.96461820602,
        "min": 5.9196138382,
        "stdev": 0.479930013418,
        "var": 0.230332821608
    },
    "spectral_flux": {
        "dmean": 0.0173593536019,
        "dmean2": 0.0278724655509,
        "dvar": 0.000420915719587,
        "dvar2": 0.00107230618596,
        "max": 0.229601696134,
        "mean": 0.0613859035075,
        "median": 0.0525235757232,
        "min": 1.04195291284e-10,
        "stdev": 0.0354083031416,
        "var": 0.00125374784693
    },
    "spectral_kurtosis": {
        "dmean": 3.70383143425,
        "dmean2": 6.35763120651,
        "dvar": 30.3399124146,
        "dvar2": 95.8374710083,
        "max": 58.9313545227,
        "mean": 10.5613241196,
        "median": 8.11712932587,
        "min": -1.24075043201,
        "stdev": 9.02381134033,
        "var": 81.4291687012
    },
    "spectral_rms": {
        "dmean": 0.000622445659246,
        "dmean2": 0.000959126628004,
        "dvar": 4.8971543265e-07,
        "dvar2": 1.08712094971e-06,
        "max": 0.0120475683361,
        "mean": 0.00499292416498,
        "median": 0.00480942660943,
        "min": 3.25451406276e-12,
        "stdev": 0.00205334438942,
        "var": 4.21622280555e-06
    },
    "spectral_rolloff": {
        "dmean": 204.648361206,
        "dmean2": 325.983032227,
        "dvar": 618863.875,
        "dvar2": 964289.625,
        "max": 18044.8242188,
        "mean": 820.392700195,
        "median": 559.86328125,
        "min": 129.19921875,
        "stdev": 1178.45874023,
        "var": 1388765
    },
    "spectral_skewness": {
        "dmean": 0.325714796782,
        "dmean2": 0.533465743065,
        "dvar": 0.14045663178,
        "dvar2": 0.424652963877,
        "max": 5.41403436661,
        "mean": 2.40945076942,
        "median": 2.29273986816,
        "min": -0.023838929832,
        "stdev": 0.76250910759,
        "var": 0.581420123577
    },
    "spectral_spread": {
        "dmean": 408592.90625,
        "dmean2": 598502.75,
        "dvar": 1.25526920397e+12,
        "dvar2": 1.51223507354e+12,
        "max": 42685012,
        "mean": 4042622,
        "median": 3887710.25,
        "min": 1029142.875,
        "stdev": 2183377,
        "var": 4.76713530163e+12
    },
    "spectral_strongpeak": {
        "dmean": 0.2756690979,
        "dmean2": 0.455536276102,
        "dvar": 0.15902608633,
        "dvar2": 0.376870393753,
        "max": 4.73360872269,
        "mean": 0.795224010944,
        "median": 0.563026666641,
        "min": 0,
        "stdev": 0.822532474995,
        "var": 0.676559686661
    },
    "zerocrossingrate": {
        "dmean": 0.00649731513113,
        "dmean2": 0.00731211574748,
        "dvar": 0.000267457857262,
        "dvar2": 0.000280217907857,
        "max": 0.48876953125,
        "mean": 0.0370111912489,
        "median": 0.02880859375,
        "min": 0.00244140625,
        "stdev": 0.0311004798859,
        "var": 0.00096723990282
    },
    "barkbands": {
        "dmean": [0.000125588921946, 0.00141607120167, 0.00226336577907, 0.00190294696949, 0.00276584667154, 0.000582967186347, 0.000739580136724, 0.000721913005691, 0.000375216477551, 0.000411869928939, 0.000275552651146, 0.000191116647329, 0.000176190209459, 0.000195623229956, 0.000117103292723, 6.12614458078e-05, 6.28589405096e-05, 3.94142589357e-05, 3.1540668715e-05, 3.39272046403e-05, 3.37987512466e-05, 3.14796780003e-05, 3.2638097764e-05, 3.22327396134e-05, 2.61261156993e-05, 1.25591441247e-05, 8.64136723067e-07],
        "dmean2": [0.000215535823372, 0.00231233029626, 0.00378083600663, 0.00302866729908, 0.00414357287809, 0.000953139853664, 0.0010751230875, 0.00102995964698, 0.000525758659933, 0.000560109328944, 0.000401187920943, 0.000304988177959, 0.000271364086075, 0.0002817142813, 0.000179544003913, 9.82216006378e-05, 0.000101357305539, 6.09725284448e-05, 5.25807554368e-05, 5.32268968527e-05, 4.9935257266e-05, 4.59142793261e-05, 5.08483644808e-05, 4.6300021495e-05, 4.01328688895e-05, 1.80739971256e-05, 1.38689472351e-06],
        "dvar": [1.75432802507e-07, 1.1315926713e-05, 2.28818935284e-05, 1.70179919223e-05, 2.52001536865e-05, 8.45329566346e-07, 2.1494822704e-06, 2.69839551947e-06, 5.62175614505e-07, 5.59140914902e-07, 4.86070234729e-07, 4.2687105406e-07, 2.09291755482e-07, 2.05590993119e-07, 1.71432986917e-07, 7.45556434367e-08, 1.82993620257e-08, 8.06898103889e-09, 1.719724807e-08, 1.53438932671e-08, 2.16382112228e-08, 1.30599149273e-08, 1.33006894387e-08, 1.88584916572e-08, 9.67178959144e-09, 1.91763738222e-09, 9.42433978079e-12],
        "dvar2": [5.37423375135e-07, 3.02951812046e-05, 6.45194013487e-05, 4.47199563496e-05, 5.92926844547e-05, 2.10034841075e-06, 3.90297918784e-06, 6.14091368334e-06, 9.07368985281e-07, 6.78209289617e-07, 9.46955424297e-07, 1.08405549781e-06, 4.6703550538e-07, 4.14372408386e-07, 3.94712600382e-07, 1.64120322665e-07, 4.41889760339e-08, 1.7658781104e-08, 4.49072992126e-08, 3.6792332736e-08, 4.63163658537e-08, 2.74167035741e-08, 3.02649674211e-08, 3.4406024696e-08, 2.02638208435e-08, 3.66390429107e-09, 2.25165910223e-11],
        "max": [0.00573089765385, 0.0507688485086, 0.062945201993, 0.0596732646227, 0.0724438130856, 0.0158249158412, 0.0348663330078, 0.037899389863, 0.0208131298423, 0.0209726262838, 0.014102300629, 0.0105589963496, 0.00685670226812, 0.0116600152105, 0.00772272935137, 0.00735623203218, 0.00240171747282, 0.0013084836537, 0.00326867634431, 0.0019956715405, 0.00364448991604, 0.00244357204065, 0.00203490443528, 0.00431245565414, 0.00288109807298, 0.00133252737578, 7.66123484937e-05],
        "mean": [0.000155548055773, 0.00321776722558, 0.00464099133387, 0.00444551417604, 0.00718662934378, 0.00132691371255, 0.00187235570047, 0.00217747502029, 0.00106705760118, 0.00103035313077, 0.000547367089894, 0.000355520372977, 0.000361669925041, 0.000444168195827, 0.000268175994279, 0.000113783811685, 0.000126844461192, 7.55759610911e-05, 5.78202634642e-05, 6.32364826743e-05, 6.01259162067e-05, 5.7787165133e-05, 5.91683965467e-05, 7.03426849213e-05, 6.12099538557e-05, 2.94697747449e-05, 1.32008347009e-06],
        "median": [3.61742559107e-06, 0.00145908503328, 0.000892104930244, 0.00122399802785, 0.00313870818354, 0.000810022756923, 0.000653796596453, 0.000645302352495, 0.000363604660379, 0.000444450037321, 0.000202352413908, 8.09711200418e-05, 9.30227106437e-05, 8.09368575574e-05, 5.74419173063e-05, 4.23464734922e-05, 4.45237601525e-05, 1.75634468178e-05, 1.71679639607e-05, 9.38228640734e-06, 8.81662708707e-06, 9.09521440917e-06, 7.37141044738e-06, 8.25151346362e-06, 1.52538577822e-05, 6.49848698231e-06, 6.34689101275e-08],
        "min": [5.65487871714e-23, 3.1501651948e-23, 7.58639249512e-24, 4.12411629755e-24, 3.01049453163e-23, 2.61169221188e-23, 3.15705352822e-23, 2.64162112131e-23, 9.18664369969e-23, 6.37138025142e-23, 6.50755278979e-23, 1.0553082054e-22, 7.66844680881e-23, 1.09467173348e-22, 2.0320057274e-22, 1.37962621537e-22, 1.79844345089e-22, 1.53651878495e-22, 5.80160570955e-22, 3.77775415334e-22, 4.84123558881e-22, 6.44556561448e-22, 3.97448722786e-22, 9.75482221818e-22, 1.46226518858e-21, 1.55755504209e-21, 2.25977423076e-21],
        "stdev": [0.000432267581346, 0.00513150682673, 0.00793992355466, 0.00772516056895, 0.00921274349093, 0.00153263832908, 0.00325386901386, 0.00484409043565, 0.00230402010493, 0.00201114313677, 0.00133277080022, 0.0010748693021, 0.000775529013481, 0.00109831744339, 0.000663600396365, 0.000313398544677, 0.0002366178378, 0.000148721504956, 0.000187422163435, 0.000180724906386, 0.00020846555708, 0.000184892633115, 0.000177671885467, 0.00027379830135, 0.000184177843039, 8.65391120897e-05, 4.65281027573e-06],
        "var": [1.86855260154e-07, 2.63323599938e-05, 6.30423892289e-05, 5.96781064814e-05, 8.48746494739e-05, 2.34898038798e-06, 1.0587664292e-05, 2.34652106883e-05, 5.30850911673e-06, 4.04469665227e-06, 1.77627794073e-06, 1.15534396627e-06, 6.01445265147e-07, 1.20630113543e-06, 4.40365482746e-07, 9.82186421083e-08, 5.59880000139e-08, 2.21180851412e-08, 3.51270692533e-08, 3.2661489513e-08, 4.34578879549e-08, 3.41852839369e-08, 3.15672998852e-08, 7.49655129084e-08, 3.39214771827e-08, 7.48901829439e-09, 2.16486429477e-11]
    },
    "erbbands": {
        "dmean": [0.0321233309805, 0.379372805357, 2.18771624565, 4.82004356384, 7.16616249084, 11.0710248947, 5.91623067856, 5.33469676971, 7.67296123505, 20.1562538147, 8.17519283295, 8.2835931778, 15.2302207947, 6.69060516357, 10.7456321716, 7.67406415939, 7.4427819252, 9.40606498718, 7.00341129303, 3.92765164375, 3.20832443237, 3.28314685822, 2.48750185966, 1.17143595219, 1.99323940277, 1.42891526222, 1.17848217487, 1.31247186661, 1.03559553623, 1.13902056217, 0.921124815941, 0.587814629078, 0.61422765255, 0.359974712133, 0.176035553217, 0.0691628679633, 0.0239904671907, 0.003345125122, 8.72122473083e-05, 9.14678093977e-06],
        "dmean2": [0.0516272075474, 0.624534487724, 3.74620914459, 7.67897558212, 11.0661430359, 16.8942985535, 8.67243862152, 8.7994222641, 11.3270120621, 28.8002243042, 11.4577198029, 11.4330339432, 20.6402988434, 9.50306606293, 15.6750879288, 12.1649494171, 11.3668966293, 13.4293050766, 10.485244751, 6.02645874023, 5.09699010849, 5.26031541824, 3.8824005127, 1.9595117569, 3.09201478958, 2.26465249062, 1.91506302357, 1.91174721718, 1.51717698574, 1.6296993494, 1.44395565987, 0.84606307745, 0.883329033852, 0.554507553577, 0.267259865999, 0.104940876365, 0.0351083390415, 0.00523200863972, 0.000130106811412, 1.40927704706e-05],
        "dvar": [0.00640956964344, 0.774505078793, 20.8516902924, 90.6787338257, 166.951980591, 492.586120605, 124.215797424, 84.0112380981, 277.739440918, 2442.72485352, 200.117446899, 273.704345703, 787.959472656, 190.429901123, 737.561279297, 625.243225098, 307.049224854, 466.787536621, 473.298858643, 215.551513672, 122.326904297, 60.8179473877, 32.1126213074, 23.1439094543, 55.317440033, 28.3547077179, 30.5891723633, 27.0298347473, 14.4893665314, 18.8177852631, 9.97010326385, 5.19211578369, 7.06418418884, 2.22354650497, 0.347348064184, 0.0448765866458, 0.00860658660531, 0.000185843120562, 1.13619904596e-07, 1.90244583975e-10],
        "dvar2": [0.0167420357466, 2.09373760223, 61.1586837769, 236.51663208, 379.925109863, 1234.42175293, 261.741149902, 215.270751953, 505.772064209, 5661.5234375, 421.715148926, 406.521209717, 978.62298584, 308.358673096, 1438.95861816, 1592.40478516, 693.150268555, 849.089477539, 1086.91955566, 367.513275146, 276.838897705, 147.998413086, 72.6815719604, 61.2579040527, 131.681777954, 65.574760437, 73.1429824829, 51.7675743103, 28.9184188843, 37.5200805664, 23.4634056091, 9.57967376709, 12.6768341064, 4.8268737793, 0.724462211132, 0.0967933386564, 0.0159689877182, 0.000396719929995, 2.51472471291e-07, 4.50116888207e-10],
        "max": [1.11650490761, 14.2148103714, 51.6506271362, 117.292518616, 171.644561768, 360.070373535, 266.264678955, 182.675643921, 358.544586182, 1068.50891113, 262.564422607, 502.388366699, 831.156616211, 467.667480469, 667.028381348, 499.22277832, 277.726501465, 634.986022949, 440.364227295, 412.752441406, 236.122695923, 154.388534546, 91.0528640747, 110.302215576, 149.078536987, 91.2888946533, 133.196670532, 103.380943298, 91.5375976562, 93.8518981934, 48.9833183289, 78.7362365723, 69.5634689331, 42.0735549927, 16.1504249573, 6.04856586456, 3.0912733078, 0.369722336531, 0.0105891795829, 0.000321736792102],
        "mean": [0.0697072222829, 0.839214682579, 4.35193729401, 12.0473194122, 16.5825920105, 27.4502372742, 16.7922363281, 11.7119178772, 19.7481384277, 58.0854530334, 24.7857723236, 23.4859104156, 42.1681671143, 17.1653404236, 21.5020694733, 16.0877246857, 17.0289592743, 24.6559123993, 16.9062747955, 9.08302688599, 6.54482507706, 6.77278137207, 5.09922027588, 2.31855225563, 3.66673207283, 2.92476773262, 2.04178214073, 2.47438335419, 1.93121278286, 2.19510173798, 1.63765323162, 1.20090830326, 1.32752585411, 0.77250957489, 0.392969667912, 0.153875231743, 0.0517086721957, 0.00704776821658, 0.000192470179172, 4.00224489567e-05],
        "median": [0.015744311735, 0.412412494421, 1.36910068989, 3.35447263718, 6.66166114807, 11.9234628677, 7.28061151505, 7.90954208374, 9.42416572571, 14.7748184204, 11.3418893814, 10.0496635437, 15.4054307938, 7.57416343689, 8.62701034546, 4.64804363251, 4.68937683105, 4.65865898132, 3.48257255554, 2.7510406971, 2.64823007584, 2.28918075562, 1.22165095806, 0.907951891422, 0.835809230804, 0.478364408016, 0.415641546249, 0.314023166895, 0.32750749588, 0.298863708973, 0.190824508667, 0.132776305079, 0.170568272471, 0.148370325565, 0.093347415328, 0.0324443466961, 0.00960952229798, 0.00130446383264, 4.50193401775e-05, 3.07561385853e-05],
        "min": [6.30070298437e-22, 8.38380024124e-21, 8.38205056037e-21, 1.31906315991e-20, 3.14759251365e-20, 1.10531660386e-19, 1.50706672439e-19, 2.72633896061e-19, 5.01972952065e-19, 5.96996100414e-19, 5.70815213641e-19, 2.53895913231e-18, 1.54475152214e-18, 2.44527575806e-18, 2.69478651803e-18, 5.31798344918e-18, 3.17505316515e-18, 4.07138587012e-18, 8.67693354696e-18, 1.31991754507e-17, 6.02677838606e-18, 9.42254505213e-18, 8.66767408718e-18, 1.93866419426e-17, 2.97114938048e-17, 1.7546125375e-17, 2.34180009564e-17, 1.4895956152e-17, 2.08625852726e-17, 1.97798372837e-17, 1.21227562206e-17, 1.71208122651e-17, 1.56857366203e-17, 1.27485539228e-17, 1.3551812472e-17, 4.94934048303e-18, 3.34090432553e-18, 1.4014045341e-18, 3.38706627699e-19, 2.80529095901e-20],
        "stdev": [0.131030291319, 1.28924775124, 7.03944778442, 17.6859817505, 23.6687145233, 38.9828872681, 24.9283294678, 13.876250267, 30.9548740387, 118.33404541, 36.8712882996, 42.0589752197, 85.1965560913, 33.9957962036, 47.4333457947, 43.1738395691, 31.8992195129, 59.9481925964, 36.3340988159, 22.0091457367, 13.9199256897, 13.2760477066, 9.44604206085, 7.00194787979, 10.3449764252, 8.20513820648, 7.0698928833, 8.20880413055, 6.31245756149, 7.28121185303, 4.73533535004, 4.47521257401, 5.12141036987, 2.55067205429, 1.13721621037, 0.413815200329, 0.168075606227, 0.0235415361822, 0.000585028436035, 3.43178471667e-05],
        "var": [0.0171689353883, 1.66215980053, 49.5538253784, 312.79397583, 560.208068848, 1519.66552734, 621.421569824, 192.550323486, 958.204284668, 14002.9462891, 1359.49194336, 1768.95751953, 7258.45263672, 1155.7142334, 2249.92236328, 1863.98046875, 1017.5602417, 3593.78588867, 1320.16674805, 484.402496338, 193.764328003, 176.253448486, 89.2277069092, 49.0272750854, 107.018547058, 67.3242950439, 49.9833869934, 67.3844604492, 39.8471183777, 53.0160484314, 22.4233989716, 20.0275287628, 26.228843689, 6.50592803955, 1.29326069355, 0.171243011951, 0.0282494109124, 0.000554203928914, 3.42258289265e-07, 1.17771470354e-09]
    },
    "gfcc": {
        "mean": [-32.8799743652, 132.753753662, -100.48639679, 12.6463661194, -56.0154190063, 9.3403339386, -38.9472999573, 5.00207281113, -24.1853599548, -2.26672625542, -20.1094055176, -5.0827331543, -11.4154100418],
        "cov": [[5884.87646484, -2670.35595703, 785.377441406, 80.6143951416, -551.105895996, 645.928833008, -710.902893066, 226.973739624, -533.196960449, 359.646148682, -423.630950928, 204.319763184, -465.192871094], [-2670.35595703, 2398.65942383, -604.197631836, -168.39074707, 487.469329834, -459.284973145, 514.461853027, -191.962844849, 395.65838623, -263.436035156, 312.518005371, -171.025802612, 312.620147705], [785.377441406, -604.197631836, 620.812866211, 89.2206497192, -91.1546096802, 257.051544189, -136.02684021, 75.6024017334, -131.447433472, 38.810131073, -52.9712524414, 116.755722046, -148.625259399], [80.6143951416, -168.39074707, 89.2206497192, 272.673095703, -23.0439567566, 38.7286186218, 12.2125415802, -6.16944789886, 9.07002353668, -25.7270393372, -0.489964812994, 10.6610088348, -1.43560492992], [-551.105895996, 487.469329834, -91.1546096802, -23.0439567566, 246.193481445, -53.804271698, 83.546043396, -34.1460418701, 108.097450256, -32.1312446594, 45.9876327515, -41.5867805481, 49.3803901672], [645.928833008, -459.284973145, 257.051544189, 38.7286186218, -53.804271698, 260.897796631, -53.2323188782, 71.7352905273, -80.7365188599, 50.2573432922, -18.5864562988, 65.7549972534, -80.063331604], [-710.902893066, 514.461853027, -136.02684021, 12.2125415802, 83.546043396, -53.2323188782, 287.94442749, 0.294731497765, 71.0165634155, -71.9189605713, 119.790504456, -24.2520027161, 86.2319641113], [226.973739624, -191.962844849, 75.6024017334, -6.16944789886, -34.1460418701, 71.7352905273, 0.294731497765, 124.995536804, -12.1110343933, 36.6180381775, -3.48623752594, 17.6256046295, -7.20741081238], [-533.196960449, 395.65838623, -131.447433472, 9.07002353668, 108.097450256, -80.7365188599, 71.0165634155, -12.1110343933, 164.599838257, -14.6985960007, 43.2983398438, -45.5090293884, 57.2078895569], [359.646148682, -263.436035156, 38.810131073, -25.7270393372, -32.1312446594, 50.2573432922, -71.9189605713, 36.6180381775, -14.6985960007, 133.377655029, -38.9602890015, 3.55235147476, -25.9382190704], [-423.630950928, 312.518005371, -52.9712524414, -0.489964812994, 45.9876327515, -18.5864562988, 119.790504456, -3.48623752594, 43.2983398438, -38.9602890015, 128.540969849, 3.81665682793, 53.9900474548], [204.319763184, -171.025802612, 116.755722046, 10.6610088348, -41.5867805481, 65.7549972534, -24.2520027161, 17.6256046295, -45.5090293884, 3.55235147476, 3.81665682793, 83.7369537354, -25.3279094696], [-465.192871094, 312.620147705, -148.625259399, -1.43560492992, 49.3803901672, -80.063331604, 86.2319641113, -7.20741081238, 57.2078895569, -25.9382190704, 53.9900474548, -25.3279094696, 138.821853638]],
        "icov": [[0.000460515671875, -0.000144816513057, 0.000238921566051, -0.000279646599665, 0.000317445897963, -0.000686564424541, 0.000554502708837, -0.000432921428001, 0.000788000586908, -0.000530759862158, 0.000564394227695, -0.000170429004356, 0.000571913202293], [-0.000144816513057, 0.00399849656969, -0.00110236939508, 0.00275204097852, -0.00288040749729, 0.00289879133925, -0.0028207693249, 0.00299609126523, -0.00395421776921, 0.00312568061054, -0.00332744978368, 0.00175390182994, -0.00220967642963], [0.000238921566051, -0.00110236939508, 0.00425226474181, -0.00181713886559, 0.000261137116468, -0.0029658889398, 0.00186863716226, -0.00202995003201, 0.00223003118299, -0.000528154021595, 0.000886073510628, -0.00305573968217, 0.00282752607018], [-0.000279646599665, 0.00275204097852, -0.00181713886559, 0.00634548533708, -0.000959839322604, 0.00134659686591, -0.00263141538016, 0.00325719825923, -0.00452592317015, 0.00334699661471, -0.00166090507992, 0.00172194931656, -0.00264207995497], [0.000317445897963, -0.00288040749729, 0.000261137116468, -0.000959839322604, 0.00876504182816, -0.00328413792886, 0.00136713625398, -0.000411075830925, -0.000882239895873, -0.00175910023972, 0.00258263410069, 0.000301798630971, 0.00102301803418], [-0.000686564424541, 0.00289879133925, -0.0029658889398, 0.00134659686591, -0.00328413792886, 0.0112819354981, -0.00302289822139, -0.000215881023905, -0.00161155802198, 0.000702100922354, -0.0040679150261, -0.000531683675945, -0.000168250888237], [0.000554502708837, -0.0028207693249, 0.00186863716226, -0.00263141538016, 0.00136713625398, -0.00302289822139, 0.00950494129211, -0.00398090155795, 0.00348790129647, -0.000468651531264, -0.00221812049858, -0.000388840358937, 0.00110998912714], [-0.000432921428001, 0.00299609126523, -0.00202995003201, 0.00325719825923, -0.000411075830925, -0.000215881023905, -0.00398090155795, 0.0136531936005, -0.00519407866523, 0.000476989283925, -0.00185808702372, 0.00159461901058, -0.0038908503484], [0.000788000586908, -0.00395421776921, 0.00223003118299, -0.00452592317015, -0.000882239895873, -0.00161155802198, 0.00348790129647, -0.00519407866523, 0.0163347162306, -0.0049621546641, 0.00172728020698, 0.000175026667421, 0.0025356891565], [-0.000530759862158, 0.00312568061054, -0.000528154021595, 0.00334699661471, -0.00175910023972, 0.000702100922354, -0.000468651531264, 0.000476989283925, -0.0049621546641, 0.0132429944351, -0.00177412922494, 0.0024404800497, -0.00234724325128], [0.000564394227695, -0.00332744978368, 0.000886073510628, -0.00166090507992, 0.00258263410069, -0.0040679150261, -0.00221812049858, -0.00185808702372, 0.00172728020698, -0.00177412922494, 0.017853314057, -0.00493920128793, -0.000555284437723], [-0.000170429004356, 0.00175390182994, -0.00305573968217, 0.00172194931656, 0.000301798630971, -0.000531683675945, -0.000388840358937, 0.00159461901058, 0.000175026667421, 0.0024404800497, -0.00493920128793, 0.019724432379, -0.00196070037782], [0.000571913202293, -0.00220967642963, 0.00282752607018, -0.00264207995497, 0.00102301803418, -0.000168250888237, 0.00110998912714, -0.0038908503484, 0.0025356891565, -0.00234724325128, -0.000555284437723, -0.00196070037782, 0.0141182057559]]
    },
    "melbands": {
        "dmean": [0.000327720539644, 0.00088803761173, 0.000813515449408, 0.000652894552331, 0.000276107399259, 0.000114890986879, 0.000121670549561, 0.000215228152229, 5.90171803196e-05, 5.45826078451e-05, 7.71270788391e-05, 2.74473932222e-05, 3.67638422176e-05, 2.26142528845e-05, 2.02278752113e-05, 1.6481442799e-05, 1.89551319636e-05, 1.25065807879e-05, 7.84904932516e-06, 4.71889006803e-06, 3.87832915294e-06, 3.6544388422e-06, 3.21239531331e-06, 1.66306472238e-06, 9.80842855824e-07, 1.38519851589e-06, 1.61395610121e-06, 8.67849109909e-07, 6.72886926623e-07, 9.00190741504e-07, 8.08451147805e-07, 5.83624171213e-07, 7.0832311394e-07, 6.57599514398e-07, 5.81854749271e-07, 4.14343674038e-07, 3.90561922359e-07, 4.52999955769e-07, 4.67587767616e-07, 2.87426132672e-07],
        "dmean2": [0.000525929848664, 0.00150534126442, 0.00127878505737, 0.000993272522464, 0.000402695295634, 0.000186903504073, 0.000177987705683, 0.000305639725411, 8.1511650933e-05, 7.63421121519e-05, 0.000104411781649, 3.93951777369e-05, 5.41020199307e-05, 3.66781823686e-05, 3.08951857733e-05, 2.53196158155e-05, 2.65575217782e-05, 1.8569167878e-05, 1.2139122191e-05, 7.67176425143e-06, 6.19952288616e-06, 5.93244158154e-06, 4.99021689393e-06, 2.61660920842e-06, 1.68217763985e-06, 2.21114896704e-06, 2.5786491733e-06, 1.41423572586e-06, 1.09890027034e-06, 1.41044813518e-06, 1.16985825116e-06, 8.775108995e-07, 1.06660513666e-06, 9.80770550996e-07, 9.33791113766e-07, 6.35182118458e-07, 5.64022514027e-07, 6.41815802283e-07, 7.16581325833e-07, 4.43970066044e-07],
        "dvar": [6.1327102685e-07, 2.97905057778e-06, 2.14410329136e-06, 1.45597709889e-06, 2.99632517908e-07, 3.55410634256e-08, 5.79364574094e-08, 2.76108522712e-07, 9.48631306841e-09, 1.29136701332e-08, 1.96966745136e-08, 2.96077806716e-09, 8.86801654332e-09, 6.05315797486e-09, 3.34102079336e-09, 1.90937932132e-09, 1.95179694629e-09, 1.37342914819e-09, 9.7710761704e-10, 4.06571054601e-10, 1.42752976107e-10, 8.60955542969e-11, 5.49558350216e-11, 1.48910241776e-11, 1.96365076977e-11, 3.5719156799e-11, 3.86227230753e-11, 1.09814535937e-11, 8.73308803745e-12, 2.0456070865e-11, 9.28985534332e-12, 4.81491279139e-12, 6.1400745599e-12, 6.13711685638e-12, 3.86646357292e-12, 2.02843449502e-12, 2.7223152118e-12, 4.14293425954e-12, 3.29164343352e-12, 1.41863983668e-12],
        "dvar2": [1.59309672654e-06, 8.42658573674e-06, 5.48165735381e-06, 3.51749713445e-06, 6.5126255322e-07, 8.80572983419e-08, 1.03381012195e-07, 6.48786908641e-07, 1.85174258149e-08, 1.92380991137e-08, 2.50489780029e-08, 4.93336971275e-09, 1.80593655585e-08, 1.53688013427e-08, 7.94556154204e-09, 4.23270973826e-09, 3.4362910295e-09, 3.23691096149e-09, 2.26424212713e-09, 8.25825852147e-10, 3.2944699746e-10, 1.96805322039e-10, 1.31560706773e-10, 3.3254187598e-11, 5.47251098604e-11, 8.61463955726e-11, 9.35790819834e-11, 2.62726802119e-11, 2.0522812616e-11, 4.99476605909e-11, 1.94666262276e-11, 1.03465283216e-11, 1.28161092849e-11, 1.30351979211e-11, 9.45980360018e-12, 4.3855570217e-12, 5.11409317672e-12, 7.55664107677e-12, 7.38793227983e-12, 2.91665237968e-12],
        "max": [0.0114103676751, 0.0221986956894, 0.0192252136767, 0.0135452225804, 0.0125596988946, 0.00374159961939, 0.00479025440291, 0.0100680151954, 0.00204100902192, 0.00363985868171, 0.00409639254212, 0.00177911296487, 0.0019770397339, 0.00137477694079, 0.00124441331718, 0.000822449859697, 0.00143604970071, 0.000710121006705, 0.000646380358376, 0.000580988358706, 0.000249480101047, 0.000221888840315, 0.000117591160233, 7.70108454162e-05, 9.82113051577e-05, 0.000142585849972, 9.10455128178e-05, 5.40037108294e-05, 5.06247670273e-05, 0.000129338193801, 5.58475367143e-05, 4.95688836963e-05, 4.83021540276e-05, 5.66037269891e-05, 3.05036537611e-05, 3.12819684041e-05, 6.07696747466e-05, 5.59813997825e-05, 4.51180530945e-05, 3.41235790984e-05],
        "mean": [0.000758444715757, 0.00196993700229, 0.00215047458187, 0.00158034136984, 0.000786103133578, 0.000259892723989, 0.000314789125696, 0.000636340933852, 0.000172649539309, 0.000153881977894, 0.000207973600482, 6.3897925429e-05, 7.3889932537e-05, 4.04848178732e-05, 4.55847984995e-05, 3.51553899236e-05, 4.79902482766e-05, 2.71610606433e-05, 1.77817000804e-05, 9.13439271244e-06, 7.4063482316e-06, 7.20875004845e-06, 6.19631737209e-06, 3.06544211526e-06, 1.63829201938e-06, 2.36418395616e-06, 2.93615903502e-06, 1.64753794252e-06, 1.11445194761e-06, 1.48102378716e-06, 1.42202009101e-06, 1.01415162135e-06, 1.22570111216e-06, 1.19022524814e-06, 1.00041859241e-06, 7.17705290754e-07, 7.29470684746e-07, 8.94683353181e-07, 9.31775730351e-07, 5.58354258828e-07],
        "median": [0.000292851240374, 0.000846679788083, 0.000866966787726, 0.0007446592208, 0.00033189257374, 0.000165640303749, 0.000134657180752, 0.000153727814904, 8.29950440675e-05, 6.03663429501e-05, 7.5065458077e-05, 2.8277063393e-05, 2.77297949651e-05, 1.55027028086e-05, 9.40538484429e-06, 9.39155688684e-06, 7.90073227108e-06, 5.6339913499e-06, 3.50935147253e-06, 3.39662960869e-06, 2.92160893878e-06, 2.40258464146e-06, 1.41639009144e-06, 8.43319696742e-07, 6.30087640729e-07, 6.34267053101e-07, 4.4842138891e-07, 2.44296529672e-07, 2.46099233436e-07, 2.03382768404e-07, 1.58353628876e-07, 1.50041401525e-07, 1.72159971612e-07, 1.32883485549e-07, 8.71130936275e-08, 9.30384942421e-08, 5.83429198286e-08, 9.85575283607e-08, 1.19077434135e-07, 1.0212596635e-07],
        "min": [1.08370113954e-23, 7.32229764127e-24, 2.92308128859e-24, 5.00877292123e-24, 5.53882000193e-24, 5.73578989249e-24, 7.60203402914e-24, 6.64278390156e-24, 5.94186047689e-24, 1.53394949653e-23, 7.53912473854e-24, 9.7056247185e-24, 9.32021646807e-24, 1.12526898164e-23, 1.01310021844e-23, 7.45841795704e-24, 7.14317888413e-24, 1.35328898964e-23, 1.69931888141e-23, 1.40406102413e-23, 6.12210138867e-24, 1.03015909886e-23, 8.91802599073e-24, 7.06050389468e-24, 1.64045944492e-23, 2.22446516374e-23, 1.62587293346e-23, 1.10399703179e-23, 1.49069309766e-23, 1.23924455186e-23, 6.92349689924e-24, 9.5712927504e-24, 1.53948524905e-23, 9.17536898409e-24, 6.76306546808e-24, 9.44994464393e-24, 1.02555593771e-23, 1.00302307258e-23, 1.16844491671e-23, 1.05209676843e-23],
        "stdev": [0.00128212664276, 0.00277793663554, 0.00287067703903, 0.00198535691015, 0.00122738222126, 0.000310826289933, 0.000487651821459, 0.00133290840313, 0.000242667883867, 0.000316079152981, 0.00042223118362, 0.00013348509674, 0.000169375533005, 9.66387233348e-05, 0.000123664358398, 7.83400246291e-05, 0.000127596882521, 5.9846748627e-05, 4.71142557217e-05, 2.51773326454e-05, 1.53492455865e-05, 1.5620047634e-05, 1.22649616969e-05, 6.10958250036e-06, 5.96255222263e-06, 8.04982664704e-06, 8.46595230541e-06, 4.83006851937e-06, 3.78798972633e-06, 5.73712532059e-06, 4.62958723801e-06, 3.45867147189e-06, 3.87693444281e-06, 4.06500521422e-06, 2.84568363895e-06, 2.24817426897e-06, 3.17366061608e-06, 3.80627216146e-06, 3.09019856104e-06, 1.98818929675e-06],
        "var": [1.64384880463e-06, 7.71693157731e-06, 8.24078688311e-06, 3.94164180761e-06, 1.50646724251e-06, 9.66129789504e-08, 2.37804286485e-07, 1.77664469447e-06, 5.88877000496e-08, 9.99060318918e-08, 1.78279165652e-07, 1.78182695265e-08, 2.86880705858e-08, 9.33904242828e-09, 1.52928727459e-08, 6.13715922526e-09, 1.62809641324e-08, 3.58163343428e-09, 2.21975304804e-09, 6.33898100677e-10, 2.35599345588e-10, 2.4398588705e-10, 1.50429294021e-10, 3.73269956611e-11, 3.55520300699e-11, 6.47997072667e-11, 7.16723416727e-11, 2.33295605057e-11, 1.43488667129e-11, 3.29146050693e-11, 2.1433077535e-11, 1.1962407627e-11, 1.50306208452e-11, 1.6524268065e-11, 8.09791556727e-12, 5.05428728384e-12, 1.00721219559e-11, 1.4487707041e-11, 9.54932660724e-12, 3.95289660379e-12]
    },
    "melbands128": {
