{
"lowlevel": {
    "average_loudness": 0.964409649372,
    "barkbands_crest": {
        "dmean": 3.04810881615,
        "dmean2": 4.8075671196,
        "dvar": 9.45606994629,
        "dvar2": 24.2109775543,
        "max": 25.0712471008,
        "mean": 14.8731136322,
        "median": 14.6043834686,
        "min": 3.12010812759,
        "stdev": 5.21218252182,
        "var": 27.166847229
    },
    "barkbands_flatness_db": {
        "dmean": 0.0297530181706,
        "dmean2": 0.0419787503779,
        "dvar": 0.000987983541563,
        "dvar2": 0.00179727270734,
        "max": 0.624546408653,
        "mean": 0.211155071855,
        "median": 0.198856964707,
        "min": 0.0347755029798,
        "stdev": 0.090022534132,
        "var": 0.00810405705124
    },
    "barkbands_kurtosis": {
        "dmean": 6.99465465546,
        "dmean2": 10.2558393478,
        "dvar": 152.312942505,
        "dvar2": 288.021240234,
        "max": 220.736343384,
        "mean": 13.0459079742,
        "median": 6.93608188629,
        "min": -1.87209784985,
        "stdev": 19.5979251862,
        "var": 384.078704834
    },
    "barkbands_skewness": {
        "dmean": 0.785981237888,
        "dmean2": 1.15060985088,
        "dvar": 0.720117270947,
        "dvar2": 1.5129544735,
        "max": 11.4994516373,
        "mean": 2.62296652794,
        "median": 2.37182068825,
        "min": -1.76449024677,
        "stdev": 1.71613156796,
        "var": 2.94510769844
    },
    "barkbands_spread": {
        "dmean": 4.94851732254,
        "dmean2": 6.88206195831,
        "dvar": 51.6547317505,
        "dvar2": 82.9883880615,
        "max": 88.6904449463,
        "mean": 15.2296390533,
        "median": 10.834069252,
        "min": 0.185863181949,
        "stdev": 13.8365440369,
        "var": 191.449951172
    },
    "dissonance": {
        "dmean": 0.0274631157517,
        "dmean2": 0.044286351651,
        "dvar": 0.000809188291896,
        "dvar2": 0.00196846807376,
        "max": 0.499955266714,
        "mean": 0.431440114975,
        "median": 0.442939221859,
        "min": 0.100118264556,
        "stdev": 0.0513789020479,
        "var": 0.0026397916954
    },
    "dynamic_complexity": 2.57985401154,
    "erbbands_crest": {
        "dmean": 2.51325130463,
        "dmean2": 3.90805220604,
        "dvar": 6.00663900375,
        "dvar2": 13.7050657272,
        "max": 28.8085594177,
        "mean": 10.9698123932,
        "median": 9.78057765961,
        "min": 2.79336762428,
        "stdev": 5.10160923004,
        "var": 26.0264186859
    },
    "erbbands_flatness_db": {
        "dmean": 0.0177784226835,
        "dmean2": 0.0243928208947,
        "dvar": 0.000327378074871,
        "dvar2": 0.000567901530303,
        "max": 0.392467141151,
        "mean": 0.175582915545,
        "median": 0.165774330497,
        "min": 0.0716346427798,
        "stdev": 0.0589732788503,
        "var": 0.00347784743644
    },
    "erbbands_kurtosis": {
        "dmean": 1.40404009819,
        "dmean2": 2.12936758995,
        "dvar": 4.48445034027,
        "dvar2": 11.0818853378,
        "max": 40.2837944031,
        "mean": 1.76331996918,
        "median": 0.372992753983,
        "min": -1.79508197308,
        "stdev": 4.16536140442,
        "var": 17.3502368927
    },
    "erbbands_skewness": {
        "dmean": 0.41028034687,
        "dmean2": 0.589000046253,
        "dvar": 0.149450421333,
        "dvar2": 0.284512668848,
        "max": 4.17408561707,
        "mean": 0.683936774731,
        "median": 0.61007386446,
        "min": -2.4723379612,
        "stdev": 0.958123862743,
        "var": 0.918001294136
    },
    "erbbands_spread": {
        "dmean": 7.81064414978,
        "dmean2": 11.4239664078,
        "dvar": 94.8701782227,
        "dvar2": 178.368652344,
        "max": 131.199569702,
        "mean": 36.4699859619,
        "median": 32.1412315369,
        "min": 2.75728225708,
        "stdev": 21.425535202,
        "var": 459.05355835
    },
    "hfc": {
        "dmean": 6.56881046295,
        "dmean2": 8.6262178421,
        "dvar": 123.31237793,
        "dvar2": 236.122558594,
        "max": 135.421661377,
        "mean": 19.1661205292,
        "median": 12.8682985306,
        "min": 1.11302326261e-16,
        "stdev": 19.2958450317,
        "var": 372.329620361
    },
    "loudness_ebu128": {
        "integrated": -11.3738079071,
        "loudness_range": 3.42252254486,
        "momentary": {
            "dmean": 0.894140481949,
            "dmean2": 1.16461277008,
            "dvar": 0.874527394772,
            "dvar2": 1.34145843983,
            "max": -7.33730316162,
            "mean": -11.9420919418,
            "median": -11.3857288361,
            "min": -24.5982608795,
            "stdev": 2.4737944603,
            "var": 6.11965894699
        },
        "short_term": {
            "dmean": 0.0853248685598,
            "dmean2": 0.0857010856271,
            "dvar": 0.00592080969363,
            "dvar2": 0.00680040940642,
            "max": -9.30773925781,
            "mean": -11.5095310211,
            "median": -11.6804265976,
            "min": -14.0689725876,
            "stdev": 1.11849045753,
            "var": 1.25102102757
        }
    },
    "melbands_crest": {
        "dmean": 3.90475821495,
        "dmean2": 5.91652870178,
        "dvar": 16.5181980133,
        "dvar2": 38.5323677063,
        "max": 36.2015800476,
        "mean": 21.6226520538,
        "median": 21.0053977966,
        "min": 2.65096759796,
        "stdev": 8.06137084961,
        "var": 64.9856948853
    },
    "melbands_flatness_db": {
        "dmean": 0.0348938107491,
        "dmean2": 0.0477162599564,
        "dvar": 0.00134664657526,
        "dvar2": 0.00227743433788,
        "max": 0.76784068346,
        "mean": 0.295979052782,
        "median": 0.281652003527,
        "min": 0.0068839835003,
        "stdev": 0.111586652696,
        "var": 0.0124515807256
    },
    "melbands_kurtosis": {
        "dmean": 13.2659044266,
        "dmean2": 19.5228824615,
        "dvar": 465.541412354,
        "dvar2": 933.868774414,
        "max": 282.197052002,
        "mean": 26.4266872406,
        "median": 15.501663208,
        "min": -1.56370532513,
        "stdev": 34.3879432678,
        "var": 1182.53063965
    },
    "melbands_skewness": {
        "dmean": 1.01826834679,
        "dmean2": 1.49023103714,
        "dvar": 1.20796132088,
        "dvar2": 2.48188948631,
        "max": 14.1239585876,
        "mean": 3.6051659584,
        "median": 3.14949297905,
        "min": -0.745067238808,
        "stdev": 2.22723054886,
        "var": 4.96055555344
    },
    "melbands_spread": {
        "dmean": 5.25209760666,
        "dmean2": 7.47426128387,
        "dvar": 73.94140625,
        "dvar2": 135.276107788,
        "max": 127.972396851,
        "mean": 14.1503620148,
        "median": 9.24191665649,
        "min": 0.194129377604,
        "stdev": 14.6076774597,
        "var": 213.384231567
    },
    "pitch_salience": {
        "dmean": 0.082616083324,
        "dmean2": 0.132338449359,
        "dvar": 0.00769271794707,
        "dvar2": 0.0182136185467,
        "max": 0.969827890396,
        "mean": 0.419226408005,
        "median": 0.417768537998,
        "min": 0.0404362566769,
        "stdev": 0.159716069698,
        "var": 0.0255092252046
    },
    "silence_rate_20dB": {
        "dmean": 0,
        "dmean2": 0,
        "dvar": 0,
        "dvar2": 0,
        "max": 1,
        "mean": 1,
        "median": 1,
        "min": 1,
        "stdev": 0,
        "var": 0
    },
    "silence_rate_30dB": {
        "dmean": 0.0975232198834,
        "dmean2": 0.19519752264,
        "dvar": 0.0880131796002,
        "dvar2": 0.181881532073,
        "max": 1,
        "mean": 0.870069622993,
        "median": 1,
        "min": 0,
        "stdev": 0.336226373911,
        "var": 0.113048180938
    },
    "silence_rate_60dB": {
        "dmean": 0.0100619196892,
        "dmean2": 0.020139425993,
        "dvar": 0.00996054988354,
        "dvar2": 0.0212835539132,
        "max": 1,
        "mean": 0.0386697612703,
        "median": 0,
        "min": 0,
        "stdev": 0.192806720734,
        "var": 0.0371744297445
    },
    "spectral_centroid": {
        "dmean": 245.327957153,
        "dmean2": 335.877746582,
        "dvar": 157626.4375,
        "dvar2": 203696.984375,
        "max": 10977.7617188,
        "mean": 1118.81884766,
        "median": 924.534912109,
        "min": 131.802383423,
        "stdev": 731.537475586,
        "var": 535147.0625
    },
    "spectral_complexity": {
        "dmean": 2.90944266319,
        "dmean2": 4.33772277832,
        "dvar": 23.8764057159,
        "dvar2": 35.5683441162,
        "max": 57,
        "mean": 14.0634183884,
        "median": 12,
        "min": 0,
        "stdev": 9.19408035278,
        "var": 84.5311050415
    },
    "spectral_decrease": {
        "dmean": 5.83767612028e-09,
        "dmean2": 7.88680232233e-09,
        "dvar": 7.80772339117e-17,
        "dvar2": 1.34659643593e-16,
        "max": -6.4803829195e-29,
        "mean": -1.38631826019e-08,
        "median": -8.8691365363e-09,
        "min": -9.78588516887e-08,
        "stdev": 1.46274938828e-08,
        "var": 2.13963566501e-16
    },
    "spectral_energy": {
        "dmean": 0.0224057585001,
        "dmean2": 0.0303017087281,
        "dvar": 0.00112526328303,
        "dvar2": 0.00194223143626,
        "max": 0.371057718992,
        "mean": 0.0540612526238,
        "median": 0.0352755151689,
        "min": 1.03400387691e-20,
        "stdev": 0.0558035373688,
        "var": 0.00311403465457
    },
    "spectral_energyband_high": {
        "dmean": 0.00048765601241,
        "dmean2": 0.000634110008832,
        "dvar": 1.408406888e-06,
        "dvar2": 2.3755590064e-06,
        "max": 0.0220443364233,
        "mean": 0.000903787324205,
        "median": 0.000282147782855,
        "min": 7.53995242402e-21,
        "stdev": 0.00185292121023,
        "var": 3.43331680597e-06
    },
    "spectral_energyband_low": {
        "dmean": 0.0201077703387,
        "dmean2": 0.0264611076564,
        "dvar": 0.00109838182107,
        "dvar2": 0.00190062762704,
        "max": 0.36866363883,
        "mean": 0.0378218255937,
        "median": 0.0193605870008,
        "min": 2.90400430476e-23,
        "stdev": 0.052343070507,
        "var": 0.00273979688063
    },
    "spectral_energyband_middle_high": {
        "dmean": 0.00151380780153,
        "dmean2": 0.00199153530411,
        "dvar": 9.86766735878e-06,
        "dvar2": 2.00368431251e-05,
        "max": 0.0626401677728,
        "mean": 0.00451723113656,
        "median": 0.00164558761753,
        "min": 1.61180746779e-21,
        "stdev": 0.0076211206615,
        "var": 5.80814776185e-05
    },
    "spectral_energyband_middle_low": {
        "dmean": 0.00536889070645,
        "dmean2": 0.0090596806258,
        "dvar": 0.000118789044791,
        "dvar2": 0.000334481184836,
        "max": 0.113681644201,
        "mean": 0.0113312210888,
        "median": 0.00837060436606,
        "min": 3.88785237755e-22,
        "stdev": 0.0111055839807,
        "var": 0.000123334000818
    },
    "spectral_entropy": {
        "dmean": 0.214927643538,
        "dmean2": 0.289913982153,
        "dvar": 0.0608271844685,
        "dvar2": 0.101273223758,
        "max": 9.81025314331,
        "mean": 7.0843091011,
        "median": 7.12736701965,
        "min": 4.50021076202,
        "stdev": 0.685701966286,
        "var": 0.470187187195
    },
    "spectral_flux": {
        "dmean": 0.0422029420733,
        "dmean2": 0.0646255165339,
        "dvar": 0.00303712929599,
        "dvar2": 0.00629415689036,
        "max": 0.440293610096,
        "mean": 0.100326016545,
        "median": 0.0751994401217,
        "min": 1.01685979081e-10,
        "stdev": 0.0791760161519,
        "var": 0.00626884121448
    },
    "spectral_kurtosis": {
        "dmean": 2.87622714043,
        "dmean2": 4.44226837158,
        "dvar": 54.7765045166,
        "dvar2": 119.428352356,
        "max": 166.921981812,
        "mean": 8.37047195435,
        "median": 5.09950733185,
        "min": -1.2318931818,
        "stdev": 15.0126342773,
        "var": 225.379180908
    },
    "spectral_rms": {
        "dmean": 0.00133011233993,
        "dmean2": 0.00182796618901,
        "dvar": 2.76591572401e-06,
        "dvar2": 4.94938103657e-06,
        "max": 0.0190264955163,
        "mean": 0.00647256243974,
        "median": 0.0058664418757,
        "min": 3.17613643719e-12,
        "stdev": 0.0032937224023,
        "var": 1.08486074168e-05
    },
    "spectral_rolloff": {
        "dmean": 378.863769531,
        "dmean2": 593.323059082,
        "dvar": 1072711.625,
        "dvar2": 1880259.125,
        "max": 18561.6210938,
        "mean": 903.229309082,
        "median": 452.197265625,
        "min": 64.599609375,
        "stdev": 1386.4855957,
        "var": 1922342.375
    },
    "spectral_skewness": {
        "dmean": 0.324570178986,
        "dmean2": 0.471537053585,
        "dvar": 0.232806056738,
        "dvar2": 0.482034146786,
        "max": 10.7815332413,
        "mean": 2.04631209373,
        "median": 1.84686529636,
        "min": -0.00441118283197,
        "stdev": 1.15444326401,
        "var": 1.33273935318
    },
    "spectral_spread": {
        "dmean": 661564.3125,
        "dmean2": 915124.875,
        "dvar": 1.43256964301e+12,
        "dvar2": 1.80148240384e+12,
        "max": 41714424,
        "mean": 4829801.5,
        "median": 4538553,
        "min": 571073.375,
        "stdev": 2252024.75,
        "var": 5.07161555763e+12
    },
    "spectral_strongpeak": {
        "dmean": 0.306991279125,
        "dmean2": 0.508756160736,
        "dvar": 0.492873340845,
        "dvar2": 1.2630109787,
        "max": 9.86079597473,
        "mean": 0.757195532322,
        "median": 0.468474060297,
        "min": 0,
        "stdev": 0.993851900101,
        "var": 0.987741589546
    },
    "zerocrossingrate": {
        "dmean": 0.0102867856622,
        "dmean2": 0.0112909842283,
        "dvar": 0.000358771998435,
        "dvar2": 0.000374380208086,
        "max": 0.4951171875,
        "mean": 0.0404786281288,
        "median": 0.03125,
        "min": 0.001953125,
        "stdev": 0.0362859331071,
        "var": 0.00131666893139
    },
    "barkbands": {
        "dmean": [0.00175531301647, 0.0180328898132, 0.00268143019639, 0.0014493977651, 0.00191360339522, 0.0017202720046, 0.00094502576394, 0.000576437101699, 0.000358788121957, 0.000265070906607, 0.000453606859082, 0.000374658062356, 0.000164435856277, 0.00027158940793, 0.00035677588312, 0.000137801442179, 0.000155980873387, 0.000125042090076, 0.000102188423625, 0.000218202680117, 0.000133524488774, 5.79694496992e-05, 7.12881883373e-05, 6.39600839349e-05, 6.14361124462e-05, 2.87802668026e-05, 2.96454095405e-06],
        "dmean2": [0.00221683434211, 0.0245254281908, 0.00491041457281, 0.00274418876506, 0.00334097491577, 0.00274158571847, 0.00143834250048, 0.000866916845553, 0.00052227586275, 0.000374051305698, 0.000609637412708, 0.000538659573067, 0.000270511605777, 0.000426870130468, 0.000501507369336, 0.000202979354071, 0.000242968366365, 0.000179331182153, 0.000161726406077, 0.000304163550027, 0.000198539361008, 8.28417105367e-05, 0.000102563099063, 8.56675251271e-05, 8.60304717207e-05, 3.92465517507e-05, 4.11447945226e-06],
        "dvar": [1.57473477884e-05, 0.000947020365857, 7.63733478379e-05, 2.68213116215e-05, 2.00803133339e-05, 1.34303227242e-05, 5.17870012118e-06, 1.0433557236e-06, 1.42236797274e-06, 5.79620234475e-07, 2.95255654237e-06, 1.51205324528e-06, 2.18201122948e-07, 8.38467997255e-07, 1.611706125e-06, 9.99285987291e-08, 2.23667200316e-07, 7.59278719897e-08, 8.36076878841e-08, 2.9458692552e-07, 1.84122725955e-07, 3.63777381551e-08, 3.9973357957e-08, 4.41982486166e-08, 6.03226411044e-08, 9.04955665959e-09, 4.52888351821e-11],
        "dvar2": [2.53355519817e-05, 0.00178933166899, 0.000214121493627, 7.76252709329e-05, 5.71880373172e-05, 3.80448254873e-05, 1.144759608e-05, 2.1415635274e-06, 2.74126523436e-06, 1.0915933899e-06, 5.15660167366e-06, 2.62654452854e-06, 5.1446403404e-07, 1.75941318048e-06, 2.77951312455e-06, 1.92313564185e-07, 5.6515432334e-07, 1.53262874392e-07, 2.17048707896e-07, 4.89970204853e-07, 3.92756220435e-07, 6.89342485316e-08, 7.84220901551e-08, 7.4371527603e-08, 1.28771546315e-07, 1.92368947438e-08, 8.4985483928e-11],
        "max": [0.0478281266987, 0.335183918476, 0.064844198525, 0.0425452888012, 0.0732432901859, 0.0682514607906, 0.0468137413263, 0.0177945587784, 0.027821008116, 0.0169703327119, 0.053648352623, 0.0402038991451, 0.00723937014118, 0.0147032961249, 0.0329278185964, 0.00532748084515, 0.00845403317362, 0.00434531690553, 0.00444335537031, 0.0114213218912, 0.0102838743478, 0.00410892255604, 0.00273661268875, 0.0045597134158, 0.00619541434571, 0.00262013892643, 6.39794889139e-05],
        "mean": [0.00348162115552, 0.0318971648812, 0.00199987925589, 0.000978484866209, 0.00271871103905, 0.00326392310672, 0.00225107464939, 0.00127774721477, 0.000682587735355, 0.000539696600754, 0.00107673578896, 0.000740919320378, 0.000263146794168, 0.000421925273258, 0.000566573697142, 0.000229505225434, 0.000263549445663, 0.000243302536546, 0.000160468902322, 0.000395647977712, 0.000194432330318, 8.13808655948e-05, 9.74242284428e-05, 9.79406904662e-05, 8.9161847427e-05, 4.44924953626e-05, 3.80022333957e-06],
        "median": [0.00137611420359, 0.0165300555527, 0.000210178288398, 8.94977711141e-05, 0.00149648217484, 0.00208817375824, 0.000801041082013, 0.000576074235141, 0.000103887548903, 8.50197830005e-05, 6.7262815719e-05, 0.000102635072835, 4.02341902372e-05, 6.71717498335e-05, 0.0001094272302, 3.82450853067e-05, 5.08691518917e-05, 4.01145407523e-05, 3.80344172299e-05, 8.74807665241e-05, 3.91604007746e-05, 9.74501108431e-06, 8.63528021e-06, 2.17190208787e-05, 2.3875350962e-05, 1.02136009446e-05, 2.06015570825e-07],
        "min": [3.84855416715e-24, 1.29598463465e-23, 6.45240731044e-24, 3.99508287149e-23, 4.53231071635e-23, 3.12949419918e-23, 1.89336919776e-23, 6.747992545e-23, 9.54967307066e-23, 1.13828627521e-22, 2.8933152395e-23, 7.64038229324e-23, 7.28442679579e-23, 1.1574661975e-22, 9.95032668918e-23, 2.34360098868e-22, 1.79593701892e-22, 2.91328654705e-22, 2.81095803478e-22, 3.04914505567e-22, 3.41304747477e-22, 5.04250543395e-22, 6.91746347016e-22, 1.02956975665e-21, 1.2418674986e-21, 1.50710500169e-21, 2.25178696992e-21],
        "stdev": [0.00637516658753, 0.0452532172203, 0.0068717407994, 0.00391115760431, 0.00424217479303, 0.00441991304979, 0.00435782456771, 0.00196796958335, 0.00195242685732, 0.00134164397605, 0.00383243965916, 0.00262005487457, 0.000729538267478, 0.00126713479403, 0.00218717218377, 0.000537362415344, 0.000615214114077, 0.000496638938785, 0.000348179106368, 0.000928469642531, 0.000577531463932, 0.00025666487636, 0.000266276183538, 0.000282445311313, 0.000269322685199, 0.000110850050987, 9.41222879192e-06],
        "var": [4.06427498092e-05, 0.00204785354435, 4.72208193969e-05, 1.5297155187e-05, 1.79960461537e-05, 1.95356333279e-05, 1.89906349988e-05, 3.87290401704e-06, 3.81197060051e-06, 1.80000847649e-06, 1.4687593648e-05, 6.86468729327e-06, 5.32226067662e-07, 1.6056307004e-06, 4.78372203361e-06, 2.8875837188e-07, 3.78488437036e-07, 2.46650245117e-07, 1.21228694638e-07, 8.62055912876e-07, 3.33542573117e-07, 6.58768541939e-08, 7.0903006133e-08, 7.97753543225e-08, 7.25347106822e-08, 1.22877334974e-08, 8.85900588998e-11]
    },
    "erbbands": {
        "dmean": [0.901166141033, 2.88881540298, 3.20671033859, 4.35764408112, 4.90005970001, 6.70769023895, 10.8011064529, 14.9382333755, 15.4122972488, 11.8568592072, 12.5083427429, 8.60906505585, 7.31202697754, 10.2157821655, 19.2070674896, 15.4891862869, 7.55708789825, 11.08477211, 19.6560611725, 10.2806949615, 6.77120399475, 7.90537071228, 6.46923065186, 6.29070949554, 4.6253900528, 10.1167917252, 8.08759403229, 3.21556973457, 1.94096636772, 2.3179473877, 1.85847175121, 1.44919919968, 1.07047712803, 0.704409897327, 0.422990262508, 0.179628416896, 0.045591827482, 0.00822097249329, 0.00028732305509, 2.83320950984e-05],
        "dmean2": [1.14760148525, 4.40546321869, 5.63778829575, 7.99228954315, 8.95815086365, 11.6006832123, 17.6452541351, 23.9226551056, 24.0303096771, 17.9820537567, 18.6320056915, 12.3434848785, 10.6604623795, 13.9244775772, 22.5676174164, 21.2646255493, 11.8925876617, 16.6229553223, 26.9690189362, 14.7066831589, 10.3650226593, 12.136346817, 9.46448326111, 9.45596313477, 6.53169107437, 13.9873170853, 11.5514888763, 4.51861047745, 2.76739478111, 3.22784280777, 2.64156794548, 1.8915899992, 1.45582008362, 1.00931918621, 0.599862217903, 0.254005789757, 0.061385884881, 0.0113061396405, 0.000398566655349, 3.81893769372e-05],
        "dvar": [2.46661973, 26.3601226807, 87.7742919922, 223.214126587, 217.124099731, 265.348602295, 380.784301758, 1186.50158691, 959.421142578, 1270.62988281, 528.084411621, 881.79675293, 477.616729736, 1349.81091309, 4336.89697266, 3284.86376953, 463.799621582, 1028.52783203, 4427.17724609, 543.110046387, 244.019836426, 523.121643066, 209.710525513, 284.387359619, 225.914810181, 700.926330566, 698.934265137, 159.028930664, 41.4293365479, 55.6107788086, 23.395772934, 17.7605018616, 13.527961731, 4.65746068954, 3.55246043205, 0.685236513615, 0.0195728708059, 0.000270330201602, 3.92437129904e-07, 1.57341473184e-09],
        "dvar2": [3.93290758133, 62.5542831421, 240.228607178, 634.500183105, 621.26348877, 749.215332031, 1013.89477539, 3279.36401367, 2208.28295898, 2371.31054688, 1062.20605469, 1841.89660645, 905.004943848, 2753.74169922, 5204.90722656, 4514.22363281, 1097.34960938, 2139.01635742, 7902.11083984, 1051.74829102, 588.075012207, 1331.90063477, 406.006774902, 730.750610352, 408.189544678, 1092.63745117, 1632.46838379, 289.732727051, 77.1603927612, 101.015693665, 44.1586265564, 30.5936660767, 24.3178253174, 8.95811462402, 7.58684587479, 1.58297789097, 0.0430220924318, 0.000459764472907, 7.28788677407e-07, 2.68520383706e-09],
        "max": [18.2502651215, 41.3433265686, 74.3870925903, 128.248977661, 184.481918335, 263.25088501, 274.565002441, 682.287475586, 556.170288086, 998.617858887, 394.1534729, 736.202453613, 548.461791992, 1049.27783203, 2631.10107422, 2083.09301758, 329.168395996, 736.940979004, 2071.83398438, 340.784179688, 179.652008057, 392.251983643, 249.757888794, 236.152816772, 387.888183594, 726.321472168, 676.529846191, 372.59085083, 156.271469116, 127.523880005, 68.9406967163, 83.4940109253, 80.0804290771, 35.5916519165, 50.8857383728, 23.5505485535, 3.87769150734, 0.213779136539, 0.0060150725767, 0.000457212270703],
        "mean": [1.59815561771, 4.39920330048, 2.78141927719, 3.18764209747, 4.71531963348, 9.35829544067, 19.8063564301, 26.288312912, 33.8757209778, 30.1856231689, 29.7565860748, 16.503660202, 14.2111549377, 23.7440795898, 48.997379303, 31.0999698639, 12.8893270493, 19.1188545227, 35.5208358765, 17.5763874054, 11.4216880798, 14.0178089142, 13.0975503922, 10.9796056747, 8.1476650238, 19.1519184113, 14.2791032791, 4.61162042618, 2.82990598679, 3.03092932701, 2.67485761642, 2.07121491432, 1.64565324783, 1.06137943268, 0.590442836285, 0.255857884884, 0.0686581879854, 0.0125471130013, 0.000426437065471, 7.15956412023e-05],
        "median": [0.772310435772, 2.38891100883, 0.816519200802, 0.45091098547, 0.972144961357, 4.60553121567, 10.2239427567, 16.1579494476, 17.707572937, 9.99388599396, 13.7954282761, 5.24750852585, 3.48680996895, 3.78070092201, 4.53298187256, 6.57167482376, 2.84899401665, 4.4237112999, 6.13143968582, 4.94751739502, 2.89349246025, 2.6491060257, 2.4286441803, 2.43112111092, 2.26128411293, 4.39260005951, 2.89405250549, 0.971773803234, 0.403159916401, 0.281981348991, 0.25431406498, 0.355779498816, 0.404649168253, 0.312847405672, 0.125010848045, 0.0555399693549, 0.0149059016258, 0.00184250669554, 7.46381774661e-05, 4.84510783281e-05],
        "min": [8.4818435601e-22, 1.04942986637e-21, 6.81957262233e-21, 5.76184804889e-20, 1.85947952805e-19, 1.53946338233e-19, 2.12711588319e-19, 1.95090327751e-19, 1.76416867594e-19, 6.42668567744e-19, 1.66241196721e-18, 1.51259808115e-18, 5.49748040134e-18, 1.35290073093e-18, 2.04244913951e-18, 2.33705013505e-18, 3.22709730134e-18, 5.23959898716e-18, 5.29699580909e-18, 9.86893224251e-18, 1.04485922916e-17, 1.07272049199e-17, 1.36919600288e-17, 1.51400257179e-17, 1.37708664418e-17, 1.4144432787e-17, 1.30083597727e-17, 1.61106758446e-17, 2.15948402925e-17, 1.87044760176e-17, 1.87713982378e-17, 2.3660965409e-17, 1.50410634838e-17, 1.45612027755e-17, 8.21697976735e-18, 5.79987488582e-18, 2.72872780652e-18, 1.06613158482e-18, 3.15104554034e-19, 3.59678357489e-20],
        "stdev": [2.41319084167, 6.29378080368, 7.73769712448, 11.6059045792, 12.1840906143, 16.023317337, 26.4097309113, 39.4201202393, 52.8148612976, 77.4741668701, 46.5920295715, 42.0370292664, 35.4980430603, 62.7437973022, 186.44519043, 108.838516235, 31.683807373, 50.596206665, 135.924224854, 34.8314361572, 21.9316654205, 30.9078521729, 25.9021625519, 21.5576343536, 21.178855896, 46.5171089172, 38.0562019348, 16.8020477295, 8.88159751892, 9.66502857208, 6.88767623901, 5.81510591507, 4.73407316208, 2.64175248146, 2.03780055046, 0.855832338333, 0.161891460419, 0.0250309482217, 0.000900401209947, 6.82044847053e-05],
        "var": [5.82349014282, 39.6116790771, 59.8719596863, 134.697021484, 148.452072144, 256.746704102, 697.473876953, 1553.94580078, 2789.40942383, 6002.24707031, 2170.81713867, 1767.11181641, 1260.11108398, 3936.78417969, 34761.8085938, 11845.8232422, 1003.8637085, 2559.97631836, 18475.3964844, 1213.22888184, 480.997955322, 955.295349121, 670.92199707, 464.731628418, 448.543945312, 2163.84155273, 1448.27441406, 282.308837891, 78.8827667236, 93.4127807617, 47.44008255, 33.8154563904, 22.411447525, 6.97885560989, 4.15263128281, 0.732448995113, 0.0262088458985, 0.000626548368018, 8.10722326605e-07, 4.65185134857e-09]
    },
    "gfcc": {
        "mean": [-23.3932571411, 100.399993896, -93.252456665, 20.9319820404, -56.0872306824, 5.97104930878, -38.1139411926, 14.2166318893, -22.4080791473, 22.010799408, -4.50730657578, 4.26722860336, 1.87122511864],
        "cov": [[8507.62402344, -2162.82836914, -746.239501953, 1002.10614014, 119.372833252, 581.827819824, -222.1197052, 713.47869873, -132.713195801, -118.49772644, 82.4212875366, 224.657531738, -256.82131958], [-2162.82836914, 2049.28686523, 590.651489258, -150.561508179, 476.523406982, 38.4280319214, 468.055725098, -111.554237366, 264.277313232, 99.7431564331, 157.885284424, -128.597213745, 302.900115967], [-746.239501953, 590.651489258, 1205.45129395, 319.601043701, 277.289642334, 246.732849121, 263.498291016, 43.1674461365, 345.238250732, 126.924545288, 70.1073303223, 108.039512634, 59.9586410522], [1002.10614014, -150.561508179, 319.601043701, 686.937072754, 202.52571106, 119.381057739, 150.787597656, 228.20664978, 141.353042603, 65.9631958008, 66.733215332, 80.8929977417, 19.6038894653], [119.372833252, 476.523406982, 277.289642334, 202.52571106, 541.311218262, 217.150268555, 248.495910645, 154.482543945, 198.214431763, 55.2863349915, 138.061706543, 31.1469841003, 107.297950745], [581.827819824, 38.4280319214, 246.732849121, 119.381057739, 217.150268555, 443.926239014, 141.125823975, 87.810760498, 123.797210693, 25.9654178619, 126.012870789, 43.1401519775, 34.7741127014], [-222.1197052, 468.055725098, 263.498291016, 150.787597656, 248.495910645, 141.125823975, 388.604278564, 110.550804138, 146.967819214, 90.1219940186, 116.319915771, 14.7216358185, 123.569297791], [713.47869873, -111.554237366, 43.1674461365, 228.20664978, 154.482543945, 87.810760498, 110.550804138, 316.918273926, 101.024154663, 20.1111564636, 94.6185531616, 22.864988327, 48.2388534546], [-132.713195801, 264.277313232, 345.238250732, 141.353042603, 198.214431763, 123.797210693, 146.967819214, 101.024154663, 305.678466797, 91.1952667236, 66.8037033081, 61.4695243835, 32.3057632446], [-118.49772644, 99.7431564331, 126.924545288, 65.9631958008, 55.2863349915, 25.9654178619, 90.1219940186, 20.1111564636, 91.1952667236, 181.909194946, 45.0185394287, 23.3170509338, 50.8977470398], [82.4212875366, 157.885284424, 70.1073303223, 66.733215332, 138.061706543, 126.012870789, 116.319915771, 94.6185531616, 66.8037033081, 45.0185394287, 218.26864624, 15.6967983246, 76.2842712402], [224.657531738, -128.597213745, 108.039512634, 80.8929977417, 31.1469841003, 43.1401519775, 14.7216358185, 22.864988327, 61.4695243835, 23.3170509338, 15.6967983246, 167.804718018, -6.87696743011], [-256.82131958, 302.900115967, 59.9586410522, 19.6038894653, 107.297950745, 34.7741127014, 123.569297791, 48.2388534546, 32.3057632446, 50.8977470398, 76.2842712402, -6.87696743011, 182.959976196]],
        "icov": [[0.00029547221493, 5.4503136198e-05, 0.000280064792605, -0.000376486044843, -2.5788003768e-05, -0.000500888738316, 0.000196459470317, -0.000464579468826, 0.000224470059038, -5.68611030758e-05, 0.000138603776577, -0.000248734897468, 0.000282252032775], [5.4503136198e-05, 0.00181360449642, -0.000548625481315, 0.000575922895223, -0.00111278414261, 0.00092935009161, -0.00122400338296, 0.0014512607595, -0.00097422930412, 0.000754744978622, -0.000531599100213, 0.00150394567754, -0.00164768879768], [0.000280064792605, -0.000548625481315, 0.00198730709963, -0.00111386144999, 0.000375984818675, -0.00120892201085, 0.000189172002138, -0.000113853202492, -0.000850467360578, -0.000290604890324, 0.000569188967347, -0.000973191054072, 0.000638126337435], [-0.000376486044843, 0.000575922895223, -0.00111386144999, 0.00308310543187, -0.000719944189768, 0.00105905113742, -0.000899327744264, -0.00052343349671, -0.000119144184282, -0.000173556880327, -0.000134177476866, 0.000254001817666, -0.000346123793861], [-2.5788003768e-05, -0.00111278414261, 0.000375984818675, -0.000719944189768, 0.00418478716165, -0.00133376440499, -0.000271322700428, -0.00115868460853, -0.000704045349266, 0.000212788247154, -0.000143990342622, -0.000717654125765, 0.000146234306158], [-0.000500888738316, 0.00092935009161, -0.00120892201085, 0.00105905113742, -0.00133376440499, 0.00473629124463, -0.00132723757997, 0.00156455452088, -0.00104711786844, 0.000947200576775, -0.00193671754096, 0.000983029720373, -0.000827246985864], [0.000196459470317, -0.00122400338296, 0.000189172002138, -0.000899327744264, -0.000271322700428, -0.00132723757997, 0.00588027620688, -0.00171173468698, 0.000439161143731, -0.00144200271461, -5.20099019923e-05, -0.00075465842383, -0.000455318251625], [-0.000464579468826, 0.0014512607595, -0.000113853202492, -0.00052343349671, -0.00115868460853, 0.00156455452088, -0.00171173468698, 0.00743078673258, -0.00279199471697, 0.0016521376092, -0.00191135483328, 0.00188057275955, -0.00248132459819], [0.000224470059038, -0.00097422930412, -0.000850467360578, -0.000119144184282, -0.000704045349266, -0.00104711786844, 0.000439161143731, -0.00279199471697, 0.00765630370006, -0.00257496139966, 0.000468883605208, -0.0020942564588, 0.00236111111008], [-5.68611030758e-05, 0.000754744978622, -0.000290604890324, -0.000173556880327, 0.000212788247154, 0.000947200576775, -0.00144200271461, 0.0016521376092, -0.00257496139966, 0.00776987755671, -0.00107386126183, 0.000416520022554, -0.00222545186989], [0.000138603776577, -0.000531599100213, 0.000569188967347, -0.000134177476866, -0.000143990342622, -0.00193671754096, -5.20099019923e-05, -0.00191135483328, 0.000468883605208, -0.00107386126183, 0.00731654232368, -0.000851911900099, -0.000972561712842], [-0.000248734897468, 0.00150394567754, -0.000973191054072, 0.000254001817666, -0.000717654125765, 0.000983029720373, -0.00075465842383, 0.00188057275955, -0.0020942564588, 0.000416520022554, -0.000851911900099, 0.0083720413968, -0.00137560581788], [0.000282252032775, -0.00164768879768, 0.000638126337435, -0.000346123793861, 0.000146234306158, -0.000827246985864, -0.000455318251625, -0.00248132459819, 0.00236111111008, -0.00222545186989, -0.000972561712842, -0.00137560581788, 0.0100068747997]]
    },
    "melbands": {
        "dmean": [0.0062122028321, 0.00203533656895, 0.000737531110644, 0.0003997477761, 0.000362034421414, 0.000333932199283, 0.000223661292694, 0.000124211059301, 9.73117421381e-05, 4.99521411257e-05, 3.72552167391e-05, 3.94659400627e-05, 6.42816521577e-05, 4.73144864372e-05, 2.7819767638e-05, 1.44352015923e-05, 2.32144793699e-05, 3.20500257658e-05, 2.02165356313e-05, 1.22163573906e-05, 8.22586571303e-06, 9.07202138478e-06, 7.44562203181e-06, 6.49349249215e-06, 5.5213295127e-06, 3.53597010871e-06, 3.81108702641e-06, 8.14631130197e-06, 6.70661665936e-06, 2.43653494181e-06, 1.78757511549e-06, 1.04234266018e-06, 1.22647054468e-06, 1.40416591421e-06, 1.13282817438e-06, 9.9057206171e-07, 8.91652859991e-07, 7.98791234047e-07, 7.07359163243e-07, 5.94266225562e-07],
        "dmean2": [0.00809642206877, 0.003243339248, 0.00134453154169, 0.00070914090611, 0.000596487603616, 0.00053402147023, 0.000346115819411, 0.000188401550986, 0.000145248006447, 7.05380516592e-05, 5.41996560059e-05, 5.42681700608e-05, 8.23005539132e-05, 6.62576348986e-05, 4.05656392104e-05, 2.37928943534e-05, 3.49724323314e-05, 4.54732253274e-05, 2.83649460471e-05, 1.77683614311e-05, 1.30649204948e-05, 1.44878385981e-05, 1.06018987935e-05, 9.39414712775e-06, 8.50627111504e-06, 5.38379845239e-06, 5.41955023436e-06, 1.1635635019e-05, 9.83002792054e-06, 3.54945291292e-06, 2.50935840995e-06, 1.5273955114e-06, 1.82300573215e-06, 2.01735269911e-06, 1.62756066402e-06, 1.41078623983e-06, 1.20638208045e-06, 1.08088170236e-06, 9.89311274679e-07, 8.7461359044e-07],
        "dvar": [0.000111675355583, 1.95617994905e-05, 5.94947687205e-06, 1.09374161639e-06, 4.12265478644e-07, 5.3948696177e-07, 2.0718449889e-07, 1.09977172258e-07, 3.43766117794e-08, 3.02093070559e-08, 1.20836638473e-08, 2.06623624877e-08, 4.56728734832e-08, 2.2954029788e-08, 8.70162608635e-09, 1.538624117e-09, 5.20022824801e-09, 1.11102966827e-08, 4.19346291025e-09, 8.47753534039e-10, 4.71871930419e-10, 9.15463149731e-10, 4.17665374508e-10, 2.05881270365e-10, 2.39977926419e-10, 1.08526646003e-10, 1.8459329898e-10, 5.03721231393e-10, 5.16666154304e-10, 8.27943824611e-11, 5.29218648071e-11, 1.19550272459e-11, 1.82681838407e-11, 2.14919384373e-11, 8.0080005127e-12, 7.29311489672e-12, 8.17759835542e-12, 7.84820992916e-12, 5.65806776431e-12, 3.14394365576e-12],
        "dvar2": [0.000194481181097, 4.8951987992e-05, 1.68409042089e-05, 3.12174643113e-06, 1.11877193376e-06, 1.49603999944e-06, 4.71447691552e-07, 2.08851233197e-07, 6.64112604909e-08, 6.30354222153e-08, 2.36331114678e-08, 4.04381488295e-08, 6.57871126464e-08, 4.06882101345e-08, 1.52952921439e-08, 3.96259247637e-09, 1.06003730238e-08, 2.02217567136e-08, 6.7553300731e-09, 1.49339363098e-09, 1.19479748317e-09, 2.4631525708e-09, 8.51238801669e-10, 4.11575190595e-10, 6.26329543785e-10, 2.42209752255e-10, 2.91970531086e-10, 8.01746002921e-10, 1.23827170739e-09, 1.79579212611e-10, 9.58314469446e-11, 2.3595823212e-11, 3.63581734164e-11, 4.28983064349e-11, 1.47967124664e-11, 1.43804586294e-11, 1.44576182623e-11, 1.37117921184e-11, 1.18692902729e-11, 6.22916692186e-12],
        "max": [0.120785057545, 0.0344995744526, 0.0201267655939, 0.0161407850683, 0.00750744575635, 0.0143684977666, 0.00770867988467, 0.00914799701422, 0.00320879346691, 0.00406321976334, 0.002679890953, 0.00408016238362, 0.00718923006207, 0.00497044762596, 0.00257517839782, 0.000463438074803, 0.00163075933233, 0.00329230539501, 0.00164758891333, 0.000569462717976, 0.000294393947115, 0.000574171659537, 0.000407030951465, 0.000331440940499, 0.000225427153055, 0.000204346899409, 0.000389290769817, 0.000678376643918, 0.000565287424251, 0.000260427972535, 0.000206757264095, 8.69756840984e-05, 7.77269815444e-05, 6.86539060553e-05, 4.30321524618e-05, 3.37331985065e-05, 6.41655205982e-05, 6.0076607042e-05, 5.00671631016e-05, 2.92284712486e-05],
        "mean": [0.011063978076, 0.00265641161241, 0.000578611216042, 0.00048341267393, 0.000653511611745, 0.000609458016697, 0.00051433587214, 0.000303883629385, 0.000226760457736, 9.28524605115e-05, 6.89436128596e-05, 8.94558179425e-05, 0.000155732603162, 0.000112019944936, 4.51774249086e-05, 2.09825902857e-05, 3.7225199776e-05, 5.78989565838e-05, 2.98381000903e-05, 2.12137529161e-05, 1.17815034173e-05, 1.45625344885e-05, 1.29267964439e-05, 1.2252156921e-05, 8.4872754087e-06, 5.62474542676e-06, 6.32586215943e-06, 1.50006244439e-05, 1.14538952403e-05, 3.65879373021e-06, 2.247911425e-06, 1.48575259118e-06, 1.65031372035e-06, 1.7203221887e-06, 1.63488653016e-06, 1.31019896799e-06, 1.26278678181e-06, 1.18773562008e-06, 1.01382931916e-06, 8.61396131313e-07],
        "median": [0.00550886709243, 0.00125981261954, 8.8213077106e-05, 0.000197524321266, 0.000362542836228, 0.000382958998671, 0.000249860750046, 0.000110037290142, 0.000102918093035, 1.87042332982e-05, 1.34461806738e-05, 1.12622374218e-05, 1.10536057036e-05, 1.40315505632e-05, 9.11464940145e-06, 4.41749261881e-06, 6.62557567921e-06, 8.42905228637e-06, 6.45431009616e-06, 4.37443259216e-06, 2.60018487097e-06, 2.49068193625e-06, 1.97263557311e-06, 2.12122881749e-06, 1.68877272699e-06, 1.32702302835e-06, 1.50477148964e-06, 3.25307928506e-06, 1.99156147573e-06, 7.91273691902e-07, 3.0944229934e-07, 2.11832286823e-07, 1.54063158675e-07, 1.30455362068e-07, 1.32836447619e-07, 1.51252166347e-07, 2.36088453676e-07, 2.49430854637e-07, 2.69633090966e-07, 2.48078919185e-07],
        "min": [4.74355551831e-24, 2.74968828112e-24, 1.54605046505e-23, 1.28962294477e-23, 6.57599302087e-24, 4.72352357891e-24, 3.09384265609e-24, 8.0867022807e-24, 1.46845053334e-23, 1.13703492093e-23, 2.70921340579e-23, 4.68946845363e-24, 5.35307599648e-24, 7.18524646962e-24, 6.18333316656e-24, 8.31197886713e-24, 1.03901287923e-23, 8.86031766007e-24, 1.00502883032e-23, 1.75103944226e-23, 1.09233112007e-23, 9.88342607793e-24, 1.25582656586e-23, 1.26340822914e-23, 1.2506256848e-23, 1.00903947805e-23, 1.11457021339e-23, 8.55530143562e-24, 8.4960587705e-24, 7.18614182675e-24, 1.02824445456e-23, 1.3485439913e-23, 7.31869175807e-24, 1.26871584308e-23, 9.0293516194e-24, 1.42786695299e-23, 1.3217523028e-23, 8.24209683498e-24, 1.4651409463e-23, 1.16056277632e-23],
        "stdev": [0.0160666834563, 0.00456086127087, 0.00191233051009, 0.000941266072914, 0.000819521781523, 0.000866207468789, 0.000815486127976, 0.000724591314793, 0.000384183251299, 0.000249966979027, 0.000176742643816, 0.000253936537774, 0.000532825244591, 0.00039252373972, 0.000140023199492, 4.53817192465e-05, 0.000111788060167, 0.000216899104998, 9.99239564408e-05, 5.15134161105e-05, 2.75829934253e-05, 3.62463724741e-05, 3.11322692141e-05, 2.66549232038e-05, 1.84255513886e-05, 1.34976007757e-05, 1.96728542505e-05, 3.90451277781e-05, 3.2037798519e-05, 1.21348057291e-05, 9.25110271055e-06, 4.58659951619e-06, 5.56368513571e-06, 5.61737988392e-06, 4.14226087742e-06, 3.63578510587e-06, 3.76014213543e-06, 3.61967818208e-06, 2.7736721222e-06, 2.13450653064e-06],
        "var": [0.000258138345089, 2.08014553209e-05, 3.65700816474e-06, 8.85981819465e-07, 6.71615907777e-07, 7.50315336973e-07, 6.65017580559e-07, 5.25032589849e-07, 1.47596779243e-07, 6.24834939345e-08, 3.12379597744e-08, 6.44837641062e-08, 2.83902750198e-07, 1.54074896841e-07, 1.96064977587e-08, 2.05950057008e-09, 1.2496570001e-08, 4.70452192758e-08, 9.98479698922e-09, 2.65363220286e-09, 7.60821516899e-10, 1.3137994026e-09, 9.69218150182e-10, 7.10484948652e-10, 3.39500955127e-10, 1.82185225239e-10, 3.87021165116e-10, 1.52452206414e-09, 1.02642061517e-09, 1.47253501059e-10, 8.55829088153e-11, 2.10368961834e-11, 3.09545930555e-11, 3.15549565644e-11, 1.71583233732e-11, 1.32189328927e-11, 1.41386694019e-11, 1.31020697763e-11, 7.69325748939e-12, 4.55611806963e-12]
    },
    "melbands128": {
