{
"lowlevel": {
    "average_loudness": 0.763505935669,
    "barkbands_crest": {
        "dmean": 2.53609323502,
        "dmean2": 4.13715934753,
        "dvar": 4.90683221817,
        "dvar2": 12.693277359,
        "max": 24.281835556,
        "mean": 11.1519060135,
        "median": 10.5918598175,
        "min": 3.58836340904,
        "stdev": 3.76323628426,
        "var": 14.161948204
    },
    "barkbands_flatness_db": {
        "dmean": 0.0205760989338,
        "dmean2": 0.0310200490057,
        "dvar": 0.000385215360438,
        "dvar2": 0.000827969808597,
        "max": 0.368649363518,
        "mean": 0.171414762735,
        "median": 0.168483018875,
        "min": 0.043365906924,
        "stdev": 0.0501915514469,
        "var": 0.00251919194125
    },
    "barkbands_kurtosis": {
        "dmean": 3.09010648727,
        "dmean2": 4.97850465775,
        "dvar": 22.9261703491,
        "dvar2": 61.8927536011,
        "max": 74.3675994873,
        "mean": 5.43361997604,
        "median": 3.17986345291,
        "min": -1.80957520008,
        "stdev": 8.21034622192,
        "var": 67.4097824097
    },
    "barkbands_skewness": {
        "dmean": 0.506286978722,
        "dmean2": 0.783709406853,
        "dvar": 0.267645299435,
        "dvar2": 0.675734639168,
        "max": 7.46073818207,
        "mean": 1.684217453,
        "median": 1.53780031204,
        "min": -1.85470604897,
        "stdev": 1.13928806782,
        "var": 1.29797720909
    },
    "barkbands_spread": {
        "dmean": 4.14854860306,
        "dmean2": 6.16175603867,
        "dvar": 42.1627426147,
        "dvar2": 65.7431564331,
        "max": 104.986465454,
        "mean": 16.3565616608,
        "median": 13.4786806107,
        "min": 2.0591814518,
        "stdev": 12.5722408295,
        "var": 158.061248779
    },
    "dissonance": {
        "dmean": 0.0266185235232,
        "dmean2": 0.0439988970757,
        "dvar": 0.000756825204007,
        "dvar2": 0.00185116904322,
        "max": 0.500000119209,
        "mean": 0.440921843052,
        "median": 0.44809281826,
        "min": 0.0455256924033,
        "stdev": 0.0411092974246,
        "var": 0.00168997445144
    },
    "dynamic_complexity": 3.29941034317,
    "erbbands_crest": {
        "dmean": 2.58402371407,
        "dmean2": 4.0694065094,
        "dvar": 6.27536964417,
        "dvar2": 15.4515981674,
        "max": 32.0041313171,
        "mean": 10.7218074799,
        "median": 10.3076334,
        "min": 2.91412115097,
        "stdev": 4.59846401215,
        "var": 21.1458702087
    },
    "erbbands_flatness_db": {
        "dmean": 0.0151321804151,
        "dmean2": 0.0212810784578,
        "dvar": 0.000242850146606,
        "dvar2": 0.00042825206765,
        "max": 0.321234792471,
        "mean": 0.170360460877,
        "median": 0.174003854394,
        "min": 0.0604209452868,
        "stdev": 0.045552007854,
        "var": 0.00207498553209
    },
    "erbbands_kurtosis": {
        "dmean": 1.18762040138,
        "dmean2": 1.80077672005,
        "dvar": 3.67896604538,
        "dvar2": 6.54641294479,
        "max": 56.8428039551,
        "mean": 1.36986374855,
        "median": 0.566032409668,
        "min": -1.77522277832,
        "stdev": 3.28226518631,
        "var": 10.7732648849
    },
    "erbbands_skewness": {
        "dmean": 0.377261221409,
        "dmean2": 0.55348688364,
        "dvar": 0.146185323596,
        "dvar2": 0.283712178469,
        "max": 6.14763641357,
        "mean": 0.535130262375,
        "median": 0.52048689127,
        "min": -2.71995925903,
        "stdev": 0.869093716145,
        "var": 0.755323886871
    },
    "erbbands_spread": {
        "dmean": 5.9982843399,
        "dmean2": 8.83124256134,
        "dvar": 63.4467468262,
        "dvar2": 114.840118408,
        "max": 130.522735596,
        "mean": 30.683052063,
        "median": 27.4303627014,
        "min": 2.77637839317,
        "stdev": 17.1408309937,
        "var": 293.808105469
    },
    "hfc": {
        "dmean": 3.59773421288,
        "dmean2": 4.87395143509,
        "dvar": 68.2444152832,
        "dvar2": 100.582466125,
        "max": 291.920349121,
        "mean": 14.3185873032,
        "median": 10.5642719269,
        "min": 1.19055933511e-16,
        "stdev": 16.4857273102,
        "var": 271.77923584
    },
    "loudness_ebu128": {
        "integrated": -9.8486289978,
        "loudness_range": 5.75623226166,
        "momentary": {
            "dmean": 0.512202262878,
            "dmean2": 0.425963312387,
            "dvar": 0.347970873117,
            "dvar2": 0.458593070507,
            "max": -4.73720693588,
            "mean": -11.0943489075,
            "median": -10.3756542206,
            "min": -25.0271167755,
            "stdev": 3.6216609478,
            "var": 13.1164283752
        },
        "short_term": {
            "dmean": 0.125929147005,
            "dmean2": 0.0601845979691,
            "dvar": 0.0205023456365,
            "dvar2": 0.00344748888165,
            "max": -6.45252895355,
            "mean": -10.4046907425,
            "median": -10.3385076523,
            "min": -16.5370330811,
            "stdev": 1.95328342915,
            "var": 3.81531620026
        }
    },
    "melbands_crest": {
        "dmean": 3.60600209236,
        "dmean2": 5.85725641251,
        "dvar": 9.45204162598,
        "dvar2": 25.4961128235,
        "max": 34.7337417603,
        "mean": 15.8934545517,
        "median": 15.2081708908,
        "min": 1.92430949211,
        "stdev": 5.58364295959,
        "var": 31.1770687103
    },
    "melbands_flatness_db": {
        "dmean": 0.024620141834,
        "dmean2": 0.0364105179906,
        "dvar": 0.000543748959899,
        "dvar2": 0.00111960759386,
        "max": 0.509036123753,
        "mean": 0.26114872098,
        "median": 0.258684277534,
        "min": 0.00432448973879,
        "stdev": 0.0646324753761,
        "var": 0.00417735660449
    },
    "melbands_kurtosis": {
        "dmean": 5.92545747757,
        "dmean2": 9.56409168243,
        "dvar": 101.501159668,
        "dvar2": 285.52432251,
        "max": 153.129516602,
        "mean": 11.7350530624,
        "median": 6.92332458496,
        "min": -1.24825799465,
        "stdev": 16.390203476,
        "var": 268.638763428
    },
    "melbands_skewness": {
        "dmean": 0.629611670971,
        "dmean2": 0.983345270157,
        "dvar": 0.455999076366,
        "dvar2": 1.15495455265,
        "max": 9.61361789703,
        "mean": 2.36480593681,
        "median": 2.11506509781,
        "min": -1.1538630724,
        "stdev": 1.51638364792,
        "var": 2.29941940308
    },
    "melbands_spread": {
        "dmean": 4.27852869034,
        "dmean2": 6.46674776077,
        "dvar": 40.8434562683,
        "dvar2": 65.0095367432,
        "max": 139.326034546,
        "mean": 15.7689743042,
        "median": 13.5715036392,
        "min": 1.71060836315,
        "stdev": 11.5344209671,
        "var": 133.042861938
    },
    "pitch_salience": {
        "dmean": 0.0643507614732,
        "dmean2": 0.10609985888,
        "dvar": 0.00350495357998,
        "dvar2": 0.00923620909452,
        "max": 0.825181186199,
        "mean": 0.494549930096,
        "median": 0.496895521879,
        "min": 0.149249613285,
        "stdev": 0.101384565234,
        "var": 0.0102788303047
    },
    "silence_rate_20dB": {
        "dmean": 0,
        "dmean2": 0,
        "dvar": 0,
        "dvar2": 0,
        "max": 1,
        "mean": 1,
        "median": 1,
        "min": 1,
        "stdev": 0,
        "var": 0
    },
    "silence_rate_30dB": {
        "dmean": 0.00464396271855,
        "dmean2": 0.00929511990398,
        "dvar": 0.00462237326428,
        "dvar2": 0.00920879840851,
        "max": 1,
        "mean": 0.99535959959,
        "median": 1,
        "min": 0,
        "stdev": 0.0679619237781,
        "var": 0.00461882259697
    },
    "silence_rate_60dB": {
        "dmean": 0.00696594407782,
        "dmean2": 0.0139426803216,
        "dvar": 0.00691750599071,
        "dvar2": 0.0168467778713,
        "max": 1,
        "mean": 0.0518174804747,
        "median": 0,
        "min": 0,
        "stdev": 0.221658587456,
        "var": 0.0491325296462
    },
    "spectral_centroid": {
        "dmean": 172.450836182,
        "dmean2": 247.800765991,
        "dvar": 133970.34375,
        "dvar2": 173821.96875,
        "max": 10857.3291016,
        "mean": 933.913757324,
        "median": 776.656616211,
        "min": 246.198165894,
        "stdev": 580.362915039,
        "var": 336821.125
    },
    "spectral_complexity": {
        "dmean": 2.03947377205,
        "dmean2": 3.28272652626,
        "dvar": 4.16177082062,
        "dvar2": 9.68079280853,
        "max": 56,
        "mean": 12.7904100418,
        "median": 12,
        "min": 0,
        "stdev": 6.31832742691,
        "var": 39.9212608337
    },
    "spectral_decrease": {
        "dmean": 1.94299443201e-09,
        "dmean2": 3.09519831987e-09,
        "dvar": 5.61647612272e-18,
        "dvar2": 1.40455598884e-17,
        "max": 2.22810519293e-29,
        "mean": -7.40152561463e-09,
        "median": -6.43977449144e-09,
        "min": -3.485708433e-08,
        "stdev": 5.26757970576e-09,
        "var": 2.77473947994e-17
    },
    "spectral_energy": {
        "dmean": 0.00747719127685,
        "dmean2": 0.0118832029402,
        "dvar": 8.11567733763e-05,
        "dvar2": 0.000202261071536,
        "max": 0.136390373111,
        "mean": 0.0292337946594,
        "median": 0.0257879626006,
        "min": 1.07146320331e-20,
        "stdev": 0.0206444766372,
        "var": 0.000426194426836
    },
    "spectral_energyband_high": {
        "dmean": 0.000212254672078,
        "dmean2": 0.000268955598585,
        "dvar": 9.25059737256e-07,
        "dvar2": 1.27540545236e-06,
        "max": 0.0316103212535,
        "mean": 0.000401602126658,
        "median": 9.28256995394e-05,
        "min": 7.85266385407e-21,
        "stdev": 0.00149013195187,
        "var": 2.22049334297e-06
    },
    "spectral_energyband_low": {
        "dmean": 0.00586107047275,
        "dmean2": 0.00974748842418,
        "dvar": 7.46544319554e-05,
        "dvar2": 0.00020946325094,
        "max": 0.090197943151,
        "mean": 0.0132602341473,
        "median": 0.00920727662742,
        "min": 9.81710827712e-23,
        "stdev": 0.0135310320184,
        "var": 0.000183088821359
    },
    "spectral_energyband_middle_high": {
        "dmean": 0.00112063507549,
        "dmean2": 0.00158598122653,
        "dvar": 2.67904579232e-06,
        "dvar2": 5.37400683243e-06,
        "max": 0.0281584821641,
        "mean": 0.00356592400931,
        "median": 0.00233818218112,
        "min": 1.49276919023e-21,
        "stdev": 0.00391357811168,
        "var": 1.53160945047e-05
    },
    "spectral_energyband_middle_low": {
        "dmean": 0.00334430439398,
        "dmean2": 0.00492032710463,
        "dvar": 2.11517854041e-05,
        "dvar2": 4.43866047135e-05,
        "max": 0.0680787563324,
        "mean": 0.0122896898538,
        "median": 0.00958841200918,
        "min": 2.98189952288e-22,
        "stdev": 0.0111283902079,
        "var": 0.000123841062305
    },
    "spectral_entropy": {
        "dmean": 0.151414036751,
        "dmean2": 0.20782455802,
        "dvar": 0.0294539425522,
        "dvar2": 0.0411603786051,
        "max": 9.80061817169,
        "mean": 7.17232275009,
        "median": 7.08115148544,
        "min": 5.91415023804,
        "stdev": 0.474787503481,
        "var": 0.225423172116
    },
    "spectral_flux": {
        "dmean": 0.0202370863408,
        "dmean2": 0.0336384102702,
        "dvar": 0.00040109953261,
        "dvar2": 0.00101693638135,
        "max": 0.257773458958,
        "mean": 0.0716980025172,
        "median": 0.0669644325972,
        "min": 1.03511504923e-10,
        "stdev": 0.0366654843092,
        "var": 0.00134435773361
    },
    "spectral_kurtosis": {
        "dmean": 2.18818068504,
        "dmean2": 3.4741973877,
        "dvar": 8.747382164,
        "dvar2": 21.3893432617,
        "max": 54.8789901733,
        "mean": 8.33926963806,
        "median": 7.54577732086,
        "min": -1.2311116457,
        "stdev": 5.69404745102,
        "var": 32.4221763611
    },
    "spectral_rms": {
        "dmean": 0.000670905981679,
        "dmean2": 0.00104482308961,
        "dvar": 4.68227682404e-07,
        "dvar2": 1.10409268927e-06,
        "max": 0.0115353269503,
        "mean": 0.00496403500438,
        "median": 0.00501587381586,
        "min": 3.23315614732e-12,
        "stdev": 0.00196954561397,
        "var": 3.87910995414e-06
    },
    "spectral_rolloff": {
        "dmean": 340.997161865,
        "dmean2": 558.829650879,
        "dvar": 927967.5,
        "dvar2": 1581968.25,
        "max": 19035.3515625,
        "mean": 921.482421875,
        "median": 645.99609375,
        "min": 64.599609375,
        "stdev": 1265.34228516,
        "var": 1601091.25
    },
    "spectral_skewness": {
        "dmean": 0.254306465387,
        "dmean2": 0.377035647631,
        "dvar": 0.0776544511318,
        "dvar2": 0.158849388361,
        "max": 5.80114984512,
        "mean": 2.26676893234,
        "median": 2.30769205093,
        "min": 0.0105262668803,
        "stdev": 0.687380969524,
        "var": 0.472492605448
    },
    "spectral_spread": {
        "dmean": 531124.1875,
        "dmean2": 723846.0625,
        "dvar": 1.12671326208e+12,
        "dvar2": 1.14833240883e+12,
        "max": 40326624,
        "mean": 4434938.5,
        "median": 4150897,
        "min": 1117739,
        "stdev": 2043729,
        "var": 4.17682817024e+12
    },
    "spectral_strongpeak": {
        "dmean": 0.411794662476,
        "dmean2": 0.693649590015,
        "dvar": 0.405894547701,
        "dvar2": 1.02030682564,
        "max": 6.85105323792,
        "mean": 0.85149538517,
        "median": 0.417299181223,
        "min": 0,
        "stdev": 0.920302212238,
        "var": 0.846956193447
    },
    "zerocrossingrate": {
        "dmean": 0.00806193146855,
        "dmean2": 0.00920283421874,
        "dvar": 0.000346939370502,
        "dvar2": 0.000345610256772,
        "max": 0.52099609375,
        "mean": 0.0408128350973,
        "median": 0.03466796875,
        "min": 0.005859375,
        "stdev": 0.0321196764708,
        "var": 0.00103167362977
    },
    "barkbands": {
        "dmean": [0.000638531520963, 0.00505373021588, 0.00112923944835, 0.000484353979118, 0.000733106979169, 0.00183818116784, 0.000946105807088, 0.000497973174788, 0.000666520907544, 0.000326503504766, 0.000354905962013, 0.000297404563753, 0.000182654592209, 0.000232772770687, 0.000236230640439, 7.56939989515e-05, 6.4013125666e-05, 8.87268106453e-05, 9.66920124483e-05, 5.70285847061e-05, 3.60408921551e-05, 2.80726490018e-05, 2.98924896924e-05, 3.40781334671e-05, 6.61113735987e-05, 2.04432508326e-05, 7.68720212818e-07],
        "dmean2": [0.00108199566603, 0.00837486237288, 0.00190300866961, 0.000833599711768, 0.00117440882605, 0.00268150307238, 0.00136803707574, 0.00075316184666, 0.000986026716419, 0.00045679914183, 0.000509295088705, 0.000469065882498, 0.000290339376079, 0.000354919116944, 0.000350280664861, 0.000116022820293, 9.28536537685e-05, 0.000129504318465, 0.000154482841026, 8.24937887955e-05, 5.00001006003e-05, 3.94764938392e-05, 4.1862265789e-05, 4.60156043118e-05, 8.51208169479e-05, 2.80740532617e-05, 1.1593436966e-06],
        "dvar": [1.01808916497e-06, 5.54399448447e-05, 5.28014470547e-06, 1.2690843505e-06, 1.29588875097e-06, 9.42660244618e-06, 6.34434445601e-06, 2.36032065004e-06, 2.08503251997e-06, 5.51548339445e-07, 6.65620859763e-07, 8.72927842011e-07, 1.7260418872e-07, 2.71749797776e-07, 2.67006242893e-07, 4.97550374234e-08, 3.6032073325e-08, 8.19078067593e-08, 8.14536278426e-08, 5.66801112711e-08, 2.50442067085e-08, 2.02626626589e-08, 2.92556201487e-08, 3.29875717853e-08, 1.17045871662e-07, 1.63208291326e-08, 1.21274717699e-11],
        "dvar2": [3.01651357404e-06, 0.000152276377776, 1.36800827022e-05, 3.95216784455e-06, 3.18588422488e-06, 1.987894575e-05, 1.24115204017e-05, 4.99757879879e-06, 4.69524229629e-06, 9.8452187558e-07, 1.27140060613e-06, 2.00613544621e-06, 4.18900555132e-07, 6.16096542672e-07, 5.82341101563e-07, 1.06178461579e-07, 5.9268934649e-08, 1.50748235228e-07, 2.12604788885e-07, 1.13795728396e-07, 3.88619909586e-08, 3.3592261417e-08, 5.49744179068e-08, 5.95767133404e-08, 1.82900052437e-07, 3.0340533641e-08, 2.25961246242e-11],
        "max": [0.0114272162318, 0.0742275938392, 0.0355471260846, 0.0168273393065, 0.0189874060452, 0.0508164279163, 0.0478958785534, 0.0302754659206, 0.0246623642743, 0.0124251106754, 0.0155010586604, 0.0246275551617, 0.00587894581258, 0.00919288396835, 0.00790900085121, 0.00545153673738, 0.00659816851839, 0.00667135277763, 0.00449896184728, 0.00674621015787, 0.00490522105247, 0.0041743433103, 0.00533767603338, 0.0060654617846, 0.00923299789429, 0.00318135134876, 7.65855438658e-05],
        "mean": [0.00134625949431, 0.00937388092279, 0.00236882246099, 0.000692957022693, 0.00163856067229, 0.00486900657415, 0.00251648179255, 0.000939382938668, 0.00141503685154, 0.000630713126156, 0.000723682693206, 0.00057951756753, 0.000305142282741, 0.000412574998336, 0.000395278650103, 0.000136076356284, 0.000125421705889, 0.000154609238962, 0.000166860467289, 9.44876519497e-05, 6.13973097643e-05, 4.76997047372e-05, 4.54167930002e-05, 5.52698875254e-05, 0.00010786952771, 3.03251108562e-05, 1.05535514194e-06],
        "median": [0.000696422532201, 0.00620716297999, 0.000751469866373, 0.000290409923764, 0.000970461522229, 0.00262920069508, 0.000451365514891, 0.000263030757196, 0.000604560540523, 0.000148127059219, 0.000109267501102, 9.55790601438e-05, 0.00010882395145, 8.56573169585e-05, 9.93652356556e-05, 2.83124154521e-05, 3.45273474522e-05, 3.57965182047e-05, 4.2278712499e-05, 1.69048653333e-05, 1.04416758404e-05, 4.53257143818e-06, 6.70935651215e-06, 1.12095794975e-05, 2.37524800468e-05, 5.17327771377e-06, 1.3102301466e-07],
        "min": [1.08523720949e-23, 4.70181704559e-23, 3.22148106053e-23, 2.24427172557e-23, 3.94347527552e-23, 7.48458163337e-23, 4.70989403462e-23, 6.73959780279e-23, 4.51874546422e-23, 1.31507033539e-23, 9.47479186918e-23, 1.45440013176e-22, 1.19677469464e-22, 1.36052934436e-22, 1.60289619208e-22, 1.89117865725e-22, 1.60040881899e-22, 9.4470807633e-23, 2.8885488788e-22, 1.88741534897e-22, 4.49138625342e-22, 5.23683380799e-22, 8.81768979401e-22, 8.5725981576e-22, 1.11516840977e-21, 1.56412755348e-21, 2.54719324033e-21],
        "stdev": [0.00170953548513, 0.0104395234957, 0.00442616036162, 0.00121638935525, 0.0019804732874, 0.00597180332989, 0.00577283836901, 0.00224113231525, 0.00231470540166, 0.00138909905218, 0.00153695221525, 0.00172061682679, 0.00058282900136, 0.00081204721937, 0.000769042351749, 0.000374738476239, 0.000365048588719, 0.000480899354443, 0.000398531381506, 0.000327168178046, 0.000258509273408, 0.000213581544813, 0.000224981544307, 0.000243969960138, 0.000467520905659, 0.000157904723892, 5.30368470208e-06],
        "var": [2.92251161227e-06, 0.00010898365872, 1.9590894226e-05, 1.47960292907e-06, 3.92227411794e-06, 3.56624332198e-05, 3.33256648446e-05, 5.0226744861e-06, 5.35786102773e-06, 1.92959623746e-06, 2.36222217609e-06, 2.96052212434e-06, 3.39689648854e-07, 6.59420720694e-07, 5.91426100982e-07, 1.40428923601e-07, 1.33260471102e-07, 2.31264195349e-07, 1.58827262453e-07, 1.07039014097e-07, 6.68270487836e-08, 4.56170745622e-08, 5.06166983882e-08, 5.95213442978e-08, 2.18575792132e-07, 2.49339020542e-08, 2.81290702536e-11]
    },
    "erbbands": {
        "dmean": [0.225903704762, 0.921672821045, 1.37656760216, 1.2841322422, 1.85374724865, 2.85882234573, 7.9035654068, 17.1168804169, 13.9827032089, 14.2156028748, 10.4666566849, 14.5533514023, 12.5536279678, 9.60354614258, 15.4299068451, 10.8887271881, 8.68457221985, 7.6886472702, 14.9568147659, 7.87121391296, 3.45425724983, 3.34117555618, 4.20350265503, 5.17948961258, 3.41993403435, 2.57463574409, 1.83756542206, 1.33695995808, 0.999555110931, 1.02138876915, 0.811286389828, 0.707118630409, 0.598777651787, 0.700806438923, 0.498976796865, 0.153372749686, 0.0251670423895, 0.00303935119882, 8.92600073712e-05, 1.05461376734e-05],
        "dmean2": [0.376790344715, 1.52716875076, 2.39663410187, 2.18251895905, 3.04556155205, 4.57851839066, 11.8236169815, 24.7930603027, 20.2702655792, 20.4559688568, 15.4922103882, 21.3066005707, 17.7434520721, 13.8823251724, 21.7733879089, 16.8058452606, 13.6034584045, 11.6108722687, 22.1448192596, 12.1066188812, 5.18521404266, 4.82540225983, 5.92369937897, 7.81082201004, 5.52734327316, 3.65215396881, 2.63093471527, 2.04088068008, 1.38443899155, 1.42820382118, 1.15262556076, 1.00330162048, 0.770105838776, 0.963958919048, 0.618363678455, 0.215927094221, 0.0324656665325, 0.00392497051507, 0.000118701267638, 1.58513666975e-05],
        "dvar": [0.105634517968, 2.16939949989, 8.44910335541, 6.25202035904, 11.759721756, 22.1528339386, 230.220184326, 979.13470459, 1091.34313965, 3330.30175781, 538.481933594, 852.77545166, 931.379943848, 416.026550293, 1181.97912598, 1219.25939941, 366.393493652, 225.062423706, 1031.61303711, 354.506713867, 117.377746582, 130.208023071, 192.938064575, 185.459976196, 147.243728638, 170.338653564, 53.4469337463, 76.3076934814, 26.2905979156, 43.999420166, 15.1895637512, 17.1977519989, 8.50919914246, 14.7602815628, 5.86693525314, 1.07553553581, 0.0155702922493, 0.000195592176169, 1.74354482851e-07, 4.03173688879e-10],
        "dvar2": [0.297085911036, 5.88166952133, 22.543170929, 18.282913208, 33.4931640625, 55.2059211731, 562.31237793, 1949.37084961, 2214.62817383, 6547.69580078, 1090.60668945, 1780.91381836, 1827.99707031, 890.376525879, 2406.62792969, 2913.7565918, 884.623535156, 472.805877686, 2227.3215332, 871.269104004, 223.614761353, 227.639892578, 334.003509521, 446.82824707, 395.363128662, 305.878967285, 108.473167419, 140.380874634, 41.4649925232, 91.3825836182, 27.0779800415, 34.8771133423, 12.9790830612, 25.9978904724, 8.86295223236, 1.94033253193, 0.0237511470914, 0.000276997452602, 2.81006975911e-07, 6.64108268378e-10],
        "max": [3.47369432449, 14.6813440323, 39.4736785889, 31.3979282379, 44.0688743591, 74.8975219727, 318.557128906, 591.594055176, 640.574279785, 1265.33361816, 399.540283203, 353.887115479, 508.24597168, 434.959716797, 581.416015625, 790.52142334, 281.490234375, 218.184402466, 493.197784424, 317.719268799, 373.815887451, 437.212371826, 412.822235107, 212.625823975, 235.188034058, 428.284301758, 169.515197754, 253.766311646, 164.073196411, 212.582199097, 112.066184998, 133.951766968, 95.3521957397, 99.510559082, 65.8595046997, 24.7741909027, 3.46406364441, 0.352884799242, 0.0101283444092, 0.000605635519605],
        "mean": [0.35762783885, 1.76715123653, 2.97722530365, 2.38405132294, 3.33435058594, 6.11453723907, 17.8828010559, 44.7469062805, 39.2811393738, 32.2701148987, 22.494682312, 31.130645752, 25.915802002, 20.0053787231, 30.478105545, 21.37940979, 15.8832244873, 15.6605606079, 25.9532337189, 14.1427793503, 7.09587812424, 6.82375669479, 8.2918920517, 9.65382289886, 6.2441740036, 4.47808647156, 3.08245420456, 2.15649914742, 1.67797970772, 1.55061304569, 1.27046740055, 1.08034062386, 1.00855827332, 1.1067456007, 0.799168348312, 0.221360936761, 0.0415775254369, 0.00526517629623, 0.000159449598868, 3.93542359234e-05],
        "median": [0.238285720348, 1.00191688538, 1.12238609791, 1.14859354496, 1.74734151363, 3.33559346199, 9.3542766571, 20.3604106903, 10.4728841782, 6.58351707458, 9.39500331879, 13.6163663864, 8.18633937836, 7.47297334671, 7.04561567307, 6.00926446915, 6.32606363297, 5.3955783844, 8.03470611572, 5.08874845505, 1.73422384262, 1.84180057049, 2.05682897568, 2.91085600853, 1.55495285988, 0.880213737488, 0.661749720573, 0.272285610437, 0.169375538826, 0.164673373103, 0.216641619802, 0.193391814828, 0.210855826735, 0.187275260687, 0.175999403, 0.0340516977012, 0.00867507234216, 0.00128411815967, 4.80594208057e-05, 3.26642912114e-05],
        "min": [7.44204966124e-22, 1.27367275471e-20, 4.25741427916e-20, 5.97963694936e-20, 9.15995899652e-20, 1.48408893945e-19, 4.25292016812e-19, 5.25660768171e-19, 5.32228220343e-19, 1.16673918458e-18, 1.16282775766e-18, 1.22247492445e-18, 6.71001468278e-19, 2.95786055851e-18, 1.92285371218e-18, 6.77209913724e-18, 6.03329367415e-18, 8.24414437867e-18, 4.73319363948e-18, 1.08932556376e-17, 1.01799190656e-17, 8.65649308684e-18, 6.61298639692e-18, 9.79365880677e-18, 1.47226072197e-17, 1.00519021125e-17, 1.35053836514e-17, 2.02180726091e-17, 1.60355910061e-17, 2.97109478656e-17, 2.18515822653e-17, 1.77550844326e-17, 1.4417415624e-17, 1.02216437101e-17, 9.31094184388e-18, 5.3444354444e-18, 2.87462985207e-18, 1.36183759027e-18, 3.27927740534e-19, 4.18526086529e-20],
        "stdev": [0.41109085083, 2.10413146019, 5.22585344315, 3.3283727169, 4.41486120224, 7.60366249084, 23.1363353729, 61.327796936, 80.2205734253, 102.086753845, 38.5165405273, 48.7930870056, 51.3779983521, 31.9412899017, 60.2253952026, 51.6113204956, 28.607843399, 27.3987541199, 47.5944824219, 28.4898052216, 19.8402061462, 20.7144145966, 25.3897628784, 21.6986751556, 15.9185914993, 17.831495285, 10.6896896362, 11.6796674728, 7.82025671005, 8.15196990967, 5.58591556549, 5.17615127563, 4.23354387283, 5.04850149155, 3.35667681694, 1.25310659409, 0.180112481117, 0.0222134627402, 0.000647246546578, 3.83012556995e-05],
        "var": [0.168995693326, 4.42736959457, 27.309545517, 11.0780649185, 19.4909992218, 57.8156852722, 535.289978027, 3761.09863281, 6435.34033203, 10421.7060547, 1483.52392578, 2380.76538086, 2639.69873047, 1020.24603271, 3627.09814453, 2663.72827148, 818.408752441, 750.691772461, 2265.23461914, 811.669006348, 393.633758545, 429.08694458, 644.640014648, 470.832519531, 253.401565552, 317.962219238, 114.269454956, 136.414642334, 61.156414032, 66.4546127319, 31.2024536133, 26.7925395966, 17.9228935242, 25.4873657227, 11.2672786713, 1.57027614117, 0.0324405059218, 0.000493437924888, 4.18928067347e-07, 1.46698631021e-09]
    },
    "gfcc": {
        "mean": [-26.0763607025, 116.704490662, -95.4725418091, 14.2491855621, -49.3560409546, 16.9923591614, -39.3933792114, 21.2989082336, -24.6687202454, 13.9941091537, -4.54363584518, 2.48769426346, -3.47419142723],
        "cov": [[5553.97705078, -885.763427734, 14.749253273, 97.7453308105, -357.134857178, 87.2870941162, -325.161010742, 373.572967529, -213.043518066, 202.225265503, 44.0774383545, 50.0738601685, -12.9344406128], [-885.763427734, 1101.43786621, -99.0886459351, -304.341888428, 316.046264648, -56.1565093994, 105.939964294, -119.980033875, 88.3623809814, -86.5076599121, 88.0523910522, -115.314277649, 89.0553283691], [14.749253273, -99.0886459351, 456.802185059, 80.7741394043, -65.2586669922, 62.9523620605, 8.68402099609, 39.5397872925, -23.3535308838, 4.82243251801, -6.69159841537, 3.88706111908, -27.8907737732], [97.7453308105, -304.341888428, 80.7741394043, 449.855072021, -1.57446777821, -25.7160015106, 68.3420410156, 0.374424427748, 60.0089187622, -24.4923648834, -81.0699920654, 27.0988407135, -59.3905220032], [-357.134857178, 316.046264648, -65.2586669922, -1.57446777821, 355.255249023, 18.4216747284, 38.0605964661, -21.6607818604, 55.2789344788, -17.6638374329, 18.3032417297, -26.2194824219, 40.0571517944], [87.2870941162, -56.1565093994, 62.9523620605, -25.7160015106, 18.4216747284, 223.660598755, 44.9253349304, -25.0744991302, -46.0038833618, 1.91526925564, 28.3013038635, -3.45054793358, 17.7984275818], [-325.161010742, 105.939964294, 8.68402099609, 68.3420410156, 38.0605964661, 44.9253349304, 192.801971436, -56.2715492249, 20.4991874695, -38.3127784729, -16.0950431824, -18.2104358673, -23.0367355347], [373.572967529, -119.980033875, 39.5397872925, 0.374424427748, -21.6607818604, -25.0744991302, -56.2715492249, 147.746871948, -1.69169950485, 19.0386257172, 18.1097068787, 14.5226078033, 3.72648906708], [-213.043518066, 88.3623809814, -23.3535308838, 60.0089187622, 55.2789344788, -46.0038833618, 20.4991874695, -1.69169950485, 139.968460083, 3.43615865707, -22.2356052399, 2.10104560852, -5.95519256592], [202.225265503, -86.5076599121, 4.82243251801, -24.4923648834, -17.6638374329, 1.91526925564, -38.3127784729, 19.0386257172, 3.43615865707, 110.524154663, 28.8493461609, -5.41663408279, 5.42017793655], [44.0774383545, 88.0523910522, -6.69159841537, -81.0699920654, 18.3032417297, 28.3013038635, -16.0950431824, 18.1097068787, -22.2356052399, 28.8493461609, 131.527999878, 10.9942703247, 19.9171772003], [50.0738601685, -115.314277649, 3.88706111908, 27.0988407135, -26.2194824219, -3.45054793358, -18.2104358673, 14.5226078033, 2.10104560852, -5.41663408279, 10.9942703247, 94.9354476929, 2.49027991295], [-12.9344406128, 89.0553283691, -27.8907737732, -59.3905220032, 40.0571517944, 17.7984275818, -23.0367355347, 3.72648906708, -5.95519256592, 5.42017793655, 19.9171772003, 2.49027991295, 89.698097229]],
        "icov": [[0.000290991563816, -0.000169994542375, 0.000202341936529, -0.000320482999086, 0.000277566839941, -0.000368531938875, 0.000373268616386, -0.000754062843043, 0.00047889444977, -0.000513892213348, 0.000196534427232, -9.34245472308e-05, 0.000159621456987], [-0.000169994542375, 0.00439059035853, -0.00100977299735, 0.00312706688419, -0.00257153809071, 0.00280596548691, -0.00209562294185, 0.00309309759177, -0.00304068555124, 0.00402517011389, -0.00326879997738, 0.00382992322557, -0.00252784392796], [0.000202341936529, -0.00100977299735, 0.00289022806101, -0.00131012650672, 0.00108154816553, -0.00169796007685, 0.00065964955138, -0.00188500992954, 0.00110231409781, -0.00115814490709, 0.000823801383376, -0.000641596503556, 0.00114265712909], [-0.000320482999086, 0.00312706688419, -0.00131012650672, 0.00547416182235, -0.00217070337385, 0.00234147370793, -0.00262924726121, 0.00230605737306, -0.00322537869215, 0.00300297280774, -0.00077295047231, 0.0014313175343, -0.000463702745037], [0.000277566839941, -0.00257153809071, 0.00108154816553, -0.00217070337385, 0.005162011832, -0.00222397362813, 0.00107077951543, -0.00207683281042, 0.000435804569861, -0.00180338160135, 0.00109392474405, -0.00106366409454, -8.59491774463e-05], [-0.000368531938875, 0.00280596548691, -0.00169796007685, 0.00234147370793, -0.00222397362813, 0.00781860295683, -0.00322146643884, 0.00335881719366, -0.000334935641149, 0.00229592225514, -0.00292206206359, 0.00209523644298, -0.00291207828559], [0.000373268616386, -0.00209562294185, 0.00065964955138, -0.00262924726121, 0.00107077951543, -0.00322146643884, 0.00868866126984, -3.19330792991e-05, 0.000670433975756, -0.000143246812513, 0.00105231092311, -0.000387597072404, 0.00282277329825], [-0.000754062843043, 0.00309309759177, -0.00188500992954, 0.00230605737306, -0.00207683281042, 0.00335881719366, -3.19330792991e-05, 0.0117875002325, -0.00310919084586, 0.00321123260073, -0.00363171030767, 0.00204131053761, -0.00212656939402], [0.00047889444977, -0.00304068555124, 0.00110231409781, -0.00322537869215, 0.000435804569861, -0.000334935641149, 0.000670433975756, -0.00310919084586, 0.0117388479412, -0.00470315152779, 0.00347940181382, -0.00333770434372, 0.0018519583391], [-0.000513892213348, 0.00402517011389, -0.00115814490709, 0.00300297280774, -0.00180338160135, 0.00229592225514, -0.000143246812513, 0.00321123260073, -0.00470315152779, 0.0148861007765, -0.00555712869391, 0.00507663190365, -0.00238141766749], [0.000196534427232, -0.00326879997738, 0.000823801383376, -0.00077295047231, 0.00109392474405, -0.00292206206359, 0.00105231092311, -0.00363171030767, 0.00347940181382, -0.00555712869391, 0.0123802544549, -0.00480057811365, 0.00148160092067], [-9.34245472308e-05, 0.00382992322557, -0.000641596503556, 0.0014313175343, -0.00106366409454, 0.00209523644298, -0.000387597072404, 0.00204131053761, -0.00333770434372, 0.00507663190365, -0.00480057811365, 0.0152485053986, -0.00307859200984], [0.000159621456987, -0.00252784392796, 0.00114265712909, -0.000463702745037, -8.59491774463e-05, -0.00291207828559, 0.00282277329825, -0.00212656939402, 0.0018519583391, -0.00238141766749, 0.00148160092067, -0.00307859200984, 0.0151823926717]]
    },
    "melbands": {
        "dmean": [0.00162382167764, 0.000779400463216, 0.0002193749242, 0.000149712854181, 0.000237969885347, 0.000372284906916, 0.000203959833016, 0.000147243583342, 9.0894238383e-05, 9.03796681087e-05, 6.39887948637e-05, 3.91258654417e-05, 5.78642720939e-05, 3.50628579326e-05, 2.67092236754e-05, 1.47170803757e-05, 1.57882423082e-05, 2.70818691206e-05, 1.48656126839e-05, 6.85344912199e-06, 4.18527542934e-06, 3.56525879397e-06, 3.57236854143e-06, 5.12451424584e-06, 4.52597669209e-06, 3.69851181858e-06, 2.06640288525e-06, 1.92443872038e-06, 1.39222686357e-06, 8.00668090051e-07, 8.43501823056e-07, 6.20438981969e-07, 5.86189969454e-07, 5.6463841247e-07, 5.05580658228e-07, 4.68649062668e-07, 4.34663149917e-07, 3.94429207518e-07, 5.52458459424e-07, 6.19988497874e-07],
        "dmean2": [0.00270824390464, 0.00132866762578, 0.000368296779925, 0.000243600050453, 0.000352644361556, 0.00053803116316, 0.000291958800517, 0.000210290119867, 0.000134741072543, 0.000133511741296, 9.0443805675e-05, 5.66765083931e-05, 8.12615835457e-05, 5.54173384444e-05, 4.22833545599e-05, 2.2846083084e-05, 2.39992059505e-05, 4.00095814257e-05, 2.21754362428e-05, 1.06700008473e-05, 6.35623973722e-06, 5.3241005844e-06, 5.33770025868e-06, 7.52858522901e-06, 6.97209088685e-06, 5.98999577051e-06, 3.32506874656e-06, 2.73210866908e-06, 2.06228423849e-06, 1.14093563752e-06, 1.3070211935e-06, 8.73157091519e-07, 8.73294652592e-07, 7.90004207829e-07, 7.21408071058e-07, 7.04698948084e-07, 6.19714796812e-07, 5.27609586243e-07, 7.57520922434e-07, 8.74773149917e-07],
        "dvar": [5.51726452613e-06, 2.07788502848e-06, 1.81750237971e-07, 5.9556146681e-08, 1.84780944323e-07, 4.11274783119e-07, 2.09074400459e-07, 3.24924883444e-07, 3.41856001285e-08, 3.54990774554e-08, 2.40605668722e-08, 7.62586704894e-09, 1.72556084976e-08, 1.34967450549e-08, 4.85995554911e-09, 1.35558764214e-09, 9.61029367197e-10, 3.46881767754e-09, 1.12867259983e-09, 3.06597330857e-10, 1.89983487275e-10, 1.42047568152e-10, 9.85433470935e-11, 3.69150349178e-10, 1.54898718852e-10, 1.63314264889e-10, 8.06608252413e-11, 1.41608225146e-10, 4.14736994747e-11, 1.0327934688e-11, 3.55148861708e-11, 1.10279676016e-11, 9.30877163546e-12, 1.47932048555e-11, 5.91107024439e-12, 7.98377856881e-12, 5.78633235077e-12, 3.5803404512e-12, 7.35251790007e-12, 1.26155075969e-11],
        "dvar2": [1.51327376443e-05, 5.78677736485e-06, 5.36863410616e-07, 1.51448645624e-07, 4.5064999199e-07, 8.32899047509e-07, 4.25559591122e-07, 6.50784784284e-07, 7.02087845639e-08, 7.93404808519e-08, 4.71977905647e-08, 1.6228030475e-08, 3.29882361427e-08, 2.88170163287e-08, 1.26064012562e-08, 3.47447537408e-09, 2.05277772558e-09, 7.58782725541e-09, 2.52905363318e-09, 6.96339097495e-10, 3.52638945822e-10, 2.60897942139e-10, 1.93374413704e-10, 6.37106867263e-10, 3.87745197061e-10, 4.53373644183e-10, 1.96537841557e-10, 2.85297785396e-10, 9.35727190177e-11, 1.77528235168e-11, 7.14221251585e-11, 1.89982890531e-11, 2.04113080604e-11, 2.96268738709e-11, 1.24291601317e-11, 1.71188827003e-11, 1.16363498698e-11, 6.03162918916e-12, 1.26701010794e-11, 2.34129833576e-11],
        "max": [0.0253753624856, 0.017115611583, 0.00598095310852, 0.00362820224836, 0.00907472521067, 0.0117483669892, 0.00840879511088, 0.011774931103, 0.00292392331176, 0.00298940273933, 0.00258790631779, 0.00195677392185, 0.00252866372466, 0.00368186156265, 0.00153496558778, 0.00066393398447, 0.000444662990049, 0.000782891467679, 0.000517084205057, 0.000428322266089, 0.000448823382612, 0.000410696491599, 0.000252216879744, 0.000466149824206, 0.000200191323529, 0.000252744095633, 0.00020717192092, 0.000395455834223, 0.000163449527463, 9.54868082772e-05, 0.000155481044203, 0.000107039391878, 8.96559649846e-05, 0.000123430043459, 7.24259298295e-05, 9.14046249818e-05, 7.55965302233e-05, 6.32679148111e-05, 7.0915921242e-05, 9.10764574655e-05],
        "mean": [0.00295263808221, 0.00173621589784, 0.000449107028544, 0.000330061389832, 0.000560073705856, 0.0010085060494, 0.000572847435251, 0.0003129770339, 0.000190918988665, 0.000190189253772, 0.000127330175019, 7.74886939325e-05, 0.000115118258691, 6.9825524406e-05, 4.41407137259e-05, 2.55986105913e-05, 3.03551660181e-05, 4.43244171038e-05, 2.58900654444e-05, 1.1757604625e-05, 7.63592379371e-06, 6.58600220049e-06, 6.70915187584e-06, 8.90025330591e-06, 7.80393747846e-06, 5.91271555095e-06, 3.23470271724e-06, 2.93812058771e-06, 2.1221787847e-06, 1.32872469294e-06, 1.23384563722e-06, 9.52783352659e-07, 9.07947935502e-07, 8.25685788186e-07, 7.39133099614e-07, 6.67098788654e-07, 6.55078281397e-07, 6.2891615471e-07, 8.61335820446e-07, 9.51747665567e-07],
        "median": [0.00200606533326, 0.00086856179405, 0.000238930573687, 0.000189632250112, 0.000324034917867, 0.00048760662321, 0.000148320221342, 6.38152778265e-05, 8.97848658497e-05, 8.2079146523e-05, 3.43283754773e-05, 2.3902475732e-05, 2.04910556931e-05, 1.15282673505e-05, 1.48228173202e-05, 9.48284650804e-06, 8.12202415545e-06, 1.12928519229e-05, 7.13333975e-06, 3.30421698891e-06, 1.53485018473e-06, 1.73090995759e-06, 1.69370252934e-06, 1.84389239166e-06, 2.22541848416e-06, 1.40171357543e-06, 6.33354432011e-07, 4.7809555781e-07, 4.11941385892e-07, 2.23427321089e-07, 1.21013215448e-07, 8.20497092491e-08, 8.93467770879e-08, 8.23982517772e-08, 1.20207815257e-07, 1.02240385047e-07, 1.23214363157e-07, 1.30737973336e-07, 1.60558670359e-07, 1.38502329605e-07],
        "min": [1.03550599808e-23, 2.04982177229e-23, 1.04437713338e-23, 9.79252090266e-24, 1.25227992612e-23, 1.24238066839e-23, 8.71532108139e-24, 1.43479267842e-23, 7.90913363524e-24, 7.80143676674e-24, 2.93653038095e-24, 1.11360559427e-23, 8.77735158095e-24, 1.25773111275e-23, 1.59921101259e-23, 1.40712606429e-23, 1.49361156746e-23, 6.35236239272e-24, 1.2865505682e-23, 1.47637543e-23, 1.11457328995e-23, 9.31849359585e-24, 7.15100201772e-24, 4.65772469081e-24, 8.05010150128e-24, 1.19782241236e-23, 6.81077419791e-24, 6.47326203176e-24, 6.88490424603e-24, 1.25370823768e-23, 1.16620218516e-23, 8.93225230829e-24, 9.96031871695e-24, 1.88680066855e-23, 1.24777024498e-23, 1.14083502168e-23, 1.06900402978e-23, 9.75038310854e-24, 9.73650467864e-24, 8.37865654628e-24],
        "stdev": [0.00325825577602, 0.00232561980374, 0.000587689515669, 0.00040964683285, 0.000690625049174, 0.00130117370281, 0.00110331340693, 0.000972277775872, 0.0002905287256, 0.000304382236209, 0.000261790002696, 0.000138011746458, 0.000240127323195, 0.000234013918089, 8.25042079668e-05, 4.9269045121e-05, 5.61527667742e-05, 8.70206204127e-05, 5.29133867531e-05, 2.92783843179e-05, 2.43462509388e-05, 2.02019873541e-05, 1.82792264241e-05, 3.22494197462e-05, 1.8100708985e-05, 1.55905472639e-05, 1.0658202882e-05, 1.44360328704e-05, 8.30898352433e-06, 5.16679619977e-06, 7.38165226721e-06, 4.71300518257e-06, 4.04550019084e-06, 4.68189000458e-06, 3.21890843225e-06, 3.37177220899e-06, 3.02762850879e-06, 2.66072038357e-06, 3.67808729607e-06, 4.55147119283e-06],
        "var": [1.0616230611e-05, 5.4085071497e-06, 3.45378992961e-07, 1.67810526364e-07, 4.76962952689e-07, 1.69305292275e-06, 1.21730045066e-06, 9.45324018176e-07, 8.4406934775e-08, 9.26485483888e-08, 6.8534006914e-08, 1.90472420059e-08, 5.76611327574e-08, 5.47625162994e-08, 6.80694478561e-09, 2.4274386945e-09, 3.15313308796e-09, 7.57258789008e-09, 2.79982659279e-09, 8.57223736439e-10, 5.92739912708e-10, 4.08120315321e-10, 3.34130112467e-10, 1.04002517709e-09, 3.27635696351e-10, 2.4306515134e-10, 1.13597284357e-10, 2.08399034141e-10, 6.90392049085e-11, 2.66957810025e-11, 5.44887919507e-11, 2.22124176691e-11, 1.63660716923e-11, 2.19200959467e-11, 1.0361371483e-11, 1.13688485709e-11, 9.16653471877e-12, 7.07943252631e-12, 1.35283260289e-11, 2.07158908083e-11]
    },
    "melbands128": {
