{
"lowlevel": {
    "average_loudness": 0.829268455505,
    "barkbands_crest": {
        "dmean": 2.76085138321,
        "dmean2": 4.18497943878,
        "dvar": 7.73238182068,
        "dvar2": 20.4772357941,
        "max": 26.2326221466,
        "mean": 14.7200651169,
        "median": 14.3202114105,
        "min": 3.33952355385,
        "stdev": 6.16501379013,
        "var": 38.0073928833
    },
    "barkbands_flatness_db": {
        "dmean": 0.0279217492789,
        "dmean2": 0.039218865335,
        "dvar": 0.00086990906857,
        "dvar2": 0.00155116745736,
        "max": 0.530006170273,
        "mean": 0.193482547998,
        "median": 0.173868939281,
        "min": 0.041831869632,
        "stdev": 0.0938798412681,
        "var": 0.00881342403591
    },
    "barkbands_kurtosis": {
        "dmean": 13.7441301346,
        "dmean2": 19.0387439728,
        "dvar": 781.748779297,
        "dvar2": 1587.01147461,
        "max": 431.725341797,
        "mean": 29.4515037537,
        "median": 9.64705467224,
        "min": -1.85443687439,
        "stdev": 48.7923965454,
        "var": 2380.69799805
    },
    "barkbands_skewness": {
        "dmean": 0.977564334869,
        "dmean2": 1.36094355583,
        "dvar": 1.46671533585,
        "dvar2": 2.82416820526,
        "max": 18.6986217499,
        "mean": 3.80289316177,
        "median": 2.94551324844,
        "min": -0.883099019527,
        "stdev": 2.78975987434,
        "var": 7.78276014328
    },
    "barkbands_spread": {
        "dmean": 6.16073799133,
        "dmean2": 9.54946422577,
        "dvar": 105.087493896,
        "dvar2": 230.663101196,
        "max": 103.731544495,
        "mean": 17.4212989807,
        "median": 14.283864975,
        "min": 0.192010685802,
        "stdev": 16.6158370972,
        "var": 276.08605957
    },
    "dissonance": {
        "dmean": 0.0199355259538,
        "dmean2": 0.033258959651,
        "dvar": 0.00045155044063,
        "dvar2": 0.000934795709327,
        "max": 0.49983137846,
        "mean": 0.452064990997,
        "median": 0.457143127918,
        "min": 0,
        "stdev": 0.0309712812304,
        "var": 0.000959220225923
    },
    "dynamic_complexity": 2.55991077423,
    "erbbands_crest": {
        "dmean": 2.14969658852,
        "dmean2": 3.39443826675,
        "dvar": 4.27227115631,
        "dvar2": 10.5083684921,
        "max": 21.1627960205,
        "mean": 8.64587974548,
        "median": 7.84092187881,
        "min": 3.28345632553,
        "stdev": 3.53464365005,
        "var": 12.4937057495
    },
    "erbbands_flatness_db": {
        "dmean": 0.0129398349673,
        "dmean2": 0.018004283309,
        "dvar": 0.000197546716663,
        "dvar2": 0.000370840571122,
        "max": 0.270815730095,
        "mean": 0.129558384418,
        "median": 0.116480976343,
        "min": 0.0422808639705,
        "stdev": 0.0454796180129,
        "var": 0.00206839549355
    },
    "erbbands_kurtosis": {
        "dmean": 0.765143156052,
        "dmean2": 1.15944945812,
        "dvar": 0.899619996548,
        "dvar2": 2.01104784012,
        "max": 14.5232315063,
        "mean": 0.476285517216,
        "median": 0.108153223991,
        "min": -1.73853003979,
        "stdev": 1.51642143726,
        "var": 2.29953384399
    },
    "erbbands_skewness": {
        "dmean": 0.325532108545,
        "dmean2": 0.476885199547,
        "dvar": 0.118491321802,
        "dvar2": 0.205257445574,
        "max": 3.63601970673,
        "mean": 0.751749277115,
        "median": 0.788153767586,
        "min": -2.36865401268,
        "stdev": 0.670750439167,
        "var": 0.449906140566
    },
    "erbbands_spread": {
        "dmean": 10.5266122818,
        "dmean2": 15.7488508224,
        "dvar": 142.744735718,
        "dvar2": 313.281494141,
        "max": 152.130065918,
        "mean": 53.7800788879,
        "median": 49.3702316284,
        "min": 13.3685674667,
        "stdev": 22.2929325104,
        "var": 496.974822998
    },
    "hfc": {
        "dmean": 6.11024332047,
        "dmean2": 8.48739624023,
        "dvar": 58.9326133728,
        "dvar2": 113.724723816,
        "max": 88.7274093628,
        "mean": 24.2942390442,
        "median": 23.557308197,
        "min": 2.44564444074e-06,
        "stdev": 16.4715976715,
        "var": 271.31350708
    },
    "loudness_ebu128": {
        "integrated": -9.02940940857,
        "loudness_range": 4.73666858673,
        "momentary": {
            "dmean": 1.15795183182,
            "dmean2": 1.44500863552,
            "dvar": 1.29704594612,
            "dvar2": 2.74558615685,
            "max": -5.67859792709,
            "mean": -9.65188407898,
            "median": -8.97842407227,
            "min": -18.4038143158,
            "stdev": 2.45753479004,
            "var": 6.03947687149
        },
        "short_term": {
            "dmean": 0.072128534317,
            "dmean2": 0.0698053836823,
            "dvar": 0.0115520367399,
            "dvar2": 0.0118170334026,
            "max": -6.47659635544,
            "mean": -9.37881755829,
            "median": -9.47354316711,
            "min": -12.5267839432,
            "stdev": 1.54066479206,
            "var": 2.37364792824
        }
    },
    "melbands_crest": {
        "dmean": 3.79428172112,
        "dmean2": 6.15464925766,
        "dvar": 13.0259084702,
        "dvar2": 35.5456123352,
        "max": 35.0325737,
        "mean": 20.2579536438,
        "median": 20.0233917236,
        "min": 3.78587627411,
        "stdev": 7.93867254257,
        "var": 63.022518158
    },
    "melbands_flatness_db": {
        "dmean": 0.0327632054687,
        "dmean2": 0.0454111509025,
        "dvar": 0.00126877543516,
        "dvar2": 0.00221267528832,
        "max": 0.674059212208,
        "mean": 0.277761667967,
        "median": 0.252482533455,
        "min": 0.0244688298553,
        "stdev": 0.117250278592,
        "var": 0.0137476278469
    },
    "melbands_kurtosis": {
        "dmean": 25.7949771881,
        "dmean2": 38.3359832764,
        "dvar": 1730.06420898,
        "dvar2": 3603.10717773,
        "max": 627.942016602,
        "mean": 58.7326164246,
        "median": 29.8659343719,
        "min": -0.99224114418,
        "stdev": 73.0478515625,
        "var": 5335.98828125
    },
    "melbands_skewness": {
        "dmean": 1.18747115135,
        "dmean2": 1.75750184059,
        "dvar": 1.84747648239,
        "dvar2": 4.13682556152,
        "max": 19.0462169647,
        "mean": 5.17201900482,
        "median": 4.46591567993,
        "min": 0.222642555833,
        "stdev": 2.94475960732,
        "var": 8.67160892487
    },
    "melbands_spread": {
        "dmean": 4.99312114716,
        "dmean2": 7.43668746948,
        "dvar": 93.5183563232,
        "dvar2": 171.627182007,
        "max": 151.236694336,
        "mean": 12.9088230133,
        "median": 9.17266082764,
        "min": 0.271297723055,
        "stdev": 15.2988033295,
        "var": 234.053375244
    },
    "pitch_salience": {
        "dmean": 0.0793432220817,
        "dmean2": 0.12405282259,
        "dvar": 0.0074296342209,
        "dvar2": 0.0158334597945,
        "max": 0.842042565346,
        "mean": 0.432587653399,
        "median": 0.440090179443,
        "min": 0.0516313053668,
        "stdev": 0.193606674671,
        "var": 0.0374835431576
    },
    "silence_rate_20dB": {
        "dmean": 0.047950502485,
        "dmean2": 0.0959752351046,
        "dvar": 0.0456516891718,
        "dvar2": 0.11617577821,
        "max": 1,
        "mean": 0.966769695282,
        "median": 1,
        "min": 0,
        "stdev": 0.179235383868,
        "var": 0.0321253240108
    },
    "silence_rate_30dB": {
        "dmean": 0.0634184032679,
        "dmean2": 0.126934990287,
        "dvar": 0.0593959912658,
        "dvar2": 0.118562966585,
        "max": 1,
        "mean": 0.729520857334,
        "median": 1,
        "min": 0,
        "stdev": 0.444208174944,
        "var": 0.197320893407
    },
    "silence_rate_60dB": {
        "dmean": 0.00696055684239,
        "dmean2": 0.0131578948349,
        "dvar": 0.00691223656759,
        "dvar2": 0.0145330503583,
        "max": 1,
        "mean": 0.0131375575438,
        "median": 0,
        "min": 0,
        "stdev": 0.113862536848,
        "var": 0.0129646779969
    },
    "spectral_centroid": {
        "dmean": 224.440612793,
        "dmean2": 323.773986816,
        "dvar": 107129.351562,
        "dvar2": 174194.953125,
        "max": 4186.56787109,
        "mean": 920.965637207,
        "median": 821.672363281,
        "min": 145.721252441,
        "stdev": 595.476074219,
        "var": 354591.71875
    },
    "spectral_complexity": {
        "dmean": 2.55297756195,
        "dmean2": 4.00309610367,
        "dvar": 7.18913078308,
        "dvar2": 16.343629837,
        "max": 41,
        "mean": 14.5309114456,
        "median": 14,
        "min": 0,
        "stdev": 6.22469043732,
        "var": 38.7467689514
    },
    "spectral_decrease": {
        "dmean": 7.39382954862e-09,
        "dmean2": 9.95832039052e-09,
        "dvar": 1.63298131942e-16,
        "dvar2": 2.4693464161e-16,
        "max": -8.13878383633e-16,
        "mean": -2.25674909871e-08,
        "median": -1.09352527033e-08,
        "min": -1.23023625065e-07,
        "stdev": 2.61351171815e-08,
        "var": 6.83044351111e-16
    },
    "spectral_energy": {
        "dmean": 0.0282274950296,
        "dmean2": 0.0379777178168,
        "dvar": 0.0023550405167,
        "dvar2": 0.00356185948476,
        "max": 0.468452244997,
        "mean": 0.0873785689473,
        "median": 0.0435091890395,
        "min": 3.29359295392e-09,
        "stdev": 0.0994249731302,
        "var": 0.00988532509655
    },
    "spectral_energyband_high": {
        "dmean": 0.000479554350022,
        "dmean2": 0.000711054366548,
        "dvar": 6.00843293341e-07,
        "dvar2": 1.20371896628e-06,
        "max": 0.0106260627508,
        "mean": 0.00121257011779,
        "median": 0.000954815535806,
        "min": 1.07437336805e-10,
        "stdev": 0.00123044045176,
        "var": 1.51398376147e-06
    },
    "spectral_energyband_low": {
        "dmean": 0.026787057519,
        "dmean2": 0.0358755849302,
        "dvar": 0.0025290127378,
        "dvar2": 0.00390506349504,
        "max": 0.460136920214,
        "mean": 0.0701745375991,
        "median": 0.0274229142815,
        "min": 1.31329391806e-09,
        "stdev": 0.0973458960652,
        "var": 0.0094762230292
    },
    "spectral_energyband_middle_high": {
        "dmean": 0.000812308397144,
        "dmean2": 0.00120896939188,
        "dvar": 1.53106316247e-06,
        "dvar2": 3.62948549082e-06,
        "max": 0.0211923159659,
        "mean": 0.00290853600018,
        "median": 0.0018717024941,
        "min": 5.28648180786e-10,
        "stdev": 0.00292276218534,
        "var": 8.54253903526e-06
    },
    "spectral_energyband_middle_low": {
        "dmean": 0.00711914431304,
        "dmean2": 0.0114763788879,
        "dvar": 0.000372570444597,
        "dvar2": 0.000977641087957,
        "max": 0.218757003546,
        "mean": 0.0144948428497,
        "median": 0.0115065686405,
        "min": 1.23829124732e-09,
        "stdev": 0.0183063000441,
        "var": 0.000335120654199
    },
    "spectral_entropy": {
        "dmean": 0.192551165819,
        "dmean2": 0.262701302767,
        "dvar": 0.0441651083529,
        "dvar2": 0.0741362199187,
        "max": 8.65087127686,
        "mean": 7.45545530319,
        "median": 7.52776908875,
        "min": 5.59064340591,
        "stdev": 0.523704826832,
        "var": 0.274266719818
    },
    "spectral_flux": {
        "dmean": 0.0439741313457,
        "dmean2": 0.0656207501888,
        "dvar": 0.00372593919747,
        "dvar2": 0.00755234155804,
        "max": 0.619820713997,
        "mean": 0.119998112321,
        "median": 0.0857352986932,
        "min": 5.73898323637e-05,
        "stdev": 0.10429276526,
        "var": 0.0108769815415
    },
    "spectral_kurtosis": {
        "dmean": 1.89968442917,
        "dmean2": 3.05242681503,
        "dvar": 16.2672615051,
        "dvar2": 50.7539863586,
        "max": 62.7310333252,
        "mean": 4.73637580872,
        "median": 2.87273812294,
        "min": -0.705131530762,
        "stdev": 7.07357883453,
        "var": 50.0355186462
    },
    "spectral_rms": {
        "dmean": 0.00136880250648,
        "dmean2": 0.00185343925841,
        "dvar": 3.54526855517e-06,
        "dvar2": 5.18816113981e-06,
        "max": 0.0213781800121,
        "mean": 0.00797538738698,
        "median": 0.00651520956308,
        "min": 1.79255721378e-06,
        "stdev": 0.00465193064883,
        "var": 2.16404569073e-05
    },
    "spectral_rolloff": {
        "dmean": 504.99105835,
        "dmean2": 886.345581055,
        "dvar": 1839656.375,
        "dvar2": 4410600.5,
        "max": 14341.1132812,
        "mean": 971.523254395,
        "median": 398.364257812,
        "min": 64.599609375,
        "stdev": 1798.45910645,
        "var": 3234455
    },
    "spectral_skewness": {
        "dmean": 0.262055516243,
        "dmean2": 0.39449930191,
        "dvar": 0.105461873114,
        "dvar2": 0.271747201681,
        "max": 5.97632312775,
        "mean": 1.7266741991,
        "median": 1.60667943954,
        "min": 0.24669726193,
        "stdev": 0.697433531284,
        "var": 0.486413508654
    },
    "spectral_spread": {
        "dmean": 767860.6875,
        "dmean2": 1097851.75,
        "dvar": 883665731584,
        "dvar2": 1.51903666176e+12,
        "max": 14419936,
        "mean": 6361073,
        "median": 6474328,
        "min": 1129630.375,
        "stdev": 2095122.125,
        "var": 4.38953653043e+12
    },
    "spectral_strongpeak": {
        "dmean": 0.322174876928,
        "dmean2": 0.523287177086,
        "dvar": 0.268073141575,
        "dvar2": 0.652740299702,
        "max": 6.68762683868,
        "mean": 0.836340487003,
        "median": 0.559612393379,
        "min": 0,
        "stdev": 0.781979382038,
        "var": 0.611491799355
    },
    "zerocrossingrate": {
        "dmean": 0.0130004407838,
        "dmean2": 0.0143906911835,
        "dvar": 0.000294120778563,
        "dvar2": 0.000302824075334,
        "max": 0.3017578125,
        "mean": 0.0524525009096,
        "median": 0.04345703125,
        "min": 0.0009765625,
        "stdev": 0.0450568683445,
        "var": 0.00203012139536
    },
    "barkbands": {
        "dmean": [0.00122766557615, 0.0233485810459, 0.0111166359857, 0.00322138308547, 0.00350084668025, 0.000779341207817, 0.000869114010129, 0.00064581388142, 0.000580153078772, 0.000240518595092, 0.00014795322204, 0.000211213715374, 0.000169251012267, 0.000149539497215, 0.000191368933883, 0.000110422006401, 9.66753796092e-05, 6.00526254857e-05, 5.31630794285e-05, 6.63077662466e-05, 6.80600569467e-05, 0.000101861216535, 0.000154405861394, 0.000127584266011, 7.3371171311e-05, 6.65724728606e-05, 6.67332597004e-06],
        "dmean2": [0.00156325136777, 0.0306038316339, 0.0177959073335, 0.00583551870659, 0.00591425504535, 0.00126965309028, 0.00137006281875, 0.000937308708671, 0.000831863668282, 0.000352679315256, 0.000224559407798, 0.000327473273501, 0.000248552445555, 0.000245176575845, 0.000290566240437, 0.00017417363415, 0.000150854655658, 9.61430559983e-05, 8.47136980155e-05, 0.000104565966467, 0.000105915169115, 0.000156229070853, 0.000241580695729, 0.000196540087927, 0.000109191299998, 0.000100655859569, 1.13022788355e-05],
        "dvar": [4.40115081801e-06, 0.00179444591049, 0.00101186335087, 0.000209114601603, 6.57150158077e-05, 2.97049200526e-06, 2.60112574324e-06, 1.66427309978e-06, 1.28594467697e-06, 2.86397977334e-07, 1.39054563419e-07, 2.62292360276e-07, 1.65140349395e-07, 1.3802190324e-07, 1.72631018813e-07, 4.03689526252e-08, 2.35061747844e-08, 1.25616681501e-08, 8.13567346825e-09, 1.54890749116e-08, 3.10138830173e-08, 6.79870097997e-08, 6.37078798604e-08, 4.43706120734e-08, 1.14609646218e-08, 1.95868672392e-08, 1.19120635578e-09],
        "dvar2": [6.31024249742e-06, 0.00254091736861, 0.00235597556457, 0.000600172614213, 0.000184752483619, 8.25594088383e-06, 5.64270112591e-06, 3.35503796123e-06, 2.74765125141e-06, 6.33463685062e-07, 2.46089996381e-07, 5.89678336382e-07, 3.51037868995e-07, 3.46837595089e-07, 3.70030392105e-07, 9.21266192222e-08, 5.24140340019e-08, 2.98578193281e-08, 2.06037995554e-08, 3.69254991028e-08, 7.48101669501e-08, 1.4247196134e-07, 1.37440693493e-07, 1.06798474064e-07, 2.42393056737e-08, 4.31716351557e-08, 3.03801117596e-09],
        "max": [0.0312773138285, 0.393443763256, 0.25352615118, 0.161051720381, 0.102580882609, 0.0315574333072, 0.0207591634244, 0.0249330922961, 0.0194969400764, 0.00866390578449, 0.00879410188645, 0.00979682803154, 0.0115198316053, 0.00672026583925, 0.00955309160054, 0.00341968145221, 0.00219891383313, 0.00152174395043, 0.00195321626961, 0.0016987825511, 0.00274038990028, 0.00423169508576, 0.00358393555507, 0.00329226162285, 0.00119877234101, 0.00249418802559, 0.000929477915633],
        "mean": [0.00336127402261, 0.0552286803722, 0.0102026872337, 0.00263852765784, 0.00514807598665, 0.00160772888921, 0.0015217717737, 0.00170801102649, 0.00181474222336, 0.000494005798828, 0.000322876527207, 0.000461314164568, 0.000307057780446, 0.000284330162685, 0.00037985763629, 0.000187224126421, 0.000183633164852, 0.000122580226162, 0.000118556468806, 0.00014158867998, 0.000106733146822, 0.000171593725099, 0.000305297668092, 0.000262385787209, 0.000155658926815, 0.000134161964525, 8.1810158008e-06],
        "median": [0.000942350365222, 0.0191679932177, 0.00195408333093, 0.000679790740833, 0.00330397393554, 0.00110195297748, 0.000805158168077, 0.000419120449806, 0.000372245034669, 0.000150953812408, 5.00266833114e-05, 9.69561297097e-05, 0.000117755887914, 7.29246094124e-05, 0.00011687555525, 8.95534467418e-05, 7.80244590715e-05, 4.72746178275e-05, 6.71279194648e-05, 6.22952284175e-05, 3.45622902387e-05, 6.44716055831e-05, 0.000194419393665, 0.000148951075971, 0.000113301401143, 8.3018137957e-05, 8.41778160066e-07],
        "min": [4.83141526786e-10, 6.34060526306e-10, 3.15398929196e-10, 2.28600915975e-10, 3.34196892382e-10, 2.03594752168e-10, 1.59552579482e-10, 1.3305283264e-10, 1.47578005372e-10, 9.04193594997e-11, 4.71510747113e-11, 3.54909053535e-11, 3.67464739193e-11, 4.23756862933e-11, 4.56498450152e-11, 7.88002996188e-11, 8.04032604385e-11, 6.57191037701e-11, 2.16615805154e-11, 2.12776129181e-12, 1.65441584044e-11, 3.21782392398e-11, 5.80106145412e-12, 1.09718874611e-11, 2.51959599018e-11, 9.88098838861e-12, 1.64477600376e-12],
        "stdev": [0.0051269470714, 0.0817096829414, 0.0305543243885, 0.0110825197771, 0.00741900410503, 0.00191706523765, 0.00215334445238, 0.00329029071145, 0.00317912269384, 0.000935749907512, 0.000751935993321, 0.0010186471045, 0.000630435708445, 0.000576362886932, 0.000741926138289, 0.000274780701147, 0.000247721211053, 0.000188049307326, 0.000186874691281, 0.000205666161492, 0.000224672781769, 0.000336536875693, 0.000366052496247, 0.00031353122904, 0.00017107075837, 0.00020024155674, 4.22733101004e-05],
        "var": [2.62855883193e-05, 0.00667647272348, 0.000933566712774, 0.000122822253616, 5.50416189071e-05, 3.67513916899e-06, 4.63689229946e-06, 1.082601284e-05, 1.01068217191e-05, 8.75627847563e-07, 5.65407731301e-07, 1.03764182313e-06, 3.97449156253e-07, 3.32194190378e-07, 5.50454387849e-07, 7.55044382572e-08, 6.13658031057e-08, 3.53625395633e-08, 3.49221522811e-08, 4.22985699799e-08, 5.04778618904e-08, 1.13257073053e-07, 1.33994433327e-07, 9.83018395573e-08, 2.92652053702e-08, 4.0096683307e-08, 1.78703263298e-09]
    },
    "erbbands": {
        "dmean": [0.809027254581, 5.54600524902, 14.1121063232, 10.0467777252, 10.5512895584, 13.4789018631, 9.64530563354, 5.45395565033, 11.5619392395, 11.3259744644, 14.0430212021, 14.2355861664, 7.02579021454, 7.22614622116, 6.32893943787, 7.70673131943, 7.5769701004, 5.84108352661, 8.80548286438, 10.1945438385, 4.93227291107, 5.00521183014, 3.98650026321, 2.20117497444, 2.81622028351, 3.19024658203, 2.85945749283, 2.62232232094, 3.10981702805, 4.75167989731, 4.37976551056, 2.7509663105, 2.14283823967, 0.763353288174, 0.649397850037, 0.387224048376, 0.10622112453, 0.0189785603434, 0.000664971012156, 3.95300048694e-05],
        "dmean2": [1.08005952835, 7.40979194641, 21.445482254, 16.8604927063, 18.1029319763, 23.1107997894, 16.252828598, 8.58632946014, 18.7329025269, 16.5956382751, 20.1416740417, 20.029088974, 10.2053108215, 10.621796608, 9.39005279541, 11.7029590607, 11.0940799713, 9.23732376099, 13.8493280411, 16.0434799194, 7.76602649689, 7.78052425385, 6.26558208466, 3.53524661064, 4.45041942596, 4.9387254715, 4.56940078735, 4.07292318344, 4.78693532944, 7.26850271225, 6.90972089767, 4.32726144791, 3.25100827217, 1.15737342834, 0.964702427387, 0.593179583549, 0.162760943174, 0.0290457457304, 0.00109723384958, 5.46915507584e-05],
        "dvar": [1.68394780159, 138.268386841, 1431.81384277, 1443.83227539, 1377.04333496, 681.273132324, 567.637390137, 117.60647583, 527.670776367, 377.667266846, 790.898132324, 770.612121582, 255.966629028, 221.960067749, 192.33026123, 439.753540039, 270.064910889, 240.625869751, 517.591186523, 400.215209961, 62.8905143738, 65.1495819092, 50.1089439392, 16.5789470673, 23.2412605286, 33.3510551453, 47.9017829895, 59.8068084717, 74.8183135986, 75.4626083374, 63.3334770203, 20.3651371002, 13.2097396851, 1.27099072933, 1.01819372177, 0.476383507252, 0.0599120408297, 0.00550539465621, 1.11015642688e-05, 5.07704100983e-09],
        "dvar2": [2.52034378052, 202.27961731, 3117.58349609, 3858.65527344, 3873.4621582, 1936.2076416, 1611.91589355, 318.283538818, 1174.56530762, 785.942749023, 1579.20153809, 1596.84399414, 477.709747314, 521.000366211, 365.677825928, 1016.6739502, 546.383056641, 597.702697754, 1094.93322754, 964.678039551, 157.275588989, 150.112472534, 121.551261902, 44.3521194458, 57.4971809387, 76.9224090576, 120.388641357, 136.47354126, 155.09979248, 147.066665649, 142.881835938, 50.7906417847, 31.5855903625, 2.93710589409, 2.15621852875, 1.05385637283, 0.133742824197, 0.0128468032926, 2.71834524028e-05, 9.80992975741e-09],
        "max": [13.2434806824, 98.9217529297, 281.308319092, 374.377624512, 376.557159424, 398.51574707, 394.592895508, 189.674865723, 320.857086182, 362.120483398, 557.207519531, 532.81072998, 277.387054443, 205.074417114, 259.798828125, 470.237976074, 393.511505127, 403.949951172, 547.744750977, 301.177276611, 85.2674255371, 104.394386292, 99.7244110107, 79.3055877686, 76.7121124268, 77.5824356079, 132.498077393, 109.796669006, 141.703781128, 141.737915039, 111.908630371, 51.8861541748, 58.0611190796, 12.036822319, 11.9985904694, 9.21625709534, 4.91223907471, 1.75219166279, 0.0763942152262, 0.00124948425218],
        "mean": [1.94834315777, 10.6683320999, 14.9530267715, 9.45137310028, 11.340007782, 19.7721805573, 16.1157112122, 12.9475889206, 19.3074932098, 25.3078517914, 41.9777145386, 46.5431976318, 16.5940170288, 17.1958427429, 15.3684301376, 17.1618881226, 15.4889707565, 11.5269193649, 18.3717765808, 19.9470672607, 9.97784328461, 10.0113229752, 8.53761100769, 5.29291248322, 5.98484802246, 6.87313652039, 5.00955486298, 4.02501010895, 5.10753917694, 9.35556030273, 8.47676086426, 5.4053196907, 4.25132274628, 1.51896131039, 1.32363796234, 0.749629020691, 0.208346635103, 0.0306787211448, 0.00102516880725, 0.000124793805298],
        "median": [0.74973076582, 2.85490036011, 3.01465249062, 2.82784938812, 4.66243982315, 12.3273010254, 9.5453453064, 9.34042167664, 11.229010582, 12.3193922043, 13.2293949127, 10.5556173325, 6.08450317383, 5.79626274109, 3.72965908051, 4.13805580139, 6.19511795044, 3.89238452911, 6.10343790054, 5.79361438751, 5.40069103241, 4.32947349548, 3.20201134682, 2.94937419891, 3.50077819824, 3.10289049149, 2.16751670837, 1.0906085968, 1.91283833981, 4.53648376465, 4.88894462585, 3.12722826004, 2.28816366196, 0.996848344803, 0.84527695179, 0.491987586021, 0.116486042738, 0.0114611238241, 0.00034145230893, 7.583227125e-05],
        "min": [2.4634303486e-08, 1.22294053995e-07, 3.40471643767e-07, 6.27158215138e-07, 9.02474369013e-07, 1.13800558665e-06, 1.39812834732e-06, 1.73869523223e-06, 2.15343493437e-06, 2.60801243712e-06, 3.04968875753e-06, 3.35123763762e-06, 3.14903923027e-06, 2.45501223617e-06, 1.76039645794e-06, 1.45052877087e-06, 1.66160771187e-06, 2.11795668292e-06, 2.19206003749e-06, 3.31267551701e-06, 4.25562711825e-06, 4.64537288281e-06, 4.2014526116e-06, 1.70918917775e-06, 5.377696084e-07, 1.3251739972e-07, 2.9016163694e-07, 1.12393263407e-06, 1.22515382373e-06, 3.14163742132e-07, 1.51667308046e-07, 2.95194183764e-07, 1.7860084256e-07, 3.82370785701e-07, 1.11212393961e-07, 4.40709442273e-08, 1.82378308011e-08, 4.29837676563e-09, 8.30686686104e-10, 7.99258367823e-11],
        "stdev": [2.74609827995, 19.1621189117, 40.0380935669, 32.2554855347, 30.1073513031, 25.8594169617, 23.9860706329, 13.9893655777, 28.0311222076, 37.1003227234, 74.6483459473, 81.2705307007, 31.5887393951, 28.3455543518, 27.1456336975, 39.7500305176, 29.3969612122, 24.4488735199, 38.3935050964, 36.0100135803, 11.9315071106, 12.8248786926, 12.1573925018, 8.34268474579, 7.52844190598, 9.95159721375, 8.92041397095, 9.49068832397, 10.8689002991, 12.7807693481, 10.8845405579, 6.29713392258, 5.4354891777, 1.71915960312, 1.57424712181, 0.969590425491, 0.351785123348, 0.0980026498437, 0.00419917423278, 0.000128118990688],
        "var": [7.54105567932, 367.186798096, 1603.04882812, 1040.41625977, 906.452636719, 668.709411621, 575.331604004, 195.702346802, 785.743774414, 1376.43408203, 5572.37597656, 6604.89892578, 997.848449707, 803.470458984, 736.885437012, 1580.06506348, 864.181335449, 597.747436523, 1474.06115723, 1296.72106934, 142.360870361, 164.477508545, 147.802185059, 69.6003952026, 56.6774368286, 99.0342788696, 79.5737838745, 90.0731658936, 118.133003235, 163.348052979, 118.473220825, 39.6538963318, 29.54454422, 2.95550990105, 2.47825407982, 0.940105617046, 0.123752765357, 0.00960451923311, 1.76330631803e-05, 1.64144768888e-08]
    },
    "gfcc": {
        "mean": [12.2135820389, 84.2768554688, -78.5383453369, 28.1459617615, -56.3595123291, 18.4053668976, -42.8520584106, 16.0528030396, -17.528345108, 7.43822431564, -14.5423088074, 3.64147210121, -12.040471077],
        "cov": [[6055.60644531, -2298.86694336, 198.633560181, -11.9129705429, -867.07421875, 725.934936523, -598.338134766, 216.857894897, -211.631759644, 268.465911865, -446.917541504, 280.703796387, -348.811737061], [-2298.86694336, 2404.60180664, 572.230163574, 455.471252441, 1054.70727539, -50.4328117371, 726.363037109, 118.598846436, 362.412139893, -93.9604415894, 339.081176758, -153.648971558, 252.840805054], [198.633560181, 572.230163574, 1155.58300781, 544.813781738, 631.059753418, 307.827392578, 207.939453125, 233.637664795, 178.539581299, 143.402481079, 72.8334121704, 44.7236175537, 43.0607948303], [-11.9129705429, 455.471252441, 544.813781738, 653.615600586, 428.005279541, 152.12878418, 186.758041382, 127.728347778, 192.237823486, 64.5523376465, 51.004283905, -4.60210084915, 88.7043685913], [-867.07421875, 1054.70727539, 631.059753418, 428.005279541, 839.230163574, 64.6065063477, 301.607513428, 181.780502319, 240.939407349, 71.3135910034, 140.472106934, -41.6761360168, 140.775238037], [725.934936523, -50.4328117371, 307.827392578, 152.12878418, 64.6065063477, 341.339385986, 103.691139221, 91.990776062, 46.7423210144, 92.0937576294, 9.98613071442, 56.8820228577, -17.1228122711], [-598.338134766, 726.363037109, 207.939453125, 186.758041382, 301.607513428, 103.691139221, 516.10949707, 41.6671943665, 151.125198364, -9.00370025635, 137.105178833, -23.3271961212, 98.1394958496], [216.857894897, 118.598846436, 233.637664795, 127.728347778, 181.780502319, 91.990776062, 41.6671943665, 183.868621826, 94.4840087891, 50.7646636963, 21.7838459015, 16.5293807983, 31.6122970581], [-211.631759644, 362.412139893, 178.539581299, 192.237823486, 240.939407349, 46.7423210144, 151.125198364, 94.4840087891, 226.194198608, 22.760843277, 64.7812347412, -10.5063381195, 71.6287994385], [268.465911865, -93.9604415894, 143.402481079, 64.5523376465, 71.3135910034, 92.0937576294, -9.00370025635, 50.7646636963, 22.760843277, 151.630661011, -0.583077669144, 23.8657054901, 13.8558626175], [-446.917541504, 339.081176758, 72.8334121704, 51.004283905, 140.472106934, 9.98613071442, 137.105178833, 21.7838459015, 64.7812347412, -0.583077669144, 137.683486938, -3.13130998611, 49.2481422424], [280.703796387, -153.648971558, 44.7236175537, -4.60210084915, -41.6761360168, 56.8820228577, -23.3271961212, 16.5293807983, -10.5063381195, 23.8657054901, -3.13130998611, 87.1144104004, -17.5922107697], [-348.811737061, 252.840805054, 43.0607948303, 88.7043685913, 140.775238037, -17.1228122711, 98.1394958496, 31.6122970581, 71.6287994385, 13.8558626175, 49.2481422424, -17.5922107697, 105.130363464]],
        "icov": [[0.000543224043213, 0.000115569273476, 3.89050765079e-05, -0.000188377787708, 0.000410417764215, -0.000866695307195, 0.000136525355629, -0.000721091171727, -5.92104661337e-05, -0.000242243957473, 0.000943537801504, -0.000421321834438, 0.000625842541922], [0.000115569273476, 0.00221065082587, -0.000149057857925, 0.000236925217905, -0.00197992008179, 7.09906889824e-05, -0.00119683600497, 0.000477946567116, -0.000329387490638, 0.0016985895345, -0.00159708515275, 0.00156255753245, -0.00042557506822], [3.89050765079e-05, -0.000149057857925, 0.00269713602029, -0.00113229011185, -0.00147012539674, -0.00126688613091, 0.000176219429704, -0.000952610629611, 0.000679088116158, -0.000544155132957, 0.000132492321427, -0.000918920093682, 0.00161559483968], [-0.000188377787708, 0.000236925217905, -0.00113229011185, 0.0033675567247, -0.000877307902556, -0.000293787074042, -0.000117811483506, 0.00097092112992, -0.00142557302024, 0.000657305994537, 0.000372303795302, 0.00063613144448, -0.00181080435868], [0.000410417764215, -0.00197992008179, -0.00147012539674, -0.000877307902556, 0.00613200804219, 0.000619696569629, 0.00049040291924, -0.00227561662905, -0.000598802929744, -0.00246325042099, 0.00126906950027, -0.000437135109678, -0.000352828094037], [-0.000866695307195, 7.09906889824e-05, -0.00126688613091, -0.000293787074042, 0.000619696569629, 0.00748512195423, -0.00219172774814, -0.000501643109601, 3.524904605e-05, -0.00187994097359, -0.00156819319818, -0.000839935790282, 0.00112441030797], [0.000136525355629, -0.00119683600497, 0.000176219429704, -0.000117811483506, 0.00049040291924, -0.00219172774814, 0.00452610338107, 0.000731116859242, -0.000809427932836, 0.000320578692481, -0.00079004483996, -0.000381818157621, -0.00128456123639], [-0.000721091171727, 0.000477946567116, -0.000952610629611, 0.00097092112992, -0.00227561662905, -0.000501643109601, 0.000731116859242, 0.0107526499778, -0.00289755663835, 0.000520521367434, -0.00120508961845, 7.33793640393e-05, -0.00243892567232], [-5.92104661337e-05, -0.000329387490638, 0.000679088116158, -0.00142557302024, -0.000598802929744, 3.524904605e-05, -0.000809427932836, -0.00289755663835, 0.00870449841022, -0.000110991248221, -0.000878978054971, -5.6760825828e-05, -0.00155890453607], [-0.000242243957473, 0.0016985895345, -0.000544155132957, 0.000657305994537, -0.00246325042099, -0.00187994097359, 0.000320578692481, 0.000520521367434, -0.000110991248221, 0.0106939561665, -0.00139350630343, 0.000469855149277, -0.00328655191697], [0.000943537801504, -0.00159708515275, 0.000132492321427, 0.000372303795302, 0.00126906950027, -0.00156819319818, -0.00079004483996, -0.00120508961845, -0.000878978054971, -0.00139350630343, 0.0144801652059, -0.00363489706069, -0.000860633794218], [-0.000421321834438, 0.00156255753245, -0.000918920093682, 0.00063613144448, -0.000437135109678, -0.000839935790282, -0.000381818157621, 7.33793640393e-05, -5.6760825828e-05, 0.000469855149277, -0.00363489706069, 0.0160200819373, -0.000173070715391], [0.000625842541922, -0.00042557506822, 0.00161559483968, -0.00181080435868, -0.000352828094037, 0.00112441030797, -0.00128456123639, -0.00243892567232, -0.00155890453607, -0.00328655191697, -0.000860633794218, -0.000173070715391, 0.0179357379675]]
    },
    "melbands": {
        "dmean": [0.00653386395425, 0.00643733795732, 0.00167901779059, 0.000844477501232, 0.000373635441065, 0.000124782483908, 0.000178780726856, 0.000130108266603, 0.000112389468995, 8.22502697702e-05, 3.55011761712e-05, 3.20274557453e-05, 2.27790806093e-05, 2.45243845711e-05, 1.81334016816e-05, 1.60296476679e-05, 1.13223486551e-05, 1.59989358508e-05, 1.26781715153e-05, 1.06729639811e-05, 5.72697990719e-06, 5.30620081918e-06, 5.70558313484e-06, 2.70205509878e-06, 1.87149510111e-06, 2.3060320018e-06, 2.34794424614e-06, 2.15049658436e-06, 1.91240292224e-06, 1.78221432634e-06, 1.56479745783e-06, 1.75724471774e-06, 2.34562912738e-06, 3.03920342049e-06, 2.91813717013e-06, 1.76969422228e-06, 1.9193105345e-06, 1.731633688e-06, 1.06984271042e-06, 6.29640624084e-07],
        "dmean2": [0.00812989380211, 0.00885740481317, 0.00275289337151, 0.00144117732998, 0.000628511887044, 0.000198480396648, 0.000287650502287, 0.000188315068954, 0.000160252311616, 0.00011784547678, 5.18301421835e-05, 4.67402969662e-05, 3.37626734108e-05, 3.74949995603e-05, 2.72858651442e-05, 2.38212251134e-05, 1.81813647941e-05, 2.52526479017e-05, 1.91226135939e-05, 1.6802783648e-05, 9.13746680453e-06, 8.36179697217e-06, 9.02039391804e-06, 4.38074357589e-06, 3.09027564072e-06, 3.65106529898e-06, 3.79357857128e-06, 3.36405355483e-06, 3.06460515276e-06, 2.89923582386e-06, 2.44703164753e-06, 2.81501752397e-06, 3.69245617549e-06, 4.74373791803e-06, 4.6162090257e-06, 2.84166389974e-06, 3.06727019961e-06, 2.67514974439e-06, 1.66603626894e-06, 9.8780094504e-07],
        "dvar": [0.000109310676635, 0.000235140571021, 3.5028981074e-05, 4.33041032011e-06, 7.34072727937e-07, 6.2589180061e-08, 1.23929495999e-07, 4.55860806881e-08, 4.4809493005e-08, 2.53317367083e-08, 6.84595002909e-09, 4.33373914532e-09, 2.96616331497e-09, 3.27514881882e-09, 2.26294250005e-09, 2.1974597697e-09, 8.64027516201e-10, 1.56432578002e-09, 6.69002964138e-10, 3.85310144901e-10, 8.81628173244e-11, 7.94069324184e-11, 1.02379875411e-10, 2.41307598903e-11, 1.35088789113e-11, 1.45429258913e-11, 2.3906007382e-11, 1.54893164267e-11, 1.88620889741e-11, 2.2909967326e-11, 2.39948443059e-11, 3.43759430643e-11, 3.20986917601e-11, 2.61704703047e-11, 2.85236122916e-11, 9.23187047641e-12, 1.04355014213e-11, 9.02684264142e-12, 2.88153203555e-12, 9.97862925102e-13],
        "dvar2": [0.000154755165568, 0.000428247061791, 9.0657005785e-05, 1.21510056488e-05, 2.10156122193e-06, 1.70223330542e-07, 2.74048034044e-07, 9.42568689766e-08, 8.64736762196e-08, 5.3019228119e-08, 1.27586075038e-08, 1.03082404834e-08, 5.30828669909e-09, 7.1096666332e-09, 4.36753166966e-09, 4.6974188983e-09, 2.12590700599e-09, 3.65003915981e-09, 1.55838875138e-09, 8.87626361301e-10, 2.20012785768e-10, 1.9363653736e-10, 2.14809670052e-10, 6.62878779645e-11, 3.71298304602e-11, 3.61891072664e-11, 6.11058911804e-11, 3.52641839341e-11, 4.91329407715e-11, 5.66581816186e-11, 5.52855816682e-11, 7.71121777543e-11, 7.73982058999e-11, 5.35766535303e-11, 6.45709180569e-11, 2.2518700446e-11, 2.64980468123e-11, 2.10460624622e-11, 6.93079448e-12, 2.40182960326e-12],
        "max": [0.0990928411484, 0.127282187343, 0.0601511113346, 0.024192424491, 0.0130588402972, 0.00444094836712, 0.00480711832643, 0.00343199679628, 0.00428614672273, 0.00287092616782, 0.0014016359346, 0.000901136780158, 0.00126409507357, 0.00089754286455, 0.00122833158821, 0.00149971840438, 0.000669549277518, 0.000762138573918, 0.000455117668025, 0.000289423478534, 9.69485045061e-05, 0.000104708131403, 0.000165101650055, 5.83659711992e-05, 7.29920866434e-05, 7.9320569057e-05, 5.8269364672e-05, 5.4058546084e-05, 7.99062181613e-05, 7.44900971767e-05, 7.98242472229e-05, 0.000109690008685, 0.00011107991304, 7.1348149504e-05, 8.22522415547e-05, 3.24377979268e-05, 4.40431722382e-05, 4.50627558166e-05, 1.98161578737e-05, 1.18420211948e-05],
        "mean": [0.0161378644407, 0.00970068015158, 0.00169092405122, 0.00117176899221, 0.000634536205325, 0.000287389237201, 0.000301326595945, 0.000306407018797, 0.000356418226147, 0.000259453925537, 7.66117082094e-05, 7.23831763025e-05, 5.30363577127e-05, 5.11336584168e-05, 3.72985232389e-05, 2.92338045256e-05, 2.10346388485e-05, 3.15071301884e-05, 2.41177549469e-05, 2.01319944608e-05, 1.0297127119e-05, 9.45681676967e-06, 1.15304565043e-05, 5.13690156367e-06, 4.06737035519e-06, 4.85062673761e-06, 4.31836406278e-06, 4.54555447504e-06, 3.24972052113e-06, 2.62860407929e-06, 2.23011170419e-06, 2.52069139606e-06, 4.04311094826e-06, 5.74018122279e-06, 5.38382846571e-06, 3.17121271109e-06, 3.48794810634e-06, 3.25626001541e-06, 1.96879796022e-06, 1.05681272089e-06],
        "median": [0.00639483099803, 0.00239614467137, 0.000553429417778, 0.000665914267302, 0.000402052770369, 0.000207548233448, 0.000173697000719, 0.000131153035909, 0.000104307837319, 5.35235303687e-05, 2.32715647144e-05, 2.48657888733e-05, 1.08578897198e-05, 1.0684994777e-05, 1.27809398691e-05, 1.03972506622e-05, 6.00519888394e-06, 9.1096117103e-06, 7.26977623344e-06, 7.08386869519e-06, 5.80060532229e-06, 4.22342736783e-06, 3.91994035454e-06, 2.19411140279e-06, 2.15859427044e-06, 2.71682665698e-06, 2.08511414712e-06, 1.89990237232e-06, 1.45716126099e-06, 7.38912262932e-07, 4.81669189867e-07, 7.47722651795e-07, 1.38034533848e-06, 2.8957399536e-06, 2.9276739042e-06, 1.62011167504e-06, 1.73678586179e-06, 1.59543560585e-06, 1.08252174869e-06, 5.84927192904e-07],
        "min": [2.21211798879e-10, 1.72581657298e-10, 1.1590296084e-10, 7.31314453439e-11, 4.99706422075e-11, 3.91839651004e-11, 3.30825714046e-11, 2.86669455535e-11, 2.49519727796e-11, 2.09237488447e-11, 1.55199603169e-11, 1.01044615383e-11, 6.21272391171e-12, 4.18580881761e-12, 3.52757189778e-12, 3.77439746124e-12, 3.9428495191e-12, 3.45152682477e-12, 3.63359342614e-12, 5.27906364456e-12, 4.82907637489e-12, 4.52219858782e-12, 5.32253754959e-12, 2.4262137438e-12, 1.30006812607e-12, 6.98652507375e-13, 5.86941384167e-14, 8.35654109929e-14, 9.85983077953e-14, 3.85361772874e-13, 7.78140030709e-13, 8.83555164796e-13, 3.32146555268e-13, 8.91619474108e-14, 3.11321199939e-14, 2.31027111504e-13, 1.54090675224e-13, 1.32518697621e-13, 1.09245349312e-13, 4.29382820532e-13],
        "stdev": [0.0224762186408, 0.0203813686967, 0.00522745260969, 0.00185250071809, 0.000863750407007, 0.000312738877255, 0.000432292930782, 0.000451038125902, 0.000579119194299, 0.000456299778307, 0.000160183466505, 0.000122391356854, 0.000109241278551, 0.000111713539809, 8.70407166076e-05, 7.31668551452e-05, 4.47740858363e-05, 6.31894727121e-05, 4.39683863078e-05, 3.36707453243e-05, 1.30846110551e-05, 1.26135701066e-05, 1.76291305252e-05, 7.37220943847e-06, 7.23083621779e-06, 7.32095168132e-06, 6.25252596365e-06, 6.83359667164e-06, 5.45195189261e-06, 5.96152949583e-06, 5.75503281652e-06, 6.55893381918e-06, 7.25084419173e-06, 7.53437416279e-06, 7.2650632319e-06, 3.94754624722e-06, 4.45232353741e-06, 4.40388248535e-06, 2.57036867879e-06, 1.37174697556e-06],
        "var": [0.000505180389155, 0.00041540019447, 2.73262630799e-05, 3.43175884154e-06, 7.4606475664e-07, 9.78056036161e-08, 1.86877187502e-07, 2.03435391199e-07, 3.35379041871e-07, 2.08209499419e-07, 2.56587426861e-08, 1.49796441917e-08, 1.19336567295e-08, 1.24799148793e-08, 7.57608642488e-09, 5.35338839924e-09, 2.00471883538e-09, 3.99290955855e-09, 1.93321914033e-09, 1.13371900756e-09, 1.7120703466e-10, 1.59102148123e-10, 3.10786230084e-10, 5.43494728389e-11, 5.22849923079e-11, 5.35963322335e-11, 3.90940821382e-11, 4.66980447367e-11, 2.97237789937e-11, 3.55398314944e-11, 3.31204022541e-11, 4.30196121781e-11, 5.25747431701e-11, 5.67667961249e-11, 5.27811405693e-11, 1.55831215987e-11, 1.98231847603e-11, 1.93941807058e-11, 6.60679497222e-12, 1.88168989938e-12]
    },
    "melbands128": {
