{
"lowlevel": {
    "average_loudness": 0.868864536285,
    "barkbands_crest": {
        "dmean": 2.27199268341,
        "dmean2": 3.66350007057,
        "dvar": 4.43421602249,
        "dvar2": 12.1325759888,
        "max": 25.8682365417,
        "mean": 14.1561460495,
        "median": 13.4771566391,
        "min": 4.03526115417,
        "stdev": 4.58873844147,
        "var": 21.056520462
    },
    "barkbands_flatness_db": {
        "dmean": 0.0296298190951,
        "dmean2": 0.0449484623969,
        "dvar": 0.000908209185582,
        "dvar2": 0.0020002652891,
        "max": 0.504924833775,
        "mean": 0.282969146967,
        "median": 0.289733797312,
        "min": 0.0475871637464,
        "stdev": 0.0905830785632,
        "var": 0.00820529460907
    },
    "barkbands_kurtosis": {
        "dmean": 16.0495223999,
        "dmean2": 24.5513401031,
        "dvar": 530.690185547,
        "dvar2": 1097.44128418,
        "max": 521.903747559,
        "mean": 39.4398269653,
        "median": 25.4633274078,
        "min": -1.85441601276,
        "stdev": 49.1494560242,
        "var": 2415.66894531
    },
    "barkbands_skewness": {
        "dmean": 1.02091932297,
        "dmean2": 1.57620429993,
        "dvar": 1.21764862537,
        "dvar2": 2.54587888718,
        "max": 17.5151004791,
        "mean": 4.02109909058,
        "median": 3.68254113197,
        "min": -2.10597896576,
        "stdev": 2.82536792755,
        "var": 7.9827041626
    },
    "barkbands_spread": {
        "dmean": 3.39545536041,
        "dmean2": 5.32378911972,
        "dvar": 74.950630188,
        "dvar2": 156.331039429,
        "max": 92.3409576416,
        "mean": 7.17313098907,
        "median": 3.046428442,
        "min": 0.313778698444,
        "stdev": 12.7173242569,
        "var": 161.730331421
    },
    "dissonance": {
        "dmean": 0.0241696797311,
        "dmean2": 0.0400881543756,
        "dvar": 0.000550378928892,
        "dvar2": 0.00149376958143,
        "max": 0.499775737524,
        "mean": 0.432701349258,
        "median": 0.445446252823,
        "min": 0.251170307398,
        "stdev": 0.0500524491072,
        "var": 0.002505247714
    },
    "dynamic_complexity": 4.91019105911,
    "erbbands_crest": {
        "dmean": 2.58807325363,
        "dmean2": 4.28033971786,
        "dvar": 6.4353146553,
        "dvar2": 18.8655014038,
        "max": 30.0352230072,
        "mean": 12.5069494247,
        "median": 11.5519723892,
        "min": 2.79342341423,
        "stdev": 5.16531801224,
        "var": 26.6805114746
    },
    "erbbands_flatness_db": {
        "dmean": 0.0202619358897,
        "dmean2": 0.0314229018986,
        "dvar": 0.000472305138828,
        "dvar2": 0.00106663070619,
        "max": 0.362290650606,
        "mean": 0.207125991583,
        "median": 0.201152890921,
        "min": 0.0528776869178,
        "stdev": 0.0643466487527,
        "var": 0.00414049113169
    },
    "erbbands_kurtosis": {
        "dmean": 3.2932472229,
        "dmean2": 5.35188293457,
        "dvar": 29.4830684662,
        "dvar2": 70.7063674927,
        "max": 122.250434875,
        "mean": 6.4155626297,
        "median": 2.80180692673,
        "min": -1.71723842621,
        "stdev": 12.4050254822,
        "var": 153.884658813
    },
    "erbbands_skewness": {
        "dmean": 0.564539968967,
        "dmean2": 0.893546104431,
        "dvar": 0.335999757051,
        "dvar2": 0.730060994625,
        "max": 8.88569068909,
        "mean": 1.71262943745,
        "median": 1.58762204647,
        "min": -2.93367576599,
        "stdev": 1.46737384796,
        "var": 2.15318608284
    },
    "erbbands_spread": {
        "dmean": 8.59728240967,
        "dmean2": 13.5013084412,
        "dvar": 159.890167236,
        "dvar2": 372.887451172,
        "max": 142.154495239,
        "mean": 33.6500282288,
        "median": 27.1088676453,
        "min": 1.74580037594,
        "stdev": 26.0237064362,
        "var": 677.233276367
    },
    "hfc": {
        "dmean": 4.9364695549,
        "dmean2": 8.04602146149,
        "dvar": 337.694763184,
        "dvar2": 833.9765625,
        "max": 280.619934082,
        "mean": 10.302031517,
        "median": 6.1813325882,
        "min": 1.11337584007e-16,
        "stdev": 18.5230102539,
        "var": 343.101898193
    },
    "loudness_ebu128": {
        "integrated": -16.6222057343,
        "loudness_range": 3.58961486816,
        "momentary": {
            "dmean": 1.95577657223,
            "dmean2": 2.26609897614,
            "dvar": 144.411300659,
            "dvar2": 240.883163452,
            "max": -11.2536945343,
            "mean": -20.8817481995,
            "median": -17.2792453766,
            "min": -300.691009521,
            "stdev": 24.191904068,
            "var": 585.24822998
        },
        "short_term": {
            "dmean": 0.126895830035,
            "dmean2": 0.0931421592832,
            "dvar": 0.0179759673774,
            "dvar2": 0.010449196212,
            "max": -14.5031852722,
            "mean": -16.8480529785,
            "median": -16.5586280823,
            "min": -22.5766201019,
            "stdev": 1.39800727367,
            "var": 1.95442450047
        }
    },
    "melbands_crest": {
        "dmean": 2.83776903152,
        "dmean2": 4.65600013733,
        "dvar": 7.2214884758,
        "dvar2": 19.8126220703,
        "max": 30.8679218292,
        "mean": 19.9976806641,
        "median": 20.4140262604,
        "min": 1.77723777294,
        "stdev": 5.87212276459,
        "var": 34.4818267822
    },
    "melbands_flatness_db": {
        "dmean": 0.0341870300472,
        "dmean2": 0.0501720048487,
        "dvar": 0.0014592303196,
        "dvar2": 0.00290055386722,
        "max": 0.632892012596,
        "mean": 0.384195894003,
        "median": 0.391583174467,
        "min": 0.00343042355962,
        "stdev": 0.120941475034,
        "var": 0.0146268401295
    },
    "melbands_kurtosis": {
        "dmean": 28.263004303,
        "dmean2": 44.0627555847,
        "dvar": 1494.50683594,
        "dvar2": 3254.71313477,
        "max": 525.109619141,
        "mean": 76.5544281006,
        "median": 43.8150787354,
        "min": -1.79209494591,
        "stdev": 85.6793289185,
        "var": 7340.94677734
    },
    "melbands_skewness": {
        "dmean": 1.13698029518,
        "dmean2": 1.76487410069,
        "dvar": 1.64939439297,
        "dvar2": 3.66131782532,
        "max": 17.7848129272,
        "mean": 5.37354898453,
        "median": 4.72038793564,
        "min": -1.25999987125,
        "stdev": 3.34823489189,
        "var": 11.2106761932
    },
    "melbands_spread": {
        "dmean": 4.34706687927,
        "dmean2": 6.93255805969,
        "dvar": 271.129241943,
        "dvar2": 639.008300781,
        "max": 227.981811523,
        "mean": 8.80599212646,
        "median": 2.30472159386,
        "min": 0.349462211132,
        "stdev": 24.5098075867,
        "var": 600.730712891
    },
    "pitch_salience": {
        "dmean": 0.073321916163,
        "dmean2": 0.121367760003,
        "dvar": 0.00490381708369,
        "dvar2": 0.0129852881655,
        "max": 0.871106803417,
        "mean": 0.450652241707,
        "median": 0.446589559317,
        "min": 0.105006709695,
        "stdev": 0.159240081906,
        "var": 0.0253574028611
    },
    "silence_rate_20dB": {
        "dmean": 0,
        "dmean2": 0,
        "dvar": 0,
        "dvar2": 0,
        "max": 1,
        "mean": 1,
        "median": 1,
        "min": 1,
        "stdev": 0,
        "var": 0
    },
    "silence_rate_30dB": {
        "dmean": 0.0325077399611,
        "dmean2": 0.0642912462354,
        "dvar": 0.0314509272575,
        "dvar2": 0.0710030198097,
        "max": 1,
        "mean": 0.931167840958,
        "median": 1,
        "min": 0,
        "stdev": 0.253168463707,
        "var": 0.0640942677855
    },
    "silence_rate_60dB": {
        "dmean": 0.0239938087761,
        "dmean2": 0.0480247884989,
        "dvar": 0.0234183743596,
        "dvar2": 0.0550141409039,
        "max": 1,
        "mean": 0.139984533191,
        "median": 0,
        "min": 0,
        "stdev": 0.346967071295,
        "var": 0.120386146009
    },
    "spectral_centroid": {
        "dmean": 135.896942139,
        "dmean2": 208.262954712,
        "dvar": 153515.96875,
        "dvar2": 276832.53125,
        "max": 11446.828125,
        "mean": 624.730834961,
        "median": 260.38571167,
        "min": 139.757827759,
        "stdev": 1486.93664551,
        "var": 2210980.75
    },
    "spectral_complexity": {
        "dmean": 1.63544893265,
        "dmean2": 2.5778465271,
        "dvar": 5.51031112671,
        "dvar2": 11.6691818237,
        "max": 30,
        "mean": 7.4918794632,
        "median": 7,
        "min": 0,
        "stdev": 4.85578966141,
        "var": 23.5786952972
    },
    "spectral_decrease": {
        "dmean": 3.78759512643e-09,
        "dmean2": 6.20536377838e-09,
        "dvar": 3.10886403369e-17,
        "dvar2": 8.80914662191e-17,
        "max": 1.36843196635e-28,
        "mean": -1.02071728847e-08,
        "median": -7.41117478498e-09,
        "min": -6.08398167401e-08,
        "stdev": 1.03232835613e-08,
        "var": 1.06570184795e-16
    },
    "spectral_energy": {
        "dmean": 0.0146580049768,
        "dmean2": 0.0240547712892,
        "dvar": 0.000455256405985,
        "dvar2": 0.00129043497145,
        "max": 0.233028799295,
        "mean": 0.039458617568,
        "median": 0.0286254920065,
        "min": 1.02511047363e-20,
        "stdev": 0.0396054089069,
        "var": 0.00156858831178
    },
    "spectral_energyband_high": {
        "dmean": 0.000342704181094,
        "dmean2": 0.000554957659915,
        "dvar": 4.84894962938e-06,
        "dvar2": 1.20064714793e-05,
        "max": 0.033604182303,
        "mean": 0.000370951049263,
        "median": 3.83712977055e-05,
        "min": 7.18786590434e-21,
        "stdev": 0.00200537336059,
        "var": 4.02152227252e-06
    },
    "spectral_energyband_low": {
        "dmean": 0.00967064220458,
        "dmean2": 0.0151807488874,
        "dvar": 0.000312825344736,
        "dvar2": 0.000868411618285,
        "max": 0.210361272097,
        "mean": 0.0235599074513,
        "median": 0.0138819515705,
        "min": 1.77782994746e-23,
        "stdev": 0.0302645843476,
        "var": 0.000915945100132
    },
    "spectral_energyband_middle_high": {
        "dmean": 0.000431403896073,
        "dmean2": 0.000673931906931,
        "dvar": 1.38856375997e-06,
        "dvar2": 3.49067158822e-06,
        "max": 0.0154675617814,
        "mean": 0.00080099015031,
        "median": 0.000234502134845,
        "min": 1.27957388866e-21,
        "stdev": 0.00151538394857,
        "var": 2.29638862947e-06
    },
    "spectral_energyband_middle_low": {
        "dmean": 0.0080128069967,
        "dmean2": 0.0138671053573,
        "dvar": 0.000184385789908,
        "dvar2": 0.000542896275874,
        "max": 0.202277973294,
        "mean": 0.0191842671484,
        "median": 0.00996723398566,
        "min": 1.57642580664e-22,
        "stdev": 0.026588825509,
        "var": 0.000706965685822
    },
    "spectral_entropy": {
        "dmean": 0.272734850645,
        "dmean2": 0.410191804171,
        "dvar": 0.0974179580808,
        "dvar2": 0.190012663603,
        "max": 9.81327152252,
        "mean": 6.38892698288,
        "median": 6.33479738235,
        "min": 4.22322940826,
        "stdev": 1.01245033741,
        "var": 1.0250556469
    },
    "spectral_flux": {
        "dmean": 0.0233426187187,
        "dmean2": 0.0383332557976,
        "dvar": 0.000835783430375,
        "dvar2": 0.00212704064324,
        "max": 0.313474833965,
        "mean": 0.0649879276752,
        "median": 0.0537896715105,
        "min": 6.50097475852e-11,
        "stdev": 0.050497379154,
        "var": 0.00254998519085
    },
    "spectral_kurtosis": {
        "dmean": 6.13379955292,
        "dmean2": 9.49694919586,
        "dvar": 96.9837493896,
        "dvar2": 214.562545776,
        "max": 160.216186523,
        "mean": 20.4991817474,
        "median": 8.3805475235,
        "min": -1.24018263817,
        "stdev": 26.6230106354,
        "var": 708.784667969
    },
    "spectral_rms": {
        "dmean": 0.00103849440347,
        "dmean2": 0.00166503689252,
        "dvar": 1.46806348766e-06,
        "dvar2": 3.90869172406e-06,
        "max": 0.0150779699907,
        "mean": 0.00538560654968,
        "median": 0.00528462976217,
        "min": 3.16244795108e-12,
        "stdev": 0.00308081461117,
        "var": 9.4914184956e-06
    },
    "spectral_rolloff": {
        "dmean": 252.614089966,
        "dmean2": 437.535583496,
        "dvar": 1143131.75,
        "dvar2": 2320108,
        "max": 19207.6171875,
        "mean": 838.275512695,
        "median": 193.798828125,
        "min": 107.666015625,
        "stdev": 2704.27075195,
        "var": 7313080
    },
    "spectral_skewness": {
        "dmean": 0.507732510567,
        "dmean2": 0.751264691353,
        "dvar": 0.428579479456,
        "dvar2": 0.864143311977,
        "max": 9.89559841156,
        "mean": 3.30287289619,
        "median": 2.61854219437,
        "min": -0.0442387871444,
        "stdev": 2.05010032654,
        "var": 4.20291090012
    },
    "spectral_spread": {
        "dmean": 745261.5,
        "dmean2": 1172662.75,
        "dvar": 1.26096677274e+12,
        "dvar2": 2.47432111718e+12,
        "max": 42386516,
        "mean": 5014726,
        "median": 4367555,
        "min": 579440.75,
        "stdev": 5134985,
        "var": 2.63680730071e+13
    },
    "spectral_strongpeak": {
        "dmean": 0.232628032565,
        "dmean2": 0.381921738386,
        "dvar": 0.182378008962,
        "dvar2": 0.503329753876,
        "max": 8.74842357635,
        "mean": 0.759759604931,
        "median": 0.631965339184,
        "min": 8.17319059654e-11,
        "stdev": 0.648429453373,
        "var": 0.420460760593
    },
    "zerocrossingrate": {
        "dmean": 0.0072943624109,
        "dmean2": 0.00880835205317,
        "dvar": 0.000258974177996,
        "dvar2": 0.000307134119794,
        "max": 0.52685546875,
        "mean": 0.0324270874262,
        "median": 0.01318359375,
        "min": 0.00146484375,
        "stdev": 0.0708875134587,
        "var": 0.00502503942698
    },
    "barkbands": {
        "dmean": [1.03572292574e-05, 0.00277478969656, 0.00594441173598, 0.00481513142586, 0.00387928588316, 0.000479648908367, 0.000115813971206, 5.44672402611e-05, 7.09953383193e-05, 6.04459710303e-05, 7.38854942028e-05, 0.000105411483673, 0.000124475467601, 5.02643160871e-05, 1.69487539097e-05, 2.69566335191e-05, 2.1599660613e-05, 3.76959396817e-05, 6.4368279709e-05, 4.92001745442e-05, 2.02011215151e-05, 5.43891983398e-05, 0.000105470695416, 0.000106914434582, 4.99056623084e-05, 8.61378066475e-06, 1.06290372059e-06],
        "dmean2": [1.82395251613e-05, 0.00436547817662, 0.00924000330269, 0.00841056182981, 0.00671013910323, 0.000686544750351, 0.000177966314368, 8.27437179396e-05, 0.0001047045007, 9.72301932052e-05, 0.000116554081615, 0.000172061787453, 0.000213335762965, 7.78530811658e-05, 2.72344404948e-05, 4.3144555093e-05, 3.40613551089e-05, 6.30407230346e-05, 0.00010516049224, 8.39728745632e-05, 3.43089959642e-05, 9.44305938901e-05, 0.000172421132447, 0.000176690184162, 7.99894914962e-05, 1.38592367875e-05, 1.81129166776e-06],
        "dvar": [4.26618962379e-10, 5.29357275809e-05, 0.000145036814502, 6.35086398688e-05, 9.28947338252e-05, 9.56837538979e-07, 1.13020703907e-07, 1.27598447364e-08, 2.9478348651e-08, 2.41076243412e-08, 3.39885382061e-08, 1.56784693672e-07, 3.49903501728e-07, 3.76412288006e-08, 3.44120665297e-09, 7.74534658632e-09, 4.84727680217e-09, 2.95467295075e-08, 2.88806603521e-07, 1.08991230263e-07, 2.2872111316e-08, 2.56001470689e-07, 6.47629462946e-07, 4.05932155445e-07, 1.06833347502e-07, 2.69385713736e-09, 1.35209704544e-10],
        "dvar2": [1.27607335809e-09, 0.000149524203152, 0.000410446693422, 0.000180689094122, 0.000277400307823, 1.71183455677e-06, 1.98937243567e-07, 2.63550372637e-08, 5.4870323396e-08, 5.69652485183e-08, 9.51858325493e-08, 4.02542411848e-07, 1.0280261904e-06, 8.85000375206e-08, 8.27309598606e-09, 1.86387580925e-08, 1.21149277277e-08, 7.61101333069e-08, 6.82861013956e-07, 2.98998543258e-07, 5.90427262637e-08, 6.96085521668e-07, 1.630235829e-06, 1.05178492049e-06, 2.65010129397e-07, 6.47790532327e-09, 3.87258947132e-10],
        "max": [0.000330780778313, 0.105289317667, 0.126262888312, 0.0944548398256, 0.18623650074, 0.0170232038945, 0.0107502704486, 0.00198029726744, 0.00470453919843, 0.00334574165754, 0.00278662145138, 0.00968248583376, 0.0111431702971, 0.00347069278359, 0.000976866460405, 0.00125975208357, 0.0012712017633, 0.00281184026971, 0.00970971304923, 0.00568932294846, 0.00362969050184, 0.00922673381865, 0.0155694708228, 0.0101481396705, 0.00841699633747, 0.00119187985547, 0.000295466161333],
        "mean": [1.32051254695e-05, 0.00564885139465, 0.0134530179203, 0.00864286441356, 0.00861100945622, 0.00128347962163, 0.000257738196524, 0.000134002999403, 0.000233654558542, 0.000109364002128, 0.000121731318359, 0.000147955463035, 0.000146627440699, 6.13395532127e-05, 2.17183005589e-05, 3.87140571547e-05, 3.32357449224e-05, 4.59219227196e-05, 5.59512154723e-05, 4.51328014606e-05, 1.6394400518e-05, 4.16681941715e-05, 9.71472036326e-05, 0.000122338678921, 6.45261097816e-05, 1.00128263512e-05, 1.03270087948e-06],
        "median": [5.77117543799e-06, 0.00127091561444, 0.00547376647592, 0.00295740528964, 0.00299789453857, 0.00047129340237, 6.89202133799e-05, 4.91181162943e-05, 6.88399813953e-05, 3.21236439049e-05, 2.7941123335e-05, 1.591513319e-05, 1.18333837236e-05, 7.17497232472e-06, 3.72461818188e-06, 3.47222976416e-06, 2.2541942144e-06, 4.17497085436e-06, 3.344906645e-06, 5.07857657794e-06, 8.59963336097e-07, 1.06912091269e-06, 5.61355409445e-06, 1.03832317109e-05, 4.94879714097e-06, 4.05349794619e-07, 2.62673243157e-08],
        "min": [9.66802287459e-25, 4.27468617853e-24, 5.54194980757e-24, 1.8289383128e-24, 1.29067457524e-23, 1.12508225827e-23, 1.68677488861e-23, 1.1610925753e-23, 1.59460501154e-23, 1.52937063229e-23, 1.45899414213e-23, 5.18592457481e-23, 1.77902901603e-23, 3.60923143899e-23, 7.04439977261e-23, 6.99431657146e-23, 9.31833740139e-23, 7.87935539825e-23, 1.78869615933e-22, 1.82543625158e-22, 2.83485862694e-22, 3.7129842554e-22, 4.50026390472e-22, 6.25767838438e-22, 9.34145102591e-22, 1.41741517708e-21, 1.9940271109e-21],
        "stdev": [2.570370998e-05, 0.0117909880355, 0.0190462339669, 0.0131412483752, 0.0197659283876, 0.00208912231028, 0.00066403253004, 0.000209967940464, 0.000441562791821, 0.000229578465223, 0.000249657750828, 0.000535292725544, 0.000553452642635, 0.000217740380322, 6.86009589117e-05, 0.000114030597615, 8.62834422151e-05, 0.000158824870596, 0.000490440812428, 0.000265987066086, 0.000129221312818, 0.000407778046792, 0.000704569916707, 0.000571649172343, 0.000347219844116, 5.80812593398e-05, 9.63070851867e-06],
        "var": [6.60680676834e-10, 0.000139027397381, 0.000362759048585, 0.000172692409251, 0.000390691944631, 4.36443178842e-06, 4.40939231794e-07, 4.40865335349e-08, 1.9497770154e-07, 5.27062731237e-08, 6.2328993522e-08, 2.86538295313e-07, 3.06309857478e-07, 4.7410871673e-08, 4.70609151648e-09, 1.30029764733e-08, 7.44483230619e-09, 2.5225340039e-08, 2.40532187945e-07, 7.07491167873e-08, 1.66981468652e-08, 1.66282944747e-07, 4.96418806506e-07, 3.26782782167e-07, 1.20561622907e-07, 3.37343264434e-09, 9.27505433568e-11]
    },
    "erbbands": {
        "dmean": [0.0183623265475, 0.871731221676, 6.09117269516, 10.6125183105, 19.8535346985, 8.14638519287, 3.84356021881, 3.45443177223, 1.6886305809, 1.49599778652, 1.54169952869, 1.1705738306, 1.71471786499, 2.82915186882, 2.47360444069, 4.42295360565, 5.31612205505, 3.17343664169, 1.19087266922, 0.902094125748, 1.45129776001, 1.26268553734, 2.13147759438, 2.65124201775, 2.97580695152, 2.37722420692, 1.01621103287, 0.815092384815, 1.6786699295, 2.81044435501, 3.16675162315, 2.74506473541, 1.48098826408, 0.698945403099, 0.267100542784, 0.0628181248903, 0.0122218038887, 0.00272824475542, 0.000113260241051, 1.90246810234e-05],
        "dmean2": [0.0302018690854, 1.34795546532, 9.47066116333, 17.8118534088, 35.4253807068, 12.7273578644, 5.60982513428, 5.08109951019, 2.42901682854, 2.40521287918, 2.25701642036, 1.75062704086, 2.74655294418, 4.23827648163, 4.12413597107, 7.19968032837, 9.00301933289, 4.98325872421, 1.87770617008, 1.423132658, 2.31746840477, 1.97588849068, 3.54465818405, 4.41919851303, 4.9360704422, 4.09060525894, 1.68602931499, 1.36919677258, 2.92306280136, 4.77058744431, 5.15391492844, 4.6097869873, 2.39467906952, 1.11623227596, 0.42258888483, 0.103531524539, 0.0192494764924, 0.00443684123456, 0.000187240962987, 3.11836593028e-05],
        "dvar": [0.00178829801735, 4.84801387787, 165.35949707, 319.421020508, 1580.21362305, 1088.48876953, 55.9768486023, 55.8618049622, 15.3286151886, 17.4961700439, 13.8208065033, 7.79135131836, 21.4696140289, 32.1836585999, 57.3575553894, 325.372070312, 591.602478027, 175.267333984, 19.4205265045, 9.51711559296, 23.4571800232, 18.5597953796, 91.0591125488, 415.023040771, 502.113189697, 288.96282959, 40.9143295288, 38.6984214783, 207.748016357, 816.087097168, 515.625793457, 316.877746582, 65.1170272827, 16.5385856628, 2.96535277367, 0.182744860649, 0.00639200070873, 0.000678822747432, 1.24719542782e-06, 1.3072711802e-09],
        "dvar2": [0.00534432148561, 13.5132722855, 449.92855835, 895.766540527, 5441.53320312, 2068.11328125, 99.7534713745, 101.971168518, 24.2763633728, 37.7405700684, 23.8457622528, 15.7658157349, 50.299533844, 72.7902755737, 165.501403809, 834.809143066, 1704.58642578, 434.863677979, 40.7177047729, 23.8214130402, 55.5437507629, 47.1100387573, 233.544158936, 1056.09118652, 1110.18151855, 799.724365234, 98.2275390625, 99.943649292, 559.116638184, 2193.46118164, 1297.9510498, 841.306762695, 156.013793945, 39.8636016846, 7.3588757515, 0.458304286003, 0.0156337358057, 0.00179949391168, 3.46468596035e-06, 3.51788820296e-09],
        "max": [0.691534817219, 31.3436164856, 152.741409302, 202.307647705, 434.322631836, 1121.09875488, 151.817871094, 152.088165283, 103.726295471, 106.623031616, 101.580169678, 68.4406356812, 95.2571182251, 81.7349090576, 133.590057373, 453.711456299, 433.588409424, 247.531295776, 61.3353919983, 40.1116790771, 71.536529541, 87.9168777466, 190.43157959, 325.874481201, 383.542724609, 322.74230957, 108.271362305, 150.560028076, 250.508041382, 646.819946289, 361.009429932, 297.029632568, 156.570251465, 99.0524215698, 44.7775688171, 9.79888343811, 2.08605647087, 0.720459401608, 0.0290369000286, 0.000774185988121],
        "mean": [0.0361294001341, 1.86145353317, 13.8048057556, 23.6800804138, 36.8104476929, 23.744512558, 10.7185096741, 8.89612674713, 4.52046537399, 3.05162239075, 4.47639656067, 3.70866417885, 3.85264444351, 5.37844610214, 4.08333158493, 6.2632894516, 6.75944185257, 4.239985466, 1.7133243084, 1.24611544609, 2.23944044113, 2.00386619568, 2.73705029488, 2.32454419136, 2.89182138443, 2.14400720596, 0.864435195923, 0.659211099148, 1.28406691551, 2.29806733131, 2.93083715439, 2.8474855423, 1.80768477917, 0.932849884033, 0.334406763315, 0.0718731060624, 0.0143611244857, 0.00293760723434, 0.000132921792101, 4.74467669846e-05],
        "median": [0.0129643036053, 0.519433498383, 5.95621395111, 13.0281972885, 17.1346607208, 7.21907567978, 4.13096618652, 3.62759995461, 1.62512028217, 1.04768061638, 1.33804154396, 1.20510017872, 1.5378125906, 1.65047383308, 0.809101045132, 0.643481433392, 0.606567680836, 0.461044281721, 0.251976072788, 0.233585551381, 0.180186972022, 0.146927461028, 0.233198687434, 0.173109263182, 0.274989753962, 0.237055376172, 0.0628065392375, 0.0266196914017, 0.0387319736183, 0.0853729769588, 0.182680726051, 0.202037766576, 0.151660501957, 0.0705646649003, 0.0257242638618, 0.00281665008515, 0.000686880550347, 0.000125495396787, 2.28937078646e-05, 3.42452876794e-05],
        "min": [8.35007438019e-23, 1.27717252034e-21, 7.47505752002e-21, 1.20572657207e-20, 3.74328049255e-20, 3.95821852796e-20, 2.03629846358e-20, 1.09978082685e-19, 3.0679942804e-19, 2.16848318562e-19, 2.1758952409e-19, 2.54423101285e-19, 6.42400923117e-19, 7.41654428214e-19, 8.32906460151e-19, 1.93610948829e-18, 1.24117944265e-18, 2.19388812528e-18, 2.90919669589e-18, 4.24074655105e-18, 5.10558083867e-18, 6.09123064503e-18, 6.22765009883e-18, 7.59464877913e-18, 8.72404396439e-18, 9.17923235649e-18, 9.4430640944e-18, 1.33834340681e-17, 1.35351803514e-17, 1.32890957736e-17, 1.29490964177e-17, 1.06047706087e-17, 1.16513459895e-17, 8.47462088556e-18, 6.91427907683e-18, 4.65408001774e-18, 2.70177474664e-18, 1.13510490283e-18, 2.4677462745e-19, 2.96133535039e-20],
        "stdev": [0.062383826822, 3.67209458351, 21.4091358185, 30.0860157013, 58.3070335388, 93.5943069458, 18.9540138245, 15.5254030228, 9.21510028839, 6.63610124588, 9.14015388489, 6.60012483597, 6.80514431, 9.20906829834, 10.2526483536, 23.7515640259, 23.9415779114, 14.6939840317, 5.61354446411, 3.34328103065, 6.51108264923, 5.15521764755, 9.02599143982, 17.600687027, 21.4004802704, 13.5072069168, 5.82370233536, 5.3121919632, 11.7500247955, 23.3485088348, 19.8816738129, 15.1469717026, 8.0434923172, 4.60563898087, 1.81288409233, 0.453143298626, 0.0822808966041, 0.0231247451156, 0.000978839583695, 5.12721453561e-05],
        "var": [0.0038917416241, 13.4842786789, 458.351074219, 905.168334961, 3399.70996094, 8759.89453125, 359.254638672, 241.038131714, 84.9180679321, 44.0378417969, 83.5424118042, 43.5616493225, 46.3099899292, 84.8069381714, 105.116798401, 564.136779785, 573.199157715, 215.913162231, 31.5118789673, 11.1775274277, 42.3941955566, 26.5762672424, 81.4685287476, 309.784210205, 457.980529785, 182.444625854, 33.9155082703, 28.2193813324, 138.063079834, 545.152893066, 395.280944824, 229.430755615, 64.697769165, 21.2119121552, 3.28654885292, 0.205338850617, 0.0067701456137, 0.00053475383902, 9.58126861406e-07, 2.62883292912e-09]
    },
    "gfcc": {
        "mean": [-133.012191772, 130.644668579, -50.1766319275, 28.0403556824, -50.4248161316, 21.8876667023, -43.8469619751, 0.713782250881, -32.3097877502, -19.7338275909, -9.50223922729, -14.4543457031, -12.447347641],
        "cov": [[35628.7382812, 624.337097168, -1603.4407959, 1825.75866699, -1905.02148438, 901.972717285, -1541.07312012, 723.801635742, -936.381591797, -899.186645508, 24.0435333252, -325.651641846, -553.053771973], [624.337097168, 2759.07128906, 659.722106934, -829.503479004, 170.189437866, -83.8164138794, 333.226257324, -320.744750977, 50.3096580505, -177.274780273, -10.7844524384, -224.186950684, 111.220924377], [-1603.4407959, 659.722106934, 905.907775879, -232.311584473, 90.8920669556, -91.7574462891, 143.514312744, -56.5390930176, 7.87369537354, -124.766395569, -73.5877990723, -0.55308163166, 48.801902771], [1825.75866699, -829.503479004, -232.311584473, 713.265014648, -78.1063613892, 24.8783473969, -208.191833496, 221.329559326, 3.13059711456, -90.6460113525, 35.8783111572, 48.7098655701, -46.9217529297], [-1905.02148438, 170.189437866, 90.8920669556, -78.1063613892, 355.271972656, -52.3212661743, 106.494110107, -33.2905044556, 92.141784668, 102.222511292, -10.2216901779, -30.3375759125, 34.9046173096], [901.972717285, -83.8164138794, -91.7574462891, 24.8783473969, -52.3212661743, 239.718460083, 20.3601379395, 1.73750436306, -57.7163963318, 9.22108745575, 93.0081100464, -38.6024513245, -30.8429851532], [-1541.07312012, 333.226257324, 143.514312744, -208.191833496, 106.494110107, 20.3601379395, 294.07119751, -98.0570907593, 1.06667304039, 60.0558357239, 50.7791137695, -17.0201339722, 14.4270324707], [723.801635742, -320.744750977, -56.5390930176, 221.329559326, -33.2905044556, 1.73750436306, -98.0570907593, 201.235610962, 30.5564441681, -61.6397361755, -4.2344455719, 35.0554924011, 5.46757364273], [-936.381591797, 50.3096580505, 7.87369537354, 3.13059711456, 92.141784668, -57.7163963318, 1.06667304039, 30.5564441681, 188.134277344, -12.19115448, -25.5287132263, 19.8599796295, 38.2604179382], [-899.186645508, -177.274780273, -124.766395569, -90.6460113525, 102.222511292, 9.22108745575, 60.0558357239, -61.6397361755, -12.19115448, 268.19921875, -20.8502101898, -3.85875630379, 26.2026176453], [24.0435333252, -10.7844524384, -73.5877990723, 35.8783111572, -10.2216901779, 93.0081100464, 50.7791137695, -4.2344455719, -25.5287132263, -20.8502101898, 159.562957764, -28.8365020752, -23.593952179], [-325.651641846, -224.186950684, -0.55308163166, 48.7098655701, -30.3375759125, -38.6024513245, -17.0201339722, 35.0554924011, 19.8599796295, -3.85875630379, -28.8365020752, 118.787033081, -7.16509103775], [-553.053771973, 111.220924377, 48.801902771, -46.9217529297, 34.9046173096, -30.8429851532, 14.4270324707, 5.46757364273, 38.2604179382, 26.2026176453, -23.593952179, -7.16509103775, 98.2439193726]],
        "icov": [[0.000176345944055, -0.000504051335156, 0.00026389703271, -0.000550151511561, 0.000582867476624, -0.000558785395697, 0.000540960521903, -0.000574489880819, 0.000545553280972, -0.000265802547801, 0.000528940057848, 4.57869427919e-05, 0.000728328130208], [-0.000504051335156, 0.00243802811019, -0.000923508778214, 0.00235002348199, -0.00185580400284, 0.00179982429836, -0.00193207012489, 0.00228449748829, -0.00169376446865, 0.00199052784592, -0.0013970641885, 0.00125418195967, -0.0027507902123], [0.00026389703271, -0.000923508778214, 0.00215793587267, -0.000619637838099, 0.000273995188763, -0.000739572860766, 3.17611447826e-05, -0.00091436150251, 0.00152700277977, 0.000933283998165, 0.00180338637438, -0.000412004592363, 0.000439338997239], [-0.000550151511561, 0.00235002348199, -0.000619637838099, 0.00497416174039, -0.0022902530618, 0.00200708932243, -0.000901434221305, 3.46940578311e-05, -0.00151505100075, 0.00206314050592, -0.00238150032237, 0.000433855457231, -0.00200025108643], [0.000582867476624, -0.00185580400284, 0.000273995188763, -0.0022902530618, 0.00669603515416, -0.000960507895797, 0.000668688328005, -0.00229199114256, -0.000617786543444, -0.00331190391444, 0.00137858849484, 0.00172231544275, 0.00308159855194], [-0.000558785395697, 0.00179982429836, -0.000739572860766, 0.00200708932243, -0.000960507895797, 0.00803020689636, -0.0021053950768, 0.00106216117274, -0.00100994703826, 0.000210010373848, -0.00465542823076, 0.00174880714621, -0.00139805406798], [0.000540960521903, -0.00193207012489, 3.17611447826e-05, -0.000901434221305, 0.000668688328005, -0.0021053950768, 0.00783201493323, -0.000832850113511, 0.00172908604145, -0.00213783676736, -0.00116290117148, -0.00144134089351, 0.00229633110575], [-0.000574489880819, 0.00228449748829, -0.00091436150251, 3.46940578311e-05, -0.00229199114256, 0.00106216117274, -0.000832850113511, 0.011195464991, -0.00269102281891, 0.00300017534755, -0.00133087544236, -0.00101348559838, -0.00484821386635], [0.000545553280972, -0.00169376446865, 0.00152700277977, -0.00151505100075, -0.000617786543444, -0.00100994703826, 0.00172908604145, -0.00269102281891, 0.0093955937773, 0.000754537293687, 0.00206778338179, -0.00157156679779, -0.000173537104274], [-0.000265802547801, 0.00199052784592, 0.000933283998165, 0.00206314050592, -0.00331190391444, 0.000210010373848, -0.00213783676736, 0.00300017534755, 0.000754537293687, 0.00823593325913, 0.00124810694251, 0.000420264346758, -0.00399848865345], [0.000528940057848, -0.0013970641885, 0.00180338637438, -0.00238150032237, 0.00137858849484, -0.00465542823076, -0.00116290117148, -0.00133087544236, 0.00206778338179, 0.00124810694251, 0.011762406677, 0.00157201814, 0.00262079411186], [4.57869427919e-05, 0.00125418195967, -0.000412004592363, 0.000433855457231, 0.00172231544275, 0.00174880714621, -0.00144134089351, -0.00101348559838, -0.00157156679779, 0.000420264346758, 0.00157201814, 0.0125652514398, 0.00124883616809], [0.000728328130208, -0.0027507902123, 0.000439338997239, -0.00200025108643, 0.00308159855194, -0.00139805406798, 0.00229633110575, -0.00484821386635, -0.000173537104274, -0.00399848865345, 0.00262079411186, 0.00124883616809, 0.0164727158844]]
    },
    "melbands": {
        "dmean": [0.000436999398516, 0.0023892975878, 0.00210919440724, 0.000989657710306, 0.000148148988956, 7.85405354691e-05, 2.61073182628e-05, 1.49368688653e-05, 1.38952591442e-05, 7.68098016124e-06, 8.91450417839e-06, 1.12757034003e-05, 8.77179900272e-06, 1.00921342892e-05, 1.34196925501e-05, 1.18722273328e-05, 5.52966821488e-06, 2.15755289901e-06, 1.24340931507e-06, 1.70009400335e-06, 1.69580050624e-06, 1.23474308111e-06, 2.01273292078e-06, 1.62511287272e-06, 2.23495567298e-06, 2.6445839012e-06, 1.90913988263e-06, 1.50365440277e-06, 6.82399615926e-07, 4.20691236513e-07, 4.74449024068e-07, 8.39153358356e-07, 1.3060235915e-06, 1.62244646162e-06, 1.86033503269e-06, 1.76823698439e-06, 1.70324415194e-06, 1.12941484076e-06, 8.03710406672e-07, 5.35392985057e-07],
        "dmean2": [0.000698129239026, 0.00370824057609, 0.0036425483413, 0.00171517138369, 0.000214796862565, 0.00011442106188, 3.83208425774e-05, 2.41034485953e-05, 2.02243445528e-05, 1.14743907034e-05, 1.42646040331e-05, 1.68660062627e-05, 1.45476469697e-05, 1.68935512193e-05, 2.16502376134e-05, 2.05234900932e-05, 8.71433621796e-06, 3.43967508343e-06, 2.02822366191e-06, 2.68980943474e-06, 2.694207069e-06, 1.98463544621e-06, 3.26242866322e-06, 2.69944166575e-06, 3.82501957574e-06, 4.33756304119e-06, 3.16541422762e-06, 2.62205139734e-06, 1.16575938591e-06, 6.97355915236e-07, 8.0749970266e-07, 1.43879287862e-06, 2.28290150517e-06, 2.73390264738e-06, 3.03969250126e-06, 2.90485036203e-06, 2.91836408906e-06, 1.88006072221e-06, 1.27342343603e-06, 8.3971406184e-07],
        "dvar": [1.271873316e-06, 2.44067869062e-05, 1.0232313798e-05, 5.50595632376e-06, 1.57349560936e-07, 2.70056634832e-08, 4.20956780545e-09, 1.48196388494e-09, 1.35103472854e-09, 2.95900082214e-10, 5.78364522941e-10, 5.06880593054e-10, 6.62154719944e-10, 1.23024157528e-09, 2.86546852912e-09, 3.89639165377e-09, 5.27664745231e-10, 8.14892736622e-11, 1.81301345464e-11, 3.20063905934e-11, 3.42280752352e-11, 1.51447378943e-11, 6.99321503483e-11, 5.47648072724e-11, 3.25690557856e-10, 5.3370169395e-10, 1.09079231758e-10, 1.42836478756e-10, 1.91068029454e-11, 8.97892871166e-12, 1.42929548405e-11, 4.25918987579e-11, 1.82144105354e-10, 2.70585026607e-10, 1.90804330669e-10, 1.50575982238e-10, 1.20410556526e-10, 3.61279790806e-11, 2.565345332e-11, 8.24945060179e-12],
        "dvar2": [3.66967719856e-06, 6.64818217047e-05, 3.06171095872e-05, 1.57068116096e-05, 2.86689470386e-07, 4.94948402263e-08, 6.76425182533e-09, 3.16079340479e-09, 2.26218443977e-09, 6.26005913773e-10, 1.37162103897e-09, 1.16616560852e-09, 1.97493865706e-09, 3.40650929687e-09, 7.23734672192e-09, 1.1574385006e-08, 1.27343036116e-09, 1.74170233791e-10, 4.47475390075e-11, 7.9552933685e-11, 7.93030571766e-11, 3.84398901598e-11, 1.84009141257e-10, 1.40069428278e-10, 8.44970260427e-10, 1.20060672515e-09, 2.71343642e-10, 4.00950939117e-10, 4.72211401925e-11, 2.10910160864e-11, 3.79947115436e-11, 1.12154736887e-10, 5.02977937078e-10, 7.17007953011e-10, 4.82739070939e-10, 3.84936332809e-10, 3.29170635194e-10, 8.78048536657e-11, 6.12528569532e-11, 1.95830331118e-11],
        "max": [0.0170850101858, 0.0627028718591, 0.0309977997094, 0.0485663339496, 0.0141025092453, 0.00316552724689, 0.00196658819914, 0.000959776982199, 0.00109267188236, 0.000368746375898, 0.000491294951644, 0.000315561657771, 0.000461483927211, 0.000753386237193, 0.00111458892934, 0.0012806073064, 0.000470262515591, 0.000135639711516, 6.43380917609e-05, 7.51294719521e-05, 8.87985515874e-05, 6.54288596706e-05, 0.000177481444553, 0.000113003115985, 0.000286474183667, 0.000410417414969, 0.000143869401654, 0.00023977496312, 6.01232350164e-05, 7.41339754313e-05, 9.06230779947e-05, 0.000105955870822, 0.000259464373812, 0.000397596013499, 0.000238271488342, 0.000256297993474, 0.000209552643355, 9.87030434771e-05, 0.000132711036713, 6.57861601212e-05],
        "mean": [0.000879941508174, 0.00559793459252, 0.00455442303792, 0.00223715323955, 0.000429196952609, 0.000207549295737, 6.70667359373e-05, 3.05773028231e-05, 4.08775485994e-05, 2.43109152507e-05, 1.92349743884e-05, 2.12684099097e-05, 1.41484115375e-05, 1.48101134982e-05, 1.73404823727e-05, 1.37343849929e-05, 7.04551712261e-06, 2.87818852485e-06, 1.59451337822e-06, 2.14031479118e-06, 2.6137408895e-06, 1.86762315479e-06, 2.66353481493e-06, 1.98259226636e-06, 1.81014513601e-06, 2.39243377109e-06, 1.91075491784e-06, 1.27605949274e-06, 5.648134902e-07, 3.58841930392e-07, 3.74936519165e-07, 6.39634436084e-07, 9.88859937934e-07, 1.35810330448e-06, 1.67307405263e-06, 1.71090994172e-06, 1.76891546744e-06, 1.33688274673e-06, 9.72466068561e-07, 7.31930583697e-07],
        "median": [0.000210141370189, 0.00278909318149, 0.00280221621506, 0.000798458931968, 0.000166270285263, 8.31259822007e-05, 2.39123310166e-05, 1.03348074845e-05, 1.03638003566e-05, 8.04778301244e-06, 7.23363382349e-06, 6.45158661428e-06, 2.96624239127e-06, 1.63601828262e-06, 1.50346772898e-06, 1.1114868812e-06, 7.43183193208e-07, 3.44112976336e-07, 3.1703092418e-07, 2.30649035871e-07, 1.83284896593e-07, 1.29657578896e-07, 1.73141245341e-07, 2.03436428592e-07, 1.11398989588e-07, 1.29495731471e-07, 2.4819837563e-07, 1.16882489465e-07, 3.08652019498e-08, 1.57413300172e-08, 1.06451247817e-08, 1.56088919567e-08, 2.17225810673e-08, 4.98936110205e-08, 8.58010551497e-08, 1.07935179017e-07, 1.22543070802e-07, 1.10648770146e-07, 6.635446681e-08, 4.54261233074e-08],
        "min": [9.95115885854e-25, 3.5381614612e-24, 3.71887687282e-24, 3.93775500844e-24, 9.52345326688e-25, 2.43580565453e-24, 3.9647833552e-24, 3.04422350236e-24, 1.67535222215e-24, 1.69924701618e-24, 3.00113236985e-24, 2.10377922711e-24, 1.79671295039e-24, 4.52306613429e-24, 4.55091213538e-24, 2.50859799177e-24, 2.60042751481e-24, 3.95266211297e-24, 5.21003618727e-24, 4.81829456705e-24, 5.29435476841e-24, 4.81844839493e-24, 5.56839518613e-24, 3.95522867192e-24, 6.3037859159e-24, 6.75873619944e-24, 5.62506064267e-24, 5.46665540075e-24, 4.71658830826e-24, 6.51049429434e-24, 5.86434029902e-24, 6.59554769942e-24, 6.17804503748e-24, 7.68151965395e-24, 6.65925926157e-24, 6.0225830356e-24, 5.96496936825e-24, 7.61095999029e-24, 6.60805706122e-24, 6.66997357038e-24],
        "stdev": [0.00177138915751, 0.00843074545264, 0.00509704928845, 0.00507111102343, 0.00113795977086, 0.000340551021509, 0.00014214075054, 6.2324157625e-05, 9.47877560975e-05, 4.01798533858e-05, 3.49505862687e-05, 3.62467217201e-05, 3.32440831698e-05, 4.85649434268e-05, 6.5713749791e-05, 5.54764810659e-05, 2.54022052104e-05, 1.08183503471e-05, 4.6224918151e-06, 6.56071279082e-06, 7.90255307948e-06, 4.83734038426e-06, 8.19506476546e-06, 6.94003665558e-06, 1.5288404029e-05, 2.17732595047e-05, 9.35396656132e-06, 9.30948317546e-06, 3.87927548218e-06, 2.78010793409e-06, 3.13699956678e-06, 5.45234206584e-06, 1.06757534013e-05, 1.36715198096e-05, 1.2038362911e-05, 1.06424167825e-05, 9.14399151952e-06, 5.80915775572e-06, 5.34275704922e-06, 3.44735940416e-06],
        "var": [3.13781947625e-06, 7.10774766048e-05, 2.5979912607e-05, 2.57161664194e-05, 1.29495231249e-06, 1.15974991388e-07, 2.02039949215e-08, 3.88430088094e-09, 8.98471874677e-09, 1.61442059721e-09, 1.22154353299e-09, 1.31382493773e-09, 1.10516895635e-09, 2.35855357467e-09, 4.31829683123e-09, 3.07764014273e-09, 6.45272002497e-10, 1.17036713654e-10, 2.13674303945e-11, 4.30429546172e-11, 6.24503504465e-11, 2.33998601745e-11, 6.71590838497e-11, 4.81641081185e-11, 2.3373528113e-10, 4.74074834944e-10, 8.74966973874e-11, 8.66664795485e-11, 1.50487781958e-11, 7.72899973189e-12, 9.84076622274e-12, 2.97280325356e-11, 1.13971714011e-10, 1.86910459332e-10, 1.44922171486e-10, 1.13261039436e-10, 8.36125890746e-11, 3.37463113009e-11, 2.8545051739e-11, 1.18842860899e-11]
    },
    "melbands128": {
