{
"lowlevel": {
    "average_loudness": 0.908060669899,
    "barkbands_crest": {
        "dmean": 2.21698522568,
        "dmean2": 3.47481632233,
        "dvar": 6.02016210556,
        "dvar2": 13.1710777283,
        "max": 26.3237075806,
        "mean": 13.3274087906,
        "median": 13.2248926163,
        "min": 3.41316795349,
        "stdev": 3.69148588181,
        "var": 13.6270675659
    },
    "barkbands_flatness_db": {
        "dmean": 0.0367590561509,
        "dmean2": 0.0493153147399,
        "dvar": 0.00119528861251,
        "dvar2": 0.00191145064309,
        "max": 0.508915364742,
        "mean": 0.256411284208,
        "median": 0.246988520026,
        "min": 0.0497091040015,
        "stdev": 0.087385006249,
        "var": 0.007636139635
    },
    "barkbands_kurtosis": {
        "dmean": 18.6486053467,
        "dmean2": 28.6025161743,
        "dvar": 1079.67944336,
        "dvar2": 2317.66430664,
        "max": 516.171691895,
        "mean": 35.4444351196,
        "median": 14.1061630249,
        "min": -1.88413846493,
        "stdev": 53.3608970642,
        "var": 2847.38525391
    },
    "barkbands_skewness": {
        "dmean": 1.22201514244,
        "dmean2": 1.82475221157,
        "dvar": 2.00932240486,
        "dvar2": 4.23158836365,
        "max": 19.0685958862,
        "mean": 3.94046521187,
        "median": 3.39683222771,
        "min": -1.93725132942,
        "stdev": 2.8380188942,
        "var": 8.05435085297
    },
    "barkbands_spread": {
        "dmean": 4.43300867081,
        "dmean2": 6.3392124176,
        "dvar": 49.8880119324,
        "dvar2": 97.208480835,
        "max": 81.4741973877,
        "mean": 10.3729763031,
        "median": 6.96338176727,
        "min": 0.222507834435,
        "stdev": 11.4346694946,
        "var": 130.751663208
    },
    "dissonance": {
        "dmean": 0.038633864373,
        "dmean2": 0.0637011304498,
        "dvar": 0.00147760380059,
        "dvar2": 0.00357860606164,
        "max": 0.499999463558,
        "mean": 0.422410994768,
        "median": 0.435235649347,
        "min": 0.0223605353385,
        "stdev": 0.0541537217796,
        "var": 0.00293262558989
    },
    "dynamic_complexity": 2.94250154495,
    "erbbands_crest": {
        "dmean": 3.79686069489,
        "dmean2": 5.92991399765,
        "dvar": 11.4868478775,
        "dvar2": 25.6187763214,
        "max": 31.8945426941,
        "mean": 13.3258514404,
        "median": 11.9586782455,
        "min": 3.27744269371,
        "stdev": 6.34782552719,
        "var": 40.2948913574
    },
    "erbbands_flatness_db": {
        "dmean": 0.0245972182602,
        "dmean2": 0.0362245179713,
        "dvar": 0.000559838605113,
        "dvar2": 0.00111236493103,
        "max": 0.398747831583,
        "mean": 0.172719731927,
        "median": 0.166978448629,
        "min": 0.064498193562,
        "stdev": 0.051596943289,
        "var": 0.00266224471852
    },
    "erbbands_kurtosis": {
        "dmean": 2.03530979156,
        "dmean2": 3.10621786118,
        "dvar": 10.8334360123,
        "dvar2": 25.5709877014,
        "max": 40.9974021912,
        "mean": 2.20119285583,
        "median": 0.805629730225,
        "min": -1.8439207077,
        "stdev": 4.47995853424,
        "var": 20.0700263977
    },
    "erbbands_skewness": {
        "dmean": 0.583270788193,
        "dmean2": 0.862462043762,
        "dvar": 0.313410520554,
        "dvar2": 0.693015754223,
        "max": 5.27486515045,
        "mean": 0.533363223076,
        "median": 0.453415632248,
        "min": -2.95445561409,
        "stdev": 0.993397176266,
        "var": 0.986837923527
    },
    "erbbands_spread": {
        "dmean": 12.1037549973,
        "dmean2": 18.4766693115,
        "dvar": 239.170837402,
        "dvar2": 494.470123291,
        "max": 196.586349487,
        "mean": 37.5968513489,
        "median": 32.1175079346,
        "min": 2.59948825836,
        "stdev": 25.3682498932,
        "var": 643.548095703
    },
    "hfc": {
        "dmean": 7.4105091095,
        "dmean2": 10.3916435242,
        "dvar": 100.354446411,
        "dvar2": 192.711120605,
        "max": 111.169517517,
        "mean": 19.1146240234,
        "median": 13.9268627167,
        "min": 1.2706006399e-16,
        "stdev": 15.7724666595,
        "var": 248.770706177
    },
    "loudness_ebu128": {
        "integrated": -12.604511261,
        "loudness_range": 6.92415046692,
        "momentary": {
            "dmean": 0.862750947475,
            "dmean2": 1.03541326523,
            "dvar": 0.771798491478,
            "dvar2": 1.08068335056,
            "max": -6.59517478943,
            "mean": -13.6269321442,
            "median": -13.2202348709,
            "min": -22.4396362305,
            "stdev": 3.20772957802,
            "var": 10.2895298004
        },
        "short_term": {
            "dmean": 0.117217466235,
            "dmean2": 0.141796976328,
            "dvar": 0.0208980385214,
            "dvar2": 0.0248373467475,
            "max": -9.96217060089,
            "mean": -12.9540710449,
            "median": -12.0866785049,
            "min": -18.3545093536,
            "stdev": 2.31690382957,
            "var": 5.3680434227
        }
    },
    "melbands_crest": {
        "dmean": 2.95953774452,
        "dmean2": 4.45642471313,
        "dvar": 8.72435760498,
        "dvar2": 19.5201644897,
        "max": 36.919380188,
        "mean": 26.7146434784,
        "median": 29.4487476349,
        "min": 1.85650324821,
        "stdev": 7.8079996109,
        "var": 60.9648590088
    },
    "melbands_flatness_db": {
        "dmean": 0.0412615425885,
        "dmean2": 0.0537671670318,
        "dvar": 0.00159810716286,
        "dvar2": 0.00242969556712,
        "max": 0.637204229832,
        "mean": 0.335121631622,
        "median": 0.335025846958,
        "min": 0.00497821066529,
        "stdev": 0.112572327256,
        "var": 0.0126725286245
    },
    "melbands_kurtosis": {
        "dmean": 54.6323776245,
        "dmean2": 83.2352218628,
        "dvar": 16464.8398438,
        "dvar2": 36072.6953125,
        "max": 1953.77075195,
        "mean": 94.9493484497,
        "median": 26.4130783081,
        "min": -1.41227591038,
        "stdev": 191.328933716,
        "var": 36606.7617188
    },
    "melbands_skewness": {
        "dmean": 1.89068210125,
        "dmean2": 2.82028961182,
        "dvar": 6.52171039581,
        "dvar2": 13.4796485901,
        "max": 33.6212882996,
        "mean": 5.8881354332,
        "median": 4.5329709053,
        "min": -0.910339772701,
        "stdev": 5.01079177856,
        "var": 25.1080360413
    },
    "melbands_spread": {
        "dmean": 4.53330612183,
        "dmean2": 6.51179599762,
        "dvar": 73.9238204956,
        "dvar2": 125.169578552,
        "max": 155.358093262,
        "mean": 10.7599601746,
        "median": 6.34113121033,
        "min": 0.185652107,
        "stdev": 15.1439943314,
        "var": 229.340560913
    },
    "pitch_salience": {
        "dmean": 0.0726635381579,
        "dmean2": 0.112446211278,
        "dvar": 0.00515488442034,
        "dvar2": 0.0123785668984,
        "max": 0.952916443348,
        "mean": 0.333232372999,
        "median": 0.293487668037,
        "min": 0.0729188770056,
        "stdev": 0.130332350731,
        "var": 0.0169865228236
    },
    "silence_rate_20dB": {
        "dmean": 0.0417956672609,
        "dmean2": 0.0836560800672,
        "dvar": 0.0400489345193,
        "dvar2": 0.0813047960401,
        "max": 1,
        "mean": 0.949729323387,
        "median": 1,
        "min": 0,
        "stdev": 0.218501552939,
        "var": 0.0477429255843
    },
    "silence_rate_30dB": {
        "dmean": 0.061919502914,
        "dmean2": 0.123934932053,
        "dvar": 0.0580858029425,
        "dvar2": 0.131813332438,
        "max": 1,
        "mean": 0.529002308846,
        "median": 1,
        "min": 0,
        "stdev": 0.499158233404,
        "var": 0.249158933759
    },
    "silence_rate_60dB": {
        "dmean": 0.011609907262,
        "dmean2": 0.0232378002256,
        "dvar": 0.0114748496562,
        "dvar2": 0.0226975865662,
        "max": 1,
        "mean": 0.0224284604192,
        "median": 0,
        "min": 0,
        "stdev": 0.148073792458,
        "var": 0.0219258461148
    },
    "spectral_centroid": {
        "dmean": 285.303100586,
        "dmean2": 395.496520996,
        "dvar": 191945.859375,
        "dvar2": 282959.125,
        "max": 10789.5771484,
        "mean": 981.731323242,
        "median": 844.003173828,
        "min": 109.853782654,
        "stdev": 666.766845703,
        "var": 444578
    },
    "spectral_complexity": {
        "dmean": 3.20510840416,
        "dmean2": 4.66924858093,
        "dvar": 18.2916870117,
        "dvar2": 31.9409885406,
        "max": 51,
        "mean": 10.6148490906,
        "median": 9,
        "min": 0,
        "stdev": 7.15177536011,
        "var": 51.1478881836
    },
    "spectral_decrease": {
        "dmean": 7.57810791896e-09,
        "dmean2": 1.11494466992e-08,
        "dvar": 1.4917649129e-16,
        "dvar2": 2.54571199495e-16,
        "max": 5.92729578747e-30,
        "mean": -3.01460971741e-08,
        "median": -2.49711433753e-08,
        "min": -1.38791065751e-07,
        "stdev": 2.66632600443e-08,
        "var": 7.10929416888e-16
    },
    "spectral_energy": {
        "dmean": 0.0289591494948,
        "dmean2": 0.0425466559827,
        "dvar": 0.00214909785427,
        "dvar2": 0.00366130936891,
        "max": 0.526989221573,
        "mean": 0.115512102842,
        "median": 0.0954594016075,
        "min": 1.15023559689e-20,
        "stdev": 0.101327195764,
        "var": 0.0102671999484
    },
    "spectral_energyband_high": {
        "dmean": 0.000360844598617,
        "dmean2": 0.000513633771334,
        "dvar": 6.99417910255e-07,
        "dvar2": 1.34920264827e-06,
        "max": 0.00903787836432,
        "mean": 0.000508942059241,
        "median": 0.000188456688193,
        "min": 8.32740009439e-21,
        "stdev": 0.00105607754085,
        "var": 1.11529971036e-06
    },
    "spectral_energyband_low": {
        "dmean": 0.0264103896916,
        "dmean2": 0.037052847445,
        "dvar": 0.00222390587442,
        "dvar2": 0.00373173248954,
        "max": 0.51969909668,
        "mean": 0.0970285832882,
        "median": 0.0804320052266,
        "min": 8.57840922257e-23,
        "stdev": 0.0970404818654,
        "var": 0.00941685494035
    },
    "spectral_energyband_middle_high": {
        "dmean": 0.0020582342986,
        "dmean2": 0.00303246243857,
        "dvar": 9.6283001767e-06,
        "dvar2": 2.06327713386e-05,
        "max": 0.0294371861964,
        "mean": 0.00375766516663,
        "median": 0.00205734767951,
        "min": 1.52943049737e-21,
        "stdev": 0.00435423245654,
        "var": 1.89593411051e-05
    },
    "spectral_energyband_middle_low": {
        "dmean": 0.00735596986488,
        "dmean2": 0.0117459734902,
        "dvar": 0.000393906928366,
        "dvar2": 0.00105085736141,
        "max": 0.222958758473,
        "mean": 0.0114928903058,
        "median": 0.00547390151769,
        "min": 3.74395228397e-22,
        "stdev": 0.0188448093832,
        "var": 0.000355126860086
    },
    "spectral_entropy": {
        "dmean": 0.28967961669,
        "dmean2": 0.406499624252,
        "dvar": 0.08965960145,
        "dvar2": 0.158700525761,
        "max": 9.79348278046,
        "mean": 7.20189857483,
        "median": 7.18800544739,
        "min": 4.78725290298,
        "stdev": 0.561954379082,
        "var": 0.315792739391
    },
    "spectral_flux": {
        "dmean": 0.0440841056406,
        "dmean2": 0.0679489597678,
        "dvar": 0.0037736936938,
        "dvar2": 0.00694896513596,
        "max": 0.755381703377,
        "mean": 0.13091096282,
        "median": 0.112161800265,
        "min": 1.07249036041e-10,
        "stdev": 0.106259256601,
        "var": 0.0112910289317
    },
    "spectral_kurtosis": {
        "dmean": 2.23734259605,
        "dmean2": 3.39145064354,
        "dvar": 8.45701408386,
        "dvar2": 18.7100086212,
        "max": 44.4876785278,
        "mean": 5.51443052292,
        "median": 4.56653738022,
        "min": -1.19053792953,
        "stdev": 4.35703372955,
        "var": 18.9837417603
    },
    "spectral_rms": {
        "dmean": 0.00122091243975,
        "dmean2": 0.00178623665124,
        "dvar": 2.27922237173e-06,
        "dvar2": 3.69891904484e-06,
        "max": 0.0226745624095,
        "mean": 0.00949042290449,
        "median": 0.00965044647455,
        "min": 3.34989718256e-12,
        "stdev": 0.00475672725588,
        "var": 2.26264528465e-05
    },
    "spectral_rolloff": {
        "dmean": 318.930297852,
        "dmean2": 511.713928223,
        "dvar": 1066427,
        "dvar2": 2032070.25,
        "max": 18561.6210938,
        "mean": 664.552124023,
        "median": 107.666015625,
        "min": 43.06640625,
        "stdev": 1455.58337402,
        "var": 2118723
    },
    "spectral_skewness": {
        "dmean": 0.341641247272,
        "dmean2": 0.482872009277,
        "dvar": 0.120240285993,
        "dvar2": 0.225924238563,
        "max": 5.30958127975,
        "mean": 1.8765437603,
        "median": 1.81570827961,
        "min": 0.0410833805799,
        "stdev": 0.649126887321,
        "var": 0.42136567831
    },
    "spectral_spread": {
        "dmean": 981084.125,
        "dmean2": 1355888.375,
        "dvar": 2.35366698189e+12,
        "dvar2": 3.7142617129e+12,
        "max": 40380172,
        "mean": 5202654.5,
        "median": 4662170,
        "min": 1609680.25,
        "stdev": 2368445.75,
        "var": 5.60953556992e+12
    },
    "spectral_strongpeak": {
        "dmean": 0.324295550585,
        "dmean2": 0.568332493305,
        "dvar": 0.365980327129,
        "dvar2": 0.851539611816,
        "max": 8.40413188934,
        "mean": 0.742895126343,
        "median": 0.45502743125,
        "min": 0,
        "stdev": 0.859926581383,
        "var": 0.739473700523
    },
    "zerocrossingrate": {
        "dmean": 0.0100396219641,
        "dmean2": 0.0115307746455,
        "dvar": 0.000414154346799,
        "dvar2": 0.00046412969823,
        "max": 0.50146484375,
        "mean": 0.0335781164467,
        "median": 0.021484375,
        "min": 0,
        "stdev": 0.0394818075001,
        "var": 0.00155881326646
    },
    "barkbands": {
        "dmean": [0.00740008987486, 0.0263593960553, 0.00764460908249, 0.00249439897016, 0.00222758250311, 0.00102679652628, 0.00156724429689, 0.00170287827495, 0.000536869221833, 0.00049454375403, 0.000495059473906, 0.000271944882115, 0.000528912525624, 0.000262336106971, 0.000598721380811, 0.000165780278621, 0.000177222493221, 0.000156144014909, 0.000139175797813, 7.80918635428e-05, 5.08054690727e-05, 9.5340939879e-05, 8.42691588332e-05, 7.64651849749e-05, 4.39598115918e-05, 3.02764256048e-05, 1.12429711407e-06],
        "dmean2": [0.0132518447936, 0.0397634170949, 0.0135471466929, 0.00459036650136, 0.00369449006394, 0.00164554337971, 0.00256616901606, 0.00259028491564, 0.000803254835773, 0.000743043434341, 0.000774187443312, 0.000433244276792, 0.000875096360687, 0.000413129630033, 0.000952263828367, 0.000258024199866, 0.000266599381575, 0.000239253480686, 0.000216357540921, 0.000119525953778, 7.54897409934e-05, 0.000142077595228, 0.000126856655697, 0.000112032816105, 6.87250867486e-05, 4.59034563391e-05, 1.83296651812e-06],
        "dvar": [7.36988440622e-05, 0.00309099582955, 0.00099209905602, 0.000216580810957, 3.4092921851e-05, 6.94571144777e-06, 1.52602315211e-05, 1.26417407955e-05, 1.88229864762e-06, 1.24794507883e-06, 1.35580876304e-06, 8.57814484334e-07, 2.50687799053e-06, 4.52165750175e-07, 3.56518967237e-06, 1.78926853778e-07, 1.29835086682e-07, 2.33489174661e-07, 6.77575471286e-08, 8.60309086193e-08, 4.16331999986e-08, 5.47782121885e-08, 2.94796205225e-08, 3.48776261205e-08, 1.28811619149e-08, 8.53826431779e-09, 1.54408361097e-11],
        "dvar2": [0.000179729177034, 0.00650907820091, 0.00272120069712, 0.000619360653218, 9.44442144828e-05, 1.59261926456e-05, 3.60526937584e-05, 2.58845666394e-05, 3.8957759898e-06, 2.75834418062e-06, 3.18702291224e-06, 1.91378831005e-06, 6.38564688415e-06, 1.09868358322e-06, 8.43638645165e-06, 4.26797015507e-07, 2.94729176176e-07, 5.68734947137e-07, 1.4743694976e-07, 1.98925675932e-07, 8.37971896317e-08, 1.09579993079e-07, 5.82450994102e-08, 7.5167633895e-08, 3.01799332192e-08, 2.0043998461e-08, 3.79548475982e-11],
        "max": [0.0999236181378, 0.504973649979, 0.326066553593, 0.171515181661, 0.0742781832814, 0.0374150462449, 0.0348086059093, 0.0445790104568, 0.0180596597493, 0.0163149405271, 0.0162991136312, 0.0147637473419, 0.0244935117662, 0.00863694120198, 0.0239695757627, 0.00576505297795, 0.00490366527811, 0.00651731947437, 0.00247350987047, 0.00407155649737, 0.00289167370647, 0.00297878193669, 0.00259959511459, 0.00306282029487, 0.00126819603611, 0.00102047284599, 5.06366995978e-05],
        "mean": [0.0321608819067, 0.059179417789, 0.00859652273357, 0.00170517747756, 0.0026080023963, 0.00156049593352, 0.00159169023391, 0.00218311231583, 0.000937290722504, 0.00102867675014, 0.000990148750134, 0.000277295999695, 0.000508086755872, 0.000284809182631, 0.000594000564888, 0.000190813632798, 0.000216121974518, 0.000170642961166, 0.000172459534951, 9.06806308194e-05, 5.54535254196e-05, 0.000121419019706, 0.000112110734335, 9.25458371057e-05, 5.13070444867e-05, 3.21415718645e-05, 9.38185792165e-07],
        "median": [0.0324545092881, 0.0388254821301, 0.00377478147857, 0.000177238762262, 0.000720832846127, 0.000408119172789, 0.000187036697753, 0.000162261334481, 0.000359051802661, 0.000541995628737, 0.000412214605603, 1.90246882994e-05, 4.98735862493e-05, 3.4370314097e-05, 5.69726871618e-05, 4.02410187235e-05, 4.83738804178e-05, 4.45789046353e-05, 4.77605317428e-05, 1.88347730727e-05, 5.94543053012e-06, 2.9846896723e-05, 3.49071851815e-05, 2.64210666501e-05, 1.41547488965e-05, 7.33998831492e-06, 4.54498554348e-08],
        "min": [1.25955204037e-23, 5.01609891468e-23, 2.36502865968e-23, 8.61428535437e-24, 1.00484527816e-22, 5.80127236849e-23, 6.7560685874e-23, 5.04766565712e-23, 6.4178296437e-23, 6.54072912402e-23, 7.04207736611e-23, 3.8827676957e-23, 1.5222754911e-22, 1.82278631003e-22, 1.69452232312e-22, 7.69157494837e-23, 1.10700510042e-22, 2.62605484461e-22, 2.83538672198e-22, 2.16434730477e-22, 5.10578848685e-22, 7.5129673731e-22, 5.62276475767e-22, 9.5517176719e-22, 1.60878147309e-21, 1.79811596633e-21, 2.33768390081e-21],
        "stdev": [0.025843128562, 0.0788659378886, 0.0258779078722, 0.0112465526909, 0.00539985205978, 0.00411557266489, 0.00418339157477, 0.00493181264028, 0.00190731172916, 0.00147574255243, 0.0015113131376, 0.00107171875425, 0.00155227968935, 0.000736282439902, 0.00192065630108, 0.000459813163616, 0.000423027726356, 0.00047634463408, 0.000310018629534, 0.000295754725812, 0.000227005992201, 0.000300486397464, 0.000227985263336, 0.000212343220483, 0.000117641284305, 9.41895195865e-05, 3.74459727936e-06],
        "var": [0.000667867308948, 0.00621983595192, 0.000669666158501, 0.000126484941575, 2.91584001388e-05, 1.69379400177e-05, 1.75007662619e-05, 2.43227750616e-05, 3.63783783541e-06, 2.17781598622e-06, 2.28406725e-06, 1.14858107736e-06, 2.40957206188e-06, 5.42111820323e-07, 3.68892074221e-06, 2.11428158536e-07, 1.78952447527e-07, 2.26904205647e-07, 9.61115489417e-08, 8.7470851895e-08, 5.15317211125e-08, 9.02920689327e-08, 5.19772811458e-08, 4.50896422421e-08, 1.38394717908e-08, 8.87166606844e-09, 1.40220083808e-11]
    },
    "erbbands": {
        "dmean": [1.15417170525, 5.04322195053, 8.3436794281, 8.56235027313, 5.84612751007, 8.01152133942, 11.1811208725, 7.52562475204, 15.8095521927, 42.4610290527, 18.5209541321, 11.0079536438, 23.059633255, 6.18501377106, 23.9004020691, 12.6364021301, 23.2037277222, 13.9169435501, 28.8958396912, 13.0495386124, 8.72611618042, 8.58982276917, 7.74240684509, 8.8696680069, 5.70539808273, 4.03530454636, 2.14569306374, 2.17846703529, 3.41631007195, 2.79842424393, 2.67285084724, 1.91925251484, 1.1158066988, 0.578863322735, 0.311407744884, 0.16303896904, 0.0485135503113, 0.00569049594924, 0.000141870958032, 3.3836979128e-05],
        "dmean2": [1.76733529568, 7.71800327301, 14.089972496, 14.3406028748, 10.4426288605, 12.9476423264, 18.9516143799, 12.0058069229, 26.2325630188, 64.7070083618, 28.2495822906, 16.4253959656, 33.7366943359, 9.62957859039, 37.1483345032, 19.7135887146, 37.9924125671, 21.2847175598, 45.4761505127, 19.733631134, 13.444984436, 12.7417516708, 11.9586572647, 13.464468956, 8.79121017456, 6.23279237747, 3.13715481758, 3.3050506115, 5.10069656372, 4.07561683655, 4.02286672592, 2.88950538635, 1.64202833176, 0.878536641598, 0.490437567234, 0.25238224864, 0.0755330473185, 0.00891411677003, 0.000217694745515, 4.94996020279e-05],
        "dvar": [4.64816856384, 164.870254517, 920.567260742, 1721.06884766, 875.993896484, 329.363006592, 668.326599121, 485.125, 2668.46728516, 6893.88867188, 1535.94189453, 1079.98449707, 2000.58459473, 476.268188477, 3440.27124023, 1420.2043457, 5056.27636719, 1208.49401855, 7580.38867188, 1243.25817871, 397.742370605, 280.236114502, 562.317993164, 324.785522461, 139.877365112, 215.021484375, 70.468208313, 71.8005905151, 86.0860366821, 38.7627372742, 30.1291809082, 17.1029148102, 9.20630836487, 2.19803786278, 0.750929236412, 0.248971402645, 0.021053949371, 0.000473437161418, 2.38219172388e-07, 2.50651477351e-09],
        "dvar2": [11.1512441635, 361.424072266, 2464.70483398, 4441.93896484, 2515.73510742, 842.807617188, 1741.58728027, 1078.84936523, 6571.06738281, 14961.8417969, 3293.69042969, 2447.69628906, 3749.48291016, 1203.90905762, 8178.65917969, 3033.38256836, 13057.6757812, 2912.63818359, 17830.3183594, 2820.58251953, 969.653686523, 634.832763672, 1427.18762207, 749.953674316, 288.185577393, 523.358459473, 143.10307312, 151.18182373, 186.421783447, 67.9568710327, 63.68983078, 38.3968963623, 20.066904068, 5.09944200516, 1.803165555, 0.578402221203, 0.0514373257756, 0.00121266604401, 5.92682397382e-07, 4.48123493868e-09],
        "max": [19.3248558044, 111.130302429, 315.18081665, 462.570495605, 343.599975586, 192.890213013, 407.76940918, 295.390991211, 612.760314941, 789.188476562, 488.474273682, 426.031219482, 712.95123291, 500.843322754, 831.61920166, 563.858398438, 1000.26000977, 382.383575439, 1132.86340332, 407.19921875, 266.962310791, 199.273895264, 319.908233643, 227.956954956, 133.480667114, 215.581283569, 112.46257782, 112.921409607, 111.566322327, 122.04662323, 70.9209289551, 58.5085067749, 49.8083190918, 20.1457633972, 10.5031528473, 5.84993648529, 1.58954370022, 0.428448051214, 0.00896075833589, 0.000568361603655],
        "mean": [3.32572841644, 7.15304374695, 11.2185506821, 7.31184720993, 4.56571102142, 10.3493566513, 15.2949914932, 10.6807785034, 16.2104606628, 54.6022987366, 23.1934146881, 16.7163677216, 53.6031570435, 11.0582714081, 46.8535690308, 15.7267274857, 22.6008472443, 16.0691013336, 29.6177616119, 15.0197639465, 11.2766809464, 10.9459028244, 8.91714382172, 10.6151285172, 7.3410115242, 4.72276496887, 2.52341985703, 2.33870887756, 4.01102828979, 3.89608025551, 3.38759946823, 2.36849856377, 1.30278992653, 0.674055337906, 0.348497748375, 0.174509480596, 0.0503039732575, 0.00559347076342, 0.000186052187928, 0.000131968758069],
        "median": [2.71030378342, 2.73498225212, 5.40148305893, 1.38117575645, 0.698978185654, 2.61715245247, 4.04061794281, 2.452003479, 2.13615179062, 6.10326957703, 2.14592814445, 6.50397062302, 28.9876384735, 6.91169595718, 20.365272522, 4.18813514709, 2.39291143417, 2.27851748466, 3.14782953262, 2.08209729195, 2.71560716629, 2.76586413383, 2.36708188057, 3.19393014908, 2.05768442154, 1.10402297974, 0.469568878412, 0.247216522694, 0.89172154665, 1.09714317322, 0.999009013176, 0.730880379677, 0.344894230366, 0.182784646749, 0.0893125981092, 0.039569504559, 0.0118671422824, 0.000922589621041, 8.15275561763e-05, 0.000111017427116],
        "min": [7.87163831911e-22, 1.35162604561e-20, 3.15051866507e-20, 3.38677534206e-20, 1.15751764587e-19, 3.35209308069e-19, 6.26670119215e-19, 3.650121861e-19, 7.06954408313e-19, 1.08501756577e-18, 1.36464286992e-18, 1.80326697026e-18, 2.11992845915e-18, 1.62867643991e-18, 3.19561894313e-18, 1.72497784079e-18, 7.51013408159e-18, 9.93965949361e-18, 1.00282058695e-17, 4.1660066468e-18, 4.3496357797e-18, 8.37114141811e-18, 1.32371322875e-17, 1.56090404339e-17, 1.40151560378e-17, 8.3480854129e-18, 1.71532410538e-17, 2.01965295172e-17, 2.53135697025e-17, 2.41713556993e-17, 1.50855839987e-17, 1.97044364621e-17, 1.56247138522e-17, 1.59221713092e-17, 1.19967435261e-17, 5.99039071091e-18, 3.30071286034e-18, 1.47978971991e-18, 3.70742298847e-19, 3.25159335045e-20],
        "stdev": [3.37521696091, 15.887008667, 26.7291870117, 35.6262817383, 22.9207305908, 19.5522575378, 36.1249542236, 29.0745639801, 51.2471160889, 112.877510071, 50.2103843689, 39.586517334, 72.5823516846, 22.3961143494, 72.1778640747, 45.0977897644, 68.0126495361, 39.1370735168, 88.9282608032, 39.55286026, 22.6029243469, 19.8951644897, 22.79621315, 20.1491184235, 14.5239305496, 14.3196287155, 9.3095293045, 9.28753185272, 10.7870855331, 9.10697841644, 6.85140609741, 4.75572776794, 3.34745550156, 1.56334733963, 0.87289750576, 0.512400567532, 0.143573492765, 0.0198835916817, 0.000464544194983, 0.000109447522846],
        "var": [11.3920898438, 252.39704895, 714.449462891, 1269.23205566, 525.359863281, 382.290771484, 1305.0123291, 845.330322266, 2626.26708984, 12741.3330078, 2521.08276367, 1567.09240723, 5268.19824219, 501.5859375, 5209.64453125, 2033.81054688, 4625.72021484, 1531.71044922, 7908.23583984, 1564.42871094, 510.892211914, 395.817565918, 519.667297363, 405.986938477, 210.944564819, 205.051773071, 86.6673355103, 86.2582550049, 116.361221313, 82.9370498657, 46.9417648315, 22.6169471741, 11.2054586411, 2.44405508041, 0.761950016022, 0.262554347515, 0.0206133462489, 0.000395357201342, 2.15801321701e-07, 1.1978760206e-08]
    },
    "gfcc": {
        "mean": [-25.3992500305, 92.88671875, -91.6925354004, 27.3854618073, -52.0426940918, 27.4603881836, -29.0823516846, 20.20586586, -13.9756746292, -3.42845487595, -6.19543981552, 5.20502090454, -7.98079204559],
        "cov": [[5670.79199219, -54.2843818665, -432.716033936, 426.921539307, 156.518722534, 197.048339844, -35.2723121643, 283.248077393, 239.498718262, 345.920959473, 109.132125854, 234.905105591, -243.980026245], [-54.2843818665, 1693.85046387, 490.116088867, 170.345184326, 585.763366699, 162.638763428, 544.901489258, 181.463775635, 408.866821289, -48.6217422485, 350.539703369, -67.1881256104, 78.6782913208], [-432.716033936, 490.116088867, 1461.03759766, 635.990783691, 620.756652832, 471.832580566, 605.612487793, 324.95513916, 319.84463501, 163.762863159, 232.837371826, 27.0993099213, 61.3769760132], [426.921539307, 170.345184326, 635.990783691, 872.983093262, 614.384521484, 331.84954834, 377.198242188, 251.430511475, 351.139282227, 208.013061523, 173.668792725, -39.813911438, 6.37258577347], [156.518722534, 585.763366699, 620.756652832, 614.384521484, 824.787658691, 388.202514648, 481.861877441, 297.106719971, 421.095153809, 207.449813843, 249.441497803, -81.0671691895, -4.84751224518], [197.048339844, 162.638763428, 471.832580566, 331.84954834, 388.202514648, 429.429229736, 421.263305664, 233.509140015, 191.488723755, 99.8425750732, 127.558364868, 3.06330943108, 19.8587379456], [-35.2723121643, 544.901489258, 605.612487793, 377.198242188, 481.861877441, 421.263305664, 729.35534668, 332.834747314, 246.686050415, 46.3019561768, 179.819778442, 1.31705260277, 68.6112823486], [283.248077393, 181.463775635, 324.95513916, 251.430511475, 297.106719971, 233.509140015, 332.834747314, 319.214538574, 212.908065796, 88.3278579712, 95.2568893433, -7.9697136879, -17.7058601379], [239.498718262, 408.866821289, 319.84463501, 351.139282227, 421.095153809, 191.488723755, 246.686050415, 212.908065796, 435.724517822, 175.423095703, 175.681945801, -80.9026489258, -59.0554656982], [345.920959473, -48.6217422485, 163.762863159, 208.013061523, 207.449813843, 99.8425750732, 46.3019561768, 88.3278579712, 175.423095703, 266.10369873, 111.092224121, -20.73869133, -86.3300094604], [109.132125854, 350.539703369, 232.837371826, 173.668792725, 249.441497803, 127.558364868, 179.819778442, 95.2568893433, 175.681945801, 111.092224121, 229.197418213, 6.31978559494, -35.6079978943], [234.905105591, -67.1881256104, 27.0993099213, -39.813911438, -81.0671691895, 3.06330943108, 1.31705260277, -7.9697136879, -80.9026489258, -20.73869133, 6.31978559494, 158.483200073, 43.5949516296], [-243.980026245, 78.6782913208, 61.3769760132, 6.37258577347, -4.84751224518, 19.8587379456, 68.6112823486, -17.7058601379, -59.0554656982, -86.3300094604, -35.6079978943, 43.5949516296, 179.17288208]],
        "icov": [[0.000362378021237, -0.000455753848655, 0.000400658609578, -0.000536315958016, 0.000363632658264, -0.000654019415379, 0.000442612566985, -0.000513273058459, 0.000209716628888, -0.000607319991104, 0.000603403837886, -0.000913923839107, 0.000556308717933], [-0.000455753848655, 0.00297999964096, -0.000793452956714, 0.00194139871746, -0.00206216541119, 0.00282746483572, -0.00207634083927, 0.00157748349011, -0.00211788760498, 0.00296591105871, -0.00343687389977, 0.0013879367616, -0.00143434747588], [0.000400658609578, -0.000793452956714, 0.00181156955659, -0.00120746227913, 0.000472922518384, -0.00142409210093, 0.000257555075223, -0.000720804848243, 0.000489865255076, -0.00106232718099, 0.000717404589523, -0.00135029642843, 0.000437877053628], [-0.000536315958016, 0.00194139871746, -0.00120746227913, 0.00426831049845, -0.00289136590436, 0.00181141775101, -0.00132866529748, 0.00126179412473, -0.00182647502515, 0.00129361543804, -0.00156416115351, 0.00118104950525, -0.00154343608301], [0.000363632658264, -0.00206216541119, 0.000472922518384, -0.00289136590436, 0.00638033775613, -0.00319441431202, 0.000911526905838, -0.00138257793151, 3.8551454054e-05, -0.00253071123734, 0.000584130058996, 0.000656721182168, 0.00013216874504], [-0.000654019415379, 0.00282746483572, -0.00142409210093, 0.00181141775101, -0.00319441431202, 0.00978301186115, -0.00470868730918, 0.000820090237539, -0.00124482612591, 0.00179773801938, -0.0027175238356, 0.00121000991203, -0.00137392128818], [0.000442612566985, -0.00207634083927, 0.000257555075223, -0.00132866529748, 0.000911526905838, -0.00470868730918, 0.00672984262928, -0.00408951286227, 0.00167243625037, -0.000338767946232, 0.000620299892034, -0.000760921626352, -0.000264732807409], [-0.000513273058459, 0.00157748349011, -0.000720804848243, 0.00126179412473, -0.00138257793151, 0.000820090237539, -0.00408951286227, 0.00932671688497, -0.00342871341854, 0.00121236161795, 0.00013898164616, -0.000135755719384, 0.000684479426127], [0.000209716628888, -0.00211788760498, 0.000489865255076, -0.00182647502515, 3.8551454054e-05, -0.00124482612591, 0.00167243625037, -0.00342871341854, 0.00817117467523, -0.00326807936653, 0.00023212544329, 0.00154878245667, 0.0010603624396], [-0.000607319991104, 0.00296591105871, -0.00106232718099, 0.00129361543804, -0.00253071123734, 0.00179773801938, -0.000338767946232, 0.00121236161795, -0.00326807936653, 0.0102724209428, -0.00501292850822, 0.00105746823829, 0.000789139478002], [0.000603403837886, -0.00343687389977, 0.000717404589523, -0.00156416115351, 0.000584130058996, -0.0027175238356, 0.000620299892034, 0.00013898164616, 0.00023212544329, -0.00501292850822, 0.0130578279495, -0.00456240028143, 0.00360023067333], [-0.000913923839107, 0.0013879367616, -0.00135029642843, 0.00118104950525, 0.000656721182168, 0.00121000991203, -0.000760921626352, -0.000135755719384, 0.00154878245667, 0.00105746823829, -0.00456240028143, 0.0112768402323, -0.00390230095945], [0.000556308717933, -0.00143434747588, 0.000437877053628, -0.00154343608301, 0.00013216874504, -0.00137392128818, -0.000264732807409, 0.000684479426127, 0.0010603624396, 0.000789139478002, 0.00360023067333, -0.00390230095945, 0.00959303975105]]
    },
    "melbands": {
        "dmean": [0.00825754273683, 0.00429612305015, 0.00132997019682, 0.00043921804172, 0.00040502633783, 0.000174083252205, 0.000259230320808, 0.000473709078506, 0.00011815616017, 7.85347001511e-05, 0.000112995352538, 2.09656845982e-05, 7.52407868276e-05, 4.01893375965e-05, 5.52286983293e-05, 3.74014198314e-05, 2.61552377196e-05, 4.09960448451e-05, 4.22762750532e-05, 1.08712438305e-05, 1.059898932e-05, 8.08512049844e-06, 1.156518465e-05, 6.04005208515e-06, 7.61919682191e-06, 5.19306786373e-06, 3.03786032418e-06, 2.58787531493e-06, 1.42093040267e-06, 1.12869815894e-06, 1.30050398184e-06, 1.84692623861e-06, 2.03394438358e-06, 1.41113753216e-06, 1.64229777511e-06, 1.38735777e-06, 1.15391537747e-06, 8.49185539664e-07, 6.10816073277e-07, 4.89927344915e-07],
        "dmean2": [0.0125004053116, 0.00624324474484, 0.00220274878666, 0.000744910852518, 0.000674935989082, 0.00027950189542, 0.000425349513534, 0.000720724405255, 0.000182959323865, 0.000115980976261, 0.000166176338098, 3.35909353453e-05, 0.000118048439617, 6.33587769698e-05, 8.92735115485e-05, 6.12774092588e-05, 4.1100083763e-05, 6.49202047498e-05, 6.75658957334e-05, 1.68935857801e-05, 1.65858309629e-05, 1.22667479445e-05, 1.81566283572e-05, 9.10719518288e-06, 1.16971932584e-05, 8.02819340606e-06, 4.74344142276e-06, 4.00007002099e-06, 2.13969474316e-06, 1.65357334936e-06, 2.0108834633e-06, 2.83071995e-06, 3.03227307086e-06, 2.09609811463e-06, 2.50909420174e-06, 2.13813518712e-06, 1.76135733909e-06, 1.26843144699e-06, 9.2844311439e-07, 7.74559566707e-07],
        "dvar": [0.000265486713033, 0.00013966205006, 3.89204651583e-05, 2.27195414482e-06, 7.20221009942e-07, 2.38793404606e-07, 5.67935956042e-07, 8.45973318064e-07, 7.02499747263e-08, 4.50114505668e-08, 4.77345061256e-08, 8.80787354163e-09, 2.98957978373e-08, 1.54563757349e-08, 3.0010415486e-08, 1.05882644874e-08, 5.13501197119e-09, 1.37507223386e-08, 1.89455882094e-08, 1.07145425865e-09, 5.33820709858e-10, 2.01273081535e-10, 1.06400499522e-09, 3.08790409909e-10, 2.37847214146e-10, 1.04606753815e-10, 1.04060718376e-10, 8.37354144356e-11, 3.09363021311e-11, 1.7704034419e-11, 2.56398045156e-11, 3.13439031674e-11, 1.8929703291e-11, 1.1385177523e-11, 1.22360446428e-11, 7.65511785905e-12, 7.21583860372e-12, 5.85571565195e-12, 2.37873306122e-12, 1.69154013713e-12],
        "dvar2": [0.000599300023168, 0.000305967638269, 9.76295486907e-05, 6.46631406198e-06, 1.85520559626e-06, 5.2187675692e-07, 1.37308541071e-06, 1.79966298219e-06, 1.5112651397e-07, 9.71777112113e-08, 9.00643684076e-08, 2.27816823184e-08, 6.99307065588e-08, 3.63060905784e-08, 7.22651876117e-08, 2.72976663496e-08, 1.25912098525e-08, 3.2483903567e-08, 4.56733530996e-08, 2.48196707631e-09, 1.35666944345e-09, 4.45419118256e-10, 2.68309885421e-09, 7.35159044751e-10, 5.54103984918e-10, 2.19910062382e-10, 2.41627273745e-10, 2.0603506401e-10, 6.62268434537e-11, 3.54853056661e-11, 5.46178310912e-11, 7.09939329546e-11, 3.57789527172e-11, 2.00778976778e-11, 2.62075621621e-11, 1.78501657899e-11, 1.62577156598e-11, 1.30045973989e-11, 5.36414315744e-12, 4.10981838839e-12],
        "max": [0.156650051475, 0.115128874779, 0.0701973959804, 0.018475824967, 0.0109106516466, 0.00590206263587, 0.00807684846222, 0.00922163110226, 0.00310599058867, 0.00281294854358, 0.0034669470042, 0.00220117694698, 0.00254223542288, 0.00219091866165, 0.00283704954199, 0.00111291848589, 0.000889564107638, 0.00149438146036, 0.00160770933144, 0.000514547515195, 0.000330492155626, 0.00014518565149, 0.000365798565326, 0.000239128421526, 0.000185270575457, 0.000106018611405, 0.000144304314745, 0.000133828434628, 6.8838664447e-05, 5.61953966098e-05, 6.58776189084e-05, 7.12995606591e-05, 6.95171547704e-05, 6.78275901009e-05, 4.50422739959e-05, 3.6041943531e-05, 4.43751741841e-05, 3.92906877096e-05, 1.88109988812e-05, 2.0376231987e-05],
        "mean": [0.024376295507, 0.00656815851107, 0.00119945057668, 0.000480349175632, 0.000555459759198, 0.000254440412391, 0.000263719790382, 0.00061723619001, 0.000140521515277, 0.000133065710543, 0.000258880463662, 2.45051014645e-05, 0.00015255031758, 5.36983461643e-05, 5.39628199476e-05, 3.66833482985e-05, 2.86254653474e-05, 4.13789348386e-05, 4.21356962761e-05, 1.1962060853e-05, 1.33214725793e-05, 1.04439541246e-05, 1.18758271128e-05, 6.99298652762e-06, 8.80887455423e-06, 6.3502507146e-06, 3.6249441564e-06, 2.93802804663e-06, 1.62538708537e-06, 1.2323256442e-06, 1.35435936954e-06, 2.03513059205e-06, 2.69969700639e-06, 1.90454272797e-06, 1.99736473405e-06, 1.6957429807e-06, 1.3501551166e-06, 9.51735955823e-07, 6.89912042162e-07, 5.37248808996e-07],
        "median": [0.019647307694, 0.00276145501994, 0.00026004461688, 0.000126415630803, 0.00015506175987, 5.79450788791e-05, 2.99182065646e-05, 6.26271430519e-05, 1.0704905435e-05, 5.21225083503e-05, 0.00013710919302, 7.13993404133e-06, 6.49606299703e-05, 1.84448490472e-05, 4.52943959317e-06, 4.50480729342e-06, 3.49878087036e-06, 4.14155783801e-06, 3.74337400899e-06, 2.09537392948e-06, 3.36404104928e-06, 2.53455118582e-06, 2.2930976229e-06, 1.99285068447e-06, 2.36929076891e-06, 1.60311776654e-06, 8.44489306928e-07, 6.37772075152e-07, 2.73747616575e-07, 9.92848967485e-08, 1.10794964314e-07, 3.72652152691e-07, 6.84584392729e-07, 5.15789110977e-07, 5.41931228781e-07, 4.63241804027e-07, 3.69299499425e-07, 2.11817507534e-07, 1.67978242871e-07, 1.35990930517e-07],
        "min": [1.16285055183e-23, 1.72413912762e-23, 7.07974894532e-24, 1.69536069293e-23, 2.08977883931e-23, 8.52945204148e-24, 1.29010714759e-23, 1.07234580235e-23, 1.08027148786e-23, 1.10329612888e-23, 1.0750615349e-23, 6.54043274898e-24, 9.71502557391e-24, 6.676872159e-24, 7.31506851993e-24, 1.89372181859e-23, 1.78171161643e-23, 1.65061476689e-23, 9.06901475685e-24, 3.82661042335e-24, 5.50857270824e-24, 7.04224570902e-24, 1.18399865052e-23, 1.18843930633e-23, 1.31928166933e-23, 8.7847518851e-24, 9.89932635834e-24, 4.6545720082e-24, 7.56085233445e-24, 1.55044031821e-23, 1.11953514616e-23, 1.30543021847e-23, 1.7450303732e-23, 1.19899063648e-23, 7.25178294267e-24, 1.13065824269e-23, 1.17434733177e-23, 9.26387523335e-24, 1.24027835408e-23, 1.37862325761e-23],
        "stdev": [0.0255471020937, 0.0138267753646, 0.00550354970619, 0.00127705920022, 0.00109434511978, 0.000680750410538, 0.000772597501054, 0.00127722136676, 0.000332486932166, 0.000280424836092, 0.000352937408024, 8.77514103195e-05, 0.000227252050536, 0.000142517019412, 0.000176280576852, 0.000100271725387, 7.75757944211e-05, 0.000119503027236, 0.00013927029795, 3.46663618984e-05, 2.5574112442e-05, 1.77520414582e-05, 3.14032549795e-05, 1.81263112609e-05, 1.70592775248e-05, 1.250200512e-05, 1.04077671494e-05, 8.91155923455e-06, 6.00050816502e-06, 4.82314180772e-06, 5.52070741833e-06, 6.10312781646e-06, 6.05382319918e-06, 4.85278815177e-06, 4.2886385927e-06, 3.18565821544e-06, 2.99672387882e-06, 2.60484330283e-06, 1.69735221789e-06, 1.29351997202e-06],
        "var": [0.00065265444573, 0.00019117971533, 3.02890584862e-05, 1.63088020599e-06, 1.19759113204e-06, 4.6342108817e-07, 5.96906886585e-07, 1.63129448083e-06, 1.10547567544e-07, 7.86380809359e-08, 1.2456482068e-07, 7.70031061137e-09, 5.16434930375e-08, 2.03111021335e-08, 3.10748440313e-08, 1.0054418631e-08, 6.01800342892e-09, 1.42809728487e-08, 1.93962161887e-08, 1.20175669416e-09, 6.54035270387e-10, 3.15134945916e-10, 9.86164372385e-10, 3.2856314891e-10, 2.91018931176e-10, 1.56300139498e-10, 1.08321608627e-10, 7.94158905304e-11, 3.60060974092e-11, 2.32626990587e-11, 3.04782102334e-11, 3.72481698263e-11, 3.66487777625e-11, 2.3549551198e-11, 1.83924212666e-11, 1.01484176965e-11, 8.98035378699e-12, 6.78520867964e-12, 2.88100467961e-12, 1.67319381007e-12]
    },
    "melbands128": {
