{
"lowlevel": {
    "average_loudness": 0.934990525246,
    "barkbands_crest": {
        "dmean": 2.0589196682,
        "dmean2": 3.17642092705,
        "dvar": 5.88227796555,
        "dvar2": 12.5681705475,
        "max": 25.3585281372,
        "mean": 12.9090213776,
        "median": 12.3414821625,
        "min": 3.82816696167,
        "stdev": 4.16593456268,
        "var": 17.3550109863
    },
    "barkbands_flatness_db": {
        "dmean": 0.0292019210756,
        "dmean2": 0.0369723960757,
        "dvar": 0.00111827941146,
        "dvar2": 0.00176938518416,
        "max": 0.528359770775,
        "mean": 0.242368757725,
        "median": 0.242333382368,
        "min": 0.0332319177687,
        "stdev": 0.0778899639845,
        "var": 0.00606684666127
    },
    "barkbands_kurtosis": {
        "dmean": 10.8662834167,
        "dmean2": 15.9718608856,
        "dvar": 368.892028809,
        "dvar2": 834.346618652,
        "max": 239.992950439,
        "mean": 22.7766914368,
        "median": 13.4928760529,
        "min": -1.94668376446,
        "stdev": 29.4204025269,
        "var": 865.560119629
    },
    "barkbands_skewness": {
        "dmean": 0.88569766283,
        "dmean2": 1.2707233429,
        "dvar": 1.37887334824,
        "dvar2": 2.74224328995,
        "max": 12.9582586288,
        "mean": 3.09879422188,
        "median": 2.74499988556,
        "min": -3.68015146255,
        "stdev": 2.10455822945,
        "var": 4.42916488647
    },
    "barkbands_spread": {
        "dmean": 4.86454200745,
        "dmean2": 6.62789201736,
        "dvar": 105.00579071,
        "dvar2": 191.314071655,
        "max": 117.085906982,
        "mean": 12.1236925125,
        "median": 5.47413873672,
        "min": 0.441508293152,
        "stdev": 17.4745979309,
        "var": 305.361572266
    },
    "dissonance": {
        "dmean": 0.0359668135643,
        "dmean2": 0.0559588968754,
        "dvar": 0.00141201599035,
        "dvar2": 0.00339067867026,
        "max": 0.499999910593,
        "mean": 0.405628472567,
        "median": 0.413702368736,
        "min": 0.125720486045,
        "stdev": 0.0704599618912,
        "var": 0.00496460590512
    },
    "dynamic_complexity": 2.9373292923,
    "erbbands_crest": {
        "dmean": 2.42086291313,
        "dmean2": 3.60877513885,
        "dvar": 5.77514123917,
        "dvar2": 13.4142475128,
        "max": 25.203792572,
        "mean": 11.1104335785,
        "median": 10.680065155,
        "min": 2.76052641869,
        "stdev": 4.25893259048,
        "var": 18.1385059357
    },
    "erbbands_flatness_db": {
        "dmean": 0.0243142042309,
        "dmean2": 0.0308141708374,
        "dvar": 0.000724046549294,
        "dvar2": 0.00123448949307,
        "max": 0.365510374308,
        "mean": 0.176862612367,
        "median": 0.174555525184,
        "min": 0.0582221969962,
        "stdev": 0.057098004967,
        "var": 0.00326018221676
    },
    "erbbands_kurtosis": {
        "dmean": 2.88300013542,
        "dmean2": 4.41982030869,
        "dvar": 24.6703052521,
        "dvar2": 59.8599739075,
        "max": 64.3329925537,
        "mean": 4.18424272537,
        "median": 2.70852088928,
        "min": -1.80329668522,
        "stdev": 6.08397817612,
        "var": 37.0147895813
    },
    "erbbands_skewness": {
        "dmean": 0.584835350513,
        "dmean2": 0.796132564545,
        "dvar": 0.43143877387,
        "dvar2": 0.830367922783,
        "max": 6.70119428635,
        "mean": 1.11276102066,
        "median": 1.24028861523,
        "min": -4.61997175217,
        "stdev": 1.35307002068,
        "var": 1.83079862595
    },
    "erbbands_spread": {
        "dmean": 11.9761629105,
        "dmean2": 17.1613521576,
        "dvar": 274.304870605,
        "dvar2": 563.059387207,
        "max": 176.850296021,
        "mean": 37.9175262451,
        "median": 27.2349643707,
        "min": 2.93713498116,
        "stdev": 29.5279159546,
        "var": 871.897827148
    },
    "hfc": {
        "dmean": 5.25875997543,
        "dmean2": 7.24194765091,
        "dvar": 131.120056152,
        "dvar2": 264.799835205,
        "max": 117.120567322,
        "mean": 12.570309639,
        "median": 7.61615800858,
        "min": 1.14739533021e-16,
        "stdev": 15.5149993896,
        "var": 240.715194702
    },
    "loudness_ebu128": {
        "integrated": -13.2716655731,
        "loudness_range": 3.86159801483,
        "momentary": {
            "dmean": 1.04831004143,
            "dmean2": 1.16358804703,
            "dvar": 0.860097050667,
            "dvar2": 1.57016384602,
            "max": -8.42518997192,
            "mean": -14.0044288635,
            "median": -13.6905488968,
            "min": -22.1015987396,
            "stdev": 2.64905333519,
            "var": 7.01748418808
        },
        "short_term": {
            "dmean": 0.106906525791,
            "dmean2": 0.122650370002,
            "dvar": 0.0125665264204,
            "dvar2": 0.0170280523598,
            "max": -10.9791183472,
            "mean": -13.4727525711,
            "median": -13.1268548965,
            "min": -16.2825450897,
            "stdev": 1.36517727375,
            "var": 1.86370909214
        }
    },
    "melbands_crest": {
        "dmean": 2.31424045563,
        "dmean2": 3.58285951614,
        "dvar": 6.89205646515,
        "dvar2": 15.9453725815,
        "max": 29.9749145508,
        "mean": 16.9904384613,
        "median": 16.5274429321,
        "min": 2.35309028625,
        "stdev": 4.67461967468,
        "var": 21.8520679474
    },
    "melbands_flatness_db": {
        "dmean": 0.0335888899863,
        "dmean2": 0.0413142517209,
        "dvar": 0.00164883851539,
        "dvar2": 0.00245104520582,
        "max": 0.688130617142,
        "mean": 0.341038227081,
        "median": 0.344034194946,
        "min": 0.00746331410483,
        "stdev": 0.101173147559,
        "var": 0.0102360052988
    },
    "melbands_kurtosis": {
        "dmean": 20.5554161072,
        "dmean2": 30.2244148254,
        "dvar": 1354.47827148,
        "dvar2": 2839.88378906,
        "max": 463.774749756,
        "mean": 43.9464645386,
        "median": 22.2589378357,
        "min": -1.88198721409,
        "stdev": 56.23595047,
        "var": 3162.48193359
    },
    "melbands_skewness": {
        "dmean": 1.10151743889,
        "dmean2": 1.57472324371,
        "dvar": 2.10704898834,
        "dvar2": 4.25407266617,
        "max": 17.2695980072,
        "mean": 4.05398178101,
        "median": 3.35956573486,
        "min": -1.51270163059,
        "stdev": 2.65497660637,
        "var": 7.04890060425
    },
    "melbands_spread": {
        "dmean": 4.56149482727,
        "dmean2": 6.35726308823,
        "dvar": 155.687820435,
        "dvar2": 280.750213623,
        "max": 177.473297119,
        "mean": 11.1465587616,
        "median": 4.64055871964,
        "min": 0.490188032389,
        "stdev": 21.5224895477,
        "var": 463.217559814
    },
    "pitch_salience": {
        "dmean": 0.0607453882694,
        "dmean2": 0.0954245850444,
        "dvar": 0.00442552519962,
        "dvar2": 0.00990711245686,
        "max": 0.860442757607,
        "mean": 0.502557098866,
        "median": 0.500741064548,
        "min": 0.169595465064,
        "stdev": 0.113287292421,
        "var": 0.0128340106457
    },
    "silence_rate_20dB": {
        "dmean": 0,
        "dmean2": 0,
        "dvar": 0,
        "dvar2": 0,
        "max": 1,
        "mean": 1,
        "median": 1,
        "min": 1,
        "stdev": 0,
        "var": 0
    },
    "silence_rate_30dB": {
        "dmean": 0.0510835908353,
        "dmean2": 0.102246321738,
        "dvar": 0.048473905772,
        "dvar2": 0.094889998436,
        "max": 1,
        "mean": 0.906419157982,
        "median": 1,
        "min": 0,
        "stdev": 0.291245341301,
        "var": 0.084823846817
    },
    "silence_rate_60dB": {
        "dmean": 0.0178018584847,
        "dmean2": 0.0356312952936,
        "dvar": 0.0174847301096,
        "dvar2": 0.0436574332416,
        "max": 1,
        "mean": 0.0154679045081,
        "median": 0,
        "min": 0,
        "stdev": 0.123403303325,
        "var": 0.0152283748612
    },
    "spectral_centroid": {
        "dmean": 195.157440186,
        "dmean2": 253.837265015,
        "dvar": 190891.4375,
        "dvar2": 261732.640625,
        "max": 11336.1054688,
        "mean": 709.458740234,
        "median": 391.856536865,
        "min": 126.227058411,
        "stdev": 850.515258789,
        "var": 723376.1875
    },
    "spectral_complexity": {
        "dmean": 2.57585144043,
        "dmean2": 3.76994585991,
        "dvar": 26.1744537354,
        "dvar2": 42.5937728882,
        "max": 54,
        "mean": 8.34106731415,
        "median": 7,
        "min": 0,
        "stdev": 7.04875421524,
        "var": 49.6849365234
    },
    "spectral_decrease": {
        "dmean": 4.93900076393e-09,
        "dmean2": 7.57293161513e-09,
        "dvar": 1.90230325359e-16,
        "dvar2": 4.63760544198e-16,
        "max": -5.61094351281e-29,
        "mean": -1.10744302617e-08,
        "median": -5.98299276788e-09,
        "min": -1.22377315392e-07,
        "stdev": 1.53382568868e-08,
        "var": 2.35262104081e-16
    },
    "spectral_energy": {
        "dmean": 0.0190262906253,
        "dmean2": 0.0290858577937,
        "dvar": 0.00276183267124,
        "dvar2": 0.00673020724207,
        "max": 0.46512812376,
        "mean": 0.0429376624525,
        "median": 0.0232127998024,
        "min": 1.06189900826e-20,
        "stdev": 0.0585629828274,
        "var": 0.00342962308787
    },
    "spectral_energyband_high": {
        "dmean": 0.000334524112986,
        "dmean2": 0.000428545434261,
        "dvar": 7.64446895118e-07,
        "dvar2": 1.32553361709e-06,
        "max": 0.00939954444766,
        "mean": 0.000542786030564,
        "median": 8.12434300315e-05,
        "min": 7.42148949743e-21,
        "stdev": 0.00130782695487,
        "var": 1.71041119756e-06
    },
    "spectral_energyband_low": {
        "dmean": 0.0152851585299,
        "dmean2": 0.0233344528824,
        "dvar": 0.00252023013309,
        "dvar2": 0.00618170434609,
        "max": 0.442628473043,
        "mean": 0.0287119746208,
        "median": 0.0116488048807,
        "min": 5.72524574097e-23,
        "stdev": 0.0535092502832,
        "var": 0.00286323972978
    },
    "spectral_energyband_middle_high": {
        "dmean": 0.00078120949911,
        "dmean2": 0.00112857390195,
        "dvar": 3.43659212376e-06,
        "dvar2": 8.11546942714e-06,
        "max": 0.0203416012228,
        "mean": 0.00147922814358,
        "median": 0.000495680025779,
        "min": 1.74555485841e-21,
        "stdev": 0.00263410829939,
        "var": 6.93852598488e-06
    },
    "spectral_energyband_middle_low": {
        "dmean": 0.00537616480142,
        "dmean2": 0.00849656760693,
        "dvar": 0.000166391240782,
        "dvar2": 0.000433190987678,
        "max": 0.163138836622,
        "mean": 0.0146080274135,
        "median": 0.0104336217046,
        "min": 3.32488917628e-22,
        "stdev": 0.016425807029,
        "var": 0.000269807147561
    },
    "spectral_entropy": {
        "dmean": 0.318913429976,
        "dmean2": 0.398387610912,
        "dvar": 0.134906291962,
        "dvar2": 0.208994209766,
        "max": 9.8101234436,
        "mean": 6.70983457565,
        "median": 6.65740299225,
        "min": 4.32950925827,
        "stdev": 0.889574229717,
        "var": 0.791342258453
    },
    "spectral_flux": {
        "dmean": 0.034126251936,
        "dmean2": 0.0533671304584,
        "dvar": 0.00427050841972,
        "dvar2": 0.00979166198522,
        "max": 0.57649731636,
        "mean": 0.0721619948745,
        "median": 0.0476923063397,
        "min": 1.03048486411e-10,
        "stdev": 0.0812277123332,
        "var": 0.00659794081002
    },
    "spectral_kurtosis": {
        "dmean": 3.90605688095,
        "dmean2": 5.74926042557,
        "dvar": 50.0696983337,
        "dvar2": 89.8400192261,
        "max": 110.393157959,
        "mean": 9.80181026459,
        "median": 5.86620998383,
        "min": -1.26539850235,
        "stdev": 11.9784660339,
        "var": 143.483657837
    },
    "spectral_rms": {
        "dmean": 0.00104681530502,
        "dmean2": 0.00147636944894,
        "dvar": 4.63154083263e-06,
        "dvar2": 9.91214710666e-06,
        "max": 0.0213021952659,
        "mean": 0.00564296729863,
        "median": 0.00475884787738,
        "min": 3.21869397454e-12,
        "stdev": 0.00316975917667,
        "var": 1.00473725979e-05
    },
    "spectral_rolloff": {
        "dmean": 342.980407715,
        "dmean2": 570.807312012,
        "dvar": 1289356.375,
        "dvar2": 2555851.25,
        "max": 18863.0859375,
        "mean": 781.47265625,
        "median": 279.931640625,
        "min": 86.1328125,
        "stdev": 1553.50244141,
        "var": 2413370
    },
    "spectral_skewness": {
        "dmean": 0.4494535923,
        "dmean2": 0.617490053177,
        "dvar": 0.348924279213,
        "dvar2": 0.577839851379,
        "max": 8.68074131012,
        "mean": 2.43412399292,
        "median": 2.19844436646,
        "min": -0.132455810905,
        "stdev": 1.28846824169,
        "var": 1.66015052795
    },
    "spectral_spread": {
        "dmean": 840837.0625,
        "dmean2": 1145800,
        "dvar": 2.00151361126e+12,
        "dvar2": 2.58779670118e+12,
        "max": 41942908,
        "mean": 5229381.5,
        "median": 5134351.5,
        "min": 841067.375,
        "stdev": 2235130,
        "var": 4.99580560998e+12
    },
    "spectral_strongpeak": {
        "dmean": 0.253127008677,
        "dmean2": 0.429915696383,
        "dvar": 0.174035176635,
        "dvar2": 0.445393770933,
        "max": 5.85284614563,
        "mean": 0.700127601624,
        "median": 0.580705583096,
        "min": 0,
        "stdev": 0.568224668503,
        "var": 0.32287928462
    },
    "zerocrossingrate": {
        "dmean": 0.0113264620304,
        "dmean2": 0.012154459022,
        "dvar": 0.000399936834583,
        "dvar2": 0.000442385528004,
        "max": 0.48974609375,
        "mean": 0.0382940135896,
        "median": 0.02294921875,
        "min": 0.0029296875,
        "stdev": 0.0425395034254,
        "var": 0.0018096093554
    },
    "barkbands": {
        "dmean": [0.00067782838596, 0.0120198763907, 0.00336504215375, 0.00250458647497, 0.00244225095958, 0.00103300937917, 0.000389623019146, 0.000308171409415, 0.000283953180769, 0.000164586759638, 0.000144182675285, 0.000127127612359, 8.40879874886e-05, 6.06905850873e-05, 6.3048391894e-05, 6.96858260198e-05, 6.33456584183e-05, 8.06792013464e-05, 0.000115100177936, 9.74293361651e-05, 5.89983283135e-05, 7.84656149335e-05, 6.39976569801e-05, 6.14038362983e-05, 5.11234284204e-05, 1.84147156688e-05, 3.12935958391e-06],
        "dmean2": [0.00118123472203, 0.0186105426401, 0.00492175389081, 0.00414919713512, 0.0039102351293, 0.0016497586621, 0.000591890187934, 0.000399160402594, 0.000394283444621, 0.000217296299525, 0.000180650808034, 0.00020609794592, 0.000134862653795, 9.9938508356e-05, 9.78324169409e-05, 0.000116393071949, 0.000105543884274, 0.000121749988466, 0.000180162562174, 0.000138558025355, 8.15135645098e-05, 0.000106159670395, 8.5715597379e-05, 8.40026477817e-05, 7.47151643736e-05, 2.70756499958e-05, 5.2404257076e-06],
        "dvar": [7.27429096514e-06, 0.0020114374347, 7.12355831638e-05, 4.80640082969e-05, 2.33720147662e-05, 7.92274840933e-06, 1.4132982642e-06, 8.75370403719e-07, 5.29099395408e-07, 2.08545316127e-07, 2.7586708029e-07, 1.99843839255e-07, 6.92632511345e-08, 3.75186459678e-08, 3.43886945586e-08, 6.15996000874e-08, 6.05662506814e-08, 5.94696807354e-08, 1.62984434837e-07, 1.84028408512e-07, 2.71787463646e-08, 4.6509036622e-08, 2.87791639408e-08, 2.40348754232e-08, 2.59078216658e-08, 1.99680161295e-09, 9.83842313174e-11],
        "dvar2": [1.98896414076e-05, 0.00508718891069, 0.000162748867297, 0.000128050902276, 5.90211348026e-05, 2.16132684727e-05, 3.21612924381e-06, 1.34974595767e-06, 1.11798897251e-06, 3.61300010354e-07, 3.35872528012e-07, 5.2702512221e-07, 1.65052398415e-07, 9.25921312955e-08, 7.66543521991e-08, 1.60163068585e-07, 1.50441778146e-07, 1.36745370583e-07, 3.77040237254e-07, 4.33303000591e-07, 4.99744849947e-08, 7.93692152001e-08, 5.70871705463e-08, 4.4803822874e-08, 5.5947499078e-08, 4.09322220563e-09, 2.57331850273e-10],
        "max": [0.025328785181, 0.39327827096, 0.155291870236, 0.0825333595276, 0.0630087032914, 0.0538460724056, 0.0183463711292, 0.0173648707569, 0.0143914753571, 0.0146238645539, 0.0166990831494, 0.00658537307754, 0.00400305818766, 0.00255745695904, 0.00260290759616, 0.0023522018455, 0.00262187980115, 0.00235068262555, 0.00590292457491, 0.010644171387, 0.00204487005249, 0.00217673601583, 0.00172202964313, 0.00228976458311, 0.00201344257221, 0.000418092618929, 0.000109779415652],
        "mean": [0.000627832952887, 0.0156926494092, 0.0100216101855, 0.00454045273364, 0.00565045885742, 0.00221138051711, 0.000720290816389, 0.000818741042167, 0.00061692885356, 0.000386384490412, 0.000268463045359, 0.000151235770318, 9.9030250567e-05, 6.75924311508e-05, 7.05331331119e-05, 6.54812247376e-05, 5.89877454331e-05, 9.83283753158e-05, 0.000154226712766, 0.000132889967063, 8.27770054457e-05, 0.000117179813969, 9.37035729294e-05, 9.46756990743e-05, 6.88415238983e-05, 2.42022651946e-05, 2.83124745692e-06],
        "median": [6.62273450871e-05, 0.00627393741161, 0.00195133802481, 0.00165279745124, 0.00346833001822, 0.000722336117178, 6.18348349235e-05, 5.9676640376e-05, 4.49103899882e-05, 2.34570979956e-05, 1.62351534527e-05, 1.8407637981e-05, 1.07568484964e-05, 9.37487675401e-06, 1.05727522168e-05, 1.04774335341e-05, 6.34673870081e-06, 1.30256994453e-05, 7.95390133135e-06, 7.20001571608e-06, 5.4943025134e-06, 1.62953456311e-05, 1.03353640952e-05, 1.41112277561e-05, 1.20064350995e-05, 5.00035548612e-06, 3.13254673756e-07],
        "min": [2.17685504153e-23, 3.12740971312e-23, 1.37577184098e-23, 1.56777695655e-23, 1.57222692092e-23, 8.56029445184e-23, 4.02569982539e-23, 6.11565615841e-23, 1.02865284785e-22, 1.45530031672e-22, 5.08432717883e-23, 8.21887923859e-23, 6.07305830062e-23, 4.26445804469e-23, 1.0478111869e-22, 3.23615204321e-22, 6.19320812737e-23, 2.77599874868e-22, 4.59635145438e-22, 3.15390830824e-22, 5.90662644632e-22, 6.06684018342e-22, 5.39327161504e-22, 7.74023958829e-22, 1.06365288965e-21, 1.5132536234e-21, 2.61814558633e-21],
        "stdev": [0.00230604992248, 0.042062651366, 0.0167473740876, 0.00785836391151, 0.00700514484197, 0.00401912210509, 0.00180722610094, 0.00218408927321, 0.00143087364268, 0.00134925812017, 0.00105217040982, 0.000455992121715, 0.000324679829646, 0.000202194220037, 0.000212486993405, 0.000225280105951, 0.000227286291192, 0.000280617794488, 0.000536473526154, 0.000521862704773, 0.000236798281549, 0.000298265746096, 0.000234193008509, 0.000230436853599, 0.000184396660188, 5.36591069249e-05, 8.84823566594e-06],
        "var": [5.31786645297e-06, 0.00176926667336, 0.000280474545434, 6.1753889895e-05, 4.90720522066e-05, 1.61533407663e-05, 3.26606618728e-06, 4.77024559586e-06, 2.0473994482e-06, 1.82049757314e-06, 1.10706253054e-06, 2.07928820828e-07, 1.0541698714e-07, 4.08825009401e-08, 4.51507240484e-08, 5.07511259684e-08, 5.16590610289e-08, 7.8746353438e-08, 2.87803857191e-07, 2.72340685115e-07, 5.60734250143e-08, 8.89624516276e-08, 5.4846363895e-08, 5.31011430382e-08, 3.40021308887e-08, 2.87929990961e-09, 7.82912693009e-11]
    },
    "erbbands": {
        "dmean": [0.412667244673, 2.44046163559, 3.65611243248, 5.88510084152, 10.1823148727, 7.20193052292, 6.66304111481, 9.05721759796, 6.45952939987, 5.31227207184, 6.86498260498, 6.41706562042, 4.77950191498, 5.6442360878, 4.2424249649, 5.11379289627, 3.5111553669, 3.26314091682, 3.1197052002, 3.37962627411, 3.6432454586, 3.71903538704, 4.4192943573, 4.05998086929, 6.74185323715, 4.48652839661, 2.42845988274, 2.55628442764, 2.74325466156, 2.40044379234, 1.72906303406, 1.29820930958, 1.04047250748, 0.700039684772, 0.303973287344, 0.0873738527298, 0.0333691835403, 0.00834125932306, 0.000324075750541, 2.59539501712e-05],
        "dmean2": [0.665075480938, 3.74853014946, 5.44678974152, 9.27078819275, 16.1468753815, 11.3389883041, 9.92733383179, 14.774977684, 10.0540971756, 7.02124977112, 8.68786048889, 8.97530269623, 5.8850979805, 7.16601419449, 5.70512485504, 8.29004859924, 5.28952980042, 5.29214572906, 4.91156148911, 5.36821556091, 6.10696744919, 6.13949775696, 6.79699659348, 5.84834098816, 10.4384860992, 6.45218038559, 3.25083589554, 3.48789358139, 3.71122050285, 3.22365093231, 2.30506658554, 1.77410054207, 1.46246659756, 1.01467561722, 0.443593412638, 0.129003196955, 0.0494096241891, 0.0132966637611, 0.000526897783857, 3.85346829717e-05],
        "dvar": [2.74260163307, 75.8998184204, 92.6966094971, 206.345489502, 713.224243164, 154.56628418, 218.612564087, 714.838256836, 373.732696533, 141.593154907, 401.751525879, 318.9815979, 119.63420105, 277.067840576, 155.952926636, 367.463897705, 118.779136658, 103.997802734, 98.8994674683, 97.211769104, 208.756866455, 215.542861938, 203.736022949, 144.67616272, 534.885437012, 445.20022583, 45.6344642639, 56.5996818542, 57.4000587463, 42.6434707642, 19.4044971466, 10.1913747787, 7.0683889389, 5.22571897507, 0.819230973721, 0.0468274317682, 0.00677345320582, 0.000551203615032, 1.02435092231e-06, 4.0831191761e-09],
        "dvar2": [7.14753484726, 186.733520508, 222.013458252, 490.491241455, 1853.63244629, 370.38104248, 508.283660889, 1949.76647949, 926.358154297, 246.180358887, 691.037109375, 691.923339844, 181.706283569, 365.473388672, 265.076446533, 965.792907715, 267.862884521, 255.394607544, 234.589157104, 232.379882812, 556.084838867, 532.301574707, 485.723236084, 295.103179932, 1239.41540527, 1055.80957031, 74.9625778198, 112.068199158, 94.761680603, 82.5621948242, 35.9018249512, 18.4195346832, 14.0419187546, 11.118396759, 1.86190533638, 0.0976315289736, 0.0139209311455, 0.00134462025017, 2.64842901743e-06, 9.76507941175e-09],
        "max": [15.2807273865, 77.9126434326, 168.519104004, 243.622787476, 295.550720215, 136.919204712, 248.167175293, 543.667541504, 301.631530762, 193.031463623, 476.627258301, 443.007659912, 394.075561523, 512.478637695, 326.140441895, 300.257141113, 216.461975098, 139.559753418, 122.920562744, 83.7261962891, 142.402481079, 156.084716797, 135.327011108, 147.479598999, 371.275024414, 537.145385742, 136.06942749, 97.5426330566, 77.6721572876, 71.1573638916, 51.6536216736, 53.6144332886, 29.4383659363, 28.7753925323, 12.2348175049, 2.37475347519, 1.00381290913, 0.271758019924, 0.0119238579646, 0.000588793831412],
        "mean": [0.49907040596, 3.44129681587, 10.2249498367, 14.659778595, 18.6539974213, 16.6991157532, 18.1808338165, 18.4158229828, 11.6644821167, 11.7611846924, 18.9253616333, 13.5792760849, 11.8103084564, 14.2693300247, 7.22168493271, 5.80292224884, 4.56331205368, 3.85345172882, 3.57419610023, 3.61737704277, 3.48900771141, 3.62710380554, 5.09942245483, 5.75365495682, 9.0200920105, 6.22941207886, 3.66713380814, 3.42767357826, 4.05081272125, 3.55522704124, 2.58582687378, 1.99450933933, 1.56209897995, 0.93947994709, 0.401279568672, 0.121597871184, 0.0422111712396, 0.00905417557806, 0.000328549504047, 5.57023486181e-05],
        "median": [0.176345825195, 1.46379816532, 2.39570617676, 5.2529630661, 9.01123523712, 8.73356151581, 5.6011223793, 5.36794042587, 2.44645571709, 2.16526436806, 2.36703467369, 2.00704216957, 1.50971567631, 1.42551505566, 1.11081695557, 0.776498675346, 0.615383148193, 0.631874144077, 0.549406468868, 0.630137622356, 0.529154479504, 0.453990966082, 0.719493448734, 0.547407507896, 0.47857567668, 0.319032490253, 0.173335164785, 0.305031895638, 0.523457825184, 0.443525403738, 0.296412706375, 0.253410428762, 0.248459219933, 0.154230549932, 0.0700019001961, 0.0271293967962, 0.00797509681433, 0.00143676938023, 6.16246979916e-05, 3.18909515045e-05],
        "min": [9.97375144044e-22, 6.67618724472e-21, 1.04094734729e-20, 4.63127277417e-20, 2.68903379353e-20, 5.3921506601e-20, 3.10693122279e-19, 7.83034758743e-19, 7.75922349643e-19, 7.55193255192e-19, 1.39729716877e-18, 2.53758063582e-18, 3.12268911686e-18, 3.88876672474e-18, 3.05820128912e-18, 3.2925781594e-18, 2.80892710281e-18, 2.58958196542e-18, 2.85777170439e-18, 6.60957055458e-18, 2.07889364196e-17, 5.73277316735e-18, 1.2917886066e-17, 2.03664439956e-17, 1.98645951723e-17, 1.6832404164e-17, 3.07184141471e-17, 1.82893785882e-17, 1.88050810324e-17, 1.66851081123e-17, 1.59239596737e-17, 1.5537512472e-17, 1.38719396409e-17, 1.02297997109e-17, 8.17404164893e-18, 4.86360982998e-18, 3.58141081095e-18, 1.17364531552e-18, 3.1937942344e-19, 3.8534360701e-20],
        "stdev": [1.50998234749, 8.36056137085, 16.6558647156, 22.6585140228, 32.2538909912, 19.87383461, 29.3619365692, 38.4503936768, 25.3822479248, 24.393951416, 45.043296814, 32.5683059692, 34.8669662476, 45.8536529541, 21.0232448578, 18.3412246704, 13.8734397888, 10.9017744064, 10.5417423248, 10.2158651352, 12.7385835648, 13.6544551849, 15.1073179245, 17.0809993744, 30.770116806, 24.7971744537, 11.4210090637, 9.77869606018, 10.4845018387, 8.92235469818, 6.35915708542, 4.97281932831, 3.72568964958, 2.61282539368, 1.0390304327, 0.270056545734, 0.0966159403324, 0.0233072433621, 0.000925079279114, 7.19609015505e-05],
        "var": [2.28004670143, 69.8989868164, 277.417816162, 513.40826416, 1040.31359863, 394.969299316, 862.123352051, 1478.43286133, 644.258483887, 595.064819336, 2028.89868164, 1060.69458008, 1215.70532227, 2102.55737305, 441.976837158, 336.400512695, 192.472320557, 118.848678589, 111.128334045, 104.36390686, 162.271514893, 186.444137573, 228.231048584, 291.760528564, 946.800048828, 614.899902344, 130.439437866, 95.6229019165, 109.92477417, 79.6084213257, 40.4388809204, 24.7289333344, 13.8807630539, 6.82685709, 1.07958424091, 0.0729305446148, 0.00933463964611, 0.00054322759388, 8.55771645547e-07, 5.17837106528e-09]
    },
    "gfcc": {
        "mean": [-57.8752822876, 105.284210205, -49.8276863098, 40.264251709, -54.2516441345, 18.1339130402, -39.9872093201, 8.14064884186, -25.2350177765, -3.24600768089, -16.406993866, 0.544589221478, -11.6690702438],
        "cov": [[5691.01416016, -1433.56726074, -768.379821777, 547.811279297, -352.285644531, 97.1238250732, -90.0070266724, 209.011810303, -62.6343536377, 203.071807861, -110.060493469, 94.5677490234, -256.315948486], [-1433.56726074, 2536.36010742, 438.630523682, -1195.93359375, 95.7331237793, 67.3759765625, 319.155151367, -80.910697937, 156.810653687, -283.025024414, 85.740524292, -101.598937988, 156.944869995], [-768.379821777, 438.630523682, 749.197814941, 103.315834045, 241.332839966, 13.260890007, 102.938598633, 30.298828125, 44.4973907471, -38.0081100464, -4.52657651901, -40.625038147, 53.3406791687], [547.811279297, -1195.93359375, 103.315834045, 1236.32727051, 290.472717285, -105.37702179, -159.055099487, 105.76335144, -0.885901927948, 148.026870728, -8.7867975235, -17.614397049, -38.1570205688], [-352.285644531, 95.7331237793, 241.332839966, 290.472717285, 553.555603027, 62.4729881287, -2.62845206261, 10.5716905594, 90.5015792847, 82.2392425537, -11.6820363998, -28.770822525, 26.9082183838], [97.1238250732, 67.3759765625, 13.260890007, -105.37702179, 62.4729881287, 238.09664917, 106.904602051, -34.8721199036, -13.6570091248, 12.7888860703, 9.24533081055, -9.41937541962, -36.3930854797], [-90.0070266724, 319.155151367, 102.938598633, -159.055099487, -2.62845206261, 106.904602051, 284.977325439, 6.76992893219, -53.5923423767, -54.1223754883, 52.591381073, -18.3998260498, -22.2625961304], [209.011810303, -80.910697937, 30.298828125, 105.76335144, 10.5716905594, -34.8721199036, 6.76992893219, 140.503967285, 28.4733524323, -12.2222757339, 0.243752747774, 8.3785982132, 7.80155849457], [-62.6343536377, 156.810653687, 44.4973907471, -0.885901927948, 90.5015792847, -13.6570091248, -53.5923423767, 28.4733524323, 160.081039429, 38.0231018066, -34.5108642578, 0.701587021351, 36.4594306946], [203.071807861, -283.025024414, -38.0081100464, 148.026870728, 82.2392425537, 12.7888860703, -54.1223754883, -12.2222757339, 38.0231018066, 161.582733154, -9.22312450409, 0.652871549129, -13.3757820129], [-110.060493469, 85.740524292, -4.52657651901, -8.7867975235, -11.6820363998, 9.24533081055, 52.591381073, 0.243752747774, -34.5108642578, -9.22312450409, 123.582542419, 7.3958902359, -19.0268383026], [94.5677490234, -101.598937988, -40.625038147, -17.614397049, -28.770822525, -9.41937541962, -18.3998260498, 8.3785982132, 0.701587021351, 0.652871549129, 7.3958902359, 103.461082458, 24.6128520966], [-256.315948486, 156.944869995, 53.3406791687, -38.1570205688, 26.9082183838, -36.3930854797, -22.2625961304, 7.80155849457, 36.4594306946, -13.3757820129, -19.0268383026, 24.6128520966, 122.386367798]],
        "icov": [[0.000318977748975, -0.00025250040926, 0.000319080019835, -0.000372484908439, 0.000341234030202, -0.000344129104633, 5.08711345901e-05, -0.00064337142976, 0.000324192689732, -0.000586052483413, 0.000664473918732, -0.000556947663426, 0.000664231542032], [-0.00025250040926, 0.00303643476218, -0.00106758018956, 0.00282034510747, -0.001632829546, 0.00138795794919, -0.00147748936433, 0.00173369748518, -0.00351002207026, 0.00359657546505, -0.00308327632956, 0.0033343876712, -0.00239678961225], [0.000319080019835, -0.00106758018956, 0.00238669407554, -0.00126293045469, 3.44971135746e-06, -0.000414807786001, -0.000371614383766, -0.000974025810137, 0.000917933881283, -0.000800066976808, 0.00154473108705, -0.000879538303707, 0.00052984879585], [-0.000372484908439, 0.00282034510747, -0.00126293045469, 0.00405759597197, -0.00233865086921, 0.00191634858493, -0.000626720313448, 0.000648400804494, -0.00220416556112, 0.00244666170329, -0.00306609622203, 0.00332984770648, -0.00187494663987], [0.000341234030202, -0.001632829546, 3.44971135746e-06, -0.00233865086921, 0.00403176387772, -0.00199330714531, 0.000650195055641, -0.000820123648737, 0.000468706042739, -0.00281965662725, 0.00167246186174, -0.00150572415441, 0.000884322624188], [-0.000344129104633, 0.00138795794919, -0.000414807786001, 0.00191634858493, -0.00199330714531, 0.00699853524566, -0.00296536274254, 0.00230386969633, -0.00156501028687, 0.000982144614682, -0.000995766255073, 0.00121771369595, 0.000284610548988], [5.08711345901e-05, -0.00147748936433, -0.000371614383766, -0.000626720313448, 0.000650195055641, -0.00296536274254, 0.00674526952207, -0.00228675222024, 0.00344524765387, -0.000902203551959, -0.000435247609857, -0.000743733369745, 0.00127276882995], [-0.00064337142976, 0.00173369748518, -0.000974025810137, 0.000648400804494, -0.000820123648737, 0.00230386969633, -0.00228675222024, 0.0109018087387, -0.00479390611872, 0.00413401797414, -0.00247848662548, 0.00136262644082, -0.00196892255917], [0.000324192689732, -0.00351002207026, 0.000917933881283, -0.00220416556112, 0.000468706042739, -0.00156501028687, 0.00344524765387, -0.00479390611872, 0.0134925078601, -0.00642002699897, 0.00498746475205, -0.00346399447881, 0.00120759371202], [-0.000586052483413, 0.00359657546505, -0.000800066976808, 0.00244666170329, -0.00281965662725, 0.000982144614682, -0.000902203551959, 0.00413401797414, -0.00642002699897, 0.013226820156, -0.00422408524901, 0.00379024539143, -0.00230448320508], [0.000664473918732, -0.00308327632956, 0.00154473108705, -0.00306609622203, 0.00167246186174, -0.000995766255073, -0.000435247609857, -0.00247848662548, 0.00498746475205, -0.00422408524901, 0.0131119294092, -0.00500327348709, 0.00422854861245], [-0.000556947663426, 0.0033343876712, -0.000879538303707, 0.00332984770648, -0.00150572415441, 0.00121771369595, -0.000743733369745, 0.00136262644082, -0.00346399447881, 0.00379024539143, -0.00500327348709, 0.0148743484169, -0.00587284797803], [0.000664231542032, -0.00239678961225, 0.00052984879585, -0.00187494663987, 0.000884322624188, 0.000284610548988, 0.00127276882995, -0.00196892255917, 0.00120759371202, -0.00230448320508, 0.00422854861245, -0.00587284797803, 0.013294137083]]
    },
    "melbands": {
        "dmean": [0.00355806737207, 0.00215329742059, 0.00112513324711, 0.000596116296947, 0.000230957288295, 0.000196074441192, 9.66881925706e-05, 6.24380772933e-05, 5.58311548957e-05, 4.0136896132e-05, 2.5163331884e-05, 2.32270667766e-05, 1.5612840798e-05, 1.41311256812e-05, 1.04500632006e-05, 8.82943641045e-06, 5.68089308217e-06, 5.25826544617e-06, 5.18348997502e-06, 4.80486642118e-06, 3.98014844905e-06, 3.84866507375e-06, 3.90042259824e-06, 4.04925413022e-06, 3.17264016303e-06, 5.41460622117e-06, 4.56881116406e-06, 2.69776228379e-06, 1.55978261773e-06, 1.33684534376e-06, 1.70073940353e-06, 1.61708021551e-06, 1.51670724335e-06, 1.31103570311e-06, 1.07441007913e-06, 9.34516492634e-07, 7.70495091729e-07, 7.5433439406e-07, 6.52084622743e-07, 6.18572698841e-07],
        "dmean2": [0.00556550966576, 0.00321821914986, 0.00176770903636, 0.00096078927163, 0.00034516165033, 0.000318519334542, 0.000148754639667, 7.8591532656e-05, 6.94360860507e-05, 5.59156651434e-05, 3.11068506562e-05, 3.01787749777e-05, 2.02826322493e-05, 2.21013360715e-05, 1.65823475982e-05, 1.41118325701e-05, 9.28722147364e-06, 8.37534753373e-06, 8.16671581561e-06, 7.9628352978e-06, 6.71291627441e-06, 6.51718028166e-06, 6.27728650215e-06, 6.04768729318e-06, 4.56744646726e-06, 8.66198570293e-06, 6.85720033289e-06, 3.81012000616e-06, 2.11060751099e-06, 1.8799917143e-06, 2.45621913564e-06, 2.26434440265e-06, 2.08650681088e-06, 1.79585970272e-06, 1.47506648318e-06, 1.32652155571e-06, 1.06252127807e-06, 1.08106587504e-06, 9.63664433584e-07, 9.2429598908e-07],
        "dvar": [0.000189747908735, 3.76866555598e-05, 7.54175061957e-06, 1.57965496328e-06, 2.14270741594e-07, 3.2418577689e-07, 7.98071511099e-08, 2.11195327893e-08, 2.27487397808e-08, 1.26868977546e-08, 3.45113670974e-09, 4.34873514976e-09, 2.33169172859e-09, 2.22476304046e-09, 1.29062605048e-09, 7.89961984715e-10, 3.00714148027e-10, 3.37582711785e-10, 2.4671195642e-10, 2.53552151497e-10, 2.67525335218e-10, 2.34829322654e-10, 2.09186043487e-10, 1.36031810816e-10, 9.83997328063e-11, 4.53880405482e-10, 3.54319323881e-10, 1.46889930774e-10, 2.12987891213e-11, 1.20633711354e-11, 3.21488564936e-11, 2.20899271097e-11, 1.51665346948e-11, 1.38630738833e-11, 7.84820732708e-12, 5.64527114291e-12, 3.83121529293e-12, 3.43809290933e-12, 3.64192443564e-12, 4.62855274941e-12],
        "dvar2": [0.000483876414364, 8.92873649718e-05, 1.90009595826e-05, 4.02442447012e-06, 4.77885294003e-07, 8.89134071258e-07, 1.91634683233e-07, 3.2598393318e-08, 3.8069217112e-08, 2.66708681806e-08, 5.2124895511e-09, 6.37874775222e-09, 3.43742989628e-09, 5.46419665071e-09, 3.27895355312e-09, 1.8627350773e-09, 7.29698024227e-10, 8.49528114522e-10, 5.51673928761e-10, 6.4452326809e-10, 7.23434145922e-10, 5.90289817026e-10, 5.11544029358e-10, 2.99446245577e-10, 2.09841075072e-10, 1.10003850473e-09, 8.95635843268e-10, 3.24735793811e-10, 3.5803884163e-11, 2.12207664635e-11, 7.26318796773e-11, 3.86925318174e-11, 2.58838332712e-11, 2.92587030992e-11, 1.50128659504e-11, 1.17485890808e-11, 7.05008924504e-12, 6.80945707807e-12, 7.43676908249e-12, 1.03112709343e-11],
        "max": [0.123733334243, 0.0670851022005, 0.0336062572896, 0.0152210565284, 0.008301300928, 0.0114058004692, 0.00426680315286, 0.00286551099271, 0.00360281812027, 0.00287832855247, 0.0021379084792, 0.00194263993762, 0.00137189892121, 0.000900828279555, 0.000358867662726, 0.000429749139585, 0.000240088615101, 0.000240153982304, 0.000255261576967, 0.000150375461089, 0.000164934492204, 0.000163969118148, 0.000149672589032, 0.000122501311125, 0.000129015592393, 0.000365001353202, 0.000432145578088, 0.000295621110126, 0.000104410530184, 4.01384968427e-05, 7.33582492103e-05, 4.8143811e-05, 3.76242787752e-05, 4.03051781177e-05, 2.82702967525e-05, 4.00005774281e-05, 3.91061221308e-05, 2.37472650042e-05, 1.98881662072e-05, 2.81620068563e-05],
        "mean": [0.00445483438671, 0.00495029706508, 0.0026847103145, 0.00128262420185, 0.000646100612357, 0.000402102741646, 0.000177137146238, 0.000146974605741, 0.00014864365221, 8.30468998174e-05, 5.91601237829e-05, 6.00342355028e-05, 2.68595158559e-05, 1.79909457074e-05, 1.15890752568e-05, 1.06328443508e-05, 6.4459954956e-06, 5.53821564608e-06, 5.85666430197e-06, 4.50692323284e-06, 3.6965820982e-06, 3.57308954335e-06, 3.96575887862e-06, 4.97423798151e-06, 4.32279557572e-06, 6.82866175339e-06, 5.80601226829e-06, 3.74746582565e-06, 2.35995025832e-06, 1.89554282315e-06, 2.06878644349e-06, 2.24631321544e-06, 2.3674942895e-06, 1.80322649612e-06, 1.51005417592e-06, 1.3504763956e-06, 1.16677301776e-06, 1.12835675736e-06, 9.22333470044e-07, 7.71600298322e-07],
        "median": [0.00169999571517, 0.00166666449513, 0.00124897190835, 0.000739688926842, 0.000267376017291, 0.000119244228699, 3.30036382366e-05, 1.66863046616e-05, 1.36853504955e-05, 6.37469702269e-06, 4.64254981125e-06, 4.41789188699e-06, 3.14307044391e-06, 2.14950705413e-06, 1.10025621325e-06, 1.1616507436e-06, 9.29747841383e-07, 7.08278832917e-07, 9.30496014462e-07, 7.21870947018e-07, 4.64700434577e-07, 3.9313621869e-07, 5.06223386765e-07, 6.24432459517e-07, 3.77976164145e-07, 3.06420361085e-07, 3.20562747902e-07, 1.54631109694e-07, 8.16791470015e-08, 1.15785191213e-07, 1.60397959803e-07, 2.61712727934e-07, 3.42202270076e-07, 1.75308073835e-07, 1.47474906953e-07, 1.65802632068e-07, 1.47226003833e-07, 1.77531759959e-07, 1.27496576852e-07, 1.1890858076e-07],
        "min": [9.29973132808e-24, 7.30456089267e-24, 7.15846306416e-24, 2.30120231827e-24, 8.96050615048e-24, 1.725381268e-23, 1.12177819325e-23, 9.57327989102e-24, 1.12004522362e-23, 1.64241250675e-23, 1.62716067001e-23, 1.75048581967e-23, 8.25621192316e-24, 1.02645334587e-23, 7.77412876878e-24, 5.52700247114e-24, 4.55434683576e-24, 3.23896742467e-24, 9.31110906891e-24, 1.13238387592e-23, 2.52941812154e-23, 3.14270312283e-24, 9.80676930833e-24, 1.34809654939e-23, 1.70421896981e-23, 1.68225108687e-23, 1.02924283692e-23, 1.06348208233e-23, 1.96541349766e-23, 1.25420837549e-23, 1.0346636524e-23, 1.02019018471e-23, 1.22767385565e-23, 8.02778147083e-24, 8.57224616787e-24, 1.09312439859e-23, 8.95019968275e-24, 9.29395844397e-24, 9.56178145446e-24, 8.37801678009e-24],
        "stdev": [0.0127859953791, 0.00792704615742, 0.00382494018413, 0.00167902244721, 0.000945129489992, 0.000797292450443, 0.000386169238482, 0.000332842406351, 0.000352856353857, 0.000210070284083, 0.00018912620726, 0.000186925477465, 8.74590987223e-05, 5.36568113603e-05, 3.71308706235e-05, 3.60986159649e-05, 1.8561095203e-05, 1.85345379577e-05, 1.85968547157e-05, 1.48410053953e-05, 1.40981501318e-05, 1.39644980663e-05, 1.37955885293e-05, 1.4392077901e-05, 1.34711326609e-05, 2.61103486991e-05, 2.11916467379e-05, 1.5400830307e-05, 7.99191820988e-06, 5.19565446666e-06, 6.41924407319e-06, 6.13452721154e-06, 5.70837755731e-06, 4.73196996609e-06, 3.85065141018e-06, 3.39355597134e-06, 2.96830012303e-06, 2.68461894848e-06, 2.368782134e-06, 2.32760294239e-06],
        "var": [0.000163481687196, 6.28380585113e-05, 1.4630167243e-05, 2.81911638922e-06, 8.93269714197e-07, 6.35675235117e-07, 1.4912669144e-07, 1.10784071694e-07, 1.24507607779e-07, 4.41295213705e-08, 3.57687248709e-08, 3.49411344303e-08, 7.6490938028e-09, 2.87905321805e-09, 1.37870159733e-09, 1.3031100643e-09, 3.44514250461e-10, 3.43529121816e-10, 3.45843020888e-10, 2.20255452765e-10, 1.98757829639e-10, 1.95007218706e-10, 1.90318275028e-10, 2.07131894969e-10, 1.81471421223e-10, 6.81750322862e-10, 4.49085879595e-10, 2.37185576735e-10, 6.38707628453e-11, 2.69948230436e-11, 4.12066943067e-11, 3.76324214846e-11, 3.25855731287e-11, 2.2391540011e-11, 1.48275176859e-11, 1.15162220038e-11, 8.81080625126e-12, 7.20717929781e-12, 5.61112831546e-12, 5.41773527082e-12]
    },
    "melbands128": {
