{
"lowlevel": {
    "average_loudness": 0.860442042351,
    "barkbands_crest": {
        "dmean": 1.90084207058,
        "dmean2": 3.01846504211,
        "dvar": 4.34894227982,
        "dvar2": 10.6171655655,
        "max": 23.6990337372,
        "mean": 9.28276634216,
        "median": 8.64929008484,
        "min": 2.69928979874,
        "stdev": 3.31691670418,
        "var": 11.0019369125
    },
    "barkbands_flatness_db": {
        "dmean": 0.0192921962589,
        "dmean2": 0.0280140023679,
        "dvar": 0.00050295406254,
        "dvar2": 0.0010504827369,
        "max": 0.354738891125,
        "mean": 0.193567425013,
        "median": 0.19494497776,
        "min": 0.0374485738575,
        "stdev": 0.0577533058822,
        "var": 0.00333544425666
    },
    "barkbands_kurtosis": {
        "dmean": 2.77106738091,
        "dmean2": 4.57778739929,
        "dvar": 65.3730621338,
        "dvar2": 175.938064575,
        "max": 165.953704834,
        "mean": 3.52425551414,
        "median": 1.78765392303,
        "min": -1.85395896435,
        "stdev": 7.59651899338,
        "var": 57.7071037292
    },
    "barkbands_skewness": {
        "dmean": 0.461969584227,
        "dmean2": 0.700957894325,
        "dvar": 0.398926526308,
        "dvar2": 0.920869648457,
        "max": 9.42467212677,
        "mean": 1.13930392265,
        "median": 0.966894388199,
        "min": -2.36498999596,
        "stdev": 1.11114561558,
        "var": 1.23464465141
    },
    "barkbands_spread": {
        "dmean": 4.67184686661,
        "dmean2": 6.87044620514,
        "dvar": 91.0217132568,
        "dvar2": 160.676971436,
        "max": 92.4533157349,
        "mean": 15.3991241455,
        "median": 10.8098707199,
        "min": 0.646095514297,
        "stdev": 15.4905700684,
        "var": 239.957763672
    },
    "dissonance": {
        "dmean": 0.030206926167,
        "dmean2": 0.0495756715536,
        "dvar": 0.00089537166059,
        "dvar2": 0.0023049863521,
        "max": 0.499005615711,
        "mean": 0.426655828953,
        "median": 0.431819856167,
        "min": 0.0372459292412,
        "stdev": 0.0459829345345,
        "var": 0.00211443030275
    },
    "dynamic_complexity": 2.43431019783,
    "erbbands_crest": {
        "dmean": 2.28552246094,
        "dmean2": 3.59260177612,
        "dvar": 4.27337121964,
        "dvar2": 10.4670467377,
        "max": 29.757106781,
        "mean": 10.3158740997,
        "median": 9.41160583496,
        "min": 2.93876600266,
        "stdev": 4.48914051056,
        "var": 20.152381897
    },
    "erbbands_flatness_db": {
        "dmean": 0.0160129480064,
        "dmean2": 0.0226741284132,
        "dvar": 0.00028690014733,
        "dvar2": 0.000541365530808,
        "max": 0.379391103983,
        "mean": 0.20280431211,
        "median": 0.193142414093,
        "min": 0.067753508687,
        "stdev": 0.0731868520379,
        "var": 0.00535631505772
    },
    "erbbands_kurtosis": {
        "dmean": 1.3744366169,
        "dmean2": 2.10828948021,
        "dvar": 3.41775846481,
        "dvar2": 7.30217981339,
        "max": 36.0051689148,
        "mean": 2.24380803108,
        "median": 1.65068697929,
        "min": -1.71841108799,
        "stdev": 3.11039972305,
        "var": 9.67458629608
    },
    "erbbands_skewness": {
        "dmean": 0.385746896267,
        "dmean2": 0.576199531555,
        "dvar": 0.176413699985,
        "dvar2": 0.368904292583,
        "max": 3.96387314796,
        "mean": 0.720316946507,
        "median": 0.758154153824,
        "min": -2.40704369545,
        "stdev": 0.779161036015,
        "var": 0.607091903687
    },
    "erbbands_spread": {
        "dmean": 7.30465936661,
        "dmean2": 10.8911056519,
        "dvar": 147.585372925,
        "dvar2": 302.176483154,
        "max": 128.279678345,
        "mean": 25.7544136047,
        "median": 18.0920753479,
        "min": 2.22241783142,
        "stdev": 21.4265956879,
        "var": 459.098968506
    },
    "hfc": {
        "dmean": 7.58866405487,
        "dmean2": 10.3203468323,
        "dvar": 288.437957764,
        "dvar2": 435.617950439,
        "max": 193.328445435,
        "mean": 22.2190532684,
        "median": 13.9610147476,
        "min": 1.09577581892e-16,
        "stdev": 29.0359287262,
        "var": 843.085205078
    },
    "loudness_ebu128": {
        "integrated": -10.7823410034,
        "loudness_range": 4.94220924377,
        "momentary": {
            "dmean": 0.477194070816,
            "dmean2": 0.530699372292,
            "dvar": 0.40735116601,
            "dvar2": 0.333272844553,
            "max": -7.3819937706,
            "mean": -11.6383256912,
            "median": -10.9857826233,
            "min": -24.0708446503,
            "stdev": 2.97764325142,
            "var": 8.86635971069
        },
        "short_term": {
            "dmean": 0.0982134267688,
            "dmean2": 0.0783305168152,
            "dvar": 0.0175301078707,
            "dvar2": 0.0110094910488,
            "max": -8.36545944214,
            "mean": -11.3268013,
            "median": -11.1460285187,
            "min": -17.726890564,
            "stdev": 1.86013889313,
            "var": 3.46011662483
        }
    },
    "melbands_crest": {
        "dmean": 2.30990147591,
        "dmean2": 3.52298784256,
        "dvar": 6.13422679901,
        "dvar2": 14.6870584488,
        "max": 32.3674430847,
        "mean": 12.3270606995,
        "median": 11.3064308167,
        "min": 1.85058748722,
        "stdev": 4.49868965149,
        "var": 20.2382106781
    },
    "melbands_flatness_db": {
        "dmean": 0.0234302785248,
        "dmean2": 0.0327167287469,
        "dvar": 0.00079019588884,
        "dvar2": 0.00151634949725,
        "max": 0.489336907864,
        "mean": 0.280256927013,
        "median": 0.287005186081,
        "min": 0.00317023973912,
        "stdev": 0.0666942968965,
        "var": 0.00444812932983
    },
    "melbands_kurtosis": {
        "dmean": 5.31911373138,
        "dmean2": 8.53181266785,
        "dvar": 178.029098511,
        "dvar2": 450.187164307,
        "max": 194.758666992,
        "mean": 8.13200759888,
        "median": 3.4239730835,
        "min": -1.61526286602,
        "stdev": 14.7011566162,
        "var": 216.12399292
    },
    "melbands_skewness": {
        "dmean": 0.567319333553,
        "dmean2": 0.856434643269,
        "dvar": 0.589650273323,
        "dvar2": 1.34296059608,
        "max": 11.5278301239,
        "mean": 1.79336512089,
        "median": 1.45930314064,
        "min": -1.75779891014,
        "stdev": 1.46395862103,
        "var": 2.1431748867
    },
    "melbands_spread": {
        "dmean": 4.35344791412,
        "dmean2": 6.39038610458,
        "dvar": 82.5300750732,
        "dvar2": 131.484115601,
        "max": 164.459518433,
        "mean": 15.8140211105,
        "median": 12.7077178955,
        "min": 0.603379189968,
        "stdev": 15.0638160706,
        "var": 226.918548584
    },
    "pitch_salience": {
        "dmean": 0.0594682171941,
        "dmean2": 0.0965764075518,
        "dvar": 0.00310100661591,
        "dvar2": 0.00773036945611,
        "max": 0.898299992085,
        "mean": 0.554857611656,
        "median": 0.564071774483,
        "min": 0.174379259348,
        "stdev": 0.0964275822043,
        "var": 0.00929827801883
    },
    "silence_rate_20dB": {
        "dmean": 0,
        "dmean2": 0,
        "dvar": 0,
        "dvar2": 0,
        "max": 1,
        "mean": 1,
        "median": 1,
        "min": 1,
        "stdev": 0,
        "var": 0
    },
    "silence_rate_30dB": {
        "dmean": 0.0355761796236,
        "dmean2": 0.071207433939,
        "dvar": 0.0343107171357,
        "dvar2": 0.0707811117172,
        "max": 1,
        "mean": 0.948222577572,
        "median": 1,
        "min": 0,
        "stdev": 0.221577823162,
        "var": 0.0490967296064
    },
    "silence_rate_60dB": {
        "dmean": 0.00386697612703,
        "dmean2": 0.00773993786424,
        "dvar": 0.00385194295086,
        "dvar2": 0.00768012693152,
        "max": 1,
        "mean": 0.0363214835525,
        "median": 0,
        "min": 0,
        "stdev": 0.187089547515,
        "var": 0.0350024998188
    },
    "spectral_centroid": {
        "dmean": 180.516082764,
        "dmean2": 256.611541748,
        "dvar": 192814.421875,
        "dvar2": 258158.34375,
        "max": 11190.7783203,
        "mean": 827.987915039,
        "median": 629.215454102,
        "min": 168.979904175,
        "stdev": 678.573120117,
        "var": 460461.5
    },
    "spectral_complexity": {
        "dmean": 2.59474086761,
        "dmean2": 3.9465944767,
        "dvar": 9.16751194,
        "dvar2": 17.098531723,
        "max": 45,
        "mean": 15.5618238449,
        "median": 15,
        "min": 0,
        "stdev": 5.90185785294,
        "var": 34.8319244385
    },
    "spectral_decrease": {
        "dmean": 3.51113182973e-09,
        "dmean2": 5.2865267719e-09,
        "dvar": 6.47290534542e-17,
        "dvar2": 1.501408383e-16,
        "max": -1.15113579074e-28,
        "mean": -1.09573887741e-08,
        "median": -8.49909387313e-09,
        "min": -9.16198246159e-08,
        "stdev": 1.06626867336e-08,
        "var": 1.13692891466e-16
    },
    "spectral_energy": {
        "dmean": 0.0135921277106,
        "dmean2": 0.0203458983451,
        "dvar": 0.000934357522056,
        "dvar2": 0.0021622905042,
        "max": 0.348461061716,
        "mean": 0.0433710329235,
        "median": 0.0337399467826,
        "min": 1.03734749604e-20,
        "stdev": 0.0412391461432,
        "var": 0.00170066731516
    },
    "spectral_energyband_high": {
        "dmean": 0.000675917428453,
        "dmean2": 0.000933425151743,
        "dvar": 4.97103064845e-06,
        "dvar2": 7.45097486288e-06,
        "max": 0.0256487969309,
        "mean": 0.00109450612217,
        "median": 4.66001729365e-05,
        "min": 7.67105408876e-21,
        "stdev": 0.00353353586979,
        "var": 1.2485876141e-05
    },
    "spectral_energyband_low": {
        "dmean": 0.0101784812286,
        "dmean2": 0.0158453285694,
        "dvar": 0.000864902860485,
        "dvar2": 0.00201170751825,
        "max": 0.33907532692,
        "mean": 0.0213151536882,
        "median": 0.0124653466046,
        "min": 7.16291381739e-23,
        "stdev": 0.034800671041,
        "var": 0.00121108663734
    },
    "spectral_energyband_middle_high": {
        "dmean": 0.00129604851827,
        "dmean2": 0.00180912215728,
        "dvar": 3.69529789168e-06,
        "dvar2": 6.75984256304e-06,
        "max": 0.0258455108851,
        "mean": 0.00383432395756,
        "median": 0.00273315934464,
        "min": 1.52363629509e-21,
        "stdev": 0.00354359578341,
        "var": 1.25570713863e-05
    },
    "spectral_energyband_middle_low": {
        "dmean": 0.00611204560846,
        "dmean2": 0.00964768882841,
        "dvar": 0.000101436846307,
        "dvar2": 0.000269121286692,
        "max": 0.141187012196,
        "mean": 0.0197086781263,
        "median": 0.0171505715698,
        "min": 3.570545006e-22,
        "stdev": 0.0141777805984,
        "var": 0.000201009461307
    },
    "spectral_entropy": {
        "dmean": 0.1836194098,
        "dmean2": 0.256821811199,
        "dvar": 0.0498024262488,
        "dvar2": 0.0912385061383,
        "max": 9.8106470108,
        "mean": 6.95863199234,
        "median": 6.80482673645,
        "min": 5.60819816589,
        "stdev": 0.617929399014,
        "var": 0.38183671236
    },
    "spectral_flux": {
        "dmean": 0.0253287311643,
        "dmean2": 0.0392053574324,
        "dvar": 0.00174110836815,
        "dvar2": 0.00340665341355,
        "max": 0.528582692146,
        "mean": 0.0834761857986,
        "median": 0.0640174597502,
        "min": 1.01850257395e-10,
        "stdev": 0.0679202154279,
        "var": 0.00461315596476
    },
    "spectral_kurtosis": {
        "dmean": 6.1327419281,
        "dmean2": 10.4650478363,
        "dvar": 64.2852249146,
        "dvar2": 196.014785767,
        "max": 89.4353637695,
        "mean": 14.9103040695,
        "median": 10.7471542358,
        "min": -1.19400668144,
        "stdev": 13.8305425644,
        "var": 191.283920288
    },
    "spectral_rms": {
        "dmean": 0.000823321577627,
        "dmean2": 0.00119528954383,
        "dvar": 1.75159198079e-06,
        "dvar2": 3.75081549464e-06,
        "max": 0.0184380598366,
        "mean": 0.00596802216023,
        "median": 0.0057373335585,
        "min": 3.18126753239e-12,
        "stdev": 0.00258764321916,
        "var": 6.69589780955e-06
    },
    "spectral_rolloff": {
        "dmean": 355.155700684,
        "dmean2": 575.94720459,
        "dvar": 1443308.25,
        "dvar2": 2776547,
        "max": 18324.7558594,
        "mean": 1039.47009277,
        "median": 624.462890625,
        "min": 64.599609375,
        "stdev": 1598.96826172,
        "var": 2556699.5
    },
    "spectral_skewness": {
        "dmean": 0.508898496628,
        "dmean2": 0.815398693085,
        "dvar": 0.275098621845,
        "dvar2": 0.766150712967,
        "max": 6.8934340477,
        "mean": 2.63196396828,
        "median": 2.608543396,
        "min": -0.00790360383689,
        "stdev": 1.09737801552,
        "var": 1.20423853397
    },
    "spectral_spread": {
        "dmean": 599081.75,
        "dmean2": 824457.5625,
        "dvar": 1.70955846451e+12,
        "dvar2": 1.96338489754e+12,
        "max": 40652716,
        "mean": 3648758.5,
        "median": 2988832,
        "min": 854902.4375,
        "stdev": 2523754,
        "var": 6.36933373952e+12
    },
    "spectral_strongpeak": {
        "dmean": 0.38981834054,
        "dmean2": 0.649717926979,
        "dvar": 0.327035725117,
        "dvar2": 0.723661899567,
        "max": 5.07703304291,
        "mean": 0.896310448647,
        "median": 0.464729428291,
        "min": 6.48337161735e-09,
        "stdev": 0.932552337646,
        "var": 0.869653880596
    },
    "zerocrossingrate": {
        "dmean": 0.00960059836507,
        "dmean2": 0.0103502776474,
        "dvar": 0.000437580805738,
        "dvar2": 0.000424279482104,
        "max": 0.486328125,
        "mean": 0.0405771546066,
        "median": 0.0283203125,
        "min": 0.0048828125,
        "stdev": 0.0401231870055,
        "var": 0.00160987023264
    },
    "barkbands": {
        "dmean": [0.000422122626333, 0.00716105988249, 0.00317012961023, 0.00292676128447, 0.00173007696867, 0.00141595629975, 0.00164668634534, 0.00104538432788, 0.00112774502486, 0.000573311699554, 0.000359933881555, 0.000298103754176, 0.000202670285944, 0.00020313175628, 0.000113701171358, 6.65769839543e-05, 7.13020999683e-05, 6.94417685736e-05, 7.48020902392e-05, 0.000189381171367, 8.34427773952e-05, 0.000107583284262, 0.000157241520355, 0.000187584446394, 0.000105584673292, 3.24606771755e-05, 2.4468911306e-06],
        "dmean2": [0.000667958520353, 0.0110615659505, 0.00561552913859, 0.00510613387451, 0.00294632068835, 0.00217857258394, 0.00256803166121, 0.00160906545352, 0.00150093948469, 0.000813169579487, 0.00054210901726, 0.000451110507129, 0.000308249669615, 0.000300654472085, 0.000171741194208, 0.000107944717456, 0.000115765520604, 0.000109311411506, 0.000113506554044, 0.000287615373963, 0.000115817289043, 0.000147428640048, 0.000217357170186, 0.00025885712239, 0.000150564446812, 4.65649573016e-05, 4.00724366045e-06],
        "dvar": [1.70376517872e-06, 0.000556303537451, 0.000111307032057, 4.34898211097e-05, 1.19650367196e-05, 4.99114776176e-06, 6.09128665019e-06, 2.45737533078e-06, 4.17240244133e-06, 8.04023159162e-07, 4.09116665878e-07, 5.6134587112e-07, 3.05293070824e-07, 2.67362707973e-07, 5.93556244155e-08, 2.7696309246e-08, 3.01237150779e-08, 5.89375623861e-08, 7.8854775154e-08, 6.22474317424e-07, 8.50186339107e-08, 1.29664954329e-07, 3.06842451891e-07, 4.27731862374e-07, 1.32577966383e-07, 8.51274606362e-09, 1.2325315768e-10],
        "dvar2": [3.92718766307e-06, 0.00126142415684, 0.000322413543472, 0.00011995308887, 3.36916164088e-05, 1.11770796138e-05, 1.40610582093e-05, 6.09287144471e-06, 7.36841320759e-06, 1.45543253893e-06, 9.1993206297e-07, 1.20415165838e-06, 6.18577701061e-07, 5.47792069483e-07, 1.38468436717e-07, 6.73881075386e-08, 7.54258664415e-08, 1.58413229201e-07, 1.69597441868e-07, 1.36273376938e-06, 1.45147808439e-07, 2.17287691839e-07, 5.0676101182e-07, 7.3754819141e-07, 2.30676150181e-07, 1.7787398221e-08, 3.03686020775e-10],
        "max": [0.0151191717014, 0.28216034174, 0.114756956697, 0.0734752416611, 0.0507636107504, 0.0347775705159, 0.0406561978161, 0.0240355599672, 0.0324209816754, 0.0161074902862, 0.00955248996615, 0.010309224017, 0.00847888365388, 0.00956758018583, 0.00410346500576, 0.0024934746325, 0.00322693050839, 0.00543129304424, 0.00643538637087, 0.0106417583302, 0.00441648531705, 0.00576854078099, 0.00840292964131, 0.00901499483734, 0.00609980383888, 0.00121701287571, 0.000193121391931],
        "mean": [0.000796101812739, 0.0144057897851, 0.00396375078708, 0.00370084005408, 0.00298239267431, 0.00308413198218, 0.00360082741827, 0.00265951245092, 0.00278470711783, 0.00167619169224, 0.000790845660958, 0.00048669372336, 0.000313977623591, 0.000296744605293, 0.000195955566596, 0.00010093623132, 0.000107505729829, 9.89563413896e-05, 0.000107596519229, 0.000245905743213, 0.00012263917597, 0.000164303710335, 0.000227849624935, 0.000259734137217, 0.000148019113112, 4.67520876555e-05, 2.41135535362e-06],
        "median": [3.70118832507e-05, 0.00858977250755, 0.00152246491052, 0.00146389671136, 0.00199489900842, 0.00200240826234, 0.00213689450175, 0.0016275140224, 0.00124700576998, 0.000809343589935, 0.000447431055363, 0.000172056694282, 0.000101217839983, 0.000125567661598, 0.0001044668752, 4.81849347125e-05, 4.3964406359e-05, 2.88756782538e-05, 2.50249177043e-05, 1.68681708601e-05, 7.88780562289e-06, 7.93272556621e-06, 5.02702187077e-06, 3.26327517541e-06, 3.45536091118e-06, 1.52440884449e-06, 1.83033499468e-08],
        "min": [2.40606993713e-24, 6.29449281889e-23, 1.7601267649e-24, 1.83592166452e-23, 4.63292077402e-23, 4.5473129575e-23, 4.64305669002e-23, 6.96307641744e-23, 9.72100671729e-23, 8.12774624028e-23, 5.05677636949e-23, 1.07302905056e-22, 6.310583057e-23, 9.80628447441e-23, 1.85677952551e-22, 1.75345957285e-22, 1.00497383094e-22, 2.5009213102e-22, 2.06632975958e-22, 3.76405750854e-22, 5.98011597094e-22, 6.04694523761e-22, 6.49661917765e-22, 8.19731847098e-22, 1.08243429203e-21, 1.78192980273e-21, 2.21420740344e-21],
        "stdev": [0.00197565671988, 0.0269706491381, 0.00863701757044, 0.00669197691604, 0.00359489186667, 0.0033959466964, 0.00428308453411, 0.00307637499645, 0.00403013732284, 0.00241906242445, 0.00100918475073, 0.00104235752951, 0.000737248163205, 0.000644084997475, 0.000306380359689, 0.000183513679076, 0.000200034948648, 0.000248989090323, 0.000383881560992, 0.00100404408295, 0.000437220413005, 0.000568467366975, 0.000836024410091, 0.000933833245654, 0.000513247679919, 0.000121034645417, 1.14150898298e-05],
        "var": [3.90321974919e-06, 0.000727415899746, 7.45980723877e-05, 4.47825550509e-05, 1.29232475956e-05, 1.15324537546e-05, 1.8344811906e-05, 9.46408272284e-06, 1.62420074048e-05, 5.85186353419e-06, 1.01845387235e-06, 1.08650931452e-06, 5.43534838471e-07, 4.14845516161e-07, 9.38689268537e-08, 3.36772707499e-08, 4.00139832379e-08, 6.19955642378e-08, 1.47365042835e-07, 1.00810461845e-06, 1.91161689145e-07, 3.23155177284e-07, 6.98936787558e-07, 8.72044495281e-07, 2.63423203251e-07, 1.46493857045e-08, 1.30304267376e-10]
    },
    "erbbands": {
        "dmean": [0.24678337574, 1.66124653816, 3.55534911156, 7.20226192474, 7.34082698822, 6.03360271454, 9.92801570892, 10.6802692413, 23.5822715759, 22.0951652527, 26.8486843109, 19.1765537262, 18.8891334534, 14.9376039505, 10.3231277466, 11.0881614685, 9.56208705902, 10.8901996613, 5.62385034561, 4.59544277191, 3.71427607536, 3.89173102379, 4.0110077858, 2.76562047005, 5.58735513687, 9.45299530029, 4.2896604538, 3.27483248711, 3.91466474533, 3.72832083702, 4.6756401062, 4.2555065155, 2.85576057434, 1.55588436127, 0.571221709251, 0.210717558861, 0.0465581305325, 0.00799970235676, 0.000270082207862, 2.09139980143e-05],
        "dmean2": [0.381939560175, 2.68419718742, 6.34039258957, 12.6602420807, 12.5252971649, 10.4160528183, 14.6660823822, 17.4713382721, 37.8324165344, 33.0570716858, 37.7574195862, 25.9870815277, 27.2309074402, 22.519575119, 14.774682045, 16.9574394226, 13.8789081573, 16.2103443146, 7.86046171188, 7.2179646492, 5.90723657608, 6.34986352921, 6.28493738174, 4.16991090775, 8.36718559265, 13.9368419647, 6.29709100723, 4.5439915657, 5.5505065918, 4.997194767, 6.42368888855, 5.88134908676, 3.97509169579, 2.19223952293, 0.824207901955, 0.298767268658, 0.0677415058017, 0.0124314604327, 0.000422761950176, 2.9849825296e-05],
        "dvar": [0.630568563938, 35.3344039917, 182.472167969, 237.413711548, 336.731750488, 125.339111328, 215.21546936, 463.02154541, 1370.93066406, 1081.47998047, 1855.18811035, 1371.78320312, 974.103027344, 675.155456543, 476.640411377, 815.762268066, 543.55078125, 798.469055176, 171.326675415, 91.6356201172, 81.792678833, 101.158790588, 173.642822266, 53.6488838196, 502.699829102, 1576.66687012, 279.006286621, 120.610221863, 182.743972778, 157.093505859, 286.371032715, 239.18989563, 100.868278503, 33.133392334, 3.01149511337, 0.342769771814, 0.0210345219821, 0.000951884081587, 1.38833013352e-06, 1.81191617266e-09],
        "dvar2": [1.3312882185, 90.709815979, 528.009887695, 682.460327148, 920.916381836, 356.511199951, 481.819335938, 1139.27258301, 3401.61889648, 2525.30175781, 3444.93896484, 2479.8684082, 1845.64440918, 1544.72167969, 882.548156738, 1904.20043945, 1140.31274414, 1624.21191406, 332.137695312, 215.462875366, 183.182449341, 259.490447998, 445.598236084, 119.01927948, 1065.18066406, 3526.05297852, 504.192932129, 214.246490479, 316.654968262, 242.051177979, 471.702697754, 417.738037109, 175.265380859, 56.6232643127, 5.50562286377, 0.673181295395, 0.0472588278353, 0.00227664341219, 3.41081636179e-06, 4.03931554871e-09],
        "max": [9.11834335327, 68.6021957397, 147.604263306, 197.361404419, 233.739974976, 157.319107056, 173.960342407, 424.368255615, 517.815551758, 471.281768799, 580.20300293, 883.49798584, 624.47052002, 377.315979004, 313.566589355, 473.097717285, 346.761352539, 560.348266602, 311.737304688, 156.153335571, 175.708572388, 193.482971191, 265.419647217, 173.150405884, 461.826873779, 558.97442627, 222.424789429, 188.929611206, 175.740875244, 255.430267334, 286.652862549, 222.074188232, 141.907852173, 108.102607727, 24.4964141846, 7.05663299561, 1.93106865883, 0.520656168461, 0.0184655096382, 0.000533403654117],
        "mean": [0.448702126741, 3.02599358559, 4.90531873703, 9.76047706604, 10.2234983444, 10.2191820145, 22.1992912292, 21.2301998138, 48.7155570984, 56.181552887, 68.689994812, 48.1365776062, 56.1825370789, 37.1897468567, 20.871969223, 18.3268699646, 16.1083965302, 16.6525497437, 10.5711488724, 8.29507160187, 6.27024126053, 5.91225862503, 5.76305055618, 4.42873334885, 8.01022338867, 11.8278188705, 6.12602806091, 4.81086540222, 5.87037324905, 5.83123350143, 6.745429039, 5.96341514587, 3.93652462959, 2.1626098156, 0.786670506001, 0.301883667707, 0.0638109371066, 0.00948981381953, 0.000317894853652, 6.05123386777e-05],
        "median": [0.1861538589, 1.80788981915, 2.63496923447, 4.26095247269, 5.64273834229, 6.60760307312, 14.060921669, 13.9503536224, 27.0838432312, 35.7711219788, 40.169883728, 24.362323761, 25.5703468323, 24.0913581848, 10.7316026688, 7.07598495483, 6.22557926178, 7.2766752243, 5.36636447906, 4.76046657562, 3.08368062973, 2.56151199341, 1.79095697403, 1.7761425972, 0.946436047554, 0.732531070709, 0.36804023385, 0.288102656603, 0.27382427454, 0.246735855937, 0.121187269688, 0.0616070702672, 0.0611958876252, 0.0429814606905, 0.0192983467132, 0.00826739519835, 0.00194412074052, 0.000270281248959, 2.78587613138e-05, 4.18694471591e-05],
        "min": [2.48384202984e-21, 1.14966448684e-20, 5.17968625015e-21, 2.94156250258e-20, 1.81355846709e-19, 9.57139992567e-20, 1.74524239578e-19, 4.50080138228e-19, 5.4196682449e-19, 1.09449116193e-18, 1.44587190268e-18, 2.78112990512e-18, 2.59802706588e-18, 2.22303548853e-18, 2.42753294072e-18, 3.93121763378e-18, 3.3248249684e-18, 5.47860289899e-18, 9.11446742325e-18, 8.37136971996e-18, 9.11752220125e-18, 7.46076546109e-18, 1.4986884808e-17, 7.01036561755e-18, 1.42802177933e-17, 1.94973402152e-17, 2.07009062045e-17, 2.44473445107e-17, 1.78968301024e-17, 2.19920524226e-17, 1.9780072203e-17, 1.73178582675e-17, 1.3378830808e-17, 1.17902618744e-17, 7.61182518455e-18, 6.75095019693e-18, 3.29706065114e-18, 1.34580486545e-18, 2.82501411136e-19, 3.22810885276e-20],
        "stdev": [1.00232994556, 5.69380807877, 10.7631969452, 15.1942224503, 17.9159259796, 12.3620929718, 23.5788669586, 27.740070343, 60.1742706299, 63.9395561218, 81.8358535767, 70.7029037476, 87.983253479, 41.5994148254, 33.7509155273, 37.2656097412, 33.1311302185, 36.6510391235, 19.8416442871, 11.4647674561, 10.7687883377, 11.0001935959, 14.0241041183, 9.60306930542, 31.2159919739, 49.8732299805, 23.7693710327, 16.4523391724, 20.4023170471, 20.1898326874, 25.4334888458, 22.0659236908, 14.1508378983, 8.16404438019, 2.39521145821, 0.788665652275, 0.179736897349, 0.0339669138193, 0.00121342495549, 6.28594716545e-05],
        "var": [1.00466537476, 32.4194488525, 115.846405029, 230.864395142, 320.980377197, 152.821350098, 555.96295166, 769.511535645, 3620.94287109, 4088.26660156, 6697.10742188, 4998.90039062, 7741.05322266, 1730.51135254, 1139.12426758, 1388.72570801, 1097.671875, 1343.29870605, 393.690826416, 131.440887451, 115.966804504, 121.004264832, 196.675491333, 92.2189483643, 974.438171387, 2487.33911133, 564.982971191, 270.679473877, 416.254547119, 407.629333496, 646.862365723, 486.905029297, 200.24621582, 66.6516265869, 5.73703813553, 0.621993482113, 0.0323053523898, 0.00115375127643, 1.47240018578e-06, 3.95131305453e-09]
    },
    "gfcc": {
        "mean": [-23.8488712311, 148.640075684, -102.710983276, 12.6741008759, -54.5873680115, 8.22199630737, -27.0688915253, 12.7898368835, -13.1391744614, 3.10567712784, -11.6074066162, -3.32538509369, -8.39156532288],
        "cov": [[7750.73681641, -3308.28271484, 1614.90209961, 1119.83398438, -840.74822998, 1056.69726562, -720.603881836, 469.708190918, -512.27545166, 569.587036133, -278.438140869, 375.855407715, -396.724822998], [-3308.28271484, 3349.28271484, -1297.64221191, -1025.71398926, 774.470153809, -755.089233398, 510.781463623, -398.518920898, 442.816070557, -413.066619873, 226.971725464, -212.468917847, 320.661376953], [1614.90209961, -1297.64221191, 942.58392334, 386.164215088, -303.964172363, 431.16317749, -254.209884644, 193.424285889, -211.140930176, 217.03692627, -90.2412719727, 130.97064209, -163.099151611], [1119.83398438, -1025.71398926, 386.164215088, 565.524291992, -253.048126221, 215.361099243, -141.175369263, 99.4375305176, -104.553161621, 107.587539673, -40.7167243958, 38.4907531738, -61.700592041], [-840.74822998, 774.470153809, -303.964172363, -253.048126221, 346.867614746, -169.808898926, 128.784820557, -67.239074707, 88.4141082764, -88.1563568115, 36.7599868774, -28.3901939392, 63.9058380127], [1056.69726562, -755.089233398, 431.16317749, 215.361099243, -169.808898926, 367.763916016, -103.37776947, 110.157058716, -128.946731567, 105.453895569, -53.8968200684, 89.7678985596, -101.582969666], [-720.603881836, 510.781463623, -254.209884644, -141.175369263, 128.784820557, -103.37776947, 231.144287109, -41.1121559143, 80.3486785889, -68.0079574585, 44.1445236206, -54.1842384338, 48.4918327332], [469.708190918, -398.518920898, 193.424285889, 99.4375305176, -67.239074707, 110.157058716, -41.1121559143, 140.847198486, -40.9047546387, 58.6578865051, -37.3070220947, 30.316116333, -53.7824287415], [-512.27545166, 442.816070557, -211.140930176, -104.553161621, 88.4141082764, -128.946731567, 80.3486785889, -40.9047546387, 147.718139648, -53.7568283081, 33.1292152405, -52.1896514893, 55.1374282837], [569.587036133, -413.066619873, 217.03692627, 107.587539673, -88.1563568115, 105.453895569, -68.0079574585, 58.6578865051, -53.7568283081, 129.565032959, -15.9014406204, 39.7989387512, -53.9585151672], [-278.438140869, 226.971725464, -90.2412719727, -40.7167243958, 36.7599868774, -53.8968200684, 44.1445236206, -37.3070220947, 33.1292152405, -15.9014406204, 90.429977417, -7.09944343567, 22.8185520172], [375.855407715, -212.468917847, 130.97064209, 38.4907531738, -28.3901939392, 89.7678985596, -54.1842384338, 30.316116333, -52.1896514893, 39.7989387512, -7.09944343567, 108.60320282, -19.2623310089], [-396.724822998, 320.661376953, -163.099151611, -61.700592041, 63.9058380127, -101.582969666, 48.4918327332, -53.7824287415, 55.1374282837, -53.9585151672, 22.8185520172, -19.2623310089, 102.81388092]],
        "icov": [[0.000351890485035, -0.000253327569226, 0.000181983414222, -0.000451282539871, 0.000328731635818, -0.000498043082189, 0.000537422834896, -0.000387162552215, 0.000234756313148, -0.000795046973508, 0.000516807718668, -0.000411823159084, 0.000278370745946], [-0.000253327569226, 0.0029747900553, -0.000384081242373, 0.00263028172776, -0.00230553233996, 0.000927857123315, -0.00141618633643, 0.00244305725209, -0.00243079476058, 0.00263804406859, -0.00242877937853, 0.000892595970072, -0.00159617653117], [0.000181983414222, -0.000384081242373, 0.00383314513601, -0.000836423307192, 0.000657218683045, -0.0024521718733, 0.00182211468928, -0.00165713147726, 0.00118794478476, -0.00260706036352, 0.000563870999031, -0.000448534236057, 0.000706822553184], [-0.000451282539871, 0.00263028172776, -0.000836423307192, 0.00559531524777, -0.000769956619479, 0.000436538364738, -0.00102252408396, 0.00154872855637, -0.00177334109321, 0.00226436275989, -0.0027401491534, 0.0019051580457, -0.00260703382082], [0.000328731635818, -0.00230553233996, 0.000657218683045, -0.000769956619479, 0.00708176754415, -4.49041108368e-05, -4.33395871369e-05, -0.00208924803883, 0.00141729321331, -0.00151517952327, 0.00213238922879, -0.00214886758476, 0.00108985521365], [-0.000498043082189, 0.000927857123315, -0.0024521718733, 0.000436538364738, -4.49041108368e-05, 0.00839831493795, -0.00262433895841, 0.000396502524382, 0.000529782904778, 0.00209222873673, -8.5718340415e-05, -0.00224124430679, 0.00174023129512], [0.000537422834896, -0.00141618633643, 0.00182211468928, -0.00102252408396, -4.33395871369e-05, -0.00262433895841, 0.00879346672446, -0.00273225991987, 0.00027658912586, -0.00150136696175, -0.000676901079714, 0.00150248443242, 0.000120296499517], [-0.000387162552215, 0.00244305725209, -0.00165713147726, 0.00154872855637, -0.00208924803883, 0.000396502524382, -0.00273225991987, 0.013862346299, -0.00356173305772, 0.000874538964126, 0.000909308961127, -0.000237130501773, 0.00154047738761], [0.000234756313148, -0.00243079476058, 0.00118794478476, -0.00177334109321, 0.00141729321331, 0.000529782904778, 0.00027658912586, -0.00356173305772, 0.014196860604, -0.0023947020527, 0.000289759802399, 0.00213153008372, -0.00157898676116], [-0.000795046973508, 0.00263804406859, -0.00260706036352, 0.00226436275989, -0.00151517952327, 0.00209222873673, -0.00150136696175, 0.000874538964126, -0.0023947020527, 0.0173808783293, -0.00413387687877, -0.000416044640588, 0.00134778709617], [0.000516807718668, -0.00242877937853, 0.000563870999031, -0.0027401491534, 0.00213238922879, -8.5718340415e-05, -0.000676901079714, 0.000909308961127, 0.000289759802399, -0.00413387687877, 0.0163621082902, -0.00319608137943, 0.0016489563277], [-0.000411823159084, 0.000892595970072, -0.000448534236057, 0.0019051580457, -0.00214886758476, -0.00224124430679, 0.00150248443242, -0.000237130501773, 0.00213153008372, -0.000416044640588, -0.00319608137943, 0.0146893728524, -0.00355264451355], [0.000278370745946, -0.00159617653117, 0.000706822553184, -0.00260703382082, 0.00108985521365, 0.00174023129512, 0.000120296499517, 0.00154047738761, -0.00157898676116, 0.00134778709617, 0.0016489563277, -0.00355264451355, 0.0176490675658]]
    },
    "melbands": {
        "dmean": [0.00200238428079, 0.00188161071856, 0.00120259192772, 0.00043103293865, 0.000303936336422, 0.000267230207101, 0.000340310361935, 0.000241250396357, 0.000263713067397, 0.000109958549729, 9.53979106271e-05, 6.09189301031e-05, 3.62671053153e-05, 2.71351727861e-05, 3.42646308127e-05, 2.02677565539e-05, 2.22491617023e-05, 9.69342090684e-06, 1.03350403151e-05, 4.88396881337e-06, 4.47982665719e-06, 4.57805435872e-06, 3.13628243021e-06, 3.74106912204e-06, 2.11722544918e-06, 3.44384648088e-06, 5.7413817558e-06, 6.70311101203e-06, 3.27352245222e-06, 1.95409643311e-06, 2.13430257645e-06, 2.29709326049e-06, 2.20005949814e-06, 2.20702372644e-06, 2.78503398476e-06, 2.89353897642e-06, 2.68662188319e-06, 2.18190348278e-06, 1.60266677085e-06, 1.30418254685e-06],
        "dmean2": [0.00312808877788, 0.0032186456956, 0.00209977384657, 0.000737418886274, 0.000462988595245, 0.00043258810183, 0.000538627617061, 0.000362954830052, 0.000361907994375, 0.000149311861605, 0.000137710158015, 9.10277012736e-05, 5.27605261595e-05, 4.08395826526e-05, 5.14984531037e-05, 3.01010113617e-05, 3.35245058523e-05, 1.40751517392e-05, 1.6081645299e-05, 8.04507544672e-06, 7.1543759077e-06, 7.52764890422e-06, 4.95453650728e-06, 6.05657169217e-06, 3.34331252816e-06, 5.21421497979e-06, 8.61712487676e-06, 1.04365572042e-05, 4.98738836541e-06, 2.79151208815e-06, 3.07586651616e-06, 3.29744739247e-06, 3.03911997435e-06, 3.1170609418e-06, 3.88776334148e-06, 4.23335359301e-06, 3.80814526579e-06, 3.08742619382e-06, 2.24553468797e-06, 1.85523242635e-06],
        "dvar": [4.12756853621e-05, 4.76851710118e-05, 7.40307314118e-06, 8.47964884088e-07, 1.88386039213e-07, 2.11217638935e-07, 2.69600946012e-07, 1.31876589649e-07, 2.0320545957e-07, 5.11030613382e-08, 2.42199664768e-08, 1.01513419892e-08, 4.78206718668e-09, 6.48972919848e-09, 7.11638659112e-09, 2.69577959955e-09, 3.54680840253e-09, 6.44617026424e-10, 4.54019738472e-10, 1.54207771552e-10, 1.51056125941e-10, 1.29604355026e-10, 8.53769832609e-11, 2.51289933306e-10, 3.06195555022e-11, 2.12919626374e-10, 6.30382634981e-10, 9.04518682177e-10, 1.8796621204e-10, 4.44561575053e-11, 5.60382816539e-11, 6.27106699902e-11, 5.47877854196e-11, 5.66412507175e-11, 1.04438832582e-10, 1.19788789998e-10, 9.8324674791e-11, 5.90855489535e-11, 3.32013860849e-11, 2.49335291996e-11],
        "dvar2": [8.77539569046e-05, 0.000132700093673, 2.07917528314e-05, 2.35087236433e-06, 4.4533518917e-07, 5.18733088484e-07, 6.53799531847e-07, 3.13338773594e-07, 3.56153407211e-07, 9.11304738338e-08, 4.53840236503e-08, 2.3060255927e-08, 9.9239798601e-09, 1.50227439377e-08, 1.58852948573e-08, 5.6938440629e-09, 7.359114651e-09, 1.31771704659e-09, 1.09150655181e-09, 4.04932948284e-10, 3.39375888503e-10, 3.35463601342e-10, 1.97247829181e-10, 7.20949300259e-10, 7.25820584191e-11, 4.66644500818e-10, 1.38213163137e-09, 2.14895323758e-09, 3.86106840944e-10, 8.76920688841e-11, 1.17938186994e-10, 1.14834163012e-10, 9.44774883327e-11, 9.70462113448e-11, 1.88434268189e-10, 2.14617823513e-10, 1.90279916823e-10, 1.08808309585e-10, 5.83620929362e-11, 4.43746775436e-11],
        "max": [0.0691359341145, 0.0734196379781, 0.0326184146106, 0.0129737397656, 0.00528385210782, 0.00823409762233, 0.00741488486528, 0.0057333894074, 0.00625501200557, 0.00613061431795, 0.00309355533682, 0.00140888988972, 0.000911096227355, 0.00141019921284, 0.00142957537901, 0.000709499698132, 0.00116512097884, 0.000612849544268, 0.000334830430802, 0.000225369614782, 0.000269469426712, 0.000230286910664, 0.000174552114913, 0.000383995764423, 0.000129096428282, 0.000341813632986, 0.000412299152231, 0.00042829735321, 0.000207612552913, 0.000102687954495, 0.000134931091452, 0.000101447076304, 0.000138472547405, 0.000148636288941, 0.000204519092222, 0.000152983891894, 0.00014945397561, 0.00011373457528, 8.93388569239e-05, 0.000112339905172],
        "mean": [0.00403845403343, 0.00311305117793, 0.00166766776238, 0.000706824008375, 0.000680609839037, 0.000556624145247, 0.00071954674786, 0.000594022276346, 0.000651403563097, 0.000274250487564, 0.000277934217593, 0.000150043182657, 7.72890125518e-05, 4.55644949398e-05, 5.19780987815e-05, 3.18176971632e-05, 3.14387252729e-05, 1.60359159054e-05, 1.74889264599e-05, 7.18300225344e-06, 6.99237762092e-06, 6.67279618938e-06, 4.56557336292e-06, 4.97517112308e-06, 3.22218261317e-06, 4.50907691629e-06, 7.89122259448e-06, 7.87941826275e-06, 4.13756333728e-06, 2.65579706138e-06, 2.84347333945e-06, 3.29420777234e-06, 3.24362235915e-06, 3.24844836541e-06, 3.83527003578e-06, 4.00948965762e-06, 3.49851961801e-06, 2.88390879177e-06, 2.17827982851e-06, 1.73084811195e-06],
        "median": [0.00218540942296, 0.00192143814638, 0.000736302463338, 0.000454065040685, 0.000450593099231, 0.000375084899133, 0.00042566366028, 0.000351122405846, 0.000330389651936, 0.000138331379276, 0.000125493068481, 9.63156489888e-05, 4.30940344813e-05, 1.65747114806e-05, 1.94552594621e-05, 8.61388070916e-06, 1.27681960294e-05, 7.1297095019e-06, 9.17461147765e-06, 3.65870096175e-06, 2.98787472275e-06, 2.68402095571e-06, 1.48883100337e-06, 1.3284961824e-06, 1.33744219966e-06, 6.23736127636e-07, 6.39019617665e-07, 3.65170308214e-07, 2.12712564007e-07, 1.68312936921e-07, 1.5021922195e-07, 1.40159187367e-07, 1.2396426996e-07, 1.3910212715e-07, 6.77027713891e-08, 4.49508945621e-08, 3.40913217656e-08, 4.22031831704e-08, 3.99232966686e-08, 3.214814015e-08],
        "min": [1.9910139273e-23, 6.46145199515e-24, 9.87908260979e-24, 1.17288352148e-23, 4.92409935267e-24, 1.00410602083e-23, 7.93994102017e-24, 1.37080043956e-23, 1.08949208855e-23, 1.72810189149e-23, 1.24701467401e-23, 8.84929648436e-24, 6.66012069767e-24, 1.16937064498e-23, 9.04973026316e-24, 6.70352619126e-24, 9.97447719247e-24, 1.41907036503e-23, 1.05221501868e-23, 1.14628447282e-23, 1.02464835323e-23, 5.85172365214e-24, 1.41682826457e-23, 1.02838660729e-23, 4.78534581919e-24, 8.87465441816e-24, 1.32587039339e-23, 1.24483686571e-23, 1.06871144127e-23, 1.59245978319e-23, 1.33326060012e-23, 1.00697700121e-23, 1.1711422688e-23, 1.19900317937e-23, 1.20233075244e-23, 1.14949631999e-23, 9.83835845442e-24, 1.01633533701e-23, 8.943693158e-24, 9.91094706833e-24],
        "stdev": [0.00792900938541, 0.00591268064454, 0.00266949646175, 0.000939879799262, 0.000679552438669, 0.000628364679869, 0.000861911626998, 0.000729801889975, 0.000866411428433, 0.00042454758659, 0.000440040690592, 0.00016512000002, 0.000108035543235, 0.000100936442323, 0.000114550777653, 7.32534026611e-05, 7.34226196073e-05, 3.61223646905e-05, 2.56325092778e-05, 1.26548948174e-05, 1.41699856613e-05, 1.26695731524e-05, 1.03710872281e-05, 1.49081743075e-05, 6.6232169047e-06, 1.91562357941e-05, 3.26241170114e-05, 3.51380767825e-05, 1.74055130628e-05, 9.45189185586e-06, 1.00772585938e-05, 1.16263154268e-05, 1.15162320071e-05, 1.13319038064e-05, 1.4630257283e-05, 1.55667748913e-05, 1.31757278723e-05, 1.04927148641e-05, 7.96456424723e-06, 6.91318746249e-06],
        "var": [6.28691850579e-05, 3.4959793993e-05, 7.12621113053e-06, 8.83374013938e-07, 4.61791501039e-07, 3.94842174956e-07, 7.42891700156e-07, 5.32610840764e-07, 7.50668732508e-07, 1.80240647296e-07, 1.93635813162e-07, 2.72646154542e-08, 1.16716787346e-08, 1.01881649783e-08, 1.31218804711e-08, 5.36606092894e-09, 5.39088151896e-09, 1.30482535887e-09, 6.5702548957e-10, 1.60146368389e-10, 2.00788483062e-10, 1.60518084935e-10, 1.07559454399e-10, 2.22253659921e-10, 4.386700031e-11, 3.66961377951e-10, 1.06433306613e-09, 1.23468435476e-09, 3.029518858e-10, 8.93382590128e-11, 1.01551149434e-10, 1.3517120756e-10, 1.32623592664e-10, 1.28412044886e-10, 2.14044421076e-10, 2.42324493804e-10, 1.73599815079e-10, 1.10097056472e-10, 6.34342786632e-11, 4.77921625885e-11]
    },
    "melbands128": {
