{
"lowlevel": {
    "average_loudness": 0.956163167953,
    "barkbands_crest": {
        "dmean": 3.2045955658,
        "dmean2": 4.98699522018,
        "dvar": 9.47481155396,
        "dvar2": 20.9709720612,
        "max": 25.2397480011,
        "mean": 12.7603940964,
        "median": 12.1923513412,
        "min": 2.71044516563,
        "stdev": 5.24653768539,
        "var": 27.5261573792
    },
    "barkbands_flatness_db": {
        "dmean": 0.0332404896617,
        "dmean2": 0.0466962195933,
        "dvar": 0.0010286285542,
        "dvar2": 0.00194589968305,
        "max": 0.412369668484,
        "mean": 0.181210562587,
        "median": 0.18074016273,
        "min": 0.0317175872624,
        "stdev": 0.0626030936837,
        "var": 0.00391914695501
    },
    "barkbands_kurtosis": {
        "dmean": 7.84238624573,
        "dmean2": 11.8788328171,
        "dvar": 332.650787354,
        "dvar2": 817.536987305,
        "max": 353.873779297,
        "mean": 10.3093261719,
        "median": 3.71239566803,
        "min": -1.91472613811,
        "stdev": 21.899728775,
        "var": 479.598083496
    },
    "barkbands_skewness": {
        "dmean": 0.952835440636,
        "dmean2": 1.35308802128,
        "dvar": 1.24715530872,
        "dvar2": 2.56551337242,
        "max": 16.0095539093,
        "mean": 2.21562838554,
        "median": 1.94849729538,
        "min": -3.61677765846,
        "stdev": 2.01857089996,
        "var": 4.07462882996
    },
    "barkbands_spread": {
        "dmean": 8.67731761932,
        "dmean2": 13.0849523544,
        "dvar": 118.952461243,
        "dvar2": 253.666107178,
        "max": 101.538146973,
        "mean": 22.8582820892,
        "median": 18.527639389,
        "min": 0.648264408112,
        "stdev": 17.270860672,
        "var": 298.282653809
    },
    "dissonance": {
        "dmean": 0.0226018503308,
        "dmean2": 0.0370244197547,
        "dvar": 0.000648834742606,
        "dvar2": 0.00162123178598,
        "max": 0.4998498559,
        "mean": 0.452555567026,
        "median": 0.460470408201,
        "min": 0.126945614815,
        "stdev": 0.0361836180091,
        "var": 0.0013092540903
    },
    "dynamic_complexity": 2.40347242355,
    "erbbands_crest": {
        "dmean": 3.13082003593,
        "dmean2": 4.95489549637,
        "dvar": 8.33613204956,
        "dvar2": 20.0977935791,
        "max": 28.1111068726,
        "mean": 10.531496048,
        "median": 9.3646402359,
        "min": 2.50585722923,
        "stdev": 4.89483690262,
        "var": 23.9594287872
    },
    "erbbands_flatness_db": {
        "dmean": 0.0204146113247,
        "dmean2": 0.0297848582268,
        "dvar": 0.000400124728912,
        "dvar2": 0.000790471152868,
        "max": 0.40472048521,
        "mean": 0.158026576042,
        "median": 0.151630178094,
        "min": 0.0545355081558,
        "stdev": 0.0452177859843,
        "var": 0.00204464816488
    },
    "erbbands_kurtosis": {
        "dmean": 1.1583827734,
        "dmean2": 1.77668964863,
        "dvar": 3.53696990013,
        "dvar2": 7.72828578949,
        "max": 27.2937755585,
        "mean": 0.467239886522,
        "median": -0.425810337067,
        "min": -1.74462997913,
        "stdev": 2.5779337883,
        "var": 6.64574289322
    },
    "erbbands_skewness": {
        "dmean": 0.465752333403,
        "dmean2": 0.68446367979,
        "dvar": 0.258913457394,
        "dvar2": 0.529903829098,
        "max": 5.01148700714,
        "mean": 0.202253803611,
        "median": 0.139544576406,
        "min": -4.03181362152,
        "stdev": 0.958142459393,
        "var": 0.918036937714
    },
    "erbbands_spread": {
        "dmean": 12.0246210098,
        "dmean2": 17.6568565369,
        "dvar": 177.256668091,
        "dvar2": 381.99029541,
        "max": 173.978927612,
        "mean": 48.958896637,
        "median": 46.3692550659,
        "min": 6.24834442139,
        "stdev": 23.6112670898,
        "var": 557.491943359
    },
    "hfc": {
        "dmean": 10.9524116516,
        "dmean2": 16.6863498688,
        "dvar": 439.71774292,
        "dvar2": 1085.95837402,
        "max": 237.655944824,
        "mean": 26.4460887909,
        "median": 22.6063671112,
        "min": 1.21527615356e-16,
        "stdev": 24.0033512115,
        "var": 576.160888672
    },
    "loudness_ebu128": {
        "integrated": -9.68212604523,
        "loudness_range": 2.24121761322,
        "momentary": {
            "dmean": 0.751622736454,
            "dmean2": 0.889006197453,
            "dvar": 0.651051580906,
            "dvar2": 1.06323826313,
            "max": -6.24531459808,
            "mean": -10.2964229584,
            "median": -9.84936618805,
            "min": -27.9395370483,
            "stdev": 2.59226679802,
            "var": 6.7198472023
        },
        "short_term": {
            "dmean": 0.11031768471,
            "dmean2": 0.142891585827,
            "dvar": 0.00843717157841,
            "dvar2": 0.0111497361213,
            "max": -8.28996753693,
            "mean": -9.76060771942,
            "median": -9.45657920837,
            "min": -14.6442613602,
            "stdev": 1.25314545631,
            "var": 1.57037341595
        }
    },
    "melbands_crest": {
        "dmean": 3.42222237587,
        "dmean2": 5.25587463379,
        "dvar": 12.4040470123,
        "dvar2": 27.1101284027,
        "max": 33.8392410278,
        "mean": 16.6681289673,
        "median": 16.311214447,
        "min": 1.59655940533,
        "stdev": 6.01454925537,
        "var": 36.1748008728
    },
    "melbands_flatness_db": {
        "dmean": 0.0405997671187,
        "dmean2": 0.0545094944537,
        "dvar": 0.00170170085039,
        "dvar2": 0.00311870034784,
        "max": 0.520831763744,
        "mean": 0.236513987184,
        "median": 0.235563904047,
        "min": 0.0040129236877,
        "stdev": 0.088850364089,
        "var": 0.00789438653737
    },
    "melbands_kurtosis": {
        "dmean": 19.3458480835,
        "dmean2": 28.2104263306,
        "dvar": 1396.19006348,
        "dvar2": 2934.38525391,
        "max": 793.781677246,
        "mean": 31.1924705505,
        "median": 13.5174427032,
        "min": -1.80802571774,
        "stdev": 51.3353233337,
        "var": 2635.31542969
    },
    "melbands_skewness": {
        "dmean": 1.28109049797,
        "dmean2": 1.77397322655,
        "dvar": 2.18442106247,
        "dvar2": 4.22984600067,
        "max": 20.5524120331,
        "mean": 3.79084038734,
        "median": 3.22606301308,
        "min": -1.62941360474,
        "stdev": 2.80052065849,
        "var": 7.84291553497
    },
    "melbands_spread": {
        "dmean": 11.137840271,
        "dmean2": 16.6455898285,
        "dvar": 395.342468262,
        "dvar2": 778.631225586,
        "max": 219.661956787,
        "mean": 24.9062824249,
        "median": 15.224404335,
        "min": 0.392751932144,
        "stdev": 29.4140148163,
        "var": 865.184265137
    },
    "pitch_salience": {
        "dmean": 0.0877153351903,
        "dmean2": 0.133781701326,
        "dvar": 0.00884040631354,
        "dvar2": 0.019660204649,
        "max": 0.962119758129,
        "mean": 0.451722621918,
        "median": 0.443628668785,
        "min": 0.085136577487,
        "stdev": 0.164818137884,
        "var": 0.0271650198847
    },
    "silence_rate_20dB": {
        "dmean": 0,
        "dmean2": 0,
        "dvar": 0,
        "dvar2": 0,
        "max": 1,
        "mean": 1,
        "median": 1,
        "min": 1,
        "stdev": 0,
        "var": 0
    },
    "silence_rate_30dB": {
        "dmean": 0.0913312658668,
        "dmean2": 0.18280403316,
        "dvar": 0.0829892456532,
        "dvar2": 0.157132670283,
        "max": 1,
        "mean": 0.846867740154,
        "median": 1,
        "min": 0,
        "stdev": 0.360116332769,
        "var": 0.129683762789
    },
    "silence_rate_60dB": {
        "dmean": 0.0286377705634,
        "dmean2": 0.0573199056089,
        "dvar": 0.0278176870197,
        "dvar2": 0.0571326874197,
        "max": 1,
        "mean": 0.0518174804747,
        "median": 0,
        "min": 0,
        "stdev": 0.221659481525,
        "var": 0.0491329245269
    },
    "spectral_centroid": {
        "dmean": 386.785644531,
        "dmean2": 547.974975586,
        "dvar": 236633.65625,
        "dvar2": 396370.25,
        "max": 10661.8173828,
        "mean": 1500.06213379,
        "median": 1342.5871582,
        "min": 127.681655884,
        "stdev": 888.585205078,
        "var": 789583.625
    },
    "spectral_complexity": {
        "dmean": 4.49071216583,
        "dmean2": 6.67079782486,
        "dvar": 34.3195838928,
        "dvar2": 62.9550323486,
        "max": 58,
        "mean": 14.4129934311,
        "median": 13,
        "min": 0,
        "stdev": 8.89629650116,
        "var": 79.1440963745
    },
    "spectral_decrease": {
        "dmean": 5.8626903332e-09,
        "dmean2": 8.31969781956e-09,
        "dvar": 9.80692761098e-17,
        "dvar2": 2.187358163e-16,
        "max": -6.64230909069e-29,
        "mean": -1.34285889075e-08,
        "median": -7.55308615652e-09,
        "min": -8.35075155692e-08,
        "stdev": 1.51824401939e-08,
        "var": 2.30506464068e-16
    },
    "spectral_energy": {
        "dmean": 0.0227037277073,
        "dmean2": 0.0323590748012,
        "dvar": 0.00141711754259,
        "dvar2": 0.00317009282298,
        "max": 0.319157928228,
        "mean": 0.0530813857913,
        "median": 0.0310278441757,
        "min": 1.12736179113e-20,
        "stdev": 0.0578643344343,
        "var": 0.00334828114137
    },
    "spectral_energyband_high": {
        "dmean": 0.000907878216822,
        "dmean2": 0.00137579569127,
        "dvar": 4.36888331024e-06,
        "dvar2": 1.05295512185e-05,
        "max": 0.0230411812663,
        "mean": 0.00146566960029,
        "median": 0.000574127363507,
        "min": 8.16035161592e-21,
        "stdev": 0.00250773900189,
        "var": 6.28875523034e-06
    },
    "spectral_energyband_low": {
        "dmean": 0.019420677796,
        "dmean2": 0.0280760116875,
        "dvar": 0.00143392477185,
        "dvar2": 0.00318690692075,
        "max": 0.293049275875,
        "mean": 0.0365025699139,
        "median": 0.00855258200318,
        "min": 8.11187435887e-23,
        "stdev": 0.0555395074189,
        "var": 0.00308463675901
    },
    "spectral_energyband_middle_high": {
        "dmean": 0.00206939154305,
        "dmean2": 0.00300671579316,
        "dvar": 9.01874227566e-06,
        "dvar2": 1.89899237739e-05,
        "max": 0.0235839225352,
        "mean": 0.00479333521798,
        "median": 0.00338553264737,
        "min": 1.5506390165e-21,
        "stdev": 0.00478344131261,
        "var": 2.28813114518e-05
    },
    "spectral_energyband_middle_low": {
        "dmean": 0.00596380839124,
        "dmean2": 0.0096849668771,
        "dvar": 0.000131704015075,
        "dvar2": 0.000363755098078,
        "max": 0.0963974148035,
        "mean": 0.0116425249726,
        "median": 0.00927842967212,
        "min": 3.38331789472e-22,
        "stdev": 0.0113225756213,
        "var": 0.000128200714244
    },
    "spectral_entropy": {
        "dmean": 0.256408929825,
        "dmean2": 0.360236853361,
        "dvar": 0.0633243024349,
        "dvar2": 0.118200466037,
        "max": 9.80892562866,
        "mean": 7.44345092773,
        "median": 7.37508440018,
        "min": 6.00991010666,
        "stdev": 0.495976626873,
        "var": 0.245992809534
    },
    "spectral_flux": {
        "dmean": 0.0445948168635,
        "dmean2": 0.0685797929764,
        "dvar": 0.00311177666299,
        "dvar2": 0.00578380050138,
        "max": 0.480873763561,
        "mean": 0.10900003463,
        "median": 0.0885891318321,
        "min": 1.06177296122e-10,
        "stdev": 0.0808199942112,
        "var": 0.00653187185526
    },
    "spectral_kurtosis": {
        "dmean": 1.32517755032,
        "dmean2": 2.12428689003,
        "dvar": 2.20628285408,
        "dvar2": 5.65158748627,
        "max": 20.8475456238,
        "mean": 3.62796902657,
        "median": 3.36673164368,
        "min": -1.22528553009,
        "stdev": 2.25172519684,
        "var": 5.07026672363
    },
    "spectral_rms": {
        "dmean": 0.00137713795993,
        "dmean2": 0.00189066666644,
        "dvar": 3.17791273119e-06,
        "dvar2": 6.20278342467e-06,
        "max": 0.0176457818598,
        "mean": 0.0062602632679,
        "median": 0.00550191476941,
        "min": 3.31642157313e-12,
        "stdev": 0.00354905240238,
        "var": 1.25957722048e-05
    },
    "spectral_rolloff": {
        "dmean": 902.245544434,
        "dmean2": 1447.37854004,
        "dvar": 2946219.75,
        "dvar2": 5945714,
        "max": 18518.5546875,
        "mean": 1816.68188477,
        "median": 753.662109375,
        "min": 64.599609375,
        "stdev": 2447.60351562,
        "var": 5990762.5
    },
    "spectral_skewness": {
        "dmean": 0.238303288817,
        "dmean2": 0.364604830742,
        "dvar": 0.0615986213088,
        "dvar2": 0.135912045836,
        "max": 2.96824383736,
        "mean": 1.44261169434,
        "median": 1.449406147,
        "min": -0.346298933029,
        "stdev": 0.438377588987,
        "var": 0.192174911499
    },
    "spectral_spread": {
        "dmean": 907313.125,
        "dmean2": 1334254.5,
        "dvar": 1.8271240192e+12,
        "dvar2": 2.63001106022e+12,
        "max": 41137144,
        "mean": 5666569,
        "median": 5416681.5,
        "min": 1329010.25,
        "stdev": 2021030.875,
        "var": 4.08456580301e+12
    },
    "spectral_strongpeak": {
        "dmean": 0.516857862473,
        "dmean2": 0.806657373905,
        "dvar": 0.675604224205,
        "dvar2": 1.34709203243,
        "max": 20.8302402496,
        "mean": 1.1215184927,
        "median": 0.745198965073,
        "min": 1.51789480984e-09,
        "stdev": 1.49641025066,
        "var": 2.23924350739
    },
    "zerocrossingrate": {
        "dmean": 0.0199904311448,
        "dmean2": 0.0208032019436,
        "dvar": 0.000797158805653,
        "dvar2": 0.000829858414363,
        "max": 0.49755859375,
        "mean": 0.0700111463666,
        "median": 0.052734375,
        "min": 0.00390625,
        "stdev": 0.0607412159443,
        "var": 0.00368949514814
    },
    "barkbands": {
        "dmean": [0.000211415652302, 0.0138351572677, 0.00776803214103, 0.00183379091322, 0.00156994827557, 0.00179312215187, 0.00101669400465, 0.000911587267183, 0.000746289209928, 0.00052362610586, 0.000174557455466, 0.00022833076946, 0.00034885815694, 0.000552730518393, 0.000368346780306, 0.000268557836534, 0.00022713864746, 0.000199848538614, 0.00021435545932, 0.00032581971027, 0.000216531683691, 0.00014053893392, 0.000155792353326, 9.59837489063e-05, 0.000147896804265, 0.000134528861963, 1.166191214e-05],
        "dmean2": [0.000352175615262, 0.0206437762827, 0.0124551607296, 0.00333048193716, 0.00266425614245, 0.0027979852166, 0.00157829420641, 0.00148894649465, 0.000977279501967, 0.0007019158802, 0.000270081072813, 0.000341696722899, 0.000548415875528, 0.000829466152936, 0.000575527898036, 0.000451859639725, 0.000365038402379, 0.000308222370222, 0.000333218078595, 0.000511841499247, 0.00031537815812, 0.000227763594012, 0.000240617999225, 0.000145752186654, 0.00023011356825, 0.000217314998736, 1.9251863705e-05],
        "dvar": [3.51128051079e-07, 0.000724925484974, 0.000475024804473, 4.43712997367e-05, 1.31313772727e-05, 1.28962947201e-05, 3.9201186155e-06, 9.48759225139e-06, 2.96633697872e-06, 1.15126579203e-06, 2.1509201531e-07, 2.62241002247e-07, 1.26099121189e-06, 1.19955154787e-06, 6.92497451382e-07, 5.02843192862e-07, 3.11974872602e-07, 1.02442939465e-07, 1.46731551354e-07, 4.44632149765e-07, 4.18105457811e-07, 1.46036242654e-07, 9.49395584371e-08, 5.18368388214e-08, 9.979601856e-08, 2.34484716088e-07, 2.77263545456e-09],
        "dvar2": [9.81365701591e-07, 0.00163532653823, 0.00134516332764, 0.000127657214762, 3.62543578376e-05, 2.87842303806e-05, 8.71329666552e-06, 2.46691961365e-05, 4.88203340865e-06, 1.85411897746e-06, 4.06686297083e-07, 5.59198667816e-07, 3.21927223013e-06, 2.57289366346e-06, 1.62340268162e-06, 1.38194536703e-06, 7.92713592546e-07, 2.33186625564e-07, 3.51709502411e-07, 1.14899853543e-06, 7.84825033406e-07, 3.63463158237e-07, 2.11945746287e-07, 1.15208074192e-07, 2.36778149088e-07, 5.97790119627e-07, 7.05526304046e-09],
        "max": [0.0061569805257, 0.236900806427, 0.18337392807, 0.0609657764435, 0.035544604063, 0.0424020923674, 0.0305631272495, 0.0391506515443, 0.0209706742316, 0.0202471837401, 0.0120117431507, 0.00817564222962, 0.0168069098145, 0.0124147683382, 0.0127443671227, 0.00729635171592, 0.0105342874303, 0.00368025316857, 0.00470261322334, 0.00807473063469, 0.0200980920345, 0.00490587204695, 0.00435871491209, 0.0029693399556, 0.00322478171438, 0.00525056663901, 0.000518334505614],
        "mean": [0.000183767755516, 0.0250642839819, 0.0100409053266, 0.00197485391982, 0.00214274949394, 0.00323213310912, 0.00191763660405, 0.00103325559758, 0.00116367836017, 0.00106322031934, 0.000204590978683, 0.000317485973937, 0.000384994811611, 0.000805344141554, 0.000489841389935, 0.000348438916262, 0.000357517477823, 0.000308567017782, 0.000339757709298, 0.000469531514682, 0.000330115057295, 0.000196852037334, 0.000244219030719, 0.000135187481646, 0.000194510721485, 0.000128651998239, 9.29351699597e-06],
        "median": [2.047627504e-06, 0.00404721545056, 0.00203550187871, 0.000491918879561, 0.00107759668026, 0.000843533955049, 0.000442684569862, 6.48685527267e-05, 0.000128714382299, 0.000135360416607, 3.57859571523e-05, 5.14860585099e-05, 4.7153851483e-05, 0.000146559395944, 0.000124116690131, 9.45119027165e-05, 0.000137590934173, 0.00013594146003, 0.000145081241499, 0.000194756430574, 7.91580823716e-05, 4.04931379308e-05, 0.000100433309854, 3.76979041903e-05, 7.13094341336e-05, 2.38184638874e-05, 2.23125553589e-07],
        "min": [4.57127224091e-23, 3.90889729324e-23, 1.23100639854e-23, 2.13299169307e-23, 7.39576788613e-23, 5.77981598295e-23, 3.20376356014e-23, 8.09803836968e-23, 5.14960573428e-23, 8.92475323876e-23, 9.61351021946e-23, 8.98759137411e-23, 1.16651058244e-22, 1.34327954382e-22, 7.13235587028e-23, 2.55840390043e-22, 1.05577988111e-22, 1.55774570662e-22, 2.78399767204e-22, 4.85472624625e-22, 4.39430158357e-22, 7.26992702748e-22, 6.46511724802e-22, 8.78499333964e-22, 1.4297159546e-21, 1.5895121634e-21, 2.38879219199e-21],
        "stdev": [0.000594445271417, 0.0395340174437, 0.0212333723903, 0.00524363201112, 0.0035137636587, 0.00558986049145, 0.0032229681965, 0.00314628984779, 0.0027474949602, 0.00224417727441, 0.000628534937277, 0.000711696979124, 0.00120570044965, 0.00154130288865, 0.00116931647062, 0.000717510760296, 0.000652055372484, 0.000454304477898, 0.000504702853505, 0.000784616917372, 0.00113470212091, 0.000511537655257, 0.000414617010392, 0.000283085624687, 0.000358618417522, 0.000435932568507, 4.69085280201e-05],
        "var": [3.53365180672e-07, 0.0015629385598, 0.000450856110547, 2.7495676477e-05, 1.23465351862e-05, 3.12465381285e-05, 1.03875236164e-05, 9.89913951344e-06, 7.54872871767e-06, 5.03633145854e-06, 3.95056162006e-07, 5.06512549237e-07, 1.45371348026e-06, 2.37561448557e-06, 1.36730091072e-06, 5.14821692832e-07, 4.25176182262e-07, 2.0639257059e-07, 2.54724994875e-07, 6.15623719114e-07, 1.28754879825e-06, 2.61670777491e-07, 1.71907274193e-07, 8.01374753223e-08, 1.28607169358e-07, 1.90037212633e-07, 2.20041007637e-09]
    },
    "erbbands": {
        "dmean": [0.269373476505, 3.66588377953, 9.63895511627, 6.96210765839, 4.4620423317, 6.02925300598, 8.51913070679, 18.0474700928, 14.515625, 18.1351718903, 18.2913017273, 14.7896490097, 14.9098873138, 11.5614748001, 7.50202322006, 8.47769927979, 14.8037157059, 18.3264160156, 28.4046726227, 16.5600700378, 11.6517915726, 13.5829401016, 8.68210601807, 10.8945217133, 12.6272830963, 15.1905479431, 10.6442089081, 7.38015937805, 5.31397676468, 4.24112272263, 4.53489208221, 2.22107052803, 1.79370176792, 1.90388166904, 0.902608036995, 0.595850229263, 0.234338507056, 0.0430375933647, 0.00120652036276, 5.09067904204e-05],
        "dmean2": [0.429542958736, 5.51721334457, 14.7287845612, 12.1937541962, 7.99922370911, 10.1054887772, 13.7425413132, 27.662147522, 22.8188362122, 28.6518783569, 28.8670520782, 19.2297210693, 20.3239440918, 15.8311519623, 11.2653446198, 13.1655435562, 23.4537944794, 27.4733848572, 43.1929893494, 26.114566803, 19.6680469513, 21.8350257874, 13.1977558136, 16.7697238922, 18.7284832001, 23.7743625641, 16.0335941315, 10.9982347488, 8.5238275528, 6.82298803329, 7.03951025009, 3.42123508453, 2.76401734352, 2.97843933105, 1.38657271862, 0.952834069729, 0.379382878542, 0.0712540522218, 0.00200091605075, 7.86207892816e-05],
        "dvar": [0.375924319029, 51.3500213623, 539.455383301, 595.94708252, 213.618759155, 172.116241455, 234.529556274, 1454.4017334, 574.721435547, 3550.4296875, 3673.73266602, 1333.85839844, 811.033508301, 562.844116211, 234.077880859, 345.331695557, 2758.84326172, 1163.02905273, 3315.34643555, 1440.53942871, 1264.35107422, 1258.54309082, 196.460021973, 363.888793945, 531.509216309, 974.448425293, 1067.11657715, 337.619506836, 264.919281006, 70.4437484741, 92.1138153076, 28.9957542419, 19.3843860626, 19.1487216949, 2.99265575409, 2.84656476974, 0.855666041374, 0.036140166223, 2.83476601908e-05, 1.6901767097e-08],
        "dvar2": [0.911534488201, 118.317596436, 1436.7701416, 1708.41967773, 618.174133301, 455.369476318, 515.307861328, 3257.12011719, 1403.8494873, 8899.390625, 9551.06835938, 2300.28051758, 1324.20471191, 980.09161377, 462.389282227, 826.940368652, 7230.0625, 2396.91748047, 7635.13720703, 3342.02954102, 3564.61157227, 3212.59741211, 421.610565186, 898.019165039, 1229.04699707, 2454.89379883, 2485.28955078, 655.561340332, 658.462097168, 180.966690063, 203.952972412, 61.787399292, 44.7478599548, 45.5127830505, 6.98755788803, 7.0411772728, 2.17668414116, 0.093229085207, 7.36332367524e-05, 4.361787731e-08],
        "max": [4.95357656479, 64.006652832, 184.875244141, 201.304763794, 134.451324463, 129.360626221, 166.786407471, 529.328186035, 259.04586792, 915.765075684, 870.973876953, 565.395385742, 541.433898926, 465.93963623, 257.980682373, 235.313842773, 887.693908691, 538.587402344, 714.961791992, 690.210876465, 366.996856689, 710.710510254, 218.601135254, 269.688812256, 270.756439209, 393.379638672, 769.934570312, 460.673614502, 261.91204834, 94.4338378906, 138.364181519, 84.7515869141, 66.1437911987, 42.7140655518, 19.0795345306, 17.8238124847, 10.048541069, 1.85964047909, 0.0541102737188, 0.00127928541042],
        "mean": [0.395755618811, 6.60465478897, 14.1490631104, 8.32071208954, 5.11059761047, 8.55901050568, 14.7469263077, 30.7501964569, 30.2749271393, 23.918838501, 23.3367462158, 23.5241107941, 33.5536384583, 21.3765602112, 10.2073087692, 11.4556283951, 17.6005058289, 28.4851818085, 41.5127296448, 24.2032718658, 15.3569955826, 22.165561676, 15.1854066849, 17.7364730835, 19.9278964996, 22.258687973, 15.1678581238, 11.3509235382, 7.44352626801, 6.83364677429, 6.78124380112, 3.21354913712, 2.36750650406, 2.34884929657, 1.24769818783, 0.640469372272, 0.213842600584, 0.035512343049, 0.00100807950366, 8.88688591658e-05],
        "median": [0.0342921279371, 1.1325532198, 2.34479665756, 3.10553145409, 2.33375072479, 3.6887819767, 4.82551050186, 9.17500686646, 10.0933122635, 4.42569637299, 3.0762629509, 3.94398927689, 7.4129114151, 4.96194601059, 2.81120347977, 2.60098338127, 2.842045784, 6.53429794312, 10.7130975723, 9.27075386047, 6.11037778854, 8.67706298828, 8.22028923035, 7.9211435318, 8.85591888428, 8.93679046631, 3.87130331993, 2.75440573692, 1.18212652206, 2.85918569565, 2.58136534691, 1.02357494831, 0.597008943558, 0.626015424728, 0.516967773438, 0.1684820503, 0.0317135341465, 0.00260046147741, 0.000107239757199, 5.17817279615e-05],
        "min": [2.37813820264e-21, 4.29575450445e-21, 1.13673655859e-20, 4.97426580011e-20, 2.65195448553e-19, 1.26376149923e-19, 2.34960316954e-19, 6.10397460313e-19, 2.92172858557e-19, 1.37391277285e-18, 1.60458976765e-18, 1.0877812796e-18, 2.0735060492e-18, 3.57861700843e-18, 4.41988657476e-18, 3.20493154926e-18, 4.82953536542e-18, 6.53381321818e-18, 4.78205974775e-18, 9.66173011651e-18, 1.13863520628e-17, 6.39562194351e-18, 7.02597368853e-18, 1.1087768813e-17, 1.68914598966e-17, 1.79402372322e-17, 2.40858301871e-17, 2.14806248478e-17, 2.37638385531e-17, 1.85045679702e-17, 1.95884309986e-17, 2.24366355321e-17, 1.19027377582e-17, 1.62800559643e-17, 1.04472985812e-17, 6.36601590861e-18, 2.88531330327e-18, 1.12021430763e-18, 3.486797117e-19, 3.32429477148e-20],
        "stdev": [0.707932591438, 10.6115722656, 27.6173591614, 19.6777973175, 11.6198787689, 14.5778560638, 23.1949539185, 55.7225151062, 42.9934234619, 67.7599945068, 63.0670280457, 56.7657356262, 66.9034805298, 43.0793685913, 20.6726303101, 23.4399375916, 54.6698379517, 55.7439498901, 80.84425354, 44.7423477173, 31.6465244293, 41.9831047058, 20.1010761261, 25.7271308899, 29.2843151093, 39.534450531, 45.3289260864, 31.0833683014, 23.0678348541, 10.7153024673, 12.515501976, 6.87084722519, 5.10820436478, 4.85694694519, 2.0873272419, 1.61239373684, 0.827940285206, 0.16709241271, 0.00465761404485, 0.00012945997878],
        "var": [0.501168549061, 112.605461121, 762.718505859, 387.215698242, 135.021575928, 212.513900757, 538.00592041, 3104.9987793, 1848.43444824, 4591.41699219, 3977.45019531, 3222.34887695, 4476.07617188, 1855.83203125, 427.35760498, 549.430664062, 2988.79125977, 3107.38793945, 6535.79296875, 2001.87780762, 1001.50250244, 1762.58105469, 404.053253174, 661.885253906, 857.571166992, 1562.97277832, 2054.71142578, 966.17578125, 532.125, 114.817710876, 156.637786865, 47.2085418701, 26.09375, 23.5899353027, 4.35693502426, 2.59981369972, 0.685485124588, 0.0279198754579, 2.16933676711e-05, 1.67598876999e-08]
    },
    "gfcc": {
        "mean": [0.497306704521, 66.3402938843, -103.644851685, 39.7610206604, -59.3658332825, 8.45456981659, -46.5095787048, 13.4239959717, -26.9560585022, 10.0556879044, -17.2255268097, -0.331787467003, -11.3347864151],
        "cov": [[6768.7734375, 359.032623291, 610.248718262, 447.483947754, 404.5496521, 554.954040527, 365.254089355, 317.645080566, 196.285827637, 135.152069092, -55.544960022, 98.6478500366, -58.8851470947], [359.032623291, 2068.70703125, 311.919799805, 167.518692017, 613.851074219, 186.788223267, 383.685577393, 136.668518066, 217.836608887, -78.4187545776, 185.767791748, -26.1845302582, 3.72341656685], [610.248718262, 311.919799805, 1483.63439941, 723.338012695, 479.882293701, 506.260314941, 217.635665894, 294.377960205, 194.192398071, 29.2411346436, 89.9668197632, 173.284194946, 115.84563446], [447.483947754, 167.518692017, 723.338012695, 915.291687012, 333.920410156, 254.883834839, 75.5540313721, 137.882751465, 249.305267334, -42.3672676086, 36.7815093994, 62.9040412903, 118.371795654], [404.5496521, 613.851074219, 479.882293701, 333.920410156, 551.266174316, 246.943481445, 234.26083374, 202.564056396, 169.865844727, -1.3929336071, 64.2552032471, 63.9580841064, 50.867980957], [554.954040527, 186.788223267, 506.260314941, 254.883834839, 246.943481445, 537.476806641, 284.127807617, 132.934814453, 141.784133911, 83.2535018921, 85.0015640259, 56.3092269897, 25.9083385468], [365.254089355, 383.685577393, 217.635665894, 75.5540313721, 234.26083374, 284.127807617, 407.819091797, 126.821533203, 90.0477142334, 71.8383255005, 91.1783676147, 31.0428295135, -18.360294342], [317.645080566, 136.668518066, 294.377960205, 137.882751465, 202.564056396, 132.934814453, 126.821533203, 268.756988525, 104.05569458, 17.9899311066, 47.3109664917, 67.59349823, 57.0406036377], [196.285827637, 217.836608887, 194.192398071, 249.305267334, 169.865844727, 141.784133911, 90.0477142334, 104.05569458, 247.860656738, 41.6786003113, 23.1123390198, 35.8557052612, 74.7938308716], [135.152069092, -78.4187545776, 29.2411346436, -42.3672676086, -1.3929336071, 83.2535018921, 71.8383255005, 17.9899311066, 41.6786003113, 151.673187256, 40.89453125, 9.22673797607, 26.0543613434], [-55.544960022, 185.767791748, 89.9668197632, 36.7815093994, 64.2552032471, 85.0015640259, 91.1783676147, 47.3109664917, 23.1123390198, 40.89453125, 162.535247803, 37.6765441895, 19.6973247528], [98.6478500366, -26.1845302582, 173.284194946, 62.9040412903, 63.9580841064, 56.3092269897, 31.0428295135, 67.59349823, 35.8557052612, 9.22673797607, 37.6765441895, 157.888778687, 77.2409439087], [-58.8851470947, 3.72341656685, 115.84563446, 118.371795654, 50.867980957, 25.9083385468, -18.360294342, 57.0406036377, 74.7938308716, 26.0543613434, 19.6973247528, 77.2409439087, 154.024551392]],
        "icov": [[0.000191397528397, -0.000101203673694, 9.19019512367e-05, -0.000187798999832, 6.54335526633e-05, -0.000194723746972, 7.53167332732e-05, -0.00027761849924, 0.000174806671566, -0.000382742291549, 0.000384800427128, -0.000297589518595, 0.000353645067662], [-0.000101203673694, 0.00129114009906, -0.000363054248737, 0.000830885779578, -0.00132885912899, 0.000645557709504, -0.000902284868062, 0.00102677324321, -0.00129730487242, 0.00183045852464, -0.00159502623137, 0.00131515192334, -0.000728142505977], [9.19019512367e-05, -0.000363054248737, 0.00200051558204, -0.00143060472328, -0.00020375920576, -0.00137434247881, 0.000800196547061, -0.00129294092767, 0.00143494002987, -0.00114888790995, 0.000750143255573, -0.00154975953046, 0.00069019763032], [-0.000187798999832, 0.000830885779578, -0.00143060472328, 0.00334349251352, -0.00117362826131, 0.000440744217485, -0.00033862516284, 0.00156924524345, -0.00290651456453, 0.00293262954801, -0.00157089508139, 0.00192131067161, -0.00174079276621], [6.54335526633e-05, -0.00132885912899, -0.00020375920576, -0.00117362826131, 0.00524763390422, -0.000509787874762, -0.000631112954579, -0.00211619213223, 0.000241691013798, -0.00062293431256, 0.00139337079599, -0.00109550787602, 0.000532696139999], [-0.000194723746972, 0.000645557709504, -0.00137434247881, 0.000440744217485, -0.000509787874762, 0.00481001194566, -0.00264948606491, 0.00112008943688, -0.00164192693774, 0.000162732612807, -0.00127910193987, 0.00090223812731, -0.000285553920548], [7.53167332732e-05, -0.000902284868062, 0.000800196547061, -0.00033862516284, -0.000631112954579, -0.00264948606491, 0.00613328488544, -0.00173339818139, 0.0007799435989, -0.00258286413737, -4.00431417802e-05, -0.00145782192703, 0.00253051496111], [-0.00027761849924, 0.00102677324321, -0.00129294092767, 0.00156924524345, -0.00211619213223, 0.00112008943688, -0.00173339818139, 0.00747398193926, -0.00264017749578, 0.00233203615062, -0.00197979109362, 0.000659687095322, -0.00201858649962], [0.000174806671566, -0.00129730487242, 0.00143494002987, -0.00290651456453, 0.000241691013798, -0.00164192693774, 0.0007799435989, -0.00264017749578, 0.00937532540411, -0.00409552222118, 0.00262070307508, -0.00128827767912, -0.00102918036282], [-0.000382742291549, 0.00183045852464, -0.00114888790995, 0.00293262954801, -0.00062293431256, 0.000162732612807, -0.00258286413737, 0.00233203615062, -0.00409552222118, 0.0124908518046, -0.00420713797212, 0.00344460993074, -0.00388697069138], [0.000384800427128, -0.00159502623137, 0.000750143255573, -0.00157089508139, 0.00139337079599, -0.00127910193987, -4.00431417802e-05, -0.00197979109362, 0.00262070307508, -0.00420713797212, 0.0100690899417, -0.00323955365457, 0.00108810875099], [-0.000297589518595, 0.00131515192334, -0.00154975953046, 0.00192131067161, -0.00109550787602, 0.00090223812731, -0.00145782192703, 0.000659687095322, -0.00128827767912, 0.00344460993074, -0.00323955365457, 0.0116143645719, -0.00603180844337], [0.000353645067662, -0.000728142505977, 0.00069019763032, -0.00174079276621, 0.000532696139999, -0.000285553920548, 0.00253051496111, -0.00201858649962, -0.00102918036282, -0.00388697069138, 0.00108810875099, -0.00603180844337, 0.0124282920733]]
    },
    "melbands": {
        "dmean": [0.00318649201654, 0.00473943166435, 0.00112228002399, 0.000330550246872, 0.000301509368001, 0.000379973294912, 0.000215116873733, 0.000206961442018, 0.00014501476835, 9.23009720282e-05, 7.63863281463e-05, 5.45492475794e-05, 2.50714492722e-05, 2.88827413897e-05, 2.36302803387e-05, 3.52421411662e-05, 3.80704732379e-05, 5.53894969926e-05, 2.46569416049e-05, 2.30582336371e-05, 1.22702604131e-05, 1.61207390192e-05, 7.88591751189e-06, 1.02068706838e-05, 9.26377742871e-06, 8.50868673297e-06, 1.10049377327e-05, 1.06602592496e-05, 7.11025222699e-06, 6.16996521785e-06, 4.13507268604e-06, 3.31978731083e-06, 2.3468960535e-06, 2.56272392107e-06, 2.86434124064e-06, 2.0566387775e-06, 1.17345780382e-06, 1.13918065381e-06, 1.66440554494e-06, 1.64470304753e-06],
        "dmean2": [0.00481272116303, 0.0070403534919, 0.00196549249813, 0.000566638540477, 0.000487516081193, 0.000585744332056, 0.000336331693688, 0.000328000984155, 0.000223448791075, 0.000119465781609, 0.000103610153019, 7.29402745492e-05, 3.82245088986e-05, 4.25201651524e-05, 3.80564561056e-05, 5.42275374755e-05, 5.82207576372e-05, 8.38025371195e-05, 3.82545622415e-05, 3.76705320377e-05, 2.10929938476e-05, 2.61685981968e-05, 1.22219289551e-05, 1.57079120982e-05, 1.4394475329e-05, 1.30433345475e-05, 1.6584099285e-05, 1.70901275851e-05, 1.16204864753e-05, 8.70878830028e-06, 6.4787127485e-06, 5.35989829586e-06, 3.76152593162e-06, 4.07185416407e-06, 4.47418688054e-06, 3.19229252455e-06, 1.87151613318e-06, 1.74801425601e-06, 2.63097535935e-06, 2.60466094915e-06],
        "dvar": [4.02219193347e-05, 9.99148323899e-05, 1.47176506289e-05, 7.85410463777e-07, 2.65499721763e-07, 6.05523666763e-07, 1.2647186054e-07, 4.47637603429e-07, 2.01111120646e-07, 5.00519483637e-08, 2.193282711e-08, 1.27354047308e-08, 3.38265304656e-09, 4.91035923034e-09, 6.26814111726e-09, 1.19173479973e-08, 5.39061462135e-09, 1.30930857267e-08, 3.06173641995e-09, 3.01728553254e-09, 1.55862611706e-09, 1.94502791651e-09, 2.0150717206e-10, 2.83338436047e-10, 2.83382095567e-10, 2.71263955742e-10, 3.85547427317e-10, 5.70572422642e-10, 4.8689896559e-10, 7.00726643377e-10, 9.87943823971e-11, 1.04882200147e-10, 3.92982313357e-11, 2.38147470494e-11, 3.52806638071e-11, 2.62436947174e-11, 7.81040423309e-12, 8.30956223968e-12, 1.71926119175e-11, 1.39161538196e-11],
        "dvar2": [9.24509295146e-05, 0.000247809948632, 4.21241566073e-05, 2.25023609346e-06, 6.01677527357e-07, 1.3664424614e-06, 3.06948351181e-07, 1.14716328881e-06, 5.10073789428e-07, 8.4940360523e-08, 3.50414275374e-08, 2.04120595981e-08, 6.21259754752e-09, 1.04506456822e-08, 1.80986230447e-08, 2.64763251323e-08, 1.19642455942e-08, 2.98972580026e-08, 6.96098068076e-09, 7.68511299043e-09, 4.37988711965e-09, 5.0299955312e-09, 4.69322636309e-10, 6.02359107038e-10, 7.11845304924e-10, 6.39937991487e-10, 8.71239747013e-10, 1.47284828778e-09, 1.28479649142e-09, 9.51162593132e-10, 2.16626036553e-10, 2.62301041998e-10, 9.64102131462e-11, 6.32858140892e-11, 8.1025526566e-11, 5.40356127898e-11, 1.73983015495e-11, 1.92703023677e-11, 3.98816916991e-11, 3.3936166377e-11],
        "max": [0.0480341501534, 0.0796675011516, 0.032570913434, 0.00828723143786, 0.0051002362743, 0.0101960068569, 0.00382461328991, 0.0100119169801, 0.0064287292771, 0.00319085922092, 0.0026385190431, 0.00222884304821, 0.00142726534978, 0.0011814039899, 0.00127274834085, 0.00204376713373, 0.000944512314163, 0.00153836491518, 0.000775637396146, 0.000654578441754, 0.00040184968384, 0.000901678286027, 0.000170439016074, 0.000282376306131, 0.000252702127909, 0.000236573439906, 0.000230377758271, 0.000264353089733, 0.000375748815713, 0.00104767165612, 0.000201118717087, 0.000158164533786, 0.000104288403236, 5.70150805288e-05, 7.91592465248e-05, 9.14683478186e-05, 3.62663813576e-05, 4.69572623842e-05, 4.06968974858e-05, 3.39603793691e-05],
        "mean": [0.00541257206351, 0.007946299389, 0.0013739814749, 0.000437404465629, 0.000518149056006, 0.000680770608597, 0.000435976486187, 0.000255186430877, 0.000189925645827, 0.00014626061602, 0.000175302731805, 0.000100883269624, 3.14411336149e-05, 3.79027878807e-05, 2.74651010841e-05, 4.44846118626e-05, 5.49540236534e-05, 7.76207161834e-05, 3.14367389365e-05, 3.22018677252e-05, 1.35784594022e-05, 2.52734535025e-05, 1.20241493278e-05, 1.62248197739e-05, 1.3958638192e-05, 1.3251402379e-05, 1.6410196622e-05, 1.43542347359e-05, 9.12712312129e-06, 9.1579340733e-06, 5.74624436922e-06, 4.4361881919e-06, 3.17202488986e-06, 4.15161321143e-06, 4.25929920311e-06, 2.83356826003e-06, 1.61217019468e-06, 1.52106417772e-06, 1.929309974e-06, 2.01246916731e-06],
        "median": [0.000676400086377, 0.00159290945157, 0.000517367676366, 0.000218748813495, 0.000202826719033, 0.000215764681343, 0.000142767472425, 2.33696137002e-05, 2.07344219234e-05, 1.62257692864e-05, 2.87600178126e-05, 1.58007333084e-05, 6.89093985784e-06, 4.52357380709e-06, 5.78196568313e-06, 5.14784869665e-06, 1.06882425825e-05, 1.49525712914e-05, 9.14095471671e-06, 7.96114181867e-06, 4.67765221401e-06, 8.57752820593e-06, 5.47357149117e-06, 7.15068699719e-06, 5.44659314983e-06, 5.47837316844e-06, 6.39713698547e-06, 4.65773428004e-06, 2.28322460316e-06, 1.71017325101e-06, 1.45229182635e-06, 5.51531854853e-07, 7.6017875017e-07, 1.81886002792e-06, 1.62130106673e-06, 8.55127893828e-07, 4.93068228025e-07, 3.35175229793e-07, 3.43101703493e-07, 5.00634882883e-07],
        "min": [1.71378801036e-23, 5.73228498349e-24, 1.51370022596e-23, 1.48853303873e-23, 7.29945617375e-24, 1.24070291902e-23, 4.87488823725e-24, 1.54843408716e-23, 1.22341384899e-23, 7.00170062508e-24, 1.04495347516e-23, 1.4050242233e-23, 1.62247925385e-23, 8.76747030925e-24, 9.1235108459e-24, 1.19272802752e-23, 1.25132737658e-23, 8.72425572e-24, 6.61232519315e-24, 1.81167586683e-23, 1.22696727294e-23, 5.79996609371e-24, 8.08876120767e-24, 5.08098761507e-24, 9.08308093565e-24, 1.21055226079e-23, 1.17109659376e-23, 1.26001589059e-23, 1.72896032992e-23, 1.1689559408e-23, 1.35144068854e-23, 1.57055437803e-23, 9.99215793194e-24, 1.04185127965e-23, 1.00744455907e-23, 1.40591863379e-23, 1.35939571968e-23, 7.51133237998e-24, 9.73744184539e-24, 1.48662509974e-23],
        "stdev": [0.00857085268945, 0.013650951907, 0.00310912448913, 0.000782096292824, 0.000743333192077, 0.00115667504724, 0.000618855294306, 0.00072363432264, 0.000487538403831, 0.000352882168954, 0.000354349060217, 0.000212023747736, 8.08908298495e-05, 9.55977884587e-05, 7.81447088229e-05, 0.000136857648613, 0.000107857624243, 0.000154035486048, 6.78567812429e-05, 6.41860387987e-05, 3.3802982216e-05, 5.12080405315e-05, 1.77860965778e-05, 2.49754921242e-05, 2.20606361836e-05, 2.06649528991e-05, 2.5259281756e-05, 2.85410078504e-05, 2.23573169933e-05, 5.12671031174e-05, 1.3678567484e-05, 1.48240133058e-05, 8.7605758381e-06, 6.18141302766e-06, 7.71108443587e-06, 6.40346388536e-06, 3.475539188e-06, 3.37349388246e-06, 4.51164623883e-06, 4.10078655477e-06],
        "var": [7.34595087124e-05, 0.000186348479474, 9.66665447777e-06, 6.11674579432e-07, 5.52544236143e-07, 1.33789706069e-06, 3.82981909297e-07, 5.2364663361e-07, 2.37693683403e-07, 1.24525826095e-07, 1.25563261122e-07, 4.49540706882e-08, 6.5433267693e-09, 9.13893760668e-09, 6.10659567357e-09, 1.87300148724e-08, 1.16332676825e-08, 2.37269315306e-08, 4.60454296913e-09, 4.11984801829e-09, 1.14264153694e-09, 2.62226351744e-09, 3.16345255547e-10, 6.23775198161e-10, 4.86671702937e-10, 4.27040264261e-10, 6.38031349975e-10, 8.14589118381e-10, 4.9984960615e-10, 2.62831578723e-09, 1.87103207927e-10, 2.19751383757e-10, 7.67476845964e-11, 3.82098658269e-11, 5.94608251525e-11, 4.10043492216e-11, 1.20793722247e-11, 1.13804608098e-11, 2.03549538336e-11, 1.68164492748e-11]
    },
    "melbands128": {
