{
"lowlevel": {
    "average_loudness": 0.914330720901,
    "barkbands_crest": {
        "dmean": 2.27915716171,
        "dmean2": 3.50777006149,
        "dvar": 5.57453536987,
        "dvar2": 12.6802835464,
        "max": 25.8888587952,
        "mean": 12.7493944168,
        "median": 11.7105264664,
        "min": 2.75304579735,
        "stdev": 4.71937704086,
        "var": 22.272518158
    },
    "barkbands_flatness_db": {
        "dmean": 0.0228642188013,
        "dmean2": 0.032030813396,
        "dvar": 0.000632823561318,
        "dvar2": 0.00130491785239,
        "max": 0.42179235816,
        "mean": 0.215443715453,
        "median": 0.216255426407,
        "min": 0.0379202403128,
        "stdev": 0.067667812109,
        "var": 0.00457893265411
    },
    "barkbands_kurtosis": {
        "dmean": 5.73085737228,
        "dmean2": 8.58888339996,
        "dvar": 113.763763428,
        "dvar2": 235.681350708,
        "max": 181.817489624,
        "mean": 12.0028209686,
        "median": 5.85975074768,
        "min": -1.89938497543,
        "stdev": 18.2190551758,
        "var": 331.933959961
    },
    "barkbands_skewness": {
        "dmean": 0.63837569952,
        "dmean2": 0.898305773735,
        "dvar": 0.654731273651,
        "dvar2": 1.23596572876,
        "max": 11.520316124,
        "mean": 1.970256567,
        "median": 1.72234976292,
        "min": -2.9403295517,
        "stdev": 1.81501209736,
        "var": 3.29426884651
    },
    "barkbands_spread": {
        "dmean": 4.24283266068,
        "dmean2": 6.25173616409,
        "dvar": 87.37084198,
        "dvar2": 183.402099609,
        "max": 100.42199707,
        "mean": 12.2333040237,
        "median": 6.0904545784,
        "min": 0.632978796959,
        "stdev": 17.2693157196,
        "var": 298.229278564
    },
    "dissonance": {
        "dmean": 0.0315186008811,
        "dmean2": 0.0509640909731,
        "dvar": 0.00100424501579,
        "dvar2": 0.00243218429387,
        "max": 0.499430418015,
        "mean": 0.416181415319,
        "median": 0.428107917309,
        "min": 0.0286535229534,
        "stdev": 0.0569234006107,
        "var": 0.00324027333409
    },
    "dynamic_complexity": 4.23064756393,
    "erbbands_crest": {
        "dmean": 2.74168133736,
        "dmean2": 4.11393594742,
        "dvar": 7.12481307983,
        "dvar2": 15.8250989914,
        "max": 31.3789596558,
        "mean": 13.0365991592,
        "median": 12.190738678,
        "min": 2.4128806591,
        "stdev": 5.55331277847,
        "var": 30.8392848969
    },
    "erbbands_flatness_db": {
        "dmean": 0.0216627083719,
        "dmean2": 0.0298724006861,
        "dvar": 0.000618736899924,
        "dvar2": 0.00122709781863,
        "max": 0.451753884554,
        "mean": 0.217120721936,
        "median": 0.214503958821,
        "min": 0.0502096414566,
        "stdev": 0.072553537786,
        "var": 0.00526401586831
    },
    "erbbands_kurtosis": {
        "dmean": 2.72404575348,
        "dmean2": 4.09647417068,
        "dvar": 25.5965156555,
        "dvar2": 61.3754463196,
        "max": 70.8433990479,
        "mean": 4.81956529617,
        "median": 2.8092455864,
        "min": -1.77222311497,
        "stdev": 7.50580263138,
        "var": 56.3370742798
    },
    "erbbands_skewness": {
        "dmean": 0.493646860123,
        "dmean2": 0.683426141739,
        "dvar": 0.426697731018,
        "dvar2": 0.696567416191,
        "max": 7.23256015778,
        "mean": 1.11894011497,
        "median": 1.10423696041,
        "min": -6.2946805954,
        "stdev": 1.38521540165,
        "var": 1.91882181168
    },
    "erbbands_spread": {
        "dmean": 7.4061870575,
        "dmean2": 11.0663900375,
        "dvar": 178.298522949,
        "dvar2": 404.306091309,
        "max": 137.659805298,
        "mean": 25.8365058899,
        "median": 16.9340286255,
        "min": 2.41362261772,
        "stdev": 23.7170200348,
        "var": 562.497009277
    },
    "hfc": {
        "dmean": 5.94073581696,
        "dmean2": 7.80800151825,
        "dvar": 246.718658447,
        "dvar2": 443.736968994,
        "max": 256.141204834,
        "mean": 16.0334720612,
        "median": 7.53710031509,
        "min": 1.12615002336e-16,
        "stdev": 26.3151798248,
        "var": 692.488708496
    },
    "loudness_ebu128": {
        "integrated": -13.2264661789,
        "loudness_range": 5.04128074646,
        "momentary": {
            "dmean": 0.904967010021,
            "dmean2": 0.926789999008,
            "dvar": 0.827777564526,
            "dvar2": 1.10103523731,
            "max": -8.183177948,
            "mean": -14.6082410812,
            "median": -13.7834854126,
            "min": -25.4113521576,
            "stdev": 3.70956492424,
            "var": 13.7608718872
        },
        "short_term": {
            "dmean": 0.138191252947,
            "dmean2": 0.112705610693,
            "dvar": 0.0168539360166,
            "dvar2": 0.0141708161682,
            "max": -10.9431028366,
            "mean": -13.5283975601,
            "median": -12.7981681824,
            "min": -17.5752239227,
            "stdev": 1.82265377045,
            "var": 3.32206678391
        }
    },
    "melbands_crest": {
        "dmean": 2.47547769547,
        "dmean2": 3.76192498207,
        "dvar": 6.87376880646,
        "dvar2": 15.099234581,
        "max": 31.270772934,
        "mean": 14.8384361267,
        "median": 13.6562271118,
        "min": 2.18639349937,
        "stdev": 5.53056812286,
        "var": 30.587184906
    },
    "melbands_flatness_db": {
        "dmean": 0.0249365456402,
        "dmean2": 0.0337979644537,
        "dvar": 0.000915019598324,
        "dvar2": 0.00174427323509,
        "max": 0.548495590687,
        "mean": 0.296227604151,
        "median": 0.301493257284,
        "min": 0.00737247150391,
        "stdev": 0.0804350599647,
        "var": 0.00646979874
    },
    "melbands_kurtosis": {
        "dmean": 8.61019706726,
        "dmean2": 12.5592126846,
        "dvar": 230.925186157,
        "dvar2": 506.999023438,
        "max": 235.830749512,
        "mean": 18.1481075287,
        "median": 8.8840713501,
        "min": -1.94495499134,
        "stdev": 25.9985923767,
        "var": 675.926818848
    },
    "melbands_skewness": {
        "dmean": 0.704339087009,
        "dmean2": 1.01005494595,
        "dvar": 0.807018339634,
        "dvar2": 1.63740372658,
        "max": 13.3473806381,
        "mean": 2.39792585373,
        "median": 2.04944658279,
        "min": -0.884658873081,
        "stdev": 1.98860609531,
        "var": 3.95455408096
    },
    "melbands_spread": {
        "dmean": 5.5065536499,
        "dmean2": 7.64844799042,
        "dvar": 337.909454346,
        "dvar2": 509.691558838,
        "max": 276.514709473,
        "mean": 15.0980606079,
        "median": 8.01231861115,
        "min": 0.706505119801,
        "stdev": 31.0475215912,
        "var": 963.948547363
    },
    "pitch_salience": {
        "dmean": 0.0579760819674,
        "dmean2": 0.0899358317256,
        "dvar": 0.00379978027195,
        "dvar2": 0.00786817539483,
        "max": 0.901616215706,
        "mean": 0.533410787582,
        "median": 0.549958646297,
        "min": 0.0943491309881,
        "stdev": 0.129176735878,
        "var": 0.0166866276413
    },
    "silence_rate_20dB": {
        "dmean": 0,
        "dmean2": 0,
        "dvar": 0,
        "dvar2": 0,
        "max": 1,
        "mean": 1,
        "median": 1,
        "min": 1,
        "stdev": 0,
        "var": 0
    },
    "silence_rate_30dB": {
        "dmean": 0.0123839005828,
        "dmean2": 0.0247869864106,
        "dvar": 0.0122306114063,
        "dvar2": 0.0288200620562,
        "max": 1,
        "mean": 0.98530548811,
        "median": 1,
        "min": 0,
        "stdev": 0.120326563716,
        "var": 0.0144784813747
    },
    "silence_rate_60dB": {
        "dmean": 0.0325077399611,
        "dmean2": 0.0642912462354,
        "dvar": 0.0314509123564,
        "dvar2": 0.069454267621,
        "max": 1,
        "mean": 0.132250577211,
        "median": 0,
        "min": 0,
        "stdev": 0.338759243488,
        "var": 0.114757820964
    },
    "spectral_centroid": {
        "dmean": 175.814926147,
        "dmean2": 245.584655762,
        "dvar": 246955.265625,
        "dvar2": 347892.59375,
        "max": 11414.6162109,
        "mean": 754.118530273,
        "median": 517.59564209,
        "min": 247.638717651,
        "stdev": 791.597961426,
        "var": 626627.3125
    },
    "spectral_complexity": {
        "dmean": 1.67337465286,
        "dmean2": 2.67854380608,
        "dvar": 5.23387861252,
        "dvar2": 11.6666078568,
        "max": 40,
        "mean": 9.25599384308,
        "median": 9,
        "min": 0,
        "stdev": 3.74499392509,
        "var": 14.0249786377
    },
    "spectral_decrease": {
        "dmean": 1.71482528177e-09,
        "dmean2": 2.46168418983e-09,
        "dvar": 1.3447505824e-17,
        "dvar2": 3.09695891944e-17,
        "max": 8.78971255274e-30,
        "mean": -5.67221780656e-09,
        "median": -3.5769591733e-09,
        "min": -5.00417414173e-08,
        "stdev": 6.03356919981e-09,
        "var": 3.64039573694e-17
    },
    "spectral_energy": {
        "dmean": 0.00690952315927,
        "dmean2": 0.00988242495805,
        "dvar": 0.000200874070288,
        "dvar2": 0.000459218048491,
        "max": 0.191933259368,
        "mean": 0.0228625200689,
        "median": 0.0148471994326,
        "min": 1.01813420683e-20,
        "stdev": 0.0237483605742,
        "var": 0.000563984620385
    },
    "spectral_energyband_high": {
        "dmean": 0.000480558053823,
        "dmean2": 0.000642939645331,
        "dvar": 4.05299670092e-06,
        "dvar2": 7.0637738645e-06,
        "max": 0.0322436690331,
        "mean": 0.000848814146593,
        "median": 4.05405298807e-05,
        "min": 7.43382288961e-21,
        "stdev": 0.00320181343704,
        "var": 1.02516087281e-05
    },
    "spectral_energyband_low": {
        "dmean": 0.00176290760282,
        "dmean2": 0.00289642997086,
        "dvar": 0.000127249630168,
        "dvar2": 0.000325547734974,
        "max": 0.179091051221,
        "mean": 0.00360260391608,
        "median": 0.000871480908245,
        "min": 1.11516596115e-22,
        "stdev": 0.0117259919643,
        "var": 0.000137498893309
    },
    "spectral_energyband_middle_high": {
        "dmean": 0.000978023861535,
        "dmean2": 0.00122940121219,
        "dvar": 7.08423203832e-06,
        "dvar2": 1.27926841742e-05,
        "max": 0.0734771937132,
        "mean": 0.0029240057338,
        "median": 0.000536868697964,
        "min": 1.6708150713e-21,
        "stdev": 0.00643684854731,
        "var": 4.14330170315e-05
    },
    "spectral_energyband_middle_low": {
        "dmean": 0.00520380493253,
        "dmean2": 0.00729102175683,
        "dvar": 7.85449446994e-05,
        "dvar2": 0.000147762795677,
        "max": 0.146588921547,
        "mean": 0.0158840939403,
        "median": 0.00917185936123,
        "min": 1.67302214003e-22,
        "stdev": 0.0177964698523,
        "var": 0.000316714344081
    },
    "spectral_entropy": {
        "dmean": 0.219245225191,
        "dmean2": 0.293793439865,
        "dvar": 0.0753749907017,
        "dvar2": 0.125156134367,
        "max": 9.78620243073,
        "mean": 6.70879459381,
        "median": 6.61570882797,
        "min": 5.03250932693,
        "stdev": 0.776823222637,
        "var": 0.603454351425
    },
    "spectral_flux": {
        "dmean": 0.0212525352836,
        "dmean2": 0.033828780055,
        "dvar": 0.00107534008566,
        "dvar2": 0.00257893768139,
        "max": 0.406583398581,
        "mean": 0.0567110292614,
        "median": 0.0412633232772,
        "min": 1.00902633471e-10,
        "stdev": 0.0492178536952,
        "var": 0.00242239702493
    },
    "spectral_kurtosis": {
        "dmean": 5.38668203354,
        "dmean2": 8.68582725525,
        "dvar": 103.853881836,
        "dvar2": 252.879333496,
        "max": 309.709014893,
        "mean": 17.0335044861,
        "median": 9.5433139801,
        "min": -1.19152808189,
        "stdev": 30.6719055176,
        "var": 940.76574707
    },
    "spectral_rms": {
        "dmean": 0.000642579805572,
        "dmean2": 0.000905829307158,
        "dvar": 9.34074307679e-07,
        "dvar2": 1.8464202185e-06,
        "max": 0.0136840036139,
        "mean": 0.0041698878631,
        "median": 0.00380592606962,
        "min": 3.15166902992e-12,
        "stdev": 0.00221742247231,
        "var": 4.91696255267e-06
    },
    "spectral_rolloff": {
        "dmean": 354.147247314,
        "dmean2": 560.46472168,
        "dvar": 1469134.625,
        "dvar2": 2374189.75,
        "max": 19056.8847656,
        "mean": 1172.63684082,
        "median": 559.86328125,
        "min": 86.1328125,
        "stdev": 2063.36523438,
        "var": 4257476.5
    },
    "spectral_skewness": {
        "dmean": 0.443094164133,
        "dmean2": 0.677416265011,
        "dvar": 0.312003701925,
        "dvar2": 0.756347239017,
        "max": 14.0141162872,
        "mean": 2.86487817764,
        "median": 2.59382247925,
        "min": -0.354905217886,
        "stdev": 1.77956080437,
        "var": 3.16683673859
    },
    "spectral_spread": {
        "dmean": 744795.625,
        "dmean2": 1035453.5,
        "dvar": 1.7014563799e+12,
        "dvar2": 2.88564445184e+12,
        "max": 38379164,
        "mean": 4299226,
        "median": 3736955.25,
        "min": 319925.59375,
        "stdev": 2768458,
        "var": 7.66435917824e+12
    },
    "spectral_strongpeak": {
        "dmean": 0.46018782258,
        "dmean2": 0.708739280701,
        "dvar": 0.869415283203,
        "dvar2": 2.10607790947,
        "max": 10.572719574,
        "mean": 1.30644381046,
        "median": 0.746247828007,
        "min": 0,
        "stdev": 1.39117431641,
        "var": 1.93536603451
    },
    "zerocrossingrate": {
        "dmean": 0.0104670571163,
        "dmean2": 0.0104744080454,
        "dvar": 0.000613161013462,
        "dvar2": 0.000501443515532,
        "max": 0.49072265625,
        "mean": 0.0458470806479,
        "median": 0.02734375,
        "min": 0.00390625,
        "stdev": 0.0577129162848,
        "var": 0.0033307808917
    },
    "barkbands": {
        "dmean": [3.53689247277e-05, 0.00112260563765, 0.000722396653146, 0.00057526276214, 0.00189321278594, 0.00225314660929, 0.00109709845856, 0.000595690158661, 0.000760076160077, 0.00044485644321, 0.000293976074317, 0.000267276511295, 9.52091359068e-05, 0.000120127740956, 4.25139078288e-05, 4.88419354951e-05, 3.71970272681e-05, 2.58966611e-05, 2.41291036218e-05, 3.91993198718e-05, 5.68567411392e-05, 0.000121860990475, 0.000160903902724, 0.000103909427708, 5.15471147082e-05, 3.32537238137e-05, 7.51414472688e-06],
        "dmean2": [5.65299487789e-05, 0.00178731547203, 0.00126461393666, 0.00100523768924, 0.00291650881991, 0.00317865307443, 0.00156876153778, 0.00082190084504, 0.000979106058367, 0.000616101373453, 0.000394771312131, 0.00038817623863, 0.000150897874846, 0.000172121493961, 6.9395515311e-05, 7.31810432626e-05, 5.40507608093e-05, 3.93330483348e-05, 3.63788567483e-05, 6.62701277179e-05, 8.50984433782e-05, 0.000192932187929, 0.000203007322852, 0.00015045775217, 7.16984577593e-05, 4.82806535729e-05, 1.13524656626e-05],
        "dvar": [6.5985076958e-08, 5.15178981004e-05, 2.09281151911e-05, 2.48951596404e-06, 1.25646029119e-05, 4.22739321948e-05, 1.5992553017e-05, 3.6226820157e-06, 7.22157483324e-06, 4.60697219751e-06, 1.1976130736e-06, 1.2387068864e-06, 1.55947830649e-07, 2.97772743352e-07, 3.61026479823e-08, 6.70391173685e-08, 1.98464462642e-08, 7.85517251245e-09, 4.94663066064e-09, 5.9508188599e-08, 1.64118617363e-07, 3.53226766947e-07, 7.0113134143e-07, 3.5722646885e-07, 6.17279880544e-08, 1.49609267197e-08, 7.31592619818e-10],
        "dvar2": [1.5422966726e-07, 0.000125274760649, 6.1970531533e-05, 7.15880241842e-06, 2.59082662524e-05, 8.6562227807e-05, 3.48819849023e-05, 5.74806745135e-06, 1.16561996037e-05, 9.50554749579e-06, 2.11988049159e-06, 2.81636607724e-06, 3.61989293651e-07, 5.67205916013e-07, 9.69937659079e-08, 1.268035561e-07, 3.94965979922e-08, 1.7798956975e-08, 1.07083808487e-08, 1.67524433436e-07, 3.75199874725e-07, 7.65975642025e-07, 1.26953591462e-06, 7.07595347649e-07, 1.13104306365e-07, 2.780598507e-08, 1.68843095061e-09],
        "max": [0.00343083473854, 0.10483931005, 0.0631858631968, 0.01856039837, 0.0634568482637, 0.131784543395, 0.0924963355064, 0.0441409647465, 0.0632496103644, 0.0603372231126, 0.0306513980031, 0.0251580122858, 0.00638040527701, 0.0110944947228, 0.0034079188481, 0.00584483565763, 0.00320820859633, 0.00148800050374, 0.00152799638454, 0.00421472499147, 0.0121074412018, 0.010764695704, 0.0173672959208, 0.0110193816945, 0.00438925344497, 0.00255478476174, 0.00028311269125],
        "mean": [3.40869628417e-05, 0.00191700283904, 0.00133007857949, 0.000842307461426, 0.00445306254551, 0.00496535142884, 0.00295122689568, 0.00117219891399, 0.00138142774813, 0.00127174379304, 0.000583248620387, 0.000582775101066, 0.000115231508971, 0.000147081023897, 4.74520820717e-05, 6.4878964622e-05, 5.22551272297e-05, 4.391445691e-05, 3.95510360249e-05, 4.41191768914e-05, 6.21935687377e-05, 0.000179442358785, 0.000251605291851, 0.000177685084054, 9.25947606447e-05, 5.14554267284e-05, 8.5766932898e-06],
        "median": [1.4283289147e-06, 0.000438535353169, 0.000194676118554, 0.000233980215853, 0.00182861811481, 0.000648723857012, 0.000507939665113, 0.000310548086418, 0.000192509556655, 6.90688102623e-05, 5.06450269313e-05, 5.97946091148e-05, 1.68538499565e-05, 2.01643142645e-05, 1.27370640257e-05, 9.7213060144e-06, 9.48556771618e-06, 7.53107860874e-06, 1.05462577267e-05, 7.7363138189e-06, 2.43221825258e-06, 2.52147060564e-06, 4.29225974585e-06, 1.05859189716e-05, 4.72302872367e-06, 1.79273263257e-06, 2.01340853323e-07],
        "min": [4.92958193596e-24, 6.59497372422e-23, 3.98315592569e-23, 5.56599192138e-24, 3.9460258206e-23, 2.98732032259e-23, 3.78108320947e-23, 2.00099427992e-23, 2.51836381368e-23, 1.0457448762e-22, 1.48713811176e-22, 4.57878251228e-23, 1.05532574967e-22, 8.45801579557e-23, 1.79273159307e-22, 1.11046018496e-22, 2.49254221899e-22, 1.77432134659e-22, 3.02539516749e-22, 2.99483103571e-22, 5.34601670112e-22, 4.51058498215e-22, 6.65728124018e-22, 6.25032291909e-22, 1.09781508544e-21, 1.50107472174e-21, 2.5834991183e-21],
        "stdev": [0.00024429577752, 0.00713116116822, 0.00499075464904, 0.00182447826955, 0.00689091766253, 0.0116230230778, 0.00772618083283, 0.00279664900154, 0.00428479351103, 0.00423605646938, 0.00240115402266, 0.00200647092424, 0.000433258159319, 0.000678170239553, 0.000168824379216, 0.000359315803507, 0.000178171088919, 0.000119399948744, 9.91335255094e-05, 0.000200990965823, 0.00041471325676, 0.000870501098689, 0.0011783412192, 0.000871779164299, 0.000401603319915, 0.000191191749764, 3.15704783134e-05],
        "var": [5.96804312636e-08, 5.08534576511e-05, 2.49076310865e-05, 3.32872082254e-06, 4.74847438454e-05, 0.000135094654979, 5.96938734816e-05, 7.82124516263e-06, 1.83594565897e-05, 1.79441740329e-05, 5.76554066356e-06, 4.02592513638e-06, 1.8771262944e-07, 4.59914843987e-07, 2.85016703572e-08, 1.29107846192e-07, 3.17449355691e-08, 1.4256348102e-08, 9.82745618217e-09, 4.03973672292e-08, 1.71987082354e-07, 7.57772170346e-07, 1.38848793085e-06, 7.59998954436e-07, 1.61285228728e-07, 3.6554283156e-08, 9.96695059818e-10]
    },
    "erbbands": {
        "dmean": [0.028467644006, 0.277297586203, 0.840835154057, 1.20482432842, 3.34969711304, 7.02387046814, 17.2695655823, 15.3812255859, 13.483297348, 18.1049194336, 15.7449855804, 12.8316068649, 14.6249694824, 14.0297641754, 7.52217388153, 9.36561584473, 4.16826868057, 5.9226808548, 3.18262028694, 2.17468047142, 2.73789286613, 2.32468104362, 1.41594564915, 1.30497419834, 1.12727761269, 1.8809196949, 2.24462795258, 2.79729700089, 4.13606834412, 5.20977067947, 4.49662590027, 2.58802580833, 1.56439840794, 0.630348682404, 0.363442480564, 0.145420536399, 0.0642180666327, 0.018847219646, 0.000781028356869, 2.01095863304e-05],
        "dmean2": [0.0465857461095, 0.46438151598, 1.4679800272, 2.15360927582, 5.67936038971, 10.546705246, 24.9667129517, 21.2585964203, 18.1301746368, 24.1545372009, 20.8727836609, 16.8432121277, 18.6032009125, 17.5064182281, 10.5256090164, 13.5011844635, 6.17877197266, 8.38825321198, 4.67026853561, 3.31637644768, 4.17613649368, 3.34911513329, 2.07455420494, 2.02369618416, 1.65095853806, 3.18099498749, 3.27622270584, 4.28262996674, 6.40637540817, 7.79612445831, 5.79780769348, 3.82413673401, 2.33976459503, 0.879296779633, 0.523055195808, 0.20589157939, 0.0939675569534, 0.0279802158475, 0.00115036219358, 2.76779410342e-05],
        "dvar": [0.0436946041882, 3.2223443985, 28.3688163757, 24.0410404205, 80.051361084, 169.777572632, 2375.82299805, 2025.81188965, 3160.61962891, 3027.25463867, 2556.4453125, 2082.86621094, 4731.09521484, 2681.15649414, 487.162109375, 1763.92590332, 192.707580566, 708.374694824, 343.386657715, 88.2018356323, 236.283843994, 80.8485183716, 23.5192699432, 18.5795154572, 10.4636182785, 152.274017334, 451.896179199, 255.480209351, 446.76751709, 837.179931641, 529.823120117, 190.611083984, 89.4627609253, 8.92071056366, 3.39858937263, 0.392860978842, 0.0548178888857, 0.00488459737971, 7.90946160123e-06, 2.7955604498e-09],
        "dvar2": [0.105005905032, 8.45245361328, 83.4524230957, 70.4104919434, 230.598571777, 343.028961182, 4755.92871094, 3551.70068359, 7120.63378906, 4654.01757812, 4029.90307617, 3406.77758789, 9289.65722656, 4354.50292969, 970.193664551, 4153.04296875, 453.339599609, 1351.54418945, 619.840026855, 202.729736328, 455.527984619, 152.023193359, 50.8954772949, 45.400138855, 23.5161018372, 428.344146729, 1011.18920898, 585.241699219, 1033.6887207, 1735.30114746, 1002.72143555, 334.713928223, 188.588745117, 15.457526207, 6.12321472168, 0.675033271313, 0.108906820416, 0.0113871218637, 1.78152986336e-05, 5.44390310608e-09],
        "max": [3.16818809509, 27.9042644501, 76.5554122925, 63.0621299744, 162.978088379, 184.303527832, 1016.60546875, 722.477111816, 1710.03430176, 1459.56604004, 860.874755859, 1228.8104248, 1851.8605957, 1187.7956543, 326.207885742, 1016.24987793, 308.51272583, 627.858032227, 593.813049316, 207.583190918, 408.310821533, 223.922088623, 96.5990600586, 67.6191940308, 43.4377861023, 219.296768188, 688.573486328, 453.29083252, 392.778564453, 681.941345215, 510.644744873, 246.684906006, 197.215744019, 57.7460021973, 34.2754745483, 13.1735916138, 4.86748743057, 0.819374859333, 0.0342496410012, 0.000630361610092],
        "mean": [0.0405356697738, 0.486220538616, 1.56015264988, 2.08377361298, 5.84934520721, 17.0043029785, 42.2675323486, 32.1188774109, 33.4798469543, 43.0218086243, 31.7775306702, 23.1569290161, 40.0397186279, 35.8437995911, 15.2360591888, 20.1736354828, 8.68769168854, 7.37002563477, 4.14180374146, 2.64899134636, 3.93239212036, 3.49541020393, 2.54516339302, 2.18102383614, 1.86516129971, 2.10150456429, 2.46714520454, 3.46238422394, 5.73551273346, 7.02320766449, 7.10506296158, 4.56421089172, 2.52099180222, 1.18811511993, 0.599220871925, 0.241351768374, 0.093912102282, 0.0233314149082, 0.000943399907555, 4.64259428554e-05],
        "median": [0.00848987605423, 0.115529820323, 0.311468333006, 0.580462276936, 2.06619668007, 7.38441848755, 6.69467353821, 5.92364120483, 6.4050078392, 10.7765645981, 7.71661233902, 4.67687129974, 3.61101984978, 3.52681422234, 2.76146125793, 2.4546482563, 1.00813567638, 1.12532448769, 0.733878910542, 0.664447128773, 0.657176613808, 0.620953202248, 0.426427841187, 0.475574225187, 0.489537984133, 0.359539330006, 0.178428202868, 0.08310995996, 0.0912542417645, 0.0763621628284, 0.140981703997, 0.236052960157, 0.132700517774, 0.0639467462897, 0.022391397506, 0.00818707235157, 0.00326962349936, 0.000709482003003, 3.86524334317e-05, 2.2617268769e-05],
        "min": [2.03900788398e-21, 1.44740936002e-20, 4.68219672687e-20, 2.48567919475e-20, 5.4100894934e-20, 1.90112160954e-19, 2.32763066753e-19, 1.94387263004e-19, 4.83957888902e-19, 5.95470779365e-19, 2.99183886332e-19, 6.55539239581e-19, 1.71902451853e-18, 5.3440214405e-18, 3.84223946965e-18, 2.35138455468e-18, 4.5794207636e-18, 3.64400274072e-18, 6.51077417017e-18, 9.97126192891e-18, 6.48826989443e-18, 1.51131522742e-17, 1.09671476818e-17, 1.24981109303e-17, 1.53939221895e-17, 1.54489115022e-17, 1.81442249343e-17, 1.97972494356e-17, 1.7499983586e-17, 2.32964881245e-17, 1.57282288884e-17, 1.11658794783e-17, 1.20576215376e-17, 1.13720434926e-17, 7.95188823336e-18, 4.93229890805e-18, 3.45441480548e-18, 1.31499693712e-18, 3.19912024357e-19, 4.05949160745e-20],
        "stdev": [0.199645057321, 1.71072745323, 5.8547000885, 4.64797687531, 11.6965475082, 24.6238765717, 96.6697998047, 75.5297164917, 91.0099334717, 110.993644714, 74.8299179077, 67.0452346802, 122.708602905, 110.837989807, 38.3006820679, 71.4961700439, 27.3734359741, 33.1787109375, 23.6853294373, 9.72765731812, 22.4061584473, 12.0712804794, 6.83717250824, 5.61773824692, 4.26299476624, 10.1701154709, 21.3041706085, 20.6047420502, 28.2658786774, 35.48828125, 32.2162132263, 20.9237499237, 13.0716676712, 5.30200099945, 2.72495079041, 1.00359940529, 0.343921840191, 0.0825997143984, 0.00336389732547, 7.95151645434e-05],
        "var": [0.0398581512272, 2.92658853531, 34.2775154114, 21.6036872864, 136.809234619, 606.335327148, 9345.05078125, 5704.73779297, 8282.80761719, 12319.5888672, 5599.51611328, 4495.06396484, 15057.4013672, 12285.0595703, 1466.94238281, 5111.70263672, 749.304992676, 1100.8269043, 560.994812012, 94.6273117065, 502.035919189, 145.715820312, 46.7469291687, 31.5589809418, 18.173122406, 103.431251526, 453.867645264, 424.555358887, 798.959899902, 1259.41821289, 1037.88427734, 437.803314209, 170.868484497, 28.1112155914, 7.42535686493, 1.00721180439, 0.118282236159, 0.00682271225378, 1.13158048407e-05, 6.32266106138e-09]
    },
    "gfcc": {
        "mean": [-76.5522842407, 122.368003845, -84.2025680542, 1.17410421371, -69.5417251587, 1.99961709976, -43.12342453, 6.66527795792, -25.6561260223, -4.751912117, -8.21851921082, -1.74419808388, -9.58722114563],
        "cov": [[8831.51367188, -3427.72216797, 205.941101074, 1038.98852539, -734.185852051, 544.600769043, -335.973449707, 176.071624756, -275.219665527, 217.929199219, -146.301025391, 363.705596924, -286.872955322], [-3427.72216797, 3087.59838867, -543.816955566, -791.605773926, 546.414428711, -419.083892822, 324.383605957, -23.2170753479, 125.125389099, -205.209701538, 322.837646484, -289.632171631, 210.712417603], [205.941101074, -543.816955566, 688.372558594, 201.581268311, -103.134529114, 219.034255981, -32.4148025513, -15.7972860336, 77.1732177734, 44.2850952148, -143.209136963, 103.476005554, -72.8860626221], [1038.98852539, -791.605773926, 201.581268311, 902.723327637, 130.119796753, 52.9816551208, -69.6762390137, 17.4399490356, 107.293067932, 57.953742981, -185.52507019, 133.780899048, -52.6635665894], [-734.185852051, 546.414428711, -103.134529114, 130.119796753, 429.700378418, -108.678573608, 63.5936889648, 33.2086639404, 72.3515014648, -11.8303480148, -6.3769493103, -6.56870651245, 25.7416152954], [544.600769043, -419.083892822, 219.034255981, 52.9816551208, -108.678573608, 334.855895996, 45.8818130493, 14.7179393768, -34.2201118469, 37.4494247437, -7.41826963425, 7.60983896255, -48.9282531738], [-335.973449707, 324.383605957, -32.4148025513, -69.6762390137, 63.5936889648, 45.8818130493, 245.913970947, 1.30400872231, 15.1950521469, 28.8376026154, 31.2761974335, -28.3699741364, 7.75866127014], [176.071624756, -23.2170753479, -15.7972860336, 17.4399490356, 33.2086639404, 14.7179393768, 1.30400872231, 123.934623718, -5.74102878571, -3.40567708015, 28.8348941803, 0.290462732315, 9.14750671387], [-275.219665527, 125.125389099, 77.1732177734, 107.293067932, 72.3515014648, -34.2201118469, 15.1950521469, -5.74102878571, 198.861450195, 20.1429920197, -68.6346435547, 22.4120521545, -7.35293054581], [217.929199219, -205.209701538, 44.2850952148, 57.953742981, -11.8303480148, 37.4494247437, 28.8376026154, -3.40567708015, 20.1429920197, 127.79914856, -51.9526405334, 16.0958518982, -14.2047195435], [-146.301025391, 322.837646484, -143.209136963, -185.52507019, -6.3769493103, -7.41826963425, 31.2761974335, 28.8348941803, -68.6346435547, -51.9526405334, 191.464736938, -32.6533203125, 37.2458076477], [363.705596924, -289.632171631, 103.476005554, 133.780899048, -6.56870651245, 7.60983896255, -28.3699741364, 0.290462732315, 22.4120521545, 16.0958518982, -32.6533203125, 141.161758423, -21.3879833221], [-286.872955322, 210.712417603, -72.8860626221, -52.6635665894, 25.7416152954, -48.9282531738, 7.75866127014, 9.14750671387, -7.35293054581, -14.2047195435, 37.2458076477, -21.3879833221, 94.0322570801]],
        "icov": [[0.000267651630566, 9.13525145734e-05, 0.000259526394075, -0.000262563728029, 0.000365748361219, -0.000220222224016, 0.000121090088214, -0.000370726193069, 0.000207042583497, -0.000197861387278, -9.20511374716e-05, -0.000357754266588, 0.000418702926254], [9.13525145734e-05, 0.00192546762992, -0.000251856690738, 0.00105546566192, -0.00182228977792, 0.00124632020015, -0.00149873504415, 0.00088705716189, -0.00158924330026, 0.00149797601625, -0.00184922257904, 0.0019188785227, -0.00118441693485], [0.000259526394075, -0.000251856690738, 0.00295633473434, -0.000368438923033, 0.000970751338173, -0.00219618924893, 0.000666098028887, -0.000469382328447, -0.000357617478585, -1.44412279042e-05, 0.00173203996383, -0.00212087738328, 0.000824895338155], [-0.000262563728029, 0.00105546566192, -0.000368438923033, 0.00271853595041, -0.0021990572568, 0.000460450683022, -0.000553149788175, 0.00064404978184, -0.00147581088822, 0.00104843219742, 0.000345308100805, 0.000320213119267, -0.00112560589332], [0.000365748361219, -0.00182228977792, 0.000970751338173, -0.0021990572568, 0.00574552314356, -0.00066690222593, 0.000617771118414, -0.00239423802122, 0.00118860660587, -0.00138587737456, 0.00171189906541, -0.00225742766634, 0.00167427782435], [-0.000220222224016, 0.00124632020015, -0.00219618924893, 0.000460450683022, -0.00066690222593, 0.0062712021172, -0.00250052148476, 0.000189415601199, -0.000144317964441, 0.000317944359267, -0.00240765791386, 0.00291295233183, 0.00037745613372], [0.000121090088214, -0.00149873504415, 0.000666098028887, -0.000553149788175, 0.000617771118414, -0.00250052148476, 0.00648632273078, -0.000474467349704, 0.000654604344163, -0.00287531968206, 0.000529401411768, -0.00137454329524, 0.00106961023994], [-0.000370726193069, 0.00088705716189, -0.000469382328447, 0.00064404978184, -0.00239423802122, 0.000189415601199, -0.000474467349704, 0.00994317699224, -0.00122423341963, 0.000755698827561, -0.00260759261437, 0.00148765777703, -0.00190637540072], [0.000207042583497, -0.00158924330026, -0.000357617478585, -0.00147581088822, 0.00118860660587, -0.000144317964441, 0.000654604344163, -0.00122423341963, 0.00824363995343, -0.00175733468495, 0.00309200026095, -0.002113183029, 0.0014275428839], [-0.000197861387278, 0.00149797601625, -1.44412279042e-05, 0.00104843219742, -0.00138587737456, 0.000317944359267, -0.00287531968206, 0.000755698827561, -0.00175733468495, 0.0111367218196, 0.00151432177518, 0.00107343238778, -0.0014865717385], [-9.20511374716e-05, -0.00184922257904, 0.00173203996383, 0.000345308100805, 0.00171189906541, -0.00240765791386, 0.000529401411768, -0.00260759261437, 0.00309200026095, 0.00151432177518, 0.0113372374326, -0.0029971441254, -0.000814313942101], [-0.000357754266588, 0.0019188785227, -0.00212087738328, 0.000320213119267, -0.00225742766634, 0.00291295233183, -0.00137454329524, 0.00148765777703, -0.002113183029, 0.00107343238778, -0.0029971441254, 0.0120469015092, -0.00082938518608], [0.000418702926254, -0.00118441693485, 0.000824895338155, -0.00112560589332, 0.00167427782435, 0.00037745613372, 0.00106961023994, -0.00190637540072, 0.0014275428839, -0.0014865717385, -0.000814313942101, -0.00082938518608, 0.0144313406199]]
    },
    "melbands": {
        "dmean": [0.000278537190752, 0.00038712847163, 0.000273148674751, 0.000332902302034, 0.000541878282093, 0.000367890053894, 0.000207325763768, 0.000181570052519, 0.000135794980451, 8.24961243779e-05, 7.66578086768e-05, 6.14796226728e-05, 3.17335907312e-05, 2.72477627732e-05, 1.94401454792e-05, 8.02823979029e-06, 1.15301463666e-05, 5.71354212298e-06, 3.46867636836e-06, 2.63729293692e-06, 3.344692459e-06, 2.66614256361e-06, 1.50751736783e-06, 1.23437280308e-06, 1.11005647341e-06, 9.49185846366e-07, 9.54666575126e-07, 1.35617176511e-06, 1.36430719522e-06, 1.1966180864e-06, 2.147039595e-06, 2.51143819696e-06, 2.72465922535e-06, 3.14803469337e-06, 2.78729203274e-06, 2.22825747187e-06, 1.55819407155e-06, 1.29062163978e-06, 7.50840115415e-07, 5.2186760513e-07],
        "dmean2": [0.000446082558483, 0.000678805809002, 0.000482754257973, 0.000529048091266, 0.000791172962636, 0.000507657125127, 0.000287178787403, 0.000242497117142, 0.000178400703589, 0.000107897853013, 9.8288161098e-05, 7.80131595093e-05, 4.37862945546e-05, 3.99399068556e-05, 2.68794792646e-05, 1.23991931105e-05, 1.62797969097e-05, 8.35974424263e-06, 5.68036057302e-06, 3.7469721974e-06, 5.3430785556e-06, 3.85996099794e-06, 2.33445689446e-06, 1.86353338449e-06, 1.73501268819e-06, 1.42388307722e-06, 1.50316498093e-06, 2.35383981817e-06, 1.97241433852e-06, 1.84837290362e-06, 3.54075723408e-06, 4.07387233281e-06, 4.12413692175e-06, 4.64711047243e-06, 3.62720720659e-06, 3.22363916894e-06, 2.32479533224e-06, 2.00118734028e-06, 1.06207494355e-06, 7.55234395911e-07],
        "dvar": [3.52173901774e-06, 6.54316090731e-06, 7.87028568539e-07, 3.87234791788e-07, 1.8645749833e-06, 1.07143864625e-06, 6.03702744684e-07, 2.73701687092e-07, 2.12625124618e-07, 9.47952614183e-08, 1.28846437519e-07, 5.9671044994e-08, 1.04271071777e-08, 1.49823158324e-08, 5.49421041995e-09, 1.2667211724e-09, 2.72315681116e-09, 1.48907441933e-09, 2.69813060783e-10, 2.27101976114e-10, 4.18045598138e-10, 1.1716057291e-10, 2.78694827632e-11, 1.98468672052e-11, 1.42719820337e-11, 8.15893966971e-12, 2.00242600279e-11, 8.35321534165e-11, 1.17524448506e-10, 1.25102053716e-10, 2.17944662317e-10, 1.94575772161e-10, 2.28835353444e-10, 3.455058184e-10, 2.07235548166e-10, 1.35770575338e-10, 7.18544945766e-11, 6.90575166495e-11, 1.46663080985e-11, 5.85248863261e-12],
        "dvar2": [8.29262080515e-06, 1.86866254808e-05, 2.2814199383e-06, 1.00051488516e-06, 3.67289089809e-06, 1.98238603843e-06, 1.31474973841e-06, 4.14364279777e-07, 3.26533523776e-07, 1.51576443841e-07, 2.51113476679e-07, 1.06645046571e-07, 1.85828366028e-08, 3.57885596713e-08, 9.60752721824e-09, 2.94302182624e-09, 5.22788878854e-09, 2.57888044253e-09, 7.44972306066e-10, 3.9456474199e-10, 8.67203808763e-10, 2.33776470404e-10, 6.57674262272e-11, 4.49524827084e-11, 3.53484325144e-11, 1.62084078797e-11, 5.4555318596e-11, 2.35512304103e-10, 2.42951186946e-10, 3.07779912667e-10, 5.38128874794e-10, 4.65257693483e-10, 5.28553478762e-10, 7.258792456e-10, 3.83110237978e-10, 2.75465733557e-10, 1.37941116862e-10, 1.60823465656e-10, 2.65305052233e-11, 1.19191384193e-11],
        "max": [0.0263537615538, 0.0391306169331, 0.00971402972937, 0.010673747398, 0.0269954483956, 0.0160925798118, 0.0220617689192, 0.012703021057, 0.00834605749696, 0.00685661844909, 0.0091071035713, 0.00539640756324, 0.00201098946854, 0.00235714460723, 0.00297954538837, 0.000736599205993, 0.00107207510155, 0.00126128585543, 0.000313285883749, 0.000506673764903, 0.000526197603904, 0.000264351896476, 8.0388635979e-05, 8.6815423856e-05, 6.24420645181e-05, 5.65466471016e-05, 7.71081977291e-05, 0.000166397308931, 0.000352450297214, 0.0003411595535, 0.000438263086835, 0.000282854773104, 0.000272566976491, 0.000498111709021, 0.000323246844346, 0.000217056120164, 0.000151700092829, 0.000178553164005, 7.51645929995e-05, 4.8536403483e-05],
        "mean": [0.000452435546322, 0.000746785721276, 0.000473761931062, 0.00076018855907, 0.0013468589168, 0.000786971882917, 0.000534631020855, 0.000418276671553, 0.000264177419012, 0.000147851591464, 0.000211577818845, 0.00016092491569, 6.1758015363e-05, 4.7679310228e-05, 5.24374700035e-05, 1.00594897958e-05, 1.38203877214e-05, 7.27615952201e-06, 3.78091294806e-06, 3.33322373081e-06, 4.55310191683e-06, 3.64779202755e-06, 2.46117110692e-06, 1.94565927814e-06, 1.76255946371e-06, 1.53041366957e-06, 1.25656129057e-06, 1.41049895319e-06, 1.50622963702e-06, 1.23951872411e-06, 2.51975779975e-06, 3.32622335009e-06, 3.48588537236e-06, 4.03529111281e-06, 4.1794187382e-06, 3.47899867847e-06, 2.58417094301e-06, 1.90069431483e-06, 1.24737312035e-06, 9.26788743527e-07],
        "median": [0.000101079014712, 0.000171276333276, 0.000154480207129, 0.000331710121827, 0.000271271390375, 0.000128839004901, 9.92719797068e-05, 0.000102131241874, 4.80947346659e-05, 2.47848292929e-05, 1.44730547618e-05, 1.27748462546e-05, 7.64996093494e-06, 6.10295046499e-06, 3.06725951305e-06, 1.73190278474e-06, 1.81725386028e-06, 1.03299464627e-06, 9.76880755843e-07, 6.40802340968e-07, 6.865807336e-07, 6.23561334123e-07, 4.19197078827e-07, 3.34501095267e-07, 3.61552082495e-07, 4.05120971436e-07, 2.51574107324e-07, 2.16054999669e-07, 1.22391597301e-07, 4.70949927944e-08, 3.62943453069e-08, 4.16735552733e-08, 3.98214403674e-08, 3.42515740215e-08, 7.03948472847e-08, 8.71444640893e-08, 1.4480914956e-07, 9.06664325839e-08, 6.27948679721e-08, 3.96808665926e-08],
        "min": [1.82007960205e-23, 2.14461350747e-23, 5.35263305108e-24, 8.82056932564e-24, 7.9508730546e-24, 5.14526991809e-24, 7.52942411598e-24, 6.18204732328e-24, 2.35894614767e-24, 4.17616810109e-24, 9.10549720713e-24, 2.20520212707e-23, 1.79487454949e-23, 4.69723360595e-24, 6.43739094868e-24, 1.19953258392e-23, 5.86297201978e-24, 9.3839485406e-24, 1.65396111485e-23, 9.87315116464e-24, 5.72245932648e-24, 1.69839039213e-23, 1.10123830632e-23, 9.39185766003e-24, 9.89542544116e-24, 1.18700925928e-23, 1.0269324211e-23, 9.88678268108e-24, 7.95467851961e-24, 1.66910677092e-23, 9.26642246522e-24, 8.10800941375e-24, 1.32792663822e-23, 1.21986594707e-23, 8.93718742212e-24, 8.18864914207e-24, 5.79064964642e-24, 8.69393032908e-24, 8.3988584852e-24, 9.84269955598e-24],
        "stdev": [0.00185911857989, 0.00258602690883, 0.000932914728764, 0.00107334705535, 0.0027425182052, 0.00175845820922, 0.00138423906174, 0.0010200192919, 0.000698308402207, 0.000478211091831, 0.000658567238133, 0.000486684322823, 0.000196883964236, 0.000178028334631, 0.000226281918003, 4.2568975914e-05, 6.4474705141e-05, 5.03245246364e-05, 1.40764586831e-05, 1.86609340744e-05, 2.84425696009e-05, 1.35732079798e-05, 6.85891291141e-06, 5.48732623429e-06, 4.81160759591e-06, 4.00821272706e-06, 4.1644425437e-06, 7.4155400398e-06, 1.1581320905e-05, 1.04133996501e-05, 1.80407296284e-05, 1.93528703676e-05, 1.79370290425e-05, 2.20743913815e-05, 1.9752942535e-05, 1.60170893651e-05, 1.24687785501e-05, 1.04534728962e-05, 6.0689694692e-06, 4.13141970057e-06],
        "var": [3.4563220197e-06, 6.68753500577e-06, 8.70329927238e-07, 1.15207399176e-06, 7.52140658733e-06, 3.09217534777e-06, 1.91611775335e-06, 1.04043942883e-06, 4.87634622459e-07, 2.28685834713e-07, 4.337108237e-07, 2.36861623648e-07, 3.87632930199e-08, 3.16940855782e-08, 5.12035036593e-08, 1.81211767813e-09, 4.156987643e-09, 2.53255794114e-09, 1.9814667962e-10, 3.4823044448e-10, 8.0897977206e-10, 1.84231976896e-10, 4.70446841205e-11, 3.01107472289e-11, 2.31515674687e-11, 1.60657702419e-11, 1.73425822314e-11, 5.49902311187e-11, 1.34126987295e-10, 1.08438889812e-10, 3.25467930384e-10, 3.74533598579e-10, 3.21736998155e-10, 4.87278717376e-10, 3.90178722665e-10, 2.56547144639e-10, 1.55470428198e-10, 1.09275088978e-10, 3.68323913036e-11, 1.70686294959e-11]
    },
    "melbands128": {
