{
"lowlevel": {
    "average_loudness": 0.962286472321,
    "barkbands_crest": {
        "dmean": 2.20885944366,
        "dmean2": 3.46160435677,
        "dvar": 4.48339891434,
        "dvar2": 10.5085821152,
        "max": 25.7468948364,
        "mean": 12.1410360336,
        "median": 11.4501371384,
        "min": 3.29570841789,
        "stdev": 4.43134450912,
        "var": 19.6368160248
    },
    "barkbands_flatness_db": {
        "dmean": 0.0208038575947,
        "dmean2": 0.0286662597209,
        "dvar": 0.000413953559473,
        "dvar2": 0.000742068921681,
        "max": 0.399841487408,
        "mean": 0.190554618835,
        "median": 0.190186098218,
        "min": 0.0531431436539,
        "stdev": 0.0582708381116,
        "var": 0.00339549058117
    },
    "barkbands_kurtosis": {
        "dmean": 3.76726555824,
        "dmean2": 5.89080047607,
        "dvar": 41.0793418884,
        "dvar2": 112.262794495,
        "max": 192.829055786,
        "mean": 9.15210723877,
        "median": 6.09314441681,
        "min": -1.85671591759,
        "stdev": 13.2441205978,
        "var": 175.406738281
    },
    "barkbands_skewness": {
        "dmean": 0.49574932456,
        "dmean2": 0.756462216377,
        "dvar": 0.262185156345,
        "dvar2": 0.548599898815,
        "max": 11.704120636,
        "mean": 2.14064359665,
        "median": 1.99633157253,
        "min": -1.87494301796,
        "stdev": 1.20810580254,
        "var": 1.4595195055
    },
    "barkbands_spread": {
        "dmean": 3.91489696503,
        "dmean2": 5.58470010757,
        "dvar": 57.4231338501,
        "dvar2": 100.821723938,
        "max": 94.4771652222,
        "mean": 12.7131137848,
        "median": 9.10980224609,
        "min": 0.770558595657,
        "stdev": 12.9062099457,
        "var": 166.570266724
    },
    "dissonance": {
        "dmean": 0.0271889325231,
        "dmean2": 0.0447288490832,
        "dvar": 0.000862707674969,
        "dvar2": 0.00224619382061,
        "max": 0.499889403582,
        "mean": 0.43692061305,
        "median": 0.443604320288,
        "min": 0.00859285332263,
        "stdev": 0.0393219999969,
        "var": 0.00154621980619
    },
    "dynamic_complexity": 2.67277097702,
    "erbbands_crest": {
        "dmean": 2.42052865028,
        "dmean2": 3.86169624329,
        "dvar": 5.00879144669,
        "dvar2": 11.4775047302,
        "max": 27.1932201385,
        "mean": 10.9822092056,
        "median": 10.1599235535,
        "min": 2.40760207176,
        "stdev": 4.78649234772,
        "var": 22.9105091095
    },
    "erbbands_flatness_db": {
        "dmean": 0.0165665447712,
        "dmean2": 0.0237072389573,
        "dvar": 0.00029527276638,
        "dvar2": 0.000535423867404,
        "max": 0.378867447376,
        "mean": 0.177886292338,
        "median": 0.179449737072,
        "min": 0.0583802312613,
        "stdev": 0.0519041493535,
        "var": 0.00269404076971
    },
    "erbbands_kurtosis": {
        "dmean": 1.19864916801,
        "dmean2": 1.83878660202,
        "dvar": 1.86652934551,
        "dvar2": 4.84134101868,
        "max": 25.0955600739,
        "mean": 1.89025998116,
        "median": 1.20529079437,
        "min": -1.69862723351,
        "stdev": 2.77127337456,
        "var": 7.67995643616
    },
    "erbbands_skewness": {
        "dmean": 0.351665943861,
        "dmean2": 0.5233938694,
        "dvar": 0.114892952144,
        "dvar2": 0.234824329615,
        "max": 4.34497785568,
        "mean": 0.947020232677,
        "median": 0.933543324471,
        "min": -2.37186360359,
        "stdev": 0.755037784576,
        "var": 0.570082068443
    },
    "erbbands_spread": {
        "dmean": 7.20950984955,
        "dmean2": 10.640499115,
        "dvar": 99.3226852417,
        "dvar2": 230.729141235,
        "max": 141.57421875,
        "mean": 31.8192424774,
        "median": 26.708366394,
        "min": 3.25531768799,
        "stdev": 18.8206100464,
        "var": 354.215332031
    },
    "hfc": {
        "dmean": 4.78776550293,
        "dmean2": 6.46823263168,
        "dvar": 73.1026611328,
        "dvar2": 114.078369141,
        "max": 141.240386963,
        "mean": 17.4212150574,
        "median": 15.0339422226,
        "min": 1.21527615356e-16,
        "stdev": 15.8801641464,
        "var": 252.179626465
    },
    "loudness_ebu128": {
        "integrated": -9.88983917236,
        "loudness_range": 2.28672504425,
        "momentary": {
            "dmean": 0.484374344349,
            "dmean2": 0.458593338728,
            "dvar": 0.140920817852,
            "dvar2": 0.137005597353,
            "max": -7.26770687103,
            "mean": -10.3941841125,
            "median": -9.57230186462,
            "min": -19.6851997375,
            "stdev": 2.44873547554,
            "var": 5.9963054657
        },
        "short_term": {
            "dmean": 0.0749450698495,
            "dmean2": 0.0571089014411,
            "dvar": 0.00440435856581,
            "dvar2": 0.00213420833461,
            "max": -8.57143783569,
            "mean": -9.90013599396,
            "median": -9.68532466888,
            "min": -15.6863412857,
            "stdev": 1.28180849552,
            "var": 1.64303302765
        }
    },
    "melbands_crest": {
        "dmean": 2.71076154709,
        "dmean2": 4.12723398209,
        "dvar": 7.2388958931,
        "dvar2": 16.4927539825,
        "max": 33.219959259,
        "mean": 15.8136739731,
        "median": 14.9126310349,
        "min": 1.59655940533,
        "stdev": 5.65429735184,
        "var": 31.9710769653
    },
    "melbands_flatness_db": {
        "dmean": 0.0239199101925,
        "dmean2": 0.031578078866,
        "dvar": 0.000631483271718,
        "dvar2": 0.00101655046456,
        "max": 0.519513487816,
        "mean": 0.267555385828,
        "median": 0.268098086119,
        "min": 0.0040129236877,
        "stdev": 0.0699902698398,
        "var": 0.00489863799885
    },
    "melbands_kurtosis": {
        "dmean": 6.27572584152,
        "dmean2": 9.86252307892,
        "dvar": 77.8749847412,
        "dvar2": 186.230834961,
        "max": 134.263122559,
        "mean": 15.8676214218,
        "median": 11.3340940475,
        "min": -1.24694216251,
        "stdev": 15.3845672607,
        "var": 236.684921265
    },
    "melbands_skewness": {
        "dmean": 0.596649289131,
        "dmean2": 0.910759031773,
        "dvar": 0.408171981573,
        "dvar2": 0.885816216469,
        "max": 9.7934961319,
        "mean": 2.74119520187,
        "median": 2.583578825,
        "min": -0.280682653189,
        "stdev": 1.40130329132,
        "var": 1.96365082264
    },
    "melbands_spread": {
        "dmean": 3.82006788254,
        "dmean2": 5.4311132431,
        "dvar": 77.3511428833,
        "dvar2": 115.338676453,
        "max": 138.579299927,
        "mean": 12.2457332611,
        "median": 9.11375331879,
        "min": 0.929455637932,
        "stdev": 13.6133022308,
        "var": 185.321990967
    },
    "pitch_salience": {
        "dmean": 0.0595495030284,
        "dmean2": 0.0937409847975,
        "dvar": 0.00305047025904,
        "dvar2": 0.00736471498385,
        "max": 0.822829246521,
        "mean": 0.526518642902,
        "median": 0.530054867268,
        "min": 0.181958585978,
        "stdev": 0.111387602985,
        "var": 0.0124071985483
    },
    "silence_rate_20dB": {
        "dmean": 0,
        "dmean2": 0,
        "dvar": 0,
        "dvar2": 0,
        "max": 1,
        "mean": 1,
        "median": 1,
        "min": 1,
        "stdev": 0,
        "var": 0
    },
    "silence_rate_30dB": {
        "dmean": 0.0247678011656,
        "dmean2": 0.0495739728212,
        "dvar": 0.0241546332836,
        "dvar2": 0.0564108155668,
        "max": 1,
        "mean": 0.97138440609,
        "median": 1,
        "min": 0,
        "stdev": 0.166724547744,
        "var": 0.0277970731258
    },
    "silence_rate_60dB": {
        "dmean": 0.0108359130099,
        "dmean2": 0.0216886140406,
        "dvar": 0.0107184965163,
        "dvar2": 0.0274149589241,
        "max": 1,
        "mean": 0.0286156218499,
        "median": 0,
        "min": 0,
        "stdev": 0.166723906994,
        "var": 0.0277968607843
    },
    "spectral_centroid": {
        "dmean": 173.175613403,
        "dmean2": 239.120498657,
        "dvar": 179374.546875,
        "dvar2": 248336.5625,
        "max": 11141.2783203,
        "mean": 731.770263672,
        "median": 568.754455566,
        "min": 243.723434448,
        "stdev": 603.325561523,
        "var": 364001.71875
    },
    "spectral_complexity": {
        "dmean": 2.63312697411,
        "dmean2": 4.1479473114,
        "dvar": 6.96291637421,
        "dvar2": 14.5101470947,
        "max": 42,
        "mean": 14.3650426865,
        "median": 14,
        "min": 0,
        "stdev": 5.61139392853,
        "var": 31.487739563
    },
    "spectral_decrease": {
        "dmean": 2.34881247785e-09,
        "dmean2": 3.44550432629e-09,
        "dvar": 8.95564709128e-18,
        "dvar2": 1.81254082297e-17,
        "max": -6.64230909069e-29,
        "mean": -9.9686641164e-09,
        "median": -9.33755561761e-09,
        "min": -4.16475991472e-08,
        "stdev": 6.79935840964e-09,
        "var": 4.62312766368e-17
    },
    "spectral_energy": {
        "dmean": 0.00917143467814,
        "dmean2": 0.0134050734341,
        "dvar": 0.000131379114464,
        "dvar2": 0.000267143914243,
        "max": 0.160239234567,
        "mean": 0.0392042025924,
        "median": 0.0367707051337,
        "min": 1.12736179113e-20,
        "stdev": 0.0262830611318,
        "var": 0.000690799322911
    },
    "spectral_energyband_high": {
        "dmean": 0.000317881203955,
        "dmean2": 0.000420589843998,
        "dvar": 1.29574482344e-06,
        "dvar2": 1.83731833658e-06,
        "max": 0.0187197960913,
        "mean": 0.000572016113438,
        "median": 0.000143980403664,
        "min": 8.16035161592e-21,
        "stdev": 0.00181141565554,
        "var": 3.28122655446e-06
    },
    "spectral_energyband_low": {
        "dmean": 0.00451575173065,
        "dmean2": 0.00636333180591,
        "dvar": 9.27986911847e-05,
        "dvar2": 0.00019427271036,
        "max": 0.11474289,
        "mean": 0.0134772844613,
        "median": 0.00844398792833,
        "min": 8.11187435887e-23,
        "stdev": 0.0179913081229,
        "var": 0.000323687156197
    },
    "spectral_energyband_middle_high": {
        "dmean": 0.00120807916392,
        "dmean2": 0.00167914747726,
        "dvar": 3.7463676108e-06,
        "dvar2": 6.89388934916e-06,
        "max": 0.0303539820015,
        "mean": 0.00350655126385,
        "median": 0.00189286656678,
        "min": 1.5506390165e-21,
        "stdev": 0.00409447262064,
        "var": 1.67647067428e-05
    },
    "spectral_energyband_middle_low": {
        "dmean": 0.00635366979986,
        "dmean2": 0.00981502514333,
        "dvar": 6.10760907875e-05,
        "dvar2": 0.00013310398208,
        "max": 0.109283022583,
        "mean": 0.0226030182093,
        "median": 0.0223331637681,
        "min": 3.38331789472e-22,
        "stdev": 0.0158254168928,
        "var": 0.000250443845289
    },
    "spectral_entropy": {
        "dmean": 0.190474569798,
        "dmean2": 0.263746112585,
        "dvar": 0.042612709105,
        "dvar2": 0.0680437460542,
        "max": 9.80634212494,
        "mean": 7.08617401123,
        "median": 7.01792860031,
        "min": 5.47593641281,
        "stdev": 0.585074484348,
        "var": 0.342312186956
    },
    "spectral_flux": {
        "dmean": 0.02432715334,
        "dmean2": 0.0375270247459,
        "dvar": 0.000721888616681,
        "dvar2": 0.00161432125606,
        "max": 0.294303417206,
        "mean": 0.077806815505,
        "median": 0.0651891678572,
        "min": 1.06177296122e-10,
        "stdev": 0.0463060624897,
        "var": 0.00214425125159
    },
    "spectral_kurtosis": {
        "dmean": 3.08778119087,
        "dmean2": 4.82167291641,
        "dvar": 21.5953788757,
        "dvar2": 55.089012146,
        "max": 88.1455230713,
        "mean": 9.44436454773,
        "median": 6.79941177368,
        "min": -1.20186781883,
        "stdev": 11.0536870956,
        "var": 122.184005737
    },
    "spectral_rms": {
        "dmean": 0.00069479434751,
        "dmean2": 0.00100048363674,
        "dvar": 5.45790669548e-07,
        "dvar2": 9.74406930254e-07,
        "max": 0.0125032383949,
        "mean": 0.00581623706967,
        "median": 0.00598947890103,
        "min": 3.31642157313e-12,
        "stdev": 0.00210224441253,
        "var": 4.41943120677e-06
    },
    "spectral_rolloff": {
        "dmean": 274.797546387,
        "dmean2": 444.241821289,
        "dvar": 836200.625,
        "dvar2": 1366675.875,
        "max": 18518.5546875,
        "mean": 781.191345215,
        "median": 495.263671875,
        "min": 86.1328125,
        "stdev": 1190.4543457,
        "var": 1417181.5
    },
    "spectral_skewness": {
        "dmean": 0.331956714392,
        "dmean2": 0.499347746372,
        "dvar": 0.129286438227,
        "dvar2": 0.275696665049,
        "max": 7.28766393661,
        "mean": 2.30172133446,
        "median": 2.20838212967,
        "min": 0.011732539162,
        "stdev": 0.968371450901,
        "var": 0.93774330616
    },
    "spectral_spread": {
        "dmean": 606312.6875,
        "dmean2": 826970.9375,
        "dvar": 1.30661285888e+12,
        "dvar2": 1.33516007834e+12,
        "max": 40952632,
        "mean": 4325435,
        "median": 4108957,
        "min": 801964.6875,
        "stdev": 2042733.125,
        "var": 4.17275838464e+12
    },
    "spectral_strongpeak": {
        "dmean": 0.366594403982,
        "dmean2": 0.605979323387,
        "dvar": 0.288912802935,
        "dvar2": 0.660225629807,
        "max": 6.1434636116,
        "mean": 1.02105391026,
        "median": 0.858966946602,
        "min": 0,
        "stdev": 0.878963053226,
        "var": 0.772576093674
    },
    "zerocrossingrate": {
        "dmean": 0.00840395502746,
        "dmean2": 0.00904927775264,
        "dvar": 0.000344490574207,
        "dvar2": 0.000327748130076,
        "max": 0.49755859375,
        "mean": 0.0372151136398,
        "median": 0.0283203125,
        "min": 0.001953125,
        "stdev": 0.0325450189412,
        "var": 0.00105917826295
    },
    "barkbands": {
        "dmean": [0.000554370635655, 0.00331354187801, 0.00142222712748, 0.000920673483051, 0.00387766258791, 0.00173275207635, 0.00133184203878, 0.000839782005642, 0.000849906587973, 0.00064253929304, 0.000452689768281, 0.000231697136769, 0.00016291954671, 0.000123125311802, 0.000130698623252, 0.000106331652205, 8.22095826152e-05, 5.90734562138e-05, 6.56741467537e-05, 5.58626998099e-05, 6.84812985128e-05, 9.23798506847e-05, 7.96791355242e-05, 6.91440509399e-05, 3.80928795494e-05, 1.31097249323e-05, 2.86293357021e-07],
        "dmean2": [0.000514583545737, 0.00484194932505, 0.00223532225937, 0.00150689121801, 0.00602316716686, 0.00275379908271, 0.00219438644126, 0.00126554700546, 0.00121851463336, 0.000903632258996, 0.000639600155409, 0.000366354186554, 0.000252917408943, 0.00019388947112, 0.000192090956261, 0.000160130381119, 0.000134778776555, 9.00013474165e-05, 0.000101823861769, 8.55295802467e-05, 0.000101206635009, 0.000120409080409, 0.000114831775136, 9.53154012677e-05, 5.5590098782e-05, 1.81959894689e-05, 4.73235132858e-07],
        "dvar": [3.59154455509e-06, 7.35736975912e-05, 1.34320152938e-05, 5.4582883422e-06, 3.10507166432e-05, 1.3638915334e-05, 4.78712127006e-06, 3.90612058254e-06, 3.65114419765e-06, 1.95808456738e-06, 1.44879265918e-06, 5.55532722046e-07, 1.52959188426e-07, 2.10649588439e-07, 1.82223303113e-07, 1.12913674855e-07, 2.67361688344e-08, 1.27067600886e-08, 2.79063279152e-08, 5.49435732466e-08, 8.40024299009e-08, 1.32554234256e-07, 1.08759977024e-07, 5.516579904e-08, 1.29158381768e-08, 1.85861703805e-09, 1.88515826213e-12],
        "dvar2": [2.81326947515e-06, 0.000172767511685, 3.46860397258e-05, 1.31462147692e-05, 6.73509930493e-05, 3.24980755977e-05, 1.18316384032e-05, 7.91359980212e-06, 6.82902145854e-06, 3.50335267285e-06, 2.26940255743e-06, 1.34125912155e-06, 3.47822265212e-07, 4.71450448458e-07, 3.22149645626e-07, 2.27370350103e-07, 6.06198113928e-08, 2.57134278314e-08, 6.58626930772e-08, 1.22761079524e-07, 1.73669832293e-07, 2.03272577437e-07, 1.9351890046e-07, 1.04083177632e-07, 2.59570072103e-08, 3.19921444891e-09, 4.52079476285e-12],
        "max": [0.0310214646161, 0.101897761226, 0.0441230274737, 0.0569813400507, 0.0644744262099, 0.0558852255344, 0.0296429283917, 0.0326477885246, 0.0261425022036, 0.0243624523282, 0.0227509848773, 0.0129760177806, 0.00859087239951, 0.00986296962947, 0.0123022692278, 0.00928844045848, 0.00236796028912, 0.00191398570314, 0.00296401022933, 0.00670047802851, 0.00553351547569, 0.00624132016674, 0.00654998375103, 0.00470880419016, 0.00191728433128, 0.00105874438304, 2.2964528398e-05],
        "mean": [0.00127195578534, 0.00851578917354, 0.00305565353483, 0.00152767729014, 0.0103878090158, 0.00417253281921, 0.00240835966542, 0.00164755352307, 0.00178561976645, 0.00135953095742, 0.000848351570312, 0.000351417053025, 0.000274277408607, 0.000185556447832, 0.000248726602877, 0.000165413468494, 0.000165155521245, 0.000114824535558, 0.000109508080641, 7.19008094165e-05, 8.99861261132e-05, 0.000136469301651, 0.000119986958453, 0.000106465558929, 6.33371673757e-05, 2.01055190701e-05, 2.58990183966e-07],
        "median": [8.05541931186e-05, 0.00466571375728, 0.00185766490176, 0.000716266629752, 0.00483660213649, 0.00112755177543, 0.0012934920378, 0.00055471266387, 0.000407276209444, 0.00030045126914, 0.000195977569092, 0.000152477499796, 9.71937261056e-05, 6.08338668826e-05, 7.5889605796e-05, 7.22159311408e-05, 8.19325359771e-05, 5.48796742805e-05, 4.27288359788e-05, 1.82073672477e-05, 1.60803792824e-05, 2.27230739256e-05, 2.51395449595e-05, 2.05918513529e-05, 1.57810118253e-05, 3.38926565746e-06, 6.7192478248e-09],
        "min": [4.57127224091e-23, 3.90889729324e-23, 1.23100639854e-23, 2.13299169307e-23, 7.39576788613e-23, 5.77981598295e-23, 3.20376356014e-23, 8.09803836968e-23, 5.14960573428e-23, 8.92475323876e-23, 9.61351021946e-23, 8.98759137411e-23, 1.16651058244e-22, 1.34327954382e-22, 7.13235587028e-23, 2.55840390043e-22, 1.05577988111e-22, 1.55774570662e-22, 2.78399767204e-22, 4.85472624625e-22, 4.39430158357e-22, 7.26992702748e-22, 6.46511724802e-22, 8.78499333964e-22, 1.4297159546e-21, 1.5895121634e-21, 2.38879219199e-21],
        "stdev": [0.00432497123256, 0.0132773350924, 0.00429388228804, 0.0032004234381, 0.0115223405883, 0.00740450620651, 0.00333949876949, 0.00325425644405, 0.00366095174104, 0.00284105842002, 0.00212402292527, 0.000816350104287, 0.000634996395092, 0.000587884918787, 0.000907563429791, 0.000423529359978, 0.000262016168563, 0.000183281168574, 0.000233360973652, 0.000256154628005, 0.000340471451636, 0.000517412205227, 0.000464079843368, 0.000331069430104, 0.000162483906024, 6.28064080956e-05, 1.44472585362e-06],
        "var": [1.87053774425e-05, 0.000176287634531, 1.84374239325e-05, 1.0242710232e-05, 0.000132764325826, 5.48267125851e-05, 1.11522522275e-05, 1.05901854113e-05, 1.34025676743e-05, 8.07161268312e-06, 4.51147298008e-06, 6.66427467877e-07, 4.03220411727e-07, 3.45608697216e-07, 8.23671427952e-07, 1.79377110499e-07, 6.86524685989e-08, 3.3591987858e-08, 5.44573452999e-08, 6.56151968315e-08, 1.15920805399e-07, 2.67715392965e-07, 2.15370107526e-07, 1.09606958176e-07, 2.64010200368e-08, 3.94464505504e-09, 2.08723294724e-12]
    },
    "erbbands": {
        "dmean": [0.125466063619, 0.693530082703, 1.59654152393, 2.16056394577, 6.24397134781, 18.3426952362, 16.2044334412, 13.6769161224, 14.1999130249, 18.9484939575, 18.1609458923, 20.5959148407, 18.4327125549, 20.772611618, 13.7792873383, 8.5876750946, 6.75420570374, 6.79465341568, 6.50408029556, 5.0517206192, 5.56045293808, 3.50315642357, 3.48385882378, 2.28546047211, 3.8253223896, 2.46722006798, 2.49428367615, 3.05742716789, 3.03611755371, 3.18015432358, 2.21907353401, 1.57626330853, 1.08372366428, 0.517342090607, 0.239174932241, 0.0942195206881, 0.0168718602508, 0.00162689585704, 4.10403918067e-05, 1.15153607112e-05],
        "dmean2": [0.169002100825, 1.08350527287, 2.48653268814, 3.4784822464, 9.89314460754, 28.6111869812, 25.2360839844, 20.9270057678, 23.2841949463, 30.225944519, 26.173532486, 27.9605464935, 26.5637741089, 28.9037322998, 19.8112487793, 13.6423025131, 10.5974531174, 10.4926576614, 10.0372066498, 7.39364004135, 8.39183998108, 5.62054443359, 5.29746961594, 3.36332249641, 5.95119762421, 3.75715899467, 3.74220991135, 4.33665513992, 4.0010972023, 4.53086137772, 3.17876529694, 2.19016885757, 1.54937565327, 0.756000876427, 0.359248846769, 0.132632002234, 0.0238347183913, 0.00240736221895, 5.8193836594e-05, 1.66282625287e-05],
        "dvar": [0.143701255322, 3.66459870338, 14.9594936371, 29.9276676178, 129.542297363, 863.150512695, 866.978820801, 1184.62915039, 561.231384277, 980.690124512, 2137.68603516, 1971.91345215, 1824.48937988, 2141.28320312, 1727.18786621, 623.001159668, 221.379959106, 430.679626465, 428.823974609, 269.221801758, 206.037399292, 47.612575531, 45.0784606934, 23.2120227814, 101.239440918, 108.81047821, 101.646682739, 204.355361938, 147.314758301, 150.398132324, 94.2701797485, 28.327381134, 15.0439195633, 2.60308909416, 0.497778922319, 0.0848636552691, 0.00347197684459, 3.98484735342e-05, 2.06383408141e-08, 2.15694559436e-10],
        "dvar2": [0.292945027351, 8.78281021118, 38.0497970581, 71.0168075562, 273.928405762, 1863.60266113, 2064.93798828, 2603.09423828, 1414.14440918, 2243.62890625, 3850.49487305, 3379.25634766, 3225.64306641, 3720.54833984, 2486.24707031, 1560.74121094, 490.443023682, 900.506103516, 955.649597168, 470.568115234, 407.57208252, 103.424491882, 93.0408630371, 49.301071167, 233.515197754, 239.823394775, 248.280090332, 363.560974121, 226.205627441, 228.99130249, 176.680389404, 48.7374076843, 30.2359886169, 5.13442516327, 1.04751551151, 0.163130149245, 0.00543573731557, 6.23792657279e-05, 3.25123110656e-08, 4.11415707058e-10],
        "max": [5.05176925659, 25.1648445129, 39.3847694397, 121.627044678, 214.22567749, 372.620117188, 403.04309082, 675.346008301, 275.092529297, 422.344238281, 748.110046387, 655.182312012, 925.094909668, 752.610168457, 1114.54418945, 452.320953369, 284.483337402, 482.647460938, 784.131164551, 398.867858887, 329.462005615, 95.7255020142, 130.435897827, 85.245765686, 170.79119873, 297.408782959, 147.694198608, 295.722442627, 200.871078491, 219.510925293, 228.495819092, 88.9986801147, 88.1793899536, 30.2820243835, 12.075720787, 6.44017362595, 1.46164989471, 0.144346788526, 0.00306317978539, 0.000202433511731],
        "mean": [0.313857614994, 1.60541629791, 3.79850292206, 4.36281824112, 14.3953456879, 45.7063560486, 37.8448562622, 33.8913040161, 27.7316551208, 40.2379302979, 35.8891105652, 46.1911392212, 43.3652648926, 40.2419281006, 27.9301376343, 14.4815788269, 12.1075391769, 12.1897602081, 13.2248544693, 9.28523540497, 10.0907382965, 7.77432775497, 7.16404533386, 4.51177787781, 6.06660604477, 3.33068299294, 3.12315797806, 4.12324857712, 4.40534687042, 4.93813657761, 3.22733473778, 2.38861942291, 1.64100885391, 0.808853566647, 0.39711946249, 0.143970802426, 0.0259034372866, 0.00236100819893, 7.66999146435e-05, 4.80718736071e-05],
        "median": [0.103325895965, 1.08936572075, 2.45922899246, 2.57241511345, 5.927110672, 16.0455493927, 15.6743030548, 9.36592960358, 17.1145057678, 21.1903591156, 13.2687911987, 11.7993297577, 10.4861478806, 12.443614006, 7.88707017899, 6.86266803741, 4.97925186157, 4.02279376984, 4.12584543228, 3.89211130142, 4.53822088242, 3.87633609772, 3.76174116135, 2.06334805489, 2.21010398865, 0.981364309788, 0.630939245224, 0.624448597431, 0.670134961605, 1.00459015369, 0.620104670525, 0.384098947048, 0.320015728474, 0.183020442724, 0.0999975949526, 0.0277119018137, 0.00432586250827, 0.000398784934077, 3.28793139488e-05, 4.49695253337e-05],
        "min": [2.37813820264e-21, 4.29575450445e-21, 1.13673655859e-20, 4.97426580011e-20, 2.65195448553e-19, 1.26376149923e-19, 2.34960316954e-19, 6.10397460313e-19, 2.92172858557e-19, 1.37391277285e-18, 1.60458976765e-18, 1.0877812796e-18, 2.0735060492e-18, 3.57861700843e-18, 4.41988657476e-18, 3.20493154926e-18, 4.82953536542e-18, 6.53381321818e-18, 4.78205974775e-18, 9.66173011651e-18, 1.13863520628e-17, 6.39562194351e-18, 7.02597368853e-18, 1.1087768813e-17, 1.68914598966e-17, 1.79402372322e-17, 2.40858301871e-17, 2.14806248478e-17, 2.37638385531e-17, 1.85045679702e-17, 1.95884309986e-17, 2.24366355321e-17, 1.19027377582e-17, 1.62800559643e-17, 1.04472985812e-17, 6.36601590861e-18, 2.88531330327e-18, 1.12021430763e-18, 3.486797117e-19, 3.32429477148e-20],
        "stdev": [0.715724527836, 2.20333242416, 4.70154190063, 7.2327132225, 21.9817504883, 56.7914505005, 57.3720703125, 72.6093597412, 34.1966285706, 51.4528961182, 79.7021636963, 92.2588577271, 94.3120956421, 79.0353927612, 80.2566833496, 28.8205966949, 23.5747661591, 35.5631942749, 51.7243804932, 23.8540878296, 22.2856178284, 11.2782087326, 10.9769306183, 7.90986824036, 13.4243106842, 11.4887571335, 10.8368597031, 17.6238746643, 16.8601913452, 17.9702720642, 13.267739296, 7.80925655365, 5.18334627151, 2.26174116135, 0.982723891735, 0.410455167294, 0.0868335068226, 0.00951370876282, 0.000217291046283, 3.20761137118e-05],
        "var": [0.512261629105, 4.85467338562, 22.1044979095, 52.3121376038, 483.197357178, 3225.26904297, 3291.55444336, 5272.11962891, 1169.40942383, 2647.40063477, 6352.43505859, 8511.69726562, 8894.77148438, 6246.59375, 6441.13525391, 830.626831055, 555.769592285, 1264.74084473, 2675.41137695, 569.01751709, 496.648742676, 127.197990417, 120.493003845, 62.5660171509, 180.212112427, 131.991546631, 117.437522888, 310.600952148, 284.266052246, 322.930664062, 176.032897949, 60.9844894409, 26.8670787811, 5.11547279358, 0.965746223927, 0.16847345233, 0.0075400583446, 9.05106571736e-05, 4.72154013664e-08, 1.02887698361e-09]
    },
    "gfcc": {
        "mean": [-15.1270284653, 127.464820862, -95.5108108521, 23.356590271, -64.3762054443, 14.8826217651, -43.6904945374, 11.2047510147, -20.7012367249, -3.37007856369, -11.9495582581, 1.88526046276, -5.93932390213],
        "cov": [[6699.640625, -1775.53674316, -40.7411003113, 854.910400391, -312.747650146, 587.362670898, 9.6895647049, 647.308166504, -162.787246704, 349.091369629, -98.7122802734, 295.048980713, -138.284423828], [-1775.53674316, 1551.57775879, -194.3331604, -492.408905029, 342.864471436, -325.627502441, 113.119735718, -172.263519287, 147.717315674, -253.103546143, 154.659469604, -130.73588562, 90.4710769653], [-40.7411003113, -194.3331604, 284.596343994, 35.2103462219, -41.5564117432, 76.6845092773, -8.34458637238, 43.9940261841, -56.1295890808, 20.1391963959, -30.6479473114, 37.9854621887, -17.6931877136], [854.910400391, -492.408905029, 35.2103462219, 536.772583008, 0.421758264303, 130.903427124, 5.50742053986, 76.6118469238, 56.8420372009, 124.333442688, 8.81215858459, 16.676076889, -11.66502285], [-312.747650146, 342.864471436, -41.5564117432, 0.421758264303, 267.913543701, -30.0121269226, 58.8877410889, 37.0919647217, 52.5229225159, -3.30544066429, 69.0631942749, -33.4772834778, 28.8379478455], [587.362670898, -325.627502441, 76.6845092773, 130.903427124, -30.0121269226, 198.60383606, 22.0495853424, 82.9970016479, -28.4790477753, 83.7933044434, -18.1872291565, 24.7260723114, -23.5227851868], [9.6895647049, 113.119735718, -8.34458637238, 5.50742053986, 58.8877410889, 22.0495853424, 192.308746338, 72.2653121948, 6.71881866455, 19.2209949493, 51.5013923645, -2.16302537918, -20.2873535156], [647.308166504, -172.263519287, 43.9940261841, 76.6118469238, 37.0919647217, 82.9970016479, 72.2653121948, 216.923995972, -24.009141922, 60.5278511047, 30.3961029053, 43.9251289368, -12.1937866211], [-162.787246704, 147.717315674, -56.1295890808, 56.8420372009, 52.5229225159, -28.4790477753, 6.71881866455, -24.009141922, 152.344680786, 11.6854028702, 32.384262085, -9.91532421112, 20.3083190918], [349.091369629, -253.103546143, 20.1391963959, 124.333442688, -3.30544066429, 83.7933044434, 19.2209949493, 60.5278511047, 11.6854028702, 170.595184326, 24.5963287354, 13.9050512314, -11.7352266312], [-98.7122802734, 154.659469604, -30.6479473114, 8.81215858459, 69.0631942749, -18.1872291565, 51.5013923645, 30.3961029053, 32.384262085, 24.5963287354, 109.21497345, 4.16652107239, 13.4752492905], [295.048980713, -130.73588562, 37.9854621887, 16.676076889, -33.4772834778, 24.7260723114, -2.16302537918, 43.9251289368, -9.91532421112, 13.9050512314, 4.16652107239, 91.566116333, 9.63029384613], [-138.284423828, 90.4710769653, -17.6931877136, -11.66502285, 28.8379478455, -23.5227851868, -20.2873535156, -12.1937866211, 20.3083190918, -11.7352266312, 13.4752492905, 9.63029384613, 67.3703842163]],
        "icov": [[0.000486005970743, -0.000441753771156, 0.000856009253766, -0.000794336723629, 0.000660183199216, -0.000820151355583, 0.000563421286643, -0.00131226889789, 0.000616660807282, -0.0003420363646, 0.000756038702093, -0.00130463880487, 0.000831074721646], [-0.000441753771156, 0.00524221081287, -0.00107955175918, 0.00381599273533, -0.00407472345978, 0.00259307469241, -0.00270105316304, 0.00294308620505, -0.00353158265352, 0.00427083903924, -0.00467439554632, 0.00450322870165, -0.00310060684569], [0.000856009253766, -0.00107955175918, 0.00589288119227, -0.00166669790633, 0.00126601289958, -0.00277946423739, 0.00136364297941, -0.00256120995618, 0.00236688926816, -0.000703111931216, 0.00223458348773, -0.00393432099372, 0.00217996397987], [-0.000794336723629, 0.00381599273533, -0.00166669790633, 0.00589691987261, -0.00326643977314, 0.00124936725479, -0.00195375876501, 0.00284855300561, -0.00419156393036, 0.00199894723482, -0.00370640819892, 0.0043744626455, -0.0026821824722], [0.000660183199216, -0.00407472345978, 0.00126601289958, -0.00326643977314, 0.00894831959158, -0.00212523434311, 0.00153465766925, -0.00449094874784, 0.00180080719292, -0.00272930343635, 0.00156615662854, -0.0013571967138, 0.000533316517249], [-0.000820151355583, 0.00259307469241, -0.00277946423739, 0.00124936725479, -0.00212523434311, 0.0109956432134, -0.00249340431765, 0.00106609635986, -0.00120489415713, -0.000787863100413, -0.000629517307971, 0.00313855311833, -0.00158502941485], [0.000563421286643, -0.00270105316304, 0.00136364297941, -0.00195375876501, 0.00153465766925, -0.00249340431765, 0.00890674628317, -0.0042271791026, 0.00177380489185, -0.00171863241121, -0.000165353834745, -0.00244738045149, 0.00474188430235], [-0.00131226889789, 0.00294308620505, -0.00256120995618, 0.00284855300561, -0.00449094874784, 0.00106609635986, -0.0042271791026, 0.0118048470467, -0.0012569144601, 0.00138040434103, -0.00427296711132, 0.00138179352507, -0.0023904547561], [0.000616660807282, -0.00353158265352, 0.00236688926816, -0.00419156393036, 0.00180080719292, -0.00120489415713, 0.00177380489185, -0.0012569144601, 0.011353392154, -0.00353605858982, 0.00218095397577, -0.00407058093697, 0.00112655176781], [-0.0003420363646, 0.00427083903924, -0.000703111931216, 0.00199894723482, -0.00272930343635, -0.000787863100413, -0.00171863241121, 0.00138040434103, -0.00353605858982, 0.0122861322016, -0.00634744949639, 0.00386144034564, -0.00172670837492], [0.000756038702093, -0.00467439554632, 0.00223458348773, -0.00370640819892, 0.00156615662854, -0.000629517307971, -0.000165353834745, -0.00427296711132, 0.00218095397577, -0.00634744949639, 0.0183943286538, -0.0063714068383, 0.00152925727889], [-0.00130463880487, 0.00450322870165, -0.00393432099372, 0.0043744626455, -0.0013571967138, 0.00313855311833, -0.00244738045149, 0.00138179352507, -0.00407058093697, 0.00386144034564, -0.0063714068383, 0.0203824602067, -0.00755068007857], [0.000831074721646, -0.00310060684569, 0.00217996397987, -0.0026821824722, 0.000533316517249, -0.00158502941485, 0.00474188430235, -0.0023904547561, 0.00112655176781, -0.00172670837492, 0.00152925727889, -0.00755068007857, 0.0211677085608]]
    },
    "melbands": {
        "dmean": [0.000991623033769, 0.000790307763964, 0.000430302112363, 0.00087134167552, 0.000596346799284, 0.000296857615467, 0.000246166426223, 0.000194128151634, 0.000145689948113, 0.000133710753289, 9.34434647206e-05, 8.59620849951e-05, 5.13724262419e-05, 3.07859154418e-05, 1.30829457703e-05, 1.96486980713e-05, 1.24950493046e-05, 1.08368749352e-05, 9.54111783358e-06, 7.92571063357e-06, 6.75864203004e-06, 4.33902278019e-06, 3.40386714015e-06, 2.96577968584e-06, 1.79314019988e-06, 3.05117532662e-06, 2.25556777878e-06, 1.6460023744e-06, 1.66472273122e-06, 1.57928661793e-06, 1.97160170501e-06, 1.81546545264e-06, 1.93593473341e-06, 1.73301702944e-06, 1.33930632273e-06, 1.06888944629e-06, 9.80915956461e-07, 8.89313923835e-07, 5.24652818967e-07, 4.34977238228e-07],
        "dmean2": [0.00136650889181, 0.0011755003361, 0.000691113062203, 0.00135451136157, 0.00092379481066, 0.000459960720036, 0.000402356061386, 0.000308342307108, 0.000202695868211, 0.000186699660844, 0.000134334564791, 0.000119032192742, 7.32328044251e-05, 4.77025569126e-05, 2.1034036763e-05, 3.09585921059e-05, 1.96635610337e-05, 1.70519888343e-05, 1.4332331375e-05, 1.19422056741e-05, 1.04035207187e-05, 7.05302863935e-06, 5.35052959094e-06, 4.50684638054e-06, 2.70006989922e-06, 4.7456583161e-06, 3.54994335794e-06, 2.54991687143e-06, 2.58237719208e-06, 2.44202442445e-06, 2.87506986751e-06, 2.46215040534e-06, 2.68192707154e-06, 2.50371385846e-06, 2.02117143999e-06, 1.56171608978e-06, 1.40138763527e-06, 1.2834473182e-06, 7.82209895078e-07, 6.34660636933e-07],
        "dvar": [7.28814575268e-06, 3.2450523122e-06, 8.4195198724e-07, 1.80477320555e-06, 8.24879862193e-07, 4.8011401077e-07, 1.62861965691e-07, 1.08978021274e-07, 1.35818865488e-07, 8.99118148823e-08, 4.61732376777e-08, 3.67954342551e-08, 2.0282849178e-08, 9.26358545428e-09, 8.06111677409e-10, 2.45210829419e-09, 1.54768986516e-09, 1.66264557677e-09, 1.46623324593e-09, 7.55398688046e-10, 2.76955208767e-10, 8.61069757163e-11, 3.70537593664e-11, 3.67704477977e-11, 1.54697834404e-11, 6.94015955816e-11, 5.42825055738e-11, 4.99775845708e-11, 5.10527592423e-11, 4.34491088941e-11, 9.73243569069e-11, 6.28082447163e-11, 5.41354738814e-11, 4.38248257129e-11, 3.41109952784e-11, 2.02138947941e-11, 9.87035279898e-12, 1.04837111214e-11, 2.79876534275e-12, 1.79895074531e-12],
        "dvar2": [1.57480353664e-05, 7.56371082389e-06, 2.01663988264e-06, 3.79973380404e-06, 1.88484750652e-06, 1.08598135284e-06, 4.07166453442e-07, 2.38554491716e-07, 2.28747538245e-07, 1.60560460927e-07, 8.13926916976e-08, 6.30942054158e-08, 3.4047776154e-08, 2.09348485214e-08, 1.97502014743e-09, 5.62988278219e-09, 3.1053073446e-09, 3.97899801996e-09, 2.78243939e-09, 1.57491120145e-09, 5.60688273588e-10, 1.93283847261e-10, 8.38153504934e-11, 6.93589699563e-11, 3.28367680269e-11, 1.69164765529e-10, 1.13335757446e-10, 1.14878301316e-10, 1.27735710898e-10, 1.04748418273e-10, 1.6909600109e-10, 1.17180529169e-10, 9.01407976039e-11, 6.94381427357e-11, 6.48769163392e-11, 3.93141491584e-11, 1.79204793366e-11, 2.1975110967e-11, 5.5857948475e-12, 3.67703610615e-12],
        "max": [0.0321582779288, 0.018704874441, 0.0187287740409, 0.0162273049355, 0.0108946384862, 0.0131572969258, 0.00522915879264, 0.00434738630429, 0.00637964392081, 0.00423451792449, 0.00460508652031, 0.00348501792178, 0.00317262322642, 0.00169913226273, 0.000438182178186, 0.000911368639208, 0.000804127717856, 0.00131704483647, 0.00120468856767, 0.000776872388087, 0.000375393457944, 0.000123708421597, 0.000103792423033, 0.000132986984681, 7.50275867176e-05, 0.000151548592839, 0.0001835556468, 0.000194809952518, 0.00011445547716, 0.000120817108836, 0.000193418221897, 0.00014277457376, 0.000128498024424, 0.000124644342577, 0.000135579699418, 9.49618697632e-05, 5.67203569517e-05, 6.56595584587e-05, 3.70624475181e-05, 2.2179359803e-05],
        "mean": [0.00255917571485, 0.0019985253457, 0.000969579210505, 0.00225677806884, 0.00150617165491, 0.000729436811525, 0.000468077429105, 0.000426007027272, 0.000285817630356, 0.000290211464744, 0.00020729478274, 0.000158164868481, 9.65341096162e-05, 5.36155312147e-05, 2.20008751057e-05, 3.17466947308e-05, 2.03430226975e-05, 2.00311696972e-05, 1.58170751092e-05, 1.19053638628e-05, 1.20383301692e-05, 8.76889225765e-06, 6.63584751237e-06, 5.67962206333e-06, 3.16679961543e-06, 4.80156404592e-06, 3.19889136335e-06, 1.99199439521e-06, 1.96202131519e-06, 1.96308792511e-06, 2.5590122732e-06, 2.35633501688e-06, 2.8716046927e-06, 2.61424747805e-06, 1.88401338619e-06, 1.52773111495e-06, 1.45230751514e-06, 1.27603891542e-06, 8.10956066744e-07, 6.38377400719e-07],
        "median": [0.00111967674457, 0.00141786900349, 0.000624258478638, 0.000820799614303, 0.00079151551472, 0.000194108317373, 0.000283389817923, 0.000213629813516, 9.04236076167e-05, 6.86247876729e-05, 4.50988263765e-05, 4.30417458119e-05, 2.55951508734e-05, 2.09011832339e-05, 1.1181341506e-05, 1.02289495771e-05, 6.30634758636e-06, 6.07099946137e-06, 5.18384831594e-06, 5.47815807295e-06, 5.37631558473e-06, 4.09135327573e-06, 3.4364234125e-06, 2.53217899626e-06, 1.3405754089e-06, 1.62755122801e-06, 1.05038577658e-06, 4.4496857754e-07, 3.5903210005e-07, 3.81443470587e-07, 3.05437652059e-07, 2.81062199292e-07, 4.95409892665e-07, 5.46510534605e-07, 3.48134420847e-07, 1.94614017346e-07, 2.29229002002e-07, 2.17436706862e-07, 1.69797047533e-07, 1.3102949481e-07],
        "min": [1.71378801036e-23, 5.73228498349e-24, 1.51370022596e-23, 1.48853303873e-23, 7.29945617375e-24, 1.24070291902e-23, 4.87488823725e-24, 1.54843408716e-23, 1.22341384899e-23, 7.00170062508e-24, 1.04495347516e-23, 1.4050242233e-23, 1.62247925385e-23, 8.76747030925e-24, 9.1235108459e-24, 1.19272802752e-23, 1.25132737658e-23, 8.72425572e-24, 6.61232519315e-24, 1.81167586683e-23, 1.22696727294e-23, 5.79996609371e-24, 8.08876120767e-24, 5.08098761507e-24, 9.08308093565e-24, 1.21055226079e-23, 1.17109659376e-23, 1.26001589059e-23, 1.72896032992e-23, 1.1689559408e-23, 1.35144068854e-23, 1.57055437803e-23, 9.99215793194e-24, 1.04185127965e-23, 1.00744455907e-23, 1.40591863379e-23, 1.35939571968e-23, 7.51133237998e-24, 9.73744184539e-24, 1.48662509974e-23],
        "stdev": [0.00486424844712, 0.00226520048454, 0.00138177105691, 0.00281997141428, 0.00182495906483, 0.00145350839011, 0.000603048887569, 0.000567229348235, 0.000681392266415, 0.000592006079387, 0.000469830731163, 0.000325978122419, 0.000251640944043, 0.00013188716548, 3.5298657167e-05, 7.85815354902e-05, 6.47827910143e-05, 8.52439334267e-05, 5.89195624343e-05, 3.1520074117e-05, 2.74561789411e-05, 1.42190147017e-05, 9.41823327594e-06, 1.07244450192e-05, 6.3880165726e-06, 1.1125299352e-05, 8.70461281011e-06, 7.51840116209e-06, 7.25618565411e-06, 7.17409875506e-06, 1.20547483675e-05, 9.87852126855e-06, 1.04878536149e-05, 9.50359753915e-06, 7.80663776823e-06, 6.15183898844e-06, 4.52061658507e-06, 4.21056029154e-06, 2.30648265642e-06, 1.82545988991e-06],
        "var": [2.36609139392e-05, 5.13113354828e-06, 1.9092913135e-06, 7.95223877503e-06, 3.33047569256e-06, 2.11268661587e-06, 3.63667993497e-07, 3.21749155319e-07, 4.64295396796e-07, 3.50471196953e-07, 2.20740915324e-07, 1.06261744293e-07, 6.33231636016e-08, 1.73942247272e-08, 1.24599519591e-09, 6.17505824252e-09, 4.19681045472e-09, 7.26652871208e-09, 3.47151485336e-09, 9.93515048009e-10, 7.53841766787e-10, 2.02180369668e-10, 8.87031212371e-11, 1.15013720769e-10, 4.08067538094e-11, 1.23772284089e-10, 7.57702858789e-11, 5.65263565122e-11, 5.26522332678e-11, 5.14676946894e-11, 1.45316952915e-10, 9.75851829899e-11, 1.09995068609e-10, 9.03183708378e-11, 6.09435904519e-11, 3.78451228689e-11, 2.04359740935e-11, 1.77288166786e-11, 5.31986260599e-12, 3.33230361707e-12]
    },
    "melbands128": {
