{
"lowlevel": {
    "average_loudness": 0.970097780228,
    "barkbands_crest": {
        "dmean": 2.0254676342,
        "dmean2": 3.25361037254,
        "dvar": 5.42586946487,
        "dvar2": 13.3537969589,
        "max": 23.0704135895,
        "mean": 10.1761932373,
        "median": 9.64937400818,
        "min": 4.13371801376,
        "stdev": 3.31190752983,
        "var": 10.9687309265
    },
    "barkbands_flatness_db": {
        "dmean": 0.0208517219871,
        "dmean2": 0.0290364641696,
        "dvar": 0.000469272665214,
        "dvar2": 0.00100992433727,
        "max": 0.28625524044,
        "mean": 0.154154703021,
        "median": 0.152444988489,
        "min": 0.040512368083,
        "stdev": 0.0469832569361,
        "var": 0.00220742658712
    },
    "barkbands_kurtosis": {
        "dmean": 2.61620116234,
        "dmean2": 4.2158870697,
        "dvar": 37.1941261292,
        "dvar2": 98.1167449951,
        "max": 69.6754226685,
        "mean": 4.09387874603,
        "median": 2.42613220215,
        "min": -1.82510042191,
        "stdev": 6.36723136902,
        "var": 40.5416374207
    },
    "barkbands_skewness": {
        "dmean": 0.464180588722,
        "dmean2": 0.687442064285,
        "dvar": 0.46600484848,
        "dvar2": 1.08829319477,
        "max": 7.88161897659,
        "mean": 1.48691797256,
        "median": 1.43461823463,
        "min": -2.00481390953,
        "stdev": 1.03398144245,
        "var": 1.06911754608
    },
    "barkbands_spread": {
        "dmean": 4.58636474609,
        "dmean2": 6.81084394455,
        "dvar": 52.5122871399,
        "dvar2": 111.822319031,
        "max": 94.1083908081,
        "mean": 18.2224750519,
        "median": 15.1989583969,
        "min": 2.47558379173,
        "stdev": 11.5757904053,
        "var": 133.998931885
    },
    "dissonance": {
        "dmean": 0.0251109711826,
        "dmean2": 0.0412651263177,
        "dvar": 0.000535115716048,
        "dvar2": 0.00142565032002,
        "max": 0.500000119209,
        "mean": 0.440614670515,
        "median": 0.448172301054,
        "min": 0.270732998848,
        "stdev": 0.0400008186698,
        "var": 0.00160006561782
    },
    "dynamic_complexity": 1.85417795181,
    "erbbands_crest": {
        "dmean": 2.45942187309,
        "dmean2": 3.69920825958,
        "dvar": 6.21174526215,
        "dvar2": 13.616317749,
        "max": 29.5292930603,
        "mean": 11.1160116196,
        "median": 10.3444166183,
        "min": 2.55838036537,
        "stdev": 5.46148538589,
        "var": 29.8278236389
    },
    "erbbands_flatness_db": {
        "dmean": 0.0195671375841,
        "dmean2": 0.0245873127133,
        "dvar": 0.00040306939627,
        "dvar2": 0.000610079849139,
        "max": 0.307541102171,
        "mean": 0.162475988269,
        "median": 0.158892959356,
        "min": 0.05211699754,
        "stdev": 0.0509999729693,
        "var": 0.00260099722072
    },
    "erbbands_kurtosis": {
        "dmean": 0.938454568386,
        "dmean2": 1.39134824276,
        "dvar": 1.26309680939,
        "dvar2": 2.70133519173,
        "max": 20.3359107971,
        "mean": 1.19703090191,
        "median": 0.639123439789,
        "min": -1.63442075253,
        "stdev": 2.26002621651,
        "var": 5.10771894455
    },
    "erbbands_skewness": {
        "dmean": 0.305921047926,
        "dmean2": 0.445237010717,
        "dvar": 0.0838917791843,
        "dvar2": 0.18153052032,
        "max": 3.52187633514,
        "mean": 0.563064992428,
        "median": 0.528439164162,
        "min": -1.9060819149,
        "stdev": 0.670141041279,
        "var": 0.449088990688
    },
    "erbbands_spread": {
        "dmean": 6.80863523483,
        "dmean2": 9.68159675598,
        "dvar": 79.7052383423,
        "dvar2": 157.858459473,
        "max": 129.641387939,
        "mean": 32.6440353394,
        "median": 29.769821167,
        "min": 5.75833940506,
        "stdev": 19.4703617096,
        "var": 379.094970703
    },
    "hfc": {
        "dmean": 6.15696334839,
        "dmean2": 8.60201740265,
        "dvar": 64.9473342896,
        "dvar2": 124.784820557,
        "max": 81.8977279663,
        "mean": 25.5736656189,
        "median": 23.1872634888,
        "min": 1.2839497468e-16,
        "stdev": 14.954205513,
        "var": 223.628265381
    },
    "loudness_ebu128": {
        "integrated": -8.78299236298,
        "loudness_range": 1.39018249512,
        "momentary": {
            "dmean": 0.417536616325,
            "dmean2": 0.430013448,
            "dvar": 0.120825946331,
            "dvar2": 0.148713633418,
            "max": -6.64411067963,
            "mean": -8.94803524017,
            "median": -8.81384849548,
            "min": -14.6366977692,
            "stdev": 1.24518287182,
            "var": 1.55048024654
        },
        "short_term": {
            "dmean": 0.0637677535415,
            "dmean2": 0.0540521554649,
            "dvar": 0.0018404716393,
            "dvar2": 0.00180600897875,
            "max": -7.86894130707,
            "mean": -8.74292182922,
            "median": -8.77052307129,
            "min": -9.77924728394,
            "stdev": 0.478269547224,
            "var": 0.228741750121
        }
    },
    "melbands_crest": {
        "dmean": 2.56228899956,
        "dmean2": 4.04171323776,
        "dvar": 8.78042793274,
        "dvar2": 20.9888305664,
        "max": 32.9786338806,
        "mean": 13.4320201874,
        "median": 12.633471489,
        "min": 2.17338633537,
        "stdev": 4.33199739456,
        "var": 18.7662010193
    },
    "melbands_flatness_db": {
        "dmean": 0.0235852450132,
        "dmean2": 0.0339045003057,
        "dvar": 0.000707176397555,
        "dvar2": 0.00155815517064,
        "max": 0.404559701681,
        "mean": 0.238170325756,
        "median": 0.23718264699,
        "min": 0.00384930404834,
        "stdev": 0.0581082887948,
        "var": 0.00337657309137
    },
    "melbands_kurtosis": {
        "dmean": 5.72182941437,
        "dmean2": 9.08777523041,
        "dvar": 227.754211426,
        "dvar2": 608.066589355,
        "max": 206.818054199,
        "mean": 10.4189682007,
        "median": 6.41204166412,
        "min": -1.37831175327,
        "stdev": 15.7890491486,
        "var": 249.294082642
    },
    "melbands_skewness": {
        "dmean": 0.611321508884,
        "dmean2": 0.890097498894,
        "dvar": 0.874152123928,
        "dvar2": 1.99391651154,
        "max": 12.1639575958,
        "mean": 2.21022725105,
        "median": 2.00852370262,
        "min": -0.425961136818,
        "stdev": 1.52188205719,
        "var": 2.31612491608
    },
    "melbands_spread": {
        "dmean": 4.06463289261,
        "dmean2": 6.16556119919,
        "dvar": 34.9970741272,
        "dvar2": 65.1992797852,
        "max": 143.589981079,
        "mean": 17.6721229553,
        "median": 16.3634529114,
        "min": 1.59142184258,
        "stdev": 9.20242500305,
        "var": 84.6846237183
    },
    "pitch_salience": {
        "dmean": 0.0537504889071,
        "dmean2": 0.0863146707416,
        "dvar": 0.00320418737829,
        "dvar2": 0.00804156530648,
        "max": 0.843646407127,
        "mean": 0.505177438259,
        "median": 0.505236804485,
        "min": 0.128682136536,
        "stdev": 0.0891932398081,
        "var": 0.00795543380082
    },
    "silence_rate_20dB": {
        "dmean": 0,
        "dmean2": 0,
        "dvar": 0,
        "dvar2": 0,
        "max": 1,
        "mean": 1,
        "median": 1,
        "min": 1,
        "stdev": 0,
        "var": 0
    },
    "silence_rate_30dB": {
        "dmean": 0.0495356023312,
        "dmean2": 0.0991479456425,
        "dvar": 0.0470811985433,
        "dvar2": 0.118750430644,
        "max": 1,
        "mean": 0.965197205544,
        "median": 1,
        "min": 0,
        "stdev": 0.18328127265,
        "var": 0.0335920266807
    },
    "silence_rate_60dB": {
        "dmean": 0.000773993786424,
        "dmean2": 0.000774593325332,
        "dvar": 0.000773391744588,
        "dvar2": 0.000773989362642,
        "max": 1,
        "mean": 0.00077339517884,
        "median": 0,
        "min": 0,
        "stdev": 0.0277991909534,
        "var": 0.000772794999648
    },
    "spectral_centroid": {
        "dmean": 168.811355591,
        "dmean2": 255.798782349,
        "dvar": 119780,
        "dvar2": 199230.40625,
        "max": 11093.203125,
        "mean": 970.821838379,
        "median": 858.921264648,
        "min": 299.28024292,
        "stdev": 539.484741211,
        "var": 291043.8125
    },
    "spectral_complexity": {
        "dmean": 2.81114554405,
        "dmean2": 4.37800168991,
        "dvar": 11.6810626984,
        "dvar2": 23.506816864,
        "max": 49,
        "mean": 18.5104408264,
        "median": 17,
        "min": 0,
        "stdev": 6.11143159866,
        "var": 37.3495941162
    },
    "spectral_decrease": {
        "dmean": 3.29279781219e-09,
        "dmean2": 5.20586684871e-09,
        "dvar": 3.9635771875e-17,
        "dvar2": 1.01338333595e-16,
        "max": 4.89721554214e-29,
        "mean": -1.176198694e-08,
        "median": -1.07645616865e-08,
        "min": -5.17755260887e-08,
        "stdev": 6.71226230153e-09,
        "var": 4.5054463323e-17
    },
    "spectral_energy": {
        "dmean": 0.012781447731,
        "dmean2": 0.0200924016535,
        "dvar": 0.000570007134229,
        "dvar2": 0.00145409477409,
        "max": 0.197527840734,
        "mean": 0.0467120148242,
        "median": 0.0430012904108,
        "min": 1.14609638187e-20,
        "stdev": 0.0259026587009,
        "var": 0.000670947716571
    },
    "spectral_energyband_high": {
        "dmean": 0.000376059964765,
        "dmean2": 0.000510505808052,
        "dvar": 6.64697495267e-07,
        "dvar2": 1.29396130433e-06,
        "max": 0.00979620963335,
        "mean": 0.000736998394132,
        "median": 0.000283394620055,
        "min": 8.3792846752e-21,
        "stdev": 0.00120628322475,
        "var": 1.45511921801e-06
    },
    "spectral_energyband_low": {
        "dmean": 0.00935232359916,
        "dmean2": 0.0156181612983,
        "dvar": 0.000629493384622,
        "dvar2": 0.00158736039884,
        "max": 0.184448316693,
        "mean": 0.0192916374654,
        "median": 0.0141964424402,
        "min": 1.30082418586e-22,
        "stdev": 0.0230505988002,
        "var": 0.000531330122612
    },
    "spectral_energyband_middle_high": {
        "dmean": 0.0020223017782,
        "dmean2": 0.00283081736416,
        "dvar": 9.033016795e-06,
        "dvar2": 1.74577253347e-05,
        "max": 0.0453395657241,
        "mean": 0.00732557568699,
        "median": 0.00484167085961,
        "min": 1.50154324201e-21,
        "stdev": 0.00708130188286,
        "var": 5.01448339492e-05
    },
    "spectral_energyband_middle_low": {
        "dmean": 0.00542722875252,
        "dmean2": 0.00804283376783,
        "dvar": 3.48795947502e-05,
        "dvar2": 7.48785023461e-05,
        "max": 0.0645838454366,
        "mean": 0.0204085893929,
        "median": 0.018711226061,
        "min": 2.89436347787e-22,
        "stdev": 0.0120530398563,
        "var": 0.000145275771501
    },
    "spectral_entropy": {
        "dmean": 0.19056776166,
        "dmean2": 0.248390555382,
        "dvar": 0.0423536077142,
        "dvar2": 0.0683613345027,
        "max": 9.79866504669,
        "mean": 7.27438402176,
        "median": 7.24231433868,
        "min": 6.04083681107,
        "stdev": 0.519847452641,
        "var": 0.270241349936
    },
    "spectral_flux": {
        "dmean": 0.031162424013,
        "dmean2": 0.0486466139555,
        "dvar": 0.00174016645178,
        "dvar2": 0.00368908583187,
        "max": 0.37354055047,
        "mean": 0.0897818133235,
        "median": 0.0726122409105,
        "min": 1.07055891929e-10,
        "stdev": 0.0571469217539,
        "var": 0.00326577061787
    },
    "spectral_kurtosis": {
        "dmean": 2.33235955238,
        "dmean2": 3.56717300415,
        "dvar": 10.8386859894,
        "dvar2": 24.3111591339,
        "max": 42.5122756958,
        "mean": 7.43895483017,
        "median": 6.16271591187,
        "min": -1.17346954346,
        "stdev": 5.89051771164,
        "var": 34.6981964111
    },
    "spectral_rms": {
        "dmean": 0.000831530487631,
        "dmean2": 0.0012694215402,
        "dvar": 1.59591263582e-06,
        "dvar2": 3.89661863665e-06,
        "max": 0.0138820055872,
        "mean": 0.0065451930277,
        "median": 0.00647707330063,
        "min": 3.343864248e-12,
        "stdev": 0.00165324343834,
        "var": 2.73321370514e-06
    },
    "spectral_rolloff": {
        "dmean": 306.747711182,
        "dmean2": 506.35534668,
        "dvar": 654298.9375,
        "dvar2": 1300359.5,
        "max": 18475.4882812,
        "mean": 945.994689941,
        "median": 775.1953125,
        "min": 64.599609375,
        "stdev": 959.684997559,
        "var": 920995.3125
    },
    "spectral_skewness": {
        "dmean": 0.277985006571,
        "dmean2": 0.410634607077,
        "dvar": 0.108385279775,
        "dvar2": 0.227921068668,
        "max": 5.0235376358,
        "mean": 2.15558815002,
        "median": 2.12384867668,
        "min": -0.0218935906887,
        "stdev": 0.744505524635,
        "var": 0.554288506508
    },
    "spectral_spread": {
        "dmean": 729544.5,
        "dmean2": 934659.9375,
        "dvar": 1.63037498573e+12,
        "dvar2": 2.1975850025e+12,
        "max": 39850472,
        "mean": 4855498,
        "median": 4674067.5,
        "min": 1493755.5,
        "stdev": 1982744.375,
        "var": 3.931275264e+12
    },
    "spectral_strongpeak": {
        "dmean": 0.670587599277,
        "dmean2": 1.11151945591,
        "dvar": 1.013438344,
        "dvar2": 2.09240055084,
        "max": 8.26004123688,
        "mean": 1.50391042233,
        "median": 0.612048327923,
        "min": 3.03862734974e-09,
        "stdev": 1.67165470123,
        "var": 2.79442954063
    },
    "zerocrossingrate": {
        "dmean": 0.00883705914021,
        "dmean2": 0.0104502020404,
        "dvar": 0.00027000263799,
        "dvar2": 0.000353448675014,
        "max": 0.498046875,
        "mean": 0.0470785461366,
        "median": 0.041015625,
        "min": 0.01025390625,
        "stdev": 0.0266158021986,
        "var": 0.000708400970325
    },
    "barkbands": {
        "dmean": [0.000595267512836, 0.00742367329076, 0.00211429665796, 0.00117444864009, 0.00176212610677, 0.00189403793775, 0.000946593238041, 0.00155415176414, 0.00116102048196, 0.000972440931946, 0.00032098047086, 0.000611128984019, 0.00027189287357, 0.000280744949123, 0.000402975798352, 0.000180397939403, 0.000127288949443, 0.000122207013192, 8.93371834536e-05, 7.88006364019e-05, 7.10194435669e-05, 6.86519924784e-05, 6.41733713564e-05, 7.71522391005e-05, 7.70463593653e-05, 3.27765228576e-05, 2.03226886697e-06],
        "dmean2": [0.00104001560248, 0.01230715774, 0.00358490459621, 0.00204572826624, 0.00295261363499, 0.00286505930126, 0.00136619748082, 0.00209853937849, 0.00161245069467, 0.00132065918297, 0.000477378693176, 0.000892085197847, 0.00039398597437, 0.000419959978899, 0.000634893949609, 0.000276492268313, 0.000191407452803, 0.00018984444614, 0.000142204604344, 0.000126150858705, 0.000106183731987, 9.82365818345e-05, 9.34476775001e-05, 0.000113612964924, 0.000109046435682, 4.61762356281e-05, 3.23585572914e-06],
        "dvar": [2.9967231967e-06, 0.000431138585554, 2.75905495073e-05, 5.56265013074e-06, 4.78457923236e-06, 6.96460983818e-06, 3.70596171706e-06, 1.18305106298e-05, 7.59676413509e-06, 3.7498139136e-06, 9.75953298621e-07, 4.16358079747e-06, 5.08102175445e-07, 4.66885353489e-07, 9.58282953434e-07, 2.00048248189e-07, 6.99194728782e-08, 8.00250958832e-08, 3.5471796167e-08, 3.83889293687e-08, 3.17465911337e-08, 2.944605626e-08, 3.19076463029e-08, 7.43192885011e-08, 2.74562772518e-08, 5.43926459429e-09, 2.35393492892e-11],
        "dvar2": [7.7289660112e-06, 0.00110906537157, 7.94783918536e-05, 1.53884247993e-05, 1.29343188746e-05, 1.59425817401e-05, 6.89577927915e-06, 2.11107490031e-05, 1.25313035824e-05, 6.47791966912e-06, 2.43263798438e-06, 8.12314101495e-06, 9.13728513297e-07, 7.69132498135e-07, 2.23344954975e-06, 4.38974723238e-07, 1.37746923201e-07, 1.50449295688e-07, 7.7632300588e-08, 9.4143167928e-08, 7.43122825497e-08, 5.47310534671e-08, 6.15127291326e-08, 1.61803299648e-07, 5.96819873522e-08, 1.1189195348e-08, 5.54036642952e-11],
        "max": [0.0220441073179, 0.167434692383, 0.0471309907734, 0.0251573361456, 0.0304810144007, 0.0320523194969, 0.0407313853502, 0.0552418082952, 0.0406918153167, 0.0410125330091, 0.0175874549896, 0.0347329676151, 0.0214491449296, 0.0172438081354, 0.0154901621863, 0.00877225305885, 0.00496134022251, 0.00563493417576, 0.00329783186316, 0.00273162638769, 0.00274345837533, 0.00230042100884, 0.00278101512231, 0.00648282840848, 0.00293904286809, 0.00156299746595, 7.8157921962e-05],
        "mean": [0.000830160861369, 0.0135640297085, 0.00403756741434, 0.00154917105101, 0.00442359782755, 0.00425513135269, 0.0033817065414, 0.00350513588637, 0.00278987456113, 0.00284585892223, 0.00061618280597, 0.00113313575275, 0.000649667694233, 0.00051027268637, 0.000766712182667, 0.000323886255501, 0.00032104368438, 0.000234737657593, 0.00017712621775, 0.000135471258545, 0.000120873606647, 0.000122031175124, 0.00010408648086, 0.000117610543384, 0.000147284285049, 4.77003704873e-05, 2.03173249247e-06],
        "median": [0.0003945150238, 0.0101408073679, 0.00256512756459, 0.000852624536492, 0.00327252270654, 0.00249557825737, 0.000674895942211, 0.000571780430619, 0.000470693164971, 0.000929343164898, 0.000217281078221, 0.000368344888557, 0.000179597293027, 0.000264023052296, 0.000241257497692, 0.000148051723954, 9.79024771368e-05, 0.00010812261462, 7.08473089617e-05, 4.480811549e-05, 3.36228149536e-05, 2.22355156438e-05, 1.81521572813e-05, 3.87326035707e-05, 6.86736311764e-05, 1.48020044435e-05, 2.35791489445e-07],
        "min": [5.22474662877e-23, 6.07325330703e-23, 1.58392651701e-23, 3.92600105984e-23, 4.17261538712e-23, 2.89824404243e-23, 7.50988008706e-23, 5.39651477999e-23, 3.00109951379e-23, 7.06169412801e-23, 1.03097405528e-22, 8.48074066944e-23, 1.99394615484e-22, 5.64954412415e-23, 9.70292223881e-23, 1.41538584818e-22, 2.2569691676e-22, 2.24505900876e-22, 1.93689295738e-22, 2.87023089749e-22, 4.28170828699e-22, 6.27813070776e-22, 7.28040007108e-22, 9.18513287329e-22, 1.19223019949e-21, 1.98512845696e-21, 2.657019642e-21],
        "stdev": [0.00158751069102, 0.0185571592301, 0.00514069665223, 0.00225812126882, 0.00395224243402, 0.0045754914172, 0.00666375132278, 0.00651003420353, 0.00578810274601, 0.00491355452687, 0.00138859520666, 0.00285873143002, 0.00198005582206, 0.00100694550201, 0.00158664956689, 0.000626897322945, 0.000576302292757, 0.0004405315849, 0.000266911985818, 0.000240182023845, 0.000226038784604, 0.000264134287136, 0.000262236368144, 0.000300638988847, 0.000227045922657, 9.41714824876e-05, 5.01172416989e-06],
        "var": [2.52019026448e-06, 0.0003443681926, 2.64267600869e-05, 5.09911114932e-06, 1.5620218619e-05, 2.09351201192e-05, 4.44055840489e-05, 4.23805431637e-05, 3.35021359206e-05, 2.41430188908e-05, 1.92819652511e-06, 8.17234558781e-06, 3.92062111132e-06, 1.01393914065e-06, 2.51745700552e-06, 3.93000249233e-07, 3.32124301394e-07, 1.9406807894e-07, 7.12420060722e-08, 5.76874050751e-08, 5.10935294074e-08, 6.97669264582e-08, 6.87679104772e-08, 9.03837999999e-08, 5.15498506104e-08, 8.86826878599e-09, 2.51173786631e-11]
    },
    "erbbands": {
        "dmean": [0.281685054302, 1.48943889141, 2.44676160812, 3.29507827759, 3.91531825066, 6.04859018326, 15.7503919601, 14.341422081, 13.1281862259, 16.2831916809, 39.7558288574, 25.0758419037, 25.0761032104, 31.9294586182, 14.9447774887, 23.4105052948, 11.1335401535, 13.9866542816, 19.9705238342, 14.233130455, 8.71514415741, 5.80323314667, 5.65847587585, 6.34071207047, 3.46668839455, 3.53750014305, 3.58752632141, 2.5623831749, 2.47464346886, 2.25516700745, 1.81602096558, 1.6518061161, 1.24396550655, 0.988901972771, 0.496023654938, 0.210917711258, 0.0447547659278, 0.00764072733, 0.000218038912863, 1.82244566531e-05],
        "dmean2": [0.47647896409, 2.49488711357, 4.23123884201, 5.72365093231, 6.9338092804, 10.1251459122, 24.5672473907, 22.0832862854, 19.552904129, 21.4944438934, 53.4944572449, 34.2729568481, 33.6031913757, 42.5995826721, 21.5751438141, 32.7460670471, 15.6772136688, 21.097076416, 31.9573783875, 21.2920207977, 13.5665969849, 8.73600769043, 8.65671443939, 9.52295303345, 5.51188611984, 5.64220762253, 5.57550144196, 3.69879627228, 3.56704306602, 3.32629323006, 2.58632278442, 2.38061952591, 1.875654459, 1.43453764915, 0.715957641602, 0.305269539356, 0.0617655441165, 0.0109223676845, 0.000325980188791, 2.698516073e-05],
        "dvar": [0.698551535606, 17.0521850586, 43.4335327148, 47.6588058472, 34.0162696838, 84.7836227417, 478.726745605, 661.331176758, 537.509460449, 1686.97119141, 8569.10449219, 3686.34985352, 3490.31860352, 4411.07568359, 2518.90234375, 4761.80517578, 809.796691895, 960.29675293, 2273.63745117, 1678.66467285, 393.50390625, 135.458755493, 142.230682373, 166.499511719, 56.5582008362, 79.3919754028, 80.8008117676, 36.8448524475, 37.9786376953, 44.3410797119, 23.3290805817, 43.9335289001, 12.6322069168, 4.54739046097, 1.44211924076, 0.274203687906, 0.00849859416485, 0.000306129164528, 2.61831161197e-07, 8.17146961207e-10],
        "dvar2": [1.8368383646, 45.2630004883, 125.551597595, 128.605926514, 104.214317322, 194.541976929, 1153.12780762, 1535.87304688, 1130.85119629, 2414.17797852, 15052.7001953, 5905.61865234, 5320.42236328, 7781.40917969, 4827.56445312, 8338.34765625, 1175.47351074, 1785.40356445, 5287.26855469, 3558.26074219, 879.840637207, 287.707427979, 272.751922607, 349.650787354, 125.737701416, 198.932601929, 203.154022217, 74.8123168945, 71.0498733521, 89.7718276978, 45.2978096008, 90.4616012573, 28.9203052521, 9.91580486298, 3.40330171585, 0.615159153938, 0.015594439581, 0.000662897597067, 5.8682087456e-07, 1.85279624976e-09],
        "max": [6.95545244217, 34.6149597168, 59.3422241211, 64.3778076172, 67.9352035522, 168.104354858, 281.3878479, 331.609008789, 555.739318848, 1135.54992676, 1561.8034668, 1068.23706055, 1226.0255127, 1546.67736816, 1086.61413574, 1469.67614746, 1042.59399414, 522.207397461, 984.461181641, 863.546936035, 413.685272217, 312.518035889, 281.86151123, 234.457015991, 100.014381409, 134.52885437, 138.465911865, 91.5369033813, 84.213684082, 122.551933289, 85.2880706787, 174.824523926, 60.1309967041, 32.9438781738, 25.1995925903, 11.8332223892, 1.68802213669, 0.349351286888, 0.00968791171908, 0.000355063588358],
        "mean": [0.508278310299, 2.57648181915, 4.87530326843, 5.06866693497, 7.61372375488, 14.7916851044, 35.1652030945, 30.5938472748, 39.1440544128, 56.2591247559, 91.4409637451, 62.5957374573, 67.2333297729, 91.3616867065, 33.2755508423, 48.5593757629, 31.2984752655, 28.056186676, 38.6337585449, 28.702747345, 19.8308258057, 15.3348503113, 12.0295152664, 12.791261673, 7.13494157791, 6.13437891006, 5.81181097031, 4.48424053192, 4.30053329468, 3.72609233856, 2.88173103333, 2.38881993294, 2.04190993309, 1.92177212238, 0.851458251476, 0.311701625586, 0.0646098852158, 0.00940843019634, 0.000277332379483, 6.31859220448e-05],
        "median": [0.401194691658, 1.86054348946, 3.1048181057, 3.22315144539, 5.08210754395, 9.16920566559, 21.2862167358, 15.5454263687, 12.5962753296, 12.1117982864, 20.4254264832, 16.5531635284, 22.4469413757, 31.4964485168, 15.6836433411, 15.3800354004, 9.85083866119, 14.944024086, 14.643242836, 10.3331632614, 10.7398452759, 5.82881593704, 5.95766401291, 6.0196223259, 2.81044268608, 2.19164538383, 1.90538752079, 1.08864188194, 0.865267395973, 0.531524002552, 0.54937928915, 0.620245993137, 0.756853401661, 0.814983129501, 0.412702471018, 0.108997456729, 0.0189366787672, 0.00220858003013, 8.04845622042e-05, 5.67654751649e-05],
        "min": [2.81111616037e-21, 9.70230432722e-21, 1.98661754362e-20, 8.72562778261e-20, 1.37038895759e-19, 1.12844030863e-19, 1.39194450888e-19, 3.31982528198e-19, 7.92210414784e-19, 1.47259955583e-18, 8.70062379291e-19, 7.27780024403e-19, 1.72280235578e-18, 3.18806326862e-18, 3.2674908054e-18, 4.15140442744e-18, 8.27447130146e-18, 4.23713425331e-18, 4.02698281484e-18, 8.2705529469e-18, 8.35880980954e-18, 1.12785894542e-17, 1.0599280611e-17, 1.13212736282e-17, 1.08815138088e-17, 1.27192841368e-17, 1.71759438529e-17, 2.04037812741e-17, 2.26128862139e-17, 1.71262121001e-17, 2.00390558353e-17, 1.71573025106e-17, 1.66661838742e-17, 1.19224428548e-17, 9.7847020951e-18, 6.82200459796e-18, 3.72921268357e-18, 1.5567634254e-18, 3.94186898003e-19, 3.34545443929e-20],
        "stdev": [0.729027211666, 3.61624240875, 6.13598155975, 6.53885746002, 7.41389513016, 17.4400482178, 39.5767555237, 41.8577156067, 68.8059234619, 137.207458496, 170.143692017, 125.574523926, 135.493759155, 167.419708252, 67.7325515747, 118.537666321, 92.8232574463, 46.9019050598, 81.6338272095, 63.8013305664, 32.5461616516, 28.6435260773, 19.6095104218, 19.8450241089, 10.9832410812, 10.58477211, 10.6334962845, 8.74216270447, 9.3595199585, 9.26024246216, 7.05854845047, 7.51194620132, 4.01467466354, 3.07505059242, 1.4043725729, 0.620341837406, 0.125687807798, 0.0203269887716, 0.000559234351385, 3.51041198883e-05],
        "var": [0.531480669975, 13.077208519, 37.6502723694, 42.7566566467, 54.965839386, 304.155303955, 1566.31970215, 1752.0682373, 4734.25537109, 18825.8847656, 28948.875, 15768.9609375, 18358.5585938, 28029.3574219, 4587.69824219, 14051.1787109, 8616.15722656, 2199.78881836, 6664.08203125, 4070.60986328, 1059.25256348, 820.451538086, 384.532867432, 393.824981689, 120.631584167, 112.037391663, 113.071235657, 76.4254074097, 87.6006164551, 85.7520980835, 49.8231086731, 56.4293365479, 16.1176109314, 9.45593547821, 1.97226238251, 0.384823977947, 0.0157974231988, 0.00041318644071, 3.12743082986e-07, 1.23229915161e-09]
    },
    "gfcc": {
        "mean": [27.8959064484, 111.961128235, -97.6483612061, 18.7803611755, -49.7483673096, 23.6389160156, -40.5609474182, 21.7783622742, -25.0865802765, 8.98537540436, -11.6558618546, 2.39748764038, -1.2981826067],
        "cov": [[2973.17529297, -939.640258789, -81.746635437, 298.300231934, -417.523986816, 82.9548187256, -99.0181274414, 69.6806106567, -70.9634780884, 129.19178772, -154.184326172, 91.7147979736, -88.9794082642], [-939.640258789, 1184.41906738, -207.28074646, -436.128814697, 301.207794189, -110.993690491, 78.8746795654, 28.6101284027, 41.4907722473, -120.321060181, 124.922927856, -169.441864014, 112.552726746], [-81.746635437, -207.28074646, 371.225341797, 68.963470459, -15.6270093918, 69.6263656616, -30.5524024963, -37.1558494568, 7.21134662628, 24.1285533905, -45.4573822021, 69.3532028198, -54.7991867065], [298.300231934, -436.128814697, 68.963470459, 493.173553467, -95.2850570679, -3.62144398689, -48.9837303162, -72.7144470215, 26.9288749695, 12.0836191177, -23.7078590393, 67.595664978, -51.2366981506], [-417.523986816, 301.207794189, -15.6270093918, -95.2850570679, 271.372711182, -23.4397773743, -20.6916103363, 16.0472316742, 19.9935588837, -29.3883838654, 26.6760921478, -26.9860706329, 35.0020751953], [82.9548187256, -110.993690491, 69.6263656616, -3.62144398689, -23.4397773743, 136.3540802, 40.4566802979, -26.4570121765, -23.9155445099, 18.2247314453, -15.5674104691, 1.66769611835, -6.93853092194], [-99.0181274414, 78.8746795654, -30.5524024963, -48.9837303162, -20.6916103363, 40.4566802979, 160.531082153, -19.5104598999, -24.0331535339, 1.66428208351, 15.631477356, -21.1050777435, -21.2846412659], [69.6806106567, 28.6101284027, -37.1558494568, -72.7144470215, 16.0472316742, -26.4570121765, -19.5104598999, 114.584861755, 10.4108858109, -4.48764610291, 0.514592647552, -18.5466766357, 26.4387664795], [-70.9634780884, 41.4907722473, 7.21134662628, 26.9288749695, 19.9935588837, -23.9155445099, -24.0331535339, 10.4108858109, 94.9349746704, -19.0844516754, -19.0367889404, 6.75167417526, -19.872756958], [129.19178772, -120.321060181, 24.1285533905, 12.0836191177, -29.3883838654, 18.2247314453, 1.66428208351, -4.48764610291, -19.0844516754, 79.2060241699, 0.351472198963, -2.73672771454, 4.15227127075], [-154.184326172, 124.922927856, -45.4573822021, -23.7078590393, 26.6760921478, -15.5674104691, 15.631477356, 0.514592647552, -19.0367889404, 0.351472198963, 94.2466430664, -3.09444260597, 21.7223396301], [91.7147979736, -169.441864014, 69.3532028198, 67.595664978, -26.9860706329, 1.66769611835, -21.1050777435, -18.5466766357, 6.75167417526, -2.73672771454, -3.09444260597, 121.1978302, -23.0273017883], [-88.9794082642, 112.552726746, -54.7991867065, -51.2366981506, 35.0020751953, -6.93853092194, -21.2846412659, 26.4387664795, -19.872756958, 4.15227127075, 21.7223396301, -23.0273017883, 107.985282898]],
        "icov": [[0.000675758754369, -0.000244039678364, 0.000691623194143, -0.000424780242611, 0.000771960825659, -0.000780228117947, 0.000763531716075, -0.00099916709587, 0.000867033901159, -0.00109252752736, 0.00114144233521, -0.000726809492335, 0.000872359087225], [-0.000244039678364, 0.00517444964498, -0.000786254764535, 0.00341157801449, -0.00272726290859, 0.00364430458285, -0.00260159024037, 0.00378046371043, -0.00382399722002, 0.00585635285825, -0.00479575339705, 0.00497322389856, -0.00359859620221], [0.000691623194143, -0.000786254764535, 0.00471479212865, -0.0007860334008, 0.0005540594575, -0.00313797383569, 0.00214224052615, -0.00101343914866, 0.00127361959312, -0.00277242972516, 0.0027379069943, -0.0030209061224, 0.00284426030703], [-0.000424780242611, 0.00341157801449, -0.0007860334008, 0.00508995493874, -0.00123059214093, 0.00285341194831, -0.00102674565278, 0.00444840127602, -0.00352058280259, 0.00386979850009, -0.00349892023951, 0.00268207048066, -0.0021199141629], [0.000771960825659, -0.00272726290859, 0.0005540594575, -0.00123059214093, 0.00667489878833, -0.0021716139745, 0.00260590948164, -0.0023008286953, 0.00141873338725, -0.00241019017994, 0.00206447415985, -0.00222193798982, 0.0014145008754], [-0.000780228117947, 0.00364430458285, -0.00313797383569, 0.00285341194831, -0.0021716139745, 0.0131391473114, -0.00505297631025, 0.00486859353259, -0.00174683716614, 0.00385193666443, -0.00252780714072, 0.00438443338498, -0.00434586917982], [0.000763531716075, -0.00260159024037, 0.00214224052615, -0.00102674565278, 0.00260590948164, -0.00505297631025, 0.0103730969131, -0.00153150607366, 0.00371227157302, -0.00332259386778, 0.00167548446916, -0.0018855741946, 0.00526276556775], [-0.00099916709587, 0.00378046371043, -0.00101343914866, 0.00444840127602, -0.0023008286953, 0.00486859353259, -0.00153150607366, 0.0147652560845, -0.00511942338198, 0.0051279803738, -0.0040553570725, 0.00484110368416, -0.00531683117151], [0.000867033901159, -0.00382399722002, 0.00127361959312, -0.00352058280259, 0.00141873338725, -0.00174683716614, 0.00371227157302, -0.00511942338198, 0.0168573483825, -0.002945109969, 0.00682566640899, -0.00425117556006, 0.00602503027767], [-0.00109252752736, 0.00585635285825, -0.00277242972516, 0.00386979850009, -0.00241019017994, 0.00385193666443, -0.00332259386778, 0.0051279803738, -0.002945109969, 0.022021651268, -0.00716374954209, 0.00743162445724, -0.005819728598], [0.00114144233521, -0.00479575339705, 0.0027379069943, -0.00349892023951, 0.00206447415985, -0.00252780714072, 0.00167548446916, -0.0040553570725, 0.00682566640899, -0.00716374954209, 0.0186210386455, -0.00660254433751, 0.00253777042963], [-0.000726809492335, 0.00497322389856, -0.0030209061224, 0.00268207048066, -0.00222193798982, 0.00438443338498, -0.0018855741946, 0.00484110368416, -0.00425117556006, 0.00743162445724, -0.00660254433751, 0.0155040789396, -0.00303168362007], [0.000872359087225, -0.00359859620221, 0.00284426030703, -0.0021199141629, 0.0014145008754, -0.00434586917982, 0.00526276556775, -0.00531683117151, 0.00602503027767, -0.005819728598, 0.00253777042963, -0.00303168362007, 0.0159446075559]]
    },
    "melbands": {
        "dmean": [0.00223766290583, 0.00139778514858, 0.000542145455256, 0.000342997547705, 0.000469947786769, 0.000320093793562, 0.000202470517252, 0.000194558859221, 0.000317505182466, 0.000152291395352, 0.000130953994812, 0.000137067487231, 4.92056860821e-05, 7.1604445111e-05, 3.81133904739e-05, 2.71912085736e-05, 2.54723672697e-05, 3.2970780012e-05, 2.42051683017e-05, 1.4289590581e-05, 1.14767972264e-05, 6.8739859671e-06, 5.56394388695e-06, 6.7848341132e-06, 5.48536763745e-06, 2.75706020147e-06, 2.6007978704e-06, 2.49489266935e-06, 2.63546667156e-06, 1.68473638951e-06, 1.59907472153e-06, 1.4286026726e-06, 1.42348199006e-06, 1.27879673073e-06, 1.1120345107e-06, 9.83665358945e-07, 1.08941651433e-06, 9.1343645181e-07, 8.97529048416e-07, 8.83195752976e-07],
        "dmean2": [0.00375467631966, 0.00239352555946, 0.000948182190768, 0.000589168048464, 0.0007389120874, 0.000488906225655, 0.000300642917864, 0.000257248379057, 0.0004282942391, 0.000212470098631, 0.00017594936071, 0.000183379292139, 6.96933857398e-05, 0.000104415368696, 5.14824278071e-05, 4.03491758334e-05, 3.83116894227e-05, 5.2434807003e-05, 3.71849419025e-05, 2.15675790969e-05, 1.77281890501e-05, 1.04549471871e-05, 8.9404411483e-06, 1.02844815046e-05, 8.47448791319e-06, 4.4316570893e-06, 4.27823670179e-06, 3.98664815293e-06, 4.18835725213e-06, 2.51041615229e-06, 2.37966401073e-06, 2.09957011066e-06, 2.10954681279e-06, 1.96212340597e-06, 1.61941159149e-06, 1.41476130011e-06, 1.6251674424e-06, 1.40014253702e-06, 1.36952814955e-06, 1.28768658669e-06],
        "dvar": [4.21547338192e-05, 1.45592694025e-05, 1.14524777928e-06, 2.34949553146e-07, 4.01437915798e-07, 2.79080381915e-07, 1.26297180714e-07, 1.78270767037e-07, 5.30894055828e-07, 1.57519565391e-07, 9.04605030883e-08, 8.20112973088e-08, 2.10382271604e-08, 5.5911478114e-08, 1.40129987614e-08, 3.8403307201e-09, 3.64742436254e-09, 5.96975624489e-09, 4.55405047006e-09, 1.58401070038e-09, 8.69651628488e-10, 2.27001459296e-10, 1.7368223526e-10, 3.41394107428e-10, 1.42863013086e-10, 3.19763555912e-11, 4.84927480116e-11, 3.36785113686e-11, 4.24050274062e-11, 1.6609290332e-11, 1.43168350439e-11, 1.30125207484e-11, 1.29180919434e-11, 1.61216092559e-11, 9.02365768912e-12, 1.03936147883e-11, 2.07980594552e-11, 7.81364209446e-12, 4.50933908269e-12, 3.47901481929e-12],
        "dvar2": [0.000108530606667, 4.05853679695e-05, 3.15624356517e-06, 6.60434238853e-07, 1.00594877495e-06, 6.49917240025e-07, 2.59317260998e-07, 2.69461509106e-07, 9.00018505945e-07, 2.60514298134e-07, 1.40025903761e-07, 1.42559045457e-07, 4.50046719891e-08, 1.0002080586e-07, 2.53124419203e-08, 7.4212449519e-09, 6.18737994174e-09, 1.33576589789e-08, 1.00936849989e-08, 3.23068927166e-09, 1.94723859259e-09, 4.67000715876e-10, 3.84875770143e-10, 5.96772131711e-10, 3.07342151729e-10, 7.54104487188e-11, 1.11086966015e-10, 8.59222970551e-11, 1.08959126444e-10, 3.87493613585e-11, 2.85724343491e-11, 2.5109386792e-11, 2.64400567412e-11, 3.35502771398e-11, 1.85377789508e-11, 2.08455648576e-11, 4.35566617496e-11, 1.79576735426e-11, 1.09812801213e-11, 7.3963387498e-12],
        "max": [0.0502516366541, 0.0314228273928, 0.010758603923, 0.00766172306612, 0.0079112155363, 0.00661860499531, 0.00853594765067, 0.0105985160917, 0.0127057041973, 0.00755031127483, 0.00589846400544, 0.00682729762048, 0.00269938982092, 0.00447476003319, 0.00353862741031, 0.00131322641391, 0.00128451641649, 0.00159131747205, 0.00121112086345, 0.000828681455459, 0.000653595547192, 0.00044782232726, 0.000427168095484, 0.000458251684904, 0.000244350347202, 6.49906578474e-05, 0.000108487802208, 8.02677386673e-05, 0.00010038176697, 5.89141527598e-05, 5.77810169489e-05, 4.62547541247e-05, 5.19158202223e-05, 6.96635106578e-05, 5.15641295351e-05, 7.47975354898e-05, 0.000119363096019, 4.88174991915e-05, 3.71658861695e-05, 2.37570729951e-05],
        "mean": [0.00409116083756, 0.00272051338106, 0.000934016192332, 0.000800258480012, 0.00110325356945, 0.000695167225786, 0.000638985133264, 0.000596609839704, 0.000716261158232, 0.000380488723749, 0.000336946133757, 0.00039154451224, 0.000102305748442, 0.000135710724862, 8.703275671e-05, 6.07906877121e-05, 4.82440300402e-05, 5.98932238063e-05, 4.61801464553e-05, 2.67508003162e-05, 2.39361816057e-05, 1.72960517375e-05, 1.13187825264e-05, 1.2356966181e-05, 1.03088323158e-05, 5.63764115213e-06, 4.41755128122e-06, 4.02281420975e-06, 3.96606401409e-06, 2.6940697353e-06, 2.63701599579e-06, 2.40289273279e-06, 2.31139324569e-06, 1.99299620363e-06, 1.69997247212e-06, 1.45612864344e-06, 1.46330023654e-06, 1.38866539601e-06, 1.51192716658e-06, 1.68645306076e-06],
        "median": [0.00312034203671, 0.0018837886164, 0.000663406855892, 0.000542981200852, 0.00071738747647, 0.000366861728253, 0.000192480423721, 0.000132319692057, 0.00013615746866, 7.22633631085e-05, 9.63159400271e-05, 0.000121441917145, 3.79259618057e-05, 4.57497153548e-05, 2.0230669179e-05, 2.43348531512e-05, 2.465898433e-05, 2.17505730689e-05, 1.47051259773e-05, 1.07981531983e-05, 1.2038695786e-05, 5.6706135183e-06, 4.67968447992e-06, 5.20331968801e-06, 4.32937531514e-06, 2.2636409085e-06, 1.30131991227e-06, 1.45394528772e-06, 1.27706459807e-06, 6.47164199563e-07, 5.45182217593e-07, 4.81838640098e-07, 3.44409812669e-07, 2.64646814685e-07, 2.95862747635e-07, 3.27840297132e-07, 3.66688880149e-07, 4.75654388765e-07, 6.07824233612e-07, 6.76907063735e-07],
        "min": [2.34479516632e-23, 1.1946218459e-23, 1.59618367998e-23, 9.57531120785e-24, 4.72295836007e-24, 6.96881143622e-24, 1.30924254657e-23, 1.54506770213e-23, 6.27035951276e-24, 4.6315688242e-24, 8.68813693459e-24, 1.27731040376e-23, 1.26014897142e-23, 9.89753406636e-24, 1.34549141514e-23, 1.91117189513e-23, 6.27699067753e-24, 6.1562440775e-24, 8.61359746766e-24, 1.03365951135e-23, 1.07282298431e-23, 1.11827509863e-23, 1.20033564432e-23, 1.01915038716e-23, 8.65352092921e-24, 8.37016209205e-24, 7.65766371132e-24, 8.77964243301e-24, 9.95673649957e-24, 1.09905087392e-23, 1.23359780662e-23, 1.43348742916e-23, 9.95819589225e-24, 1.01086569104e-23, 1.21043976923e-23, 9.76391207307e-24, 1.18997758509e-23, 1.26588998555e-23, 9.60161104157e-24, 1.02880446691e-23],
        "stdev": [0.00576068367809, 0.00335041526705, 0.00103360565845, 0.000793025887106, 0.00117682979908, 0.000880468520336, 0.00110539095476, 0.00129288982134, 0.00132685923018, 0.000802489579655, 0.000679646851495, 0.00074090185808, 0.00021852554346, 0.000335979391821, 0.000252362253377, 0.000130312575493, 9.14308766369e-05, 0.000131527820486, 0.000102138095826, 5.70854062971e-05, 4.66112614959e-05, 3.81830286642e-05, 2.12025679502e-05, 2.81444681605e-05, 1.70987477759e-05, 8.41252222017e-06, 8.80859806784e-06, 6.84174256094e-06, 7.42876864024e-06, 5.21617403137e-06, 5.40334394827e-06, 5.31518162461e-06, 5.22128766534e-06, 5.36665174877e-06, 4.27104305345e-06, 4.10336861023e-06, 4.9723257689e-06, 3.05776552523e-06, 2.52886911767e-06, 2.84180782728e-06],
        "var": [3.31854789692e-05, 1.12252819235e-05, 1.06834056623e-06, 6.28890063581e-07, 1.38492839596e-06, 7.75224862082e-07, 1.22188907881e-06, 1.67156395037e-06, 1.76055527845e-06, 6.4398949462e-07, 4.619198819e-07, 5.48935531697e-07, 4.77534136678e-08, 1.12882155179e-07, 6.36867127923e-08, 1.6981365647e-08, 8.35960456413e-09, 1.7299566224e-08, 1.04321902228e-08, 3.25874371931e-09, 2.17260964774e-09, 1.45794376571e-09, 4.49548870352e-10, 7.92111043424e-10, 2.92367158261e-10, 7.07705352654e-11, 7.7591398584e-11, 4.680943827e-11, 5.51866018161e-11, 2.72084698522e-11, 2.9196128154e-11, 2.82511566224e-11, 2.72618438241e-11, 2.88009512073e-11, 1.82418091049e-11, 1.68376337178e-11, 2.47240249107e-11, 9.34993055202e-12, 6.39517865747e-12, 8.0758715687e-12]
    },
    "melbands128": {
