{
"lowlevel": {
    "average_loudness": 0.913400650024,
    "barkbands_crest": {
        "dmean": 1.95116603374,
        "dmean2": 2.97080612183,
        "dvar": 3.58618354797,
        "dvar2": 8.39795589447,
        "max": 25.2992553711,
        "mean": 12.9490070343,
        "median": 12.2832698822,
        "min": 2.93572115898,
        "stdev": 4.30477809906,
        "var": 18.5311145782
    },
    "barkbands_flatness_db": {
        "dmean": 0.0210396219045,
        "dmean2": 0.0305641461164,
        "dvar": 0.000537265848834,
        "dvar2": 0.00101479084697,
        "max": 0.364479839802,
        "mean": 0.227043151855,
        "median": 0.229129821062,
        "min": 0.0578228570521,
        "stdev": 0.0595581568778,
        "var": 0.00354717392474
    },
    "barkbands_kurtosis": {
        "dmean": 5.82427453995,
        "dmean2": 9.01580047607,
        "dvar": 73.3030166626,
        "dvar2": 171.696594238,
        "max": 126.562454224,
        "mean": 15.8451910019,
        "median": 12.315114975,
        "min": -1.92243790627,
        "stdev": 15.3788776398,
        "var": 236.509887695
    },
    "barkbands_skewness": {
        "dmean": 0.600684404373,
        "dmean2": 0.903109371662,
        "dvar": 0.468289881945,
        "dvar2": 0.953204631805,
        "max": 9.6173915863,
        "mean": 2.85748434067,
        "median": 2.85868644714,
        "min": -1.73858296871,
        "stdev": 1.57584476471,
        "var": 2.48328661919
    },
    "barkbands_spread": {
        "dmean": 3.35876321793,
        "dmean2": 5.02710008621,
        "dvar": 65.8320922852,
        "dvar2": 119.520622253,
        "max": 96.8787307739,
        "mean": 10.9520635605,
        "median": 6.09791564941,
        "min": 0.903590917587,
        "stdev": 15.846449852,
        "var": 251.109985352
    },
    "dissonance": {
        "dmean": 0.0253483187407,
        "dmean2": 0.0405555069447,
        "dvar": 0.00067862943979,
        "dvar2": 0.00163683609571,
        "max": 0.498913139105,
        "mean": 0.414328604937,
        "median": 0.426900565624,
        "min": 0.0977488458157,
        "stdev": 0.0559342652559,
        "var": 0.00312864221632
    },
    "dynamic_complexity": 2.57299804688,
    "erbbands_crest": {
        "dmean": 2.33505225182,
        "dmean2": 3.65091586113,
        "dvar": 5.78708553314,
        "dvar2": 14.9434709549,
        "max": 27.3984642029,
        "mean": 12.2873125076,
        "median": 11.2594795227,
        "min": 3.51978182793,
        "stdev": 4.7845659256,
        "var": 22.8920688629
    },
    "erbbands_flatness_db": {
        "dmean": 0.0159624293447,
        "dmean2": 0.0226490236819,
        "dvar": 0.000362620514352,
        "dvar2": 0.000669322791509,
        "max": 0.363449126482,
        "mean": 0.212308436632,
        "median": 0.208893358707,
        "min": 0.0744969397783,
        "stdev": 0.0507523752749,
        "var": 0.0025758035481
    },
    "erbbands_kurtosis": {
        "dmean": 1.70367562771,
        "dmean2": 2.63827562332,
        "dvar": 4.83778572083,
        "dvar2": 10.9089441299,
        "max": 32.1039505005,
        "mean": 3.09342193604,
        "median": 2.15793323517,
        "min": -1.85957849026,
        "stdev": 3.9257235527,
        "var": 15.4113054276
    },
    "erbbands_skewness": {
        "dmean": 0.408367186785,
        "dmean2": 0.605222761631,
        "dvar": 0.235220894217,
        "dvar2": 0.440030038357,
        "max": 4.1908864975,
        "mean": 1.21081399918,
        "median": 1.29118692875,
        "min": -3.15557026863,
        "stdev": 1.04059970379,
        "var": 1.08284771442
    },
    "erbbands_spread": {
        "dmean": 7.03258323669,
        "dmean2": 10.5047512054,
        "dvar": 130.194732666,
        "dvar2": 283.403137207,
        "max": 161.54927063,
        "mean": 29.9865856171,
        "median": 24.6031932831,
        "min": 3.330265522,
        "stdev": 21.8603591919,
        "var": 477.875305176
    },
    "hfc": {
        "dmean": 3.41243100166,
        "dmean2": 4.75691270828,
        "dvar": 40.3484916687,
        "dvar2": 73.7239990234,
        "max": 109.236129761,
        "mean": 13.5819091797,
        "median": 9.42095661163,
        "min": 0.000447768659797,
        "stdev": 12.9463424683,
        "var": 167.607788086
    },
    "loudness_ebu128": {
        "integrated": -12.3596076965,
        "loudness_range": 2.59248161316,
        "momentary": {
            "dmean": 0.489600211382,
            "dmean2": 0.440729945898,
            "dvar": 0.167093649507,
            "dvar2": 0.164015009999,
            "max": -8.35015869141,
            "mean": -12.6703071594,
            "median": -12.5591659546,
            "min": -18.2552509308,
            "stdev": 1.66203713417,
            "var": 2.76236724854
        },
        "short_term": {
            "dmean": 0.0811900645494,
            "dmean2": 0.0648121833801,
            "dvar": 0.00412319181487,
            "dvar2": 0.0029418321792,
            "max": -10.7515869141,
            "mean": -12.4701366425,
            "median": -12.830124855,
            "min": -13.6582345963,
            "stdev": 0.851647853851,
            "var": 0.725304067135
        }
    },
    "melbands_crest": {
        "dmean": 2.10503792763,
        "dmean2": 3.23477101326,
        "dvar": 4.84348297119,
        "dvar2": 11.3215637207,
        "max": 29.5769748688,
        "mean": 15.5414276123,
        "median": 14.9871063232,
        "min": 4.88340854645,
        "stdev": 4.607421875,
        "var": 21.2283344269
    },
    "melbands_flatness_db": {
        "dmean": 0.0244785770774,
        "dmean2": 0.0343946367502,
        "dvar": 0.00085425155703,
        "dvar2": 0.0015235095052,
        "max": 0.478698343039,
        "mean": 0.296514898539,
        "median": 0.302244693041,
        "min": 0.0459290519357,
        "stdev": 0.0786566659808,
        "var": 0.00618687085807
    },
    "melbands_kurtosis": {
        "dmean": 8.17155075073,
        "dmean2": 13.0483922958,
        "dvar": 129.551895142,
        "dvar2": 318.148529053,
        "max": 126.033630371,
        "mean": 23.137254715,
        "median": 18.6020812988,
        "min": -1.70850753784,
        "stdev": 20.4935665131,
        "var": 419.98626709
    },
    "melbands_skewness": {
        "dmean": 0.642517089844,
        "dmean2": 0.982145369053,
        "dvar": 0.525873124599,
        "dvar2": 1.19262564182,
        "max": 9.25089454651,
        "mean": 3.26043868065,
        "median": 3.23116159439,
        "min": -0.309283673763,
        "stdev": 1.62987339497,
        "var": 2.65648722649
    },
    "melbands_spread": {
        "dmean": 4.46401023865,
        "dmean2": 6.64007425308,
        "dvar": 189.425216675,
        "dvar2": 325.754577637,
        "max": 201.004776001,
        "mean": 12.5750265121,
        "median": 6.11211156845,
        "min": 1.06915616989,
        "stdev": 23.6161975861,
        "var": 557.72479248
    },
    "pitch_salience": {
        "dmean": 0.0541877523065,
        "dmean2": 0.0874394252896,
        "dvar": 0.0034366461914,
        "dvar2": 0.00802983436733,
        "max": 0.91046833992,
        "mean": 0.528823196888,
        "median": 0.532275676727,
        "min": 0.188918530941,
        "stdev": 0.109506964684,
        "var": 0.0119917755947
    },
    "silence_rate_20dB": {
        "dmean": 0,
        "dmean2": 0,
        "dvar": 0,
        "dvar2": 0,
        "max": 1,
        "mean": 1,
        "median": 1,
        "min": 1,
        "stdev": 0,
        "var": 0
    },
    "silence_rate_30dB": {
        "dmean": 0,
        "dmean2": 0,
        "dvar": 0,
        "dvar2": 0,
        "max": 1,
        "mean": 1,
        "median": 1,
        "min": 1,
        "stdev": 0,
        "var": 0
    },
    "silence_rate_60dB": {
        "dmean": 0.011609907262,
        "dmean2": 0.0232378002256,
        "dvar": 0.0114748803899,
        "dvar2": 0.0257962830365,
        "max": 1,
        "mean": 0.0278422273695,
        "median": 0,
        "min": 0,
        "stdev": 0.164518803358,
        "var": 0.0270664356649
    },
    "spectral_centroid": {
        "dmean": 142.068618774,
        "dmean2": 209.711029053,
        "dvar": 119464.226562,
        "dvar2": 205250.96875,
        "max": 4490.19287109,
        "mean": 655.261474609,
        "median": 454.304931641,
        "min": 206.975738525,
        "stdev": 641.118347168,
        "var": 411032.71875
    },
    "spectral_complexity": {
        "dmean": 1.82043337822,
        "dmean2": 2.84120845795,
        "dvar": 4.99563407898,
        "dvar2": 10.5642280579,
        "max": 31,
        "mean": 9.82057189941,
        "median": 9,
        "min": 0,
        "stdev": 4.2872800827,
        "var": 18.380771637
    },
    "spectral_decrease": {
        "dmean": 1.46990275507e-09,
        "dmean2": 2.23815743716e-09,
        "dvar": 3.12126698659e-18,
        "dvar2": 7.26120979267e-18,
        "max": -1.13347060619e-14,
        "mean": -6.45487308049e-09,
        "median": -5.81020831447e-09,
        "min": -2.42713795728e-08,
        "stdev": 4.11695211255e-09,
        "var": 1.6949296365e-17
    },
    "spectral_energy": {
        "dmean": 0.00577275734395,
        "dmean2": 0.00877062510699,
        "dvar": 4.66307319584e-05,
        "dvar2": 0.000108534630272,
        "max": 0.0953108072281,
        "mean": 0.0255941282958,
        "median": 0.0230907779187,
        "min": 8.3394070316e-08,
        "stdev": 0.0160156264901,
        "var": 0.000256500294199
    },
    "spectral_energyband_high": {
        "dmean": 0.000253616890404,
        "dmean2": 0.000361042475561,
        "dvar": 8.84956307345e-07,
        "dvar2": 1.82811209015e-06,
        "max": 0.0216282960027,
        "mean": 0.000535240396857,
        "median": 6.73202375765e-05,
        "min": 5.61951871703e-08,
        "stdev": 0.001637186273,
        "var": 2.68037888418e-06
    },
    "spectral_energyband_low": {
        "dmean": 0.00132269551978,
        "dmean2": 0.00222247256897,
        "dvar": 8.20482182462e-06,
        "dvar2": 2.46105464612e-05,
        "max": 0.0320912897587,
        "mean": 0.00328337075189,
        "median": 0.00103351799771,
        "min": 2.15887618893e-09,
        "stdev": 0.00497480668128,
        "var": 2.47487023444e-05
    },
    "spectral_energyband_middle_high": {
        "dmean": 0.00061829778133,
        "dmean2": 0.000827913114335,
        "dvar": 1.73732075837e-06,
        "dvar2": 2.97086762657e-06,
        "max": 0.0304008461535,
        "mean": 0.00200114701875,
        "median": 0.000923215411603,
        "min": 5.46137624013e-09,
        "stdev": 0.00326463300735,
        "var": 1.06578281702e-05
    },
    "spectral_energyband_middle_low": {
        "dmean": 0.00516343582422,
        "dmean2": 0.00779821863398,
        "dvar": 4.10360917158e-05,
        "dvar2": 9.31358517846e-05,
        "max": 0.0846772491932,
        "mean": 0.0215422678739,
        "median": 0.0179833751172,
        "min": 2.04914361035e-08,
        "stdev": 0.0152028277516,
        "var": 0.000231125959544
    },
    "spectral_entropy": {
        "dmean": 0.208064243197,
        "dmean2": 0.298282384872,
        "dvar": 0.0659113004804,
        "dvar2": 0.108539015055,
        "max": 8.94068717957,
        "mean": 6.69469165802,
        "median": 6.62942838669,
        "min": 5.30675792694,
        "stdev": 0.699861347675,
        "var": 0.489805907011
    },
    "spectral_flux": {
        "dmean": 0.0187262091786,
        "dmean2": 0.029740260914,
        "dvar": 0.000439866416855,
        "dvar2": 0.00103052565828,
        "max": 0.203193992376,
        "mean": 0.0521622635424,
        "median": 0.0449311137199,
        "min": 0.000288780312985,
        "stdev": 0.0310525838286,
        "var": 0.000964262930211
    },
    "spectral_kurtosis": {
        "dmean": 3.63568139076,
        "dmean2": 5.7902340889,
        "dvar": 20.6685848236,
        "dvar2": 55.0678901672,
        "max": 54.0753326416,
        "mean": 10.6626520157,
        "median": 7.56693267822,
        "min": -1.21322953701,
        "stdev": 9.03530406952,
        "var": 81.6367111206
    },
    "spectral_rms": {
        "dmean": 0.000576698395889,
        "dmean2": 0.000863354187459,
        "dvar": 4.09330965567e-07,
        "dvar2": 8.53400081269e-07,
        "max": 0.00964293256402,
        "mean": 0.00473095383495,
        "median": 0.00474632391706,
        "min": 9.01998191694e-06,
        "stdev": 0.00160870701075,
        "var": 2.58793807006e-06
    },
    "spectral_rolloff": {
        "dmean": 306.214050293,
        "dmean2": 519.532531738,
        "dvar": 1203779.75,
        "dvar2": 2305064.75,
        "max": 13199.8535156,
        "mean": 1018.65478516,
        "median": 430.6640625,
        "min": 172.265625,
        "stdev": 1904.39880371,
        "var": 3626734.75
    },
    "spectral_skewness": {
        "dmean": 0.364352464676,
        "dmean2": 0.549931406975,
        "dvar": 0.156149744987,
        "dvar2": 0.339370191097,
        "max": 5.64882278442,
        "mean": 2.45439243317,
        "median": 2.35648488998,
        "min": -0.00171331118327,
        "stdev": 1.01496231556,
        "var": 1.03014838696
    },
    "spectral_spread": {
        "dmean": 565472.5625,
        "dmean2": 779280.0625,
        "dvar": 749544669184,
        "dvar2": 1.19493610701e+12,
        "max": 16624800,
        "mean": 4240668.5,
        "median": 3991523.25,
        "min": 1060074.75,
        "stdev": 2184108,
        "var": 4.77032821555e+12
    },
    "spectral_strongpeak": {
        "dmean": 0.346547752619,
        "dmean2": 0.557995855808,
        "dvar": 0.439212471247,
        "dvar2": 1.0821429491,
        "max": 13.8588991165,
        "mean": 1.16739153862,
        "median": 0.866936206818,
        "min": 7.31857362553e-05,
        "stdev": 0.998751342297,
        "var": 0.997504234314
    },
    "zerocrossingrate": {
        "dmean": 0.00917190220207,
        "dmean2": 0.0094592673704,
        "dvar": 0.000363377737813,
        "dvar2": 0.000285015499685,
        "max": 0.43603515625,
        "mean": 0.0417437031865,
        "median": 0.02685546875,
        "min": 0.005859375,
        "stdev": 0.0503245890141,
        "var": 0.0025325641036
    },
    "barkbands": {
        "dmean": [1.10976282031e-06, 4.57600872323e-05, 0.000660777033772, 0.0015164304059, 0.00233492231928, 0.00182058417704, 0.00078132917406, 0.000487950746901, 0.000287900940748, 0.000279766274616, 0.000187707031728, 7.89351324784e-05, 8.26022951514e-05, 4.75649940199e-05, 6.51520313113e-05, 5.40395049029e-05, 6.06382564001e-05, 3.62547943951e-05, 4.2506668251e-05, 9.47876105784e-05, 3.18142738251e-05, 6.49529320071e-05, 6.58514036331e-05, 3.61970814993e-05, 3.15451579809e-05, 1.64366792887e-05, 6.62809213736e-07],
        "dmean2": [1.89736329048e-06, 7.4027775554e-05, 0.00110022956505, 0.00245682615787, 0.00355968135409, 0.00271363067441, 0.00110115495045, 0.000642307801172, 0.000379899720429, 0.000367052183719, 0.000264433416305, 0.000124805650557, 0.000124035563204, 7.16046997695e-05, 9.79411634034e-05, 8.60001819092e-05, 9.50765097514e-05, 5.56060840609e-05, 5.88608490943e-05, 0.000153838889673, 4.81768438476e-05, 9.48726228671e-05, 9.33471892495e-05, 5.15895408171e-05, 4.66169149149e-05, 2.51520377788e-05, 1.01692239696e-06],
        "dvar": [6.78708955357e-12, 1.17542091616e-08, 3.36709513249e-06, 8.36856088426e-06, 1.28619276438e-05, 8.46066996019e-06, 5.68210225538e-06, 1.73448256646e-06, 9.53731500886e-07, 1.06613390471e-06, 3.3155444612e-07, 4.25475690236e-08, 5.58671580109e-08, 1.64225841814e-08, 3.07102681063e-08, 1.44175942296e-08, 2.9569889648e-08, 1.00494075284e-08, 4.61664235729e-08, 4.30251390071e-07, 1.55695136783e-08, 5.42695985928e-08, 4.383622354e-08, 1.40754670142e-08, 1.99462668604e-08, 8.14634582014e-09, 1.3596315046e-11],
        "dvar2": [1.66117380268e-11, 2.53801726302e-08, 1.10373885036e-05, 2.23221049964e-05, 3.02981843561e-05, 1.89364000107e-05, 1.29033642224e-05, 2.62274056695e-06, 1.20027743833e-06, 1.6673556047e-06, 5.3365141639e-07, 1.09648432556e-07, 1.05672533834e-07, 3.23041149386e-08, 5.93316649145e-08, 3.19853796782e-08, 6.31042027521e-08, 2.40805118068e-08, 8.63543476726e-08, 1.13355724807e-06, 3.63898244871e-08, 1.047753031e-07, 7.31962757072e-08, 2.68552327043e-08, 3.70611630274e-08, 1.60536135496e-08, 2.91957603926e-11],
        "max": [4.18926028942e-05, 0.00187358842231, 0.0266386605799, 0.0326153859496, 0.0531632266939, 0.034136235714, 0.0442526750267, 0.0276750829071, 0.0215008538216, 0.0259153749794, 0.0234667621553, 0.00327192316763, 0.00651641609147, 0.0030171116814, 0.00358119234443, 0.00169318623375, 0.00434195948765, 0.0015176080633, 0.00652944529429, 0.0194404534996, 0.00252658547834, 0.00406767474487, 0.00271454872563, 0.00197238195688, 0.00255207903683, 0.0019784483593, 0.00011744062067],
        "mean": [1.18998400467e-06, 0.000119932949019, 0.00169808592182, 0.00333773554303, 0.00774613162503, 0.00541334040463, 0.00219639856368, 0.00146827066783, 0.000701428798493, 0.00103137793485, 0.00045489295735, 0.000153694156324, 0.000138783929287, 9.57858137554e-05, 0.000111923938675, 9.81180855888e-05, 0.000114655420475, 6.12522926531e-05, 6.23247833573e-05, 0.000143699260661, 4.69436163257e-05, 0.00010972180462, 0.000121577329992, 7.34616987756e-05, 6.17221521679e-05, 3.07373702526e-05, 9.41243172292e-07],
        "median": [5.33666366209e-07, 3.92271540477e-05, 0.000496808439493, 0.00115190364886, 0.00498970923945, 0.00303696095943, 0.000617563084234, 0.000151179861859, 0.000133654641104, 7.86701639299e-05, 8.02194190328e-05, 4.31143744208e-05, 4.80435082864e-05, 2.30856530834e-05, 2.95376776194e-05, 3.27823654516e-05, 2.58819636656e-05, 1.83627726074e-05, 9.36021751841e-06, 8.20385412226e-06, 5.18329716215e-06, 6.75635783409e-06, 1.37830920721e-05, 1.00799998108e-05, 5.1395754781e-06, 2.97656106341e-06, 2.1851610299e-08],
        "min": [1.32808200201e-11, 4.27756219334e-10, 9.59465285e-10, 1.71090830392e-09, 7.18860349025e-09, 7.65802532499e-09, 3.01344393883e-09, 1.87729026768e-10, 4.37042541046e-10, 1.0414797913e-09, 5.37312860871e-10, 2.90439367001e-10, 1.87323712098e-09, 3.50141166061e-10, 9.17948356216e-11, 2.65421129519e-10, 4.84822182401e-10, 2.60237664751e-10, 3.75386277618e-10, 1.11195858077e-10, 1.10883990878e-09, 3.15490056302e-09, 4.39034897326e-09, 4.51876891461e-09, 2.70897060339e-09, 3.36238564769e-10, 6.31105627827e-13],
        "stdev": [2.63113588517e-06, 0.000204851065064, 0.00327034317888, 0.0050584715791, 0.00839438848197, 0.00629711570218, 0.00408439291641, 0.00318158348091, 0.00232900935225, 0.00321809342131, 0.00171454588417, 0.00030011072522, 0.000367269909475, 0.000261455134023, 0.00028329869383, 0.00018672925944, 0.000323347572703, 0.00012190661073, 0.000268031959422, 0.000958249263931, 0.000153758956003, 0.000379283301299, 0.000351891561877, 0.000190705308341, 0.000242201829678, 0.000154547116836, 6.38953497401e-06],
        "var": [6.92287546733e-12, 4.19639576421e-08, 1.06951438283e-05, 2.55881368503e-05, 7.04657504684e-05, 3.96536634071e-05, 1.66822646861e-05, 1.01224741229e-05, 5.42428460903e-06, 1.03561251308e-05, 2.93966741083e-06, 9.00664502979e-08, 1.34887187642e-07, 6.83587941808e-08, 8.02581467951e-08, 3.48678170781e-08, 1.04553656399e-07, 1.48612224748e-08, 7.18411286016e-08, 9.1824165338e-07, 2.36418173927e-08, 1.43855814372e-07, 1.23827675225e-07, 3.63685153104e-08, 5.8661729696e-08, 2.38848105738e-08, 4.08261584262e-11]
    },
    "erbbands": {
        "dmean": [0.000503049406689, 0.0218353215605, 0.507553219795, 3.05877304077, 7.16369152069, 8.04475975037, 8.96529197693, 16.494260788, 13.6413412094, 10.0491571426, 9.75328159332, 7.41917419434, 7.12431430817, 8.04371166229, 6.69113397598, 3.27291870117, 3.8080163002, 2.28716254234, 2.7408452034, 3.3521604538, 2.76981806755, 2.88533902168, 1.96432971954, 1.498873353, 2.73362207413, 4.52539396286, 1.9743680954, 1.45398783684, 2.29146075249, 2.39209127426, 1.78160905838, 0.968330979347, 0.574046730995, 0.329105198383, 0.272152036428, 0.103402934968, 0.0274945069104, 0.00280620763078, 7.48818129068e-05, 8.54757490742e-06],
        "dmean2": [0.000846975424793, 0.0361654423177, 0.855334579945, 5.05478715897, 11.2891550064, 12.4374656677, 13.0783128738, 24.9653644562, 18.9802684784, 12.9978590012, 12.9681816101, 9.31256866455, 8.58431625366, 11.8162660599, 9.45525932312, 4.97585630417, 5.66926240921, 3.4533829689, 4.09205341339, 5.10537433624, 4.26177501678, 4.45480155945, 2.95592427254, 2.21083974838, 3.68450069427, 7.15739202499, 3.03177714348, 2.11933946609, 3.48340749741, 3.48801994324, 2.50960969925, 1.37969875336, 0.828300595284, 0.502487897873, 0.396117210388, 0.158597499132, 0.0401276834309, 0.00387196685188, 0.000106287916424, 1.27440262077e-05],
        "dvar": [1.75653315182e-06, 0.00264896103181, 1.94700944424, 36.1643638611, 129.159484863, 256.851318359, 241.17616272, 872.989624023, 1460.41064453, 1035.13256836, 621.503601074, 699.858642578, 523.290527344, 1602.17834473, 314.405975342, 46.7974853516, 106.963645935, 39.4771118164, 48.7918357849, 71.12940979, 31.8775577545, 82.8599472046, 28.2897281647, 29.494430542, 225.953277588, 960.127624512, 146.550689697, 28.6758747101, 72.7723922729, 69.0303268433, 31.1651268005, 8.92143344879, 4.6496629715, 1.30858635902, 2.13895273209, 0.338035196066, 0.0201438385993, 0.000201051152544, 1.5342263282e-07, 2.16508075357e-10],
        "dvar2": [4.74462649436e-06, 0.00799333583564, 6.64730596542, 100.328971863, 326.024261475, 629.163574219, 466.419006348, 2153.52490234, 3222.9855957, 1610.31994629, 1068.96923828, 812.375183105, 522.749572754, 3356.84228516, 534.956054688, 97.6905212402, 199.464675903, 68.0719680786, 103.038513184, 138.317504883, 73.1482467651, 169.409683228, 63.8307571411, 58.6495628357, 422.638885498, 2329.09155273, 381.183502197, 63.4278106689, 149.052749634, 121.282699585, 53.0977325439, 15.6241693497, 10.622297287, 2.88666057587, 3.83630847931, 0.72046238184, 0.039970189333, 0.000337584788213, 2.61586990291e-07, 4.14217243838e-10],
        "max": [0.0204876586795, 0.722825109959, 20.0355930328, 63.7991905212, 149.518310547, 286.857818604, 256.395629883, 435.29574585, 790.059082031, 950.055297852, 450.093994141, 672.808349609, 761.769775391, 1131.86218262, 604.709655762, 120.741348267, 280.506256104, 176.487060547, 128.633666992, 182.464553833, 82.0822753906, 259.97088623, 82.4192504883, 125.606689453, 487.878326416, 882.66796875, 374.640136719, 92.6504974365, 148.025222778, 139.452423096, 74.4485473633, 59.9687385559, 48.3239631653, 19.1693458557, 28.8589344025, 13.0610752106, 3.55475378036, 0.451584994793, 0.0131822666153, 0.000353580282535],
        "mean": [0.00117983855307, 0.0601988509297, 1.33518218994, 7.44351816177, 22.4228019714, 23.4597015381, 25.7550926208, 46.2194099426, 43.5030479431, 28.883682251, 31.0083751678, 20.9321098328, 32.5787086487, 19.7306308746, 15.7601537704, 7.78390312195, 6.88430166245, 5.25239706039, 5.14511346817, 6.15368556976, 5.71510124207, 5.54860019684, 3.561658144, 2.58326339722, 4.21678209305, 7.14343976974, 2.96281027794, 2.11863017082, 3.74359750748, 4.26684713364, 3.23143959045, 1.88660359383, 1.0478682518, 0.575194299221, 0.534066140652, 0.179431468248, 0.0486190952361, 0.00535064004362, 0.00015260942746, 3.49707552232e-05],
        "median": [0.000658961769659, 0.0241458769888, 0.54207354784, 2.6234152317, 15.1932477951, 11.2332801819, 11.7983427048, 21.5192241669, 12.5020561218, 5.41405105591, 4.51960325241, 5.02059841156, 2.74722123146, 3.21677732468, 4.17403841019, 2.68543767929, 2.78509116173, 1.54579401016, 1.59518706799, 1.77600431442, 1.83693468571, 1.30957937241, 0.983985066414, 0.732517898083, 0.471818238497, 0.411484777927, 0.272601187229, 0.211254552007, 0.230880320072, 0.389076977968, 0.348270356655, 0.222914323211, 0.142987117171, 0.0570196732879, 0.0378437004983, 0.0152040850371, 0.00530230393633, 0.000457410380477, 2.65598973783e-05, 2.94576930173e-05],
        "min": [8.07473110598e-09, 1.22043857687e-07, 8.79033564161e-07, 3.7708846321e-06, 1.14241938718e-05, 2.66348051809e-05, 4.85574964841e-05, 6.48443819955e-05, 5.4662097682e-05, 2.11215156014e-05, 3.46201886714e-06, 9.00212489796e-06, 2.69246083917e-05, 3.14137541864e-05, 1.63873246493e-05, 1.84191612789e-05, 8.41163055156e-05, 2.77451290458e-05, 1.27657103803e-05, 7.43968939787e-06, 2.22784437938e-05, 2.37574022321e-05, 1.57675494847e-05, 1.02958993011e-05, 2.04099196708e-05, 6.45101090413e-06, 1.49595925905e-05, 6.5392239776e-05, 6.100905739e-05, 0.000278782477835, 0.000145110607264, 8.56918632053e-05, 5.32838967047e-05, 3.15488832712e-05, 1.14495524031e-05, 2.37933045355e-06, 4.48201319614e-07, 7.50673478933e-08, 3.44045947287e-09, 4.85292084296e-10],
        "stdev": [0.00157204805873, 0.0871242955327, 2.31223773956, 10.3451871872, 22.8802032471, 38.0024719238, 33.9355163574, 59.9393501282, 74.8142318726, 73.2392196655, 69.8288574219, 65.5135421753, 108.724685669, 74.3505020142, 47.6547012329, 13.4649143219, 16.4455566406, 14.2052717209, 11.3467273712, 13.6088285446, 10.0214891434, 16.9601039886, 7.18344593048, 7.07191181183, 19.7323207855, 47.5596809387, 18.0540752411, 6.87922239304, 13.1823444366, 13.5508937836, 9.29576301575, 5.04336547852, 2.81122875214, 1.63811385632, 2.60060286522, 0.909892499447, 0.239590495825, 0.0293608270586, 0.000791074126028, 3.11991498165e-05],
        "var": [2.47133493758e-06, 0.00759064266458, 5.34644317627, 107.022888184, 523.503662109, 1444.18786621, 1151.6192627, 3592.72583008, 5597.16894531, 5363.98291016, 4876.06933594, 4292.02441406, 11821.0566406, 5527.99707031, 2270.97045898, 181.303909302, 270.456359863, 201.789749146, 128.748214722, 185.20022583, 100.430252075, 287.645111084, 51.6018943787, 50.0119400024, 389.364471436, 2261.9230957, 325.949645996, 47.3237037659, 173.774200439, 183.626724243, 86.4112091064, 25.4355335236, 7.90300703049, 2.68341684341, 6.7631354332, 0.827904343605, 0.0574036054313, 0.000862058135681, 6.25798293186e-07, 9.73386926617e-10]
    },
    "gfcc": {
        "mean": [-56.0649757385, 115.434562683, -97.8346176147, 9.4591588974, -73.3300704956, -3.7732052803, -61.9651374817, -9.77594566345, -33.4587898254, -13.3627204895, -21.1510906219, -3.38254928589, -14.3943710327],
        "cov": [[4102.20263672, -2083.77636719, 140.184082031, 377.139038086, -853.310180664, 353.752990723, -176.216796875, 348.139648438, -108.011680603, 276.071990967, -183.290161133, 79.7992935181, -148.258117676], [-2083.77636719, 2299.16577148, -236.21522522, -592.429931641, 691.564941406, -301.471374512, 261.895233154, -141.79006958, 93.3743438721, -257.637329102, 166.036651611, -198.173629761, 99.2856445312], [140.184082031, -236.21522522, 542.5390625, 83.8742828369, -102.073707581, 144.203598022, -62.2120513916, -38.6931114197, 42.6202392578, 32.0463523865, -75.5902099609, 115.719726562, -105.682640076], [377.139038086, -592.429931641, 83.8742828369, 532.582885742, -50.7996063232, 70.5823822021, -125.877563477, -14.1774864197, 54.6064414978, 35.1266899109, -12.6158647537, 61.3485031128, -70.8575592041], [-853.310180664, 691.564941406, -102.073707581, -50.7996063232, 492.501678467, -85.0132141113, 31.327091217, -51.5017662048, 16.5614833832, -72.9057312012, 43.92578125, -54.3625602722, 22.5621337891], [353.752990723, -301.471374512, 144.203598022, 70.5823822021, -85.0132141113, 255.823410034, 10.188876152, -2.86866092682, -13.7477111816, 47.8780479431, -4.88298130035, 31.764503479, -63.0049591064], [-176.216796875, 261.895233154, -62.2120513916, -125.877563477, 31.327091217, 10.188876152, 225.343307495, -1.44318437576, -50.3333587646, 7.69124889374, 13.5740089417, -34.3629760742, 12.2143859863], [348.139648438, -141.79006958, -38.6931114197, -14.1774864197, -51.5017662048, -2.86866092682, -1.44318437576, 179.951522827, -28.2268619537, 30.4641418457, -11.7491054535, -18.9939785004, 31.3418903351], [-108.011680603, 93.3743438721, 42.6202392578, 54.6064414978, 16.5614833832, -13.7477111816, -50.3333587646, -28.2268619537, 170.69732666, -16.245891571, -6.07850074768, 43.8411941528, -45.906162262], [276.071990967, -257.637329102, 32.0463523865, 35.1266899109, -72.9057312012, 47.8780479431, 7.69124889374, 30.4641418457, -16.245891571, 129.156402588, -14.3060007095, 4.10584020615, -0.736831068993], [-183.290161133, 166.036651611, -75.5902099609, -12.6158647537, 43.92578125, -4.88298130035, 13.5740089417, -11.7491054535, -6.07850074768, -14.3060007095, 116.095901489, -11.624756813, 11.825173378], [79.7992935181, -198.173629761, 115.719726562, 61.3485031128, -54.3625602722, 31.764503479, -34.3629760742, -18.9939785004, 43.8411941528, 4.10584020615, -11.624756813, 148.589355469, -47.8502159119], [-148.258117676, 99.2856445312, -105.682640076, -70.8575592041, 22.5621337891, -63.0049591064, 12.2143859863, 31.3418903351, -45.906162262, -0.736831068993, 11.825173378, -47.8502159119, 153.396194458]],
        "icov": [[0.000659434124827, 0.000147711572936, 0.000300310959574, -9.55165596679e-05, 0.000677047239151, -0.000446417514468, 0.000318192178383, -0.000879467639606, 0.0002672818664, -0.000335152988555, 0.000533385900781, 0.000135967129609, 0.000655606389046], [0.000147711572936, 0.00385960564017, -0.00144294917118, 0.00275382958353, -0.0032041282393, 0.00202512019314, -0.00303958938457, 0.000799353001639, -0.00361417559907, 0.0034646296408, -0.0035714933183, 0.00340390810743, -0.000423477205914], [0.000300310959574, -0.00144294917118, 0.00372909056023, -0.000931819551624, 0.0016837172443, -0.002312930068, 0.00200369535014, -0.000303669279674, 0.00157855497673, -0.00177076726686, 0.00330815883353, -0.00277367047966, 0.00141145009547], [-9.55165596679e-05, 0.00275382958353, -0.000931819551624, 0.00446244189516, -0.00257014646195, 0.00110009871423, -0.000988226383924, 0.000987121136859, -0.00291580753401, 0.00195314735174, -0.00271151494235, 0.00199437397532, 0.000219410416321], [0.000677047239151, -0.0032041282393, 0.0016837172443, -0.00257014646195, 0.0061431992799, -0.00180724833626, 0.00272911367938, -0.00121590262279, 0.00314841233194, -0.00247796485201, 0.00316654494964, -0.00202259444632, 0.00114156131167], [-0.000446417514468, 0.00202512019314, -0.002312930068, 0.00110009871423, -0.00180724833626, 0.00707365432754, -0.002652594354, 0.00110171653796, -0.00135005672928, 0.000915918091778, -0.00342462118715, 0.00201143999584, 0.00082158180885], [0.000318192178383, -0.00303958938457, 0.00200369535014, -0.000988226383924, 0.00272911367938, -0.002652594354, 0.00840626377612, -0.000840858207084, 0.00431620050222, -0.00376723241061, 0.00320332706906, -0.0024162591435, 0.00148332328536], [-0.000879467639606, 0.000799353001639, -0.000303669279674, 0.000987121136859, -0.00121590262279, 0.00110171653796, -0.000840858207084, 0.00778531795368, -0.000770628394093, 0.00015347939916, -0.000958841876127, 0.00104202935472, -0.00184393639211], [0.0002672818664, -0.00361417559907, 0.00157855497673, -0.00291580753401, 0.00314841233194, -0.00135005672928, 0.00431620050222, -0.000770628394093, 0.0110201565549, -0.0031939544715, 0.0039177229628, -0.00464756647125, 0.00266528269276], [-0.000335152988555, 0.0034646296408, -0.00177076726686, 0.00195314735174, -0.00247796485201, 0.000915918091778, -0.00376723241061, 0.00015347939916, -0.0031939544715, 0.0128710269928, -0.00309206987731, 0.00327870552428, -0.00150778819807], [0.000533385900781, -0.0035714933183, 0.00330815883353, -0.00271151494235, 0.00316654494964, -0.00342462118715, 0.00320332706906, -0.000958841876127, 0.0039177229628, -0.00309206987731, 0.0139761855826, -0.00370183493942, 0.000847729097586], [0.000135967129609, 0.00340390810743, -0.00277367047966, 0.00199437397532, -0.00202259444632, 0.00201143999584, -0.0024162591435, 0.00104202935472, -0.00464756647125, 0.00327870552428, -0.00370183493942, 0.0121698519215, 0.000748220540117], [0.000655606389046, -0.000423477205914, 0.00141145009547, 0.000219410416321, 0.00114156131167, 0.00082158180885, 0.00148332328536, -0.00184393639211, 0.00266528269276, -0.00150778819807, 0.000847729097586, 0.000748220540117, 0.00988720078021]]
    },
    "melbands": {
        "dmean": [7.50257549953e-06, 0.000207059871173, 0.000628245354164, 0.000529197393917, 0.000320649967762, 0.000368279172108, 0.00019421397883, 0.000108345964691, 8.04179362603e-05, 4.26136393799e-05, 3.52713941538e-05, 3.28897112922e-05, 2.67863542831e-05, 1.04660075522e-05, 8.63623881742e-06, 6.87986675985e-06, 4.55172585134e-06, 4.57157420897e-06, 4.86303542857e-06, 4.67095014756e-06, 3.37837332154e-06, 3.53180325874e-06, 2.34438880398e-06, 1.74980391421e-06, 1.19427056688e-06, 1.82970109108e-06, 2.08852770811e-06, 3.54215922016e-06, 1.67835810316e-06, 6.89384705765e-07, 9.22017477478e-07, 1.33303751682e-06, 1.48428296143e-06, 1.43484555792e-06, 1.17934314403e-06, 8.28879990422e-07, 5.5292957768e-07, 4.34748102407e-07, 3.51844335e-07, 2.75287874274e-07],
        "dmean2": [1.2131562471e-05, 0.000349322421243, 0.00102269079071, 0.000815680075902, 0.000471028819447, 0.00054935523076, 0.000270799355349, 0.000140470714541, 0.000104753708001, 5.33680249646e-05, 4.32186825492e-05, 4.84947195218e-05, 3.72139948013e-05, 1.64648681675e-05, 1.26072809508e-05, 1.04133105197e-05, 6.84839142195e-06, 7.11067150405e-06, 7.14181851436e-06, 7.34524155632e-06, 5.28504961039e-06, 5.53457721253e-06, 3.66797462448e-06, 2.67816676569e-06, 1.81021391654e-06, 2.57980173046e-06, 3.05632988784e-06, 5.84482359045e-06, 2.72352394859e-06, 1.05417075247e-06, 1.38495670399e-06, 2.08965639104e-06, 2.1505766199e-06, 2.18588229473e-06, 1.69338795786e-06, 1.23094434912e-06, 7.99775762061e-07, 6.43584542104e-07, 5.45695513665e-07, 4.25200738619e-07],
        "dvar": [3.31854876912e-10, 2.710482363e-07, 1.08149572497e-06, 7.06153059582e-07, 2.73108639703e-07, 3.85001953873e-07, 2.85537254285e-07, 1.09070761312e-07, 3.84428808786e-08, 2.27101377703e-08, 1.29605766119e-08, 2.83334209428e-08, 6.57050147623e-09, 6.97786772808e-10, 5.32456634339e-10, 3.45740269747e-10, 1.82616213817e-10, 1.36413366714e-10, 2.21605789275e-10, 1.17193685312e-10, 5.0431953752e-11, 1.4325243769e-10, 4.72518517369e-11, 2.52764528058e-11, 2.16607270315e-11, 9.65211383042e-11, 1.04067483797e-10, 8.13655531839e-10, 1.68881117424e-10, 5.85525855232e-12, 1.32444246542e-11, 2.68219179506e-11, 3.65479903286e-11, 2.42941933931e-11, 1.37677733797e-11, 6.22506777029e-12, 3.00579244654e-12, 2.67535884939e-12, 1.98257924834e-12, 9.5742283459e-13],
        "dvar2": [7.55780826811e-10, 8.95187213246e-07, 2.95564814223e-06, 1.71398107796e-06, 5.48830939806e-07, 9.02687759208e-07, 6.4005985223e-07, 1.63146665955e-07, 6.31160119724e-08, 2.53474770062e-08, 1.28991191062e-08, 5.78349172997e-08, 1.05278594731e-08, 1.83733339654e-09, 9.71405511585e-10, 7.46848527466e-10, 3.03721658934e-10, 3.28964161467e-10, 4.49942111347e-10, 2.50372972355e-10, 1.1613701667e-10, 2.8154945042e-10, 1.09138031945e-10, 6.05083830263e-11, 4.66420513323e-11, 1.84110462986e-10, 1.81984732839e-10, 2.10240069798e-09, 4.70977867817e-10, 1.30718951288e-11, 3.06079640799e-11, 5.89199314338e-11, 7.59126858596e-11, 4.54448562115e-11, 2.43457701915e-11, 1.17192202123e-11, 5.29617539061e-12, 6.38906982875e-12, 4.94621401129e-12, 2.08172563389e-12],
        "max": [0.000257098174188, 0.00735693518072, 0.0115437908098, 0.0145349921659, 0.00895945634693, 0.0083672516048, 0.0106831258163, 0.00838707201183, 0.00341043109074, 0.00434522470459, 0.0037477912847, 0.00474928831682, 0.0031520978082, 0.000391417735955, 0.000713907531463, 0.000400990364142, 0.000393511552829, 0.000214890591451, 0.000369352695998, 0.000150157036842, 0.000132506436785, 0.000373583519831, 0.000116477276606, 7.35675275791e-05, 0.000117015566502, 0.000307979149511, 0.000289843534119, 0.00081255362602, 0.000404094258556, 3.64656589227e-05, 6.06227549724e-05, 9.2918467999e-05, 0.000123928926769, 6.75171177136e-05, 5.39000684512e-05, 3.28413771058e-05, 4.02102305088e-05, 3.14082753903e-05, 3.20011058648e-05, 1.90427454072e-05],
        "mean": [1.84499695024e-05, 0.000545648916159, 0.00173610786442, 0.00168707768898, 0.000949852226768, 0.00108136271592, 0.000613492913544, 0.000299696432194, 0.000238025910221, 0.000116800256365, 0.000157409420353, 7.61345872888e-05, 6.44390456728e-05, 2.03802392207e-05, 1.68140159076e-05, 1.18715797726e-05, 9.89384898276e-06, 7.73817100708e-06, 8.00868474471e-06, 8.41504242999e-06, 6.66501819069e-06, 6.59313627693e-06, 3.71706573787e-06, 2.87045804725e-06, 1.87453872513e-06, 2.6578957204e-06, 3.45195689988e-06, 5.31920295543e-06, 2.29228498938e-06, 1.02289595816e-06, 1.23215249914e-06, 1.94957351596e-06, 2.48076185017e-06, 2.38212578552e-06, 1.95387633539e-06, 1.48947344769e-06, 1.01136140529e-06, 7.48082300106e-07, 5.78919753025e-07, 4.39947939412e-07],
        "median": [6.27591634839e-06, 0.000215053849388, 0.000979279284365, 0.00108703831211, 0.000432262459071, 0.000526706047822, 0.000176440764335, 4.23975579906e-05, 3.42174098478e-05, 2.44509174081e-05, 1.08450585685e-05, 1.07342166302e-05, 1.19775277199e-05, 6.85139775669e-06, 6.46219586997e-06, 4.97306973557e-06, 2.29582906286e-06, 2.26381939683e-06, 2.11587371268e-06, 2.49735626312e-06, 1.90828700397e-06, 1.43717750234e-06, 9.0783981932e-07, 7.80279492574e-07, 4.76300016317e-07, 3.19411554983e-07, 2.56278127608e-07, 2.31608126455e-07, 1.58622512458e-07, 1.05053324262e-07, 9.66215480958e-08, 1.12462046786e-07, 1.36317424904e-07, 2.23884512707e-07, 1.8733587126e-07, 1.4489891953e-07, 1.23312773326e-07, 1.00810936488e-07, 6.38394084262e-08, 3.5798304765e-08],
        "min": [9.4931812411e-11, 3.82437193025e-10, 8.52864390222e-10, 1.34842093047e-09, 1.64673974457e-09, 1.45634559967e-09, 7.83346998379e-10, 1.73583772356e-10, 2.32467309291e-11, 6.31951088681e-11, 1.38358630108e-10, 1.31744712362e-10, 6.46988781994e-11, 2.77532077181e-11, 1.14828709041e-10, 1.80194428823e-10, 3.69756412988e-11, 2.59088184934e-11, 5.92202025265e-12, 1.07021561752e-11, 3.30225881362e-11, 3.00930946828e-11, 1.54017926884e-11, 9.95879507332e-12, 7.10094916895e-12, 1.76932045404e-11, 6.99724566483e-12, 4.07930286772e-12, 4.72994039769e-12, 2.70945904601e-11, 3.45865697193e-11, 2.75698179564e-11, 7.24474230607e-11, 9.51899045698e-11, 5.22976453809e-11, 3.01115452017e-11, 2.66443247673e-12, 2.68220307076e-11, 1.02391792961e-11, 2.23210287059e-11],
        "stdev": [3.06198053295e-05, 0.000889252638444, 0.00183957570698, 0.00187730847392, 0.00123856950086, 0.00135056057479, 0.00104343576822, 0.000739377748687, 0.000538835069165, 0.000389390450437, 0.00053663313156, 0.000318657548632, 0.000236781226704, 3.70957131963e-05, 3.91011490137e-05, 2.46868221438e-05, 3.12689771818e-05, 1.68910646607e-05, 2.17611268454e-05, 1.72149721038e-05, 1.28305300677e-05, 2.33332157222e-05, 8.93011565495e-06, 6.08828486293e-06, 5.64072342968e-06, 1.22274286696e-05, 1.51026260937e-05, 4.20333635702e-05, 1.77456477104e-05, 2.99683392768e-06, 4.33458671978e-06, 7.08447078068e-06, 9.32117745833e-06, 7.48549837226e-06, 5.81864151172e-06, 4.19639854954e-06, 2.76841933555e-06, 2.02161072593e-06, 1.66290237757e-06, 1.34864239953e-06],
        "var": [9.37572575133e-10, 7.90770286585e-07, 3.38403879141e-06, 3.52428696715e-06, 1.53405449055e-06, 1.82401379334e-06, 1.08875826754e-06, 5.46679473246e-07, 2.90343223242e-07, 1.51624931277e-07, 2.8797509799e-07, 1.01542632081e-07, 5.60653496962e-08, 1.37609190709e-09, 1.52889978455e-09, 6.094391658e-10, 9.77748881859e-10, 2.85308054959e-10, 4.7354664634e-10, 2.96355273655e-10, 1.6462249619e-10, 5.44438993888e-10, 7.97469729141e-11, 3.70672138816e-11, 3.18177602321e-11, 1.49510015479e-10, 2.28089311327e-10, 1.76680359232e-09, 3.14908044086e-10, 8.98101384927e-12, 1.87886407821e-11, 5.01897273741e-11, 8.68843469393e-11, 5.6032685436e-11, 3.38565876723e-11, 1.76097626065e-11, 7.66414622738e-12, 4.08691006384e-12, 2.76524441366e-12, 1.81883642262e-12]
    },
    "melbands128": {
